  -1146.51584475
  -1146.87264210    -1146.73708903
0.00013642774125
2 2 2 2 2 2 2 2 2 2 2 2 2 2 2 0 0 0 0 0 0 0 0 0 0 0 0 0 0 0 
1  0.259094  0.527696
2  0.272476  0.513975
3  0.286059  0.595874
4  0.263469  0.282425
5  0.255563  0.273707
6  0.270010  0.276273
7  0.273595  0.279513
8  0.298470  0.715302
9  0.300129  0.840162
10  0.266209  0.301381
11  0.293716  0.770316
12  0.287410  0.386545
13  0.293945  0.581989
14  0.286566  0.351278
15  0.288380  0.301405
16  0.266643  0.543401
17  0.275183  0.540676
18  0.287389  0.580487
19  0.268217  0.308032
20  0.262295  0.278913
21  0.272275  0.278625
22  0.276105  0.281217
23  0.298388  0.679804
24  0.288804  0.402188
25  0.289033  0.301006
26  0.301539  0.829201
27  0.297730  0.604948
28  0.286048  0.341681
29  0.295796  0.781261
30  0.265923  0.281007
1 2  0.530718  1.022545
1 3  0.543867  1.082259
1 4  0.522411  0.807550
1 5  0.514589  0.801165
1 6  0.529066  0.803414
1 7  0.532673  0.806899
1 8  0.542282  1.143662
1 9  0.555058  1.325810
1 10  0.525120  0.828452
1 11  0.548713  1.291012
1 12  0.545811  0.911435
1 13  0.527922  1.076424
1 14  0.543833  0.866700
1 15  0.547357  0.828523
1 16  0.243967  0.892529
1 17  0.534157  1.065574
1 18  0.545442  1.104191
1 19  0.527262  0.834648
1 20  0.521311  0.806507
1 21  0.531070  0.806217
1 22  0.535152  0.808889
1 23  0.545691  1.202760
1 24  0.547639  0.925696
1 25  0.547458  0.828534
1 26  0.554475  1.342908
1 27  0.528716  1.090862
1 28  0.542258  0.868348
1 29  0.549935  1.277210
1 30  0.524767  0.808471
2 3  0.515321  1.078421
2 4  0.535938  0.795049
2 5  0.528036  0.787234
2 6  0.542485  0.790207
2 7  0.546070  0.793486
2 8  0.561274  1.171074
2 9  0.559266  1.343975
2 10  0.538675  0.813099
2 11  0.559953  1.238270
2 12  0.559859  0.898021
2 13  0.565726  1.064754
2 14  0.559038  0.864562
2 15  0.560855  0.814958
2 16  0.538949  1.054918
2 17  0.262092  0.869477
2 18  0.512125  1.042061
2 19  0.540642  0.821910
2 20  0.534736  0.792861
2 21  0.544745  0.792592
2 22  0.548573  0.795185
2 23  0.568774  1.189701
2 24  0.561113  0.915646
2 25  0.561509  0.814972
2 26  0.550567  1.291230
2 27  0.569908  1.115849
2 28  0.558425  0.855463
2 29  0.564960  1.288988
2 30  0.538395  0.794963
3 4  0.549525  0.877485
3 5  0.541616  0.869505
3 6  0.556069  0.871928
3 7  0.559654  0.875257
3 8  0.576937  1.234314
3 9  0.562243  1.338411
3 10  0.552263  0.897071
3 11  0.575825  1.354630
3 12  0.573458  0.980617
3 13  0.579602  1.166685
3 14  0.572607  0.942084
3 15  0.574438  0.897042
3 16  0.551361  1.135079
3 17  0.511648  1.077011
3 18  0.275218  0.984585
3 19  0.554270  0.903784
3 20  0.548346  0.874753
3 21  0.558322  0.874490
3 22  0.562158  0.877086
3 23  0.581698  1.269385
3 24  0.574813  0.997330
3 25  0.575084  0.896861
3 26  0.556515  1.388842
3 27  0.583582  1.196401
3 28  0.571965  0.937263
3 29  0.579025  1.355148
3 30  0.551980  0.876843
4 5  0.518599  0.555765
4 6  0.533433  0.558535
4 7  0.537010  0.561842
4 8  0.561912  0.995099
4 9  0.563595  1.122470
4 10  0.486459  0.547631
4 11  0.557135  1.051160
4 12  0.521661  0.650681
4 13  0.555167  0.858660
4 14  0.546582  0.628364
4 15  0.551786  0.583610
4 16  0.529774  0.825617
4 17  0.538645  0.823066
4 18  0.550849  0.862869
4 19  0.483286  0.548702
4 20  0.524250  0.560022
4 21  0.535743  0.561049
4 22  0.539411  0.563498
4 23  0.561835  0.962113
4 24  0.514469  0.653627
4 25  0.552036  0.583061
4 26  0.564897  1.111407
4 27  0.560917  0.887187
4 28  0.547801  0.622752
4 29  0.559112  1.063598
4 30  0.259856  0.307370
5 6  0.521520  0.545905
5 7  0.523508  0.547159
5 8  0.554026  0.988956
5 9  0.555676  1.112315
5 10  0.521621  0.574580
5 11  0.549205  1.040815
5 12  0.541239  0.655782
5 13  0.548768  0.854062
5 14  0.517327  0.602755
5 15  0.524668  0.556820
5 16  0.522168  0.816978
5 17  0.530734  0.814350
5 18  0.542952  0.854164
5 19  0.523440  0.581397
5 20  0.242899  0.286950
5 21  0.526924  0.551273
5 22  0.528087  0.551672
5 23  0.553949  0.953473
5 24  0.542069  0.674333
5 25  0.519020  0.549444
5 26  0.557056  1.102783
5 27  0.553060  0.878299
5 28  0.509549  0.585795
5 29  0.551231  1.054865
5 30  0.519946  0.553310
6 7  0.496805  0.510076
6 8  0.568477  0.991182
6 9  0.570135  1.116063
6 10  0.536182  0.577587
6 11  0.563714  1.046533
6 12  0.557367  0.662663
6 13  0.563729  0.857937
6 14  0.552672  0.622782
6 15  0.529565  0.549826
6 16  0.536352  0.819567
6 17  0.545188  0.816940
6 18  0.557386  0.856750
6 19  0.538177  0.584270
6 20  0.531327  0.554113
6 21  0.268014  0.284810
6 22  0.493777  0.506059
6 23  0.568364  0.956064
6 24  0.558394  0.678099
6 25  0.521280  0.539819
6 26  0.571532  1.105463
6 27  0.566848  0.880745
6 28  0.554685  0.616906
6 29  0.565805  1.057518
6 30  0.535907  0.557253
7 8  0.572064  0.994628
7 9  0.573722  1.119279
7 10  0.539768  0.580845
7 11  0.567303  1.049640
7 12  0.560889  0.665530
7 13  0.567502  0.861486
7 14  0.557855  0.628336
7 15  0.531921  0.552261
7 16  0.540188  0.822890
7 17  0.548773  0.820184
7 18  0.560980  0.859996
7 19  0.541807  0.587532
7 20  0.532115  0.554987
7 21  0.493148  0.506060
7 22  0.269611  0.284382
7 23  0.571976  0.959311
7 24  0.561738  0.681216
7 25  0.523964  0.542282
7 26  0.575133  1.108704
7 27  0.571113  0.884331
7 28  0.558847  0.620530
7 29  0.569369  1.060762
7 30  0.539325  0.560345
8 9  0.571796  1.494666
8 10  0.564635  1.015412
8 11  0.557247  1.453780
8 12  0.585792  1.100577
8 13  0.588546  1.256056
8 14  0.584928  1.058337
8 15  0.586840  1.016000
8 16  0.554300  1.252645
8 17  0.571016  1.250195
8 18  0.583083  1.288889
8 19  0.566675  1.022984
8 20  0.560760  0.994171
8 21  0.570702  0.993909
8 22  0.574562  0.996509
8 23  0.359362  1.259053
8 24  0.587099  1.115797
8 25  0.587451  1.016273
8 26  0.566620  1.469127
8 27  0.593682  1.307835
8 28  0.584014  1.056567
8 29  0.555291  1.436116
8 30  0.564381  0.996183
9 10  0.566332  1.139257
9 11  0.567953  1.494673
9 12  0.587463  1.209298
9 13  0.592856  1.407046
9 14  0.586587  1.181351
9 15  0.588505  1.141528
9 16  0.560953  1.370415
9 17  0.554825  1.327418
9 18  0.555211  1.383883
9 19  0.568276  1.147710
9 20  0.562388  1.118936
9 21  0.572389  1.118775
9 22  0.576234  1.121371
9 23  0.568645  1.467045
9 24  0.588850  1.240684
9 25  0.589102  1.141106
9 26  0.396903  1.578523
9 27  0.593940  1.422684
9 28  0.586081  1.181183
9 29  0.561113  1.555213
9 30  0.565998  1.120952
10 11  0.559739  1.063022
10 12  0.523054  0.659183
10 13  0.556496  0.869437
10 14  0.550956  0.650775
10 15  0.554520  0.602169
10 16  0.532796  0.843764
10 17  0.541318  0.841951
10 18  0.553592  0.881778
10 19  0.262042  0.361063
10 20  0.528214  0.579958
10 21  0.538406  0.579951
10 22  0.542308  0.582583
10 23  0.564592  0.980914
10 24  0.515629  0.673516
10 25  0.554837  0.602082
10 26  0.567603  1.130156
10 27  0.561708  0.905400
10 28  0.551880  0.641880
10 29  0.561272  1.082343
10 30  0.483108  0.540441
11 12  0.580266  1.130812
11 13  0.575919  1.261390
11 14  0.579947  1.119112
11 15  0.582083  1.071033
11 16  0.554007  1.273764
11 17  0.565527  1.304590
11 18  0.577931  1.329105
11 19  0.561322  1.078040
11 20  0.555559  1.049102
11 21  0.565991  1.048929
11 22  0.569781  1.051517
11 23  0.551124  1.378513
11 24  0.581150  1.171054
11 25  0.582641  1.071292
11 26  0.563768  1.555191
11 27  0.577425  1.363024
11 28  0.579637  1.111515
11 29  0.365388  1.433744
11 30  0.559499  1.051243
12 13  0.570499  0.947498
12 14  0.564035  0.726556
12 15  0.575314  0.687056
12 16  0.553675  0.926416
12 17  0.562380  0.926746
12 18  0.574710  0.966479
12 19  0.515434  0.663889
12 20  0.547100  0.663745
12 21  0.559446  0.664963
12 22  0.562920  0.667350
12 23  0.585667  1.065329
12 24  0.350635  0.612808
12 25  0.576249  0.687381
12 26  0.588879  1.214317
12 27  0.568507  0.973949
12 28  0.558213  0.711801
12 29  0.581806  1.166654
12 30  0.515264  0.636655
13 14  0.570220  0.926302
13 15  0.581222  0.880393
13 16  0.532065  1.079864
13 17  0.568674  1.119413
13 18  0.581189  1.158799
13 19  0.560160  0.889016
13 20  0.555921  0.860550
13 21  0.565339  0.860127
13 22  0.569761  0.863030
13 23  0.589648  1.249671
13 24  0.566664  0.968439
13 25  0.581910  0.882351
13 26  0.591254  1.390173
13 27  0.346852  1.057160
13 28  0.563760  0.908900
13 29  0.577183  1.353037
13 30  0.559561  0.862807
14 15  0.563694  0.643098
14 16  0.549990  0.893734
14 17  0.561665  0.891691
14 18  0.573809  0.931398
14 19  0.554372  0.657891
14 20  0.515704  0.600220
14 21  0.557276  0.628697
14 22  0.561950  0.631940
14 23  0.584544  1.030632
14 24  0.559552  0.734855
14 25  0.556009  0.634419
14 26  0.587985  1.179715
14 27  0.568049  0.941194
14 28  0.334584  0.484375
14 29  0.582261  1.131943
14 30  0.550627  0.630850
15 16  0.554437  0.844650
15 17  0.563563  0.842070
15 18  0.575751  0.881874
15 19  0.556208  0.609166
15 20  0.525129  0.554919
15 21  0.522847  0.542597
15 22  0.523730  0.542329
15 23  0.586713  0.981181
15 24  0.577090  0.703505
15 25  0.352564  0.386072
15 26  0.589840  1.130551
15 27  0.584926  0.905683
15 28  0.554914  0.624774
15 29  0.584130  1.082645
15 30  0.553978  0.582135
16 17  0.540841  1.067123
16 18  0.552412  1.082996
16 19  0.534681  0.850956
16 20  0.528837  0.822019
16 21  0.538869  0.821494
16 22  0.542723  0.824266
16 23  0.546463  1.121473
16 24  0.554322  0.943562
16 25  0.555520  0.843840
16 26  0.563582  1.335486
16 27  0.538018  1.114750
16 28  0.550857  0.875320
16 29  0.558511  1.315816
16 30  0.532457  0.822942
17 18  0.518183  1.093302
17 19  0.543392  0.845688
17 20  0.537476  0.819118
17 21  0.547458  0.819269
17 22  0.551288  0.821889
17 23  0.563812  1.173572
17 24  0.563949  0.936932
17 25  0.564216  0.841380
17 26  0.561194  1.347463
17 27  0.572099  1.106742
17 28  0.561226  0.882180
17 29  0.564133  1.251979
17 30  0.541102  0.820468
18 19  0.555602  0.888353
18 20  0.549677  0.859332
18 21  0.559664  0.858931
18 22  0.563494  0.861576
18 23  0.578097  1.186759
18 24  0.576177  0.981564
18 25  0.576422  0.881296
18 26  0.565999  1.334853
18 27  0.584517  1.173987
18 28  0.573423  0.918933
18 29  0.577929  1.349875
18 30  0.553310  0.861122
19 20  0.530265  0.586366
19 21  0.540470  0.586589
19 22  0.544293  0.589211
19 23  0.566577  0.987054
19 24  0.526746  0.679320
19 25  0.557187  0.608479
19 26  0.569743  1.133144
19 27  0.561837  0.896899
19 28  0.551828  0.647420
19 29  0.563791  1.078505
19 30  0.490134  0.552089
20 21  0.529367  0.552454
20 22  0.532302  0.553746
20 23  0.560678  0.958669
20 24  0.548773  0.676008
20 25  0.530560  0.560309
20 26  0.563815  1.106458
20 27  0.558848  0.882159
20 28  0.522456  0.596448
20 29  0.558018  1.057593
20 30  0.527615  0.559375
21 22  0.500998  0.513626
21 23  0.570660  0.958085
21 24  0.561017  0.680747
21 25  0.532179  0.551218
21 26  0.573811  1.107577
21 27  0.569680  0.883083
21 28  0.554110  0.615342
21 29  0.568059  1.059865
21 30  0.538171  0.559520
22 23  0.574491  0.960790
22 24  0.564799  0.683022
22 25  0.535465  0.553997
22 26  0.577642  1.110108
22 27  0.573746  0.886118
22 28  0.559213  0.619875
22 29  0.571893  1.062407
22 30  0.541995  0.562145
23 24  0.587094  1.080786
23 25  0.587415  0.980349
23 26  0.574552  1.457227
23 27  0.592658  1.249719
23 28  0.584336  1.016265
23 29  0.556350  1.425864
23 30  0.564296  0.959527
24 25  0.576967  0.701800
24 26  0.590201  1.210313
24 27  0.574658  0.976264
24 28  0.564894  0.733044
24 29  0.583418  1.150695
24 30  0.525652  0.665850
25 26  0.590568  1.130175
25 27  0.585349  0.902895
25 28  0.564418  0.633406
25 29  0.584817  1.081736
25 30  0.554868  0.581852
26 27  0.597866  1.411015
26 28  0.587463  1.162225
26 29  0.572786  1.490444
26 30  0.567460  1.109959
27 28  0.573395  0.941233
27 29  0.581450  1.274380
27 30  0.560634  0.879980
28 29  0.581357  1.120186
28 30  0.548155  0.617959
29 30  0.561656  1.059972
