  -1146.51584475
  -1146.87604721    -1146.74476566
0.00007693898818
2 2 2 2 2 2 2 2 2 2 2 2 2 2 2 0 0 0 0 0 0 0 0 0 0 0 0 0 0 0 
1  0.267378  0.539118
2  0.277682  0.479270
3  0.289616  0.552300
4  0.270391  0.322051
5  0.259853  0.321384
6  0.272466  0.298351
7  0.275728  0.300638
8  0.307233  0.667921
9  0.306809  0.771705
10  0.272557  0.343195
11  0.302105  0.725540
12  0.295342  0.474410
13  0.305233  0.637400
14  0.296116  0.456737
15  0.291662  0.338345
16  0.275658  0.550839
17  0.280590  0.503701
18  0.290698  0.539341
19  0.274695  0.350864
20  0.266859  0.327057
21  0.274737  0.300402
22  0.278286  0.299858
23  0.306629  0.632383
24  0.296717  0.491826
25  0.292284  0.338141
26  0.308507  0.763658
27  0.309450  0.660936
28  0.295517  0.443992
29  0.304013  0.735721
30  0.272564  0.315754
1 2  0.544073  1.001751
1 3  0.555473  1.053180
1 4  0.537580  0.854598
1 5  0.527149  0.859346
1 6  0.539788  0.835504
1 7  0.543085  0.838751
1 8  0.557663  1.112983
1 9  0.569684  1.271068
1 10  0.539726  0.880600
1 11  0.565259  1.259063
1 12  0.561951  1.007803
1 13  0.547033  1.136845
1 14  0.561491  0.971907
1 15  0.558879  0.875890
1 16  0.258607  0.910402
1 17  0.547818  1.040491
1 18  0.556867  1.075802
1 19  0.542010  0.888739
1 20  0.534182  0.865807
1 21  0.541723  0.839394
1 22  0.545590  0.838927
1 23  0.561189  1.167978
1 24  0.563802  1.025914
1 25  0.558913  0.877059
1 26  0.569645  1.290293
1 27  0.548509  1.163447
1 28  0.559681  0.981957
1 29  0.566523  1.245500
1 30  0.539618  0.854597
2 3  0.524020  1.002129
2 4  0.548064  0.799567
2 5  0.537529  0.799866
2 6  0.550147  0.777513
2 7  0.553409  0.779885
2 8  0.573960  1.098828
2 9  0.571076  1.243476
2 10  0.550221  0.819414
2 11  0.572903  1.167176
2 12  0.572977  0.950736
2 13  0.581928  1.087263
2 14  0.573791  0.934616
2 15  0.569342  0.816654
2 16  0.553151  1.028197
2 17  0.271247  0.783316
2 18  0.520977  0.972033
2 19  0.552302  0.829952
2 20  0.544472  0.806192
2 21  0.552402  0.779643
2 22  0.555957  0.779106
2 23  0.581906  1.108891
2 24  0.574133  0.970266
2 25  0.569963  0.817341
2 26  0.562590  1.198629
2 27  0.586720  1.137455
2 28  0.573021  0.922705
2 29  0.577969  1.211181
2 30  0.550241  0.794940
3 4  0.560003  0.872109
3 5  0.549461  0.873136
3 6  0.562081  0.849861
3 7  0.565344  0.852505
3 8  0.589041  1.157769
3 9  0.572236  1.244130
3 10  0.562167  0.894893
3 11  0.587662  1.269590
3 12  0.584949  1.023485
3 13  0.594282  1.176945
3 14  0.585712  0.999082
3 15  0.581276  0.889979
3 16  0.563814  1.100306
3 17  0.520985  1.003394
3 18  0.281228  0.886379
3 19  0.564305  0.902925
3 20  0.556461  0.879163
3 21  0.564322  0.852656
3 22  0.567891  0.852128
3 23  0.593290  1.181076
3 24  0.586249  1.042901
3 25  0.581870  0.890327
3 26  0.566661  1.284328
3 27  0.598837  1.209214
3 28  0.584865  0.995340
3 29  0.590776  1.269355
3 30  0.562178  0.867922
4 5  0.529774  0.642563
4 6  0.542790  0.619528
4 7  0.546051  0.622218
4 8  0.577592  0.984730
4 9  0.577198  1.092545
4 10  0.498137  0.631794
4 11  0.572423  1.046551
4 12  0.536018  0.781251
4 13  0.573008  0.949625
4 14  0.562727  0.767084
4 15  0.561986  0.659837
4 16  0.545664  0.872580
4 17  0.550975  0.825627
4 18  0.561083  0.861235
4 19  0.495411  0.630481
4 20  0.535740  0.647858
4 21  0.545128  0.622447
4 22  0.548502  0.621788
4 23  0.576992  0.954134
4 24  0.528458  0.780638
4 25  0.562200  0.659822
4 26  0.578794  1.085238
4 27  0.579433  0.982333
4 28  0.564111  0.765084
4 29  0.574246  1.057509
4 30  0.270698  0.392889
5 6  0.527997  0.614606
5 7  0.529603  0.613405
5 8  0.567077  0.988858
5 9  0.566646  1.088328
5 10  0.532240  0.663453
5 11  0.561848  1.039241
5 12  0.553188  0.782930
5 13  0.564203  0.954599
5 14  0.530726  0.753851
5 15  0.532052  0.642888
5 16  0.535473  0.871728
5 17  0.540414  0.824909
5 18  0.550548  0.860547
5 19  0.534216  0.671652
5 20  0.250911  0.398401
5 21  0.533597  0.620151
5 22  0.534446  0.618611
5 23  0.566479  0.953537
5 24  0.554372  0.812372
5 25  0.526657  0.633966
5 26  0.568306  1.084448
5 27  0.568972  0.980460
5 28  0.523483  0.736917
5 29  0.563656  1.056529
5 30  0.530920  0.635968
6 7  0.501619  0.556315
6 8  0.579694  0.965029
6 9  0.579271  1.068572
6 10  0.544968  0.641255
6 11  0.574555  1.023503
6 12  0.567735  0.772049
6 13  0.577431  0.934881
6 14  0.564313  0.746104
6 15  0.535286  0.610653
6 16  0.547729  0.849067
6 17  0.553043  0.802017
6 18  0.563138  0.837650
6 19  0.547093  0.649176
6 20  0.538248  0.623920
6 21  0.272449  0.339361
6 22  0.498780  0.549415
6 23  0.579049  0.930657
6 24  0.568724  0.789770
6 25  0.527000  0.598648
6 26  0.580951  1.061899
6 27  0.580862  0.958736
6 28  0.566538  0.741679
6 29  0.576477  1.033975
6 30  0.545003  0.614078
7 8  0.582959  0.967994
7 9  0.582536  1.070879
7 10  0.548231  0.643729
7 11  0.577823  1.025166
7 12  0.570933  0.772554
7 13  0.580902  0.937911
7 14  0.569313  0.752788
7 15  0.537427  0.612552
7 16  0.551323  0.851429
7 17  0.556310  0.804308
7 18  0.566418  0.839947
7 19  0.550413  0.651437
7 20  0.538709  0.624941
7 21  0.498066  0.550889
7 22  0.273548  0.334214
7 23  0.582349  0.932962
7 24  0.571732  0.792145
7 25  0.529381  0.600639
7 26  0.584234  1.064190
7 27  0.584902  0.961191
7 28  0.570413  0.743942
7 29  0.579723  1.036257
7 30  0.548088  0.616251
8 9  0.586946  1.391682
8 10  0.579742  1.008750
8 11  0.573893  1.371072
8 12  0.602483  1.139316
8 13  0.608408  1.264125
8 14  0.603217  1.109281
8 15  0.598879  1.004649
8 16  0.570699  1.214451
8 17  0.584806  1.167510
8 18  0.595053  1.203123
8 19  0.581916  1.018265
8 20  0.574043  0.994708
8 21  0.581896  0.968238
8 22  0.585497  0.967725
8 23  0.374260  1.157995
8 24  0.603776  1.157309
8 25  0.599444  1.005875
8 26  0.582003  1.367822
8 27  0.614018  1.318881
8 28  0.602208  1.110433
8 29  0.571725  1.349513
8 30  0.579781  0.983420
9 10  0.579359  1.112868
9 11  0.581832  1.403080
9 12  0.602049  1.221744
9 13  0.610772  1.397247
9 14  0.602793  1.207522
9 15  0.598466  1.109752
9 16  0.576430  1.311345
9 17  0.566893  1.230141
9 18  0.565003  1.278697
9 19  0.581406  1.121818
9 20  0.573640  1.098174
9 21  0.581520  1.071997
9 22  0.585094  1.071484
9 23  0.583313  1.359805
9 24  0.603427  1.260521
9 25  0.599008  1.109532
9 26  0.408959  1.445422
9 27  0.612113  1.412137
9 28  0.602197  1.213009
9 29  0.574844  1.452177
9 30  0.579317  1.087060
10 11  0.574445  1.058686
10 12  0.537001  0.789745
10 13  0.573781  0.957992
10 14  0.566649  0.796821
10 15  0.564140  0.679168
10 16  0.548149  0.892963
10 17  0.553043  0.846690
10 18  0.563240  0.882346
10 19  0.272628  0.457189
10 20  0.539114  0.669522
10 21  0.547221  0.643566
10 22  0.550838  0.642999
10 23  0.579179  0.975184
10 24  0.529374  0.804468
10 25  0.564389  0.681111
10 26  0.580905  1.106171
10 27  0.579704  1.003460
10 28  0.567561  0.784444
10 29  0.575829  1.078340
10 30  0.494802  0.615763
11 12  0.596482  1.165758
11 13  0.594840  1.281585
11 14  0.597808  1.175431
11 15  0.593748  1.062142
11 16  0.571313  1.239728
11 17  0.578914  1.225337
11 18  0.589637  1.246173
11 19  0.576143  1.075798
11 20  0.568370  1.052092
11 21  0.576838  1.025863
11 22  0.580356  1.025327
11 23  0.567213  1.294880
11 24  0.597421  1.214372
11 25  0.594305  1.063478
11 26  0.578043  1.452509
11 27  0.597114  1.373382
11 28  0.597468  1.168031
11 29  0.380604  1.347619
11 30  0.574534  1.041080
12 13  0.589166  1.085688
12 14  0.580510  0.912326
12 15  0.586438  0.809817
12 16  0.570558  1.020828
12 17  0.575594  0.977287
12 18  0.585899  1.012759
12 19  0.529384  0.794139
12 20  0.559574  0.800451
12 21  0.569789  0.774494
12 22  0.572969  0.773981
12 23  0.601827  1.105168
12 24  0.365447  0.816943
12 25  0.587445  0.812277
12 26  0.603737  1.235119
12 27  0.587897  1.109655
12 28  0.574713  0.897307
12 29  0.598000  1.207593
12 30  0.529255  0.757987
13 14  0.589869  1.082224
13 15  0.595673  0.967351
13 16  0.552191  1.149142
13 17  0.585357  1.138134
13 18  0.595761  1.173367
13 19  0.577740  0.987489
13 20  0.571665  0.962472
13 21  0.578949  0.937306
13 22  0.583167  0.936896
13 23  0.609160  1.260052
13 24  0.585467  1.105804
13 25  0.596566  0.975048
13 26  0.609327  1.381614
13 27  0.368268  1.183738
13 28  0.583172  1.054776
13 29  0.596274  1.362174
13 30  0.577371  0.952494
14 15  0.576113  0.786307
14 16  0.568290  1.006423
14 17  0.576569  0.959719
14 18  0.586543  0.995076
14 19  0.570265  0.804814
14 20  0.530075  0.755222
14 21  0.569206  0.756303
14 22  0.573628  0.756059
14 23  0.602285  1.087563
14 24  0.576369  0.924711
14 25  0.568800  0.776389
14 26  0.604443  1.217607
14 27  0.587967  1.091046
14 28  0.352250  0.723686
14 29  0.600013  1.190604
14 30  0.566773  0.771528
15 16  0.566615  0.889013
15 17  0.572250  0.841964
15 18  0.582330  0.877585
15 19  0.565965  0.689024
15 20  0.533126  0.639594
15 21  0.528600  0.601332
15 22  0.529247  0.597983
15 23  0.598215  0.970566
15 24  0.588288  0.830002
15 25  0.358589  0.477583
15 26  0.600073  1.101705
15 27  0.599979  0.998765
15 28  0.567733  0.763293
15 29  0.595633  1.073858
15 30  0.563909  0.653843
16 17  0.555030  1.039686
16 18  0.564613  1.052870
16 19  0.550137  0.900240
16 20  0.542387  0.876622
16 21  0.550322  0.849279
16 22  0.553906  0.849711
16 23  0.561742  1.088969
16 24  0.571157  1.038602
16 25  0.567751  0.887319
16 26  0.579319  1.281176
16 27  0.558102  1.170627
16 28  0.569095  0.973823
16 29  0.575607  1.279622
16 30  0.548094  0.862148
17 18  0.526858  1.016436
17 19  0.555262  0.850415
17 20  0.547444  0.829849
17 21  0.555326  0.803992
17 22  0.558875  0.803535
17 23  0.576282  1.096897
17 24  0.577227  0.988799
17 25  0.572872  0.840979
17 26  0.573401  1.249573
17 27  0.588911  1.128213
17 28  0.576094  0.946961
17 29  0.576985  1.182309
17 30  0.553143  0.818051
18 19  0.565385  0.889674
18 20  0.557548  0.865840
18 21  0.565434  0.839049
18 22  0.568983  0.838820
18 23  0.589257  1.112549
18 24  0.587395  1.029106
18 25  0.582980  0.876874
18 26  0.575981  1.241895
18 27  0.599437  1.187304
18 28  0.586193  0.976030
18 29  0.589255  1.266241
18 30  0.563256  0.853783
19 20  0.541283  0.676564
19 21  0.549399  0.650934
19 22  0.552941  0.650620
19 23  0.581289  0.981723
19 24  0.540626  0.809798
19 25  0.566900  0.686717
19 26  0.583184  1.110367
19 27  0.579611  0.985621
19 28  0.567595  0.792013
19 29  0.578440  1.073175
19 30  0.501840  0.633166
20 21  0.536141  0.621850
20 22  0.538715  0.618255
20 23  0.573484  0.958836
20 24  0.560923  0.804760
20 25  0.538241  0.647269
20 26  0.575349  1.085444
20 27  0.574888  0.983699
20 28  0.536111  0.744356
20 29  0.570807  1.056484
20 30  0.538769  0.641661
21 22  0.505941  0.557583
21 23  0.581361  0.931625
21 24  0.571377  0.792001
21 25  0.537841  0.611197
21 26  0.583239  1.063033
21 27  0.583801  0.959917
21 28  0.565677  0.735590
21 29  0.578734  1.035966
21 30  0.547257  0.615531
22 23  0.584912  0.931638
22 24  0.574869  0.789703
22 25  0.540933  0.612000
22 26  0.586791  1.062274
22 27  0.587615  0.960680
22 28  0.570633  0.738906
22 29  0.582290  1.034990
22 30  0.550809  0.615224
23 24  0.603227  1.121636
23 25  0.598905  0.969363
23 26  0.589531  1.355657
23 27  0.612490  1.258801
23 28  0.602038  1.064963
23 29  0.572381  1.342902
23 30  0.579175  0.945086
24 25  0.588012  0.825900
24 26  0.605050  1.227410
24 27  0.593794  1.114409
24 28  0.581432  0.918421
24 29  0.599406  1.186709
24 30  0.539701  0.793413
25 26  0.600784  1.101520
25 27  0.600156  0.990240
25 28  0.576790  0.773588
25 29  0.596274  1.072228
25 30  0.564748  0.653571
26 27  0.616433  1.406094
26 28  0.603857  1.189214
26 29  0.586955  1.400635
26 30  0.581066  1.079066
27 28  0.593379  1.095504
27 29  0.600569  1.294307
27 30  0.578623  0.967679
28 29  0.598878  1.173102
28 30  0.563987  0.750112
29 30  0.576475  1.049897
