  -1146.51584475
  -1146.87859700    -1146.75072138
0.00000547139519
2 2 2 2 2 2 2 2 2 2 2 2 2 2 2 0 0 0 0 0 0 0 0 0 0 0 0 0 0 0 
1  0.273854  0.532805
2  0.280055  0.442551
3  0.291536  0.502805
4  0.278504  0.370545
5  0.264013  0.387124
6  0.274577  0.328973
7  0.277465  0.331453
8  0.312172  0.611645
9  0.310549  0.690004
10  0.279887  0.388085
11  0.307669  0.670571
12  0.303762  0.550293
13  0.315299  0.679899
14  0.306243  0.561389
15  0.295856  0.386630
16  0.282336  0.544502
17  0.282998  0.464601
18  0.292815  0.492787
19  0.282155  0.393198
20  0.271398  0.392053
21  0.276957  0.330478
22  0.280105  0.326686
23  0.311412  0.578751
24  0.305048  0.568809
25  0.296414  0.385750
26  0.312085  0.687122
27  0.319352  0.701935
28  0.305404  0.546490
29  0.309596  0.679196
30  0.280749  0.360658
1 2  0.552811  0.961587
1 3  0.563785  1.004275
1 4  0.552138  0.892261
1 5  0.537751  0.917737
1 6  0.548322  0.857495
1 7  0.551265  0.862354
1 8  0.567817  1.061737
1 9  0.579620  1.189945
1 10  0.553496  0.917447
1 11  0.577234  1.199245
1 12  0.576791  1.075871
1 13  0.563083  1.167177
1 14  0.577470  1.059591
1 15  0.569502  0.916133
1 16  0.270445  0.890831
1 17  0.556692  0.995640
1 18  0.565302  1.024089
1 19  0.555924  0.924869
1 20  0.545149  0.923833
1 21  0.550257  0.863062
1 22  0.553862  0.859379
1 23  0.571942  1.108736
1 24  0.578566  1.096063
1 25  0.569273  0.918203
1 26  0.579556  1.209861
1 27  0.564887  1.204673
1 28  0.575859  1.077584
1 29  0.578615  1.187358
1 30  0.554219  0.893038
2 3  0.528087  0.916377
2 4  0.558534  0.811013
2 5  0.544055  0.828226
2 6  0.554631  0.771316
2 7  0.557520  0.773901
2 8  0.580936  1.015395
2 9  0.577224  1.126221
2 10  0.559902  0.826868
2 11  0.580582  1.083345
2 12  0.583755  0.989657
2 13  0.594227  1.096411
2 14  0.586286  1.002116
2 15  0.575905  0.827173
2 16  0.562187  0.985682
2 17  0.275528  0.692427
2 18  0.525580  0.892651
2 19  0.562081  0.835508
2 20  0.551373  0.834315
2 21  0.556975  0.772964
2 22  0.560135  0.769180
2 23  0.588993  1.019197
2 24  0.584700  1.010449
2 25  0.576466  0.828132
2 26  0.568599  1.092095
2 27  0.598924  1.142428
2 28  0.585201  0.988184
2 29  0.585842  1.119303
2 30  0.560794  0.803025
3 4  0.570032  0.869493
3 5  0.555531  0.888789
3 6  0.566111  0.830097
3 7  0.569000  0.833443
3 8  0.595751  1.066484
3 9  0.578004  1.130447
3 10  0.571410  0.889645
3 11  0.595052  1.167822
3 12  0.595291  1.049684
3 13  0.606195  1.169971
3 14  0.597746  1.051272
3 15  0.587384  0.888155
3 16  0.572240  1.045690
3 17  0.525420  0.919778
3 18  0.284864  0.775385
3 19  0.573678  0.895689
3 20  0.562909  0.894435
3 21  0.568418  0.833177
3 22  0.571608  0.829416
3 23  0.599946  1.079634
3 24  0.596470  1.070184
3 25  0.587906  0.888306
3 26  0.572214  1.161077
3 27  0.610647  1.201716
3 28  0.596546  1.047894
3 29  0.598305  1.167222
3 30  0.572283  0.863174
4 5  0.541992  0.755462
4 6  0.552993  0.697067
4 7  0.555883  0.700575
4 8  0.590635  0.974342
4 9  0.589047  1.057546
4 10  0.511989  0.726471
4 11  0.586066  1.040238
4 12  0.551290  0.904845
4 13  0.590761  1.036103
4 14  0.580632  0.910784
4 15  0.574276  0.756222
4 16  0.560380  0.914575
4 17  0.561490  0.834906
4 18  0.571315  0.863013
4 19  0.509550  0.720590
4 20  0.548379  0.761492
4 21  0.555459  0.700994
4 22  0.558411  0.697125
4 23  0.589860  0.948827
4 24  0.543478  0.902388
4 25  0.574444  0.755917
4 26  0.590468  1.057014
4 27  0.597311  1.070932
4 28  0.581970  0.916375
4 29  0.587919  1.049270
4 30  0.284355  0.496774
5 6  0.534233  0.708802
5 7  0.535459  0.704876
5 8  0.576160  0.997764
5 9  0.574538  1.068238
5 10  0.543686  0.773553
5 11  0.571515  1.043141
5 12  0.565456  0.911774
5 13  0.578139  1.058376
5 14  0.544979  0.917166
5 15  0.540413  0.757156
5 16  0.546287  0.930235
5 17  0.546944  0.851370
5 18  0.556824  0.879506
5 19  0.545805  0.779353
5 20  0.258912  0.547495
5 21  0.539964  0.715457
5 22  0.540419  0.711980
5 23  0.575419  0.965346
5 24  0.566654  0.955249
5 25  0.535086  0.747843
5 26  0.575999  1.073041
5 27  0.582964  1.084335
5 28  0.537605  0.906033
5 29  0.573232  1.065045
5 30  0.543287  0.746850
6 7  0.505552  0.620845
6 8  0.586739  0.938142
6 9  0.585119  1.015760
6 10  0.554396  0.716162
6 11  0.582220  0.998491
6 12  0.578264  0.877661
6 13  0.589535  1.006932
6 14  0.576336  0.874009
6 15  0.541551  0.691923
6 16  0.556378  0.873267
6 17  0.557544  0.793496
6 18  0.567334  0.821660
6 19  0.556662  0.722092
6 20  0.544878  0.719234
6 21  0.276443  0.412687
6 22  0.502915  0.610454
6 23  0.585916  0.907539
6 24  0.579155  0.897126
6 25  0.533332  0.676861
6 26  0.586632  1.015801
6 27  0.592720  1.029858
6 28  0.578510  0.875107
6 29  0.584171  1.007895
6 30  0.555295  0.689589
7 8  0.589632  0.942132
7 9  0.588012  1.018185
7 10  0.557266  0.719324
7 11  0.585125  0.999115
7 12  0.581080  0.875358
7 13  0.592678  1.010744
7 14  0.581044  0.883764
7 15  0.543561  0.693943
7 16  0.559727  0.875817
7 17  0.560445  0.795971
7 18  0.570263  0.824153
7 19  0.559603  0.724481
7 20  0.544979  0.721613
7 21  0.502237  0.614569
7 22  0.276917  0.404759
7 23  0.588870  0.910043
7 24  0.581673  0.899925
7 25  0.535430  0.679712
7 26  0.589550  1.018272
7 27  0.596525  1.032196
7 28  0.582002  0.877187
7 29  0.587050  1.010320
7 30  0.557987  0.691993
8 9  0.595412  1.265177
8 10  0.592000  0.996133
8 11  0.584232  1.265489
8 12  0.615828  1.158176
8 13  0.623324  1.252586
8 14  0.618236  1.153017
8 15  0.608006  0.995284
8 16  0.581745  1.152977
8 17  0.592053  1.073141
8 18  0.602032  1.102080
8 19  0.594315  1.004253
8 20  0.583528  1.003080
8 21  0.588987  0.941928
8 22  0.592231  0.938192
8 23  0.382770  1.038052
8 24  0.617002  1.177613
8 25  0.608494  0.996978
8 26  0.590419  1.244979
8 27  0.628743  1.306542
8 28  0.616994  1.155659
8 29  0.582066  1.243193
8 30  0.592889  0.971815
9 10  0.590423  1.076561
9 11  0.590650  1.288639
9 12  0.614170  1.214455
9 13  0.624549  1.361598
9 14  0.616596  1.223463
9 15  0.606391  1.075962
9 16  0.586781  1.225751
9 17  0.573094  1.116642
9 18  0.570900  1.153116
9 19  0.592563  1.082383
9 20  0.581896  1.080858
9 21  0.587445  1.020203
9 22  0.590645  1.016461
9 23  0.591627  1.231113
9 24  0.615458  1.255337
9 25  0.606827  1.075126
9 26  0.416009  1.280479
9 27  0.625592  1.375470
9 28  0.615776  1.232436
9 29  0.583708  1.322179
9 30  0.591238  1.050059
10 11  0.587298  1.048497
10 12  0.552125  0.911027
10 13  0.590768  1.036579
10 14  0.583889  0.943748
10 15  0.575642  0.769419
10 16  0.562130  0.931687
10 17  0.562728  0.852392
10 18  0.572681  0.880599
10 19  0.284192  0.550596
10 20  0.550951  0.778859
10 21  0.556764  0.718513
10 22  0.559982  0.714645
10 23  0.591291  0.966386
10 24  0.544383  0.924643
10 25  0.575795  0.773643
10 26  0.591763  1.074436
10 27  0.596869  1.089237
10 28  0.584666  0.931002
10 29  0.588675  1.066539
10 30  0.508661  0.703055
11 12  0.610323  1.182684
11 13  0.609959  1.279845
11 14  0.613313  1.221360
11 15  0.603494  1.053309
11 16  0.583590  1.184167
11 17  0.586783  1.132680
11 18  0.597298  1.148409
11 19  0.589110  1.063029
11 20  0.578214  1.061600
11 21  0.584621  1.000836
11 22  0.587737  0.997048
11 23  0.577305  1.194114
11 24  0.611324  1.235681
11 25  0.603951  1.055845
11 26  0.586772  1.326155
11 27  0.612399  1.359948
11 28  0.612852  1.214553
11 29  0.391033  1.234697
11 30  0.588271  1.030854
12 13  0.607314  1.199441
12 14  0.598319  1.084522
12 15  0.598884  0.929738
12 16  0.585607  1.089661
12 17  0.586315  1.013943
12 18  0.596389  1.041883
12 19  0.544224  0.910205
12 20  0.572380  0.941681
12 21  0.580411  0.880204
12 22  0.583109  0.876709
12 23  0.614993  1.127070
12 24  0.381699  0.991668
12 25  0.599918  0.935635
12 26  0.615722  1.233887
12 27  0.606247  1.220078
12 28  0.592696  1.072105
12 29  0.611969  1.226293
12 30  0.544275  0.876057
13 14  0.608145  1.221597
13 15  0.609512  1.048196
13 16  0.568882  1.192972
13 17  0.597778  1.142268
13 18  0.607933  1.170177
13 19  0.595135  1.072277
13 20  0.586177  1.067091
13 21  0.591074  1.009552
13 22  0.595020  1.005586
13 23  0.623979  1.251664
13 24  0.603808  1.219203
13 25  0.610627  1.064973
13 26  0.622884  1.351009
13 27  0.387240  1.277788
13 28  0.601768  1.186348
13 29  0.611593  1.348660
13 30  0.595479  1.038933
14 15  0.590126  0.939336
14 16  0.584887  1.104039
14 17  0.589049  1.024876
14 18  0.598658  1.052754
14 19  0.587732  0.951007
14 20  0.544781  0.925886
14 21  0.581514  0.891347
14 22  0.585536  0.887541
14 23  0.617192  1.137711
14 24  0.594432  1.101879
14 25  0.582921  0.927035
14 26  0.618110  1.244404
14 27  0.606656  1.224091
14 28  0.370425  0.962675
14 29  0.615659  1.237364
14 30  0.584960  0.921415
15 16  0.577232  0.930800
15 17  0.578852  0.851031
15 18  0.588609  0.879196
15 19  0.577559  0.779676
15 20  0.541971  0.753163
15 21  0.535063  0.680051
15 22  0.535404  0.673627
15 23  0.607135  0.965050
15 24  0.600757  0.955127
15 25  0.366736  0.593887
15 26  0.607754  1.073163
15 27  0.613941  1.087871
15 28  0.581715  0.912296
15 29  0.605409  1.065307
15 30  0.576283  0.747007
16 17  0.564014  0.996470
16 18  0.573263  1.006668
16 19  0.564244  0.934561
16 20  0.553547  0.934269
16 21  0.559161  0.870498
16 22  0.562360  0.869367
16 23  0.572106  1.041133
16 24  0.586067  1.108198
16 25  0.578493  0.926550
16 26  0.589376  1.204904
16 27  0.574044  1.197253
16 28  0.585091  1.059704
16 29  0.587817  1.218429
16 30  0.562945  0.897329
17 18  0.531205  0.930467
17 19  0.565105  0.852782
17 20  0.554385  0.854907
17 21  0.559954  0.794835
17 22  0.563102  0.791172
17 23  0.583083  1.011545
17 24  0.587955  1.026306
17 25  0.579407  0.848371
17 26  0.579412  1.137013
17 27  0.601044  1.134182
17 28  0.588385  1.009968
17 29  0.584784  1.098884
17 30  0.563719  0.823780
18 19  0.574949  0.884866
18 20  0.564200  0.883731
18 21  0.569769  0.821677
18 22  0.572917  0.818749
18 23  0.595968  1.026011
18 24  0.597847  1.059439
18 25  0.589223  0.877303
18 26  0.581733  1.132078
18 27  0.611359  1.181406
18 28  0.598194  1.029210
18 29  0.596789  1.165458
18 30  0.573554  0.850952
19 20  0.553228  0.783187
19 21  0.559078  0.722743
19 22  0.562212  0.719674
19 23  0.593518  0.969612
19 24  0.555733  0.927828
19 25  0.578467  0.773881
19 26  0.594216  1.076976
19 27  0.596586  1.059786
19 28  0.584731  0.935244
19 29  0.591423  1.058442
19 30  0.515955  0.723004
20 21  0.542867  0.715708
20 22  0.545044  0.705757
20 23  0.582790  0.969510
20 24  0.573421  0.933298
20 25  0.546901  0.760368
20 26  0.583447  1.069067
20 27  0.588951  1.085440
20 28  0.550475  0.904242
20 29  0.580909  1.059808
20 30  0.551430  0.749912
21 22  0.510083  0.618304
21 23  0.588351  0.906770
21 24  0.581928  0.898754
21 25  0.544143  0.690129
21 26  0.589027  1.015213
21 27  0.595822  1.029200
21 28  0.577575  0.861470
21 29  0.586526  1.009227
21 30  0.557650  0.689415
22 23  0.591501  0.904331
22 24  0.585012  0.890323
22 25  0.547125  0.688917
22 26  0.592179  1.010791
22 27  0.599297  1.028167
22 28  0.582191  0.864182
22 29  0.589691  1.004103
22 30  0.560805  0.686163
23 24  0.616329  1.144356
23 25  0.607817  0.962412
23 26  0.597686  1.234807
23 27  0.627107  1.248583
23 28  0.616676  1.109599
23 29  0.582607  1.238522
23 30  0.592134  0.934593
24 25  0.600245  0.945265
24 26  0.616906  1.226111
24 27  0.611721  1.226624
24 28  0.598916  1.090234
24 29  0.613171  1.203877
24 30  0.554940  0.914187
25 26  0.608492  1.072187
25 27  0.613758  1.068575
25 28  0.590546  0.923758
25 29  0.605965  1.061310
25 30  0.577047  0.745961
26 27  0.629876  1.375921
26 28  0.617252  1.208172
26 29  0.595803  1.289639
26 30  0.592821  1.046412
27 28  0.611413  1.231829
27 29  0.615400  1.292073
27 30  0.596267  1.050516
28 29  0.614057  1.215836
28 30  0.581767  0.889693
29 30  0.590197  1.038739
