   -993.88637557
   -994.19621473     -994.06228946
0.00006862797711
2 2 2 2 2 2 2 2 2 2 2 2 2 0 0 0 0 0 0 0 0 0 0 0 0 0 
1  0.266514  0.579519
2  0.263667  0.445985
3  0.265281  0.591239
4  0.280990  0.372289
5  0.278306  0.380329
6  0.261682  0.501764
7  0.277018  0.392012
8  0.274779  0.395646
9  0.297685  0.747071
10  0.300292  0.493349
11  0.299976  0.675004
12  0.298549  0.655999
13  0.295399  0.525150
14  0.273189  0.589688
15  0.266201  0.429052
16  0.270616  0.623354
17  0.282792  0.360971
18  0.281961  0.399438
19  0.269002  0.514415
20  0.276674  0.373952
21  0.277637  0.405944
22  0.299931  0.665435
23  0.298081  0.737969
24  0.297591  0.523843
25  0.300842  0.649829
26  0.301548  0.498859
1 2  0.525517  0.985171
1 3  0.529065  1.156276
1 4  0.547280  0.940542
1 5  0.544689  0.957440
1 6  0.527745  1.062336
1 7  0.543467  0.963044
1 8  0.541239  0.967309
1 9  0.539735  1.276586
1 10  0.565167  1.057505
1 11  0.563285  1.194726
1 12  0.539298  1.199689
1 13  0.561862  1.102221
1 14  0.266024  1.013288
1 15  0.528914  1.006877
1 16  0.536353  1.191342
1 17  0.548650  0.939759
1 18  0.548152  0.976791
1 19  0.533856  1.091598
1 20  0.543039  0.952763
1 21  0.544140  0.984597
1 22  0.564616  1.239448
1 23  0.534612  1.270100
1 24  0.563605  1.101096
1 25  0.534814  1.182337
1 26  0.567634  1.075472
2 3  0.528851  1.034268
2 4  0.538657  0.798467
2 5  0.537869  0.817787
2 6  0.525297  0.938463
2 7  0.540545  0.834735
2 8  0.538391  0.839525
2 9  0.559530  1.172230
2 10  0.544725  0.917711
2 11  0.563529  1.101189
2 12  0.541387  1.074116
2 13  0.558952  0.969489
2 14  0.532013  1.033655
2 15  0.250665  0.660216
2 16  0.534157  1.066612
2 17  0.542848  0.805536
2 18  0.544666  0.840112
2 19  0.532370  0.959015
2 20  0.540095  0.819391
2 21  0.541188  0.851436
2 22  0.563144  1.108817
2 23  0.560947  1.179723
2 24  0.561191  0.968930
2 25  0.536320  1.064640
2 26  0.537771  0.910169
3 4  0.546230  0.960470
3 5  0.543488  0.963497
3 6  0.524587  1.080365
3 7  0.542156  0.982408
3 8  0.539586  0.978791
3 9  0.539301  1.285278
3 10  0.565355  1.075209
3 11  0.539660  1.225229
3 12  0.560280  1.187142
3 13  0.558078  1.075043
3 14  0.537689  1.169331
3 15  0.531279  1.018373
3 16  0.261056  1.064130
3 17  0.548007  0.951739
3 18  0.546871  0.989708
3 19  0.533547  1.094760
3 20  0.541511  0.963873
3 21  0.541573  0.996232
3 22  0.533913  1.208805
3 23  0.533884  1.286497
3 24  0.561180  1.112858
3 25  0.564139  1.235730
3 26  0.566026  1.088287
4 5  0.511872  0.716949
4 6  0.542670  0.872666
4 7  0.558002  0.763573
4 8  0.555768  0.766981
4 9  0.578612  1.117476
4 10  0.549395  0.845055
4 11  0.580955  1.040612
4 12  0.577368  1.015509
4 13  0.576387  0.897040
4 14  0.553405  0.961314
4 15  0.543113  0.799880
4 16  0.551560  0.995059
4 17  0.281340  0.493431
4 18  0.508941  0.720821
4 19  0.549959  0.886370
4 20  0.557621  0.746125
4 21  0.558591  0.778094
4 22  0.580917  1.036933
4 23  0.578688  1.109095
4 24  0.578531  0.895856
4 25  0.581122  1.021220
4 26  0.542908  0.830599
5 6  0.539986  0.881673
5 7  0.555323  0.772079
5 8  0.553085  0.774973
5 9  0.575678  1.122937
5 10  0.548149  0.849336
5 11  0.578263  1.050879
5 12  0.572883  1.009159
5 13  0.573701  0.903451
5 14  0.551156  0.968333
5 15  0.543320  0.805097
5 16  0.548546  1.002811
5 17  0.509160  0.696113
5 18  0.280529  0.550592
5 19  0.547286  0.894390
5 20  0.554958  0.754170
5 21  0.555897  0.786109
5 22  0.578203  1.045018
5 23  0.575488  1.116896
5 24  0.575814  0.903802
5 25  0.577848  1.029737
5 26  0.539489  0.837417
6 7  0.532779  0.867816
6 8  0.532318  0.887240
6 9  0.556457  1.194312
6 10  0.561959  0.986715
6 11  0.537792  1.136434
6 12  0.560161  1.154395
6 13  0.537705  1.000207
6 14  0.533113  1.089181
6 15  0.527605  0.929677
6 16  0.531603  1.114923
6 17  0.544432  0.862493
6 18  0.543594  0.900774
6 19  0.254058  0.826220
6 20  0.535354  0.874760
6 21  0.538326  0.901719
6 22  0.531838  1.127598
6 23  0.557804  1.235166
6 24  0.532557  0.994510
6 25  0.561922  1.148179
6 26  0.563229  0.999461
7 8  0.505794  0.753745
7 9  0.574576  1.127738
7 10  0.577285  0.884112
7 11  0.574524  1.049277
7 12  0.575481  1.045607
7 13  0.543416  0.897040
7 14  0.549931  0.980795
7 15  0.543017  0.820510
7 16  0.547328  1.013456
7 17  0.559777  0.752876
7 18  0.558964  0.791294
7 19  0.541759  0.905222
7 20  0.274922  0.537425
7 21  0.501521  0.745720
7 22  0.576125  1.056006
7 23  0.574502  1.128468
7 24  0.536862  0.876092
7 25  0.577847  1.041013
7 26  0.578535  0.890468
8 9  0.572395  1.141026
8 10  0.575055  0.888596
8 11  0.570588  1.038429
8 12  0.573254  1.043150
8 13  0.540809  0.897713
8 14  0.547942  0.984495
8 15  0.540878  0.824247
8 16  0.544054  1.017708
8 17  0.557525  0.756513
8 18  0.556694  0.794909
8 19  0.542554  0.905639
8 20  0.501712  0.727655
8 21  0.275053  0.580100
8 22  0.573455  1.060333
8 23  0.572348  1.131655
8 24  0.532853  0.873598
8 25  0.575545  1.044374
8 26  0.576327  0.894070
9 10  0.596059  1.196377
9 11  0.584841  1.396695
9 12  0.581707  1.374777
9 13  0.592133  1.238258
9 14  0.539856  1.288512
9 15  0.563315  1.172986
9 16  0.538430  1.324331
9 17  0.580113  1.106995
9 18  0.578742  1.144924
9 19  0.564360  1.256744
9 20  0.573831  1.119639
9 21  0.575033  1.150937
9 22  0.576246  1.361664
9 23  0.365461  1.415811
9 24  0.595114  1.267603
9 25  0.576103  1.342492
9 26  0.598500  1.242573
10 11  0.600250  1.164857
10 12  0.587661  1.132134
10 13  0.595658  1.011824
10 14  0.572875  1.080760
10 15  0.541500  0.893404
10 16  0.570024  1.114775
10 17  0.540973  0.810334
10 18  0.543022  0.853552
10 19  0.569273  1.006608
10 20  0.576930  0.866948
10 21  0.577928  0.898829
10 22  0.599881  1.156457
10 23  0.597794  1.228045
10 24  0.597856  1.016050
10 25  0.581789  1.112987
10 26  0.371779  0.848854
11 12  0.597117  1.289892
11 13  0.583529  1.186281
11 14  0.570967  1.259078
11 15  0.565653  1.101707
11 16  0.539188  1.247404
11 17  0.582766  1.035392
11 18  0.581909  1.073539
11 19  0.538471  1.150589
11 20  0.576054  1.048147
11 21  0.575731  1.079920
11 22  0.362879  1.246971
11 23  0.576806  1.362846
11 24  0.578256  1.164861
11 25  0.600567  1.319670
11 26  0.601287  1.171410
12 13  0.593815  1.165752
12 14  0.539723  1.192678
12 15  0.536142  1.048677
12 16  0.566856  1.273280
12 17  0.580728  1.016424
12 18  0.578669  1.054803
12 19  0.567173  1.166659
12 20  0.575199  1.029216
12 21  0.576090  1.060639
12 22  0.598228  1.316330
12 23  0.574275  1.339461
12 24  0.595609  1.176911
12 25  0.364384  1.206203
12 26  0.582104  1.129561
13 14  0.568235  1.112446
13 15  0.561463  0.953371
13 16  0.563895  1.145977
13 17  0.578095  0.885888
13 18  0.577233  0.924097
13 19  0.538137  1.002796
13 20  0.533088  0.853756
13 21  0.535432  0.893170
13 22  0.576035  1.157455
13 23  0.593306  1.259877
13 24  0.365862  0.919625
13 25  0.595670  1.172115
13 26  0.596923  1.022779
14 15  0.534353  0.981347
14 16  0.539646  1.199029
14 17  0.555837  0.943817
14 18  0.554970  0.987857
14 19  0.541535  1.080846
14 20  0.549818  0.956982
14 21  0.550792  0.990108
14 22  0.569399  1.195886
14 23  0.545529  1.272749
14 24  0.570698  1.110984
14 25  0.547027  1.205876
14 26  0.572770  1.075827
15 16  0.536664  1.050312
15 17  0.542663  0.774856
15 18  0.543183  0.822661
15 19  0.535175  0.934861
15 20  0.542643  0.801549
15 21  0.543795  0.834039
15 22  0.566024  1.079427
15 23  0.561412  1.145897
15 24  0.563688  0.951391
15 25  0.545583  1.055706
15 26  0.547058  0.906131
16 17  0.553340  0.980394
16 18  0.552441  1.011095
16 19  0.536104  1.126041
16 20  0.547018  0.996541
16 21  0.547538  1.015378
16 22  0.544243  1.242337
16 23  0.544280  1.300178
16 24  0.565136  1.101022
16 25  0.567333  1.205820
16 26  0.571816  1.107584
17 18  0.516595  0.724598
17 19  0.551790  0.874715
17 20  0.559460  0.734617
17 21  0.560429  0.766113
17 22  0.582702  1.021400
17 23  0.580779  1.098291
17 24  0.580380  0.884195
17 25  0.580383  0.996122
17 26  0.553311  0.843732
18 19  0.550960  0.913133
18 20  0.558634  0.773156
18 21  0.559598  0.803894
18 22  0.581854  1.060441
18 23  0.579684  1.128107
18 24  0.579548  0.920008
18 25  0.578313  1.017745
18 26  0.552328  0.863755
19 20  0.539459  0.865617
19 21  0.541591  0.912463
19 22  0.543797  1.135174
19 23  0.563746  1.197958
19 24  0.544957  1.011182
19 25  0.569717  1.160849
19 26  0.570544  1.006378
20 21  0.508092  0.746977
20 22  0.572935  1.020997
20 23  0.574639  1.105613
20 24  0.545796  0.880863
20 25  0.577430  1.021305
20 26  0.578192  0.872415
21 22  0.573135  1.039534
21 23  0.575602  1.141958
21 24  0.545138  0.899056
21 25  0.578427  1.045576
21 26  0.579173  0.903635
22 23  0.586030  1.381915
22 24  0.586851  1.175195
22 25  0.598834  1.271801
22 26  0.601428  1.161736
23 24  0.594260  1.224673
23 25  0.585493  1.357996
23 26  0.597445  1.190826
24 25  0.598320  1.158157
24 26  0.599123  1.015046
25 26  0.591321  1.124907
