   -993.88637557
   -994.19703752     -994.06436212
0.00002224448017
2 2 2 2 2 2 2 2 2 2 2 2 2 0 0 0 0 0 0 0 0 0 0 0 0 0 
1  0.268780  0.580644
2  0.265735  0.449978
3  0.267692  0.592806
4  0.281854  0.374962
5  0.279063  0.383618
6  0.263500  0.505577
7  0.278313  0.394320
8  0.275727  0.398315
9  0.300332  0.746906
10  0.301821  0.497090
11  0.302899  0.676673
12  0.301272  0.657757
13  0.297295  0.527839
14  0.275508  0.590755
15  0.268302  0.433000
16  0.273094  0.624893
17  0.283680  0.363343
18  0.282765  0.402823
19  0.270904  0.518223
20  0.278114  0.376111
21  0.278577  0.408611
22  0.302789  0.667397
23  0.300612  0.737952
24  0.299409  0.526429
25  0.303428  0.651725
26  0.303086  0.502446
1 2  0.529732  0.990125
1 3  0.533600  1.158858
1 4  0.550416  0.943995
1 5  0.547717  0.961833
1 6  0.531803  1.066789
1 7  0.547022  0.966102
1 8  0.544436  0.970689
1 9  0.544463  1.277590
1 10  0.568884  1.062062
1 11  0.568243  1.197125
1 12  0.544136  1.202706
1 13  0.566018  1.106110
1 14  0.270134  1.014444
1 15  0.533216  1.012022
1 16  0.541055  1.194208
1 17  0.551715  0.943285
1 18  0.551211  0.981214
1 19  0.537891  1.096616
1 20  0.546732  0.956074
1 21  0.547350  0.988389
1 22  0.569700  1.242758
1 23  0.539339  1.272449
1 24  0.567673  1.104743
1 25  0.539545  1.186540
1 26  0.571400  1.080186
2 3  0.533318  1.039887
2 4  0.541535  0.804722
2 5  0.540651  0.824892
2 6  0.529175  0.945709
2 7  0.543833  0.841015
2 8  0.541398  0.846048
2 9  0.564126  1.175650
2 10  0.548238  0.925274
2 11  0.568508  1.106338
2 12  0.546085  1.079594
2 13  0.562880  0.976081
2 14  0.536279  1.038789
2 15  0.254272  0.667787
2 16  0.538685  1.072078
2 17  0.545749  0.811904
2 18  0.547520  0.847549
2 19  0.536305  0.966839
2 20  0.543567  0.825209
2 21  0.544186  0.857983
2 22  0.568027  1.114865
2 23  0.565503  1.183731
2 24  0.565058  0.975529
2 25  0.540948  1.071005
2 26  0.541315  0.918330
3 4  0.549490  0.964567
3 5  0.546637  0.967751
3 6  0.528715  1.085545
3 7  0.545853  0.986282
3 8  0.542927  0.982770
3 9  0.544184  1.286703
3 10  0.569287  1.080188
3 11  0.544766  1.228440
3 12  0.565218  1.190119
3 13  0.562257  1.078725
3 14  0.542382  1.172158
3 15  0.535773  1.023809
3 16  0.265233  1.066306
3 17  0.551302  0.955673
3 18  0.550054  0.994645
3 19  0.537820  1.100278
3 20  0.545330  0.967505
3 21  0.544827  1.000463
3 22  0.539067  1.213365
3 23  0.538784  1.288962
3 24  0.565375  1.117097
3 25  0.569082  1.239414
3 26  0.569914  1.093504
4 5  0.513472  0.723109
4 6  0.545351  0.878981
4 7  0.560155  0.768483
4 8  0.557579  0.772186
4 9  0.582112  1.119914
4 10  0.551850  0.851529
4 11  0.584739  1.044473
4 12  0.580877  1.019540
4 13  0.579147  0.902393
4 14  0.556487  0.965059
4 15  0.546004  0.806492
4 16  0.554896  0.999264
4 17  0.282964  0.498806
4 18  0.510619  0.727647
4 19  0.552723  0.892838
4 20  0.559905  0.750901
4 21  0.560387  0.783413
4 22  0.584639  1.041556
4 23  0.582055  1.111672
4 24  0.581214  0.901112
4 25  0.584547  1.025766
4 26  0.545359  0.837297
5 6  0.542559  0.888747
5 7  0.557374  0.777668
5 8  0.554789  0.780782
5 9  0.579083  1.125827
5 10  0.550446  0.856194
5 11  0.581938  1.055513
5 12  0.576327  1.013297
5 13  0.576354  0.909160
5 14  0.554225  0.972607
5 15  0.546156  0.812341
5 16  0.551725  1.007613
5 17  0.510821  0.702400
5 18  0.281797  0.557736
5 19  0.549944  0.901469
5 20  0.557149  0.759603
5 21  0.557584  0.792055
5 22  0.581807  1.050259
5 23  0.578703  1.120109
5 24  0.578383  0.909666
5 25  0.581187  1.034935
5 26  0.541777  0.844851
6 7  0.535840  0.873649
6 8  0.535026  0.893491
6 9  0.560827  1.197109
6 10  0.565299  0.993577
6 11  0.542418  1.141560
6 12  0.564693  1.160038
6 13  0.541264  1.006464
6 14  0.537110  1.094150
6 15  0.531490  0.937460
6 16  0.535857  1.120388
6 17  0.547146  0.868666
6 18  0.546220  0.907954
6 19  0.257193  0.833658
6 20  0.538547  0.880752
6 21  0.541067  0.908261
6 22  0.536354  1.133874
6 23  0.562127  1.239047
6 24  0.536065  1.001404
6 25  0.566303  1.153765
6 26  0.566585  1.006846
7 8  0.507998  0.758823
7 9  0.578520  1.129580
7 10  0.580099  0.890083
7 11  0.578672  1.052958
7 12  0.579471  1.049600
7 13  0.546723  0.902056
7 14  0.553527  0.984200
7 15  0.546374  0.826455
7 16  0.551097  1.017176
7 17  0.561937  0.757500
7 18  0.561055  0.796971
7 19  0.544893  0.911364
7 20  0.277499  0.541733
7 21  0.503768  0.751652
7 22  0.580231  1.060271
7 23  0.578257  1.130806
7 24  0.540047  0.881704
7 25  0.581718  1.045232
7 26  0.581351  0.896278
8 9  0.575990  1.143574
8 10  0.577531  0.894984
8 11  0.574414  1.042143
8 12  0.576905  1.046918
8 13  0.543714  0.902888
8 14  0.551196  0.988235
8 15  0.543918  0.830750
8 16  0.547397  1.021898
8 17  0.559349  0.761524
8 18  0.558432  0.800952
8 19  0.545385  0.912158
8 20  0.504088  0.733187
8 21  0.276689  0.585485
8 22  0.577258  1.064995
8 23  0.575781  1.134217
8 24  0.535685  0.879541
8 25  0.579066  1.048941
8 26  0.578812  0.900299
9 10  0.600143  1.198745
9 11  0.590168  1.398094
9 12  0.586842  1.376321
9 13  0.596585  1.239928
9 14  0.544762  1.290698
9 15  0.568016  1.176829
9 16  0.543493  1.326743
9 17  0.583620  1.109129
9 18  0.582111  1.148103
9 19  0.568867  1.260496
9 20  0.577856  1.121678
9 21  0.578574  1.153390
9 22  0.581564  1.363816
9 23  0.370635  1.415433
9 24  0.599560  1.270188
9 25  0.581154  1.345021
9 26  0.602668  1.246072
10 11  0.604700  1.170277
10 12  0.591742  1.137138
10 13  0.599077  1.017597
10 14  0.576683  1.085571
10 15  0.545100  0.901540
10 16  0.574001  1.120084
10 17  0.543385  0.816912
10 18  0.545318  0.861222
10 19  0.572700  1.014152
10 20  0.579891  0.872769
10 21  0.580396  0.905218
10 22  0.604221  1.162169
10 23  0.601857  1.231842
10 24  0.601196  1.022376
10 25  0.585777  1.118635
10 26  0.374590  0.856841
11 12  0.602617  1.292662
11 13  0.588160  1.190450
11 14  0.576170  1.262012
11 15  0.570625  1.107432
11 16  0.544405  1.251640
11 17  0.586577  1.039419
11 18  0.585633  1.078585
11 19  0.543132  1.156616
11 20  0.580378  1.051975
11 21  0.579593  1.084283
11 22  0.368068  1.250658
11 23  0.582065  1.364697
11 24  0.582798  1.169218
11 25  0.606045  1.323435
11 26  0.605727  1.176657
12 13  0.598430  1.169711
12 14  0.544624  1.196752
12 15  0.540884  1.054870
12 16  0.572004  1.276782
12 17  0.584312  1.020551
12 18  0.582189  1.059962
12 19  0.571775  1.172069
12 20  0.579356  1.033159
12 21  0.579734  1.065080
12 22  0.603775  1.320258
12 23  0.579351  1.341925
12 24  0.600080  1.181334
12 25  0.369328  1.209981
12 26  0.586223  1.134843
13 14  0.572435  1.116149
13 15  0.565435  0.960033
13 16  0.568217  1.150296
13 17  0.580872  0.890947
13 18  0.579915  0.930162
13 19  0.541846  1.009901
13 20  0.536494  0.859347
13 21  0.538308  0.899092
13 22  0.580614  1.162144
13 23  0.597710  1.262686
13 24  0.369311  0.925276
13 25  0.600075  1.176793
13 26  0.600349  1.029049
14 15  0.538658  0.986204
14 16  0.544316  1.201617
14 17  0.559049  0.947088
14 18  0.558092  0.992292
14 19  0.545695  1.085060
14 20  0.553574  0.959960
14 21  0.554037  0.993573
14 22  0.574386  1.198733
14 23  0.550236  1.273974
14 24  0.574826  1.114672
14 25  0.551720  1.208785
14 26  0.576521  1.080095
15 16  0.541230  1.055814
15 17  0.545617  0.780890
15 18  0.546057  0.829836
15 19  0.539175  0.942137
15 20  0.546095  0.807824
15 21  0.546828  0.840590
15 22  0.570974  1.084874
15 23  0.565888  1.149417
15 24  0.567567  0.957946
15 25  0.550246  1.061361
15 26  0.550576  0.913423
16 17  0.556689  0.984107
16 18  0.555697  1.015213
16 19  0.540352  1.131137
16 20  0.550912  1.000227
16 21  0.550928  1.019116
16 22  0.549334  1.245678
16 23  0.549167  1.301870
16 24  0.569292  1.104547
16 25  0.572170  1.208847
16 26  0.575815  1.112234
17 18  0.518267  0.730518
17 19  0.554580  0.880808
17 20  0.561785  0.739138
17 21  0.562257  0.771032
17 22  0.586444  1.025327
17 23  0.584190  1.100634
17 24  0.583085  0.889106
17 25  0.583781  0.999942
17 26  0.555817  0.849818
18 19  0.553666  0.920272
18 20  0.560878  0.778705
18 21  0.561342  0.809705
18 22  0.585504  1.065458
18 23  0.583017  1.131120
18 24  0.582168  0.925524
18 25  0.581671  1.022209
18 26  0.554690  0.870452
19 20  0.542760  0.871483
19 21  0.544399  0.918820
19 22  0.548382  1.140431
19 23  0.568065  1.201111
19 24  0.548544  1.017388
19 25  0.574195  1.166582
19 26  0.573980  1.013238
20 21  0.510438  0.751953
20 22  0.577124  1.024768
20 23  0.578605  1.107658
20 24  0.549186  0.885655
20 25  0.581428  1.025349
20 26  0.581162  0.878153
21 22  0.576889  1.043514
21 23  0.579069  1.144577
21 24  0.547952  0.904060
21 25  0.581933  1.049273
21 26  0.581648  0.909765
22 23  0.591202  1.383913
22 24  0.591352  1.179530
22 25  0.604125  1.274641
22 26  0.605818  1.167308
23 24  0.598498  1.226345
23 25  0.590392  1.359870
23 26  0.601416  1.193270
24 25  0.602721  1.162111
24 26  0.602471  1.020514
25 26  0.595307  1.129971
