  -1146.54309230
  -1146.90859094    -1146.78120970
0.00011308195727
2 2 2 2 2 2 2 2 2 2 2 2 2 2 2 0 0 0 0 0 0 0 0 0 0 0 0 0 0 0 
1  0.271121  0.509084
2  0.264128  0.386495
3  0.278570  0.502570
4  0.286760  0.408370
5  0.277259  0.368754
6  0.322094  0.646775
7  0.314734  0.445393
8  0.310022  0.535453
9  0.304106  0.546875
10  0.311483  0.583672
11  0.303851  0.659883
12  0.307439  0.545722
13  0.284008  0.367472
14  0.282142  0.346030
15  0.300894  0.598332
16  0.282178  0.544786
17  0.278317  0.451083
18  0.280265  0.475938
19  0.281068  0.383422
20  0.292446  0.413028
21  0.309845  0.546370
22  0.307797  0.667236
23  0.309676  0.434205
24  0.305158  0.580966
25  0.307088  0.604579
26  0.321285  0.646122
27  0.287688  0.341716
28  0.305033  0.554484
29  0.311373  0.481030
30  0.281792  0.353215
1 2  0.534676  0.888948
1 3  0.545495  0.976284
1 4  0.557840  0.916669
1 5  0.548350  0.873023
1 6  0.565930  1.118109
1 7  0.585234  0.938515
1 8  0.580423  1.040267
1 9  0.565352  1.013051
1 10  0.582421  1.085902
1 11  0.564700  1.156199
1 12  0.578327  1.034224
1 13  0.555019  0.872313
1 14  0.553238  0.854531
1 15  0.566041  1.066182
1 16  0.277834  0.874044
1 17  0.549218  0.957439
1 18  0.545456  0.983482
1 19  0.552116  0.892056
1 20  0.563263  0.921478
1 21  0.580522  1.053904
1 22  0.551797  1.138384
1 23  0.580597  0.942745
1 24  0.575926  1.086618
1 25  0.576736  1.101026
1 26  0.567324  1.128456
1 27  0.558724  0.850649
1 28  0.575075  1.061720
1 29  0.582024  0.988960
1 30  0.552652  0.862091
2 3  0.542685  0.888113
2 4  0.550882  0.793636
2 5  0.541385  0.754613
2 6  0.585314  1.015568
2 7  0.559399  0.810239
2 8  0.574088  0.917353
2 9  0.553708  0.891818
2 10  0.575579  0.968099
2 11  0.563136  1.028892
2 12  0.571545  0.931538
2 13  0.545262  0.750944
2 14  0.541322  0.722798
2 15  0.560419  0.982028
2 16  0.546057  0.929164
2 17  0.256623  0.606013
2 18  0.544375  0.861965
2 19  0.545184  0.769738
2 20  0.556573  0.799305
2 21  0.573939  0.932216
2 22  0.567465  1.043347
2 23  0.555383  0.803567
2 24  0.569043  0.966648
2 25  0.547869  0.981067
2 26  0.585126  1.031444
2 27  0.546606  0.725389
2 28  0.568071  0.936279
2 29  0.575500  0.867183
2 30  0.544365  0.735749
3 4  0.564645  0.908874
3 5  0.554541  0.859326
3 6  0.576878  1.122705
3 7  0.593288  0.941826
3 8  0.584401  1.029789
3 9  0.582581  1.040224
3 10  0.587543  1.073292
3 11  0.580968  1.144853
3 12  0.564620  0.979012
3 13  0.562569  0.866659
3 14  0.560703  0.847275
3 15  0.579212  1.076325
3 16  0.556115  1.045024
3 17  0.556789  0.952750
3 18  0.272369  0.773735
3 19  0.559317  0.884644
3 20  0.569335  0.914994
3 21  0.581897  1.043675
3 22  0.586131  1.166997
3 23  0.588079  0.936211
3 24  0.577723  1.056577
3 25  0.585549  1.104691
3 26  0.568068  1.108863
3 27  0.566257  0.844150
3 28  0.582998  1.054860
3 29  0.578688  0.981299
3 30  0.560347  0.855523
4 5  0.521124  0.747713
4 6  0.607848  1.039938
4 7  0.601491  0.853387
4 8  0.588964  0.913577
4 9  0.590846  0.953051
4 10  0.575442  0.952746
4 11  0.590559  1.063651
4 12  0.589810  0.950349
4 13  0.570768  0.775700
4 14  0.568902  0.754162
4 15  0.587650  1.005884
4 16  0.568829  0.952547
4 17  0.564958  0.859071
4 18  0.566823  0.882359
4 19  0.285233  0.555542
4 20  0.525005  0.764543
4 21  0.575797  0.926217
4 22  0.594299  1.074568
4 23  0.596401  0.842396
4 24  0.586900  0.988143
4 25  0.593629  1.012122
4 26  0.607146  1.053653
4 27  0.574440  0.750041
4 28  0.591667  0.962273
4 29  0.595158  0.885043
4 30  0.568550  0.761515
5 6  0.598590  1.005579
5 7  0.591991  0.813209
5 8  0.577728  0.884436
5 9  0.581359  0.912990
5 10  0.573991  0.944354
5 11  0.581104  1.027933
5 12  0.577544  0.896494
5 13  0.561267  0.736016
5 14  0.559401  0.714742
5 15  0.578150  0.964807
5 16  0.559316  0.913037
5 17  0.555550  0.819623
5 18  0.557017  0.844344
5 19  0.515974  0.716909
5 20  0.283492  0.540289
5 21  0.555750  0.882061
5 22  0.584967  1.035283
5 23  0.586930  0.802836
5 24  0.580418  0.943989
5 25  0.584295  0.972889
5 26  0.598461  1.014376
5 27  0.564944  0.710442
5 28  0.582278  0.922839
5 29  0.587538  0.849426
5 30  0.559049  0.721920
6 7  0.636632  1.084134
6 8  0.619374  1.117616
6 9  0.621334  1.148618
6 10  0.630723  1.216080
6 11  0.613843  1.270041
6 12  0.627016  1.188983
6 13  0.606081  1.013755
6 14  0.604211  0.990933
6 15  0.621048  1.237673
6 16  0.568428  1.130837
6 17  0.599105  1.096276
6 18  0.579582  1.098421
6 19  0.603009  1.029509
6 20  0.614300  1.058951
6 21  0.628529  1.183932
6 22  0.617426  1.277842
6 23  0.631605  1.080191
6 24  0.612511  1.209773
6 25  0.625916  1.248159
6 26  0.411374  1.191919
6 27  0.609657  0.988227
6 28  0.625504  1.199048
6 29  0.632230  1.126045
6 30  0.603800  0.999581
7 8  0.624750  0.979478
7 9  0.616006  0.971837
7 10  0.626215  1.028042
7 11  0.617680  1.102752
7 12  0.622171  0.988169
7 13  0.562306  0.779158
7 14  0.563167  0.772297
7 15  0.606660  1.007978
7 16  0.595892  0.989584
7 17  0.566583  0.867299
7 18  0.594787  0.920777
7 19  0.595801  0.828669
7 20  0.607174  0.858205
7 21  0.624551  0.991122
7 22  0.618881  1.108684
7 23  0.399319  0.718355
7 24  0.619816  1.025675
7 25  0.616788  1.038140
7 26  0.635910  1.090682
7 27  0.559979  0.746640
7 28  0.615214  0.998823
7 29  0.626095  0.926010
7 30  0.550024  0.752038
8 9  0.613911  1.073509
8 10  0.595352  1.085550
8 11  0.613205  1.179385
8 12  0.580645  1.070109
8 13  0.594029  0.902443
8 14  0.592163  0.880603
8 15  0.610880  1.131660
8 16  0.591826  1.076329
8 17  0.587881  0.985604
8 18  0.588227  1.000433
8 19  0.589855  0.918480
8 20  0.599469  0.942806
8 21  0.576620  1.010596
8 22  0.617119  1.200010
8 23  0.619560  0.969199
8 24  0.434416  1.001837
8 25  0.616447  1.138133
8 26  0.624963  1.179985
8 27  0.597675  0.877028
8 28  0.614666  1.088806
8 29  0.580060  0.992135
8 30  0.591805  0.888465
9 10  0.615494  1.128273
9 11  0.579358  1.189183
9 12  0.611498  1.089442
9 13  0.587909  0.913592
9 14  0.586085  0.890953
9 15  0.570596  1.120943
9 16  0.582166  1.086183
9 17  0.572158  0.993264
9 18  0.584097  1.021548
9 19  0.585166  0.929879
9 20  0.596546  0.959315
9 21  0.613843  1.091692
9 22  0.560896  1.121488
9 23  0.612852  0.980542
9 24  0.608815  1.126246
9 25  0.459054  1.045774
9 26  0.624959  1.190381
9 27  0.591306  0.888113
9 28  0.568999  1.088778
9 29  0.615472  1.026919
9 30  0.585491  0.898668
10 11  0.614965  1.218425
10 12  0.592028  1.080052
10 13  0.595491  0.949469
10 14  0.593625  0.928245
10 15  0.612365  1.174038
10 16  0.593622  1.126468
10 17  0.589538  1.033499
10 18  0.586466  1.043586
10 19  0.561760  0.931585
10 20  0.580998  0.964716
10 21  0.479653  1.056363
10 22  0.619038  1.246778
10 23  0.621057  1.017251
10 24  0.588305  1.155587
10 25  0.618220  1.185662
10 26  0.628610  1.221719
10 27  0.599155  0.925224
10 28  0.616245  1.136482
10 29  0.580440  0.992475
10 30  0.593274  0.936627
11 12  0.610862  1.182930
11 13  0.587431  1.015280
11 14  0.585552  0.993490
11 15  0.575592  1.198898
11 16  0.572061  1.172603
11 17  0.575881  1.107182
11 18  0.583133  1.132700
11 19  0.584703  1.042492
11 20  0.596167  1.071934
11 21  0.613683  1.203057
11 22  0.500355  1.290427
11 23  0.610774  1.087789
11 24  0.608257  1.236681
11 25  0.579648  1.255297
11 26  0.605904  1.265661
11 27  0.591347  1.001359
11 28  0.558039  1.126975
11 29  0.614978  1.139388
11 30  0.585583  1.012700
12 13  0.591446  0.910469
12 14  0.589580  0.890157
12 15  0.608306  1.127547
12 16  0.589387  1.088055
12 17  0.585638  0.995971
12 18  0.565103  1.009256
12 19  0.586435  0.923244
12 20  0.595320  0.957448
12 21  0.589613  1.080492
12 22  0.615180  1.209837
12 23  0.617047  0.979390
12 24  0.569152  1.072235
12 25  0.614422  1.148688
12 26  0.622966  1.172038
12 27  0.595120  0.887289
12 28  0.612322  1.098377
12 29  0.433382  0.896368
12 30  0.589231  0.898679
13 14  0.518327  0.671703
13 15  0.582194  0.943467
13 16  0.565556  0.911987
13 17  0.561476  0.814563
13 18  0.564153  0.843164
13 19  0.565072  0.750821
13 20  0.576448  0.780399
13 21  0.593850  0.913553
13 22  0.591103  1.034134
13 23  0.553406  0.761692
13 24  0.589166  0.948072
13 25  0.590857  0.970872
13 26  0.604996  1.013085
13 27  0.513994  0.657548
13 28  0.587316  0.920124
13 29  0.595368  0.848306
13 30  0.296529  0.490974
14 15  0.581183  0.934974
14 16  0.564100  0.890608
14 17  0.556989  0.795140
14 18  0.562361  0.821831
14 19  0.563206  0.729403
14 20  0.574585  0.758998
14 21  0.591987  0.892229
14 22  0.589822  1.013002
14 23  0.545384  0.732316
14 24  0.587295  0.926740
14 25  0.588869  0.950301
14 26  0.603240  0.991753
14 27  0.295581  0.445677
14 28  0.586508  0.898182
14 29  0.593508  0.826946
14 30  0.515152  0.658439
15 16  0.577854  1.140822
15 17  0.571822  1.022360
15 18  0.580455  1.072255
15 19  0.581938  0.981162
15 20  0.593292  1.010485
15 21  0.610695  1.142438
15 22  0.578481  1.257594
15 23  0.597226  1.020420
15 24  0.606031  1.177180
15 25  0.560894  1.131789
15 26  0.620425  1.236960
15 27  0.588342  0.939268
15 28  0.451424  1.043176
15 29  0.612207  1.077872
15 30  0.581481  0.951124
16 17  0.559824  0.993987
16 18  0.558443  0.990310
16 19  0.563232  0.927487
16 20  0.574592  0.951448
16 21  0.591744  1.074569
16 22  0.568550  1.142798
16 23  0.591146  0.966773
16 24  0.585512  1.114820
16 25  0.585383  1.143571
16 26  0.578157  1.168928
16 27  0.569835  0.885800
16 28  0.581143  1.065420
16 29  0.593448  1.015503
16 30  0.563843  0.892879
17 18  0.558523  0.925734
17 19  0.559378  0.832715
17 20  0.570760  0.863571
17 21  0.588160  0.995368
17 22  0.583271  1.100269
17 23  0.567874  0.862442
17 24  0.583409  1.023008
17 25  0.562982  0.979049
17 26  0.598656  1.073845
17 27  0.559892  0.779031
17 28  0.579582  0.989446
17 29  0.589678  0.931015
17 30  0.554927  0.797062
18 19  0.560021  0.852184
18 20  0.570857  0.872277
18 21  0.584880  1.003445
18 22  0.587413  1.131481
18 23  0.589922  0.905896
18 24  0.580919  1.054251
18 25  0.587064  1.078452
18 26  0.574080  1.081680
18 27  0.567947  0.817376
18 28  0.584939  1.016795
18 29  0.572025  0.905540
18 30  0.562054  0.827652
19 20  0.529125  0.765894
19 21  0.576637  0.920812
19 22  0.588769  1.048631
19 23  0.590741  0.816770
19 24  0.578646  0.942144
19 25  0.588109  0.984282
19 26  0.601175  1.013476
19 27  0.568755  0.725025
19 28  0.586059  0.934445
19 29  0.580030  0.839849
19 30  0.562860  0.736586
20 21  0.578268  0.920997
20 22  0.600215  1.077741
20 23  0.602120  0.846287
20 24  0.592677  0.990350
20 25  0.599517  1.016666
20 26  0.613060  1.052404
20 27  0.580134  0.754688
20 28  0.597465  0.964599
20 29  0.595700  0.868082
20 30  0.574238  0.765973
21 22  0.617530  1.194437
21 23  0.619520  0.979861
21 24  0.590003  1.078125
21 25  0.616915  1.145065
21 26  0.629623  1.188600
21 27  0.597532  0.887491
21 28  0.614852  1.099083
21 29  0.594219  1.004679
21 30  0.591636  0.898583
22 23  0.615109  1.095965
22 24  0.611514  1.213777
22 25  0.587497  1.206062
22 26  0.621466  1.299886
22 27  0.595171  1.002917
22 28  0.585470  1.206224
22 29  0.619055  1.144849
22 30  0.588649  1.007373
23 24  0.614820  1.013807
23 25  0.614980  1.033645
23 26  0.630396  1.065885
23 27  0.561235  0.750917
23 28  0.605240  0.946819
23 29  0.621047  0.913336
23 30  0.558298  0.760764
24 25  0.611799  1.162650
24 26  0.614324  1.174883
24 27  0.592844  0.921306
24 28  0.609799  1.129144
24 29  0.579880  1.045439
24 30  0.586949  0.933023
25 26  0.623128  1.203367
25 27  0.594248  0.937565
25 28  0.575545  1.131630
25 29  0.618396  1.083714
25 30  0.587635  0.950494
26 27  0.608955  0.986338
26 28  0.618411  1.146312
26 29  0.628689  1.104923
26 30  0.603059  0.998961
27 28  0.591880  0.894999
27 29  0.599061  0.822631
27 30  0.521027  0.654358
28 29  0.616355  1.028974
28 30  0.585097  0.901825
29 30  0.593165  0.833736
