  -1146.54309230
  -1146.91070173    -1146.78629360
0.00002222832639
2 2 2 2 2 2 2 2 2 2 2 2 2 2 2 0 0 0 0 0 0 0 0 0 0 0 0 0 0 0 
1  0.276189  0.518050
2  0.268119  0.400478
3  0.283861  0.506527
4  0.289265  0.408263
5  0.279704  0.370654
6  0.329003  0.656648
7  0.317940  0.457225
8  0.316217  0.535681
9  0.309462  0.554750
10  0.315502  0.577307
11  0.309456  0.666081
12  0.312677  0.541590
13  0.285715  0.380016
14  0.283678  0.355531
15  0.306900  0.610732
16  0.287472  0.555432
17  0.282305  0.465903
18  0.285952  0.480626
19  0.283367  0.384652
20  0.294980  0.412896
21  0.313460  0.538812
22  0.313377  0.675815
23  0.312669  0.445598
24  0.311215  0.579914
25  0.312917  0.613346
26  0.328063  0.653936
27  0.289377  0.350515
28  0.311168  0.563818
29  0.316731  0.478134
30  0.283381  0.365488
1 2  0.543592  0.911357
1 3  0.555487  0.988654
1 4  0.565408  0.925506
1 5  0.555850  0.883206
1 6  0.577640  1.136006
1 7  0.593429  0.957337
1 8  0.591610  1.049275
1 9  0.574981  1.028040
1 10  0.591511  1.088502
1 11  0.575284  1.171284
1 12  0.588637  1.038993
1 13  0.561770  0.893006
1 14  0.559819  0.872927
1 15  0.576652  1.085924
1 16  0.287521  0.893676
1 17  0.558271  0.980824
1 18  0.555947  0.997224
1 19  0.559433  0.902266
1 20  0.570746  0.930384
1 21  0.589142  1.055504
1 22  0.562279  1.157136
1 23  0.588597  0.963041
1 24  0.587022  1.094491
1 25  0.587517  1.119112
1 26  0.579156  1.146752
1 27  0.565417  0.868366
1 28  0.586175  1.080104
1 29  0.592466  0.995142
1 30  0.559178  0.883280
2 3  0.551956  0.905963
2 4  0.557374  0.806962
2 5  0.547819  0.770295
2 6  0.596063  1.037015
2 7  0.566355  0.835693
2 8  0.584251  0.930256
2 9  0.562246  0.910736
2 10  0.583571  0.975037
2 11  0.572511  1.047298
2 12  0.580759  0.941344
2 13  0.550899  0.777100
2 14  0.546809  0.745321
2 15  0.570375  1.008439
2 16  0.555373  0.953367
2 17  0.263313  0.635867
2 18  0.554041  0.880610
2 19  0.551445  0.784935
2 20  0.563094  0.813147
2 21  0.581522  0.938666
2 22  0.576778  1.065962
2 23  0.562299  0.829268
2 24  0.578960  0.979583
2 25  0.557224  1.003913
2 26  0.595734  1.053227
2 27  0.552186  0.748257
2 28  0.578161  0.959585
2 29  0.584846  0.878263
2 30  0.549917  0.761910
3 4  0.572334  0.912511
3 5  0.562163  0.864753
3 6  0.588817  1.135859
3 7  0.601781  0.956546
3 8  0.595762  1.034158
3 9  0.593206  1.051820
3 10  0.596841  1.071432
3 11  0.591656  1.154864
3 12  0.573884  0.978710
3 13  0.569564  0.882302
3 14  0.567527  0.860509
3 15  0.590465  1.091300
3 16  0.566610  1.059798
3 17  0.566059  0.971419
3 18  0.281986  0.779565
3 19  0.566873  0.889684
3 20  0.576912  0.918842
3 21  0.590732  1.040136
3 22  0.596959  1.179654
3 23  0.596295  0.951560
3 24  0.589096  1.061667
3 25  0.596649  1.117316
3 26  0.580193  1.123333
3 27  0.573237  0.856886
3 28  0.594311  1.068269
3 29  0.588728  0.981851
3 30  0.567191  0.871716
4 5  0.525972  0.749386
4 6  0.617085  1.048455
4 7  0.607202  0.864994
4 8  0.597396  0.913883
4 9  0.598700  0.960288
4 10  0.581663  0.946785
4 11  0.598667  1.069060
4 12  0.597407  0.946009
4 13  0.574980  0.788078
4 14  0.572942  0.763411
4 15  0.596159  1.018190
4 16  0.576595  0.963073
4 17  0.571400  0.873767
4 18  0.575028  0.886811
4 19  0.289641  0.555106
4 20  0.530326  0.766900
4 21  0.581933  0.919972
4 22  0.602319  1.083113
4 23  0.601890  0.853673
4 24  0.595299  0.986864
4 25  0.601898  1.020827
4 26  0.616351  1.061450
4 27  0.578628  0.758724
4 28  0.600279  0.971526
4 29  0.602933  0.882206
4 30  0.572643  0.773668
5 6  0.607791  1.016606
5 7  0.597642  0.826546
5 8  0.585801  0.886126
5 9  0.589156  0.922198
5 10  0.580522  0.939703
5 11  0.589149  1.036061
5 12  0.585008  0.894321
5 13  0.565418  0.750351
5 14  0.563381  0.726132
5 15  0.586601  0.978611
5 16  0.566953  0.925625
5 17  0.561969  0.836333
5 18  0.564959  0.850898
5 19  0.520907  0.721078
5 20  0.288018  0.540527
5 21  0.561937  0.877639
5 22  0.592950  1.045763
5 23  0.592368  0.816110
5 24  0.588781  0.944768
5 25  0.592551  0.983580
5 26  0.607679  1.024124
5 27  0.569076  0.721134
5 28  0.590852  0.934060
5 29  0.595248  0.848441
5 30  0.563082  0.736080
6 7  0.646713  1.104455
6 8  0.631495  1.125060
6 9  0.633297  1.164266
6 10  0.641468  1.218949
6 11  0.625843  1.284571
6 12  0.639097  1.194930
6 13  0.614693  1.036069
6 14  0.612648  1.009788
6 15  0.633708  1.259461
6 16  0.580816  1.154236
6 17  0.609792  1.120948
6 18  0.592058  1.114193
6 19  0.612149  1.040697
6 20  0.623740  1.068711
6 21  0.638768  1.186213
6 22  0.629759  1.296172
6 23  0.641528  1.101459
6 24  0.625054  1.219015
6 25  0.638483  1.266718
6 26  0.424575  1.209700
6 27  0.618157  1.006822
6 28  0.638358  1.218375
6 29  0.644422  1.133212
6 30  0.612235  1.021573
7 8  0.634151  0.991207
7 9  0.624527  0.990391
7 10  0.633439  1.033459
7 11  0.626424  1.120628
7 12  0.630616  0.995338
7 13  0.567126  0.803146
7 14  0.568140  0.794480
7 15  0.615404  1.029637
7 16  0.604256  1.012035
7 17  0.573568  0.894667
7 18  0.603670  0.937263
7 19  0.601306  0.841721
7 20  0.612915  0.869886
7 21  0.631365  0.995394
7 22  0.627512  1.128734
7 23  0.405189  0.745067
7 24  0.629054  1.036473
7 25  0.625715  1.058888
7 26  0.645918  1.110316
7 27  0.564953  0.767846
7 28  0.624349  1.019969
7 29  0.634657  0.934929
7 30  0.554829  0.776793
8 9  0.625458  1.080529
8 10  0.605081  1.079180
8 11  0.624910  1.184414
8 12  0.591888  1.066299
8 13  0.601928  0.915083
8 14  0.599890  0.889975
8 15  0.623069  1.144371
8 16  0.603218  1.087019
8 17  0.597964  1.000644
8 18  0.600039  1.006288
8 19  0.598292  0.920004
8 20  0.608122  0.942915
8 21  0.585963  1.007154
8 22  0.628867  1.208748
8 23  0.628729  0.980825
8 24  0.445097  0.999073
8 25  0.628440  1.147278
8 26  0.637554  1.188101
8 27  0.605538  0.886037
8 28  0.626980  1.098479
8 29  0.590928  0.989471
8 30  0.599588  0.900938
9 10  0.624856  1.129796
9 11  0.590139  1.203148
9 12  0.622080  1.093276
9 13  0.594955  0.933875
9 14  0.592976  0.908009
9 15  0.581707  1.141658
9 16  0.592550  1.104578
9 17  0.581097  1.015625
9 18  0.595122  1.034161
9 19  0.592814  0.938987
9 20  0.604436  0.967075
9 21  0.622783  1.092214
9 22  0.571423  1.141763
9 23  0.621170  0.999826
9 24  0.620178  1.133194
9 25  0.469047  1.061802
9 26  0.637041  1.206215
9 27  0.598319  0.904676
9 28  0.580358  1.106272
9 29  0.626187  1.031949
9 30  0.592374  0.918538
10 11  0.624540  1.216175
10 12  0.601049  1.071084
10 13  0.601216  0.954936
10 14  0.599178  0.930732
10 15  0.622388  1.179422
10 16  0.602924  1.130908
10 17  0.597462  1.041970
10 18  0.596009  1.042848
10 19  0.568032  0.927800
10 20  0.587546  0.959597
10 21  0.486870  1.040074
10 22  0.628610  1.249382
10 23  0.628041  1.022290
10 24  0.597997  1.148013
10 25  0.628007  1.188305
10 26  0.639259  1.223129
10 27  0.604855  0.927633
10 28  0.626375  1.139548
10 29  0.589615  0.987825
10 30  0.598882  0.942495
11 12  0.621583  1.184537
11 13  0.594696  1.032194
11 14  0.592650  1.007470
11 15  0.586648  1.215366
11 16  0.582907  1.191433
11 17  0.585364  1.128226
11 18  0.594378  1.143463
11 19  0.592497  1.050014
11 20  0.604256  1.078132
11 21  0.622897  1.202073
11 22  0.511453  1.305941
11 23  0.619133  1.104980
11 24  0.619831  1.242222
11 25  0.590763  1.270805
11 26  0.618005  1.279296
11 27  0.598570  1.016336
11 28  0.568984  1.145208
11 29  0.625897  1.142901
11 30  0.592776  1.031119
12 13  0.598391  0.918009
12 14  0.596352  0.895105
12 15  0.619549  1.134570
12 16  0.599886  1.094770
12 17  0.594853  1.006674
12 18  0.575212  1.009510
12 19  0.593896  0.920519
12 20  0.602911  0.953110
12 21  0.598242  1.068720
12 22  0.625987  1.214576
12 23  0.625253  0.986637
12 24  0.580056  1.070350
12 25  0.625497  1.153438
12 26  0.634847  1.177100
12 27  0.602050  0.891933
12 28  0.623686  1.103554
12 29  0.442919  0.886006
12 30  0.596055  0.906775
13 14  0.521594  0.693725
13 15  0.589816  0.965609
13 16  0.572385  0.935113
13 17  0.567142  0.841860
13 18  0.571540  0.860360
13 19  0.569072  0.764583
13 20  0.580685  0.792792
13 21  0.599173  0.918495
13 22  0.598309  1.055212
13 23  0.558141  0.786292
13 24  0.596928  0.959520
13 25  0.598381  0.992079
13 26  0.613379  1.033246
13 27  0.517564  0.680729
13 28  0.595088  0.941700
13 29  0.602425  0.857932
13 30  0.299574  0.518296
14 15  0.588527  0.955551
14 16  0.570880  0.910686
14 17  0.562444  0.819533
14 18  0.569588  0.835998
14 19  0.567032  0.740126
14 20  0.578650  0.768357
14 21  0.597137  0.894146
14 22  0.596932  1.031069
14 23  0.550059  0.754024
14 24  0.594866  0.935160
14 25  0.596198  0.968560
14 26  0.611426  1.008979
14 27  0.298514  0.466037
14 28  0.594104  0.916630
14 29  0.600397  0.833540
14 30  0.518406  0.681807
15 16  0.588912  1.163853
15 17  0.581811  1.050736
15 18  0.591987  1.089432
15 19  0.590239  0.994813
15 20  0.601826  1.022767
15 21  0.620307  1.147428
15 22  0.589561  1.278902
15 23  0.606019  1.044201
15 24  0.618090  1.188666
15 25  0.572472  1.157028
15 26  0.633066  1.256372
15 27  0.595990  0.960348
15 28  0.462102  1.064981
15 29  0.623537  1.087438
15 30  0.589026  0.975827
16 17  0.569068  1.019193
16 18  0.569163  1.004885
16 19  0.570819  0.939340
16 20  0.582419  0.961221
16 21  0.600639  1.077159
16 22  0.578726  1.159756
16 23  0.599360  0.987046
16 24  0.596569  1.123798
16 25  0.596178  1.162676
16 26  0.590056  1.186467
16 27  0.576793  0.905047
16 28  0.592293  1.083763
16 29  0.604084  1.023364
16 30  0.570689  0.914520
17 18  0.568190  0.945187
17 19  0.565659  0.848104
17 20  0.577280  0.878165
17 21  0.595761  1.002298
17 22  0.592760  1.122428
17 23  0.574667  0.888304
17 24  0.593430  1.035071
17 25  0.572050  0.998687
17 26  0.609289  1.094208
17 27  0.565529  0.801300
17 28  0.589628  1.013764
17 29  0.599021  0.942803
17 30  0.560358  0.823278
18 19  0.567902  0.857961
18 20  0.578978  0.876724
18 21  0.593921  1.000831
18 22  0.598618  1.144223
18 23  0.598601  0.921006
18 24  0.592582  1.058017
18 25  0.598557  1.092001
18 26  0.586161  1.093110
18 27  0.575322  0.830792
18 28  0.596719  1.029854
18 29  0.581821  0.906920
18 30  0.569328  0.844086
19 20  0.533915  0.766767
19 21  0.582611  0.914372
19 22  0.596625  1.058256
19 23  0.596032  0.829053
19 24  0.586791  0.941996
19 25  0.596206  0.993383
19 26  0.610084  1.021389
19 27  0.572743  0.734975
19 28  0.594469  0.944352
19 29  0.587198  0.838104
19 30  0.566748  0.750075
20 21  0.584310  0.914213
20 22  0.608331  1.085988
20 23  0.607647  0.857080
20 24  0.600996  0.988913
20 25  0.607868  1.025271
20 26  0.622268  1.059317
20 27  0.584357  0.763343
20 28  0.606127  0.973021
20 29  0.603357  0.865965
20 30  0.578361  0.777956
21 22  0.626700  1.194270
21 23  0.626128  0.983588
21 24  0.599311  1.070192
21 25  0.626349  1.145863
21 26  0.639941  1.189157
21 27  0.602836  0.888491
21 28  0.624588  1.100935
21 29  0.603061  0.994945
21 30  0.596840  0.902792
22 23  0.623573  1.115312
22 24  0.622969  1.219507
22 25  0.598426  1.221373
22 26  0.633602  1.316050
22 27  0.602370  1.019045
22 28  0.597067  1.223444
22 29  0.629999  1.150638
22 30  0.595724  1.025687
23 24  0.623869  1.024009
23 25  0.623763  1.053736
23 26  0.640065  1.082824
23 27  0.566069  0.771945
23 28  0.613770  0.964188
23 29  0.629398  0.921290
23 30  0.562891  0.784416
24 25  0.623575  1.168250
24 26  0.626488  1.181626
24 27  0.600589  0.928527
24 28  0.621920  1.137432
24 29  0.590693  1.041188
24 30  0.594594  0.943758
25 26  0.635255  1.218325
25 27  0.601764  0.953834
25 28  0.587363  1.150918
25 29  0.629577  1.089606
25 30  0.594972  0.970314
26 27  0.617428  1.002570
26 28  0.630406  1.161080
26 29  0.640792  1.109746
26 30  0.611419  1.018978
27 28  0.599604  0.912856
27 29  0.606107  0.828521
27 30  0.524366  0.675821
28 29  0.627841  1.034725
28 30  0.592756  0.922473
29 30  0.600112  0.842940
