  -1146.54309230
  -1146.91097761    -1146.78702569
0.00000870625922
2 2 2 2 2 2 2 2 2 2 2 2 2 2 2 0 0 0 0 0 0 0 0 0 0 0 0 0 0 0 
1  0.276943  0.518600
2  0.268730  0.402360
3  0.284665  0.508032
4  0.289609  0.409777
5  0.280058  0.372099
6  0.329981  0.657877
7  0.318434  0.458795
8  0.317086  0.537029
9  0.310287  0.554376
10  0.315979  0.578663
11  0.310290  0.665479
12  0.313447  0.542503
13  0.285916  0.381998
14  0.283896  0.357056
15  0.307812  0.610962
16  0.288278  0.555887
17  0.282875  0.467957
18  0.286754  0.482190
19  0.283723  0.386175
20  0.295347  0.414462
21  0.313988  0.539825
22  0.314205  0.675389
23  0.313156  0.447252
24  0.312016  0.581085
25  0.313800  0.613288
26  0.329001  0.655220
27  0.289640  0.351949
28  0.312098  0.563850
29  0.317504  0.479031
30  0.283589  0.367331
1 2  0.544940  0.913742
1 3  0.556988  0.990601
1 4  0.566506  0.927559
1 5  0.556954  0.885015
1 6  0.579323  1.137704
1 7  0.594667  0.959211
1 8  0.593221  1.051120
1 9  0.576442  1.028273
1 10  0.592742  1.090339
1 11  0.576865  1.171251
1 12  0.590160  1.040333
1 13  0.562721  0.895365
1 14  0.560788  0.874988
1 15  0.578231  1.086706
1 16  0.289044  0.894390
1 17  0.559600  0.983373
1 18  0.557490  0.999363
1 19  0.560527  0.904342
1 20  0.571824  0.932512
1 21  0.590405  1.057088
1 22  0.563845  1.157598
1 23  0.589825  0.965244
1 24  0.588568  1.096214
1 25  0.589129  1.119741
1 26  0.580840  1.148890
1 27  0.566417  0.870343
1 28  0.587849  1.080737
1 29  0.593993  0.996586
1 30  0.560098  0.885668
2 3  0.553370  0.909338
2 4  0.558327  0.810192
2 5  0.548782  0.773574
2 6  0.597626  1.039813
2 7  0.567419  0.839108
2 8  0.585727  0.933220
2 9  0.563573  0.911956
2 10  0.584656  0.978095
2 11  0.573913  1.048389
2 12  0.582136  0.944127
2 13  0.551714  0.780922
2 14  0.547639  0.748585
2 15  0.571889  1.010557
2 16  0.556791  0.955657
2 17  0.264259  0.639843
2 18  0.555447  0.884063
2 19  0.552397  0.788333
2 20  0.564070  0.816589
2 21  0.582654  0.941565
2 22  0.578187  1.067460
2 23  0.563371  0.832881
2 24  0.580341  0.982635
2 25  0.558638  1.005715
2 26  0.597264  1.056408
2 27  0.553046  0.751595
2 28  0.579700  0.961535
2 29  0.586231  0.881043
2 30  0.550734  0.765642
3 4  0.573467  0.915460
3 5  0.563305  0.867495
3 6  0.590562  1.138421
3 7  0.603079  0.959394
3 8  0.597405  1.036971
3 9  0.594832  1.052939
3 10  0.598120  1.074257
3 11  0.593255  1.155735
3 12  0.575291  0.980622
3 13  0.570568  0.885564
3 14  0.568546  0.863492
3 15  0.592172  1.092862
3 16  0.568214  1.061794
3 17  0.567433  0.974948
3 18  0.283435  0.782570
3 19  0.568033  0.892671
3 20  0.578050  0.921913
3 21  0.592041  1.042657
3 22  0.598581  1.180770
3 23  0.597566  0.954724
3 24  0.590694  1.064625
3 25  0.598337  1.118749
3 26  0.581941  1.126466
3 27  0.574304  0.859823
3 28  0.596010  1.069865
3 29  0.590226  0.984158
3 30  0.568194  0.875062
4 5  0.526585  0.752476
4 6  0.618390  1.050770
4 7  0.608041  0.868041
4 8  0.598611  0.916512
4 9  0.599867  0.961281
4 10  0.582497  0.949467
4 11  0.599845  1.069798
4 12  0.598507  0.948419
4 13  0.575525  0.791555
4 14  0.573505  0.766405
4 15  0.597413  1.019927
4 16  0.577744  0.965032
4 17  0.572289  0.877325
4 18  0.576177  0.889850
4 19  0.290238  0.558384
4 20  0.531017  0.770374
4 21  0.582804  0.922664
4 22  0.603469  1.084211
4 23  0.602719  0.856837
4 24  0.596437  0.989546
4 25  0.603106  1.022284
4 26  0.617616  1.064254
4 27  0.579232  0.761670
4 28  0.601544  0.973071
4 29  0.604041  0.884638
4 30  0.573193  0.777022
5 6  0.609090  1.019055
5 7  0.598490  0.829452
5 8  0.586959  0.888733
5 9  0.590332  0.923130
5 10  0.581377  0.942475
5 11  0.590336  1.036901
5 12  0.586116  0.896505
5 13  0.565973  0.753744
5 14  0.563954  0.729100
5 15  0.587866  0.980153
5 16  0.568082  0.927542
5 17  0.562889  0.839828
5 18  0.566094  0.853905
5 19  0.521597  0.724291
5 20  0.288681  0.543794
5 21  0.562855  0.880254
5 22  0.594126  1.046777
5 23  0.593211  0.819205
5 24  0.589930  0.947364
5 25  0.593787  0.984967
5 26  0.608971  1.026848
5 27  0.569691  0.724012
5 28  0.592134  0.935531
5 29  0.596368  0.850782
5 30  0.563642  0.739366
6 7  0.648180  1.107024
6 8  0.633191  1.126993
6 9  0.635065  1.165126
6 10  0.642915  1.221387
6 11  0.627571  1.285277
6 12  0.640824  1.197038
6 13  0.615872  1.039265
6 14  0.613845  1.012466
6 15  0.635552  1.260895
6 16  0.582622  1.156608
6 17  0.611317  1.124252
6 18  0.593821  1.117144
6 19  0.613463  1.043452
6 20  0.625086  1.071485
6 21  0.640243  1.188330
6 22  0.631517  1.297171
6 23  0.642989  1.104353
6 24  0.626784  1.221412
6 25  0.640317  1.267904
6 26  0.426502  1.212263
6 27  0.619369  1.009485
6 28  0.640230  1.219682
6 29  0.646159  1.135356
6 30  0.613412  1.024614
7 8  0.635514  0.994053
7 9  0.625842  0.991562
7 10  0.634411  1.036363
7 11  0.627747  1.121592
7 12  0.631879  0.997678
7 13  0.567840  0.806647
7 14  0.568876  0.797694
7 15  0.616760  1.031249
7 16  0.605533  1.014069
7 17  0.574583  0.898449
7 18  0.604949  0.940399
7 19  0.602157  0.844811
7 20  0.613775  0.873014
7 21  0.632384  0.997973
7 22  0.628807  1.129817
7 23  0.406083  0.748668
7 24  0.630341  1.039218
7 25  0.627071  1.060488
7 26  0.647357  1.113176
7 27  0.565717  0.770958
7 28  0.625756  1.021567
7 29  0.635923  0.937392
7 30  0.555548  0.780331
8 9  0.627154  1.081347
8 10  0.606375  1.081762
8 11  0.626599  1.185034
8 12  0.593476  1.068607
8 13  0.602997  0.918380
8 14  0.600977  0.892765
8 15  0.624846  1.145966
8 16  0.604876  1.088822
8 17  0.599388  1.004043
8 18  0.601693  1.009325
8 19  0.599519  0.922883
8 20  0.609348  0.945814
8 21  0.587280  1.009791
8 22  0.630567  1.209653
8 23  0.630080  0.983828
8 24  0.446625  1.001590
8 25  0.630184  1.148595
8 26  0.639306  1.190727
8 27  0.606667  0.888816
8 28  0.628788  1.099875
8 29  0.592441  0.991868
8 30  0.600665  0.904124
9 10  0.626157  1.130775
9 11  0.591769  1.202235
9 12  0.623671  1.093805
9 13  0.595981  0.935467
9 14  0.594018  0.909115
9 15  0.583389  1.141726
9 16  0.594128  1.104664
9 17  0.582424  1.017228
9 18  0.596748  1.035362
9 19  0.593992  0.940130
9 20  0.605625  0.968264
9 21  0.624127  1.092880
9 22  0.573033  1.141803
9 23  0.622470  1.001116
9 24  0.621792  1.134015
9 25  0.470551  1.061224
9 26  0.638794  1.207186
9 27  0.599399  0.905726
9 28  0.582063  1.105938
9 29  0.627785  1.032467
9 30  0.593396  0.919980
10 11  0.625850  1.216474
10 12  0.602257  1.073285
10 13  0.601894  0.958058
10 14  0.599873  0.933445
10 15  0.623776  1.180885
10 16  0.604206  1.132735
10 17  0.598482  1.045371
10 18  0.597275  1.045859
10 19  0.568855  0.930851
10 20  0.588389  0.962657
10 21  0.487830  1.042613
10 22  0.629917  1.250355
10 23  0.628994  1.025298
10 24  0.599230  1.150532
10 25  0.629363  1.189628
10 26  0.640661  1.225668
10 27  0.605594  0.930416
10 28  0.627787  1.140934
10 29  0.590831  0.990538
10 30  0.599567  0.945684
11 12  0.623167  1.184726
11 13  0.595729  1.033338
11 14  0.593699  1.008176
11 15  0.588275  1.214952
11 16  0.584542  1.191765
11 17  0.586753  1.129698
11 18  0.596008  1.144404
11 19  0.593655  1.050953
11 20  0.605446  1.079112
11 21  0.624258  1.202524
11 22  0.513115  1.304814
11 23  0.620424  1.105986
11 24  0.621469  1.242853
11 25  0.592415  1.270190
11 26  0.619735  1.280111
11 27  0.599655  1.017169
11 28  0.570591  1.145322
11 29  0.627494  1.143218
11 30  0.593818  1.032361
12 13  0.599361  0.920656
12 14  0.597340  0.897448
12 15  0.621230  1.135473
12 16  0.601457  1.096155
12 17  0.596192  1.009638
12 18  0.576689  1.011950
12 19  0.595005  0.922966
12 20  0.604040  0.955592
12 21  0.599501  1.070711
12 22  0.627583  1.215109
12 23  0.626502  0.989202
12 24  0.581526  1.072846
12 25  0.627152  1.154303
12 26  0.636533  1.179420
12 27  0.603083  0.894275
12 28  0.625382  1.104499
12 29  0.444327  0.887704
12 30  0.597031  0.909522
13 14  0.521995  0.697256
13 15  0.590931  0.967478
13 16  0.573330  0.937536
13 17  0.567913  0.845905
13 18  0.572533  0.863902
13 19  0.569625  0.768088
13 20  0.581248  0.796337
13 21  0.599902  0.921478
13 22  0.599330  1.056771
13 23  0.558841  0.790065
13 24  0.597931  0.962667
13 25  0.599468  0.994000
13 26  0.614507  1.036473
13 27  0.518026  0.684453
13 28  0.596217  0.943686
13 29  0.603399  0.860806
13 30  0.299953  0.522489
14 15  0.589643  0.957146
14 16  0.571893  0.912649
14 17  0.563224  0.823129
14 18  0.570605  0.839085
14 19  0.567601  0.743176
14 20  0.579232  0.771448
14 21  0.597884  0.896678
14 22  0.597979  1.032175
14 23  0.550782  0.757367
14 24  0.595883  0.937852
14 25  0.597294  0.970032
14 26  0.612552  1.011776
14 27  0.299024  0.469281
14 28  0.595240  0.918141
14 29  0.601389  0.835959
14 30  0.518825  0.685437
15 16  0.590613  1.164579
15 17  0.583284  1.053332
15 18  0.593666  1.091271
15 19  0.591508  0.996566
15 20  0.603100  1.024556
15 21  0.621747  1.148679
15 22  0.591176  1.278720
15 23  0.607398  1.046069
15 24  0.619803  1.190088
15 25  0.574216  1.158078
15 26  0.634885  1.257832
15 27  0.597160  0.961993
15 28  0.463772  1.065106
15 29  0.625211  1.088583
15 30  0.590138  0.977910
16 17  0.570438  1.021682
16 18  0.570723  1.006803
16 19  0.571978  0.941309
16 20  0.583593  0.962996
16 21  0.601972  1.078481
16 22  0.580249  1.159915
16 23  0.600639  0.988948
16 24  0.598124  1.125329
16 25  0.597805  1.163068
16 26  0.591768  1.188147
16 27  0.577857  0.906912
16 28  0.593986  1.084332
16 29  0.605664  1.024671
16 30  0.571699  0.916622
17 18  0.569563  0.948796
17 19  0.566583  0.851457
17 20  0.578215  0.881750
17 21  0.596860  1.005274
17 22  0.594154  1.123923
17 23  0.575673  0.891942
17 24  0.594802  1.037920
17 25  0.573432  1.000300
17 26  0.610785  1.097199
17 27  0.566365  0.804582
17 28  0.591113  1.015941
17 29  0.600363  0.945708
17 30  0.561133  0.827063
18 19  0.569047  0.860934
18 20  0.580130  0.879622
18 21  0.595220  1.003305
18 22  0.600238  1.145326
18 23  0.599889  0.924043
18 24  0.594169  1.060767
18 25  0.600243  1.093532
18 26  0.587847  1.095738
18 27  0.576387  0.833780
18 28  0.598446  1.031396
18 29  0.583251  0.908964
18 30  0.570337  0.847381
19 20  0.534574  0.769963
19 21  0.583506  0.916905
19 22  0.597812  1.059285
19 23  0.596874  0.832120
19 24  0.587943  0.944430
19 25  0.597436  0.994556
19 26  0.611351  1.023766
19 27  0.573363  0.737902
19 28  0.595747  0.945706
19 29  0.588284  0.840370
19 30  0.567311  0.753437
20 21  0.585200  0.916652
20 22  0.609529  1.087027
20 23  0.608500  0.860156
20 24  0.602137  0.991603
20 25  0.609115  1.026761
20 26  0.623568  1.061970
20 27  0.584987  0.766341
20 28  0.607423  0.974432
20 29  0.604484  0.868317
20 30  0.578935  0.781314
21 22  0.628057  1.194546
21 23  0.627144  0.986224
21 24  0.600592  1.072162
21 25  0.627761  1.146689
21 26  0.641397  1.191442
21 27  0.603628  0.890882
21 28  0.626043  1.101996
21 29  0.604322  0.996934
21 30  0.597577  0.905508
22 23  0.624873  1.116509
22 24  0.624570  1.219997
22 25  0.600045  1.220876
22 26  0.635322  1.316878
22 27  0.603451  1.019901
22 28  0.598787  1.223092
22 29  0.631601  1.151103
22 30  0.596751  1.026774
23 24  0.625156  1.026798
23 25  0.625129  1.055332
23 26  0.641473  1.085360
23 27  0.566840  0.775137
23 28  0.615117  0.965540
23 29  0.630659  0.923691
23 30  0.563605  0.787931
24 25  0.625246  1.169008
24 26  0.628135  1.183784
24 27  0.601653  0.931004
24 28  0.623642  1.138607
24 29  0.592168  1.043237
24 30  0.595602  0.946656
25 26  0.637013  1.219502
25 27  0.602912  0.955052
25 28  0.589136  1.151140
25 29  0.631232  1.090437
25 30  0.596062  0.971930
26 27  0.618631  1.005206
26 28  0.632123  1.162214
26 29  0.642500  1.111723
26 30  0.612563  1.022097
27 28  0.600781  0.914269
27 29  0.607144  0.830851
27 30  0.524826  0.679187
28 29  0.629545  1.035507
28 30  0.593889  0.924242
29 30  0.601093  0.845634
