   -993.89086427
   -994.20446187     -994.07514294
0.00007459605599
2 2 2 2 2 2 2 2 2 2 2 2 2 0 0 0 0 0 0 0 0 0 0 0 0 0 
1  0.265086  0.532708
2  0.277085  0.441077
3  0.286695  0.484993
4  0.273570  0.557489
5  0.264062  0.413294
6  0.278278  0.348199
7  0.280093  0.342956
8  0.302707  0.612077
9  0.300938  0.422936
10  0.307321  0.684278
11  0.303420  0.600572
12  0.300450  0.657504
13  0.311688  0.684111
14  0.274625  0.557024
15  0.281167  0.468979
16  0.286638  0.473621
17  0.278017  0.576987
18  0.269056  0.404016
19  0.281249  0.358226
20  0.282419  0.335278
21  0.312050  0.693787
22  0.308399  0.678922
23  0.301722  0.425909
24  0.303147  0.583234
25  0.304887  0.586764
26  0.302142  0.661023
1 2  0.541375  0.962414
1 3  0.550408  0.988052
1 4  0.536542  1.081252
1 5  0.529058  0.944156
1 6  0.543259  0.875570
1 7  0.545128  0.873722
1 8  0.550077  1.059103
1 9  0.565750  0.949402
1 10  0.568591  1.186312
1 11  0.565386  1.092398
1 12  0.562371  1.185422
1 13  0.555369  1.165655
1 14  0.253338  0.907967
1 15  0.546136  0.999590
1 16  0.550565  1.004752
1 17  0.542422  1.097756
1 18  0.533946  0.934966
1 19  0.545842  0.890593
1 20  0.547418  0.867835
1 21  0.553260  1.200243
1 22  0.567143  1.200829
1 23  0.565721  0.958048
1 24  0.552747  1.112990
1 25  0.567089  1.116895
1 26  0.563687  1.170945
2 3  0.520319  0.897358
2 4  0.550582  0.993321
2 5  0.541137  0.851793
2 6  0.555363  0.789078
2 7  0.557177  0.783864
2 8  0.570782  1.022214
2 9  0.578020  0.861415
2 10  0.568503  1.115234
2 11  0.580495  1.040216
2 12  0.570490  1.063063
2 13  0.588040  1.100867
2 14  0.551530  0.996486
2 15  0.270446  0.696676
2 16  0.516251  0.871669
2 17  0.554718  1.016904
2 18  0.546066  0.844701
2 19  0.558313  0.799176
2 20  0.559490  0.776283
2 21  0.588845  1.132663
2 22  0.557948  1.078450
2 23  0.578804  0.866684
2 24  0.578693  1.021372
2 25  0.581753  1.026717
2 26  0.576381  1.100289
3 4  0.560248  1.039966
3 5  0.550743  0.897525
3 6  0.564973  0.831701
3 7  0.566788  0.827422
3 8  0.581762  1.047593
3 9  0.587629  0.905733
3 10  0.570261  1.119773
3 11  0.590087  1.074124
3 12  0.582829  1.136293
3 13  0.597963  1.154592
3 14  0.559735  1.040230
3 15  0.517243  0.902688
3 16  0.277863  0.740545
3 17  0.564617  1.060355
3 18  0.555746  0.888538
3 19  0.567906  0.843031
3 20  0.569100  0.820182
3 21  0.598547  1.176529
3 22  0.564225  1.129665
3 23  0.588375  0.910471
3 24  0.586826  1.066551
3 25  0.591344  1.070079
3 26  0.586852  1.134383
4 5  0.532608  0.935595
4 6  0.551701  0.903670
4 7  0.553437  0.892582
4 8  0.576051  1.164089
4 9  0.572699  0.970234
4 10  0.580532  1.210877
4 11  0.549907  1.119494
4 12  0.572179  1.169239
4 13  0.554734  1.197986
4 14  0.547332  1.103245
4 15  0.554229  1.025178
4 16  0.559995  1.029725
4 17  0.279658  0.974197
4 18  0.538643  0.960354
4 19  0.554439  0.914254
4 20  0.555302  0.892178
4 21  0.549678  1.198101
4 22  0.581657  1.231593
4 23  0.574822  0.982001
4 24  0.576561  1.137537
4 25  0.545139  1.106347
4 26  0.573404  1.214511
5 6  0.538364  0.754189
5 7  0.538233  0.741372
5 8  0.566758  1.024018
5 9  0.545735  0.818451
5 10  0.571361  1.087742
5 11  0.546903  0.982033
5 12  0.564357  1.053210
5 13  0.573505  1.082646
5 14  0.538565  0.967684
5 15  0.545119  0.881706
5 16  0.550678  0.886430
5 17  0.537788  0.988940
5 18  0.252018  0.589267
5 19  0.544353  0.767981
5 20  0.542807  0.746816
5 21  0.575423  1.101497
5 22  0.572276  1.090467
5 23  0.539508  0.810359
5 24  0.567201  0.995698
5 25  0.540962  0.973769
5 26  0.565443  1.072643
6 7  0.511175  0.651969
6 8  0.580979  0.957108
6 9  0.548667  0.746449
6 10  0.585594  1.029179
6 11  0.577914  0.929235
6 12  0.578713  1.004747
6 13  0.589541  1.029668
6 14  0.552430  0.904923
6 15  0.559430  0.817047
6 16  0.564881  0.821673
6 17  0.555916  0.923910
6 18  0.546250  0.749454
6 19  0.280047  0.463734
6 20  0.508303  0.637829
6 21  0.589298  1.040821
6 22  0.586655  1.026665
6 23  0.540143  0.733898
6 24  0.581367  0.931098
6 25  0.581831  0.934651
6 26  0.580416  1.008840
7 8  0.582797  0.953882
7 9  0.549431  0.743419
7 10  0.587411  1.024158
7 11  0.581396  0.932767
7 12  0.580532  0.997731
7 13  0.591677  1.026333
7 14  0.554639  0.899771
7 15  0.561246  0.811822
7 16  0.566715  0.816472
7 17  0.557353  0.919377
7 18  0.545197  0.745168
7 19  0.508198  0.652914
7 20  0.280135  0.426635
7 21  0.591758  1.035640
7 22  0.588492  1.021489
7 23  0.541746  0.729051
7 24  0.583230  0.925960
7 25  0.584320  0.929289
7 26  0.582197  1.003602
8 9  0.603630  1.030210
8 10  0.584189  1.256571
8 11  0.605921  1.188164
8 12  0.567287  1.251130
8 13  0.611683  1.258714
8 14  0.562920  1.166071
8 15  0.581828  1.076745
8 16  0.586946  1.083758
8 17  0.580544  1.184358
8 18  0.571759  1.015261
8 19  0.583862  0.969876
8 20  0.585105  0.947148
8 21  0.612385  1.298573
8 22  0.577444  1.231972
8 23  0.604281  1.037133
8 24  0.366502  1.061632
8 25  0.607108  1.195450
8 26  0.565224  1.220676
9 10  0.608254  1.106031
9 11  0.593905  1.013530
9 12  0.601364  1.074840
9 13  0.610157  1.079695
9 14  0.574525  0.979359
9 15  0.582104  0.891552
9 16  0.587556  0.896188
9 17  0.578416  0.998907
9 18  0.544274  0.799627
9 19  0.542809  0.742055
9 20  0.541605  0.716331
9 21  0.612139  1.115688
9 22  0.609164  1.100760
9 23  0.372527  0.680364
9 24  0.603963  1.005481
9 25  0.587493  0.986835
9 26  0.602914  1.083084
10 11  0.610518  1.251695
10 12  0.581045  1.278615
10 13  0.618095  1.360045
10 14  0.575566  1.231539
10 15  0.564669  1.112345
10 16  0.561227  1.120140
10 17  0.585000  1.256700
10 18  0.576223  1.086790
10 19  0.588548  1.041967
10 20  0.589739  1.019277
10 21  0.615548  1.364337
10 22  0.409325  1.283742
10 23  0.608910  1.108977
10 24  0.581170  1.228666
10 25  0.612169  1.265658
10 26  0.573955  1.293298
11 12  0.603230  1.244966
11 13  0.596363  1.266349
11 14  0.574821  1.154586
11 15  0.584395  1.068124
11 16  0.589792  1.072562
11 17  0.547725  1.132143
11 18  0.543652  0.976050
11 19  0.583103  0.958333
11 20  0.585238  0.935581
11 21  0.588785  1.240278
11 22  0.611762  1.274085
11 23  0.587525  1.005538
11 24  0.606113  1.180511
11 25  0.376239  1.072140
11 26  0.605220  1.257616
12 13  0.602036  1.272075
12 14  0.569921  1.184407
12 15  0.578201  1.124468
12 16  0.584927  1.119598
12 17  0.575995  1.229978
12 18  0.568676  1.060127
12 19  0.581691  1.015332
12 20  0.582824  0.992518
12 21  0.601085  1.341432
12 22  0.577304  1.302706
12 23  0.602060  1.082513
12 24  0.560735  1.176038
12 25  0.604900  1.240963
12 26  0.368347  1.208448
13 14  0.561930  1.212155
13 15  0.592426  1.150578
13 16  0.598239  1.155776
13 17  0.553290  1.211598
13 18  0.579977  1.083303
13 19  0.591902  1.041180
13 20  0.593717  1.018485
13 21  0.384449  1.289715
13 22  0.615998  1.349783
13 23  0.612494  1.108937
13 24  0.612292  1.259401
13 25  0.589357  1.213587
13 26  0.603375  1.337273
14 15  0.554809  1.015620
14 16  0.559696  1.001004
14 17  0.549540  1.127075
14 18  0.543515  0.959554
14 19  0.555740  0.908268
14 20  0.556973  0.890171
14 21  0.563020  1.191562
14 22  0.579105  1.211537
14 23  0.575982  0.973915
14 24  0.556540  1.052888
14 25  0.576141  1.104262
14 26  0.573581  1.210465
15 16  0.523187  0.914946
15 17  0.559056  1.035230
15 18  0.550210  0.869925
15 19  0.562416  0.826922
15 20  0.563585  0.804132
15 21  0.592359  1.133394
15 22  0.570893  1.124534
15 23  0.582888  0.892439
15 24  0.575726  1.029858
15 25  0.586032  1.054234
15 26  0.575630  1.079106
16 17  0.564619  1.049030
16 18  0.555680  0.877110
16 19  0.567887  0.830198
16 20  0.569056  0.808427
16 21  0.598088  1.151030
16 22  0.572936  1.119560
16 23  0.588357  0.896935
16 24  0.581774  1.010061
16 25  0.591505  1.051991
16 26  0.582616  1.124299
17 18  0.541505  0.946996
17 19  0.559068  0.934337
17 20  0.560290  0.907685
17 21  0.559082  1.214657
17 22  0.585892  1.220717
17 23  0.577374  0.992762
17 24  0.580835  1.155229
17 25  0.555070  1.128020
17 26  0.577885  1.186463
18 19  0.545197  0.755874
18 20  0.545133  0.726882
18 21  0.578055  1.083938
18 22  0.577425  1.073331
18 23  0.550197  0.812888
18 24  0.572188  0.986008
18 25  0.552422  0.959422
18 26  0.571103  1.051158
19 20  0.515696  0.654307
19 21  0.592805  1.046822
19 22  0.589641  1.034375
19 23  0.552083  0.754380
19 24  0.584387  0.937821
19 25  0.581879  0.924331
19 26  0.583372  1.018643
20 21  0.594320  1.028763
20 22  0.590813  1.011841
20 23  0.553046  0.741069
20 24  0.585559  0.917138
20 25  0.584432  0.911486
20 26  0.584547  0.995060
21 22  0.619296  1.360768
21 23  0.610974  1.090826
21 24  0.612866  1.247035
21 25  0.599123  1.263705
21 26  0.603916  1.274168
22 23  0.610115  1.103622
22 24  0.586933  1.226218
22 25  0.612995  1.235257
22 26  0.585565  1.273011
23 24  0.604859  1.004793
23 25  0.596222  0.999608
23 26  0.603842  1.082242
24 25  0.607817  1.149151
24 26  0.566710  1.224302
25 26  0.606043  1.235446
