   -993.89086427
   -994.20508946     -994.07668443
0.00003591666853
2 2 2 2 2 2 2 2 2 2 2 2 2 0 0 0 0 0 0 0 0 0 0 0 0 0 
1  0.267420  0.535017
2  0.278127  0.442460
3  0.287702  0.486149
4  0.275184  0.560811
5  0.265278  0.418621
6  0.278751  0.352121
7  0.280612  0.346329
8  0.305044  0.611513
9  0.302101  0.427110
10  0.309130  0.681560
11  0.305150  0.605145
12  0.302962  0.656955
13  0.313716  0.685852
14  0.276913  0.559674
15  0.282267  0.470274
16  0.287722  0.474578
17  0.279723  0.580246
18  0.270316  0.408806
19  0.281752  0.362162
20  0.282941  0.338211
21  0.314147  0.695693
22  0.310047  0.676568
23  0.302801  0.429678
24  0.305526  0.582846
25  0.306509  0.591566
26  0.304621  0.660306
1 2  0.544687  0.965970
1 3  0.553694  0.991251
1 4  0.540439  1.086737
1 5  0.532599  0.951733
1 6  0.546050  0.881354
1 7  0.547972  0.879269
1 8  0.554156  1.060414
1 9  0.569231  0.955621
1 10  0.572589  1.186057
1 11  0.569314  1.098737
1 12  0.567152  1.187295
1 13  0.559584  1.169634
1 14  0.257289  0.912188
1 15  0.549559  1.003141
1 16  0.553896  1.008086
1 17  0.546444  1.103547
1 18  0.537523  0.941971
1 19  0.548642  0.896816
1 20  0.550272  0.873066
1 21  0.557645  1.205060
1 22  0.571045  1.200866
1 23  0.569085  0.964120
1 24  0.557104  1.114792
1 25  0.571015  1.124017
1 26  0.568479  1.173148
2 3  0.522285  0.899814
2 4  0.553223  0.997770
2 5  0.543390  0.858251
2 6  0.556878  0.794362
2 7  0.558738  0.788589
2 8  0.574006  1.022872
2 9  0.580224  0.866687
2 10  0.571361  1.113869
2 11  0.583265  1.046176
2 12  0.573907  1.063655
2 13  0.591069  1.103365
2 14  0.554849  1.000514
2 15  0.272354  0.699098
2 16  0.518438  0.874768
2 17  0.557386  1.021574
2 18  0.548364  0.850872
2 19  0.559852  0.804490
2 20  0.561053  0.780593
2 21  0.591957  1.136008
2 22  0.560684  1.078003
2 23  0.580925  0.871825
2 24  0.582080  1.022400
2 25  0.584381  1.032905
2 26  0.579873  1.101003
3 4  0.562867  1.044454
3 5  0.552962  0.903973
3 6  0.566452  0.836565
3 7  0.568314  0.831900
3 8  0.584984  1.048546
3 9  0.589797  0.910849
3 10  0.573136  1.118541
3 11  0.592822  1.079359
3 12  0.586233  1.136769
3 13  0.600969  1.157073
3 14  0.562971  1.044095
3 15  0.519412  0.906026
3 16  0.279639  0.742501
3 17  0.567301  1.064727
3 18  0.558012  0.894466
3 19  0.569407  0.848113
3 20  0.570626  0.824265
3 21  0.601656  1.179616
3 22  0.566927  1.128859
3 23  0.590457  0.915387
3 24  0.590158  1.067389
3 25  0.593954  1.076052
3 26  0.590323  1.134920
4 5  0.535320  0.943290
4 6  0.553787  0.910801
4 7  0.555570  0.898812
4 8  0.579979  1.166893
4 9  0.575399  0.977308
4 10  0.583893  1.211086
4 11  0.553166  1.126806
4 12  0.576214  1.171369
4 13  0.558271  1.202866
4 14  0.551214  1.109389
4 15  0.556875  1.029823
4 16  0.562663  1.033981
4 17  0.282730  0.980808
4 18  0.541460  0.968489
4 19  0.556557  0.921437
4 20  0.557372  0.898418
4 21  0.553406  1.204270
4 22  0.584885  1.232675
4 23  0.577487  0.989099
4 24  0.580524  1.140439
4 25  0.548350  1.115151
4 26  0.577450  1.217228
5 6  0.540023  0.763153
5 7  0.539946  0.749529
5 8  0.570305  1.028770
5 9  0.548021  0.827864
5 10  0.574383  1.089769
5 11  0.549837  0.991161
5 12  0.568067  1.057004
5 13  0.576658  1.089143
5 14  0.542053  0.975496
5 15  0.547411  0.888322
5 16  0.552975  0.892694
5 17  0.540642  0.997539
5 18  0.254146  0.600169
5 19  0.546058  0.777230
5 20  0.544518  0.755121
5 21  0.578698  1.108666
5 22  0.575109  1.093418
5 23  0.541766  0.819735
5 24  0.570796  1.000606
5 25  0.543754  0.984236
5 26  0.569067  1.077257
6 7  0.512158  0.659451
6 8  0.583786  0.960171
6 9  0.550305  0.754559
6 10  0.587875  1.030043
6 11  0.580107  0.936774
6 12  0.581695  1.008050
6 13  0.592039  1.035165
6 14  0.555127  0.911465
6 15  0.560996  0.822256
6 16  0.566431  0.826544
6 17  0.558081  0.931024
6 18  0.547963  0.758122
6 19  0.280899  0.472628
6 20  0.509312  0.645193
6 21  0.591818  1.046554
6 22  0.588778  1.028210
6 23  0.541713  0.741730
6 24  0.584201  0.934615
6 25  0.583946  0.943389
6 26  0.583367  1.012023
7 8  0.585651  0.956634
7 9  0.551158  0.751139
7 10  0.589739  1.024501
7 11  0.583603  0.940112
7 12  0.583564  1.000294
7 13  0.594220  1.031384
7 14  0.557440  0.905774
7 15  0.562860  0.816482
7 16  0.568315  0.820797
7 17  0.559507  0.925989
7 18  0.546941  0.753373
7 19  0.509235  0.660731
7 20  0.281097  0.433918
7 21  0.594358  1.040801
7 22  0.590659  1.022485
7 23  0.543376  0.736319
7 24  0.586125  0.928933
7 25  0.586446  0.937458
7 26  0.585193  1.006235
8 9  0.607128  1.033524
8 10  0.588208  1.254100
8 11  0.609969  1.192013
8 12  0.571970  1.250150
8 13  0.616005  1.259756
8 14  0.567242  1.168047
8 15  0.585226  1.077548
8 16  0.590311  1.084241
8 17  0.584566  1.186963
8 18  0.575356  1.019462
8 19  0.586685  0.973230
8 20  0.587961  0.949507
8 21  0.616756  1.300218
8 22  0.581343  1.230298
8 23  0.607690  1.040330
8 24  0.370584  1.059559
8 25  0.611041  1.199708
8 26  0.569866  1.220543
9 10  0.611225  1.107473
9 11  0.596681  1.022082
9 12  0.605036  1.078126
9 13  0.613253  1.084577
9 14  0.577939  0.986170
9 15  0.584366  0.897007
9 16  0.589799  0.901310
9 17  0.581261  1.006322
9 18  0.546632  0.808805
9 19  0.544456  0.750330
9 20  0.543299  0.723580
9 21  0.615380  1.121769
9 22  0.611949  1.102585
9 23  0.374574  0.689562
9 24  0.607502  1.009265
9 25  0.590174  0.995705
9 26  0.606551  1.086537
10 11  0.614037  1.252806
10 12  0.585036  1.275861
10 13  0.621908  1.359349
10 14  0.579602  1.231577
10 15  0.567607  1.111543
10 16  0.564138  1.118782
10 17  0.588472  1.257360
10 18  0.579264  1.088863
10 19  0.590856  1.043164
10 20  0.592070  1.019477
10 21  0.619357  1.363618
10 22  0.412546  1.278188
10 23  0.611774  1.110037
10 24  0.585172  1.226225
10 25  0.615591  1.267840
10 26  0.577950  1.290872
11 12  0.607401  1.248734
11 13  0.599955  1.272538
11 14  0.578791  1.161817
11 15  0.587199  1.073972
11 16  0.592565  1.078105
11 17  0.551081  1.140814
11 18  0.546593  0.985794
11 19  0.585338  0.966850
11 20  0.587473  0.943081
11 21  0.592480  1.246898
11 22  0.615132  1.276413
11 23  0.590225  1.013825
11 24  0.610215  1.184746
11 25  0.379445  1.082377
11 26  0.609392  1.261455
12 13  0.606303  1.272908
12 14  0.574708  1.187397
12 15  0.581758  1.125263
12 16  0.588488  1.120200
12 17  0.580202  1.232844
12 18  0.572402  1.064403
12 19  0.584701  1.018706
12 20  0.585862  0.994889
12 21  0.605594  1.342821
12 22  0.581181  1.300296
12 23  0.605638  1.085731
12 24  0.565396  1.176521
12 25  0.608987  1.245227
12 26  0.372766  1.206806
13 14  0.566212  1.217125
13 15  0.595511  1.153672
13 16  0.601344  1.158512
13 17  0.556999  1.217476
13 18  0.583237  1.089723
13 19  0.594374  1.046778
13 20  0.596262  1.023059
13 21  0.388548  1.293555
13 22  0.619602  1.349242
13 23  0.615605  1.114443
13 24  0.616680  1.261047
13 25  0.592886  1.220299
13 26  0.607733  1.338276
14 15  0.558157  1.019395
14 16  0.563022  1.004420
14 17  0.553464  1.132871
14 18  0.547056  0.966951
14 19  0.558516  0.914347
14 20  0.559775  0.895609
14 21  0.567165  1.195603
14 22  0.582967  1.211973
14 23  0.579331  0.980031
14 24  0.560655  1.054615
14 25  0.579909  1.111146
14 26  0.578311  1.212525
15 16  0.525323  0.917034
15 17  0.561847  1.039375
15 18  0.552567  0.875771
15 19  0.564018  0.832122
15 20  0.565207  0.808342
15 21  0.595507  1.135924
15 22  0.573629  1.123524
15 23  0.585066  0.897264
15 24  0.579033  1.030525
15 25  0.588753  1.060327
15 26  0.579086  1.079682
16 17  0.567412  1.053269
16 18  0.558020  0.882838
16 19  0.569473  0.834851
16 20  0.570662  0.812264
16 21  0.601245  1.153358
16 22  0.575690  1.118408
16 23  0.590518  0.901414
16 24  0.585105  1.010890
16 25  0.594211  1.057401
16 26  0.586016  1.124336
17 18  0.544400  0.954242
17 19  0.561280  0.941477
17 20  0.562521  0.913612
17 21  0.562754  1.219618
17 22  0.589188  1.221217
17 23  0.580071  0.999378
17 24  0.584889  1.158146
17 25  0.558314  1.135652
17 26  0.581962  1.188466
18 19  0.546922  0.764369
18 20  0.546894  0.734197
18 21  0.581301  1.090193
18 22  0.580330  1.075233
18 23  0.552442  0.821429
18 24  0.575825  0.990401
18 25  0.555264  0.968269
18 26  0.574837  1.054745
19 20  0.516716  0.661381
19 21  0.595399  1.052401
19 22  0.591788  1.035685
19 23  0.553678  0.761925
19 24  0.587266  0.941012
19 25  0.583991  0.932153
19 26  0.586352  1.021827
20 21  0.596937  1.033571
20 22  0.592982  1.012162
20 23  0.554688  0.747960
20 24  0.588458  0.919585
20 25  0.586535  0.918634
20 26  0.587549  0.997159
21 22  0.623025  1.360660
21 23  0.614048  1.095581
21 24  0.617299  1.248267
21 25  0.602717  1.270198
21 26  0.608211  1.275041
22 23  0.612842  1.105024
22 24  0.590844  1.224045
22 25  0.616250  1.236978
22 26  0.589439  1.270558
23 24  0.608316  1.007922
23 25  0.598819  1.007976
23 26  0.607400  1.085069
24 25  0.611808  1.153296
24 26  0.571407  1.223311
25 26  0.610051  1.239344
