   -993.89086427
   -994.20532699     -994.07727321
0.00002115431386
2 2 2 2 2 2 2 2 2 2 2 2 2 0 0 0 0 0 0 0 0 0 0 0 0 0 
1  0.268293  0.535937
2  0.278577  0.442845
3  0.288059  0.486391
4  0.275810  0.562290
5  0.265752  0.421296
6  0.278986  0.353954
7  0.280833  0.347989
8  0.305888  0.610767
9  0.302485  0.429102
10  0.309763  0.679935
11  0.305846  0.607631
12  0.303846  0.656470
13  0.314536  0.686997
14  0.277832  0.560718
15  0.282681  0.470724
16  0.288094  0.475017
17  0.280363  0.581635
18  0.270780  0.411236
19  0.281998  0.364120
20  0.283196  0.339769
21  0.314941  0.696664
22  0.310672  0.675193
23  0.303184  0.431492
24  0.306351  0.582334
25  0.307191  0.593941
26  0.305506  0.659645
1 2  0.545980  0.967220
1 3  0.554917  0.992391
1 4  0.541918  1.089112
1 5  0.533941  0.955298
1 6  0.547150  0.883925
1 7  0.549060  0.881784
1 8  0.555602  1.060461
1 9  0.570488  0.958407
1 10  0.574039  1.185519
1 11  0.570820  1.101880
1 12  0.568893  1.187772
1 13  0.561217  1.171551
1 14  0.258842  0.913696
1 15  0.550843  1.004493
1 16  0.555111  1.009471
1 17  0.547946  1.105974
1 18  0.538855  0.945258
1 19  0.549748  0.899686
1 20  0.551402  0.875541
1 21  0.559307  1.207198
1 22  0.572515  1.200464
1 23  0.570316  0.966852
1 24  0.558714  1.115145
1 25  0.572552  1.127302
1 26  0.570227  1.173705
2 3  0.523047  0.900371
2 4  0.554296  0.999525
2 5  0.544311  0.861191
2 6  0.557562  0.796570
2 7  0.559410  0.790621
2 8  0.575245  1.022483
2 9  0.581057  0.868913
2 10  0.572450  1.112627
2 11  0.584409  1.049048
2 12  0.575212  1.063468
2 13  0.592318  1.104584
2 14  0.556216  1.001923
2 15  0.273093  0.699841
2 16  0.519268  0.875927
2 17  0.558440  1.023366
2 18  0.549272  0.853685
2 19  0.560545  0.806831
2 20  0.561758  0.782534
2 21  0.593195  1.137379
2 22  0.561764  1.077276
2 23  0.581758  0.874019
2 24  0.583344  1.022294
2 25  0.585490  1.035662
2 26  0.581188  1.100757
3 4  0.563850  1.046211
3 5  0.553790  0.906875
3 6  0.567044  0.838549
3 7  0.568892  0.833782
3 8  0.586161  1.048249
3 9  0.590537  0.912963
3 10  0.574143  1.117437
3 11  0.593875  1.081919
3 12  0.587448  1.136477
3 13  0.602135  1.158224
3 14  0.564199  1.045410
3 15  0.520219  0.907131
3 16  0.280294  0.743091
3 17  0.568292  1.066341
3 18  0.558833  0.897129
3 19  0.570006  0.850309
3 20  0.571238  0.826062
3 21  0.602803  1.180850
3 22  0.567907  1.127887
3 23  0.591196  0.917438
3 24  0.591323  1.067150
3 25  0.594970  1.078665
3 26  0.591559  1.134591
4 5  0.536375  0.946967
4 6  0.554647  0.914057
4 7  0.556417  0.901735
4 8  0.581439  1.167639
4 9  0.576383  0.980563
4 10  0.585135  1.210792
4 11  0.554424  1.130501
4 12  0.577693  1.172143
4 13  0.559696  1.205446
4 14  0.552748  1.111990
4 15  0.557884  1.031765
4 16  0.563641  1.035874
4 17  0.283920  0.983732
4 18  0.542529  0.972405
4 19  0.557425  0.924846
4 20  0.558221  0.901448
4 21  0.554825  1.207083
4 22  0.586132  1.232837
4 23  0.578482  0.992382
4 24  0.581966  1.141398
4 25  0.549626  1.119290
4 26  0.578947  1.218096
5 6  0.540723  0.767520
5 7  0.540638  0.753591
5 8  0.571621  1.030694
5 9  0.548864  0.832497
5 10  0.575490  1.090552
5 11  0.550993  0.995912
5 12  0.569421  1.058796
5 13  0.577925  1.092715
5 14  0.543443  0.979139
5 15  0.548284  0.891447
5 16  0.553824  0.895793
5 17  0.541740  1.001613
5 18  0.254950  0.605724
5 19  0.546775  0.781851
5 20  0.545236  0.759375
5 21  0.579954  1.112253
5 22  0.576213  1.094711
5 23  0.542608  0.824354
5 24  0.572093  1.002758
5 25  0.544881  0.989437
5 26  0.570383  1.079278
6 7  0.512607  0.663030
6 8  0.584863  0.961133
6 9  0.550915  0.758427
6 10  0.588742  1.030111
6 11  0.581015  0.940667
6 12  0.582813  1.009368
6 13  0.593088  1.038089
6 14  0.556276  0.914334
6 15  0.561641  0.824537
6 16  0.567033  0.828813
6 17  0.558959  0.934218
6 18  0.548656  0.762375
6 19  0.281340  0.476903
6 20  0.509807  0.648830
6 21  0.592832  1.049313
6 22  0.589639  1.028656
6 23  0.542323  0.745439
6 24  0.585254  0.935929
6 25  0.584855  0.947604
6 26  0.584487  1.013186
7 8  0.586714  0.957513
7 9  0.551780  0.754882
7 10  0.590593  1.024393
7 11  0.584504  0.943973
7 12  0.584669  1.001356
7 13  0.595258  1.034151
7 14  0.558579  0.908469
7 15  0.563489  0.818589
7 16  0.568905  0.822893
7 17  0.560349  0.929033
7 18  0.547612  0.757489
7 19  0.509709  0.664586
7 20  0.281520  0.437687
7 21  0.595371  1.043373
7 22  0.591505  1.022757
7 23  0.543983  0.739863
7 24  0.587170  0.930075
7 25  0.587343  0.941487
7 26  0.586301  1.007224
8 9  0.608357  1.034635
8 10  0.589640  1.252118
8 11  0.611504  1.193641
8 12  0.573651  1.248989
8 13  0.617649  1.260095
8 14  0.568873  1.168330
8 15  0.586466  1.077292
8 16  0.591514  1.083975
8 17  0.586039  1.187581
8 18  0.576663  1.021134
8 19  0.587766  0.974439
8 20  0.589058  0.950315
8 21  0.618376  1.300600
8 22  0.582788  1.228715
8 23  0.608918  1.041403
8 24  0.372112  1.057725
8 25  0.612567  1.201357
8 26  0.571541  1.219676
9 10  0.612242  1.107836
9 11  0.597727  1.026479
9 12  0.606303  1.079475
9 13  0.614413  1.087260
9 14  0.579228  0.989199
9 15  0.585162  0.899441
9 16  0.590553  0.903737
9 17  0.582271  1.009697
9 18  0.547464  0.813323
9 19  0.545077  0.754341
9 20  0.543939  0.727191
9 21  0.616556  1.124737
9 22  0.612940  1.103207
9 23  0.375355  0.693964
9 24  0.608706  1.010747
9 25  0.591203  1.000048
9 26  0.607817  1.087864
10 11  0.615354  1.253365
10 12  0.586457  1.274077
10 13  0.623356  1.358998
10 14  0.581141  1.231040
10 15  0.568654  1.110666
10 16  0.565172  1.117796
10 17  0.589737  1.257177
10 18  0.580352  1.089659
10 19  0.591731  1.043489
10 20  0.592958  1.019402
10 21  0.620736  1.363024
10 22  0.413780  1.274919
10 23  0.612780  1.110231
10 24  0.586569  1.224410
10 25  0.616903  1.268621
10 26  0.579374  1.289023
11 12  0.608949  1.250632
11 13  0.601408  1.276047
11 14  0.580393  1.165334
11 15  0.588294  1.076906
11 16  0.593603  1.081038
11 17  0.552388  1.145009
11 18  0.547741  0.990856
11 19  0.586271  0.971305
11 20  0.588418  0.947122
11 21  0.593916  1.250343
11 22  0.616453  1.277569
11 23  0.591270  1.018083
11 24  0.611733  1.186735
11 25  0.380800  1.087814
11 26  0.610964  1.263243
12 13  0.607895  1.273442
12 14  0.576501  1.188318
12 15  0.583036  1.125259
12 16  0.589736  1.120227
12 17  0.581711  1.233809
12 18  0.573726  1.066359
12 19  0.585831  1.020173
12 20  0.587002  0.995956
12 21  0.607212  1.343309
12 22  0.582586  1.298663
12 23  0.606901  1.087062
12 24  0.567036  1.176157
12 25  0.610544  1.247104
12 26  0.374386  1.205419
13 14  0.567933  1.219582
13 15  0.596738  1.155303
13 16  0.602538  1.160112
13 17  0.558443  1.220360
13 18  0.584516  1.093237
13 19  0.595421  1.049839
13 20  0.597322  1.025711
13 21  0.390187  1.295809
13 22  0.621007  1.349054
13 23  0.616805  1.117408
13 24  0.618317  1.261808
13 25  0.594335  1.223794
13 26  0.609371  1.338744
14 15  0.559480  1.020765
14 16  0.564292  1.005770
14 17  0.554989  1.135266
14 18  0.548434  0.970394
14 19  0.559675  0.917091
14 20  0.560942  0.898122
14 21  0.568807  1.197355
14 22  0.584478  1.211759
14 23  0.580628  0.982742
14 24  0.562145  1.055039
14 25  0.581461  1.114381
14 26  0.580092  1.212963
15 16  0.526082  0.917831
15 17  0.562899  1.041005
15 18  0.553444  0.878518
15 19  0.564678  0.834515
15 20  0.565876  0.810340
15 21  0.596694  1.137042
15 22  0.574676  1.122648
15 23  0.585861  0.899377
15 24  0.580201  1.030381
15 25  0.589847  1.063156
15 26  0.580351  1.079495
16 17  0.568422  1.055109
16 18  0.558855  0.885698
16 19  0.570091  0.837126
16 20  0.571290  0.814231
16 21  0.602398  1.154491
16 22  0.576696  1.117602
16 23  0.591272  0.903533
16 24  0.586275  1.010971
16 25  0.595266  1.060049
16 26  0.587231  1.124013
17 18  0.545473  0.957657
17 19  0.562165  0.944785
17 20  0.563417  0.916425
17 21  0.564158  1.221934
17 22  0.590428  1.221046
17 23  0.581064  1.002392
17 24  0.586337  1.159037
17 25  0.559606  1.139204
17 26  0.583448  1.189006
18 19  0.547616  0.768654
18 20  0.547609  0.737965
18 21  0.582522  1.093373
18 22  0.581419  1.076012
18 23  0.553279  0.825649
18 24  0.577111  0.992310
18 25  0.556391  0.972713
18 26  0.576184  1.056303
19 20  0.517206  0.664992
19 21  0.596435  1.055225
19 22  0.592660  1.036121
19 23  0.554298  0.765665
19 24  0.588335  0.942276
19 25  0.584902  0.936043
19 26  0.587481  1.023107
20 21  0.597984  1.036081
20 22  0.593863  1.012193
20 23  0.555335  0.751448
20 24  0.589536  0.920565
20 25  0.587451  0.922272
20 26  0.588689  0.998000
21 22  0.624433  1.360439
21 23  0.615189  1.097898
21 24  0.618895  1.248609
21 25  0.604149  1.273422
21 26  0.609757  1.275300
22 23  0.613851  1.105460
22 24  0.592239  1.222441
22 25  0.617543  1.237655
22 26  0.590878  1.268888
23 24  0.609523  1.009118
23 25  0.599846  1.012083
23 26  0.608664  1.086104
24 25  0.613311  1.155066
24 26  0.573090  1.222230
25 26  0.611577  1.240969
