   -993.89086427
   -994.20549172     -994.07773624
0.00001023642020
2 2 2 2 2 2 2 2 2 2 2 2 2 0 0 0 0 0 0 0 0 0 0 0 0 0 
1  0.268888  0.536840
2  0.278909  0.443536
3  0.288323  0.486916
4  0.276289  0.563234
5  0.266109  0.423230
6  0.279122  0.355348
7  0.280976  0.349250
8  0.306555  0.610637
9  0.302750  0.430368
10  0.310257  0.679227
11  0.306346  0.609157
12  0.304507  0.656368
13  0.315129  0.687730
14  0.278462  0.561755
15  0.283007  0.471426
16  0.288376  0.475660
17  0.280866  0.582550
18  0.271146  0.413083
19  0.282146  0.365573
20  0.283359  0.340903
21  0.315517  0.697390
22  0.311144  0.674532
23  0.303441  0.432655
24  0.306987  0.582227
25  0.307694  0.595511
26  0.306182  0.659393
1 2  0.546894  0.968707
1 3  0.555768  0.993730
1 4  0.542973  1.090958
1 5  0.534892  0.958116
1 6  0.547874  0.886036
1 7  0.549793  0.883882
1 8  0.556703  1.061023
1 9  0.571347  0.960501
1 10  0.575104  1.185828
1 11  0.571885  1.104166
1 12  0.570129  1.188595
1 13  0.562358  1.173067
1 14  0.259919  0.915309
1 15  0.551765  1.006080
1 16  0.555958  1.011037
1 17  0.549034  1.107890
1 18  0.539817  0.947970
1 19  0.550478  0.902033
1 20  0.552160  0.877575
1 21  0.560479  1.209031
1 22  0.573577  1.200724
1 23  0.571143  0.968919
1 24  0.559869  1.115904
1 25  0.573650  1.129779
1 26  0.571490  1.174553
2 3  0.523580  0.901585
2 4  0.555103  1.001025
2 5  0.544998  0.863695
2 6  0.558029  0.798647
2 7  0.559883  0.792559
2 8  0.576208  1.022999
2 9  0.581652  0.870726
2 10  0.573284  1.112596
2 11  0.585239  1.051272
2 12  0.576174  1.063941
2 13  0.593230  1.105691
2 14  0.557175  1.003637
2 15  0.273646  0.701242
2 16  0.519858  0.877565
2 17  0.559240  1.024981
2 18  0.549964  0.856224
2 19  0.561018  0.808975
2 20  0.562247  0.784358
2 21  0.594087  1.138814
2 22  0.562565  1.077536
2 23  0.582348  0.875870
2 24  0.584302  1.022898
2 25  0.586308  1.037923
2 26  0.582182  1.101224
3 4  0.564593  1.047685
3 5  0.554410  0.909316
3 6  0.567443  0.840356
3 7  0.569298  0.835536
3 8  0.587089  1.048731
3 9  0.591065  0.914670
3 10  0.574912  1.117354
3 11  0.594639  1.083763
3 12  0.588362  1.136863
3 13  0.602984  1.159323
3 14  0.565056  1.046994
3 15  0.520792  0.908716
3 16  0.280784  0.744265
3 17  0.569058  1.067746
3 18  0.559462  0.899492
3 19  0.570406  0.852285
3 20  0.571658  0.827720
3 21  0.603637  1.182105
3 22  0.568640  1.127923
3 23  0.591718  0.919125
3 24  0.592219  1.067593
3 25  0.595710  1.080786
3 26  0.592500  1.134962
4 5  0.537183  0.949524
4 6  0.555262  0.916341
4 7  0.557039  0.903778
4 8  0.582571  1.168459
4 9  0.577107  0.982623
4 10  0.586099  1.210854
4 11  0.555370  1.132797
4 12  0.578802  1.172802
4 13  0.560737  1.207088
4 14  0.553846  1.114057
4 15  0.558658  1.033422
4 16  0.564396  1.037447
4 17  0.284800  0.985480
4 18  0.543367  0.975202
4 19  0.558053  0.927216
4 20  0.558840  0.903528
4 21  0.555886  1.209168
4 22  0.587079  1.233169
4 23  0.579206  0.994486
4 24  0.583079  1.142233
4 25  0.550597  1.122079
4 26  0.580105  1.218835
5 6  0.541217  0.770736
5 7  0.541138  0.756584
5 8  0.572644  1.032498
5 9  0.549480  0.835676
5 10  0.576341  1.091500
5 11  0.551830  0.999053
5 12  0.570434  1.060268
5 13  0.578842  1.095211
5 14  0.544430  0.982060
5 15  0.548952  0.894087
5 16  0.554464  0.898359
5 17  0.542591  1.004474
5 18  0.255583  0.609783
5 19  0.547280  0.785240
5 20  0.545755  0.762456
5 21  0.580877  1.114882
5 22  0.577037  1.095987
5 23  0.543219  0.827594
5 24  0.573087  1.004577
5 25  0.545721  0.993117
5 26  0.571364  1.080976
6 7  0.512867  0.665748
6 8  0.585664  0.962248
6 9  0.551338  0.761117
6 10  0.589372  1.030628
6 11  0.581649  0.943261
6 12  0.583609  1.010628
6 13  0.593819  1.040177
6 14  0.557017  0.916755
6 15  0.562100  0.826633
6 16  0.567447  0.830849
6 17  0.559599  0.936506
6 18  0.549157  0.765618
6 19  0.281594  0.480110
6 20  0.510096  0.651574
6 21  0.593528  1.051401
6 22  0.590245  1.029381
6 23  0.542732  0.748066
6 24  0.586022  0.937210
6 25  0.585490  0.950574
6 26  0.585298  1.014321
7 8  0.587522  0.958603
7 9  0.552194  0.757471
7 10  0.591230  1.024781
7 11  0.585138  0.946537
7 12  0.585472  1.002415
7 13  0.595992  1.036118
7 14  0.559349  0.910758
7 15  0.563954  0.820553
7 16  0.569327  0.824797
7 17  0.560967  0.931205
7 18  0.548119  0.760610
7 19  0.509990  0.667524
7 20  0.281813  0.440454
7 21  0.596088  1.045322
7 22  0.592118  1.023348
7 23  0.544392  0.742370
7 24  0.587947  0.931226
7 25  0.587983  0.944318
7 26  0.587120  1.008222
8 9  0.609288  1.035675
8 10  0.590761  1.251534
8 11  0.612665  1.194972
8 12  0.574906  1.248771
8 13  0.618903  1.260601
8 14  0.570089  1.169203
8 15  0.587449  1.077892
8 16  0.592453  1.084518
8 17  0.587200  1.188355
8 18  0.577697  1.022840
8 19  0.588569  0.975758
8 20  0.589885  0.951317
8 21  0.619614  1.301307
8 22  0.583896  1.228359
8 23  0.609838  1.042439
8 24  0.373226  1.057165
8 25  0.613741  1.202798
8 26  0.572800  1.219708
9 10  0.613001  1.108394
9 11  0.598457  1.029241
9 12  0.607229  1.080513
9 13  0.615257  1.088954
9 14  0.580102  0.991503
9 15  0.585754  0.901406
9 16  0.591099  0.905646
9 17  0.583029  1.011881
9 18  0.548078  0.816548
9 19  0.545510  0.757122
9 20  0.544372  0.729658
9 21  0.617398  1.126737
9 22  0.613669  1.103824
9 23  0.375881  0.696759
9 24  0.609603  1.011911
9 25  0.591937  1.002880
9 26  0.608760  1.088878
10 11  0.616338  1.253919
10 12  0.587541  1.273392
10 13  0.624436  1.359114
10 14  0.582260  1.231395
10 15  0.569463  1.110924
10 16  0.565943  1.117938
10 17  0.590728  1.257432
10 18  0.581203  1.090796
10 19  0.592372  1.044225
10 20  0.593615  1.019821
10 21  0.621782  1.362995
10 22  0.414673  1.273427
10 23  0.613529  1.110699
10 24  0.587674  1.223817
10 25  0.617900  1.269517
10 26  0.580475  1.288444
11 12  0.610088  1.251988
11 13  0.602445  1.278256
11 14  0.581522  1.167904
11 15  0.589115  1.079135
11 16  0.594360  1.083234
11 17  0.553365  1.147791
11 18  0.548599  0.994393
11 19  0.586918  0.974290
11 20  0.589076  0.949777
11 21  0.594941  1.252676
11 22  0.617422  1.278477
11 23  0.592005  1.020768
11 24  0.612875  1.188172
11 25  0.381785  1.091181
11 26  0.612130  1.264502
12 13  0.609069  1.273879
12 14  0.577781  1.189533
12 15  0.584011  1.125883
12 16  0.590679  1.120840
12 17  0.582877  1.234683
12 18  0.574708  1.068121
12 19  0.586638  1.021517
12 20  0.587825  0.996982
12 21  0.608419  1.343918
12 22  0.583666  1.298111
12 23  0.607820  1.088127
12 24  0.568246  1.176463
12 25  0.611700  1.248581
12 26  0.375654  1.204815
13 14  0.569138  1.221551
13 15  0.597645  1.156762
13 16  0.603412  1.161499
13 17  0.559526  1.222354
13 18  0.585464  1.095792
13 19  0.596144  1.051995
13 20  0.598080  1.027542
13 21  0.391382  1.297340
13 22  0.622056  1.349091
13 23  0.617655  1.119309
13 24  0.619539  1.262544
13 25  0.595383  1.226172
13 26  0.610586  1.339213
14 15  0.560428  1.022383
14 16  0.565191  1.007304
14 17  0.556089  1.137200
14 18  0.549426  0.973254
14 19  0.560448  0.919349
14 20  0.561730  0.900226
14 21  0.569956  1.198885
14 22  0.585566  1.212224
14 23  0.581510  0.984818
14 24  0.563271  1.055760
14 25  0.582560  1.116828
14 26  0.581375  1.213762
15 16  0.526620  0.919153
15 17  0.563721  1.042400
15 18  0.554135  0.880925
15 19  0.565153  0.836654
15 20  0.566365  0.812167
15 21  0.597585  1.138080
15 22  0.575481  1.122717
15 23  0.586444  0.901086
15 24  0.581131  1.030879
15 25  0.590672  1.065429
15 26  0.581346  1.079968
16 17  0.569207  1.056679
16 18  0.559503  0.888177
16 19  0.570521  0.839101
16 20  0.571734  0.815982
16 21  0.603246  1.155614
16 22  0.577467  1.117625
16 23  0.591811  0.905221
16 24  0.587188  1.011557
16 25  0.596051  1.062123
16 26  0.588152  1.124327
17 18  0.546323  0.960128
17 19  0.562815  0.947123
17 20  0.564082  0.918374
17 21  0.565202  1.223542
17 22  0.591387  1.221167
17 23  0.581799  1.004332
17 24  0.587465  1.159857
17 25  0.560589  1.141561
17 26  0.584597  1.189523
18 19  0.548124  0.771876
18 20  0.548132  0.740790
18 21  0.583431  1.095794
18 22  0.582256  1.076918
18 23  0.553899  0.828655
18 24  0.578110  0.994039
18 25  0.557232  0.975833
18 26  0.577225  1.057705
19 20  0.517498  0.667651
19 21  0.597162  1.057333
19 22  0.593279  1.036767
19 23  0.554722  0.768254
19 24  0.589117  0.943439
19 25  0.585548  0.938751
19 26  0.588303  1.024294
20 21  0.598719  1.037925
20 22  0.594496  1.012532
20 23  0.555769  0.753819
20 24  0.590333  0.921531
20 25  0.588099  0.924764
20 26  0.589527  0.998842
21 22  0.625468  1.360626
21 23  0.615999  1.099499
21 24  0.620098  1.249102
21 25  0.605191  1.275665
21 26  0.610916  1.275627
22 23  0.614580  1.105967
22 24  0.593317  1.221871
22 25  0.618506  1.238293
22 26  0.591977  1.268187
23 24  0.610417  1.010085
23 25  0.600572  1.014775
23 26  0.609596  1.086912
24 25  0.614448  1.156454
24 26  0.574331  1.221913
25 26  0.612722  1.242209
