   -993.89086427
   -994.20554760     -994.07789610
0.00000685073316
2 2 2 2 2 2 2 2 2 2 2 2 2 0 0 0 0 0 0 0 0 0 0 0 0 0 
1  0.269115  0.537186
2  0.279011  0.443843
3  0.288415  0.487174
4  0.276447  0.563587
5  0.266230  0.423998
6  0.279163  0.355912
7  0.281026  0.349729
8  0.306803  0.610538
9  0.302860  0.430851
10  0.310434  0.678945
11  0.306527  0.609682
12  0.304739  0.656312
13  0.315345  0.687988
14  0.278698  0.562133
15  0.283114  0.471751
16  0.288485  0.475966
17  0.281036  0.582893
18  0.271268  0.413775
19  0.282195  0.366144
20  0.283413  0.341344
21  0.315719  0.697632
22  0.311317  0.674307
23  0.303550  0.433067
24  0.307220  0.582150
25  0.307865  0.596052
26  0.306425  0.659298
1 2  0.547218  0.969323
1 3  0.556083  0.994308
1 4  0.543352  1.091660
1 5  0.535239  0.959224
1 6  0.548141  0.886872
1 7  0.550068  0.884682
1 8  0.557116  1.061192
1 9  0.571684  0.961299
1 10  0.575499  1.185930
1 11  0.572283  1.104990
1 12  0.570582  1.188898
1 13  0.562783  1.173633
1 14  0.260312  0.915901
1 15  0.552099  1.006742
1 16  0.556286  1.011697
1 17  0.549427  1.108619
1 18  0.540165  0.948994
1 19  0.550744  0.902947
1 20  0.552441  0.878361
1 21  0.560904  1.209689
1 22  0.573966  1.200850
1 23  0.571472  0.969676
1 24  0.560298  1.116153
1 25  0.574047  1.130668
1 26  0.571958  1.174885
2 3  0.523741  0.902149
2 4  0.555361  1.001632
2 5  0.545221  0.864717
2 6  0.558173  0.799513
2 7  0.560036  0.793338
2 8  0.576555  1.023184
2 9  0.581864  0.871444
2 10  0.573563  1.112616
2 11  0.585522  1.052107
2 12  0.576506  1.064153
2 13  0.593542  1.106124
2 14  0.557514  1.004322
2 15  0.273829  0.701890
2 16  0.520057  0.878298
2 17  0.559497  1.025636
2 18  0.550185  0.857223
2 19  0.561168  0.809852
2 20  0.562403  0.785105
2 21  0.594387  1.139369
2 22  0.562840  1.077702
2 23  0.582560  0.876587
2 24  0.584636  1.023136
2 25  0.586577  1.038770
2 26  0.582527  1.101443
3 4  0.564842  1.048302
3 5  0.554621  0.910336
3 6  0.567576  0.841128
3 7  0.569440  0.836261
3 8  0.587429  1.048915
3 9  0.591266  0.915372
3 10  0.575191  1.117358
3 11  0.594912  1.084482
3 12  0.588682  1.137053
3 13  0.603287  1.159771
3 14  0.565380  1.047640
3 15  0.520978  0.909433
3 16  0.280957  0.744856
3 17  0.569320  1.068333
3 18  0.559675  0.900438
3 19  0.570542  0.853113
3 20  0.571803  0.828419
3 21  0.603928  1.182608
3 22  0.568908  1.128020
3 23  0.591918  0.919794
3 24  0.592545  1.067784
3 25  0.595963  1.081590
3 26  0.592837  1.135162
4 5  0.537454  0.950520
4 6  0.555461  0.917240
4 7  0.557248  0.904552
4 8  0.582972  1.168720
4 9  0.577365  0.983401
4 10  0.586428  1.210882
4 11  0.555698  1.133612
4 12  0.579186  1.173030
4 13  0.561096  1.207682
4 14  0.554236  1.114819
4 15  0.558904  1.034102
4 16  0.564658  1.038096
4 17  0.285108  0.986134
4 18  0.543644  0.976253
4 19  0.558261  0.928133
4 20  0.559042  0.904323
4 21  0.556241  1.209905
4 22  0.587407  1.233316
4 23  0.579468  0.995252
4 24  0.583468  1.142511
4 25  0.550919  1.123075
4 26  0.580510  1.219108
5 6  0.541380  0.772029
5 7  0.541313  0.757752
5 8  0.573012  1.033168
5 9  0.549707  0.836919
5 10  0.576638  1.091881
5 11  0.552133  1.000226
5 12  0.570785  1.060840
5 13  0.579171  1.096171
5 14  0.544787  0.983188
5 15  0.549175  0.895182
5 16  0.554694  0.899428
5 17  0.542877  1.005591
5 18  0.255793  0.611342
5 19  0.547450  0.786583
5 20  0.545929  0.763674
5 21  0.581196  1.115883
5 22  0.577327  1.096531
5 23  0.543440  0.828837
5 24  0.573441  1.005265
5 25  0.546005  0.994495
5 26  0.571714  1.081656
6 7  0.512950  0.666816
6 8  0.585952  0.962652
6 9  0.551498  0.762172
6 10  0.589590  1.030844
6 11  0.581873  0.944224
6 12  0.583882  1.011125
6 13  0.594077  1.040986
6 14  0.557285  0.917694
6 15  0.562246  0.827522
6 16  0.567592  0.831719
6 17  0.559811  0.937404
6 18  0.549321  0.766875
6 19  0.281668  0.481381
6 20  0.510185  0.652666
6 21  0.593764  1.052194
6 22  0.590459  1.029717
6 23  0.542890  0.749071
6 24  0.586295  0.937697
6 25  0.585701  0.951682
6 26  0.585582  1.014786
7 8  0.587819  0.958968
7 9  0.552362  0.758454
7 10  0.591456  1.024915
7 11  0.585365  0.947462
7 12  0.585754  1.002797
7 13  0.596256  1.036842
7 14  0.559635  0.911612
7 15  0.564109  0.821355
7 16  0.569484  0.825581
7 17  0.561177  0.932027
7 18  0.548289  0.761786
7 19  0.510081  0.668660
7 20  0.281917  0.441506
7 21  0.596338  1.046027
7 22  0.592341  1.023599
7 23  0.544552  0.743297
7 24  0.588229  0.931628
7 25  0.588202  0.945337
7 26  0.587414  1.008599
8 9  0.609646  1.036016
8 10  0.591176  1.251251
8 11  0.613093  1.195383
8 12  0.575357  1.248633
8 13  0.619360  1.260724
8 14  0.570535  1.169466
8 15  0.587803  1.078128
8 16  0.592808  1.084734
8 17  0.587614  1.188601
8 18  0.578066  1.023427
8 19  0.588863  0.976229
8 20  0.590186  0.951658
8 21  0.620055  1.301490
8 22  0.584312  1.228194
8 23  0.610191  1.042753
8 24  0.373629  1.056884
8 25  0.614161  1.203243
8 26  0.573255  1.219686
9 10  0.613287  1.108596
9 11  0.598738  1.030238
9 12  0.607570  1.080887
9 13  0.615574  1.089577
9 14  0.580439  0.992361
9 15  0.585969  0.902211
9 16  0.591316  0.906434
9 17  0.583305  1.012709
9 18  0.548300  0.817773
9 19  0.545676  0.758202
9 20  0.544537  0.730613
9 21  0.617710  1.127468
9 22  0.613947  1.104088
9 23  0.376079  0.697812
9 24  0.609944  1.012320
9 25  0.592204  1.003906
9 26  0.609114  1.089267
10 11  0.616691  1.254086
10 12  0.587923  1.273116
10 13  0.624825  1.359124
10 14  0.582665  1.231498
10 15  0.569746  1.111065
10 16  0.566230  1.118027
10 17  0.591070  1.257512
10 18  0.581494  1.091206
10 19  0.592596  1.044511
10 20  0.593846  1.019977
10 21  0.622153  1.362939
10 22  0.415002  1.272903
10 23  0.613813  1.110830
10 24  0.588072  1.223553
10 25  0.618246  1.269789
10 26  0.580870  1.288192
11 12  0.610491  1.252425
11 13  0.602819  1.279022
11 14  0.581936  1.168808
11 15  0.589399  1.079980
11 16  0.594638  1.084076
11 17  0.553710  1.148782
11 18  0.548896  0.995675
11 19  0.587146  0.975390
11 20  0.589309  0.950742
11 21  0.595303  1.253473
11 22  0.617774  1.278793
11 23  0.592287  1.021705
11 24  0.613291  1.188626
11 25  0.382130  1.092340
11 26  0.612551  1.264930
12 13  0.609487  1.274019
12 14  0.578247  1.189970
12 15  0.584349  1.126163
12 16  0.591019  1.121122
12 17  0.583282  1.234995
12 18  0.575050  1.068764
12 19  0.586917  1.022031
12 20  0.588111  0.997364
12 21  0.608839  1.344101
12 22  0.584041  1.297893
12 23  0.608161  1.088484
12 24  0.568680  1.176527
12 25  0.612098  1.249070
12 26  0.376081  1.204593
13 14  0.569581  1.222254
13 15  0.597962  1.157350
13 16  0.603734  1.162068
13 17  0.559901  1.223084
13 18  0.585798  1.096738
13 19  0.596404  1.052812
13 20  0.598350  1.028227
13 21  0.391813  1.297870
13 22  0.622436  1.349119
13 23  0.617977  1.119982
13 24  0.619980  1.262765
13 25  0.595752  1.227006
13 26  0.611030  1.339359
14 15  0.560768  1.023039
14 16  0.565531  1.007934
14 17  0.556483  1.137919
14 18  0.549781  0.974318
14 19  0.560731  0.920214
14 20  0.562017  0.901018
14 21  0.570374  1.199424
14 22  0.585966  1.212406
14 23  0.581855  0.985570
14 24  0.563687  1.055984
14 25  0.582959  1.117704
14 26  0.581847  1.214055
15 16  0.526802  0.919775
15 17  0.563995  1.042979
15 18  0.554363  0.881879
15 19  0.565308  0.837543
15 20  0.566526  0.812928
15 21  0.597888  1.138515
15 22  0.575763  1.122818
15 23  0.586659  0.901754
15 24  0.581462  1.031098
15 25  0.590949  1.066294
15 26  0.581696  1.080180
16 17  0.569484  1.057332
16 18  0.559732  0.889170
16 19  0.570678  0.839923
16 20  0.571896  0.816718
16 21  0.603552  1.156061
16 22  0.577754  1.117722
16 23  0.592028  0.905884
16 24  0.587529  1.011803
16 25  0.596330  1.062916
16 26  0.588492  1.124509
17 18  0.546610  0.961060
17 19  0.563034  0.948028
17 20  0.564306  0.919120
17 21  0.565559  1.224115
17 22  0.591723  1.221227
17 23  0.582069  1.005038
17 24  0.587862  1.160128
17 25  0.560922  1.142396
17 26  0.585005  1.189715
18 19  0.548293  0.773110
18 20  0.548312  0.741861
18 21  0.583743  1.096676
18 22  0.582549  1.077285
18 23  0.554126  0.829757
18 24  0.578463  0.994652
18 25  0.557522  0.976953
18 26  0.577590  1.058247
19 20  0.517594  0.668690
19 21  0.597414  1.058122
19 22  0.593500  1.037056
19 23  0.554887  0.769228
19 24  0.589398  0.943862
19 25  0.585769  0.939740
19 26  0.588594  1.024765
20 21  0.598973  1.038603
20 22  0.594723  1.012687
20 23  0.555938  0.754704
20 24  0.590620  0.921872
20 25  0.588320  0.925663
20 26  0.589824  0.999169
21 22  0.625840  1.360688
21 23  0.616303  1.100047
21 24  0.620528  1.249225
21 25  0.605546  1.276432
21 26  0.611330  1.275730
22 23  0.614862  1.106156
22 24  0.593714  1.221643
22 25  0.618845  1.238504
22 26  0.592375  1.267943
23 24  0.610759  1.010386
23 25  0.600841  1.015718
23 26  0.609948  1.087194
24 25  0.614851  1.156902
24 26  0.574774  1.221762
25 26  0.613123  1.242619
