   -993.90476054
   -994.21980736     -994.09333209
0.00011967225268
2 2 2 2 2 2 2 2 2 2 2 2 2 0 0 0 0 0 0 0 0 0 0 0 0 0 
1  0.263316  0.518507
2  0.262085  0.406749
3  0.277684  0.419835
4  0.281445  0.440288
5  0.281438  0.350348
6  0.302769  0.641194
7  0.306548  0.641007
8  0.305371  0.663444
9  0.299791  0.616906
10  0.310258  0.460535
11  0.302755  0.601940
12  0.312311  0.640196
13  0.283876  0.373273
14  0.276041  0.548689
15  0.272713  0.458278
16  0.285285  0.439382
17  0.280668  0.434051
18  0.310384  0.623817
19  0.311427  0.659818
20  0.302671  0.437101
21  0.302325  0.656273
22  0.305972  0.610960
23  0.286842  0.345423
24  0.303220  0.658766
25  0.305226  0.565125
26  0.281969  0.360378
1 2  0.525103  0.920099
1 3  0.540045  0.919914
1 4  0.544334  0.955228
1 5  0.544706  0.867602
1 6  0.564378  1.153582
1 7  0.565014  1.119081
1 8  0.564641  1.176298
1 9  0.549485  1.061258
1 10  0.573028  0.960853
1 11  0.546258  1.031574
1 12  0.572960  1.133940
1 13  0.547050  0.885458
1 14  0.246390  0.877658
1 15  0.535956  0.973770
1 16  0.547000  0.956926
1 17  0.543712  0.950402
1 18  0.568266  1.136150
1 19  0.570415  1.165506
1 20  0.565537  0.954882
1 21  0.563450  1.149609
1 22  0.549328  1.124379
1 23  0.550069  0.863762
1 24  0.565627  1.160735
1 25  0.552916  1.081407
1 26  0.544885  0.878615
2 3  0.539766  0.826231
2 4  0.543517  0.844273
2 5  0.538251  0.745654
2 6  0.564491  1.034859
2 7  0.557748  1.037787
2 8  0.561601  1.037166
2 9  0.554135  0.995529
2 10  0.553302  0.845702
2 11  0.564753  1.004240
2 12  0.574284  1.035932
2 13  0.542890  0.776542
2 14  0.538003  0.953256
2 15  0.253980  0.645445
2 16  0.547342  0.845740
2 17  0.542668  0.840371
2 18  0.572397  1.029162
2 19  0.546658  1.040099
2 20  0.544006  0.824510
2 21  0.563803  1.061180
2 22  0.567181  1.010467
2 23  0.544120  0.749812
2 24  0.563428  1.063760
2 25  0.567261  0.970992
2 26  0.542655  0.762943
3 4  0.515629  0.830052
3 5  0.559120  0.769113
3 6  0.574007  1.041824
3 7  0.584157  1.048092
3 8  0.582748  1.076023
3 9  0.577434  1.028726
3 10  0.587939  0.877933
3 11  0.573333  0.987854
3 12  0.570303  1.045408
3 13  0.561559  0.791078
3 14  0.552632  0.967585
3 15  0.550343  0.877670
3 16  0.274084  0.634735
3 17  0.511686  0.814033
3 18  0.555726  1.004439
3 19  0.589102  1.078399
3 20  0.580315  0.856621
3 21  0.578662  1.070116
3 22  0.583493  1.029433
3 23  0.564524  0.765182
3 24  0.580776  1.077036
3 25  0.580900  0.984049
3 26  0.559651  0.780078
4 5  0.562882  0.789248
4 6  0.576808  1.036653
4 7  0.587916  1.072801
4 8  0.586317  1.082898
4 9  0.581200  1.055715
4 10  0.591699  0.900391
4 11  0.579322  1.033329
4 12  0.571342  1.048766
4 13  0.565321  0.812355
4 14  0.557380  0.986496
4 15  0.553951  0.897961
4 16  0.514802  0.828818
4 17  0.274192  0.653362
4 18  0.563727  1.027463
4 19  0.592613  1.098319
4 20  0.584057  0.877066
4 21  0.580181  1.095107
4 22  0.587401  1.050116
4 23  0.568270  0.785617
4 24  0.583879  1.097506
4 25  0.585199  1.000090
4 26  0.563413  0.800530
5 6  0.584184  0.986620
5 7  0.585626  0.975776
5 8  0.586425  1.002576
5 9  0.581134  0.966913
5 10  0.559567  0.794427
5 11  0.584190  0.951386
5 12  0.593745  0.989830
5 13  0.517581  0.683141
5 14  0.557216  0.898796
5 15  0.551043  0.807083
5 16  0.566721  0.789623
5 17  0.562101  0.784288
5 18  0.591740  0.973863
5 19  0.592489  1.009936
5 20  0.539309  0.742389
5 21  0.583571  1.006295
5 22  0.587018  0.960417
5 23  0.292126  0.453449
5 24  0.583957  1.007486
5 25  0.586627  0.915285
5 26  0.514483  0.669839
6 7  0.608022  1.255798
6 8  0.597951  1.210243
6 9  0.601861  1.251795
6 10  0.612958  1.100132
6 11  0.570887  1.227032
6 12  0.589799  1.233463
6 13  0.586621  1.011237
6 14  0.576814  1.165964
6 15  0.574196  1.097440
6 16  0.586477  1.074388
6 17  0.581364  1.073823
6 18  0.578300  1.209513
6 19  0.611911  1.296731
6 20  0.605204  1.077415
6 21  0.362239  1.179744
6 22  0.607863  1.246032
6 23  0.589478  0.986372
6 24  0.600096  1.295694
6 25  0.568568  1.154847
6 26  0.584695  1.001253
7 8  0.579505  1.249785
7 9  0.575985  1.221324
7 10  0.608070  1.074366
7 11  0.609002  1.216373
7 12  0.618720  1.275870
7 13  0.587391  0.986728
7 14  0.576559  1.185218
7 15  0.563903  1.071569
7 16  0.591760  1.078788
7 17  0.587204  1.073738
7 18  0.616104  1.260473
7 19  0.465014  1.236889
7 20  0.593343  1.058484
7 21  0.607244  1.290142
7 22  0.580215  1.236566
7 23  0.593008  0.985834
7 24  0.562640  1.214066
7 25  0.611123  1.202730
7 26  0.587490  1.001036
8 9  0.571142  1.258352
8 10  0.614402  1.120642
8 11  0.607321  1.261384
8 12  0.616105  1.273830
8 13  0.588954  1.031010
8 14  0.576818  1.178624
8 15  0.572879  1.119647
8 16  0.590634  1.101507
8 17  0.585536  1.095782
8 18  0.613159  1.281047
8 19  0.584110  1.312282
8 20  0.606859  1.097701
8 21  0.596966  1.312899
8 22  0.564072  1.194165
8 23  0.591779  1.008447
8 24  0.418560  1.225311
8 25  0.609973  1.223685
8 26  0.587212  1.022835
9 10  0.606813  1.042124
9 11  0.601288  1.171051
9 12  0.611730  1.228266
9 13  0.583305  0.985309
9 14  0.564143  1.161796
9 15  0.569463  1.067522
9 16  0.584692  1.054926
9 17  0.580270  1.049735
9 18  0.609895  1.236951
9 19  0.565763  1.184269
9 20  0.602170  1.053103
9 21  0.601804  1.267885
9 22  0.416618  1.122449
9 23  0.586226  0.961648
9 24  0.565054  1.252212
9 25  0.603645  1.178777
9 26  0.581054  0.976007
10 11  0.612973  1.049905
10 12  0.622551  1.093403
10 13  0.559059  0.800895
10 14  0.585082  1.008364
10 15  0.554307  0.885914
10 16  0.595493  0.899470
10 17  0.590902  0.894200
10 18  0.620601  1.083163
10 19  0.609408  1.100667
10 20  0.390679  0.743424
10 21  0.612573  1.115685
10 22  0.614204  1.070618
10 23  0.556287  0.767742
10 24  0.612805  1.117483
10 25  0.615287  1.024700
10 26  0.547329  0.777936
11 12  0.589106  1.194995
11 13  0.586625  0.971040
11 14  0.558266  1.146442
11 15  0.575434  1.058723
11 16  0.584643  1.040022
11 17  0.581919  1.029708
11 18  0.584596  1.194850
11 19  0.613382  1.256206
11 20  0.605375  1.038012
11 21  0.563964  1.185704
11 22  0.606198  1.208382
11 23  0.589551  0.947184
11 24  0.605391  1.254378
11 25  0.364918  1.037448
11 26  0.584634  0.961966
12 13  0.596183  1.012823
12 14  0.582842  1.177792
12 15  0.584661  1.096463
12 16  0.568781  1.040130
12 17  0.561103  1.033173
12 18  0.415086  1.182417
12 19  0.622578  1.295214
12 20  0.614966  1.076203
12 21  0.585535  1.272222
12 22  0.617316  1.246141
12 23  0.599078  0.985359
12 24  0.613812  1.294499
12 25  0.582883  1.144386
12 26  0.594225  1.000180
13 14  0.559170  0.921615
13 15  0.555678  0.827539
13 16  0.569147  0.812465
13 17  0.564544  0.807163
13 18  0.594155  0.996639
13 19  0.594085  1.032488
13 20  0.547350  0.772950
13 21  0.586046  1.029118
13 22  0.588693  0.983474
13 23  0.513649  0.668087
13 24  0.586346  1.029562
13 25  0.589007  0.938030
13 26  0.293976  0.503511
14 15  0.548343  1.004722
14 16  0.559989  0.964881
14 17  0.555994  0.976731
14 18  0.582505  1.143189
14 19  0.584174  1.185757
14 20  0.578321  0.971850
14 21  0.575883  1.200396
14 22  0.560384  1.062763
14 23  0.562847  0.893361
14 24  0.577176  1.197504
14 25  0.560275  1.033628
14 26  0.557906  0.903326
15 16  0.557988  0.896955
15 17  0.553357  0.887443
15 18  0.583016  1.070927
15 19  0.564362  1.062407
15 20  0.556610  0.876219
15 21  0.574450  1.088002
15 22  0.574678  1.064457
15 23  0.553276  0.788539
15 24  0.570259  1.067657
15 25  0.577865  1.021894
15 26  0.549204  0.810321
16 17  0.521381  0.843706
16 18  0.572420  1.034441
16 19  0.596597  1.091022
16 20  0.587954  0.874804
16 21  0.581892  1.087207
16 22  0.591093  1.035956
16 23  0.572125  0.784279
16 24  0.588287  1.096233
16 25  0.582670  0.964809
16 26  0.567253  0.798320
17 18  0.571200  1.038325
17 19  0.591875  1.078784
17 20  0.583337  0.870753
17 21  0.575481  1.049454
17 22  0.586432  1.038914
17 23  0.567508  0.778520
17 24  0.583405  1.078637
17 25  0.577770  0.979800
17 26  0.562637  0.793500
18 19  0.621535  1.275805
18 20  0.613019  1.052248
18 21  0.588400  1.219735
18 22  0.616184  1.221762
18 23  0.597225  0.968797
18 24  0.612247  1.240505
18 25  0.590978  1.155141
18 26  0.592350  0.983530
19 20  0.607825  1.092451
19 21  0.611223  1.269067
19 22  0.587831  1.222019
19 23  0.596728  0.993401
19 24  0.584859  1.265968
19 25  0.616351  1.210078
19 26  0.590280  1.000049
20 21  0.604799  1.086907
20 22  0.605136  1.022723
20 23  0.554806  0.760147
20 24  0.601824  1.071573
20 25  0.607868  0.996499
20 26  0.552519  0.771409
21 22  0.606931  1.261820
21 23  0.589153  0.998498
21 24  0.595243  1.218503
21 25  0.571508  1.203902
21 26  0.584278  1.015393
22 23  0.592591  0.955358
22 24  0.573232  1.251057
22 25  0.609807  1.135041
22 26  0.587221  0.961286
23 24  0.589824  0.998904
23 25  0.592065  0.909874
23 26  0.520304  0.666415
24 25  0.607768  1.219699
24 26  0.584777  1.018353
25 26  0.587191  0.922509
