   -993.90476054
   -994.22066453     -994.09544961
0.00008111900886
2 2 2 2 2 2 2 2 2 2 2 2 2 0 0 0 0 0 0 0 0 0 0 0 0 0 
1  0.266359  0.523529
2  0.263665  0.412030
3  0.279014  0.421966
4  0.282718  0.442219
5  0.282109  0.352960
6  0.306121  0.643702
7  0.309232  0.642329
8  0.308140  0.667166
9  0.302480  0.620885
10  0.311933  0.464958
11  0.305786  0.603015
12  0.314321  0.638407
13  0.284735  0.376699
14  0.279266  0.553677
15  0.274571  0.463656
16  0.286597  0.441403
17  0.281820  0.436311
18  0.312319  0.621559
19  0.314098  0.661582
20  0.304155  0.441954
21  0.305509  0.657849
22  0.308734  0.614183
23  0.287617  0.347938
24  0.306116  0.662982
25  0.308167  0.566510
26  0.282753  0.363801
1 2  0.529722  0.930183
1 3  0.544347  0.926615
1 4  0.548586  0.962004
1 5  0.548418  0.875203
1 6  0.570720  1.161188
1 7  0.570538  1.125168
1 8  0.570389  1.185121
1 9  0.554767  1.069157
1 10  0.577718  0.969666
1 11  0.551861  1.036663
1 12  0.577973  1.137152
1 13  0.550945  0.893576
1 14  0.251576  0.887009
1 15  0.540856  0.984013
1 16  0.551270  0.964001
1 17  0.547881  0.957543
1 18  0.573174  1.139017
1 19  0.575998  1.172390
1 20  0.570030  0.964753
1 21  0.569653  1.157000
1 22  0.554939  1.132572
1 23  0.553878  0.871293
1 24  0.571545  1.170246
1 25  0.558578  1.087649
1 26  0.548676  0.887053
2 3  0.542677  0.833640
2 4  0.546367  0.851220
2 5  0.540457  0.753290
2 6  0.569404  1.041918
2 7  0.561943  1.044329
2 8  0.565761  1.045193
2 9  0.558156  1.003818
2 10  0.556445  0.854860
2 11  0.569350  1.010426
2 12  0.577856  1.038599
2 13  0.545285  0.785156
2 14  0.542800  0.963363
2 15  0.257014  0.656534
2 16  0.550215  0.853038
2 17  0.545376  0.847913
2 18  0.575900  1.032186
2 19  0.550906  1.047147
2 20  0.547074  0.834968
2 21  0.568502  1.068074
2 22  0.571490  1.019017
2 23  0.546410  0.757626
2 24  0.567853  1.073268
2 25  0.571784  0.977652
2 26  0.545001  0.771643
3 4  0.518210  0.833896
3 5  0.561121  0.773756
3 6  0.578455  1.046114
3 7  0.588163  1.050861
3 8  0.586822  1.081699
3 9  0.581448  1.034558
3 10  0.590944  0.884249
3 11  0.577524  0.990837
3 12  0.573652  1.045658
3 13  0.563747  0.796391
3 14  0.557090  0.974724
3 15  0.553522  0.885176
3 16  0.276289  0.638898
3 17  0.514291  0.819318
3 18  0.559051  1.004988
3 19  0.593102  1.082321
3 20  0.583122  0.863600
3 21  0.583125  1.073796
3 22  0.587585  1.034792
3 23  0.566629  0.769824
3 24  0.584992  1.083294
3 25  0.585087  0.987614
3 26  0.561765  0.785623
4 5  0.564825  0.793606
4 6  0.581259  1.040799
4 7  0.591861  1.075522
4 8  0.590306  1.087630
4 9  0.585159  1.061625
4 10  0.594646  0.906740
4 11  0.583518  1.036093
4 12  0.574486  1.049006
4 13  0.567452  0.817568
4 14  0.561863  0.993346
4 15  0.557032  0.905277
4 16  0.517538  0.834001
4 17  0.276457  0.657285
4 18  0.566946  1.027720
4 19  0.596530  1.102053
4 20  0.586797  0.883846
4 21  0.584561  1.098677
4 22  0.591432  1.055275
4 23  0.570312  0.790058
4 24  0.588013  1.103700
4 25  0.589378  1.003536
4 26  0.565469  0.805877
5 6  0.588203  0.991325
5 7  0.588887  0.979249
5 8  0.589855  1.008488
5 9  0.584485  0.973484
5 10  0.562032  0.801653
5 11  0.587892  0.955044
5 12  0.596425  0.990580
5 13  0.519200  0.689275
5 14  0.561119  0.906374
5 15  0.553535  0.815081
5 16  0.568704  0.794252
5 17  0.563922  0.789154
5 18  0.594335  0.974214
5 19  0.595813  1.014318
5 20  0.541508  0.750325
5 21  0.587399  1.010478
5 22  0.590450  0.966204
5 23  0.293391  0.458800
5 24  0.587495  1.014286
5 25  0.590242  0.919278
5 26  0.516061  0.676334
6 7  0.614021  1.259053
6 8  0.603634  1.214016
6 9  0.607859  1.258206
6 10  0.617980  1.106997
6 11  0.576920  1.230722
6 12  0.594928  1.234225
6 13  0.590828  1.016954
6 14  0.583346  1.174247
6 15  0.579316  1.105353
6 16  0.591084  1.078947
6 17  0.585834  1.078663
6 18  0.583458  1.211339
6 19  0.617888  1.301127
6 20  0.610031  1.084738
6 21  0.367889  1.182798
6 22  0.613952  1.251723
6 23  0.593598  0.991387
6 24  0.606058  1.302352
6 25  0.574556  1.159972
6 26  0.588834  1.007172
7 8  0.584751  1.254854
7 9  0.581284  1.226930
7 10  0.612211  1.079657
7 11  0.614706  1.218671
7 12  0.623411  1.275602
7 13  0.590880  0.990705
7 14  0.582374  1.191501
7 15  0.568368  1.078502
7 16  0.595725  1.082134
7 17  0.591040  1.077342
7 18  0.620670  1.259674
7 19  0.469971  1.240333
7 20  0.597403  1.064465
7 21  0.613037  1.293148
7 22  0.585464  1.241239
7 23  0.596434  0.989636
7 24  0.568123  1.221764
7 25  0.616755  1.205514
7 26  0.590925  1.005788
8 9  0.576554  1.265910
8 10  0.618789  1.128535
8 11  0.613095  1.266233
8 12  0.620814  1.275038
8 13  0.592562  1.038066
8 14  0.582809  1.188238
8 15  0.577361  1.128773
8 16  0.594708  1.107228
8 17  0.589407  1.101820
8 18  0.617777  1.282506
8 19  0.589398  1.317964
8 20  0.611070  1.106181
8 21  0.602778  1.318285
8 22  0.569740  1.203161
8 23  0.595279  1.014653
8 24  0.423576  1.232992
8 25  0.615644  1.228730
8 26  0.590752  1.029913
9 10  0.611071  1.049616
9 11  0.606939  1.175772
9 12  0.616428  1.229905
9 13  0.586842  0.992557
9 14  0.569865  1.170677
9 15  0.573963  1.076973
9 16  0.588690  1.060943
9 17  0.584105  1.055952
9 18  0.614523  1.238740
9 19  0.571105  1.192182
9 20  0.606315  1.061948
9 21  0.607648  1.273402
9 22  0.421302  1.128889
9 23  0.589684  0.968090
9 24  0.570585  1.261072
9 25  0.609196  1.184195
9 26  0.584459  0.983327
10 11  0.617671  1.054855
10 12  0.626232  1.095478
10 13  0.561521  0.808563
10 14  0.589941  1.017762
10 15  0.557843  0.896166
10 16  0.598449  0.905912
10 17  0.593718  0.900882
10 18  0.624207  1.085332
10 19  0.613644  1.106775
10 20  0.393523  0.753619
10 21  0.617430  1.121680
10 22  0.618575  1.078260
10 23  0.558747  0.774966
10 24  0.617338  1.126090
10 25  0.619907  1.030512
10 26  0.549777  0.786183
11 12  0.594064  1.194832
11 13  0.590515  0.975272
11 14  0.564187  1.152267
11 15  0.580325  1.065133
11 16  0.588901  1.043161
11 17  0.586077  1.033143
11 18  0.589473  1.194346
11 19  0.619040  1.259174
11 20  0.609879  1.043939
11 21  0.569955  1.190072
11 22  0.611859  1.212752
11 23  0.593349  0.950774
11 24  0.611297  1.259655
11 25  0.370013  1.038695
11 26  0.588435  0.966459
12 13  0.599051  1.014436
12 14  0.587913  1.181149
12 15  0.588467  1.100070
12 16  0.572096  1.040978
12 17  0.564254  1.034270
12 18  0.418634  1.177724
12 19  0.627205  1.295292
12 20  0.618453  1.079258
12 21  0.590623  1.272613
12 22  0.622071  1.247619
12 23  0.601853  0.986082
12 24  0.618682  1.297058
12 25  0.587769  1.145633
12 26  0.597019  1.001809
13 14  0.563193  0.930012
13 15  0.558374  0.836364
13 16  0.571310  0.817903
13 17  0.566555  0.812843
13 18  0.596933  0.997804
13 19  0.597600  1.037687
13 20  0.549701  0.781568
13 21  0.590070  1.034105
13 22  0.592255  0.990084
13 23  0.515395  0.674659
13 24  0.590116  1.037041
13 25  0.592807  0.942832
13 26  0.295494  0.510545
14 15  0.553422  1.014934
14 16  0.564524  0.971405
14 17  0.560320  0.983786
14 18  0.587581  1.145830
14 19  0.589984  1.192507
14 20  0.583007  0.980980
14 21  0.582212  1.207046
14 22  0.565958  1.069887
14 23  0.566834  0.900847
14 24  0.583268  1.206656
14 25  0.565773  1.038644
14 26  0.561896  0.911397
15 16  0.561157  0.904325
15 17  0.556362  0.894696
15 18  0.586795  1.073330
15 19  0.568662  1.069057
15 20  0.559855  0.885937
15 21  0.579466  1.093959
15 22  0.579165  1.072869
15 23  0.555863  0.796039
15 24  0.574829  1.076321
15 25  0.582656  1.028630
15 26  0.551781  0.818941
16 17  0.523834  0.847702
16 18  0.575676  1.034411
16 19  0.600571  1.094221
16 20  0.590750  0.881511
16 21  0.586187  1.090390
16 22  0.595169  1.040543
16 23  0.574211  0.788758
16 24  0.592466  1.102411
16 25  0.586768  0.968156
16 26  0.569348  0.803549
17 18  0.574258  1.038403
17 19  0.595672  1.082064
17 20  0.585972  0.877849
17 21  0.579688  1.052830
17 22  0.590332  1.044246
17 23  0.569435  0.783161
17 24  0.587403  1.084682
17 25  0.581681  0.983001
17 26  0.564572  0.799060
18 19  0.626117  1.275412
18 20  0.616430  1.054121
18 21  0.593341  1.219237
18 22  0.620874  1.222507
18 23  0.599935  0.968993
18 24  0.617025  1.241654
18 25  0.595803  1.154698
18 26  0.595069  0.984659
19 20  0.611866  1.098966
19 21  0.616953  1.271847
19 22  0.593061  1.227091
19 23  0.600145  0.997254
19 24  0.590258  1.272054
19 25  0.621960  1.213061
19 26  0.593657  1.004532
20 21  0.609445  1.092993
20 22  0.609252  1.029975
20 23  0.557106  0.767703
20 24  0.606032  1.079581
20 25  0.612286  1.002363
20 26  0.554815  0.779615
21 22  0.612849  1.266638
21 23  0.593112  1.002313
21 24  0.600739  1.222588
21 25  0.577348  1.206902
21 26  0.588248  1.020310
22 23  0.596110  0.961055
22 24  0.578955  1.258491
22 25  0.615446  1.139015
22 26  0.590728  0.967543
23 24  0.593494  1.005425
23 25  0.595781  0.913747
23 26  0.521979  0.672515
24 25  0.613582  1.225249
24 26  0.588425  1.025948
25 26  0.590916  0.927063
