   -993.90476054
   -994.22139235     -994.09728836
0.00004207734830
2 2 2 2 2 2 2 2 2 2 2 2 2 0 0 0 0 0 0 0 0 0 0 0 0 0 
1  0.268827  0.527107
2  0.265055  0.417883
3  0.280086  0.424999
4  0.283843  0.444607
5  0.282741  0.355569
6  0.309012  0.646246
7  0.311502  0.642749
8  0.310657  0.669377
9  0.304623  0.623561
10  0.313220  0.470043
11  0.308309  0.603690
12  0.316196  0.636687
13  0.285294  0.380173
14  0.281856  0.557505
15  0.275963  0.469095
16  0.287757  0.443995
17  0.282904  0.439080
18  0.314274  0.620206
19  0.316493  0.661915
20  0.305410  0.446944
21  0.308353  0.660186
22  0.310698  0.615672
23  0.288296  0.350248
24  0.308635  0.666110
25  0.310620  0.567705
26  0.283330  0.366910
1 2  0.533553  0.939327
1 3  0.547882  0.932861
1 4  0.552154  0.967793
1 5  0.551496  0.881360
1 6  0.576044  1.167342
1 7  0.575076  1.128886
1 8  0.575336  1.190993
1 9  0.558950  1.074539
1 10  0.581475  0.977440
1 11  0.556266  1.040062
1 12  0.582254  1.139271
1 13  0.553959  0.900185
1 14  0.256033  0.893630
1 15  0.544723  0.992915
1 16  0.554776  0.970184
1 17  0.551407  0.963818
1 18  0.577524  1.141326
1 19  0.580706  1.176677
1 20  0.573646  0.973309
1 21  0.574940  1.163707
1 22  0.559294  1.137515
1 23  0.557008  0.877167
1 24  0.576512  1.177462
1 25  0.563228  1.092256
1 26  0.551646  0.893731
2 3  0.545137  0.842514
2 4  0.548877  0.859146
2 5  0.542471  0.761453
2 6  0.573647  1.049490
2 7  0.565554  1.050560
2 8  0.569570  1.052220
2 9  0.561505  1.011330
2 10  0.559025  0.865193
2 11  0.573243  1.016726
2 12  0.581096  1.041747
2 13  0.547217  0.794432
2 14  0.546754  0.972896
2 15  0.259468  0.668408
2 16  0.552722  0.861478
2 17  0.547783  0.856548
2 18  0.579220  1.036674
2 19  0.554593  1.053276
2 20  0.549644  0.846147
2 21  0.572649  1.076312
2 22  0.574818  1.026382
2 23  0.548424  0.765851
2 24  0.571712  1.082273
2 25  0.575630  0.984665
2 26  0.546950  0.780612
3 4  0.520307  0.839038
3 5  0.562825  0.779282
3 6  0.582255  1.051063
3 7  0.591493  1.053633
3 8  0.590369  1.086657
3 9  0.584659  1.040022
3 10  0.593303  0.892112
3 11  0.581003  0.994243
3 12  0.576648  1.046986
3 13  0.565378  0.802592
3 14  0.560635  0.981591
3 15  0.555955  0.893629
3 16  0.278266  0.644764
3 17  0.516513  0.825956
3 18  0.562138  1.007174
3 19  0.596570  1.085697
3 20  0.585417  0.871616
3 21  0.587001  1.079107
3 22  0.590614  1.039315
3 23  0.568380  0.775162
3 24  0.588565  1.089338
3 25  0.588565  0.991881
3 26  0.563410  0.791756
4 5  0.566582  0.798388
4 6  0.585124  1.045195
4 7  0.595249  1.077846
4 8  0.593924  1.091411
4 9  0.588426  1.066669
4 10  0.597058  0.914200
4 11  0.587070  1.038855
4 12  0.577429  1.049787
4 13  0.569136  0.823277
4 14  0.565569  0.999471
4 15  0.559481  0.913111
4 16  0.519934  0.840052
4 17  0.278383  0.662664
4 18  0.570046  1.029219
4 19  0.600040  1.104786
4 20  0.589144  0.891221
4 21  0.588465  1.103435
4 22  0.594521  1.059150
4 23  0.572111  0.794751
4 24  0.591605  1.109247
4 25  0.592936  1.007312
4 26  0.567172  0.811367
5 6  0.591722  0.996045
5 7  0.591717  0.981876
5 8  0.592998  1.012928
5 9  0.587254  0.978747
5 10  0.564035  0.809605
5 11  0.591046  0.958286
5 12  0.598932  0.991377
5 13  0.520355  0.695541
5 14  0.564330  0.912781
5 15  0.555535  0.823175
5 16  0.570497  0.799446
5 17  0.565634  0.794526
5 18  0.596905  0.975472
5 19  0.598826  1.017264
5 20  0.543445  0.758408
5 21  0.590854  1.015414
5 22  0.593053  0.970223
5 23  0.294517  0.464160
5 24  0.590581  1.020001
5 25  0.593327  0.923077
5 26  0.517275  0.682506
6 7  0.619125  1.261576
6 8  0.608535  1.216807
6 9  0.612872  1.263357
6 10  0.622153  1.114503
6 11  0.582189  1.234039
6 12  0.599385  1.235074
6 13  0.594274  1.022761
6 14  0.588796  1.181390
6 15  0.583517  1.113394
6 16  0.595120  1.084136
6 17  0.589770  1.084030
6 18  0.588003  1.213735
6 19  0.623154  1.304088
6 20  0.614133  1.092232
6 21  0.372917  1.187304
6 22  0.618789  1.255718
6 23  0.597152  0.996226
6 24  0.611262  1.307932
6 25  0.579672  1.164830
6 26  0.592302  1.012806
7 8  0.589229  1.257832
7 9  0.585619  1.230345
7 10  0.615629  1.084799
7 11  0.619490  1.219553
7 12  0.627551  1.274519
7 13  0.593693  0.993856
7 14  0.587178  1.195754
7 15  0.571984  1.084714
7 16  0.599161  1.085155
7 17  0.594395  1.080536
7 18  0.624839  1.258875
7 19  0.474310  1.241234
7 20  0.600833  1.069686
7 21  0.618118  1.295966
7 22  0.589495  1.243415
7 23  0.599362  0.992339
7 24  0.572716  1.227045
7 25  0.621465  1.207204
7 26  0.593761  1.009331
8 9  0.581211  1.270648
8 10  0.622541  1.135518
8 11  0.618094  1.269202
8 12  0.625158  1.275085
8 13  0.595642  1.043690
8 14  0.587912  1.195290
8 15  0.581196  1.136452
8 16  0.598379  1.112028
8 17  0.592980  1.106875
8 18  0.622193  1.283407
8 19  0.593990  1.320581
8 20  0.614787  1.113308
8 21  0.607934  1.322770
8 22  0.574307  1.208860
8 23  0.598428  1.019170
8 24  0.427998  1.237898
8 25  0.620600  1.232121
8 26  0.593850  1.035195
9 10  0.614448  1.056381
9 11  0.611522  1.178752
9 12  0.620433  1.230436
9 13  0.589547  0.998554
9 14  0.574443  1.177085
9 15  0.577437  1.085219
9 16  0.591983  1.066244
9 17  0.587305  1.061330
9 18  0.618606  1.240194
9 19  0.575558  1.197441
9 20  0.609704  1.069613
9 21  0.612622  1.278385
9 22  0.424796  1.132394
9 23  0.592496  0.973036
9 24  0.575201  1.267512
9 25  0.613696  1.188193
9 26  0.587132  0.989074
10 11  0.621477  1.059852
10 12  0.629391  1.098081
10 13  0.563344  0.817010
10 14  0.593736  1.026672
10 15  0.560429  0.907067
10 16  0.600861  0.913586
10 17  0.596057  0.908729
10 18  0.627453  1.089044
10 19  0.617207  1.112038
10 20  0.395841  0.764997
10 21  0.621556  1.129062
10 22  0.621798  1.084850
10 23  0.560741  0.782699
10 24  0.621116  1.134315
10 25  0.623621  1.036771
10 26  0.551656  0.794812
11 12  0.598319  1.194540
11 13  0.593596  0.979003
11 14  0.568943  1.156565
11 15  0.584244  1.071192
11 16  0.592503  1.046479
11 17  0.589649  1.036715
11 18  0.593827  1.194314
11 19  0.623949  1.260267
11 20  0.613639  1.049596
11 21  0.575139  1.194778
11 22  0.616225  1.214980
11 23  0.596548  0.953756
11 24  0.616333  1.263428
11 25  0.374394  1.039704
11 26  0.591528  0.970232
12 13  0.601485  1.016151
12 14  0.592244  1.183462
12 15  0.591685  1.103791
12 16  0.575172  1.042340
12 17  0.567241  1.035839
12 18  0.422173  1.174159
12 19  0.631404  1.294063
12 20  0.621581  1.082521
12 21  0.595136  1.273669
12 22  0.625940  1.247498
12 23  0.604395  0.986666
12 24  0.623029  1.298633
12 25  0.592017  1.146625
12 26  0.599466  1.003191
13 14  0.566258  0.937296
13 15  0.560317  0.845285
13 16  0.573023  0.823958
13 17  0.568198  0.819077
13 18  0.599435  0.999923
13 19  0.600558  1.041493
13 20  0.551536  0.790400
13 21  0.593474  1.039884
13 22  0.594738  0.995017
13 23  0.516671  0.681015
13 24  0.593185  1.043554
13 25  0.595810  0.947485
13 26  0.296435  0.517651
14 15  0.557382  1.024056
14 16  0.568227  0.977376
14 17  0.563982  0.990134
14 18  0.591957  1.148209
14 19  0.594875  1.196631
14 20  0.586828  0.989111
14 21  0.587590  1.213293
14 22  0.570174  1.074551
14 23  0.570091  0.906967
14 24  0.588366  1.213590
14 25  0.570208  1.042521
14 26  0.565047  0.917936
15 16  0.563708  0.912340
15 17  0.558830  0.902449
15 18  0.590121  1.076660
15 19  0.572310  1.074509
15 20  0.562421  0.895862
15 21  0.583680  1.100526
15 22  0.582437  1.079554
15 23  0.557914  0.803408
15 24  0.578688  1.084151
15 25  0.586487  1.035228
15 26  0.553703  0.827341
16 17  0.526015  0.852819
16 18  0.578841  1.035779
16 19  0.604108  1.096600
16 20  0.593165  0.888856
16 21  0.590013  1.094946
16 22  0.598280  1.043967
16 23  0.576050  0.793600
16 24  0.596124  1.108070
16 25  0.590272  0.971878
16 26  0.571084  0.808973
17 18  0.577311  1.039873
17 19  0.599111  1.084192
17 20  0.588310  0.885592
17 21  0.583495  1.057426
17 22  0.593342  1.048268
17 23  0.571198  0.788077
17 24  0.590968  1.090137
17 25  0.585091  0.986554
17 26  0.566232  0.804770
18 19  0.630440  1.274581
18 20  0.619631  1.056948
18 21  0.597810  1.220249
18 22  0.624780  1.222476
18 23  0.602569  0.969899
18 24  0.621431  1.242842
18 25  0.600087  1.155110
18 26  0.597600  0.986352
19 20  0.615451  1.104180
19 21  0.622072  1.274066
19 22  0.597192  1.229272
19 23  0.603173  0.999535
19 24  0.595001  1.275862
19 25  0.626795  1.214271
19 26  0.596617  1.007468
20 21  0.613529  1.099882
20 22  0.612396  1.035613
20 23  0.559104  0.775205
20 24  0.609633  1.086612
20 25  0.615984  1.008155
20 26  0.556660  0.787714
21 22  0.617627  1.270554
21 23  0.596634  1.006633
21 24  0.605609  1.226537
21 25  0.582393  1.210386
21 26  0.591668  1.025656
22 23  0.598739  0.964839
22 24  0.583518  1.263034
22 25  0.619812  1.141312
22 26  0.593249  0.971767
23 24  0.596690  1.010683
23 25  0.598912  0.917208
23 26  0.523220  0.678234
24 25  0.618517  1.229575
24 26  0.591511  1.032148
25 26  0.593944  0.931013
