   -993.90476054
   -994.22187449     -994.09857009
0.00001244957679
2 2 2 2 2 2 2 2 2 2 2 2 2 0 0 0 0 0 0 0 0 0 0 0 0 0 
1  0.270674  0.530075
2  0.266148  0.422463
3  0.280798  0.427435
4  0.284633  0.446813
5  0.283201  0.357781
6  0.310898  0.648163
7  0.313215  0.642986
8  0.312387  0.670499
9  0.306228  0.625224
10  0.314197  0.474083
11  0.309975  0.604675
12  0.317479  0.636234
13  0.285733  0.382962
14  0.283812  0.560562
15  0.277096  0.473501
16  0.288579  0.446358
17  0.283694  0.441493
18  0.315540  0.619807
19  0.318193  0.662313
20  0.306345  0.450994
21  0.310214  0.661710
22  0.312170  0.616527
23  0.288824  0.352406
24  0.310355  0.667753
25  0.312288  0.568935
26  0.283780  0.369587
1 2  0.536471  0.946638
1 3  0.550416  0.937982
1 4  0.554789  0.972824
1 5  0.553795  0.886529
1 6  0.579751  1.172293
1 7  0.578464  1.131986
1 8  0.578896  1.195168
1 9  0.562072  1.078589
1 10  0.584270  0.983837
1 11  0.559385  1.043292
1 12  0.585339  1.141840
1 13  0.556233  0.905598
1 14  0.259315  0.898968
1 15  0.547703  1.000189
1 16  0.557362  0.975527
1 17  0.554036  0.969131
1 18  0.580603  1.143958
1 19  0.584199  1.180226
1 20  0.576375  0.980318
1 21  0.578620  1.168808
1 22  0.562519  1.141206
1 23  0.559360  0.882284
1 24  0.580066  1.182580
1 25  0.566604  1.096294
1 26  0.553870  0.899368
2 3  0.546939  0.849518
2 4  0.550754  0.865617
2 5  0.544016  0.767994
2 6  0.576604  1.055371
2 7  0.568349  1.055319
2 8  0.572289  1.057270
2 9  0.564060  1.016851
2 10  0.561036  0.873339
2 11  0.575976  1.022127
2 12  0.583454  1.045020
2 13  0.548753  0.801772
2 14  0.549793  0.980421
2 15  0.261239  0.677883
2 16  0.554611  0.868420
2 17  0.549591  0.863560
2 18  0.581564  1.040843
2 19  0.557337  1.058236
2 20  0.551656  0.855040
2 21  0.575518  1.082456
2 22  0.577359  1.031865
2 23  0.550015  0.772633
2 24  0.574512  1.088529
2 25  0.578391  0.990437
2 26  0.548486  0.787878
3 4  0.521706  0.843513
3 5  0.563995  0.783818
3 6  0.584749  1.054987
3 7  0.593898  1.055742
3 8  0.592792  1.090021
3 9  0.586961  1.043894
3 10  0.594991  0.898377
3 11  0.583330  0.997459
3 12  0.578662  1.048969
3 13  0.566527  0.807520
3 14  0.563211  0.987089
3 15  0.557779  0.900458
3 16  0.279670  0.649764
3 17  0.518021  0.831492
3 18  0.564177  1.009661
3 19  0.598982  1.088547
3 20  0.587037  0.878103
3 21  0.589559  1.083083
3 22  0.592807  1.042622
3 23  0.569621  0.779752
3 24  0.590989  1.093314
3 25  0.590922  0.995575
3 26  0.564566  0.796864
4 5  0.567831  0.802576
4 6  0.587737  1.048838
4 7  0.597737  1.079859
4 8  0.596429  1.094044
4 9  0.590810  1.070516
4 10  0.598825  0.920437
4 11  0.589474  1.041842
4 12  0.579489  1.051611
4 13  0.570362  0.828092
4 14  0.568311  1.004663
4 15  0.561344  0.919735
4 16  0.521547  0.845541
4 17  0.279708  0.667532
4 18  0.572110  1.031411
4 19  0.602508  1.107414
4 20  0.590840  0.897476
4 21  0.591077  1.107189
4 22  0.596783  1.062207
4 23  0.573429  0.799110
4 24  0.594069  1.113129
4 25  0.595379  1.010873
4 26  0.568412  0.816243
5 6  0.594067  0.999811
5 7  0.593855  0.984033
5 8  0.595191  1.015950
5 9  0.589317  0.982607
5 10  0.565531  0.816064
5 11  0.593169  0.961446
5 12  0.600674  0.993039
5 13  0.521257  0.700729
5 14  0.566731  0.918015
5 15  0.557102  0.829827
5 16  0.571780  0.804014
5 17  0.566877  0.799145
5 18  0.598614  0.977286
5 19  0.600976  1.019874
5 20  0.544858  0.765056
5 21  0.593149  1.019144
5 22  0.594988  0.973244
5 23  0.295428  0.469052
5 24  0.592715  1.023848
5 25  0.595451  0.926516
5 26  0.518195  0.687780
6 7  0.622696  1.263636
6 8  0.611789  1.218589
6 9  0.616346  1.266923
6 10  0.625010  1.120363
6 11  0.585645  1.236957
6 12  0.602378  1.236501
6 13  0.596595  1.027288
6 14  0.592620  1.186940
6 15  0.586478  1.119761
6 16  0.597804  1.088459
6 17  0.592428  1.088404
6 18  0.590998  1.216049
6 19  0.626730  1.306475
6 20  0.616941  1.098161
6 21  0.376274  1.190523
6 22  0.622130  1.258483
6 23  0.599528  1.000294
6 24  0.614734  1.311444
6 25  0.583084  1.168775
6 26  0.594637  1.017384
7 8  0.592421  1.259445
7 9  0.588819  1.232525
7 10  0.618223  1.088833
7 11  0.622859  1.220646
7 12  0.630543  1.274470
7 13  0.595820  0.996339
7 14  0.590815  1.199081
7 15  0.574812  1.089583
7 16  0.601672  1.087788
7 17  0.596894  1.083200
7 18  0.627782  1.258840
7 19  0.477470  1.242007
7 20  0.603445  1.073801
7 21  0.621662  1.297788
7 22  0.592497  1.244673
7 23  0.601591  0.994697
7 24  0.575922  1.230293
7 25  0.624842  1.208720
7 26  0.595921  1.012260
8 9  0.584540  1.273423
8 10  0.625215  1.140438
8 11  0.621457  1.271387
8 12  0.628132  1.275406
8 13  0.597808  1.047547
8 14  0.591600  1.200301
8 15  0.584023  1.142013
8 16  0.600928  1.115482
8 17  0.595439  1.110473
8 18  0.625147  1.284140
8 19  0.597216  1.322152
8 20  0.617412  1.118387
8 21  0.611406  1.325387
8 22  0.577572  1.212519
8 23  0.600636  1.022453
8 24  0.431139  1.240298
8 25  0.623981  1.234520
8 26  0.596030  1.038968
9 10  0.616982  1.061437
9 11  0.614734  1.181222
9 12  0.623317  1.231305
9 13  0.591593  1.002892
9 14  0.577880  1.181721
9 15  0.580122  1.091377
9 16  0.594386  1.070291
9 17  0.589696  1.065342
9 18  0.621471  1.241537
9 19  0.578784  1.201269
9 20  0.612236  1.075328
9 21  0.616072  1.281592
9 22  0.427462  1.134230
9 23  0.594612  0.976821
9 24  0.578499  1.271317
9 25  0.616903  1.191137
9 26  0.589149  0.993378
10 11  0.624116  1.064384
10 12  0.631649  1.101111
10 13  0.564786  0.823770
10 14  0.596599  1.033775
10 15  0.562506  0.915831
10 16  0.602635  0.919998
10 17  0.597802  0.915184
10 18  0.629693  1.092667
10 19  0.619805  1.116308
10 20  0.397578  0.774079
10 21  0.624388  1.134617
10 22  0.624222  1.089757
10 23  0.562255  0.789162
10 24  0.623785  1.140005
10 25  0.626261  1.042029
10 26  0.553105  0.801839
11 12  0.601178  1.195491
11 13  0.595699  0.982446
11 14  0.572363  1.160397
11 15  0.587042  1.076529
11 16  0.594969  1.049851
11 17  0.592087  1.040217
11 18  0.596679  1.195336
11 19  0.627310  1.261708
11 20  0.616232  1.054633
11 21  0.578571  1.198479
11 22  0.619316  1.216918
11 23  0.598747  0.956895
11 24  0.619703  1.266040
11 25  0.377359  1.041465
11 26  0.593634  0.973886
12 13  0.603204  1.018466
12 14  0.595443  1.186198
12 15  0.594077  1.107749
12 16  0.577290  1.044682
12 17  0.569314  1.038240
12 18  0.424518  1.173068
12 19  0.634344  1.294115
12 20  0.623802  1.086111
12 21  0.598138  1.275021
12 22  0.628677  1.247935
12 23  0.606193  0.988369
12 24  0.626012  1.299947
12 25  0.594925  1.148415
12 26  0.601181  1.005413
13 14  0.568590  0.943125
13 15  0.561888  0.852489
13 16  0.574279  0.829101
13 17  0.569426  0.824271
13 18  0.601118  1.002314
13 19  0.602692  1.044680
13 20  0.552909  0.797568
13 21  0.595763  1.044171
13 22  0.596609  0.998654
13 23  0.517651  0.686415
13 24  0.595346  1.047925
13 25  0.597906  0.951491
13 26  0.297229  0.523597
14 15  0.560464  1.031416
14 16  0.570966  0.982407
14 17  0.566726  0.995373
14 18  0.595107  1.150739
14 19  0.598441  1.200069
14 20  0.589704  0.995698
14 21  0.591379  1.217942
14 22  0.573314  1.078089
14 23  0.572560  0.912172
14 24  0.592024  1.218343
14 25  0.573355  1.045918
14 26  0.567439  0.923363
15 16  0.565663  0.919088
15 17  0.560748  0.908853
15 18  0.592504  1.080062
15 19  0.575043  1.079051
15 20  0.564425  0.903886
15 21  0.586649  1.105745
15 22  0.584961  1.084633
15 23  0.559575  0.809621
15 24  0.581491  1.089693
15 25  0.589279  1.040813
15 26  0.555273  0.834296
16 17  0.527517  0.857408
16 18  0.580948  1.037815
16 19  0.606622  1.098877
16 20  0.594922  0.895055
16 21  0.592595  1.098526
16 22  0.600573  1.046681
16 23  0.577399  0.798068
16 24  0.598644  1.112016
16 25  0.592707  0.975325
16 26  0.572355  0.813748
17 18  0.579375  1.041979
17 19  0.601576  1.086152
17 20  0.590035  0.892043
17 21  0.586097  1.060963
17 22  0.595564  1.051293
17 23  0.572515  0.792493
17 24  0.593468  1.093828
17 25  0.587469  0.989880
17 26  0.567472  0.809697
18 19  0.633387  1.274715
18 20  0.621825  1.059889
18 21  0.600748  1.221392
18 22  0.627510  1.222789
18 23  0.604364  0.971609
18 24  0.624389  1.243821
18 25  0.602951  1.156245
18 26  0.599316  0.988574
19 20  0.618048  1.108551
19 21  0.625543  1.275848
19 22  0.600202  1.230717
19 23  0.605377  1.001785
19 24  0.598298  1.278218
19 25  0.630155  1.215765
19 26  0.598751  1.010092
20 21  0.616308  1.105108
20 22  0.614729  1.039967
20 23  0.560611  0.781569
20 24  0.612176  1.091536
20 25  0.618584  1.013106
20 26  0.558060  0.794502
21 22  0.620937  1.273029
21 23  0.599024  1.010069
21 24  0.608845  1.228636
21 25  0.585778  1.213086
21 26  0.593977  1.029781
22 23  0.600727  0.967847
22 24  0.586728  1.265588
22 25  0.622923  1.143164
22 26  0.595162  0.975040
23 24  0.598939  1.014332
23 25  0.601107  0.920562
23 26  0.524203  0.683318
24 25  0.621876  1.232500
24 26  0.593667  1.036437
25 26  0.596061  0.934634
