   -993.90476054
   -994.22202051     -994.09899393
0.00000345172959
2 2 2 2 2 2 2 2 2 2 2 2 2 0 0 0 0 0 0 0 0 0 0 0 0 0 
1  0.271264  0.531193
2  0.266526  0.424443
3  0.281015  0.428619
4  0.284810  0.448019
5  0.283383  0.358774
6  0.311571  0.648826
7  0.313794  0.643046
8  0.312985  0.670894
9  0.306772  0.625832
10  0.314567  0.475842
11  0.310542  0.604901
12  0.317872  0.636151
13  0.285878  0.384237
14  0.284440  0.561758
15  0.277482  0.475438
16  0.288812  0.447459
17  0.283890  0.442686
18  0.315933  0.619660
19  0.318810  0.662462
20  0.306688  0.452778
21  0.310838  0.662189
22  0.312683  0.616879
23  0.289017  0.353394
24  0.310967  0.668337
25  0.312862  0.569356
26  0.283922  0.370789
1 2  0.537431  0.949632
1 3  0.551222  0.940169
1 4  0.555554  0.975096
1 5  0.554559  0.888634
1 6  0.581001  1.174105
1 7  0.579584  1.133139
1 8  0.580074  1.196719
1 9  0.563090  1.080094
1 10  0.585230  0.986478
1 11  0.560430  1.044413
1 12  0.586311  1.142909
1 13  0.556963  0.907822
1 14  0.260382  0.901006
1 15  0.548678  1.003215
1 16  0.558164  0.977758
1 17  0.554822  0.971434
1 18  0.581573  1.144950
1 19  0.585382  1.181539
1 20  0.577291  0.983221
1 21  0.579823  1.170667
1 22  0.563579  1.142624
1 23  0.560132  0.884385
1 24  0.581262  1.184481
1 25  0.567707  1.097760
1 26  0.554581  0.901685
2 3  0.547532  0.852679
2 4  0.551305  0.868633
2 5  0.544579  0.770846
2 6  0.577649  1.057773
2 7  0.569305  1.057350
2 8  0.573237  1.059388
2 9  0.564942  1.019144
2 10  0.561764  0.876863
2 11  0.576910  1.024234
2 12  0.584217  1.046527
2 13  0.549282  0.805023
2 14  0.550795  0.983563
2 15  0.261882  0.682058
2 16  0.555209  0.871503
2 17  0.550121  0.866745
2 18  0.582328  1.042677
2 19  0.558303  1.060389
2 20  0.552359  0.858937
2 21  0.576504  1.084937
2 22  0.578242  1.034232
2 23  0.550570  0.775631
2 24  0.575497  1.091112
2 25  0.579344  0.992821
2 26  0.549003  0.791074
3 4  0.522037  0.845854
3 5  0.564392  0.785919
3 6  0.585610  1.056684
3 7  0.594689  1.056718
3 8  0.593598  1.091519
3 9  0.587719  1.045576
3 10  0.595577  0.901217
3 11  0.584112  0.998764
3 12  0.579290  1.050059
3 13  0.566887  0.809786
3 14  0.564032  0.989475
3 15  0.558375  0.903570
3 16  0.280082  0.652193
3 17  0.518415  0.834148
3 18  0.564802  1.010887
3 19  0.599816  1.089890
3 20  0.587578  0.881083
3 21  0.590397  1.084761
3 22  0.593540  1.044157
3 23  0.570031  0.781922
3 24  0.591816  1.095044
3 25  0.591706  0.997193
3 26  0.564923  0.799249
4 5  0.568188  0.804614
4 6  0.588605  1.050498
4 7  0.598490  1.080929
4 8  0.597205  1.095356
4 9  0.591528  1.072313
4 10  0.599371  0.923400
4 11  0.590210  1.043210
4 12  0.580082  1.052741
4 13  0.570682  0.830452
4 14  0.569115  1.007046
4 15  0.561860  0.922888
4 16  0.521939  0.848204
4 17  0.280020  0.670076
4 18  0.572688  1.032651
4 19  0.603287  1.108782
4 20  0.591350  0.900468
4 21  0.591880  1.108890
4 22  0.597474  1.063763
4 23  0.573798  0.801302
4 24  0.594838  1.114927
4 25  0.596130  1.012559
4 26  0.568732  0.818649
5 6  0.594921  1.001278
5 7  0.594607  0.984977
5 8  0.595974  1.017208
5 9  0.590040  0.984199
5 10  0.566103  0.818903
5 11  0.593915  0.962654
5 12  0.601248  0.993892
5 13  0.521569  0.703103
5 14  0.567540  0.920187
5 15  0.557655  0.832778
5 16  0.572195  0.806106
5 17  0.567251  0.801328
5 18  0.599176  0.978137
5 19  0.601769  1.021016
5 20  0.545387  0.768006
5 21  0.593940  1.020613
5 22  0.595685  0.974578
5 23  0.295773  0.471303
5 24  0.593489  1.025437
5 25  0.596208  0.927930
5 26  0.518511  0.690150
6 7  0.623939  1.264332
6 8  0.612930  1.219139
6 9  0.617555  1.268204
6 10  0.626051  1.122736
6 11  0.586822  1.237870
6 12  0.603400  1.237104
6 13  0.597410  1.029140
6 14  0.593910  1.189044
6 15  0.587516  1.122386
6 16  0.598705  1.090259
6 17  0.593299  1.090280
6 18  0.592036  1.216877
6 19  0.628022  1.307319
6 20  0.617952  1.100588
6 21  0.377420  1.191516
6 22  0.623308  1.259508
6 23  0.600372  1.001946
6 24  0.615957  1.312674
6 25  0.584245  1.170246
6 26  0.595455  1.019241
7 8  0.593506  1.259991
7 9  0.589907  1.233328
7 10  0.619140  1.090582
7 11  0.624002  1.220947
7 12  0.631512  1.274518
7 13  0.596547  0.997444
7 14  0.592009  1.200347
7 15  0.575768  1.091704
7 16  0.602476  1.088965
7 17  0.597668  1.084461
7 18  0.628734  1.258797
7 19  0.478588  1.242282
7 20  0.604348  1.075603
7 21  0.622854  1.298351
7 22  0.593538  1.245130
7 23  0.602356  0.995732
7 24  0.577023  1.231447
7 25  0.625994  1.209224
7 26  0.596640  1.013528
8 9  0.585679  1.274424
8 10  0.626162  1.142489
8 11  0.622608  1.272047
8 12  0.629110  1.275623
8 13  0.598552  1.049199
8 14  0.592819  1.202218
8 15  0.585000  1.144362
8 16  0.601759  1.116975
8 17  0.596209  1.112088
8 18  0.626132  1.284381
8 19  0.598344  1.322719
8 20  0.618337  1.120538
8 21  0.612583  1.326245
8 22  0.578692  1.213919
8 23  0.601405  1.023837
8 24  0.432236  1.241142
8 25  0.625144  1.235341
8 26  0.596771  1.040563
9 10  0.617885  1.063530
9 11  0.615826  1.182012
9 12  0.624251  1.231737
9 13  0.592286  1.004732
9 14  0.578993  1.183483
9 15  0.581031  1.093979
9 16  0.595162  1.071996
9 17  0.590428  1.067109
9 18  0.622407  1.242034
9 19  0.579904  1.202715
9 20  0.613119  1.077724
9 21  0.617233  1.282696
9 22  0.428366  1.134926
9 23  0.595351  0.978407
9 24  0.579644  1.272697
9 25  0.617993  1.192215
9 26  0.589822  0.995182
10 11  0.625051  1.066161
10 12  0.632411  1.102508
10 13  0.565322  0.826767
10 14  0.597570  1.036736
10 15  0.563237  0.919699
10 16  0.603215  0.922872
10 17  0.598356  0.918140
10 18  0.630454  1.094277
10 19  0.620761  1.118188
10 20  0.398213  0.778097
10 21  0.625379  1.136847
10 22  0.625099  1.091869
10 23  0.562820  0.792028
10 24  0.624755  1.142357
10 25  0.627214  1.044196
10 26  0.553636  0.804927
11 12  0.602124  1.195798
11 13  0.596411  0.983775
11 14  0.573479  1.161725
11 15  0.587996  1.078669
11 16  0.595765  1.051193
11 17  0.592847  1.041691
11 18  0.597619  1.195606
11 19  0.628491  1.262117
11 20  0.617144  1.056646
11 21  0.579711  1.199719
11 22  0.620366  1.217547
11 23  0.599509  0.958108
11 24  0.620874  1.266859
11 25  0.378373  1.041947
11 26  0.594326  0.975316
12 13  0.603740  1.019647
12 14  0.596443  1.187365
12 15  0.594831  1.109612
12 16  0.577926  1.045882
12 17  0.569912  1.039542
12 18  0.425255  1.172792
12 19  0.635332  1.294207
12 20  0.624539  1.087811
12 21  0.599110  1.275526
12 22  0.629577  1.248231
12 23  0.606772  0.989273
12 24  0.627020  1.300503
12 25  0.595887  1.149163
12 26  0.601709  1.006534
13 14  0.569332  0.945590
13 15  0.562420  0.855712
13 16  0.574656  0.831474
13 17  0.569768  0.826734
13 18  0.601642  1.003447
13 19  0.603453  1.046106
13 20  0.553414  0.800762
13 21  0.596534  1.045912
13 22  0.597256  1.000282
13 23  0.517974  0.688890
13 24  0.596105  1.049770
13 25  0.598605  0.953189
13 26  0.297468  0.526347
14 15  0.561476  1.034516
14 16  0.571826  0.984548
14 17  0.567550  0.997687
14 18  0.596110  1.151762
14 19  0.599656  1.201409
14 20  0.590669  0.998461
14 21  0.592615  1.219653
14 22  0.574360  1.079498
14 23  0.573372  0.914353
14 24  0.593253  1.220163
14 25  0.574426  1.047192
14 26  0.568204  0.925603
15 16  0.566281  0.922123
15 17  0.561326  0.911756
15 18  0.593277  1.081544
15 19  0.576020  1.081031
15 20  0.565133  0.907417
15 21  0.587662  1.107839
15 22  0.585825  1.086859
15 23  0.560161  0.812370
15 24  0.582478  1.091989
15 25  0.590229  1.043147
15 26  0.555802  0.837394
16 17  0.527886  0.859657
16 18  0.581594  1.038764
16 19  0.607472  1.099975
16 20  0.595499  0.897834
16 21  0.593420  1.100016
16 22  0.601322  1.047930
16 23  0.577825  0.800128
16 24  0.599482  1.113674
16 25  0.593513  0.976759
16 26  0.572730  0.815893
17 18  0.579984  1.043042
17 19  0.602377  1.087156
17 20  0.590573  0.895011
17 21  0.586936  1.062480
17 22  0.596255  1.052733
17 23  0.572903  0.794573
17 24  0.594275  1.095462
17 25  0.588229  0.991385
17 26  0.567809  0.811987
18 19  0.634390  1.274778
18 20  0.622558  1.061183
18 21  0.601723  1.221774
18 22  0.628413  1.222954
18 23  0.604950  0.972420
18 24  0.625384  1.244216
18 25  0.603908  1.156648
18 26  0.599852  0.989603
19 20  0.618993  1.110458
19 21  0.626757  1.276436
19 22  0.601266  1.231305
19 23  0.606181  1.002785
19 24  0.599473  1.279063
19 25  0.631340  1.216280
19 26  0.599513  1.011243
20 21  0.617266  1.107212
20 22  0.615570  1.041892
20 23  0.561166  0.784400
20 24  0.613087  1.093587
20 25  0.619498  1.015167
20 26  0.558567  0.797508
21 22  0.622066  1.273908
21 23  0.599842  1.011400
21 24  0.609950  1.229273
21 25  0.586903  1.213987
21 26  0.594743  1.031420
22 23  0.601430  0.969192
22 24  0.587860  1.266550
22 25  0.623999  1.143855
22 26  0.595818  0.976489
23 24  0.599745  1.015818
23 25  0.601873  0.921954
23 26  0.524525  0.685640
24 25  0.623048  1.233528
24 26  0.594417  1.038212
25 26  0.596776  0.936083
