  -1146.53206566
  -1146.89194009    -1146.75915215
0.00018519848976
2 2 2 2 2 2 2 2 2 2 2 2 2 2 2 0 0 0 0 0 0 0 0 0 0 0 0 0 0 0 
1  0.258598  0.506445
2  0.272406  0.433991
3  0.283290  0.483002
4  0.263664  0.487883
5  0.263598  0.413766
6  0.261709  0.330297
7  0.278324  0.303951
8  0.275584  0.305239
9  0.297502  0.367786
10  0.304213  0.638467
11  0.293693  0.657702
12  0.295941  0.446867
13  0.302913  0.700972
14  0.298974  0.609468
15  0.291352  0.593528
16  0.264483  0.504268
17  0.276216  0.457142
18  0.285563  0.480781
19  0.268348  0.485575
20  0.269422  0.437315
21  0.266313  0.330634
22  0.280518  0.302721
23  0.278687  0.313389
24  0.299389  0.576561
25  0.290913  0.587040
26  0.296857  0.680479
27  0.297545  0.443316
28  0.307075  0.660460
29  0.303210  0.681886
30  0.298218  0.368069
1 2  0.530333  0.929721
1 3  0.540656  0.962587
1 4  0.518461  0.959193
1 5  0.522039  0.917441
1 6  0.520229  0.836378
1 7  0.536922  0.810028
1 8  0.534180  0.810719
1 9  0.556081  0.872666
1 10  0.542073  1.105110
1 11  0.548865  1.159777
1 12  0.554365  0.940525
1 13  0.557566  1.178200
1 14  0.541262  1.035557
1 15  0.548848  1.088202
1 16  0.241204  0.822629
1 17  0.534692  0.962010
1 18  0.542977  0.985581
1 19  0.522029  0.990033
1 20  0.527932  0.941733
1 21  0.524907  0.836857
1 22  0.539094  0.809139
1 23  0.537206  0.819763
1 24  0.544988  1.080290
1 25  0.548846  1.087416
1 26  0.551188  1.159762
1 27  0.555520  0.948924
1 28  0.541213  1.135087
1 29  0.555379  1.178343
1 30  0.556679  0.874308
2 3  0.512566  0.889334
2 4  0.536062  0.920580
2 5  0.535998  0.845033
2 6  0.534115  0.763767
2 7  0.550730  0.737846
2 8  0.547990  0.739150
2 9  0.569908  0.801650
2 10  0.576009  1.052238
2 11  0.559597  1.059145
2 12  0.568344  0.879331
2 13  0.560257  1.125466
2 14  0.563034  1.013519
2 15  0.563716  1.024785
2 16  0.536761  0.937015
2 17  0.262426  0.676911
2 18  0.509554  0.865785
2 19  0.540696  0.918788
2 20  0.541753  0.870730
2 21  0.538706  0.764511
2 22  0.552925  0.736696
2 23  0.551094  0.747345
2 24  0.570052  1.008036
2 25  0.563160  1.019758
2 26  0.566276  1.112231
2 27  0.569946  0.876880
2 28  0.579177  1.092514
2 29  0.550914  1.074451
2 30  0.570621  0.801941
3 4  0.546930  0.960781
3 5  0.546883  0.895569
3 6  0.544998  0.813122
3 7  0.561614  0.786842
3 8  0.558873  0.787993
3 9  0.580791  0.850330
3 10  0.587152  1.111077
3 11  0.572945  1.135313
3 12  0.579228  0.926526
3 13  0.563220  1.131196
3 14  0.575019  1.044168
3 15  0.574630  1.072540
3 16  0.546518  0.985699
3 17  0.509787  0.887827
3 18  0.272187  0.744098
3 19  0.551521  0.967328
3 20  0.552701  0.919655
3 21  0.549600  0.813494
3 22  0.563808  0.785701
3 23  0.561976  0.796339
3 24  0.580088  1.057549
3 25  0.574144  1.068425
3 26  0.577899  1.150044
3 27  0.580830  0.925691
3 28  0.590216  1.141217
3 29  0.555019  1.131377
3 30  0.581502  0.850906
4 5  0.524732  0.896740
4 6  0.525284  0.817833
4 7  0.541960  0.791145
4 8  0.539174  0.791231
4 9  0.560959  0.852726
4 10  0.540482  1.106050
4 11  0.556526  1.137223
4 12  0.556259  0.911468
4 13  0.566357  1.163028
4 14  0.562463  1.075085
4 15  0.531009  1.045095
4 16  0.523332  0.990159
4 17  0.539775  0.944061
4 18  0.549050  0.967330
4 19  0.259862  0.790321
4 20  0.532311  0.917128
4 21  0.529648  0.817910
4 22  0.544170  0.790568
4 23  0.542118  0.801162
4 24  0.562574  1.062004
4 25  0.523889  1.034563
4 26  0.560385  1.164586
4 27  0.559486  0.930502
4 28  0.536743  1.101635
4 29  0.566745  1.166025
4 30  0.561072  0.855671
5 6  0.520693  0.729856
5 7  0.541694  0.715509
5 8  0.539070  0.718638
5 9  0.559676  0.776768
5 10  0.564101  1.020654
5 11  0.557116  1.060315
5 12  0.534591  0.840908
5 13  0.566501  1.111781
5 14  0.562548  1.020556
5 15  0.532205  0.975969
5 16  0.527892  0.916645
5 17  0.539739  0.870305
5 18  0.549157  0.893969
5 19  0.531186  0.892260
5 20  0.257123  0.638992
5 21  0.525607  0.742613
5 22  0.543504  0.716134
5 23  0.541957  0.726421
5 24  0.562974  0.989497
5 25  0.525314  0.970186
5 26  0.559591  1.092557
5 27  0.529356  0.820903
5 28  0.568626  1.072747
5 29  0.566604  1.093962
5 30  0.561410  0.780486
6 7  0.534270  0.626037
6 8  0.533414  0.631263
6 9  0.539463  0.679100
6 10  0.565707  0.961511
6 11  0.555389  0.984926
6 12  0.535113  0.757710
6 13  0.564619  1.030044
6 14  0.560674  0.939348
6 15  0.551696  0.916380
6 16  0.526158  0.834333
6 17  0.537903  0.787285
6 18  0.547264  0.810923
6 19  0.529820  0.815115
6 20  0.526516  0.765756
6 21  0.249303  0.410882
6 22  0.538748  0.630549
6 23  0.539484  0.641389
6 24  0.561095  0.906572
6 25  0.552152  0.916302
6 26  0.558445  1.010180
6 27  0.529490  0.743049
6 28  0.568093  0.990238
6 29  0.564907  1.011663
6 30  0.533144  0.669535
7 8  0.506606  0.567066
7 9  0.545162  0.647000
7 10  0.582524  0.941124
7 11  0.572016  0.961476
7 12  0.571998  0.746830
7 13  0.581237  1.004836
7 14  0.577299  0.913188
7 15  0.569631  0.897323
7 16  0.542788  0.808187
7 17  0.554540  0.761069
7 18  0.563887  0.784705
7 19  0.546653  0.789486
7 20  0.547054  0.740910
7 21  0.540946  0.631996
7 22  0.275259  0.337616
7 23  0.503636  0.565722
7 24  0.577711  0.880476
7 25  0.568950  0.890742
7 26  0.575166  0.984362
7 27  0.575179  0.746650
7 28  0.585386  0.964335
7 29  0.581529  0.985763
7 30  0.537251  0.633529
8 9  0.543691  0.647285
8 10  0.579779  0.942971
8 11  0.569277  0.962855
8 12  0.567660  0.743331
8 13  0.578497  1.005820
8 14  0.574558  0.914132
8 15  0.566651  0.897448
8 16  0.539987  0.809455
8 17  0.551800  0.762350
8 18  0.561145  0.785980
8 19  0.543689  0.790708
8 20  0.544702  0.742030
8 21  0.540872  0.633870
8 22  0.503530  0.557949
8 23  0.274139  0.356664
8 24  0.574966  0.881742
8 25  0.565723  0.891866
8 26  0.572436  0.985638
8 27  0.571759  0.747880
8 28  0.582631  0.965615
8 29  0.578788  0.987023
8 30  0.534800  0.635062
9 10  0.601698  1.005347
9 11  0.591188  1.023470
9 12  0.582034  0.803254
9 13  0.600413  1.066523
9 14  0.596474  0.976195
9 15  0.587165  0.947019
9 16  0.561777  0.871873
9 17  0.573704  0.824788
9 18  0.583051  0.848405
9 19  0.565012  0.853005
9 20  0.566399  0.804071
9 21  0.537567  0.671082
9 22  0.537303  0.630780
9 23  0.537718  0.643779
9 24  0.596872  0.944093
9 25  0.587774  0.954488
9 26  0.594339  1.047852
9 27  0.575549  0.788197
9 28  0.604081  1.027761
9 29  0.600711  1.049227
9 30  0.366018  0.543246
10 11  0.587314  1.229537
10 12  0.598721  1.071193
10 13  0.606069  1.330908
10 14  0.600247  1.217446
10 15  0.579539  1.206288
10 16  0.543410  1.109671
10 17  0.580069  1.093501
10 18  0.589647  1.117305
10 19  0.538354  1.074073
10 20  0.571031  1.074208
10 21  0.569810  0.968664
10 22  0.584715  0.941137
10 23  0.582882  0.951763
10 24  0.601251  1.208026
10 25  0.571328  1.181282
10 26  0.590139  1.310060
10 27  0.601520  1.080726
10 28  0.368968  1.197149
10 29  0.603505  1.307153
10 30  0.602125  1.006077
11 12  0.589626  1.102847
11 13  0.570903  1.290864
11 14  0.556554  1.249584
11 15  0.583691  1.215005
11 16  0.552914  1.131307
11 17  0.566908  1.112573
11 18  0.576785  1.124878
11 19  0.561911  1.140335
11 20  0.562145  1.093193
11 21  0.559852  0.987880
11 22  0.574196  0.960373
11 23  0.572369  0.970991
11 24  0.551863  1.172661
11 25  0.583492  1.239926
11 26  0.359962  1.227549
11 27  0.590952  1.099857
11 28  0.588872  1.308541
11 29  0.565297  1.298234
11 30  0.591908  1.025391
12 13  0.598851  1.143287
12 14  0.594899  1.048075
12 15  0.574411  1.027815
12 16  0.559615  0.950321
12 17  0.572156  0.903480
12 18  0.581487  0.926981
12 19  0.562104  0.931707
12 20  0.533798  0.845121
12 21  0.531494  0.745488
12 22  0.575847  0.749166
12 23  0.573003  0.759366
12 24  0.595261  1.022306
12 25  0.566630  1.004962
12 26  0.592629  1.126017
12 27  0.357724  0.720136
12 28  0.602780  1.106092
12 29  0.599034  1.127006
12 30  0.575274  0.793620
13 14  0.575816  1.269538
13 15  0.594056  1.264520
13 16  0.561281  1.196242
13 17  0.556086  1.114573
13 18  0.556304  1.145971
13 19  0.571118  1.182536
13 20  0.572181  1.136175
13 21  0.569209  1.031128
13 22  0.583425  1.003627
13 23  0.581591  1.014213
13 24  0.571744  1.229021
13 25  0.593748  1.282476
13 26  0.565664  1.329246
13 27  0.600335  1.142489
13 28  0.605867  1.346856
13 29  0.396149  1.295220
13 30  0.601127  1.068559
14 15  0.590240  1.194703
14 16  0.551279  1.110890
14 17  0.573220  1.063148
14 18  0.581883  1.087887
14 19  0.566852  1.092299
14 20  0.568391  1.045604
14 21  0.565287  0.939803
14 22  0.579490  0.912155
14 23  0.577651  0.922766
14 24  0.355436  1.044164
14 25  0.589703  1.193323
14 26  0.555264  1.231229
14 27  0.596450  1.051573
14 28  0.603525  1.260506
14 29  0.569719  1.234509
14 30  0.597172  0.977221
15 16  0.555084  1.092008
15 17  0.567323  1.049137
15 18  0.576792  1.072636
15 19  0.528939  1.038310
15 20  0.531354  1.000143
15 21  0.557176  0.923134
15 22  0.571542  0.895989
15 23  0.569298  0.906444
15 24  0.590592  1.167392
15 25  0.358185  1.070975
15 26  0.587095  1.268739
15 27  0.567832  1.006169
15 28  0.574105  1.206323
15 29  0.594492  1.269717
15 30  0.588834  0.961190
16 17  0.539848  0.951826
16 18  0.548576  0.959429
16 19  0.528659  0.957099
16 20  0.533719  0.939016
16 21  0.530716  0.834441
16 22  0.545000  0.806523
16 23  0.543168  0.816478
16 24  0.545803  1.007914
16 25  0.553725  1.081852
16 26  0.557914  1.179455
16 27  0.561828  0.936141
16 28  0.549314  1.124607
16 29  0.563585  1.162258
16 30  0.562687  0.870784
17 18  0.517355  0.910563
17 19  0.544547  0.941683
17 20  0.545628  0.890003
17 21  0.542529  0.786981
17 22  0.556733  0.759770
17 23  0.554903  0.770440
17 24  0.566225  1.005617
17 25  0.567080  1.039054
17 26  0.565956  1.092325
17 27  0.573756  0.898624
17 28  0.582537  1.091561
17 29  0.562783  1.122350
17 30  0.574434  0.825057
18 19  0.553895  0.958637
18 20  0.554978  0.916830
18 21  0.551876  0.811211
18 22  0.566081  0.783380
18 23  0.564250  0.793906
18 24  0.577335  1.011104
18 25  0.576457  1.065088
18 26  0.577236  1.154281
18 27  0.583105  0.921423
18 28  0.592128  1.130318
18 29  0.565964  1.119305
18 30  0.583781  0.848491
19 20  0.533944  0.918211
19 21  0.534534  0.815891
19 22  0.548816  0.787476
19 23  0.546929  0.796461
19 24  0.567568  1.046035
19 25  0.534496  1.035679
19 26  0.563897  1.157941
19 27  0.562133  0.906608
19 28  0.547186  1.127398
19 29  0.571305  1.146838
19 30  0.566273  0.849805
20 21  0.530718  0.752921
20 22  0.549807  0.738746
20 23  0.547969  0.750506
20 24  0.568784  1.011505
20 25  0.536581  0.983560
20 26  0.565983  1.099893
20 27  0.540875  0.860481
20 28  0.572118  1.058543
20 29  0.572611  1.113837
20 30  0.565712  0.800736
21 22  0.540669  0.625533
21 23  0.540049  0.639234
21 24  0.565696  0.906792
21 25  0.555163  0.909975
21 26  0.563162  1.007611
21 27  0.540689  0.753145
21 28  0.573203  0.983465
21 29  0.569521  1.011327
21 30  0.543653  0.679727
22 23  0.511051  0.573404
22 24  0.579907  0.879053
22 25  0.571356  0.889702
22 26  0.577375  0.983066
22 27  0.575081  0.741291
22 28  0.587571  0.962140
22 29  0.583728  0.984539
22 30  0.548404  0.647223
23 24  0.578076  0.889390
23 25  0.569291  0.898434
23 26  0.575544  0.993749
23 27  0.571881  0.746568
23 28  0.585722  0.973026
23 29  0.581897  0.994902
23 30  0.546977  0.653194
24 25  0.590197  1.158199
24 26  0.557679  1.235079
24 27  0.596921  1.013907
24 28  0.603794  1.209486
24 29  0.577585  1.225720
24 30  0.597606  0.943820
25 26  0.586129  1.225357
25 27  0.576322  1.020581
25 28  0.582599  1.215390
25 29  0.593891  1.238898
25 30  0.587208  0.941304
26 27  0.594369  1.121206
26 28  0.592593  1.255968
26 29  0.575836  1.291049
26 30  0.595075  1.046973
27 28  0.602588  1.086560
27 29  0.600753  1.122775
27 30  0.584568  0.798869
28 29  0.608982  1.329678
28 30  0.605244  1.027973
29 30  0.601428  1.048211
