  -1146.53206566
  -1146.89564445    -1146.76751336
0.00003105324961
2 2 2 2 2 2 2 2 2 2 2 2 2 2 2 0 0 0 0 0 0 0 0 0 0 0 0 0 0 0 
1  0.268649  0.518504
2  0.278511  0.428166
3  0.287985  0.472803
4  0.270552  0.508470
5  0.270621  0.440110
6  0.267001  0.353404
7  0.280873  0.315118
8  0.278454  0.318876
9  0.302495  0.392164
10  0.314571  0.657393
11  0.304987  0.645057
12  0.304249  0.479630
13  0.310832  0.670406
14  0.309797  0.594613
15  0.299752  0.626402
16  0.275137  0.517518
17  0.282243  0.449650
18  0.290561  0.471104
19  0.275682  0.509422
20  0.276596  0.464660
21  0.271756  0.352646
22  0.283173  0.313149
23  0.281581  0.328593
24  0.310118  0.560542
25  0.299319  0.619043
26  0.308207  0.668143
27  0.305507  0.474384
28  0.317529  0.675263
29  0.310657  0.653994
30  0.303104  0.391819
1 2  0.546260  0.936048
1 3  0.555191  0.964128
1 4  0.534946  0.989096
1 5  0.539082  0.955424
1 6  0.535545  0.871324
1 7  0.549519  0.832973
1 8  0.547096  0.835522
1 9  0.571112  0.908213
1 10  0.561845  1.133698
1 11  0.569980  1.159743
1 12  0.572641  0.981667
1 13  0.575221  1.160526
1 14  0.560030  1.032789
1 15  0.567088  1.131356
1 16  0.258758  0.845358
1 17  0.550736  0.966489
1 18  0.557837  0.988362
1 19  0.539193  1.025943
1 20  0.545120  0.980691
1 21  0.540390  0.870831
1 22  0.551778  0.831606
1 23  0.550081  0.846978
1 24  0.564453  1.076303
1 25  0.567244  1.131395
1 26  0.572593  1.161614
1 27  0.573392  0.991899
1 28  0.561487  1.164770
1 29  0.572774  1.162853
1 30  0.571546  0.910036
2 3  0.523236  0.872914
2 4  0.549048  0.935301
2 5  0.549112  0.864289
2 6  0.545510  0.780543
2 7  0.559383  0.743060
2 8  0.556964  0.746891
2 9  0.581005  0.820114
2 10  0.592151  1.063480
2 11  0.576189  1.041780
2 12  0.582753  0.905733
2 13  0.574144  1.089246
2 14  0.578619  0.993502
2 15  0.578185  1.051214
2 16  0.553492  0.944363
2 17  0.272851  0.657712
2 18  0.521070  0.854674
2 19  0.554060  0.936867
2 20  0.554965  0.892254
2 21  0.550237  0.780670
2 22  0.561683  0.741291
2 23  0.560091  0.756707
2 24  0.586603  0.986330
2 25  0.577473  1.046053
2 26  0.583274  1.094517
2 27  0.584011  0.902074
2 28  0.595588  1.101852
2 29  0.564522  1.044904
2 30  0.581605  0.819833
3 4  0.558502  0.969487
3 5  0.558598  0.911396
3 6  0.554986  0.825947
3 7  0.568858  0.787688
3 8  0.566438  0.791115
3 9  0.590479  0.864232
3 10  0.602044  1.118552
3 11  0.588486  1.112390
3 12  0.592230  0.947557
3 13  0.575439  1.094431
3 14  0.589941  1.023074
3 15  0.587727  1.094968
3 16  0.561675  0.989129
3 17  0.521089  0.875138
3 18  0.280677  0.718699
3 19  0.563394  0.981103
3 20  0.564567  0.936800
3 21  0.559736  0.825272
3 22  0.571158  0.785918
3 23  0.569562  0.801315
3 24  0.595282  1.031892
3 25  0.587155  1.090301
3 26  0.593815  1.128427
3 27  0.593484  0.946475
3 28  0.605328  1.146047
3 29  0.567211  1.095743
3 30  0.591079  0.864407
4 5  0.538192  0.942805
4 6  0.537445  0.861407
4 7  0.551364  0.822508
4 8  0.548878  0.824049
4 9  0.572803  0.896286
4 10  0.557481  1.144133
4 11  0.574397  1.144512
4 12  0.570992  0.959646
4 13  0.581081  1.151616
4 14  0.580142  1.079990
4 15  0.545921  1.095387
4 16  0.540729  1.024040
4 17  0.552596  0.957259
4 18  0.560750  0.978511
4 19  0.273681  0.838524
4 20  0.546234  0.965366
4 21  0.541923  0.860195
4 22  0.553694  0.821554
4 23  0.551799  0.836891
4 24  0.580209  1.066907
4 25  0.539235  1.090153
4 26  0.578552  1.172746
4 27  0.574257  0.982116
4 28  0.554304  1.139461
4 29  0.581025  1.159285
4 30  0.572685  0.899890
5 6  0.532633  0.775780
5 7  0.551263  0.752086
5 8  0.548945  0.758490
5 9  0.571364  0.825501
5 10  0.580874  1.060381
5 11  0.575367  1.071155
5 12  0.549380  0.899849
5 13  0.581438  1.107182
5 14  0.580385  1.031591
5 15  0.547151  1.031741
5 16  0.545538  0.955946
5 17  0.552740  0.889146
5 18  0.561168  0.910635
5 19  0.545429  0.942324
5 20  0.269833  0.697414
5 21  0.537901  0.791212
5 22  0.552963  0.752802
5 23  0.551837  0.767665
5 24  0.580730  0.999829
5 25  0.540446  1.029824
5 26  0.577786  1.106555
5 27  0.544266  0.879015
5 28  0.585929  1.113737
5 29  0.581008  1.092532
5 30  0.573227  0.830417
6 7  0.541772  0.658772
6 8  0.541351  0.667447
6 9  0.549349  0.725910
6 10  0.581331  1.000566
6 11  0.571965  0.993591
6 12  0.548460  0.812883
6 13  0.577828  1.022049
6 14  0.576787  0.947413
6 15  0.565101  0.969636
6 16  0.542101  0.870582
6 17  0.549191  0.802868
6 18  0.557540  0.824320
6 19  0.542415  0.861675
6 20  0.538735  0.816397
6 21  0.258554  0.460637
6 22  0.546596  0.664240
6 23  0.547574  0.679257
6 24  0.577103  0.913612
6 25  0.565776  0.971194
6 26  0.574972  1.020800
6 27  0.542606  0.797497
6 28  0.583592  1.027968
6 29  0.577632  1.006767
6 30  0.543221  0.716744
7 8  0.512209  0.593569
7 9  0.552695  0.683574
7 10  0.595421  0.970177
7 11  0.585859  0.959794
7 12  0.582630  0.789454
7 13  0.591704  0.985405
7 14  0.590669  0.909289
7 15  0.580557  0.941227
7 16  0.556000  0.832584
7 17  0.563114  0.764733
7 18  0.571434  0.786183
7 19  0.556523  0.824470
7 20  0.556576  0.779357
7 21  0.548732  0.665270
7 22  0.279992  0.362167
7 23  0.509394  0.593953
7 24  0.590989  0.875608
7 25  0.579833  0.933775
7 26  0.589057  0.983159
7 27  0.585630  0.788797
7 28  0.598380  0.990255
7 29  0.591524  0.969006
7 30  0.544699  0.669146
8 9  0.551320  0.685438
8 10  0.592986  0.974942
8 11  0.583440  0.963788
8 12  0.578505  0.786816
8 13  0.589285  0.988482
8 14  0.588250  0.912351
8 15  0.577906  0.943237
8 16  0.553489  0.836305
8 17  0.560697  0.768480
8 18  0.569012  0.789919
8 19  0.553743  0.828116
8 20  0.554697  0.782746
8 21  0.549095  0.669221
8 22  0.509343  0.583928
8 23  0.279194  0.389611
8 24  0.588559  0.879331
8 25  0.576881  0.937346
8 26  0.586650  0.986899
8 27  0.582475  0.792625
8 28  0.595943  0.993993
8 29  0.589102  0.972716
8 30  0.542461  0.673272
9 10  0.617038  1.048186
9 11  0.607472  1.033785
9 12  0.594808  0.858945
9 13  0.613324  1.058794
9 14  0.612288  0.985264
9 15  0.600302  0.998599
9 16  0.577343  0.909417
9 17  0.584707  0.841643
9 18  0.593029  0.863068
9 19  0.577157  0.901112
9 20  0.578469  0.855648
9 21  0.547870  0.717870
9 22  0.544912  0.666279
9 23  0.545482  0.684313
9 24  0.612563  0.952392
9 25  0.601151  1.010810
9 26  0.610677  1.059764
9 27  0.588153  0.842808
9 28  0.619425  1.066648
9 29  0.613151  1.045578
9 30  0.375075  0.599060
10 11  0.607809  1.235221
10 12  0.616951  1.119319
10 13  0.624205  1.320603
10 14  0.621279  1.221150
10 15  0.597734  1.255699
10 16  0.564129  1.144611
10 17  0.596387  1.105309
10 18  0.604992  1.126718
10 19  0.556178  1.118791
10 20  0.588456  1.120252
10 21  0.585369  1.009467
10 22  0.597726  0.970455
10 23  0.596133  0.985815
10 24  0.622211  1.211905
10 25  0.589637  1.231413
10 26  0.611154  1.316663
10 27  0.619757  1.130554
10 28  0.389126  1.233442
10 29  0.621062  1.298420
10 30  0.617257  1.048492
11 12  0.609216  1.122760
11 13  0.588902  1.252629
11 14  0.577823  1.223863
11 15  0.603134  1.230576
11 16  0.574835  1.134919
11 17  0.583814  1.092911
11 18  0.592907  1.103446
11 19  0.580459  1.151421
11 20  0.580511  1.107904
11 21  0.576544  0.997130
11 22  0.588144  0.958131
11 23  0.586548  0.973506
11 24  0.572908  1.150431
11 25  0.603128  1.259592
11 26  0.380099  1.199778
11 27  0.610196  1.118243
11 28  0.609967  1.310520
11 29  0.582830  1.262486
11 30  0.608087  1.036381
12 13  0.615078  1.144375
12 14  0.614025  1.063618
12 15  0.590440  1.091108
12 16  0.578430  0.996154
12 17  0.586492  0.928718
12 18  0.594788  0.949998
12 19  0.577599  0.988267
12 20  0.548936  0.905559
12 21  0.545156  0.800541
12 22  0.586722  0.792273
12 23  0.584104  0.807403
12 24  0.614271  1.038952
12 25  0.582635  1.068789
12 26  0.612246  1.146354
12 27  0.372798  0.792988
12 28  0.621447  1.153483
12 29  0.614776  1.131821
12 30  0.588108  0.849346
13 14  0.594155  1.228349
13 15  0.610290  1.263162
13 16  0.579678  1.179364
13 17  0.569972  1.080963
13 18  0.568867  1.108183
13 19  0.586297  1.176334
13 20  0.587183  1.133155
13 21  0.582555  1.022493
13 22  0.593994  0.983462
13 23  0.592392  0.998786
13 24  0.589954  1.188338
13 25  0.610046  1.284387
13 26  0.583972  1.293200
13 27  0.616173  1.143002
13 28  0.624001  1.331479
13 29  0.410461  1.231350
13 30  0.613932  1.061614
14 15  0.609427  1.212676
14 16  0.571203  1.109138
14 17  0.589665  1.040974
14 18  0.597558  1.063964
14 19  0.584989  1.101554
14 20  0.586383  1.058043
14 21  0.581551  0.946897
14 22  0.592961  0.907711
14 23  0.591351  0.923070
14 24  0.374492  1.005602
14 25  0.608858  1.210407
14 26  0.576608  1.209500
14 27  0.615220  1.067664
14 28  0.624590  1.262286
14 29  0.587545  1.198176
14 30  0.612864  0.986026
15 16  0.574044  1.137929
15 17  0.581571  1.074683
15 18  0.590101  1.095954
15 19  0.544559  1.098249
15 20  0.546721  1.061901
15 21  0.570896  0.977819
15 22  0.582576  0.939191
15 23  0.580421  0.954374
15 24  0.609639  1.184370
15 25  0.374830  1.143063
15 26  0.606780  1.289603
15 27  0.583690  1.069178
15 28  0.592422  1.253184
15 29  0.610283  1.275072
15 30  0.602115  1.017776
16 17  0.556256  0.957458
16 18  0.564014  0.962419
16 19  0.546107  0.990896
16 20  0.551514  0.979278
16 21  0.546773  0.869350
16 22  0.558300  0.829761
16 23  0.556704  0.843835
16 24  0.564682  1.004277
16 25  0.572520  1.125326
16 26  0.579659  1.181098
16 27  0.580393  0.977096
16 28  0.569693  1.149868
16 29  0.581351  1.147777
16 30  0.578225  0.907001
17 18  0.528339  0.892945
17 19  0.557905  0.958032
17 20  0.558805  0.908261
17 21  0.553998  0.800812
17 22  0.565415  0.762590
17 23  0.563823  0.778080
17 24  0.581890  0.982986
17 25  0.581474  1.062828
17 26  0.582525  1.074629
17 27  0.587739  0.921562
17 28  0.598678  1.097122
17 29  0.576169  1.087886
17 30  0.585348  0.841221
18 19  0.566214  0.971042
18 20  0.567141  0.934208
18 21  0.562316  0.823369
18 22  0.573733  0.783952
18 23  0.572140  0.799064
18 24  0.592499  0.989672
18 25  0.589866  1.087277
18 26  0.592916  1.132174
18 27  0.596061  0.941398
18 28  0.607436  1.133981
18 29  0.578265  1.084992
18 30  0.593665  0.862337
19 20  0.548055  0.968825
19 21  0.547275  0.861642
19 22  0.558770  0.821260
19 23  0.557091  0.833770
19 24  0.585611  1.052906
19 25  0.549864  1.087573
19 26  0.582213  1.168434
19 27  0.576910  0.956693
19 28  0.564831  1.164780
19 29  0.585991  1.140865
19 30  0.578424  0.895607
20 21  0.542868  0.798531
20 22  0.559627  0.775955
20 23  0.558013  0.792989
20 24  0.586673  1.022601
20 25  0.551564  1.038573
20 26  0.584428  1.111452
20 27  0.555537  0.918883
20 28  0.589260  1.095956
20 29  0.587219  1.112531
20 30  0.577439  0.849783
21 22  0.548427  0.656737
21 23  0.548100  0.675965
21 24  0.581864  0.912530
21 25  0.568705  0.961388
21 26  0.579950  1.015492
21 27  0.553812  0.805345
21 28  0.589063  1.017313
21 29  0.582411  1.005067
21 30  0.553483  0.725002
22 23  0.516818  0.600718
22 24  0.593290  0.873201
22 25  0.582394  0.932087
22 26  0.591379  0.981038
22 27  0.585332  0.781238
22 28  0.600669  0.986572
22 29  0.593830  0.967021
22 30  0.556053  0.682833
23 24  0.591698  0.887982
23 25  0.580537  0.944410
23 26  0.589787  0.996535
23 27  0.582375  0.789667
23 28  0.599042  1.002459
23 29  0.592238  0.981770
23 30  0.554646  0.691656
24 25  0.609278  1.174016
24 26  0.578917  1.208963
24 27  0.615605  1.027090
24 28  0.624835  1.208322
24 29  0.595344  1.185134
24 30  0.613221  0.951174
25 26  0.605577  1.240526
25 27  0.592106  1.081635
25 28  0.601023  1.261098
25 29  0.609624  1.239905
25 30  0.600146  0.991393
26 27  0.613661  1.139659
26 28  0.613136  1.259114
26 29  0.593511  1.254942
26 30  0.611309  1.057299
27 28  0.620474  1.128643
27 29  0.616162  1.125355
27 30  0.596821  0.851943
28 29  0.626718  1.318674
28 30  0.620572  1.066234
29 30  0.613761  1.042871
