  -1146.53206566
  -1146.89592733    -1146.76820028
0.00001880007886
2 2 2 2 2 2 2 2 2 2 2 2 2 2 2 0 0 0 0 0 0 0 0 0 0 0 0 0 0 0 
1  0.269618  0.519106
2  0.278948  0.428135
3  0.288336  0.472604
4  0.271260  0.509917
5  0.271207  0.442384
6  0.267419  0.355731
7  0.281047  0.316465
8  0.278639  0.320535
9  0.302819  0.395003
10  0.315596  0.658356
11  0.305955  0.644144
12  0.304864  0.482764
13  0.311487  0.668062
14  0.310680  0.593540
15  0.300544  0.629156
16  0.276171  0.518196
17  0.282645  0.449647
18  0.290955  0.470843
19  0.276394  0.511246
20  0.277223  0.467012
21  0.272189  0.355031
22  0.283382  0.314448
23  0.281784  0.330493
24  0.311001  0.559314
25  0.300075  0.621859
26  0.309186  0.667182
27  0.306113  0.477389
28  0.318505  0.675791
29  0.311292  0.651718
30  0.303445  0.394554
1 2  0.547642  0.936595
1 3  0.556504  0.964536
1 4  0.536557  0.991051
1 5  0.540632  0.958291
1 6  0.536927  0.874223
1 7  0.550662  0.834883
1 8  0.548250  0.837664
1 9  0.572405  0.911558
1 10  0.563774  1.135165
1 11  0.571902  1.159487
1 12  0.574214  0.985091
1 13  0.576781  1.158921
1 14  0.561697  1.032375
1 15  0.568819  1.134607
1 16  0.260481  0.846171
1 17  0.552104  0.967080
1 18  0.559164  0.988742
1 19  0.540851  1.028386
1 20  0.546714  0.983632
1 21  0.541787  0.873805
1 22  0.552952  0.833503
1 23  0.551243  0.849473
1 24  0.566223  1.075618
1 25  0.568959  1.134838
1 26  0.574539  1.161551
1 27  0.574946  0.995500
1 28  0.563407  1.166199
1 29  0.574336  1.161248
1 30  0.572851  0.913365
2 3  0.523979  0.872620
2 4  0.550190  0.936717
2 5  0.550130  0.866366
2 6  0.546365  0.782759
2 7  0.559994  0.744353
2 8  0.557586  0.748508
2 9  0.581766  0.822905
2 10  0.593593  1.064183
2 11  0.577574  1.040841
2 12  0.583804  0.908770
2 13  0.575245  1.086875
2 14  0.579867  0.992434
2 15  0.579412  1.053863
2 16  0.554960  0.944996
2 17  0.273575  0.657351
2 18  0.521914  0.854756
2 19  0.555196  0.938661
2 20  0.556011  0.894576
2 21  0.551103  0.783018
2 22  0.562329  0.742557
2 23  0.560731  0.758573
2 24  0.587910  0.985093
2 25  0.578641  1.048851
2 26  0.584662  1.093550
2 27  0.585052  0.905040
2 28  0.596998  1.102378
2 29  0.565607  1.042922
2 30  0.582381  0.822531
3 4  0.559561  0.970588
3 5  0.559531  0.913422
3 6  0.555755  0.828058
3 7  0.569383  0.788813
3 8  0.566974  0.792520
3 9  0.591154  0.866840
3 10  0.603411  1.119166
3 11  0.589774  1.111253
3 12  0.593194  0.950284
3 13  0.576448  1.092205
3 14  0.591145  1.022057
3 15  0.588869  1.097527
3 16  0.563004  0.989635
3 17  0.521874  0.875347
3 18  0.281352  0.717944
3 19  0.564438  0.982747
3 20  0.565541  0.938952
3 21  0.560518  0.827453
3 22  0.571717  0.787016
3 23  0.570115  0.803012
3 24  0.596502  1.030505
3 25  0.588253  1.092908
3 26  0.595132  1.127397
3 27  0.594439  0.949267
3 28  0.606655  1.146390
3 29  0.568212  1.093458
3 30  0.591768  0.866935
4 5  0.539454  0.946468
4 6  0.538569  0.865169
4 7  0.552242  0.825257
4 8  0.549762  0.826981
4 9  0.573831  0.900415
4 10  0.559155  1.146508
4 11  0.576027  1.145006
4 12  0.572268  0.963780
4 13  0.582431  1.150622
4 14  0.581733  1.080357
4 15  0.547401  1.099293
4 16  0.542456  1.026181
4 17  0.553695  0.958708
4 18  0.561813  0.979725
4 19  0.275024  0.841891
4 20  0.547556  0.969230
4 21  0.543051  0.863987
4 22  0.554611  0.824296
4 23  0.552705  0.840229
4 24  0.581795  1.067158
4 25  0.540715  1.094820
4 26  0.580224  1.173218
4 27  0.575565  0.986568
4 28  0.555975  1.141753
4 29  0.582360  1.158537
4 30  0.573709  0.904061
5 6  0.533591  0.780063
5 7  0.552022  0.755593
5 8  0.549715  0.762412
5 9  0.572254  0.830384
5 10  0.582411  1.063180
5 11  0.576909  1.072229
5 12  0.550551  0.905281
5 13  0.582676  1.107078
5 14  0.581852  1.032755
5 15  0.548487  1.036458
5 16  0.547152  0.958869
5 17  0.553721  0.891416
5 18  0.562146  0.912648
5 19  0.546711  0.946457
5 20  0.270960  0.702339
5 21  0.538894  0.795894
5 22  0.553729  0.756367
5 23  0.552621  0.771807
5 24  0.582198  1.000882
5 25  0.541774  1.035069
5 26  0.579330  1.107880
5 27  0.545454  0.884404
5 28  0.587486  1.116536
5 29  0.582224  1.092553
5 30  0.574139  0.835413
6 7  0.542363  0.662279
6 8  0.541950  0.671382
6 9  0.550077  0.731022
6 10  0.582768  1.003564
6 11  0.573349  0.994800
6 12  0.549462  0.818289
6 13  0.578901  1.021983
6 14  0.578088  0.948640
6 15  0.566292  0.974459
6 16  0.543551  0.873575
6 17  0.550002  0.805188
6 18  0.558348  0.826382
6 19  0.543547  0.865785
6 20  0.539765  0.821105
6 21  0.259323  0.465889
6 22  0.547220  0.667886
6 23  0.548191  0.683444
6 24  0.578404  0.914708
6 25  0.566938  0.976313
6 26  0.576363  1.022153
6 27  0.543616  0.802880
6 28  0.584962  1.030808
6 29  0.578683  1.006811
6 30  0.543970  0.721851
7 8  0.512579  0.596791
7 9  0.553204  0.687915
7 10  0.596618  0.972356
7 11  0.587001  0.960198
7 12  0.583402  0.793787
7 13  0.592534  0.984402
7 14  0.591727  0.909530
7 15  0.581520  0.945309
7 16  0.557209  0.834605
7 17  0.563689  0.766075
7 18  0.572002  0.787266
7 19  0.557409  0.827637
7 20  0.557353  0.783047
7 21  0.549331  0.669027
7 22  0.280363  0.365334
7 23  0.509783  0.597405
7 24  0.592047  0.875725
7 25  0.580760  0.937917
7 26  0.590206  0.983539
7 27  0.586405  0.793134
7 28  0.599531  0.992123
7 29  0.592332  0.968073
7 30  0.545216  0.673318
8 9  0.551828  0.689964
8 10  0.594192  0.977494
8 11  0.584593  0.964525
8 12  0.579286  0.791280
8 13  0.590126  0.987732
8 14  0.589319  0.912856
8 15  0.578879  0.947547
8 16  0.554702  0.838636
8 17  0.561284  0.770134
8 18  0.569591  0.791313
8 19  0.554633  0.831593
8 20  0.555511  0.786730
8 21  0.549709  0.673232
8 22  0.509751  0.587097
8 23  0.279544  0.393751
8 24  0.589627  0.879757
8 25  0.577808  0.941802
8 26  0.587813  0.987591
8 27  0.583255  0.797300
8 28  0.597102  0.996172
8 29  0.589921  0.972092
8 30  0.542981  0.677757
9 10  0.618386  1.051930
9 11  0.608763  1.035527
9 12  0.595724  0.864755
9 13  0.614303  1.059088
9 14  0.613495  0.986982
9 15  0.601386  1.003550
9 16  0.578693  0.912922
9 17  0.585428  0.844475
9 18  0.593743  0.865641
9 19  0.578174  0.905764
9 20  0.579411  0.860827
9 21  0.548622  0.723136
9 22  0.545440  0.670494
9 23  0.546003  0.689156
9 24  0.613768  0.953995
9 25  0.602227  1.016463
9 26  0.611979  1.061622
9 27  0.589063  0.848569
9 28  0.620716  1.069976
9 29  0.614110  1.046122
9 30  0.375740  0.605567
10 11  0.609668  1.235181
10 12  0.618545  1.123131
10 13  0.625877  1.319370
10 14  0.623161  1.221032
10 15  0.599453  1.259210
10 16  0.566175  1.146599
10 17  0.597795  1.106317
10 18  0.606407  1.127449
10 19  0.557891  1.121854
10 20  0.590097  1.123553
10 21  0.586782  1.012802
10 22  0.598959  0.972712
10 23  0.597360  0.988665
10 24  0.624093  1.211799
10 25  0.591362  1.235173
10 26  0.613091  1.316649
10 27  0.621373  1.134513
10 28  0.391064  1.234959
10 29  0.622673  1.297179
10 30  0.618608  1.052153
11 12  0.610798  1.124969
11 13  0.590433  1.249869
11 14  0.579599  1.221980
11 15  0.604857  1.232035
11 16  0.576840  1.135012
11 17  0.585172  1.092025
11 18  0.594259  1.102402
11 19  0.582123  1.152313
11 20  0.582077  1.109354
11 21  0.577941  0.998587
11 22  0.589318  0.958513
11 23  0.587717  0.974487
11 24  0.574650  1.148856
11 25  0.604840  1.261548
11 26  0.381907  1.197647
11 27  0.611762  1.120334
11 28  0.611842  1.310146
11 29  0.584323  1.259621
11 30  0.609394  1.038189
12 13  0.616348  1.145045
12 14  0.615521  1.065437
12 15  0.591802  1.096732
12 16  0.580057  0.999952
12 17  0.587509  0.931845
12 18  0.595796  0.952861
12 19  0.578923  0.993223
12 20  0.550156  0.911145
12 21  0.546187  0.806109
12 22  0.587538  0.796697
12 23  0.584911  0.812455
12 24  0.615762  1.040850
12 25  0.583955  1.074680
12 26  0.613836  1.148517
12 27  0.374001  0.800005
12 28  0.623031  1.157128
12 29  0.616018  1.132684
12 30  0.589041  0.855114
13 14  0.595638  1.225271
13 15  0.611725  1.263275
13 16  0.581349  1.177748
13 17  0.571037  1.078972
13 18  0.569943  1.105741
13 19  0.587653  1.175893
13 20  0.588458  1.133188
13 21  0.583640  1.022523
13 22  0.594856  0.982412
13 23  0.593247  0.998333
13 24  0.591439  1.185228
13 25  0.611455  1.284917
13 26  0.585502  1.290380
13 27  0.617424  1.143667
13 28  0.625584  1.329757
13 29  0.411693  1.226287
13 30  0.614927  1.061985
14 15  0.611098  1.214376
14 16  0.572993  1.108707
14 17  0.590932  1.039916
14 18  0.598821  1.062672
14 19  0.586583  1.102334
14 20  0.587894  1.059306
14 21  0.582867  0.948201
14 22  0.594053  0.907935
14 23  0.592436  0.923893
14 24  0.376076  1.002534
14 25  0.610491  1.212137
14 26  0.578411  1.208025
14 27  0.616708  1.069587
14 28  0.626433  1.261908
14 29  0.589019  1.195376
14 30  0.614087  0.987678
15 16  0.575862  1.141375
15 17  0.582730  1.077450
15 18  0.591266  1.098450
15 19  0.546071  1.103260
15 20  0.548142  1.067214
15 21  0.572109  0.982932
15 22  0.583564  0.943221
15 23  0.581399  0.959010
15 24  0.611304  1.185907
15 25  0.376360  1.149143
15 26  0.608540  1.291451
15 27  0.585042  1.074896
15 28  0.594132  1.256525
15 29  0.611709  1.275619
15 30  0.603245  1.023263
16 17  0.557676  0.958061
16 18  0.565414  0.962824
16 19  0.547787  0.993288
16 20  0.553175  0.982301
16 21  0.548234  0.872359
16 22  0.559541  0.831665
16 23  0.557940  0.846238
16 24  0.566341  1.003728
16 25  0.574273  1.128697
16 26  0.581654  1.180876
16 27  0.582026  0.980447
16 28  0.571643  1.150961
16 29  0.582971  1.146340
16 30  0.579602  0.910332
17 18  0.529091  0.892591
17 19  0.559016  0.959861
17 20  0.559828  0.910373
17 21  0.554831  0.803076
17 22  0.566026  0.763862
17 23  0.564428  0.779964
17 24  0.583108  0.981777
17 25  0.582632  1.065553
17 26  0.583870  1.073798
17 27  0.588743  0.924469
17 28  0.600040  1.097390
17 29  0.577218  1.085657
17 30  0.586090  0.843934
18 19  0.567317  0.972440
18 20  0.568159  0.936248
18 21  0.563141  0.825456
18 22  0.574336  0.784956
18 23  0.572737  0.800634
18 24  0.593751  0.988503
18 25  0.591016  1.089831
18 26  0.594247  1.130912
18 27  0.597059  0.943943
18 28  0.608795  1.134051
18 29  0.579305  1.082776
18 30  0.594399  0.864786
19 20  0.549363  0.972962
19 21  0.548414  0.865836
19 22  0.559685  0.824316
19 23  0.557999  0.837259
19 24  0.587205  1.053515
19 25  0.551314  1.091803
19 26  0.583844  1.169176
19 27  0.578176  0.961107
19 28  0.566465  1.167115
19 29  0.587330  1.140237
19 30  0.579472  0.899967
20 21  0.543901  0.802903
20 22  0.560462  0.779534
20 23  0.558843  0.797234
20 24  0.588182  1.023704
20 25  0.552889  1.043354
20 26  0.586021  1.112512
20 27  0.556734  0.924272
20 28  0.590792  1.098502
20 29  0.588478  1.112522
20 30  0.578376  0.854623
21 22  0.549060  0.660282
21 23  0.548722  0.680219
21 24  0.583179  0.913644
21 25  0.569864  0.966310
21 26  0.581361  1.016681
21 27  0.554839  0.810653
21 28  0.590470  1.019898
21 29  0.583478  1.005131
21 30  0.554227  0.730081
22 23  0.517227  0.604133
22 24  0.594382  0.873226
22 25  0.583356  0.936192
22 26  0.592566  0.981351
22 27  0.586118  0.785361
22 28  0.601852  0.988273
22 29  0.594673  0.966036
22 30  0.556612  0.687061
23 24  0.592784  0.888555
23 25  0.581498  0.948986
23 26  0.590969  0.997462
23 27  0.583170  0.794199
23 28  0.600215  1.004797
23 29  0.593076  0.981319
23 30  0.555191  0.696240
24 25  0.610908  1.175593
24 26  0.580721  1.206868
24 27  0.617092  1.028662
24 28  0.626673  1.207641
24 29  0.596810  1.181983
24 30  0.614444  0.952645
25 26  0.607279  1.242077
25 27  0.593417  1.087239
25 28  0.602689  1.264398
25 29  0.611002  1.240121
25 30  0.601220  0.996301
26 27  0.615244  1.141680
26 28  0.614940  1.258815
26 29  0.595052  1.252142
26 30  0.612627  1.058912
27 28  0.622010  1.131859
27 29  0.617401  1.126016
27 30  0.597742  0.857504
28 29  0.628312  1.317119
28 30  0.621888  1.069457
29 30  0.614736  1.043160
