  -1146.53206566
  -1146.89606015    -1146.76854147
0.00001302086478
2 2 2 2 2 2 2 2 2 2 2 2 2 2 2 0 0 0 0 0 0 0 0 0 0 0 0 0 0 0 
1  0.270029  0.519539
2  0.279154  0.428446
3  0.288470  0.472805
4  0.271594  0.510447
5  0.271490  0.443352
6  0.267625  0.356803
7  0.281132  0.317090
8  0.278711  0.321315
9  0.302954  0.396307
10  0.316067  0.658774
11  0.306388  0.643818
12  0.305174  0.484068
13  0.311754  0.667490
14  0.311105  0.593065
15  0.300924  0.630144
16  0.276598  0.518678
17  0.282846  0.449988
18  0.291106  0.471039
19  0.276743  0.511858
20  0.277524  0.467957
21  0.272398  0.356130
22  0.283471  0.315034
23  0.281851  0.331422
24  0.311409  0.558951
25  0.300434  0.622789
26  0.309617  0.666828
27  0.306434  0.478662
28  0.318956  0.675934
29  0.311571  0.651226
30  0.303577  0.395815
1 2  0.548259  0.937304
1 3  0.557044  0.965145
1 4  0.537268  0.991975
1 5  0.541326  0.959684
1 6  0.537540  0.875710
1 7  0.551157  0.835924
1 8  0.548733  0.838811
1 9  0.572951  0.913240
1 10  0.564614  1.135953
1 11  0.572742  1.159614
1 12  0.574929  0.986670
1 13  0.577449  1.158850
1 14  0.562465  1.032337
1 15  0.569597  1.135990
1 16  0.261220  0.846856
1 17  0.552716  0.967841
1 18  0.559709  0.989383
1 19  0.541604  1.029443
1 20  0.547425  0.985001
1 21  0.542404  0.875332
1 22  0.553450  0.834521
1 23  0.551710  0.850832
1 24  0.567012  1.075662
1 25  0.569726  1.136216
1 26  0.575376  1.161776
1 27  0.575661  0.997207
1 28  0.564259  1.166944
1 29  0.575033  1.161196
1 30  0.573393  0.915057
2 3  0.524287  0.873142
2 4  0.550729  0.937557
2 5  0.550615  0.867538
2 6  0.546778  0.784096
2 7  0.560285  0.745276
2 8  0.557864  0.749593
2 9  0.582108  0.824510
2 10  0.594264  1.064756
2 11  0.578196  1.040793
2 12  0.584319  0.910342
2 13  0.575721  1.086597
2 14  0.580474  0.992267
2 15  0.579998  1.055117
2 16  0.555591  0.945780
2 17  0.273916  0.657979
2 18  0.522262  0.855417
2 19  0.555745  0.939590
2 20  0.556508  0.895831
2 21  0.551514  0.784427
2 22  0.562625  0.743454
2 23  0.561005  0.759812
2 24  0.588516  0.985046
2 25  0.579196  1.050099
2 26  0.585292  1.093517
2 27  0.585580  0.906621
2 28  0.597650  1.102847
2 29  0.566083  1.042878
2 30  0.582718  0.824101
3 4  0.560030  0.971217
3 5  0.559948  0.914564
3 6  0.556095  0.829323
3 7  0.569602  0.789627
3 8  0.567181  0.793471
3 9  0.591424  0.868325
3 10  0.604014  1.119714
3 11  0.590329  1.111116
3 12  0.593638  0.951685
3 13  0.576863  1.091913
3 14  0.591698  1.021887
3 15  0.589384  1.098701
3 16  0.563546  0.990328
3 17  0.522199  0.876063
3 18  0.281656  0.718278
3 19  0.564909  0.983574
3 20  0.565976  0.940095
3 21  0.560861  0.828750
3 22  0.571941  0.787802
3 23  0.570316  0.804139
3 24  0.597039  1.030358
3 25  0.588744  1.094036
3 26  0.595702  1.127304
3 27  0.594895  0.950733
3 28  0.607240  1.146734
3 29  0.568624  1.093244
3 30  0.592034  0.868392
4 5  0.540050  0.947937
4 6  0.539107  0.866766
4 7  0.552659  0.826393
4 8  0.550164  0.828205
4 9  0.574303  0.902179
4 10  0.559940  1.147442
4 11  0.576777  1.145184
4 12  0.572887  0.965436
4 13  0.583028  1.150521
4 14  0.582489  1.080423
4 15  0.548091  1.100723
4 16  0.543211  1.027202
4 17  0.554225  0.959581
4 18  0.562285  0.980471
4 19  0.275700  0.842959
4 20  0.548183  0.970748
4 21  0.543598  0.865594
4 22  0.555036  0.825411
4 23  0.553104  0.841684
4 24  0.582538  1.067344
4 25  0.541408  1.096516
4 26  0.580982  1.173390
4 27  0.576212  0.988374
4 28  0.556763  1.142634
4 29  0.582970  1.158609
4 30  0.574156  0.905846
5 6  0.534069  0.781959
5 7  0.552392  0.757131
5 8  0.550071  0.764155
5 9  0.572666  0.832546
5 10  0.583135  1.064389
5 11  0.577624  1.072730
5 12  0.551122  0.907563
5 13  0.583226  1.107444
5 14  0.582559  1.033227
5 15  0.549134  1.038283
5 16  0.547860  0.960314
5 17  0.554195  0.892720
5 18  0.562583  0.913809
5 19  0.547335  0.948060
5 20  0.271477  0.704311
5 21  0.539379  0.797973
5 22  0.554086  0.757917
5 23  0.552974  0.773688
5 24  0.582889  1.001486
5 25  0.542421  1.037068
5 26  0.580038  1.108502
5 27  0.546051  0.886720
5 28  0.588220  1.117653
5 29  0.582781  1.093038
5 30  0.574551  0.837634
6 7  0.542648  0.663899
6 8  0.542227  0.673213
6 9  0.550417  0.733363
6 10  0.583443  1.004917
6 11  0.573987  0.995432
6 12  0.549974  0.820635
6 13  0.579374  1.022445
6 14  0.578716  0.949222
6 15  0.566865  0.976406
6 16  0.544181  0.875123
6 17  0.550400  0.806599
6 18  0.558701  0.827648
6 19  0.544102  0.867449
6 20  0.540266  0.823137
6 21  0.259691  0.468320
6 22  0.547512  0.669554
6 23  0.548462  0.685428
6 24  0.579017  0.915414
6 25  0.567498  0.978304
6 26  0.576997  1.022865
6 27  0.544120  0.805277
6 28  0.585599  1.032019
6 29  0.579166  1.007385
6 30  0.544308  0.724222
7 8  0.512728  0.598307
7 9  0.553424  0.689908
7 10  0.597175  0.973338
7 11  0.587518  0.960479
7 12  0.583792  0.795647
7 13  0.592886  0.984452
7 14  0.592236  0.909663
7 15  0.581984  0.946910
7 16  0.557721  0.835710
7 17  0.563975  0.767040
7 18  0.572238  0.788085
7 19  0.557843  0.828871
7 20  0.557722  0.784611
7 21  0.549623  0.670761
7 22  0.280534  0.366769
7 23  0.509931  0.599072
7 24  0.592540  0.875985
7 25  0.581203  0.939464
7 26  0.590719  0.983808
7 27  0.586809  0.795024
7 28  0.600066  0.992887
7 29  0.592695  0.968202
7 30  0.545432  0.675260
8 9  0.552051  0.692051
8 10  0.594734  0.978657
8 11  0.585098  0.964974
8 12  0.579666  0.793214
8 13  0.590465  0.987904
8 14  0.589815  0.913114
8 15  0.579331  0.949268
8 16  0.555197  0.839896
8 17  0.561557  0.771254
8 18  0.569814  0.792288
8 19  0.555046  0.832981
8 20  0.555883  0.788447
8 21  0.549989  0.675099
8 22  0.509909  0.588577
8 23  0.279668  0.395721
8 24  0.590107  0.880172
8 25  0.578231  0.943502
8 26  0.588316  0.988015
8 27  0.583647  0.799358
8 28  0.597625  0.997090
8 29  0.590272  0.972376
8 30  0.543187  0.679856
9 10  0.618993  1.053627
9 11  0.609331  1.036400
9 12  0.596157  0.867291
9 13  0.614706  1.059705
9 14  0.614054  0.987784
9 15  0.601898  1.005547
9 16  0.579248  0.914703
9 17  0.585761  0.846118
9 18  0.594027  0.867138
9 19  0.578655  0.907675
9 20  0.579843  0.863071
9 21  0.548962  0.725571
9 22  0.545663  0.672432
9 23  0.546212  0.691444
9 24  0.614309  0.954931
9 25  0.602723  1.018697
9 26  0.612544  1.062564
9 27  0.589509  0.851108
9 28  0.621295  1.071406
9 29  0.614525  1.046923
9 30  0.376009  0.608552
10 11  0.610512  1.235243
10 12  0.619302  1.124729
10 13  0.626611  1.319271
10 14  0.624054  1.220978
10 15  0.600251  1.260558
10 16  0.567072  1.147665
10 17  0.598463  1.107093
10 18  0.607030  1.128062
10 19  0.558702  1.123084
10 20  0.590866  1.124921
10 21  0.587434  1.014317
10 22  0.599521  0.973713
10 23  0.597898  0.990006
10 24  0.624973  1.211914
10 25  0.592150  1.236606
10 26  0.613962  1.316697
10 27  0.622159  1.136204
10 28  0.391997  1.235466
10 29  0.623406  1.297080
10 30  0.619218  1.053816
11 12  0.611540  1.125942
11 13  0.591108  1.249079
11 14  0.580400  1.221211
11 15  0.605649  1.232553
11 16  0.577701  1.135350
11 17  0.585800  1.092052
11 18  0.594836  1.102322
11 19  0.582897  1.152599
11 20  0.582800  1.109982
11 21  0.578586  0.999354
11 22  0.589839  0.958771
11 23  0.588215  0.975087
11 24  0.575428  1.148473
11 25  0.605629  1.262195
11 26  0.382733  1.196793
11 27  0.612515  1.121281
11 28  0.612695  1.309950
11 29  0.585004  1.258968
11 30  0.609958  1.039116
12 13  0.616926  1.145732
12 14  0.616254  1.066151
12 15  0.592460  1.098912
12 16  0.580777  1.001741
12 17  0.588020  0.933488
12 18  0.596257  0.954357
12 19  0.579574  0.995142
12 20  0.550751  0.913464
12 21  0.546701  0.808552
12 22  0.587934  0.798583
12 23  0.585290  0.814693
12 24  0.616476  1.041790
12 25  0.584601  1.076895
12 26  0.614579  1.149469
12 27  0.374593  0.802966
12 28  0.623785  1.158576
12 29  0.616607  1.133497
12 30  0.589470  0.857645
13 14  0.596308  1.224403
13 15  0.612368  1.263512
13 16  0.582043  1.177666
13 17  0.571492  1.078902
13 18  0.570357  1.105449
13 19  0.588265  1.175969
13 20  0.589022  1.133574
13 21  0.584113  1.023046
13 22  0.595211  0.982424
13 23  0.593579  0.998685
13 24  0.592103  1.184473
13 25  0.612080  1.285298
13 26  0.586173  1.289689
13 27  0.618012  1.144370
13 28  0.626288  1.329318
13 29  0.412227  1.225109
13 30  0.615328  1.062663
14 15  0.611897  1.214897
14 16  0.573797  1.108681
14 17  0.591549  1.039796
14 18  0.599392  1.062407
14 19  0.587361  1.102479
14 20  0.588619  1.059774
14 21  0.583500  0.948822
14 22  0.594566  0.908045
14 23  0.592926  0.924344
14 24  0.376805  1.001422
14 25  0.611265  1.212599
14 26  0.579208  1.207500
14 27  0.617450  1.070382
14 28  0.627301  1.261677
14 29  0.589709  1.194614
14 30  0.614642  0.988459
15 16  0.576665  1.142857
15 17  0.583296  1.078788
15 18  0.591790  1.099638
15 19  0.546790  1.105106
15 20  0.548830  1.069269
15 21  0.572693  0.985009
15 22  0.584034  0.944787
15 23  0.581837  0.960917
15 24  0.612087  1.186532
15 25  0.377115  1.151186
15 26  0.609345  1.292120
15 27  0.585718  1.077138
15 28  0.594924  1.257738
15 29  0.612367  1.276138
15 30  0.603757  1.025510
16 17  0.558298  0.958837
16 18  0.565981  0.963451
16 19  0.548534  0.994343
16 20  0.553899  0.983730
16 21  0.548865  0.873910
16 22  0.560055  0.832697
16 23  0.558432  0.847555
16 24  0.567084  1.003748
16 25  0.575042  1.130052
16 26  0.582508  1.181030
16 27  0.582769  0.982046
16 28  0.572487  1.151523
16 29  0.583670  1.146391
16 30  0.580162  0.912028
17 18  0.529414  0.893127
17 19  0.559566  0.960817
17 20  0.560326  0.911497
17 21  0.555242  0.804442
17 22  0.566316  0.764776
17 23  0.564696  0.781226
17 24  0.583699  0.981752
17 25  0.583194  1.066752
17 26  0.584495  1.073760
17 27  0.589264  0.926020
17 28  0.600678  1.097679
17 29  0.577695  1.085488
17 30  0.586423  0.845526
18 19  0.567818  0.973162
18 20  0.568609  0.937362
18 21  0.563502  0.826731
18 22  0.574577  0.785720
18 23  0.572956  0.801719
18 24  0.594308  0.988443
18 25  0.591527  1.090946
18 26  0.594809  1.130738
18 27  0.597531  0.945297
18 28  0.609394  1.134312
18 29  0.579746  1.082554
18 30  0.594682  0.866223
19 20  0.549988  0.974492
19 21  0.548971  0.867540
19 22  0.560121  0.825485
19 23  0.558411  0.838678
19 24  0.587963  1.053762
19 25  0.552007  1.093217
19 26  0.584594  1.169376
19 27  0.578820  0.962833
19 28  0.567248  1.167863
19 29  0.587954  1.140290
19 30  0.579954  0.901743
20 21  0.544398  0.804786
20 22  0.560852  0.781035
20 23  0.559210  0.799103
20 24  0.588889  1.024271
20 25  0.553531  1.045099
20 26  0.586747  1.112962
20 27  0.557328  0.926501
20 28  0.591517  1.099486
20 29  0.589056  1.112911
20 30  0.578798  0.856716
21 22  0.549354  0.661906
21 23  0.548992  0.682230
21 24  0.583797  0.914355
21 25  0.570414  0.968226
21 26  0.582001  1.017313
21 27  0.555368  0.812984
21 28  0.591129  1.020991
21 29  0.583967  1.005711
21 30  0.554563  0.732421
22 23  0.517377  0.605752
22 24  0.594879  0.873425
22 25  0.583804  0.937705
22 26  0.593087  0.981575
22 27  0.586522  0.787142
22 28  0.602392  0.988949
22 29  0.595042  0.966125
22 30  0.556838  0.688992
23 24  0.593259  0.889065
23 25  0.581927  0.950777
23 26  0.591467  0.998031
23 27  0.583559  0.796234
23 28  0.600730  1.005830
23 29  0.593422  0.981713
23 30  0.555401  0.698393
24 25  0.611671  1.176154
24 26  0.581504  1.206206
24 27  0.617821  1.029458
24 28  0.627529  1.207418
24 29  0.597480  1.181270
24 30  0.614985  0.953515
25 26  0.608050  1.242563
25 27  0.594073  1.089339
25 28  0.603457  1.265484
25 29  0.611637  1.240378
25 30  0.601706  0.998202
26 27  0.615995  1.142590
26 28  0.615756  1.258667
26 29  0.595735  1.251401
26 30  0.613190  1.059744
27 28  0.622753  1.133146
27 29  0.618001  1.126768
27 30  0.598183  0.859955
28 29  0.629033  1.316836
28 30  0.622469  1.070843
29 30  0.615147  1.043832
