  -1146.53206566
  -1146.89613153    -1146.76872984
0.00000941616139
2 2 2 2 2 2 2 2 2 2 2 2 2 2 2 0 0 0 0 0 0 0 0 0 0 0 0 0 0 0 
1  0.270281  0.519771
2  0.279279  0.428465
3  0.288567  0.472772
4  0.271775  0.510782
5  0.271644  0.444027
6  0.267746  0.357491
7  0.281186  0.317489
8  0.278757  0.321828
9  0.303052  0.397119
10  0.316326  0.659079
11  0.306644  0.643625
12  0.305353  0.484915
13  0.311952  0.666814
14  0.311328  0.592910
15  0.301143  0.630818
16  0.276861  0.518968
17  0.282962  0.449961
18  0.291210  0.470975
19  0.276935  0.512299
20  0.277696  0.468652
21  0.272518  0.356815
22  0.283534  0.315392
23  0.281897  0.332005
24  0.311646  0.558739
25  0.300646  0.623550
26  0.309881  0.666594
27  0.306601  0.479439
28  0.319207  0.676115
29  0.311748  0.650586
30  0.303666  0.396628
1 2  0.548629  0.937534
1 3  0.557388  0.965342
1 4  0.537683  0.992524
1 5  0.541730  0.960584
1 6  0.537908  0.876618
1 7  0.551462  0.836542
1 8  0.549029  0.839508
1 9  0.573300  0.914259
1 10  0.565100  1.136444
1 11  0.573244  1.159665
1 12  0.575357  0.987643
1 13  0.577895  1.158450
1 14  0.562896  1.032383
1 15  0.570059  1.136871
1 16  0.261685  0.847286
1 17  0.553085  0.968049
1 18  0.560055  0.989564
1 19  0.542045  1.030121
1 20  0.547848  0.985925
1 21  0.542775  0.876244
1 22  0.553764  0.835109
1 23  0.552004  0.851645
1 24  0.567470  1.075671
1 25  0.570186  1.137206
1 26  0.575888  1.161863
1 27  0.576071  0.998215
1 28  0.564750  1.167443
1 29  0.575457  1.160804
1 30  0.573731  0.916100
2 3  0.524485  0.873117
2 4  0.551034  0.937908
2 5  0.550892  0.868154
2 6  0.547022  0.784766
2 7  0.560463  0.745682
2 8  0.558034  0.750120
2 9  0.582330  0.825332
2 10  0.594640  1.064979
2 11  0.578570  1.040639
2 12  0.584621  0.911177
2 13  0.576042  1.085952
2 14  0.580809  0.992135
2 15  0.580341  1.055782
2 16  0.555978  0.946086
2 17  0.274118  0.657870
2 18  0.522479  0.855522
2 19  0.556059  0.940051
2 20  0.556798  0.896544
2 21  0.551755  0.785130
2 22  0.562812  0.743830
2 23  0.561176  0.760414
2 24  0.588876  0.984857
2 25  0.579523  1.050884
2 26  0.585677  1.093309
2 27  0.585870  0.907415
2 28  0.598014  1.103060
2 29  0.566391  1.042379
2 30  0.582930  0.824932
3 4  0.560307  0.971468
3 5  0.560198  0.915191
3 6  0.556313  0.829973
3 7  0.569753  0.789984
3 8  0.567323  0.793928
3 9  0.591618  0.869096
3 10  0.604365  1.119938
3 11  0.590675  1.110884
3 12  0.593914  0.952426
3 13  0.577162  1.091278
3 14  0.592014  1.021765
3 15  0.589701  1.099338
3 16  0.563896  0.990596
3 17  0.522409  0.876158
3 18  0.281824  0.718085
3 19  0.565185  0.983996
3 20  0.566244  0.940755
3 21  0.561077  0.829401
3 22  0.572101  0.788126
3 23  0.570459  0.804688
3 24  0.597371  1.030123
3 25  0.589053  1.094765
3 26  0.596064  1.127069
3 27  0.595159  0.951475
3 28  0.607586  1.146883
3 29  0.568903  1.092645
3 30  0.592219  0.869170
4 5  0.540375  0.948932
4 6  0.539409  0.867786
4 7  0.552893  0.827110
4 8  0.550388  0.828989
4 9  0.574583  0.903286
4 10  0.560368  1.148076
4 11  0.577202  1.145309
4 12  0.573237  0.966492
4 13  0.583404  1.150150
4 14  0.582895  1.080584
4 15  0.548481  1.101667
4 16  0.543656  1.027835
4 17  0.554518  0.959888
4 18  0.562557  0.980753
4 19  0.276080  0.843744
4 20  0.548533  0.971796
4 21  0.543901  0.866602
4 22  0.555282  0.826103
4 23  0.553327  0.842599
4 24  0.582956  1.067471
4 25  0.541801  1.097745
4 26  0.581422  1.173495
4 27  0.576560  0.989487
4 28  0.557198  1.143272
4 29  0.583322  1.158328
4 30  0.574416  0.906990
5 6  0.534338  0.783229
5 7  0.552599  0.758169
5 8  0.550270  0.765338
5 9  0.572915  0.833964
5 10  0.583532  1.065252
5 11  0.578031  1.073120
5 12  0.551439  0.909087
5 13  0.583577  1.107424
5 14  0.582935  1.033733
5 15  0.549498  1.039539
5 16  0.548276  0.961272
5 17  0.554461  0.893368
5 18  0.562841  0.914421
5 19  0.547676  0.949196
5 20  0.271783  0.705739
5 21  0.539651  0.799338
5 22  0.554294  0.758948
5 23  0.553174  0.774938
5 24  0.583280  1.001951
5 25  0.542784  1.038553
5 26  0.580446  1.108946
5 27  0.546368  0.888226
5 28  0.588621  1.118511
5 29  0.583108  1.093080
5 30  0.574792  0.839117
6 7  0.542825  0.664934
6 8  0.542393  0.674400
6 9  0.550627  0.734850
6 10  0.583821  1.005824
6 11  0.574364  0.995852
6 12  0.550272  0.822150
6 13  0.579692  1.022433
6 14  0.579060  0.949746
6 15  0.567198  0.977693
6 16  0.544565  0.876099
6 17  0.550632  0.807259
6 18  0.558923  0.828272
6 19  0.544417  0.868566
6 20  0.540552  0.824529
6 21  0.259908  0.469880
6 22  0.547695  0.670609
6 23  0.548629  0.686690
6 24  0.579374  0.915889
6 25  0.567828  0.979745
6 26  0.577381  1.023315
6 27  0.544403  0.806775
6 28  0.585957  1.032885
6 29  0.579464  1.007432
6 30  0.544517  0.725751
7 8  0.512822  0.599295
7 9  0.553577  0.691163
7 10  0.597487  0.973996
7 11  0.587828  0.960672
7 12  0.584020  0.796848
7 13  0.593137  0.984175
7 14  0.592513  0.909893
7 15  0.582256  0.947976
7 16  0.558038  0.836399
7 17  0.564144  0.767411
7 18  0.572396  0.788420
7 19  0.558088  0.829709
7 20  0.557938  0.785703
7 21  0.549797  0.671851
7 22  0.280649  0.367677
7 23  0.510026  0.600129
7 24  0.592831  0.876171
7 25  0.581468  0.940619
7 26  0.591035  0.983972
7 27  0.587029  0.796197
7 28  0.600371  0.993465
7 29  0.592926  0.967961
7 30  0.545573  0.676509
8 9  0.552199  0.693383
8 10  0.595035  0.979449
8 11  0.585399  0.965291
8 12  0.579891  0.794474
8 13  0.590708  0.987713
8 14  0.590084  0.913435
8 15  0.579598  0.950429
8 16  0.555501  0.840698
8 17  0.561718  0.771739
8 18  0.569962  0.792736
8 19  0.555279  0.833932
8 20  0.556100  0.789649
8 21  0.550155  0.676290
8 22  0.510015  0.589522
8 23  0.279758  0.396991
8 24  0.590389  0.880471
8 25  0.578480  0.944769
8 26  0.588624  0.988293
8 27  0.583859  0.800653
8 28  0.597920  0.997781
8 29  0.590494  0.972247
8 30  0.543326  0.681214
9 10  0.619348  1.054722
9 11  0.609684  1.036946
9 12  0.596429  0.868907
9 13  0.615001  1.059764
9 14  0.614375  0.988427
9 15  0.602210  1.006838
9 16  0.579610  0.915803
9 17  0.585971  0.846903
9 18  0.594225  0.867887
9 19  0.578933  0.908922
9 20  0.580109  0.864577
9 21  0.549173  0.727092
9 22  0.545820  0.673637
9 23  0.546361  0.692874
9 24  0.614642  0.955530
9 25  0.603033  1.020272
9 26  0.612904  1.063138
9 27  0.589764  0.852678
9 28  0.621646  1.072389
9 29  0.614799  1.047090
9 30  0.376181  0.610476
10 11  0.610995  1.235307
10 12  0.619728  1.125795
10 13  0.627064  1.318939
10 14  0.624531  1.221120
10 15  0.600701  1.261489
10 16  0.567587  1.148341
10 17  0.598833  1.107381
10 18  0.607392  1.128306
10 19  0.559145  1.123938
10 20  0.591297  1.125921
10 21  0.587798  1.015303
10 22  0.599844  0.974373
10 23  0.598204  0.990889
10 24  0.625463  1.212038
10 25  0.592599  1.237710
10 26  0.614468  1.316765
10 27  0.622582  1.137283
10 28  0.392513  1.235938
10 29  0.623832  1.296734
10 30  0.619563  1.054925
11 12  0.611974  1.126590
11 13  0.591531  1.248319
11 14  0.580853  1.220887
11 15  0.606116  1.232945
11 16  0.578215  1.135530
11 17  0.586171  1.091840
11 18  0.595194  1.102107
11 19  0.583340  1.152851
11 20  0.583218  1.110490
11 21  0.578961  0.999842
11 22  0.590155  0.958935
11 23  0.588516  0.975476
11 24  0.575883  1.148207
11 25  0.606099  1.262782
11 26  0.383209  1.196291
11 27  0.612939  1.121866
11 28  0.613188  1.309934
11 29  0.585407  1.258240
11 30  0.610303  1.039733
12 13  0.617303  1.145872
12 14  0.616657  1.066745
12 15  0.592839  1.100364
12 16  0.581205  1.002876
12 17  0.588315  0.934308
12 18  0.596541  0.955137
12 19  0.579944  0.996433
12 20  0.551085  0.915054
12 21  0.546991  0.810114
12 22  0.588174  0.799785
12 23  0.585517  0.816128
12 24  0.616889  1.042421
12 25  0.584973  1.078494
12 26  0.615023  1.150083
12 27  0.374926  0.804834
12 28  0.624211  1.159605
12 29  0.616964  1.133705
12 30  0.589735  0.859280
13 14  0.596710  1.223643
13 15  0.612783  1.263410
13 16  0.582499  1.177296
13 17  0.571806  1.078329
13 18  0.570659  1.104789
13 19  0.588650  1.175757
13 20  0.589389  1.133601
13 21  0.584430  1.023053
13 22  0.595472  0.982105
13 23  0.593822  0.998589
13 24  0.592528  1.183739
13 25  0.612488  1.285401
13 26  0.586600  1.288932
13 27  0.618376  1.144475
13 28  0.626726  1.328832
13 29  0.412556  1.223701
13 30  0.615615  1.062795
14 15  0.612338  1.215398
14 16  0.574249  1.108797
14 17  0.591886  1.039616
14 18  0.599721  1.062200
14 19  0.587773  1.102770
14 20  0.589014  1.060310
14 21  0.583844  0.949350
14 22  0.594853  0.908247
14 23  0.593194  0.924770
14 24  0.377229  1.000882
14 25  0.611694  1.213198
14 26  0.579670  1.207239
14 27  0.617839  1.071000
14 28  0.627769  1.261747
14 29  0.590091  1.193999
14 30  0.614952  0.989114
15 16  0.577142  1.143826
15 17  0.583621  1.079438
15 18  0.592113  1.100246
15 19  0.547193  1.106352
15 20  0.549217  1.070708
15 21  0.573029  0.986361
15 22  0.584317  0.945815
15 23  0.582096  0.962169
15 24  0.612541  1.186998
15 25  0.377556  1.152743
15 26  0.609828  1.292577
15 27  0.586095  1.078580
15 28  0.595374  1.258640
15 29  0.612762  1.276193
15 30  0.604067  1.026998
16 17  0.558672  0.959079
16 18  0.566341  0.963664
16 19  0.548973  0.995044
16 20  0.554333  0.984715
16 21  0.549247  0.874865
16 22  0.560380  0.833320
16 23  0.558741  0.848363
16 24  0.567523  1.003784
16 25  0.575505  1.131062
16 26  0.583025  1.181103
16 27  0.583198  0.983011
16 28  0.572977  1.151956
16 29  0.584105  1.146065
16 30  0.580514  0.913102
17 18  0.529610  0.893026
17 19  0.559872  0.961234
17 20  0.560613  0.912074
17 21  0.555478  0.805053
17 22  0.566496  0.765097
17 23  0.564858  0.781777
17 24  0.584039  0.981529
17 25  0.583522  1.067460
17 26  0.584873  1.073550
17 27  0.589547  0.926728
17 28  0.601035  1.097757
17 29  0.577995  1.084845
17 30  0.586628  0.846306
18 19  0.568113  0.973481
18 20  0.568884  0.937980
18 21  0.563725  0.827340
18 22  0.574744  0.786001
18 23  0.573106  0.802209
18 24  0.594647  0.988242
18 25  0.591842  1.091631
18 26  0.595168  1.130431
18 27  0.597802  0.945936
18 28  0.609746  1.134389
18 29  0.580034  1.081914
18 30  0.594875  0.866959
19 20  0.550342  0.975621
19 21  0.549282  0.868664
19 22  0.560375  0.826265
19 23  0.558647  0.839623
19 24  0.588391  1.053993
19 25  0.552401  1.094316
19 26  0.585030  1.169541
19 27  0.579166  0.963934
19 28  0.567685  1.168490
19 29  0.588321  1.140055
19 30  0.580235  0.902933
20 21  0.544684  0.806064
20 22  0.561088  0.782069
20 23  0.559428  0.800380
20 24  0.589297  1.024748
20 25  0.553901  1.046434
20 26  0.587180  1.113311
20 27  0.557659  0.927983
20 28  0.591925  1.100273
20 29  0.589405  1.112934
20 30  0.579053  0.858145
21 22  0.549538  0.662910
21 23  0.549158  0.683489
21 24  0.584155  0.914812
21 25  0.570736  0.969588
21 26  0.582385  1.017682
21 27  0.555647  0.814430
21 28  0.591500  1.021757
21 29  0.584264  1.005741
21 30  0.554769  0.733907
22 23  0.517480  0.606769
22 24  0.595180  0.873555
22 25  0.584078  0.938821
22 26  0.593414  0.981692
22 27  0.586745  0.788231
22 28  0.602706  0.989455
22 29  0.595282  0.965840
22 30  0.556993  0.690217
23 24  0.593542  0.889394
23 25  0.582188  0.952075
23 26  0.591778  0.998375
23 27  0.583771  0.797489
23 28  0.601025  1.006568
23 29  0.593645  0.981623
23 30  0.555543  0.699767
24 25  0.612117  1.176681
24 26  0.581979  1.205781
24 27  0.618225  1.029949
24 28  0.628017  1.207387
24 29  0.597878  1.180498
24 30  0.615311  0.954097
25 26  0.608515  1.242993
25 27  0.594436  1.090816
25 28  0.603900  1.266414
25 29  0.612024  1.240390
25 30  0.602003  0.999582
26 27  0.616425  1.143127
26 28  0.616234  1.258624
26 29  0.596158  1.250650
26 30  0.613542  1.060262
27 28  0.623159  1.134022
27 29  0.618346  1.126888
27 30  0.598434  0.861496
28 29  0.629457  1.316434
28 30  0.622809  1.071827
29 30  0.615413  1.043938
