  -1146.53206566
  -1146.89617318    -1146.76884482
0.00000773084217
2 2 2 2 2 2 2 2 2 2 2 2 2 2 2 0 0 0 0 0 0 0 0 0 0 0 0 0 0 0 
1  0.270428  0.519873
2  0.279347  0.428507
3  0.288625  0.472760
4  0.271892  0.511099
5  0.271757  0.444444
6  0.267834  0.357914
7  0.281220  0.317750
8  0.278787  0.322172
9  0.303112  0.397682
10  0.316477  0.659255
11  0.306808  0.643431
12  0.305458  0.485491
13  0.312063  0.666370
14  0.311471  0.592651
15  0.301271  0.631377
16  0.277016  0.519124
17  0.283030  0.450012
18  0.291273  0.470992
19  0.277059  0.512663
20  0.277808  0.469067
21  0.272605  0.357234
22  0.283568  0.315637
23  0.281933  0.332391
24  0.311792  0.558517
25  0.300769  0.624094
26  0.310051  0.666386
27  0.306708  0.479953
28  0.319360  0.676204
29  0.311857  0.650151
30  0.303723  0.397160
1 2  0.548841  0.937674
1 3  0.557592  0.965444
1 4  0.537937  0.992934
1 5  0.541990  0.961100
1 6  0.538143  0.877135
1 7  0.551643  0.836896
1 8  0.549207  0.839921
1 9  0.573508  0.914903
1 10  0.565386  1.136703
1 11  0.573553  1.159585
1 12  0.575609  0.988254
1 13  0.578148  1.158147
1 14  0.563164  1.032251
1 15  0.570328  1.137517
1 16  0.261959  0.847431
1 17  0.553300  0.968200
1 18  0.560260  0.989690
1 19  0.542314  1.030592
1 20  0.548107  0.986439
1 21  0.543009  0.876764
1 22  0.553945  0.835455
1 23  0.552183  0.852131
1 24  0.567748  1.075539
1 25  0.570455  1.137855
1 26  0.576206  1.161825
1 27  0.576318  0.998831
1 28  0.565046  1.167694
1 29  0.575707  1.160487
1 30  0.573936  0.916734
2 3  0.524595  0.873144
2 4  0.551219  0.938269
2 5  0.551072  0.868561
2 6  0.547179  0.785208
2 7  0.560566  0.745978
2 8  0.558133  0.750504
2 9  0.582459  0.825931
2 10  0.594856  1.065145
2 11  0.578799  1.040491
2 12  0.584795  0.911774
2 13  0.576222  1.085549
2 14  0.581016  0.991931
2 15  0.580537  1.056366
2 16  0.556202  0.946284
2 17  0.274232  0.657920
2 18  0.522606  0.855657
2 19  0.556248  0.940458
2 20  0.556976  0.897002
2 21  0.551909  0.785591
2 22  0.562915  0.744117
2 23  0.561280  0.760841
2 24  0.589090  0.984682
2 25  0.579709  1.051472
2 26  0.585913  1.093150
2 27  0.586045  0.907970
2 28  0.598234  1.103196
2 29  0.566565  1.042054
2 30  0.583054  0.825505
3 4  0.560482  0.971746
3 5  0.560368  0.915585
3 6  0.556459  0.830381
3 7  0.569845  0.790227
3 8  0.567412  0.794243
3 9  0.591737  0.869639
3 10  0.604574  1.120079
3 11  0.590894  1.110674
3 12  0.594077  0.952942
3 13  0.577333  1.090874
3 14  0.592213  1.021550
3 15  0.589886  1.099883
3 16  0.564103  0.990747
3 17  0.522534  0.876280
3 18  0.281931  0.718054
3 19  0.565362  0.984356
3 20  0.566414  0.941159
3 21  0.561222  0.829808
3 22  0.572193  0.788359
3 23  0.570552  0.805061
3 24  0.597573  1.029897
3 25  0.589234  1.095293
3 26  0.596291  1.126881
3 27  0.595324  0.951974
3 28  0.607797  1.146966
3 29  0.569066  1.092236
3 30  0.592332  0.869689
4 5  0.540601  0.949658
4 6  0.539613  0.868524
4 7  0.553042  0.827677
4 8  0.550534  0.829606
4 9  0.574761  0.904132
4 10  0.560628  1.148566
4 11  0.577475  1.145417
4 12  0.573453  0.967289
4 13  0.583628  1.150005
4 14  0.583154  1.080643
4 15  0.548718  1.102478
4 16  0.543928  1.028312
4 17  0.554701  0.960254
4 18  0.562730  0.981093
4 19  0.276313  0.844447
4 20  0.548759  0.972543
4 21  0.544105  0.867332
4 22  0.555433  0.826665
4 23  0.553476  0.843301
4 24  0.583220  1.067572
4 25  0.542040  1.098685
4 26  0.581705  1.173601
4 27  0.576782  0.990319
4 28  0.557466  1.143736
4 29  0.583544  1.158223
4 30  0.574588  0.907836
5 6  0.534535  0.784006
5 7  0.552747  0.758826
5 8  0.550414  0.766098
5 9  0.573086  0.834898
5 10  0.583787  1.065761
5 11  0.578308  1.073283
5 12  0.551649  0.910093
5 13  0.583801  1.107387
5 14  0.583191  1.033879
5 15  0.549735  1.040453
5 16  0.548544  0.961841
5 17  0.554639  0.893835
5 18  0.563017  0.914855
5 19  0.547910  0.949988
5 20  0.271980  0.706627
5 21  0.539846  0.800181
5 22  0.554436  0.759608
5 23  0.553324  0.775736
5 24  0.583540  1.002146
5 25  0.543017  1.039557
5 26  0.580726  1.109158
5 27  0.546583  0.889190
5 28  0.588885  1.119017
5 29  0.583326  1.093066
5 30  0.574960  0.840064
6 7  0.542948  0.665585
6 8  0.542512  0.675160
6 9  0.550775  0.735824
6 10  0.584061  1.006363
6 11  0.574617  0.996039
6 12  0.550462  0.823140
6 13  0.579891  1.022401
6 14  0.579291  0.949902
6 15  0.567409  0.978629
6 16  0.544808  0.876677
6 17  0.550785  0.807732
6 18  0.559073  0.828711
6 19  0.544630  0.869346
6 20  0.540750  0.825372
6 21  0.260045  0.470855
6 22  0.547816  0.671281
6 23  0.548753  0.687492
6 24  0.579608  0.916089
6 25  0.568037  0.980707
6 26  0.577636  1.023529
6 27  0.544593  0.807730
6 28  0.586187  1.033395
6 29  0.579660  1.007418
6 30  0.544660  0.726725
7 8  0.512886  0.599949
7 9  0.553674  0.692019
7 10  0.597672  0.974405
7 11  0.588027  0.960732
7 12  0.584158  0.797657
7 13  0.593282  0.983990
7 14  0.592690  0.909885
7 15  0.582418  0.948792
7 16  0.558227  0.836815
7 17  0.564246  0.767723
7 18  0.572492  0.788698
7 19  0.558246  0.830333
7 20  0.558076  0.786379
7 21  0.549918  0.672537
7 22  0.280712  0.368285
7 23  0.510092  0.600828
7 24  0.593011  0.876210
7 25  0.581625  0.941421
7 26  0.591237  0.984026
7 27  0.587169  0.796969
7 28  0.600558  0.993813
7 29  0.593068  0.967786
7 30  0.545663  0.677327
8 9  0.552294  0.694294
8 10  0.595217  0.979953
8 11  0.585594  0.965439
8 12  0.580027  0.795327
8 13  0.590850  0.987590
8 14  0.590258  0.913494
8 15  0.579758  0.951310
8 16  0.555684  0.841197
8 17  0.561817  0.772134
8 18  0.570056  0.793096
8 19  0.555429  0.834639
8 20  0.556243  0.790404
8 21  0.550273  0.677049
8 22  0.510078  0.590162
8 23  0.279812  0.397846
8 24  0.590566  0.880592
8 25  0.578630  0.945654
8 26  0.588822  0.988429
8 27  0.583997  0.801514
8 28  0.598103  0.998212
8 29  0.590632  0.972154
8 30  0.543415  0.682115
9 10  0.619560  1.055448
9 11  0.609909  1.037262
9 12  0.596593  0.870013
9 13  0.615173  1.059824
9 14  0.614579  0.988719
9 15  0.602396  1.007828
9 16  0.579822  0.916520
9 17  0.586098  0.847516
9 18  0.594347  0.868465
9 19  0.579112  0.909847
9 20  0.580279  0.865554
9 21  0.549318  0.728090
9 22  0.545914  0.674469
9 23  0.546458  0.693850
9 24  0.614848  0.955870
9 25  0.603216  1.021380
9 26  0.613133  1.063491
9 27  0.589929  0.853745
9 28  0.621862  1.073033
9 29  0.614969  1.047213
9 30  0.376288  0.611769
10 11  0.611291  1.235285
10 12  0.619978  1.126497
10 13  0.627325  1.318698
10 14  0.624824  1.221037
10 15  0.600965  1.262184
10 16  0.567890  1.148744
10 17  0.599048  1.107614
10 18  0.607605  1.128503
10 19  0.559418  1.124533
10 20  0.591559  1.126512
10 21  0.588031  1.015898
10 22  0.600029  0.974793
10 23  0.598391  0.991448
10 24  0.625758  1.212022
10 25  0.592864  1.238435
10 26  0.614775  1.316729
10 27  0.622838  1.137973
10 28  0.392816  1.236203
10 29  0.624088  1.296480
10 30  0.619770  1.055625
11 12  0.612244  1.126971
11 13  0.591791  1.247769
11 14  0.581140  1.220453
11 15  0.606404  1.233246
11 16  0.578534  1.135569
11 17  0.586401  1.091702
11 18  0.595423  1.101956
11 19  0.583625  1.153022
11 20  0.583491  1.110715
11 21  0.579212  1.000065
11 22  0.590352  0.958986
11 23  0.588716  0.975666
11 24  0.576172  1.147898
11 25  0.606389  1.263144
11 26  0.383514  1.195816
11 27  0.613211  1.122187
11 28  0.613496  1.309829
11 29  0.585661  1.257676
11 30  0.610524  1.040068
12 13  0.617519  1.145977
12 14  0.616905  1.067004
12 15  0.593063  1.101441
12 16  0.581463  1.003607
12 17  0.588488  0.934934
12 18  0.596709  0.955727
12 19  0.580174  0.997373
12 20  0.551296  0.916072
12 21  0.547180  0.811126
12 22  0.588313  0.800603
12 23  0.585657  0.817092
12 24  0.617139  1.042772
12 25  0.585191  1.079605
12 26  0.615298  1.150451
12 27  0.375124  0.806089
12 28  0.624468  1.160268
12 29  0.617178  1.133844
12 30  0.589897  0.860373
13 14  0.596954  1.223011
13 15  0.613021  1.263470
13 16  0.582758  1.177018
13 17  0.571983  1.078008
13 18  0.570831  1.104400
13 19  0.588882  1.175691
13 20  0.589608  1.133579
13 21  0.584626  1.023027
13 22  0.595615  0.981904
13 23  0.593968  0.998528
13 24  0.592775  1.183164
13 25  0.612720  1.285512
13 26  0.586861  1.288373
13 27  0.618592  1.144547
13 28  0.626982  1.328485
13 29  0.412769  1.222755
13 30  0.615782  1.062878
14 15  0.612607  1.215697
14 16  0.574531  1.108680
14 17  0.592096  1.039411
14 18  0.599926  1.061965
14 19  0.588042  1.102880
14 20  0.589269  1.060464
14 21  0.584074  0.949509
14 22  0.595029  0.908232
14 23  0.593372  0.924895
14 24  0.377487  1.000284
14 25  0.611958  1.213482
14 26  0.579962  1.206891
14 27  0.618088  1.071253
14 28  0.628061  1.261615
14 29  0.590333  1.193411
14 30  0.615151  0.989385
15 16  0.577422  1.144539
15 17  0.583808  1.080050
15 18  0.592301  1.100820
15 19  0.547442  1.107357
15 20  0.549457  1.071728
15 21  0.573241  0.987335
15 22  0.584477  0.946615
15 23  0.582256  0.963109
15 24  0.612814  1.187333
15 25  0.377806  1.153923
15 26  0.610126  1.292939
15 27  0.586322  1.079648
15 28  0.595643  1.259298
15 29  0.612997  1.276329
15 30  0.604250  1.028089
16 17  0.558891  0.959270
16 18  0.566556  0.963829
16 19  0.549243  0.995550
16 20  0.554599  0.985282
16 21  0.549488  0.875425
16 22  0.560568  0.833702
16 23  0.558931  0.848857
16 24  0.567794  1.003705
16 25  0.575776  1.131742
16 26  0.583346  1.181061
16 27  0.583459  0.983613
16 28  0.573274  1.152164
16 29  0.584361  1.145817
16 30  0.580726  0.913774
17 18  0.529724  0.893082
17 19  0.560063  0.961651
17 20  0.560790  0.912468
17 21  0.555632  0.805490
17 22  0.566597  0.765385
17 23  0.564962  0.782210
17 24  0.584247  0.981364
17 25  0.583712  1.068032
17 26  0.585110  1.073420
17 27  0.589720  0.927264
17 28  0.601250  1.097840
17 29  0.578172  1.084470
17 30  0.586753  0.846883
18 19  0.568300  0.973827
18 20  0.569057  0.938399
18 21  0.563875  0.827767
18 22  0.574840  0.786251
18 23  0.573204  0.802588
18 24  0.594854  0.988087
18 25  0.592028  1.092186
18 26  0.595392  1.130233
18 27  0.597971  0.946412
18 28  0.609961  1.134461
18 29  0.580208  1.081539
18 30  0.594995  0.867501
19 20  0.550570  0.976396
19 21  0.549493  0.869446
19 22  0.560531  0.826860
19 23  0.558806  0.840316
19 24  0.588662  1.054149
19 25  0.552643  1.095141
19 26  0.585310  1.169669
19 27  0.579391  0.964734
19 28  0.567954  1.168946
19 29  0.588551  1.139959
19 30  0.580416  0.903786
20 21  0.544879  0.806834
20 22  0.561234  0.782717
20 23  0.559576  0.801180
20 24  0.589554  1.024934
20 25  0.554131  1.047324
20 26  0.587460  1.113447
20 27  0.557870  0.928927
20 28  0.592183  1.100727
20 29  0.589625  1.112896
20 30  0.579216  0.859042
21 22  0.549660  0.663549
21 23  0.549280  0.684290
21 24  0.584388  0.915000
21 25  0.570941  0.970501
21 26  0.582641  1.017844
21 27  0.555836  0.815355
21 28  0.591740  1.022206
21 29  0.584460  1.005714
21 30  0.554913  0.734849
22 23  0.517547  0.607446
22 24  0.595359  0.873563
22 25  0.584234  0.939608
22 26  0.593617  0.981724
22 27  0.586883  0.788956
22 28  0.602893  0.989763
22 29  0.595424  0.965647
22 30  0.557087  0.691031
23 24  0.593724  0.889529
23 25  0.582348  0.952973
23 26  0.591982  0.998550
23 27  0.583912  0.798317
23 28  0.601212  1.007023
23 29  0.593790  0.981547
23 30  0.555638  0.700671
24 25  0.612383  1.177001
24 26  0.582273  1.205368
24 27  0.618478  1.030201
24 28  0.628313  1.207254
24 29  0.598125  1.179903
24 30  0.615514  0.954400
25 26  0.608803  1.243266
25 27  0.594657  1.091825
25 28  0.604165  1.267036
25 29  0.612255  1.240445
25 30  0.602179  1.000523
26 27  0.616701  1.143433
26 28  0.616534  1.258539
26 29  0.596424  1.250111
26 30  0.613768  1.060542
27 28  0.623409  1.134580
27 29  0.618560  1.126953
27 30  0.598595  0.862511
28 29  0.629716  1.316124
28 30  0.623018  1.072440
29 30  0.615579  1.043988
