  -1146.51395127
  -1146.88610117    -1146.76876498
0.00000293353380
2 2 2 2 2 2 2 2 2 2 2 2 2 2 2 0 0 0 0 0 0 0 0 0 0 0 0 0 0 0 
1  0.284166  0.488205
2  0.292851  0.413364
3  0.303142  0.468159
4  0.280084  0.450474
5  0.292596  0.340412
6  0.280309  0.310900
7  0.336667  0.571691
8  0.311300  0.398691
9  0.347183  0.591537
10  0.324304  0.609006
11  0.330267  0.650403
12  0.311948  0.413703
13  0.317870  0.758023
14  0.326235  0.672022
15  0.310267  0.408520
16  0.292365  0.507084
17  0.298848  0.439629
18  0.308794  0.480747
19  0.288193  0.476842
20  0.296135  0.345812
21  0.283824  0.318712
22  0.325033  0.589110
23  0.311845  0.389730
24  0.335984  0.575114
25  0.348996  0.610639
26  0.312149  0.403861
27  0.317219  0.730767
28  0.328135  0.681254
29  0.333242  0.633505
30  0.312488  0.407690
1 2  0.576668  0.894602
1 3  0.586801  0.939486
1 4  0.562275  0.935343
1 5  0.576721  0.828293
1 6  0.564314  0.798262
1 7  0.618361  1.036427
1 8  0.595136  0.886179
1 9  0.602985  1.047156
1 10  0.585605  1.021142
1 11  0.612340  1.106387
1 12  0.595917  0.896311
1 13  0.599339  1.228092
1 14  0.607093  1.156466
1 15  0.592671  0.882227
1 16  0.285980  0.792835
1 17  0.582951  0.927192
1 18  0.592384  0.968071
1 19  0.571567  0.957122
1 20  0.580096  0.833604
1 21  0.567240  0.806620
1 22  0.594164  1.074486
1 23  0.595709  0.876949
1 24  0.619511  1.062053
1 25  0.604316  1.067512
1 26  0.593213  0.891271
1 27  0.596946  1.211409
1 28  0.608202  1.153832
1 29  0.615894  1.119740
1 30  0.596260  0.895369
2 3  0.551861  0.850286
2 4  0.572884  0.861294
2 5  0.585444  0.753352
2 6  0.573158  0.723811
2 7  0.606385  0.931335
2 8  0.604146  0.811191
2 9  0.639635  0.992408
2 10  0.614669  1.004016
2 11  0.617501  1.058038
2 12  0.604795  0.826858
2 13  0.606505  1.164513
2 14  0.616677  1.065749
2 15  0.603111  0.821397
2 16  0.585161  0.919935
2 17  0.293022  0.613212
2 18  0.557836  0.860253
2 19  0.580740  0.889864
2 20  0.588972  0.759135
2 21  0.576674  0.732052
2 22  0.617537  1.001654
2 23  0.604672  0.803010
2 24  0.615314  0.984107
2 25  0.641635  1.023359
2 26  0.604905  0.817134
2 27  0.603928  1.135033
2 28  0.619632  1.093497
2 29  0.618240  1.033990
2 30  0.605269  0.820951
3 4  0.583214  0.917743
3 5  0.595737  0.808493
3 6  0.583449  0.778802
3 7  0.631569  1.017592
3 8  0.614440  0.866633
3 9  0.650089  1.054025
3 10  0.625061  1.047219
3 11  0.606347  1.039850
3 12  0.615090  0.880744
3 13  0.618636  1.206929
3 14  0.627948  1.136509
3 15  0.613407  0.873865
3 16  0.594892  0.974368
3 17  0.557564  0.872376
3 18  0.301458  0.707341
3 19  0.591260  0.944259
3 20  0.599277  0.813908
3 21  0.586952  0.786830
3 22  0.627522  1.056038
3 23  0.614986  0.857774
3 24  0.634514  1.036477
3 25  0.652095  1.077686
3 26  0.615155  0.871847
3 27  0.613803  1.186314
3 28  0.630720  1.144302
3 29  0.611672  1.093644
3 30  0.615584  0.875685
4 5  0.570988  0.782656
4 6  0.559195  0.757771
4 7  0.616591  1.018766
4 8  0.573653  0.813334
4 9  0.596916  0.997369
4 10  0.603996  1.057335
4 11  0.610299  1.096052
4 12  0.587123  0.850264
4 13  0.597740  1.181210
4 14  0.604063  1.088109
4 15  0.585904  0.856656
4 16  0.571616  0.950317
4 17  0.578518  0.889742
4 18  0.588699  0.930571
4 19  0.285188  0.702023
4 20  0.574900  0.795853
4 21  0.563737  0.768894
4 22  0.604910  1.036936
4 23  0.580824  0.835682
4 24  0.615592  1.024556
4 25  0.598098  1.032480
4 26  0.586338  0.845789
4 27  0.596719  1.178791
4 28  0.604999  1.130318
4 29  0.613250  1.082459
4 30  0.586588  0.854258
5 6  0.529505  0.614327
5 7  0.629256  0.911562
5 8  0.595925  0.724804
5 9  0.638991  0.928170
5 10  0.616891  0.949271
5 11  0.622857  0.990363
5 12  0.580491  0.724020
5 13  0.610464  1.095325
5 14  0.618790  1.008220
5 15  0.598786  0.745449
5 16  0.584887  0.847098
5 17  0.591414  0.779997
5 18  0.601384  0.821101
5 19  0.579272  0.816700
5 20  0.287171  0.406522
5 21  0.528570  0.615605
5 22  0.617628  0.929414
5 23  0.601488  0.728137
5 24  0.628553  0.915442
5 25  0.641303  0.950302
5 26  0.601432  0.738888
5 27  0.609717  1.070855
5 28  0.620386  1.021446
5 29  0.625837  0.973778
5 30  0.573705  0.721817
6 7  0.616968  0.881684
6 8  0.580002  0.694487
6 9  0.626136  0.896732
6 10  0.604597  0.919138
6 11  0.610568  0.961021
6 12  0.579541  0.715655
6 13  0.598172  1.068636
6 14  0.606515  0.981436
6 15  0.583467  0.710960
6 16  0.572105  0.817749
6 17  0.579156  0.750508
6 18  0.589099  0.791613
6 19  0.568318  0.787524
6 20  0.528917  0.613978
6 21  0.277012  0.358186
6 22  0.605293  0.899946
6 23  0.588939  0.698026
6 24  0.616292  0.885968
6 25  0.628760  0.921175
6 26  0.588173  0.711311
6 27  0.597421  1.041517
6 28  0.608282  0.992076
6 29  0.613528  0.944323
6 30  0.572235  0.697759
7 8  0.647958  0.969283
7 9  0.682251  1.136095
7 10  0.643846  1.116120
7 11  0.627958  1.193376
7 12  0.648606  0.985077
7 13  0.635733  1.319168
7 14  0.653408  1.205412
7 15  0.646921  0.978234
7 16  0.628314  1.077584
7 17  0.621898  1.006765
7 18  0.640233  1.045638
7 19  0.624545  1.047293
7 20  0.632795  0.917412
7 21  0.620481  0.890344
7 22  0.657111  1.159009
7 23  0.648499  0.961211
7 24  0.421763  0.986768
7 25  0.685418  1.180647
7 26  0.648634  0.975314
7 27  0.630065  1.261972
7 28  0.661217  1.247162
7 29  0.630610  1.171805
7 30  0.649063  0.979130
8 9  0.653905  0.976323
8 10  0.635587  1.007164
8 11  0.641559  1.047872
8 12  0.595796  0.786223
8 13  0.629150  1.149031
8 14  0.637435  1.061002
8 15  0.587009  0.788136
8 16  0.603428  0.904250
8 17  0.610074  0.838213
8 18  0.620071  0.879299
8 19  0.587676  0.870841
8 20  0.604152  0.742397
8 21  0.591588  0.714411
8 22  0.636324  0.987420
8 23  0.382132  0.581667
8 24  0.647215  0.973580
8 25  0.657286  1.004674
8 26  0.585224  0.767418
8 27  0.628392  1.128705
8 28  0.639003  1.079394
8 29  0.644539  1.031898
8 30  0.591204  0.777027
9 10  0.666921  1.176388
9 11  0.676604  1.235430
9 12  0.657666  1.004133
9 13  0.664042  1.334320
9 14  0.657879  1.192204
9 15  0.643522  0.983157
9 16  0.611418  1.067921
9 17  0.645758  1.030408
9 18  0.655947  1.071170
9 19  0.604853  1.041558
9 20  0.643085  0.936588
9 21  0.630391  0.909839
9 22  0.669429  1.173307
9 23  0.656498  0.977601
9 24  0.682900  1.165066
9 25  0.430217  1.055591
9 26  0.643644  0.984751
9 27  0.660120  1.312458
9 28  0.661359  1.267197
9 29  0.680014  1.221588
9 30  0.655111  0.992642
10 11  0.645483  1.204647
10 12  0.636233  1.019767
10 13  0.628369  1.344413
10 14  0.614667  1.262020
10 15  0.634510  1.009389
10 16  0.600569  1.112482
10 17  0.622789  1.047504
10 18  0.632343  1.088267
10 19  0.612327  1.081757
10 20  0.620418  0.954674
10 21  0.607993  0.927625
10 22  0.397659  1.053738
10 23  0.636125  0.998398
10 24  0.655718  1.182049
10 25  0.669799  1.210226
10 26  0.636085  1.012439
10 27  0.623318  1.303455
10 28  0.617425  1.243266
10 29  0.653715  1.238317
10 30  0.636713  1.016365
11 12  0.642214  1.060337
11 13  0.624746  1.317554
11 14  0.651229  1.312490
11 15  0.640515  1.052462
11 16  0.620976  1.155221
11 17  0.620194  1.073027
11 18  0.612639  1.121283
11 19  0.618435  1.125283
11 20  0.626396  0.996053
11 21  0.614046  0.969005
11 22  0.651896  1.235458
11 23  0.642107  1.039859
11 24  0.627449  1.189779
11 25  0.678716  1.257193
11 26  0.642220  1.053798
11 27  0.618969  1.350979
11 28  0.655107  1.313048
11 29  0.426151  1.139559
11 30  0.642719  1.057684
12 13  0.629801  1.161585
12 14  0.638028  1.078857
12 15  0.594474  0.791373
12 16  0.603724  0.919985
12 17  0.610707  0.853196
12 18  0.620670  0.894267
12 19  0.594084  0.886071
12 20  0.575835  0.731968
12 21  0.576186  0.711417
12 22  0.636869  1.002491
12 23  0.592252  0.774992
12 24  0.647800  0.988545
12 25  0.656366  1.017798
12 26  0.588935  0.786303
12 27  0.629160  1.143541
12 28  0.639752  1.094365
12 29  0.645129  1.046808
12 30  0.415563  0.653356
13 14  0.621347  1.334400
13 15  0.628027  1.159279
13 16  0.605733  1.255865
13 17  0.611010  1.187596
13 18  0.619943  1.224422
13 19  0.605284  1.232080
13 20  0.613891  1.103477
13 21  0.601576  1.076539
13 22  0.625197  1.311063
13 23  0.629582  1.147098
13 24  0.631378  1.293224
13 25  0.662631  1.358425
13 26  0.629936  1.161031
13 27  0.441383  1.394197
13 28  0.618480  1.410688
13 29  0.621793  1.356778
13 30  0.630326  1.164830
14 15  0.635846  1.078701
14 16  0.613812  1.160905
14 17  0.623811  1.110473
14 18  0.634413  1.147472
14 19  0.611219  1.147375
14 20  0.622045  1.017628
14 21  0.609993  0.990635
14 22  0.614491  1.214635
14 23  0.637828  1.061261
14 24  0.658948  1.242734
14 25  0.662162  1.277893
14 26  0.638133  1.075374
14 27  0.616794  1.374254
14 28  0.406503  1.227645
14 29  0.656107  1.287087
14 30  0.638410  1.079239
15 16  0.599491  0.914880
15 17  0.609060  0.848013
15 18  0.618934  0.889050
15 19  0.591652  0.874284
15 20  0.602880  0.748482
15 21  0.590135  0.724081
15 22  0.635038  0.997158
15 23  0.582397  0.761038
15 24  0.646149  0.983334
15 25  0.644043  1.009926
15 26  0.397732  0.632085
15 27  0.627382  1.138498
15 28  0.638257  1.089300
15 29  0.643282  1.041533
15 30  0.588416  0.785138
16 17  0.590759  0.938122
16 18  0.600551  0.969204
16 19  0.577554  0.981255
16 20  0.588423  0.852739
16 21  0.575970  0.824258
16 22  0.592106  1.018509
16 23  0.603813  0.896401
16 24  0.625570  1.057337
16 25  0.610699  1.078287
16 26  0.602566  0.897388
16 27  0.606513  1.222903
16 28  0.617034  1.183130
16 29  0.623160  1.107215
16 30  0.604642  0.909975
17 18  0.561323  0.887264
17 19  0.586967  0.911501
17 20  0.594980  0.784778
17 21  0.582670  0.757724
17 22  0.621053  1.008508
17 23  0.610688  0.828287
17 24  0.609463  0.952440
17 25  0.647383  1.033988
17 26  0.610982  0.843292
17 27  0.611399  1.159553
17 28  0.624269  1.094920
17 29  0.626347  1.066969
17 30  0.611330  0.847009
18 19  0.596966  0.956888
18 20  0.604926  0.826488
18 21  0.592615  0.799070
18 22  0.631205  1.039693
18 23  0.620637  0.870339
18 24  0.636849  1.033565
18 25  0.657510  1.084900
18 26  0.620937  0.882309
18 27  0.623091  1.194831
18 28  0.635260  1.157721
18 29  0.613624  1.033710
18 30  0.621281  0.887452
19 20  0.582302  0.813103
19 21  0.570504  0.790901
19 22  0.612762  1.064009
19 23  0.579669  0.829221
19 24  0.623953  1.044943
19 25  0.604830  1.029539
19 26  0.595633  0.878458
19 27  0.605174  1.179350
19 28  0.613710  1.115895
19 29  0.621341  1.107126
19 30  0.595175  0.871103
20 21  0.535297  0.626612
20 22  0.621158  0.934794
20 23  0.599702  0.720881
20 24  0.632108  0.920050
20 25  0.644155  0.951645
20 26  0.603189  0.745481
20 27  0.613352  1.073397
20 28  0.624224  1.022360
20 29  0.629365  0.978996
20 30  0.584673  0.724182
21 22  0.608837  0.906785
21 23  0.582706  0.691894
21 24  0.619797  0.892663
21 25  0.631250  0.922322
21 26  0.588290  0.713073
21 27  0.601034  1.049201
21 28  0.611924  0.998415
21 29  0.617056  0.951768
21 30  0.582491  0.716412
22 23  0.636869  0.978504
22 24  0.643373  1.102256
22 25  0.669584  1.174295
22 26  0.637138  0.987768
22 27  0.628603  1.302723
22 28  0.615528  1.247495
22 29  0.648696  1.170125
22 30  0.637506  0.994704
23 24  0.647814  0.963433
23 25  0.656307  0.985993
23 26  0.588081  0.772545
23 27  0.629049  1.114762
23 28  0.639909  1.063038
23 29  0.645076  1.022629
23 30  0.597531  0.772607
24 25  0.683231  1.153958
24 26  0.648105  0.978183
24 27  0.634335  1.290280
24 28  0.654577  1.209267
24 29  0.628227  1.179749
24 30  0.648461  0.982478
25 26  0.647754  1.001034
25 27  0.665051  1.322913
25 28  0.661978  1.213557
25 29  0.681227  1.237130
25 30  0.659820  1.017235
26 27  0.629210  1.126410
26 28  0.639087  1.081369
26 29  0.645370  1.031884
26 30  0.598510  0.781459
27 28  0.623764  1.313061
27 29  0.628504  1.288657
27 30  0.629685  1.129412
28 29  0.655290  1.305754
28 30  0.640411  1.082071
29 30  0.645727  1.038125
