  -1146.54305351
  -1146.91060489    -1146.78901166
0.00004259800221
2 2 2 2 2 2 2 2 2 2 2 2 2 2 2 0 0 0 0 0 0 0 0 0 0 0 0 0 0 0 
1  0.278964  0.511189
2  0.269545  0.470798
3  0.288528  0.391134
4  0.278765  0.362352
5  0.279599  0.367934
6  0.285814  0.391184
7  0.315467  0.653896
8  0.300509  0.514942
9  0.310490  0.551752
10  0.310856  0.504539
11  0.304262  0.621184
12  0.308580  0.506441
13  0.319281  0.643665
14  0.312084  0.510093
15  0.316074  0.534415
16  0.287073  0.503147
17  0.277079  0.465372
18  0.291038  0.389385
19  0.282101  0.375376
20  0.283044  0.371843
21  0.290249  0.412225
22  0.311805  0.474388
23  0.311149  0.478099
24  0.305547  0.615134
25  0.320672  0.602305
26  0.303817  0.548441
27  0.313912  0.580784
28  0.312657  0.502687
29  0.315854  0.542451
30  0.317558  0.698046
1 2  0.547624  0.957081
1 3  0.566132  0.885719
1 4  0.556955  0.867487
1 5  0.558556  0.875106
1 6  0.564768  0.901402
1 7  0.591942  1.156111
1 8  0.576613  1.023985
1 9  0.589271  1.060097
1 10  0.570511  0.952820
1 11  0.580357  1.106807
1 12  0.587490  1.003031
1 13  0.576179  1.066442
1 14  0.586861  0.999137
1 15  0.594993  1.040902
1 16  0.267638  0.799004
1 17  0.553520  0.975313
1 18  0.568298  0.900042
1 19  0.560827  0.885563
1 20  0.561871  0.882715
1 21  0.569167  0.922947
1 22  0.575272  0.982224
1 23  0.589799  0.988265
1 24  0.582269  1.116575
1 25  0.575512  1.105029
1 26  0.579835  1.043018
1 27  0.592832  1.089163
1 28  0.585565  1.009436
1 29  0.594747  1.052417
1 30  0.593192  1.192416
2 3  0.558065  0.857651
2 4  0.548308  0.832348
2 5  0.548073  0.828058
2 6  0.554813  0.859911
2 7  0.577275  1.115427
2 8  0.569873  0.982403
2 9  0.577884  1.018227
2 10  0.580338  0.963991
2 11  0.563450  1.046412
2 12  0.557203  0.914451
2 13  0.582692  1.074155
2 14  0.581571  0.971721
2 15  0.583136  0.992382
2 16  0.553999  0.972720
2 17  0.256842  0.722795
2 18  0.560420  0.859852
2 19  0.551569  0.845908
2 20  0.551298  0.842031
2 21  0.559591  0.880320
2 22  0.581041  0.944372
2 23  0.560022  0.943419
2 24  0.568964  1.082164
2 25  0.583868  1.071258
2 26  0.573304  1.017942
2 27  0.581411  1.035137
2 28  0.582048  0.972548
2 29  0.579676  1.003709
2 30  0.579355  1.146664
3 4  0.523613  0.720133
3 5  0.568125  0.758216
3 6  0.574341  0.781910
3 7  0.603922  1.042380
3 8  0.584761  0.902170
3 9  0.599013  0.941880
3 10  0.591485  0.869008
3 11  0.592709  1.008922
3 12  0.597106  0.895415
3 13  0.607605  1.021551
3 14  0.576086  0.869025
3 15  0.604599  0.925054
3 16  0.573816  0.893764
3 17  0.565447  0.856185
3 18  0.283916  0.530076
3 19  0.521699  0.722991
3 20  0.571571  0.762883
3 21  0.578776  0.803227
3 22  0.597292  0.864523
3 23  0.599654  0.868993
3 24  0.593907  1.005211
3 25  0.608986  0.992959
3 26  0.590051  0.931878
3 27  0.602409  0.971557
3 28  0.568585  0.863706
3 29  0.604355  0.933259
3 30  0.606052  1.088505
4 5  0.558363  0.729739
4 6  0.564577  0.752817
4 7  0.593960  1.008817
4 8  0.572227  0.860260
4 9  0.589236  0.911557
4 10  0.580698  0.847992
4 11  0.582763  0.982116
4 12  0.587340  0.868446
4 13  0.597575  0.996751
4 14  0.574303  0.862728
4 15  0.594830  0.896223
4 16  0.565609  0.864748
4 17  0.555765  0.827525
4 18  0.521689  0.709716
4 19  0.275184  0.493236
4 20  0.561807  0.734129
4 21  0.568995  0.774469
4 22  0.588753  0.834957
4 23  0.589888  0.840301
4 24  0.583738  0.976953
4 25  0.599359  0.964287
4 26  0.579156  0.909238
4 27  0.592540  0.942824
4 28  0.565595  0.834077
4 29  0.594544  0.904545
4 30  0.595951  1.059850
5 6  0.521751  0.726543
5 7  0.594607  1.014242
5 8  0.580105  0.882459
5 9  0.582436  0.903494
5 10  0.590454  0.870424
5 11  0.583836  0.987003
5 12  0.580873  0.855069
5 13  0.598795  1.002783
5 14  0.591682  0.877417
5 15  0.577337  0.890930
5 16  0.566545  0.870788
5 17  0.555273  0.832709
5 18  0.570635  0.757229
5 19  0.561698  0.743234
5 20  0.275716  0.494931
5 21  0.520553  0.736833
5 22  0.591392  0.842148
5 23  0.587318  0.844680
5 24  0.584879  0.982597
5 25  0.600159  0.969850
5 26  0.583346  0.916097
5 27  0.591848  0.946283
5 28  0.592223  0.870404
5 29  0.569285  0.879777
5 30  0.597122  1.065426
6 7  0.600675  1.028966
6 8  0.586310  0.903729
6 9  0.588443  0.912938
6 10  0.596668  0.894968
6 11  0.590035  1.010635
6 12  0.589590  0.892379
6 13  0.605029  1.030829
6 14  0.597897  0.900881
6 15  0.578688  0.895959
6 16  0.572834  0.894009
6 17  0.562686  0.854226
6 18  0.576849  0.780466
6 19  0.567892  0.766456
6 20  0.520454  0.721039
6 21  0.280669  0.558011
6 22  0.597615  0.865388
6 23  0.595024  0.862711
6 24  0.591132  1.005623
6 25  0.606472  0.993062
6 26  0.589454  0.939206
6 27  0.596951  0.971361
6 28  0.598421  0.893600
6 29  0.569073  0.903243
6 30  0.602644  1.088337
7 8  0.613046  1.136294
7 9  0.614824  1.128021
7 10  0.625965  1.152076
7 11  0.587614  1.245669
7 12  0.623007  1.158674
7 13  0.599690  1.245083
7 14  0.627147  1.159067
7 15  0.629801  1.169770
7 16  0.598900  1.141650
7 17  0.584647  1.096865
7 18  0.606447  1.042753
7 19  0.597197  1.028740
7 20  0.598459  1.025299
7 21  0.604987  1.065266
7 22  0.627027  1.126014
7 23  0.624486  1.128395
7 24  0.581829  1.230274
7 25  0.596295  1.212173
7 26  0.616500  1.200059
7 27  0.620042  1.231823
7 28  0.627250  1.154839
7 29  0.627579  1.193130
7 30  0.411086  1.217465
8 9  0.610790  1.055268
8 10  0.577186  1.005049
8 11  0.598853  1.095838
8 12  0.609015  1.017982
8 13  0.616482  1.150799
8 14  0.586414  0.990088
8 15  0.616491  1.041577
8 16  0.583985  1.000701
8 17  0.577564  0.979451
8 18  0.589040  0.896490
8 19  0.579262  0.888849
8 20  0.583476  0.886554
8 21  0.590589  0.926733
8 22  0.572269  0.940665
8 23  0.611649  0.992316
8 24  0.602233  1.128283
8 25  0.617389  1.112134
8 26  0.366987  0.917808
8 27  0.613709  1.094006
8 28  0.581381  0.986364
8 29  0.616131  1.056091
8 30  0.614815  1.210578
9 10  0.621322  1.054043
9 11  0.613799  1.162408
9 12  0.583875  1.044929
9 13  0.628613  1.181455
9 14  0.622552  1.059500
9 15  0.600701  1.050967
9 16  0.597481  1.052792
9 17  0.585050  0.999942
9 18  0.601493  0.940848
9 19  0.592450  0.926807
9 20  0.591798  0.921291
9 21  0.597738  0.963252
9 22  0.622291  1.025430
9 23  0.580669  0.980851
9 24  0.615112  1.163514
9 25  0.630291  1.149214
9 26  0.613588  1.098462
9 27  0.369424  0.971374
9 28  0.622990  1.053498
9 29  0.595445  1.065230
9 30  0.618544  1.246759
10 11  0.614778  1.116746
10 12  0.619426  1.004860
10 13  0.628094  1.108516
10 14  0.597084  0.986843
10 15  0.626919  1.037141
10 16  0.582623  1.004316
10 17  0.587518  0.968989
10 18  0.598936  0.892996
10 19  0.590886  0.877506
10 20  0.593881  0.876163
10 21  0.601101  0.916463
10 22  0.371010  0.800434
10 23  0.621930  0.981874
10 24  0.616045  1.116227
10 25  0.628888  1.105255
10 26  0.575494  1.005298
10 27  0.624757  1.084225
10 28  0.591774  0.970914
10 29  0.626682  1.046123
10 30  0.628106  1.199056
11 12  0.611539  1.098026
11 13  0.590897  1.240000
11 14  0.615397  1.102965
11 15  0.619767  1.130988
11 16  0.588881  1.115389
11 17  0.574915  1.082800
11 18  0.594997  1.009523
11 19  0.585738  0.995896
11 20  0.586959  0.992509
11 21  0.594241  1.032478
11 22  0.615691  1.093375
11 23  0.614359  1.097981
11 24  0.366891  1.062875
11 25  0.584403  1.179944
11 26  0.604827  1.167153
11 27  0.617315  1.197423
11 28  0.616432  1.122481
11 29  0.619914  1.161827
11 30  0.582946  1.275684
12 13  0.627513  1.129750
12 14  0.620655  1.010595
12 15  0.598248  1.006420
12 16  0.595261  1.008411
12 17  0.564383  0.965918
12 18  0.599582  0.895543
12 19  0.590649  0.881594
12 20  0.588690  0.877056
12 21  0.596717  0.910851
12 22  0.620312  0.980059
12 23  0.374553  0.823663
12 24  0.613248  1.119922
12 25  0.628149  1.107214
12 26  0.612392  1.053748
12 27  0.582566  1.039929
12 28  0.621227  1.008241
12 29  0.591108  1.009701
12 30  0.623562  1.199076
13 14  0.631020  1.146601
13 15  0.635190  1.174711
13 16  0.580812  1.137393
13 17  0.590585  1.106935
13 18  0.610137  1.032412
13 19  0.601311  1.018489
13 20  0.602191  1.015047
13 21  0.609509  1.055193
13 22  0.628697  1.116434
13 23  0.629329  1.120289
13 24  0.585307  1.213171
13 25  0.415817  1.105995
13 26  0.619249  1.184917
13 27  0.632230  1.217712
13 28  0.629653  1.142883
13 29  0.634411  1.183653
13 30  0.597095  1.297259
14 15  0.628150  1.039965
14 16  0.593282  1.009010
14 17  0.589005  0.974561
14 18  0.569700  0.867332
14 19  0.569861  0.854351
14 20  0.595090  0.881704
14 21  0.602287  0.921961
14 22  0.593796  0.951410
14 23  0.623226  0.987482
14 24  0.617058  1.123726
14 25  0.630527  1.109490
14 26  0.582236  1.024551
14 27  0.625877  1.089713
14 28  0.410460  0.881326
14 29  0.627915  1.051553
14 30  0.628667  1.205866
15 16  0.603087  1.036548
15 17  0.587178  0.990433
15 18  0.607078  0.923513
15 19  0.598100  0.909509
15 20  0.572198  0.872416
15 21  0.573857  0.915758
15 22  0.627858  1.008168
15 23  0.594426  0.975142
15 24  0.621461  1.147761
15 25  0.636080  1.134820
15 26  0.619695  1.081354
15 27  0.597979  1.085750
15 28  0.628707  1.036192
15 29  0.415115  0.953727
15 30  0.629756  1.228933
16 17  0.563078  0.947222
16 18  0.576543  0.877400
16 19  0.568212  0.872983
16 20  0.570108  0.871706
16 21  0.577310  0.914425
16 22  0.577073  0.921431
16 23  0.598158  0.971923
16 24  0.589711  1.101771
16 25  0.583956  1.026864
16 26  0.587717  1.049351
16 27  0.600769  1.081389
16 28  0.595234  0.988237
16 29  0.602868  1.042377
16 30  0.601604  1.192003
17 18  0.568108  0.851527
17 19  0.559177  0.840200
17 20  0.558865  0.827320
17 21  0.566607  0.875772
17 22  0.588816  0.932172
17 23  0.565359  0.887186
17 24  0.570488  1.043664
17 25  0.591090  1.033668
17 26  0.580601  1.010252
17 27  0.588589  1.042569
17 28  0.589660  0.961142
17 29  0.590092  0.996649
17 30  0.585597  1.154534
18 19  0.528368  0.731520
18 20  0.574080  0.760532
18 21  0.581285  0.801166
18 22  0.594619  0.839203
18 23  0.602184  0.866342
18 24  0.596460  1.002975
18 25  0.611438  0.981097
18 26  0.589306  0.932771
18 27  0.604944  0.969159
18 28  0.579476  0.864207
18 29  0.606887  0.931483
18 30  0.608498  1.084425
19 20  0.565143  0.746594
19 21  0.572347  0.786446
19 22  0.583966  0.831465
19 23  0.593242  0.853292
19 24  0.587308  0.986671
19 25  0.602216  0.968563
19 26  0.578352  0.900968
19 27  0.595990  0.952347
19 28  0.576835  0.864844
19 29  0.597942  0.916555
19 30  0.599357  1.062745
20 21  0.528450  0.750368
20 22  0.594849  0.844863
20 23  0.586369  0.832273
20 24  0.588564  0.986204
20 25  0.603623  0.966536
20 26  0.586858  0.919508
20 27  0.587230  0.933627
20 28  0.595701  0.874247
20 29  0.580553  0.904689
20 30  0.599917  1.060325
21 22  0.602053  0.885981
21 23  0.595648  0.885242
21 24  0.595751  1.023117
21 25  0.610851  1.010359
21 26  0.594046  0.956248
21 27  0.595906  0.955844
21 28  0.602904  0.914084
21 29  0.582207  0.917272
21 30  0.607034  1.087681
22 23  0.622944  0.949578
22 24  0.616926  1.085717
22 25  0.630595  1.048664
22 26  0.579427  1.005441
22 27  0.625696  1.053435
22 28  0.599297  0.954156
22 29  0.627649  1.015770
22 30  0.629029  1.166748
23 24  0.615346  1.071664
23 25  0.631522  1.068820
23 26  0.614857  1.022640
23 27  0.588435  1.045784
23 28  0.623793  0.976677
23 29  0.601696  0.988979
23 30  0.627678  1.174784
24 25  0.593384  1.202890
24 26  0.601898  1.109260
24 27  0.618344  1.175210
24 28  0.617177  1.091077
24 29  0.620848  1.130349
24 30  0.590988  1.263399
25 26  0.620862  1.139959
25 27  0.633419  1.170058
25 28  0.632930  1.102184
25 29  0.636336  1.142733
25 30  0.605184  1.247837
26 27  0.617469  1.111063
26 28  0.591790  1.011441
26 29  0.619550  1.079072
26 30  0.618032  1.198878
27 28  0.626536  1.079077
27 29  0.604294  1.076421
27 30  0.618704  1.181404
28 29  0.628500  1.040096
28 30  0.629731  1.191989
29 30  0.631325  1.210836
