  -1146.54305351
  -1146.91139199    -1146.79109736
0.00000390706772
2 2 2 2 2 2 2 2 2 2 2 2 2 2 2 0 0 0 0 0 0 0 0 0 0 0 0 0 0 0 
1  0.281069  0.516471
2  0.271918  0.476623
3  0.289305  0.396112
4  0.279768  0.366974
5  0.280576  0.369705
6  0.286550  0.392868
7  0.317999  0.654667
8  0.302936  0.520572
9  0.312892  0.554875
10  0.312799  0.509701
11  0.306505  0.624086
12  0.310574  0.507720
13  0.321738  0.643287
14  0.313568  0.514013
15  0.317621  0.533553
16  0.289385  0.508587
17  0.279557  0.471053
18  0.291873  0.394144
19  0.283064  0.380239
20  0.284038  0.373609
21  0.290928  0.414023
22  0.313740  0.478993
23  0.313186  0.478451
24  0.307822  0.618248
25  0.323009  0.602202
26  0.306251  0.554352
27  0.316247  0.584235
28  0.314180  0.506372
29  0.317339  0.541698
30  0.320164  0.698799
1 2  0.552036  0.967440
1 3  0.568999  0.895208
1 4  0.560043  0.877050
1 5  0.561636  0.881711
1 6  0.567608  0.908302
1 7  0.596540  1.162400
1 8  0.581117  1.034898
1 9  0.593766  1.068525
1 10  0.574218  0.961494
1 11  0.584689  1.114818
1 12  0.591584  1.008866
1 13  0.580447  1.071002
1 14  0.590371  1.007733
1 15  0.598643  1.045034
1 16  0.271506  0.809984
1 17  0.557990  0.986282
1 18  0.571149  0.910090
1 19  0.563898  0.895653
1 20  0.564923  0.889774
1 21  0.571938  0.929996
1 22  0.579159  0.991977
1 23  0.593929  0.993910
1 24  0.586657  1.125472
1 25  0.579779  1.110046
1 26  0.584361  1.054616
1 27  0.597262  1.097717
1 28  0.589141  1.018415
1 29  0.598320  1.056948
1 30  0.597854  1.198914
2 3  0.561215  0.867889
2 4  0.551683  0.842706
2 5  0.551399  0.835395
2 6  0.557909  0.867266
2 7  0.582119  1.122052
2 8  0.574649  0.993736
2 9  0.582623  1.027254
2 10  0.584649  0.974296
2 11  0.567693  1.054155
2 12  0.561177  0.920144
2 13  0.587319  1.079377
2 14  0.585423  0.980767
2 15  0.587021  0.997269
2 16  0.558582  0.983993
2 17  0.260999  0.733850
2 18  0.563580  0.870434
2 19  0.554888  0.856581
2 20  0.554591  0.849605
2 21  0.562643  0.887878
2 22  0.585338  0.954802
2 23  0.564210  0.949264
2 24  0.573520  1.091049
2 25  0.588540  1.076961
2 26  0.578110  1.029627
2 27  0.586101  1.044898
2 28  0.585918  0.982056
2 29  0.583478  1.008962
2 30  0.584333  1.153738
3 4  0.525288  0.729832
3 5  0.569879  0.764711
3 6  0.575853  0.788447
3 7  0.607225  1.047877
3 8  0.587899  0.912587
3 9  0.602190  0.949815
3 10  0.594176  0.878397
3 11  0.595725  1.016639
3 12  0.599877  0.901282
3 13  0.610834  1.025278
3 14  0.578362  0.877636
3 15  0.606921  0.929139
3 16  0.576799  0.904177
3 17  0.568655  0.866842
3 18  0.285427  0.540775
3 19  0.523475  0.733740
3 20  0.573341  0.769621
3 21  0.580232  0.809995
3 22  0.599985  0.874134
3 23  0.602449  0.874323
3 24  0.596922  1.013159
3 25  0.612091  0.997822
3 26  0.593251  0.942806
3 27  0.605520  0.979971
3 28  0.570907  0.872796
3 29  0.606607  0.937485
3 30  0.609435  1.094186
4 5  0.560342  0.735977
4 6  0.566315  0.758846
4 7  0.597465  1.013350
4 8  0.575587  0.869841
4 9  0.592636  0.918739
4 10  0.583548  0.857162
4 11  0.585985  0.989489
4 12  0.590334  0.874304
4 13  0.601005  1.000358
4 14  0.576795  0.871363
4 15  0.597376  0.899835
4 16  0.568915  0.874746
4 17  0.559225  0.837819
4 18  0.523532  0.719984
4 19  0.276830  0.503702
4 20  0.563803  0.740510
4 21  0.570663  0.780878
4 22  0.591670  0.844196
4 23  0.592914  0.845279
4 24  0.586973  0.984624
4 25  0.602692  0.968802
4 26  0.582548  0.919774
4 27  0.595835  0.950878
4 28  0.568144  0.842771
4 29  0.597000  0.908417
4 30  0.599494  1.065211
5 6  0.523329  0.729946
5 7  0.598073  1.016513
5 8  0.583506  0.889820
5 9  0.585655  0.907981
5 10  0.593374  0.876979
5 11  0.587046  0.991615
5 12  0.583773  0.858055
5 13  0.602215  1.003694
5 14  0.594143  0.883013
5 15  0.579894  0.891861
5 16  0.569778  0.878012
5 17  0.558644  0.840147
5 18  0.572446  0.763753
5 19  0.563638  0.749861
5 20  0.277554  0.498030
5 21  0.522237  0.741509
5 22  0.594293  0.848522
5 23  0.590303  0.846802
5 24  0.588126  0.987455
5 25  0.603425  0.971548
5 26  0.586739  0.923785
5 27  0.595126  0.951442
5 28  0.594711  0.875864
5 29  0.571804  0.881498
5 30  0.600698  1.067953
6 7  0.603921  1.030514
6 8  0.589469  0.910586
6 9  0.591553  0.917249
6 10  0.599346  0.901690
6 11  0.593016  1.015145
6 12  0.592288  0.895252
6 13  0.608217  1.031832
6 14  0.600117  0.906448
6 15  0.581010  0.896897
6 16  0.575872  0.901116
6 17  0.565893  0.861510
6 18  0.578420  0.786903
6 19  0.569581  0.772992
6 20  0.522196  0.725546
6 21  0.281951  0.561218
6 22  0.600287  0.871676
6 23  0.597786  0.865055
6 24  0.594079  1.010368
6 25  0.609545  0.994648
6 26  0.592573  0.946806
6 27  0.600000  0.976541
6 28  0.600663  0.898976
6 29  0.571306  0.904738
6 30  0.605908  1.090824
7 8  0.617894  1.141530
7 9  0.619372  1.130139
7 10  0.630436  1.157909
7 11  0.592398  1.249255
7 12  0.627489  1.160793
7 13  0.604299  1.245973
7 14  0.631128  1.163559
7 15  0.633838  1.169093
7 16  0.603675  1.148297
7 17  0.589654  1.103720
7 18  0.609815  1.048247
7 19  0.600622  1.034357
7 20  0.601982  1.027856
7 21  0.608115  1.067889
7 22  0.631481  1.131395
7 23  0.629041  1.129446
7 24  0.586662  1.235626
7 25  0.600935  1.214319
7 26  0.621462  1.206775
7 27  0.624737  1.236024
7 28  0.631270  1.159278
7 29  0.631549  1.193138
7 30  0.416086  1.219894
8 9  0.615613  1.063081
8 10  0.581364  1.015933
8 11  0.603170  1.102778
8 12  0.613412  1.024771
8 13  0.621283  1.155855
8 14  0.590129  0.999086
8 15  0.620452  1.045468
8 16  0.588721  1.012138
8 17  0.582467  0.990734
8 18  0.592280  0.906912
8 19  0.582631  0.899355
8 20  0.586877  0.893960
8 21  0.593637  0.934166
8 22  0.576416  0.951783
8 23  0.616111  0.998347
8 24  0.606779  1.136992
8 25  0.622128  1.117539
8 26  0.371322  0.930014
8 27  0.618460  1.103095
8 28  0.585139  0.996074
8 29  0.620007  1.061002
8 30  0.619854  1.216989
9 10  0.625668  1.062231
9 11  0.618414  1.168132
9 12  0.588118  1.049362
9 13  0.633454  1.184213
9 14  0.626433  1.066357
9 15  0.604417  1.052647
9 16  0.602179  1.061231
9 17  0.589907  1.009256
9 18  0.604729  0.948725
9 19  0.595781  0.934774
9 20  0.595162  0.926122
9 21  0.600805  0.968210
9 22  0.626628  1.033154
9 23  0.584892  0.985347
9 24  0.619766  1.169723
9 25  0.634991  1.152282
9 26  0.618391  1.107514
9 27  0.373585  0.977334
9 28  0.626885  1.060330
9 29  0.599157  1.068350
9 30  0.623420  1.250614
10 11  0.618938  1.124742
10 12  0.623363  1.010717
10 13  0.632457  1.112523
10 14  0.600424  0.995771
10 15  0.630407  1.041336
10 16  0.586658  1.014734
10 17  0.591925  0.979834
10 18  0.601704  0.902940
10 19  0.593763  0.887530
10 20  0.596807  0.883089
10 21  0.603723  0.923421
10 22  0.374435  0.810385
10 23  0.625908  0.987390
10 24  0.620237  1.124378
10 25  0.633101  1.110376
10 26  0.579729  1.017386
10 27  0.629034  1.092804
10 28  0.595166  0.980428
10 29  0.630101  1.050561
10 30  0.632638  1.204944
11 12  0.615701  1.101884
11 13  0.595611  1.242929
11 14  0.619105  1.108839
11 15  0.623543  1.132356
11 16  0.593430  1.124158
11 17  0.579492  1.091279
11 18  0.598013  1.017059
11 19  0.588884  1.003585
11 20  0.590174  0.997151
11 21  0.597115  1.037100
11 22  0.619844  1.100777
11 23  0.618558  1.101328
11 24  0.371300  1.069471
11 25  0.589027  1.184260
11 26  0.609342  1.175874
11 27  0.621868  1.203801
11 28  0.620189  1.129112
11 29  0.623639  1.164078
11 30  0.587810  1.281014
12 13  0.631961  1.130570
12 14  0.624127  1.015190
12 15  0.601682  1.007104
12 16  0.599528  1.015164
12 17  0.568626  0.972545
12 18  0.602385  0.901579
12 19  0.593593  0.887736
12 20  0.591649  0.880097
12 21  0.599382  0.914270
12 22  0.624238  0.985946
12 23  0.378234  0.824531
12 24  0.617448  1.124408
12 25  0.632460  1.108438
12 26  0.616819  1.060988
12 27  0.586749  1.045817
12 28  0.624737  1.013210
12 29  0.594515  1.011392
12 30  0.628158  1.201080
13 14  0.634946  1.150039
13 15  0.639185  1.173629
13 16  0.585494  1.142355
13 17  0.595484  1.112234
13 18  0.613407  1.036780
13 19  0.604725  1.022967
13 20  0.605596  1.016466
13 21  0.612646  1.056616
13 22  0.633029  1.120694
13 23  0.633806  1.120324
13 24  0.590020  1.217591
13 25  0.420401  1.106076
13 26  0.624114  1.190437
13 27  0.636994  1.220854
13 28  0.633576  1.146108
13 29  0.638311  1.182562
13 30  0.601784  1.299171
14 15  0.631179  1.042369
14 16  0.597021  1.018351
14 17  0.592937  0.984174
14 18  0.572052  0.876385
14 19  0.572318  0.863524
14 20  0.597553  0.887396
14 21  0.604430  0.927685
14 22  0.597157  0.960535
14 23  0.626742  0.991763
14 24  0.620801  1.130796
14 25  0.634298  1.113232
14 26  0.585994  1.035003
14 27  0.629676  1.097100
14 28  0.413255  0.889766
14 29  0.630883  1.054731
14 30  0.632712  1.210514
15 16  0.606928  1.041130
15 17  0.591156  0.995412
15 18  0.609448  0.927412
15 19  0.600577  0.913511
15 20  0.574786  0.874128
15 21  0.576078  0.917335
15 22  0.631335  1.011939
15 23  0.597940  0.975692
15 24  0.625281  1.150094
15 25  0.639920  1.133876
15 26  0.623644  1.086438
15 27  0.601689  1.089277
15 28  0.631774  1.039026
15 29  0.417971  0.951442
15 30  0.633833  1.228830
16 17  0.567790  0.957599
16 18  0.579652  0.886841
16 19  0.571470  0.882954
16 20  0.573410  0.878476
16 21  0.580299  0.921592
16 22  0.580867  0.929703
16 23  0.602506  0.977170
16 24  0.594271  1.110270
16 25  0.588279  1.031775
16 26  0.592426  1.060715
16 27  0.605400  1.090309
16 28  0.598997  0.996819
16 29  0.606663  1.046893
16 30  0.606438  1.198356
17 18  0.571420  0.861475
17 19  0.562619  0.850678
17 20  0.562318  0.834541
17 21  0.569771  0.883123
17 22  0.593221  0.941930
17 23  0.569506  0.892085
17 24  0.574809  1.051545
17 25  0.595702  1.038994
17 26  0.585487  1.021703
17 27  0.593375  1.051804
17 28  0.593652  0.969939
17 29  0.594028  1.001535
17 30  0.590622  1.160957
18 19  0.530066  0.741261
18 20  0.575907  0.766824
18 21  0.582798  0.807592
18 22  0.597364  0.847966
18 23  0.605057  0.871210
18 24  0.599552  1.010767
18 25  0.614615  0.985025
18 26  0.592482  0.943213
18 27  0.608111  0.977210
18 28  0.581856  0.872496
18 29  0.609205  0.935475
18 30  0.611931  1.089647
19 20  0.567099  0.753046
19 21  0.573987  0.792722
19 22  0.586777  0.840420
19 23  0.596240  0.858495
19 24  0.590521  0.994331
19 25  0.605470  0.972720
19 26  0.581680  0.910970
19 27  0.599284  0.959913
19 28  0.579326  0.873441
19 29  0.600387  0.920379
19 30  0.602895  1.067234
20 21  0.530018  0.753829
20 22  0.597778  0.850937
20 23  0.589344  0.834409
20 24  0.591828  0.991077
20 25  0.606938  0.967688
20 26  0.590281  0.927103
20 27  0.590360  0.938414
20 28  0.598217  0.879662
20 29  0.583078  0.905723
20 30  0.603473  1.062442
21 22  0.604665  0.892269
21 23  0.598334  0.887355
21 24  0.598707  1.027850
21 25  0.613859  1.011735
21 26  0.597156  0.963271
21 27  0.598912  0.960589
21 28  0.605107  0.919468
21 29  0.584403  0.918416
21 30  0.610290  1.089138
22 23  0.626917  0.954227
22 24  0.621100  1.093468
22 25  0.634849  1.052585
22 26  0.583626  1.016003
22 27  0.629963  1.061408
22 28  0.602669  0.962495
22 29  0.631068  1.019589
22 30  0.633559  1.171947
23 24  0.619600  1.075109
23 25  0.635891  1.068990
23 26  0.619297  1.028834
23 27  0.592628  1.049556
23 28  0.627346  0.980357
23 29  0.605145  0.989094
23 30  0.632276  1.175941
24 25  0.598045  1.206183
24 26  0.606188  1.116132
24 27  0.622920  1.181133
24 28  0.620961  1.097194
24 29  0.624593  1.132050
24 30  0.595832  1.267091
25 26  0.625544  1.145640
25 27  0.638066  1.173494
25 28  0.636769  1.105710
25 29  0.640153  1.142002
25 30  0.609806  1.248907
26 27  0.622228  1.119141
26 28  0.595581  1.020419
26 29  0.623455  1.083159
26 30  0.622960  1.204174
27 28  0.630387  1.085838
27 29  0.607906  1.078549
27 30  0.623278  1.183827
28 29  0.631506  1.042387
28 30  0.633826  1.196134
29 30  0.635381  1.210407
