  -1146.54305351
  -1146.91140611    -1146.79113928
0.00000338644813
2 2 2 2 2 2 2 2 2 2 2 2 2 2 2 0 0 0 0 0 0 0 0 0 0 0 0 0 0 0 
1  0.281117  0.516516
2  0.271966  0.476784
3  0.289324  0.396204
4  0.279787  0.367069
5  0.280602  0.369872
6  0.286561  0.393070
7  0.318056  0.654645
8  0.302988  0.520618
9  0.312944  0.555050
10  0.312841  0.509728
11  0.306556  0.624136
12  0.310616  0.507887
13  0.321792  0.643214
14  0.313606  0.514022
15  0.317655  0.533725
16  0.289436  0.508647
17  0.279608  0.471227
18  0.291895  0.394229
19  0.283081  0.380336
20  0.284064  0.373775
21  0.290938  0.414230
22  0.313783  0.479019
23  0.313229  0.478595
24  0.307873  0.618300
25  0.323061  0.602143
26  0.306303  0.554399
27  0.316299  0.584404
28  0.314218  0.506377
29  0.317373  0.541856
30  0.320222  0.698770
1 2  0.552130  0.967634
1 3  0.569067  0.895336
1 4  0.560110  0.877187
1 5  0.561709  0.881904
1 6  0.567666  0.908546
1 7  0.596645  1.162434
1 8  0.581216  1.034991
1 9  0.593865  1.068745
1 10  0.574304  0.961554
1 11  0.584788  1.114919
1 12  0.591675  1.009055
1 13  0.580541  1.070987
1 14  0.590456  1.007785
1 15  0.598726  1.045242
1 16  0.271595  0.810067
1 17  0.558086  0.986504
1 18  0.571217  0.910221
1 19  0.563963  0.895795
1 20  0.564995  0.889985
1 21  0.571995  0.930246
1 22  0.579246  0.992042
1 23  0.594019  0.994100
1 24  0.586757  1.125585
1 25  0.579875  1.110028
1 26  0.584461  1.054730
1 27  0.597361  1.097929
1 28  0.589225  1.018468
1 29  0.598402  1.057151
1 30  0.597958  1.198951
2 3  0.561282  0.868125
2 4  0.551749  0.842962
2 5  0.551473  0.835706
2 6  0.557968  0.867625
2 7  0.582223  1.122196
2 8  0.574748  0.993940
2 9  0.582722  1.027591
2 10  0.584739  0.974471
2 11  0.567784  1.054338
2 12  0.561262  0.920408
2 13  0.587416  1.079463
2 14  0.585510  0.980919
2 15  0.587103  0.997589
2 16  0.558679  0.984216
2 17  0.261089  0.734186
2 18  0.563648  0.870680
2 19  0.554952  0.856840
2 20  0.554664  0.849933
2 21  0.562701  0.888245
2 22  0.585429  0.954990
2 23  0.564295  0.949563
2 24  0.573617  1.091261
2 25  0.588639  1.077063
2 26  0.578210  1.029836
2 27  0.586200  1.045243
2 28  0.586002  0.982224
2 29  0.583560  1.009287
2 30  0.584439  1.153887
3 4  0.525319  0.730023
3 5  0.569924  0.764957
3 6  0.575883  0.788734
3 7  0.607302  1.047944
3 8  0.587970  0.912722
3 9  0.602261  0.950075
3 10  0.594238  0.878509
3 11  0.595795  1.016779
3 12  0.599939  0.901525
3 13  0.610907  1.025283
3 14  0.578421  0.877734
3 15  0.606975  0.929402
3 16  0.576868  0.904330
3 17  0.568723  0.867108
3 18  0.285464  0.540965
3 19  0.523508  0.733953
3 20  0.573386  0.769878
3 21  0.580261  0.810293
3 22  0.600047  0.874252
3 23  0.602508  0.874561
3 24  0.596991  1.013301
3 25  0.612162  0.997856
3 26  0.593323  0.942950
3 27  0.605590  0.980232
3 28  0.570964  0.872906
3 29  0.606661  0.937734
3 30  0.609512  1.094249
4 5  0.560386  0.736231
4 6  0.566344  0.759128
4 7  0.597541  1.013403
4 8  0.575659  0.869970
4 9  0.592706  0.918987
4 10  0.583610  0.857278
4 11  0.586054  0.989632
4 12  0.590395  0.874565
4 13  0.601078  1.000370
4 14  0.576853  0.871468
4 15  0.597429  0.900096
4 16  0.568986  0.874901
4 17  0.559294  0.838088
4 18  0.523568  0.720188
4 19  0.276855  0.503909
4 20  0.563847  0.740771
4 21  0.570691  0.781179
4 22  0.591732  0.844318
4 23  0.592975  0.845519
4 24  0.587043  0.984769
4 25  0.602762  0.968839
4 26  0.582618  0.919917
4 27  0.595904  0.951142
4 28  0.568201  0.842887
4 29  0.597051  0.908671
4 30  0.599568  1.065278
5 6  0.523359  0.730324
5 7  0.598155  1.016645
5 8  0.583584  0.890032
5 9  0.585731  0.908303
5 10  0.593442  0.877155
5 11  0.587122  0.991828
5 12  0.583841  0.858365
5 13  0.602294  1.003767
5 14  0.594207  0.883185
5 15  0.579954  0.892202
5 16  0.569853  0.878240
5 17  0.558719  0.840488
5 18  0.572494  0.764004
5 19  0.563680  0.750124
5 20  0.277598  0.498405
5 21  0.522270  0.741910
5 22  0.594361  0.848716
5 23  0.590371  0.847115
5 24  0.588204  0.987673
5 25  0.603501  0.971657
5 26  0.586817  0.924000
5 27  0.595203  0.951777
5 28  0.594775  0.876036
5 29  0.571864  0.881831
5 30  0.600782  1.068091
6 7  0.603990  1.030657
6 8  0.589532  0.910815
6 9  0.591618  0.917585
6 10  0.599398  0.901913
6 11  0.593077  1.015393
6 12  0.592341  0.895617
6 13  0.608281  1.031951
6 14  0.600166  0.906657
6 15  0.581059  0.897259
6 16  0.575934  0.901377
6 17  0.565954  0.861885
6 18  0.578452  0.787190
6 19  0.569607  0.773290
6 20  0.522229  0.725941
6 21  0.281967  0.561671
6 22  0.600341  0.871904
6 23  0.597839  0.865404
6 24  0.594139  1.010619
6 25  0.609608  0.994791
6 26  0.592634  0.947055
6 27  0.600061  0.976913
6 28  0.600709  0.899184
6 29  0.571350  0.905109
6 30  0.605975  1.090998
7 8  0.618001  1.141546
7 9  0.619472  1.130240
7 10  0.630536  1.157915
7 11  0.592506  1.249293
7 12  0.627588  1.160937
7 13  0.604403  1.245904
7 14  0.631224  1.163545
7 15  0.633929  1.169228
7 16  0.603783  1.148354
7 17  0.589763  1.103885
7 18  0.609894  1.048310
7 19  0.600693  1.034432
7 20  0.602065  1.028001
7 21  0.608180  1.068075
7 22  0.631582  1.131403
7 23  0.629140  1.129565
7 24  0.586771  1.235689
7 25  0.601039  1.214275
7 26  0.621572  1.206804
7 27  0.624842  1.236170
7 28  0.631364  1.159263
7 29  0.631640  1.193272
7 30  0.416201  1.219875
8 9  0.615717  1.063285
8 10  0.581452  1.016006
8 11  0.603263  1.102847
8 12  0.613505  1.024977
8 13  0.621386  1.155831
8 14  0.590219  0.999136
8 15  0.620538  1.045659
8 16  0.588824  1.012264
8 17  0.582569  0.990954
8 18  0.592353  0.907049
8 19  0.582699  0.899498
8 20  0.586953  0.894172
8 21  0.593696  0.934419
8 22  0.576505  0.951890
8 23  0.616205  0.998539
8 24  0.606878  1.137090
8 25  0.622231  1.117524
8 26  0.371420  0.930092
8 27  0.618564  1.103311
8 28  0.585226  0.996138
8 29  0.620091  1.061207
8 30  0.619964  1.217010
9 10  0.625762  1.062429
9 11  0.618516  1.168354
9 12  0.588208  1.049705
9 13  0.633559  1.184314
9 14  0.626523  1.066537
9 15  0.604500  1.052975
9 16  0.602282  1.061464
9 17  0.590009  1.009619
9 18  0.604803  0.948984
9 19  0.595848  0.935045
9 20  0.595239  0.926460
9 21  0.600866  0.968593
9 22  0.626722  1.033355
9 23  0.584980  0.985685
9 24  0.619869  1.169948
9 25  0.635093  1.152400
9 26  0.618496  1.107738
9 27  0.373676  0.977702
9 28  0.626973  1.060511
9 29  0.599240  1.068688
9 30  0.623526  1.250758
10 11  0.619030  1.124825
10 12  0.623448  1.010889
10 13  0.632553  1.112479
10 14  0.600502  0.995813
10 15  0.630483  1.041530
10 16  0.586747  1.014812
10 17  0.592018  0.980035
10 18  0.601768  0.903051
10 19  0.593822  0.887655
10 20  0.596873  0.883282
10 21  0.603775  0.923654
10 22  0.374515  0.810420
10 23  0.625993  0.987560
10 24  0.620330  1.124457
10 25  0.633193  1.110347
10 26  0.579818  1.017499
10 27  0.629127  1.092999
10 28  0.595243  0.980484
10 29  0.630177  1.050746
10 30  0.632737  1.204946
11 12  0.615793  1.102083
11 13  0.595717  1.242914
11 14  0.619195  1.108890
11 15  0.623628  1.132548
11 16  0.593532  1.124281
11 17  0.579590  1.091501
11 18  0.598084  1.017191
11 19  0.588951  1.003731
11 20  0.590251  0.997365
11 21  0.597173  1.037354
11 22  0.619937  1.100853
11 23  0.618649  1.101525
11 24  0.371404  1.069590
11 25  0.589130  1.184292
11 26  0.609441  1.175971
11 27  0.621970  1.204019
11 28  0.620278  1.129171
11 29  0.623724  1.164288
11 30  0.587918  1.281074
12 13  0.632057  1.130651
12 14  0.624207  1.015343
12 15  0.601756  1.007436
12 16  0.599622  1.015391
12 17  0.568714  0.972878
12 18  0.602447  0.901832
12 19  0.593651  0.888000
12 20  0.591716  0.880430
12 21  0.599434  0.914647
12 22  0.624324  0.986137
12 23  0.378316  0.824874
12 24  0.617540  1.124628
12 25  0.632554  1.108545
12 26  0.616913  1.061204
12 27  0.586838  1.046176
12 28  0.624817  1.013382
12 29  0.594589  1.011737
12 30  0.628257  1.201215
13 14  0.635038  1.149976
13 15  0.639273  1.173728
13 16  0.585596  1.142339
13 17  0.595588  1.112334
13 18  0.613483  1.036792
13 19  0.604795  1.022991
13 20  0.605674  1.016558
13 21  0.612710  1.056749
13 22  0.633125  1.120649
13 23  0.633902  1.120396
13 24  0.590124  1.217613
13 25  0.420505  1.105946
13 26  0.624220  1.190413
13 27  0.637098  1.220955
13 28  0.633666  1.146041
13 29  0.638399  1.182647
13 30  0.601888  1.299105
14 15  0.631252  1.042525
14 16  0.597109  1.018421
14 17  0.593025  0.984358
14 18  0.572112  0.876491
14 19  0.572374  0.863646
14 20  0.597618  0.887569
14 21  0.604477  0.927901
14 22  0.597236  0.960590
14 23  0.626823  0.991917
14 24  0.620890  1.130860
14 25  0.634387  1.113181
14 26  0.586084  1.035078
14 27  0.629764  1.097278
14 28  0.413319  0.889783
14 29  0.630956  1.054898
14 30  0.632807  1.210496
15 16  0.607013  1.041362
15 17  0.591239  0.995764
15 18  0.609504  0.927669
15 19  0.600626  0.913780
15 20  0.574846  0.874474
15 21  0.576121  0.917725
15 22  0.631412  1.012138
15 23  0.598015  0.976027
15 24  0.625367  1.150319
15 25  0.640006  1.133990
15 26  0.623730  1.086658
15 27  0.601773  1.089626
15 28  0.631846  1.039203
15 29  0.418034  0.951819
15 30  0.633923  1.228971
16 17  0.567890  0.957815
16 18  0.579726  0.886975
16 19  0.571539  0.883108
16 20  0.573488  0.878684
16 21  0.580361  0.921856
16 22  0.580955  0.929770
16 23  0.602600  0.977357
16 24  0.594373  1.110387
16 25  0.588374  1.031785
16 26  0.592529  1.060824
16 27  0.605502  1.090538
16 28  0.599085  0.996879
16 29  0.606750  1.047105
16 30  0.606545  1.198395
17 18  0.571493  0.861718
17 19  0.562686  0.850948
17 20  0.562394  0.834863
17 21  0.569832  0.883500
17 22  0.593315  0.942119
17 23  0.569595  0.892346
17 24  0.574902  1.051742
17 25  0.595800  1.039104
17 26  0.585589  1.021921
17 27  0.593477  1.052147
17 28  0.593740  0.970101
17 29  0.594113  1.001854
17 30  0.590729  1.161106
18 19  0.530098  0.741446
18 20  0.575955  0.767062
18 21  0.582829  0.807877
18 22  0.597429  0.848072
18 23  0.605121  0.871429
18 24  0.599625  1.010901
18 25  0.614689  0.985039
18 26  0.592555  0.943343
18 27  0.608184  0.977459
18 28  0.581916  0.872584
18 29  0.609261  0.935717
18 30  0.612011  1.089698
19 20  0.567141  0.753299
19 21  0.574013  0.793005
19 22  0.586838  0.840538
19 23  0.596299  0.858735
19 24  0.590589  0.994473
19 25  0.605537  0.972750
19 26  0.581750  0.911102
19 27  0.599351  0.960153
19 28  0.579382  0.873543
19 29  0.600438  0.920623
19 30  0.602969  1.067275
20 21  0.530048  0.754208
20 22  0.597847  0.851115
20 23  0.589411  0.834699
20 24  0.591906  0.991293
20 25  0.607015  0.967775
20 26  0.590359  0.927315
20 27  0.590435  0.938731
20 28  0.598281  0.879831
20 29  0.583138  0.906050
20 30  0.603556  1.062565
21 22  0.604718  0.892497
21 23  0.598386  0.887705
21 24  0.598768  1.028101
21 25  0.613920  1.011874
21 26  0.597218  0.963499
21 27  0.598976  0.960921
21 28  0.605154  0.919675
21 29  0.584450  0.918764
21 30  0.610357  1.089276
22 23  0.627002  0.954386
22 24  0.621194  1.093551
22 25  0.634943  1.052553
22 26  0.583716  1.016077
22 27  0.630057  1.061599
22 28  0.602747  0.962533
22 29  0.631145  1.019770
22 30  0.633659  1.171943
23 24  0.619692  1.075297
23 25  0.635985  1.069066
23 26  0.619390  1.029021
23 27  0.592716  1.049872
23 28  0.627426  0.980488
23 29  0.605219  0.989395
23 30  0.632375  1.176057
24 25  0.598150  1.206180
24 26  0.606281  1.116195
24 27  0.623021  1.181346
24 28  0.621051  1.097251
24 29  0.624678  1.132232
24 30  0.595940  1.267128
25 26  0.625646  1.145636
25 27  0.638169  1.173607
25 28  0.636858  1.105656
25 29  0.640239  1.142102
25 30  0.609910  1.248847
26 27  0.622332  1.119336
26 28  0.595670  1.020470
26 29  0.623542  1.083333
26 30  0.623068  1.204186
27 28  0.630476  1.086006
27 29  0.607989  1.078857
27 30  0.623378  1.183917
28 29  0.631578  1.042526
28 30  0.633922  1.196112
29 30  0.635473  1.210523
