   -993.88621443
   -994.19390125     -994.05522997
0.00004797694818
2 2 2 2 2 2 2 2 2 2 2 2 2 0 0 0 0 0 0 0 0 0 0 0 0 0 
1  0.273768  0.325865
2  0.287117  0.404756
3  0.296359  0.717124
4  0.269074  0.305619
5  0.273695  0.309968
6  0.294547  0.804759
7  0.297489  0.684604
8  0.290648  0.414824
9  0.275980  0.533978
10  0.277914  0.523100
11  0.259762  0.608203
12  0.269726  0.320229
13  0.270368  0.654627
14  0.274749  0.692026
15  0.267245  0.613720
16  0.277177  0.501217
17  0.279282  0.555979
18  0.293934  0.425470
19  0.295605  0.794407
20  0.296716  0.699037
21  0.276792  0.304879
22  0.272153  0.323175
23  0.300264  0.678710
24  0.269638  0.296856
25  0.288481  0.410146
26  0.276283  0.329811
1 2  0.559566  0.727640
1 3  0.567374  1.024255
1 4  0.542645  0.630309
1 5  0.499166  0.594473
1 6  0.568058  1.126657
1 7  0.571244  1.007612
1 8  0.529858  0.711503
1 9  0.549745  0.859190
1 10  0.551677  0.845916
1 11  0.533447  0.927168
1 12  0.543369  0.643376
1 13  0.544021  0.979005
1 14  0.548393  1.016513
1 15  0.540648  0.939297
1 16  0.550900  0.826953
1 17  0.553040  0.881701
1 18  0.523975  0.717531
1 19  0.568731  1.119351
1 20  0.568902  1.024455
1 21  0.497153  0.584396
1 22  0.545625  0.648845
1 23  0.574002  1.004368
1 24  0.543148  0.622478
1 25  0.562010  0.734880
1 26  0.276135  0.409572
2 3  0.575817  1.103471
2 4  0.524273  0.692024
2 5  0.558658  0.707868
2 6  0.581018  1.193759
2 7  0.584502  1.074378
2 8  0.571159  0.811670
2 9  0.563032  0.932806
2 10  0.564944  0.927153
2 11  0.546833  1.011165
2 12  0.523711  0.697388
2 13  0.555578  1.028497
2 14  0.559395  1.095408
2 15  0.554200  1.017159
2 16  0.564284  0.905623
2 17  0.566289  0.960169
2 18  0.568847  0.812805
2 19  0.582418  1.197221
2 20  0.570682  1.089794
2 21  0.562212  0.708483
2 22  0.517120  0.696740
2 23  0.586882  1.082307
2 24  0.514610  0.666434
2 25  0.346863  0.642828
2 26  0.563139  0.733333
3 4  0.563977  1.013598
3 5  0.568662  1.018810
3 6  0.574004  1.486396
3 7  0.592419  1.347546
3 8  0.578855  1.108243
3 9  0.572242  1.245540
3 10  0.574111  1.211916
3 11  0.552324  1.249315
3 12  0.563587  1.019082
3 13  0.534881  1.318123
3 14  0.534324  1.347196
3 15  0.561049  1.322603
3 16  0.572990  1.213671
3 17  0.575287  1.266812
3 18  0.576788  1.129085
3 19  0.565441  1.431532
3 20  0.352353  1.322880
3 21  0.572844  1.021790
3 22  0.566778  1.039428
3 23  0.596390  1.388938
3 24  0.565695  1.013791
3 25  0.571563  1.111723
3 26  0.571041  1.046399
4 5  0.542302  0.615315
4 6  0.563557  1.107707
4 7  0.566488  0.988074
4 8  0.557462  0.712954
4 9  0.545000  0.839366
4 10  0.546884  0.827036
4 11  0.528807  0.909656
4 12  0.492214  0.585821
4 13  0.539293  0.959839
4 14  0.543664  0.997258
4 15  0.536252  0.919210
4 16  0.546046  0.806446
4 17  0.548315  0.861428
4 18  0.561303  0.729992
4 19  0.564466  1.099322
4 20  0.565526  1.004494
4 21  0.544648  0.609378
4 22  0.487429  0.581433
4 23  0.569335  0.984187
4 24  0.269107  0.352543
4 25  0.517218  0.682567
4 26  0.545098  0.635179
5 6  0.568161  1.114504
5 7  0.571173  0.991520
5 8  0.530339  0.705551
5 9  0.549674  0.843844
5 10  0.551607  0.832440
5 11  0.533406  0.915779
5 12  0.543226  0.629138
5 13  0.543956  0.959912
5 14  0.548218  1.001458
5 15  0.540880  0.923557
5 16  0.550867  0.811111
5 17  0.552969  0.865857
5 18  0.524540  0.700186
5 19  0.569090  1.103836
5 20  0.570100  1.008803
5 21  0.273967  0.356681
5 22  0.545643  0.632952
5 23  0.573957  0.988555
5 24  0.542364  0.605918
5 25  0.560676  0.719132
5 26  0.496378  0.592958
6 7  0.581207  1.456518
6 8  0.583934  1.186136
6 9  0.566817  1.265155
6 10  0.570304  1.285700
6 11  0.533142  1.352373
6 12  0.564212  1.124516
6 13  0.537744  1.394268
6 14  0.536190  1.432927
6 15  0.533078  1.369766
6 16  0.571182  1.302039
6 17  0.571956  1.353876
6 18  0.587454  1.227947
6 19  0.361643  1.544508
6 20  0.565887  1.422873
6 21  0.571211  1.109211
6 22  0.566578  1.126544
6 23  0.576754  1.440026
6 24  0.564000  1.100885
6 25  0.582885  1.213060
6 26  0.570258  1.133606
7 8  0.588123  1.098131
7 9  0.543091  1.186874
7 10  0.545392  1.183849
7 11  0.538250  1.254415
7 12  0.567147  0.998295
7 13  0.565072  1.264307
7 14  0.570395  1.366985
7 15  0.538988  1.250825
7 16  0.534622  1.120992
7 17  0.538275  1.192120
7 18  0.591143  1.108763
7 19  0.574584  1.433936
7 20  0.593965  1.376917
7 21  0.574280  0.989404
7 22  0.569581  1.007473
7 23  0.367873  1.283406
7 24  0.567086  0.981326
7 25  0.585419  1.093509
7 26  0.573750  1.014190
8 9  0.566614  0.941308
8 10  0.568541  0.929030
8 11  0.550225  1.010215
8 12  0.558919  0.731501
8 13  0.560163  1.063474
8 14  0.565140  1.103613
8 15  0.556798  1.027603
8 16  0.567729  0.915518
8 17  0.569928  0.970250
8 18  0.355299  0.670014
8 19  0.585308  1.207324
8 20  0.573870  1.099227
8 21  0.523109  0.684145
8 22  0.562575  0.736684
8 23  0.590592  1.092432
8 24  0.558959  0.710767
8 25  0.567014  0.809738
8 26  0.522703  0.710420
9 10  0.507522  1.017036
9 11  0.531641  1.118433
9 12  0.545672  0.853946
9 13  0.545891  1.170804
9 14  0.549488  1.221637
9 15  0.541921  1.139112
9 16  0.503613  0.996701
9 17  0.277725  0.917569
9 18  0.569899  0.958877
9 19  0.570521  1.321904
9 20  0.572147  1.227202
9 21  0.552762  0.838793
9 22  0.548132  0.856959
9 23  0.534999  1.147683
9 24  0.545546  0.830607
9 25  0.564365  0.943611
9 26  0.552223  0.863655
10 11  0.531861  1.075039
10 12  0.547596  0.842055
10 13  0.548136  1.174088
10 14  0.552408  1.210078
10 15  0.540646  1.133593
10 16  0.277671  0.843042
10 17  0.502949  1.019157
10 18  0.571704  0.947892
10 19  0.572754  1.312937
10 20  0.574092  1.217573
10 21  0.554691  0.827923
10 22  0.550006  0.846017
10 23  0.540196  1.150687
10 24  0.547346  0.819554
10 25  0.566391  0.932830
10 26  0.554100  0.852768
11 12  0.529445  0.923477
11 13  0.527435  1.243526
11 14  0.533777  1.284684
11 15  0.249057  1.068063
11 16  0.534039  1.106652
11 17  0.538087  1.152928
11 18  0.552526  1.032610
11 19  0.528114  1.358561
11 20  0.554071  1.299682
11 21  0.536508  0.912975
11 22  0.531897  0.931100
11 23  0.532719  1.244356
11 24  0.529338  0.904968
11 25  0.547916  1.017027
11 26  0.535684  0.937711
12 13  0.539726  0.968708
12 14  0.543416  1.011639
12 15  0.536967  0.933718
12 16  0.546858  0.821185
12 17  0.549001  0.876031
12 18  0.563415  0.744654
12 19  0.565013  1.113160
12 20  0.565086  1.018832
12 21  0.546210  0.624808
12 22  0.269043  0.398918
12 23  0.569898  0.998650
12 24  0.489591  0.575626
12 25  0.514558  0.694682
12 26  0.545691  0.649844
13 14  0.271877  1.217757
13 15  0.536815  1.254221
13 16  0.547100  1.151623
13 17  0.548344  1.206597
13 18  0.564055  1.076214
13 19  0.534077  1.390044
13 20  0.529501  1.295022
13 21  0.546970  0.959052
13 22  0.541564  0.977366
13 23  0.568996  1.325025
13 24  0.539799  0.951229
13 25  0.557011  1.063433
13 26  0.546540  0.982995
14 15  0.537906  1.286857
14 16  0.551649  1.189250
14 17  0.553332  1.216403
14 18  0.567309  1.111232
14 19  0.542606  1.407066
14 20  0.539345  1.332484
14 21  0.551452  0.994067
14 22  0.546351  1.005534
14 23  0.571689  1.287441
14 24  0.544092  0.987883
14 25  0.560824  1.066257
14 26  0.550884  1.020896
15 16  0.538412  1.065212
15 17  0.541732  1.153234
15 18  0.560883  1.024059
15 19  0.540486  1.348426
15 20  0.559660  1.240569
15 21  0.543982  0.916868
15 22  0.539375  0.934246
15 23  0.545832  1.252626
15 24  0.536870  0.908401
15 25  0.555674  1.022717
15 26  0.543431  0.936527
16 17  0.509893  1.017422
16 18  0.571097  0.917415
16 19  0.569199  1.246239
16 20  0.573719  1.182393
16 21  0.553965  0.805782
16 22  0.549291  0.824237
16 23  0.548382  1.164769
16 24  0.546619  0.797796
16 25  0.565571  0.909743
16 26  0.553455  0.828389
17 18  0.573207  0.975270
17 19  0.570914  1.273230
17 20  0.575820  1.250227
17 21  0.556072  0.860749
17 22  0.551413  0.877464
17 23  0.548169  1.186263
17 24  0.548875  0.852701
17 25  0.567725  0.956949
17 26  0.555563  0.885323
18 19  0.587918  1.184841
18 20  0.581467  1.097616
18 21  0.536834  0.711222
18 22  0.564327  0.746127
18 23  0.594166  1.102733
18 24  0.561028  0.716206
18 25  0.574639  0.826089
18 26  0.536017  0.724054
19 20  0.576210  1.465031
19 21  0.572305  1.099138
19 22  0.567626  1.116173
19 23  0.586152  1.438589
19 24  0.565136  1.090583
19 25  0.582922  1.182893
19 26  0.571624  1.119326
20 21  0.571637  0.997344
20 22  0.566143  1.006116
20 23  0.595222  1.322579
20 24  0.564108  0.987823
20 25  0.577958  1.092232
20 26  0.569866  1.010496
21 22  0.548718  0.627207
21 23  0.577043  0.981725
21 24  0.545969  0.601447
21 25  0.562703  0.709190
21 26  0.504018  0.593281
22 23  0.572383  0.994948
22 24  0.494938  0.580524
22 25  0.527232  0.703026
22 26  0.548340  0.651209
23 24  0.569848  0.973763
23 25  0.588672  1.074142
23 26  0.576526  1.006227
24 25  0.526446  0.688560
24 26  0.545712  0.625754
25 26  0.562839  0.737350
