   -993.88621443
   -994.19446676     -994.05644693
0.00003352434779
2 2 2 2 2 2 2 2 2 2 2 2 2 0 0 0 0 0 0 0 0 0 0 0 0 0 
1  0.275332  0.335154
2  0.289333  0.418624
3  0.298110  0.722722
4  0.271176  0.314099
5  0.275284  0.318615
6  0.295631  0.800860
7  0.298123  0.674411
8  0.293034  0.430448
9  0.276314  0.526028
10  0.278384  0.514661
11  0.260435  0.601690
12  0.271675  0.329037
13  0.271315  0.654482
14  0.275729  0.690997
15  0.267934  0.607400
16  0.277659  0.493408
17  0.279622  0.547594
18  0.296263  0.441184
19  0.296687  0.790812
20  0.298271  0.705436
21  0.278490  0.312864
22  0.274151  0.332173
23  0.300891  0.668195
24  0.271801  0.304355
25  0.290571  0.423989
26  0.278005  0.339841
1 2  0.563313  0.750402
1 3  0.570583  1.037120
1 4  0.546307  0.647928
1 5  0.502438  0.613586
1 6  0.570686  1.131720
1 7  0.573439  1.006447
1 8  0.533394  0.736288
1 9  0.551643  0.860489
1 10  0.553710  0.846630
1 11  0.535674  0.929416
1 12  0.546877  0.660985
1 13  0.546522  0.987953
1 14  0.550938  1.024646
1 15  0.542875  0.942210
1 16  0.552942  0.828418
1 17  0.554941  0.882579
1 18  0.527460  0.741980
1 19  0.571345  1.124947
1 20  0.571987  1.040145
1 21  0.500416  0.602014
1 22  0.549189  0.667144
1 23  0.576192  1.003101
1 24  0.546878  0.639268
1 25  0.565647  0.757860
1 26  0.278999  0.431993
2 3  0.579697  1.122321
2 4  0.528196  0.714537
2 5  0.562356  0.729151
2 6  0.584299  1.202315
2 7  0.587348  1.077651
2 8  0.575687  0.840396
2 9  0.565576  0.938302
2 10  0.567620  0.932464
2 11  0.549722  1.018494
2 12  0.527475  0.719876
2 13  0.558697  1.040508
2 14  0.562580  1.108088
2 15  0.557098  1.024584
2 16  0.566981  0.911654
2 17  0.568844  0.965597
2 18  0.573377  0.841588
2 19  0.585710  1.207390
2 20  0.574453  1.109217
2 21  0.566080  0.730387
2 22  0.520896  0.719263
2 23  0.589710  1.085560
2 24  0.518521  0.687030
2 25  0.351042  0.674461
2 26  0.567060  0.757063
3 4  0.567760  1.026840
3 5  0.571898  1.032213
3 6  0.576755  1.488034
3 7  0.594761  1.343858
3 8  0.582807  1.128365
3 9  0.574327  1.243443
3 10  0.576331  1.210149
3 11  0.554673  1.249322
3 12  0.567200  1.031845
3 13  0.537605  1.323513
3 14  0.537086  1.352383
3 15  0.563465  1.322081
3 16  0.575200  1.211656
3 17  0.577377  1.264141
3 18  0.580812  1.149458
3 19  0.568222  1.433974
3 20  0.355630  1.336846
3 21  0.576261  1.035331
3 22  0.570411  1.053994
3 23  0.598759  1.384359
3 24  0.569580  1.026861
3 25  0.575402  1.130410
3 26  0.574427  1.062029
4 5  0.545968  0.632433
4 6  0.566739  1.111670
4 7  0.569215  0.986321
4 8  0.561906  0.735984
4 9  0.547432  0.839823
4 10  0.549431  0.826941
4 11  0.531579  0.911224
4 12  0.496063  0.603648
4 13  0.542334  0.968218
4 14  0.546745  1.004658
4 15  0.539042  0.921336
4 16  0.548616  0.807016
4 17  0.550750  0.861473
4 18  0.565721  0.754262
4 19  0.567641  1.104167
4 20  0.569156  1.019329
4 21  0.548463  0.625862
4 22  0.491297  0.598719
4 23  0.572064  0.982122
4 24  0.272445  0.370033
4 25  0.520939  0.704256
4 26  0.548920  0.653683
5 6  0.570828  1.119136
5 7  0.573395  0.989543
5 8  0.533870  0.730162
5 9  0.551597  0.844473
5 10  0.553665  0.832705
5 11  0.535664  0.917860
5 12  0.546757  0.646442
5 13  0.546485  0.967428
5 14  0.550754  1.009042
5 15  0.543156  0.925849
5 16  0.552937  0.811935
5 17  0.554897  0.866098
5 18  0.528038  0.723611
5 19  0.571762  1.108815
5 20  0.573222  1.023785
5 21  0.277104  0.376329
5 22  0.549230  0.650594
5 23  0.576174  0.986648
5 24  0.546130  0.622088
5 25  0.564338  0.741671
5 26  0.499675  0.611878
6 7  0.582888  1.443783
6 8  0.587336  1.195387
6 9  0.568217  1.255580
6 10  0.571843  1.274772
6 11  0.534845  1.342993
6 12  0.567241  1.129337
6 13  0.539690  1.390617
6 14  0.538235  1.428909
6 15  0.534802  1.360949
6 16  0.572736  1.290701
6 17  0.573373  1.342234
6 18  0.590860  1.239477
6 19  0.363673  1.536066
6 20  0.568486  1.426015
6 21  0.573989  1.113239
6 22  0.569657  1.131536
6 23  0.578387  1.426782
6 24  0.567234  1.104460
6 25  0.586056  1.222875
6 26  0.573032  1.139637
7 8  0.591143  1.103412
7 9  0.544070  1.169392
7 10  0.546540  1.166088
7 11  0.539529  1.239129
7 12  0.569723  0.996529
7 13  0.566599  1.255879
7 14  0.571993  1.356403
7 15  0.540291  1.235381
7 16  0.535783  1.104693
7 17  0.539250  1.174714
7 18  0.594096  1.114151
7 19  0.576248  1.421254
7 20  0.596146  1.373410
7 21  0.576613  0.987167
7 22  0.572205  1.006237
7 23  0.369074  1.259767
7 24  0.569881  0.978607
7 25  0.588123  1.097047
7 26  0.576101  1.013978
8 9  0.569332  0.948535
8 10  0.571396  0.935945
8 11  0.553275  1.018810
8 12  0.563231  0.755535
8 13  0.563457  1.078074
8 14  0.568493  1.118081
8 15  0.559851  1.036787
8 16  0.570597  0.923277
8 17  0.572655  0.977418
8 18  0.359670  0.705773
8 19  0.588768  1.219056
8 20  0.577766  1.120252
8 21  0.526739  0.707030
8 22  0.566937  0.761169
8 23  0.593594  1.097419
8 24  0.563504  0.733942
8 25  0.571484  0.838590
8 26  0.526422  0.735659
9 10  0.508298  1.001270
9 11  0.532633  1.104895
9 12  0.547951  0.854769
9 13  0.547162  1.163037
9 14  0.550788  1.212926
9 15  0.542940  1.125190
9 16  0.504427  0.981434
9 17  0.278304  0.898399
9 18  0.572558  0.966576
9 19  0.571936  1.310951
9 20  0.574029  1.225736
9 21  0.554792  0.838816
9 22  0.550464  0.857979
9 23  0.535987  1.130971
9 24  0.548034  0.830103
9 25  0.566778  0.949461
9 26  0.554274  0.865713
10 11  0.532983  1.062489
10 12  0.550006  0.842402
10 13  0.549549  1.165799
10 14  0.553853  1.200848
10 15  0.541791  1.119159
10 16  0.278511  0.823900
10 17  0.503750  1.003563
10 18  0.574504  0.955103
10 19  0.574294  1.301297
10 20  0.576087  1.215737
10 21  0.556856  0.827460
10 22  0.552463  0.846515
10 23  0.541320  1.132961
10 24  0.549947  0.818490
10 25  0.568950  0.938199
10 26  0.556284  0.854343
11 12  0.532065  0.925458
11 13  0.529025  1.237443
11 14  0.535421  1.277510
11 15  0.250232  1.052593
11 16  0.535177  1.092598
11 17  0.539095  1.138430
11 18  0.555515  1.041689
11 19  0.529835  1.349513
11 20  0.556291  1.299724
11 21  0.538880  0.914416
11 22  0.534564  0.933542
11 23  0.533967  1.228357
11 24  0.532170  0.905933
11 25  0.550678  1.024255
11 26  0.538048  0.941168
12 13  0.542605  0.977018
12 14  0.546294  1.019390
12 15  0.539605  0.936171
12 16  0.549286  0.822133
12 17  0.551290  0.876428
12 18  0.567668  0.769051
12 19  0.568029  1.118276
12 20  0.568511  1.034024
12 21  0.549858  0.641589
12 22  0.272526  0.418616
12 23  0.572461  0.996904
12 24  0.493431  0.591941
12 25  0.518226  0.716666
12 26  0.549349  0.668697
13 14  0.273608  1.216349
13 15  0.538436  1.248001
13 16  0.548521  1.143871
13 17  0.549605  1.198331
13 18  0.567320  1.091707
13 19  0.536076  1.387339
13 20  0.532039  1.301551
13 21  0.549592  0.966848
13 22  0.544457  0.986187
13 23  0.570559  1.314917
13 24  0.542902  0.958562
13 25  0.560048  1.076974
13 26  0.549205  0.992697
14 15  0.539537  1.280125
14 16  0.553104  1.180625
14 17  0.554645  1.207694
14 18  0.570571  1.125044
14 19  0.544616  1.403334
14 20  0.541895  1.337745
14 21  0.554128  1.000245
14 22  0.549301  1.012798
14 23  0.573243  1.278239
14 24  0.547220  0.994440
14 25  0.563856  1.077135
14 26  0.553571  1.029725
15 16  0.539578  1.053241
15 17  0.542757  1.139156
15 18  0.563884  1.032859
15 19  0.542186  1.339179
15 20  0.561842  1.241341
15 21  0.546362  0.918439
15 22  0.542060  0.936715
15 23  0.547126  1.237408
15 24  0.539723  0.909314
15 25  0.558453  1.030156
15 26  0.545829  0.939542
16 17  0.510690  1.001771
16 18  0.573908  0.925148
16 19  0.570723  1.236353
16 20  0.575754  1.181742
16 21  0.556145  0.805989
16 22  0.551765  0.825412
16 23  0.549538  1.146911
16 24  0.549229  0.797447
16 25  0.568137  0.915623
16 26  0.555659  0.830443
17 18  0.575874  0.982206
17 19  0.572306  1.263768
17 20  0.577717  1.248382
17 21  0.558111  0.860274
17 22  0.553748  0.877928
17 23  0.549144  1.168619
17 24  0.551376  0.851823
17 25  0.570152  0.961919
17 26  0.557626  0.886917
18 19  0.591272  1.194500
18 20  0.585204  1.118553
18 21  0.540356  0.735265
18 22  0.568634  0.770642
18 23  0.597122  1.107816
18 24  0.565476  0.738531
18 25  0.578987  0.854806
18 26  0.539637  0.749126
19 20  0.578785  1.467553
19 21  0.575077  1.103480
19 22  0.570697  1.121457
19 23  0.587803  1.425870
19 24  0.568373  1.094222
19 25  0.586067  1.191665
19 26  0.574410  1.125256
20 21  0.574796  1.010872
20 22  0.569607  1.019956
20 23  0.597357  1.319474
20 24  0.567737  1.000952
20 25  0.581555  1.111802
20 26  0.573024  1.024706
21 22  0.552409  0.644022
21 23  0.579368  0.978835
21 24  0.549810  0.616920
21 25  0.566390  0.729936
21 26  0.507573  0.612550
22 23  0.575006  0.992955
22 24  0.498901  0.597625
22 25  0.530926  0.725267
22 26  0.552056  0.669855
23 24  0.572633  0.970760
23 25  0.591391  1.077036
23 26  0.578873  1.005500
24 25  0.530299  0.710137
24 26  0.549593  0.643128
25 26  0.566599  0.760940
