   -993.88621443
   -994.19478737     -994.05713353
0.00002475178646
2 2 2 2 2 2 2 2 2 2 2 2 2 0 0 0 0 0 0 0 0 0 0 0 0 0 
1  0.276292  0.340935
2  0.290602  0.426572
3  0.299052  0.725791
4  0.272436  0.319020
5  0.276406  0.324192
6  0.296208  0.798361
7  0.298414  0.668735
8  0.294543  0.439430
9  0.276472  0.521674
10  0.278625  0.510033
11  0.260786  0.597986
12  0.272875  0.334497
13  0.271863  0.654066
14  0.276305  0.690395
15  0.268314  0.603766
16  0.277893  0.489198
17  0.279773  0.543082
18  0.297757  0.450244
19  0.297241  0.788698
20  0.299237  0.708804
21  0.279620  0.317799
22  0.275279  0.337297
23  0.301189  0.662421
24  0.273084  0.308831
25  0.291897  0.431957
26  0.278952  0.345681
1 2  0.565520  0.763882
1 3  0.572403  1.044702
1 4  0.548524  0.658543
1 5  0.504619  0.625572
1 6  0.572214  1.134803
1 7  0.574688  1.006384
1 8  0.535605  0.750887
1 9  0.552761  0.861889
1 10  0.554910  0.847679
1 11  0.536977  0.931145
1 12  0.549031  0.671922
1 13  0.548027  0.993205
1 14  0.552471  1.029755
1 15  0.544188  0.944323
1 16  0.554130  0.829981
1 17  0.556050  0.883835
1 18  0.529673  0.756478
1 19  0.572829  1.128556
1 20  0.573842  1.049274
1 21  0.502530  0.612925
1 22  0.551270  0.678058
1 23  0.577444  1.003084
1 24  0.549120  0.649520
1 25  0.567918  0.771520
1 26  0.280716  0.445034
2 3  0.581859  1.132913
2 4  0.530497  0.727469
2 5  0.564707  0.741937
2 6  0.586132  1.207027
2 7  0.588907  1.079707
2 8  0.578419  0.856900
2 9  0.566998  0.941681
2 10  0.569125  0.935717
2 11  0.551340  1.022716
2 12  0.529627  0.733115
2 13  0.560488  1.047103
2 14  0.564423  1.115343
2 15  0.558746  1.028825
2 16  0.568485  0.915379
2 17  0.570260  0.969004
2 18  0.576140  0.858194
2 19  0.587529  1.213165
2 20  0.576691  1.120060
2 21  0.568473  0.743298
2 22  0.522994  0.732018
2 23  0.591264  1.087677
2 24  0.520825  0.698995
2 25  0.353550  0.692497
2 26  0.569261  0.770762
3 4  0.569927  1.034388
3 5  0.573900  1.040286
3 6  0.578235  1.488608
3 7  0.595970  1.341829
3 8  0.585159  1.139776
3 9  0.575427  1.242296
3 10  0.577515  1.209202
3 11  0.555928  1.249230
3 12  0.569276  1.039376
3 13  0.539119  1.326175
3 14  0.538615  1.355276
3 15  0.564776  1.321655
3 16  0.576366  1.210622
3 17  0.578472  1.262769
3 18  0.583219  1.161020
3 19  0.569693  1.435243
3 20  0.357567  1.344307
3 21  0.578309  1.043302
3 22  0.572444  1.062194
3 23  0.599993  1.381852
3 24  0.571792  1.034380
3 25  0.577688  1.141057
3 26  0.576259  1.070914
4 5  0.548340  0.642929
4 6  0.568575  1.113714
4 7  0.570760  0.985587
4 8  0.564644  0.749252
4 9  0.548848  0.840337
4 10  0.550919  0.827155
4 11  0.533190  0.912226
4 12  0.498439  0.614467
4 13  0.544138  0.972744
4 14  0.548580  1.008945
4 15  0.540681  0.922603
4 16  0.550098  0.807676
4 17  0.552156  0.861856
4 18  0.568463  0.768287
4 19  0.569454  1.106944
4 20  0.571368  1.027583
4 21  0.550863  0.635735
4 22  0.493587  0.608694
4 23  0.573622  0.981251
4 24  0.274410  0.379966
4 25  0.523221  0.716811
4 26  0.551123  0.664439
5 6  0.572522  1.122123
5 7  0.574808  0.989164
5 8  0.536124  0.744812
5 9  0.552876  0.845650
5 10  0.555027  0.833667
5 11  0.537132  0.919664
5 12  0.549076  0.657390
5 13  0.548150  0.971976
5 14  0.552435  1.013972
5 15  0.544661  0.927768
5 16  0.554293  0.813294
5 17  0.556168  0.867150
5 18  0.530301  0.737653
5 19  0.573436  1.112224
5 20  0.575285  1.032698
5 21  0.279090  0.388367
5 22  0.551476  0.661289
5 23  0.577593  0.986423
5 24  0.548540  0.632150
5 25  0.566758  0.755245
5 26  0.501775  0.623438
6 7  0.583733  1.436364
6 8  0.589387  1.200533
6 9  0.568947  1.250035
6 10  0.572653  1.268441
6 11  0.535746  1.337379
6 12  0.569013  1.132245
6 13  0.540771  1.388055
6 14  0.539364  1.426394
6 15  0.535746  1.355636
6 16  0.573544  1.284188
6 17  0.574095  1.335570
6 18  0.592931  1.245868
6 19  0.364791  1.530856
6 20  0.570003  1.427358
6 21  0.575695  1.115637
6 22  0.571358  1.134113
6 23  0.579250  1.419146
6 24  0.569091  1.106413
6 25  0.587955  1.228274
6 26  0.574533  1.142923
7 8  0.592943  1.106641
7 9  0.544539  1.159718
7 10  0.547105  1.156229
7 11  0.540154  1.230537
7 12  0.571208  0.996088
7 13  0.567417  1.250889
7 14  0.572863  1.350479
7 15  0.540959  1.226678
7 16  0.536330  1.095731
7 17  0.539710  1.165163
7 18  0.595882  1.117468
7 19  0.577078  1.414153
7 20  0.597396  1.371277
7 21  0.578034  0.986407
7 22  0.573618  1.005664
7 23  0.369667  1.246636
7 24  0.571449  0.977394
7 25  0.589728  1.099280
7 26  0.577337  1.014117
8 9  0.570997  0.952914
8 10  0.573146  0.940165
8 11  0.555130  1.023810
8 12  0.565925  0.769715
8 13  0.565491  1.086141
8 14  0.570570  1.126385
8 15  0.561723  1.042067
8 16  0.572339  0.928021
8 17  0.574314  0.981851
8 18  0.362365  0.725979
8 19  0.590826  1.225764
8 20  0.580183  1.131982
8 21  0.529030  0.720489
8 22  0.569558  0.775184
8 23  0.595394  1.100562
8 24  0.566280  0.747425
8 25  0.574301  0.855235
8 26  0.528641  0.750279
9 10  0.508682  0.992622
9 11  0.533142  1.097341
9 12  0.549307  0.855859
9 13  0.547865  1.158490
9 14  0.551511  1.208113
9 15  0.543478  1.117396
9 16  0.504820  0.973134
9 17  0.278571  0.887970
9 18  0.574212  0.971244
9 19  0.572649  1.304803
9 20  0.575144  1.224811
9 21  0.556078  0.839389
9 22  0.551750  0.858737
9 23  0.536458  1.121807
9 24  0.549467  0.830202
9 25  0.568259  0.953050
9 26  0.555375  0.867185
10 11  0.533565  1.055474
10 12  0.551445  0.843208
10 13  0.550335  1.160916
10 14  0.554671  1.195744
10 15  0.542406  1.111065
10 16  0.278986  0.813425
10 17  0.504136  0.995101
10 18  0.576238  0.959498
10 19  0.575080  1.294763
10 20  0.577284  1.214599
10 21  0.558223  0.827762
10 22  0.553827  0.846987
10 23  0.541882  1.123227
10 24  0.551454  0.818293
10 25  0.570517  0.941524
10 26  0.557461  0.855542
11 12  0.533613  0.927003
11 13  0.529894  1.233665
11 14  0.536336  1.273437
11 15  0.250887  1.043773
11 16  0.535755  1.084822
11 17  0.539596  1.130434
11 18  0.557339  1.046976
11 19  0.530742  1.344334
11 20  0.557595  1.299492
11 21  0.540361  0.915628
11 22  0.536040  0.934936
11 23  0.534614  1.219449
11 24  0.533803  0.906692
11 25  0.552353  1.028451
11 26  0.539331  0.943268
12 13  0.544337  0.981866
12 14  0.548046  1.024225
12 15  0.541186  0.937972
12 16  0.550716  0.823351
12 17  0.552641  0.877361
12 18  0.570346  0.783488
12 19  0.569778  1.121567
12 20  0.570654  1.042833
12 21  0.552187  0.651976
12 22  0.274597  0.430353
12 23  0.573951  0.996563
12 24  0.495745  0.601892
12 25  0.520407  0.729478
12 26  0.551493  0.680003
13 14  0.274625  1.215071
13 15  0.539350  1.244106
13 16  0.549299  1.139356
13 17  0.550295  1.193552
13 18  0.569356  1.100332
13 19  0.537149  1.385463
13 20  0.533583  1.304742
13 21  0.551256  0.971333
13 22  0.546110  0.990882
13 23  0.571403  1.309036
13 24  0.544732  0.962605
13 25  0.561919  1.084434
13 26  0.550696  0.998028
14 15  0.540455  1.276238
14 16  0.553908  1.175921
14 17  0.555373  1.202976
14 18  0.572614  1.133013
14 19  0.545719  1.401102
14 20  0.543436  1.340497
14 21  0.555829  1.004150
14 22  0.550984  1.017003
14 23  0.574090  1.273135
14 24  0.549066  0.998353
14 25  0.565734  1.083450
14 26  0.555089  1.034885
15 16  0.540194  1.046573
15 17  0.543288  1.131343
15 18  0.565754  1.037976
15 19  0.543086  1.333837
15 20  0.563153  1.241526
15 21  0.547867  0.919682
15 22  0.543567  0.938083
15 23  0.547789  1.228899
15 24  0.541387  0.910019
15 25  0.560160  1.034442
15 26  0.547146  0.941358
16 17  0.511068  0.993317
16 18  0.575639  0.929927
16 19  0.571491  1.230877
16 20  0.576954  1.181344
16 21  0.557508  0.806724
16 22  0.553123  0.826317
16 23  0.550112  1.137163
16 24  0.550722  0.797693
16 25  0.569692  0.919309
16 26  0.556840  0.831984
17 18  0.577519  0.986525
17 19  0.573009  1.258455
17 20  0.578833  1.247329
17 21  0.559392  0.860652
17 22  0.555024  0.878473
17 23  0.549610  1.158989
17 24  0.552805  0.851787
17 25  0.571625  0.965116
17 26  0.558724  0.888214
18 19  0.593290  1.200166
18 20  0.587579  1.130359
18 21  0.542622  0.749343
18 22  0.571235  0.784680
18 23  0.598914  1.111038
18 24  0.568231  0.751550
18 25  0.581756  0.871350
18 26  0.541832  0.763598
19 20  0.580289  1.468744
19 21  0.576757  1.106254
19 22  0.572371  1.124409
19 23  0.588634  1.418712
19 24  0.570208  1.096419
19 25  0.587931  1.196716
19 26  0.575902  1.128697
20 21  0.576806  1.018687
20 22  0.571650  1.027587
20 23  0.598592  1.317665
20 24  0.569935  1.008367
20 25  0.583804  1.122722
20 26  0.574862  1.032678
21 22  0.554665  0.653995
21 23  0.580795  0.977799
21 24  0.552213  0.626325
21 25  0.568796  0.742225
21 26  0.509743  0.624026
22 23  0.576430  0.992067
22 24  0.501260  0.607674
22 25  0.533062  0.738000
22 26  0.554126  0.680596
23 24  0.574208  0.969489
23 25  0.593014  1.078984
23 26  0.580115  1.005441
24 25  0.532683  0.722701
24 26  0.551819  0.653358
25 26  0.568846  0.774586
