   -993.88621443
   -994.19518150     -994.05800650
0.00001366100123
2 2 2 2 2 2 2 2 2 2 2 2 2 0 0 0 0 0 0 0 0 0 0 0 0 0 
1  0.277580  0.350081
2  0.292289  0.438921
3  0.300209  0.729611
4  0.274110  0.327183
5  0.277796  0.332724
6  0.296932  0.794057
7  0.298813  0.659907
8  0.296378  0.452922
9  0.276701  0.515034
10  0.278975  0.502898
11  0.261215  0.592162
12  0.274526  0.342841
13  0.272539  0.652823
14  0.277033  0.688631
15  0.268766  0.598129
16  0.278283  0.482741
17  0.280001  0.536148
18  0.299550  0.463877
19  0.297941  0.784790
20  0.300388  0.713284
21  0.281067  0.325701
22  0.276909  0.345448
23  0.301568  0.653484
24  0.274755  0.315985
25  0.293542  0.444315
26  0.280291  0.354826
1 2  0.568467  0.784958
1 3  0.574743  1.055857
1 4  0.551481  0.675723
1 5  0.507408  0.644260
1 6  0.574203  1.139388
1 7  0.576375  1.006468
1 8  0.538426  0.773364
1 9  0.554278  0.864363
1 10  0.556549  0.849600
1 11  0.538683  0.934020
1 12  0.551962  0.688914
1 13  0.549983  1.000925
1 14  0.554480  1.037024
1 15  0.545897  0.947775
1 16  0.555802  0.832656
1 17  0.557564  0.886023
1 18  0.532456  0.778642
1 19  0.574777  1.133712
1 20  0.576205  1.062880
1 21  0.505271  0.630075
1 22  0.554188  0.695365
1 23  0.579110  1.003250
1 24  0.552079  0.665808
1 25  0.570835  0.792869
1 26  0.282997  0.465630
2 3  0.584649  1.148460
2 4  0.533561  0.748043
2 5  0.567726  0.761660
2 6  0.588527  1.213955
2 7  0.590993  1.082981
2 8  0.581879  0.882031
2 9  0.568907  0.947056
2 10  0.571153  0.940821
2 11  0.553456  1.029203
2 12  0.532528  0.753535
2 13  0.562824  1.056840
2 14  0.566845  1.125785
2 15  0.560884  1.035433
2 16  0.570560  0.921254
2 17  0.572168  0.974373
2 18  0.579602  0.883476
2 19  0.589910  1.221512
2 20  0.579552  1.136131
2 21  0.571582  0.763612
2 22  0.525871  0.751998
2 23  0.593318  1.090999
2 24  0.523867  0.717802
2 25  0.356738  0.720551
2 26  0.572267  0.792094
3 4  0.572700  1.045684
3 5  0.576363  1.051874
3 6  0.580070  1.488263
3 7  0.597502  1.337802
3 8  0.588030  1.156172
3 9  0.576812  1.239697
3 10  0.579023  1.206900
3 11  0.557473  1.248225
3 12  0.572020  1.050032
3 13  0.540982  1.328888
3 14  0.540507  1.358054
3 15  0.566377  1.320060
3 16  0.577895  1.208146
3 17  0.579856  1.259779
3 18  0.586145  1.177581
3 19  0.571516  1.435796
3 20  0.359953  1.353966
3 21  0.580883  1.054954
3 22  0.575204  1.074177
3 23  0.601524  1.377023
3 24  0.574602  1.045309
3 25  0.580517  1.156572
3 26  0.578672  1.083863
4 5  0.551392  0.659610
4 6  0.570972  1.116961
4 7  0.572820  0.984919
4 8  0.568115  0.769833
4 9  0.550739  0.841772
4 10  0.552910  0.828082
4 11  0.535292  0.914225
4 12  0.501631  0.631574
4 13  0.546477  0.979674
4 14  0.550978  1.015283
4 15  0.542803  0.925093
4 16  0.552141  0.809332
4 17  0.554052  0.863055
4 18  0.571910  0.790145
4 19  0.571822  1.111146
4 20  0.574174  1.040150
4 21  0.553998  0.651829
4 22  0.496723  0.624825
4 23  0.575675  0.980444
4 24  0.277024  0.396356
4 25  0.526151  0.736751
4 26  0.554133  0.681730
5 6  0.574625  1.126175
5 7  0.576597  0.988494
5 8  0.538948  0.766985
5 9  0.554495  0.847460
5 10  0.556767  0.835101
5 11  0.538943  0.922316
5 12  0.552113  0.674146
5 13  0.550212  0.978367
5 14  0.554530  1.020694
5 15  0.546500  0.930624
5 16  0.556071  0.815359
5 17  0.557783  0.868729
5 18  0.533032  0.758936
5 19  0.575523  1.116774
5 20  0.577802  1.045638
5 21  0.281587  0.407336
5 22  0.554496  0.677957
5 23  0.579363  0.985970
5 24  0.551621  0.647855
5 25  0.569776  0.776198
5 26  0.504487  0.641178
6 7  0.584828  1.424397
6 8  0.591914  1.207833
6 9  0.569893  1.241149
6 10  0.573716  1.258289
6 11  0.536875  1.328212
6 12  0.571383  1.136190
6 13  0.542129  1.383119
6 14  0.540801  1.421241
6 15  0.536911  1.346845
6 16  0.574648  1.273713
6 17  0.575046  1.324834
6 18  0.595451  1.254934
6 19  0.366195  1.521567
6 20  0.571834  1.428332
6 21  0.577863  1.119170
6 22  0.573703  1.137880
6 23  0.580339  1.406913
6 24  0.571480  1.109226
6 25  0.590319  1.236219
6 26  0.576556  1.147686
7 8  0.595176  1.111177
7 9  0.545202  1.144752
7 10  0.547889  1.140900
7 11  0.540969  1.217049
7 12  0.573250  0.995270
7 13  0.568456  1.242622
7 14  0.573987  1.340444
7 15  0.541800  1.213115
7 16  0.537142  1.081766
7 17  0.540364  1.150252
7 18  0.598077  1.122171
7 19  0.578162  1.402461
7 20  0.598941  1.367185
7 21  0.579879  0.985444
7 22  0.575640  1.004949
7 23  0.370421  1.226274
7 24  0.573519  0.975699
7 25  0.591756  1.102718
7 26  0.579074  1.014391
8 9  0.573059  0.959415
8 10  0.575332  0.946393
8 11  0.557392  1.031107
8 12  0.569394  0.791142
8 13  0.567972  1.097650
8 14  0.573121  1.138014
8 15  0.563988  1.049819
8 16  0.574559  0.935015
8 17  0.576378  0.988353
8 18  0.365597  0.756653
8 19  0.593369  1.235093
8 20  0.583136  1.149026
8 21  0.531877  0.741170
8 22  0.573003  0.796677
8 23  0.597611  1.105017
8 24  0.569765  0.768119
8 25  0.577755  0.880535
8 26  0.531492  0.772407
9 10  0.509236  0.979321
9 11  0.533795  1.085647
9 12  0.551179  0.857533
9 13  0.548769  1.150956
9 14  0.552452  1.199930
9 15  0.544159  1.105399
9 16  0.505429  0.960331
9 17  0.278974  0.872007
9 18  0.576237  0.978180
9 19  0.573576  1.294724
9 20  0.576521  1.222760
9 21  0.557747  0.840637
9 22  0.553609  0.860230
9 23  0.537098  1.107583
9 24  0.551363  0.830687
9 25  0.570126  0.958729
9 26  0.556931  0.869671
10 11  0.534343  1.044535
10 12  0.553437  0.844388
10 13  0.551358  1.152781
10 14  0.555751  1.187053
10 15  0.543200  1.098527
10 16  0.279706  0.797356
10 17  0.504704  0.981946
10 18  0.578375  0.965946
10 19  0.576121  1.284018
10 20  0.578773  1.212110
10 21  0.560017  0.828517
10 22  0.555804  0.847958
10 23  0.542631  1.108073
10 24  0.553461  0.818255
10 25  0.572512  0.946718
10 26  0.559138  0.857535
11 12  0.535691  0.929232
11 13  0.530973  1.227164
11 14  0.537482  1.266198
11 15  0.251660  1.030008
11 16  0.536565  1.072732
11 17  0.540252  1.118006
11 18  0.559532  1.054679
11 19  0.531878  1.335517
11 20  0.559172  1.298338
11 21  0.542240  0.917669
11 22  0.538098  0.937221
11 23  0.535407  1.205528
11 24  0.535902  0.907998
11 25  0.554424  1.034885
11 26  0.541079  0.946530
12 13  0.546639  0.988675
12 14  0.550374  1.030770
12 15  0.543288  0.940637
12 16  0.552754  0.825207
12 17  0.554519  0.878751
12 18  0.573769  0.805342
12 19  0.572114  1.125911
12 20  0.573423  1.055648
12 21  0.555285  0.668198
12 22  0.277437  0.448726
12 23  0.575969  0.995930
12 24  0.498797  0.617351
12 25  0.523290  0.749392
12 26  0.554484  0.697501
13 14  0.275933  1.211438
13 15  0.540467  1.237479
13 16  0.550365  1.131823
13 17  0.551180  1.185590
13 18  0.571816  1.112688
13 19  0.538520  1.381314
13 20  0.535451  1.308433
13 21  0.553358  0.977954
13 22  0.548381  0.997759
13 23  0.572455  1.299338
13 24  0.547074  0.968485
13 25  0.564243  1.095405
13 26  0.552703  1.005830
14 15  0.541599  1.269406
14 16  0.555023  1.167870
14 17  0.556324  1.194993
14 18  0.575099  1.144153
14 19  0.547123  1.396427
14 20  0.545332  1.343290
14 21  0.558001  1.009588
14 22  0.553306  1.022916
14 23  0.575167  1.264554
14 24  0.551447  1.003816
14 25  0.568079  1.092495
14 26  0.557146  1.042094
15 16  0.541034  1.036232
15 17  0.543966  1.119272
15 18  0.567993  1.045562
15 19  0.544204  1.324980
15 20  0.564708  1.241248
15 21  0.549754  0.921901
15 22  0.545650  0.940410
15 23  0.548608  1.215627
15 24  0.543510  0.911298
15 25  0.562256  1.041084
15 26  0.548925  0.944365
16 17  0.511664  0.980329
16 18  0.577821  0.937056
16 19  0.572556  1.221892
16 20  0.578492  1.180061
16 21  0.559342  0.808195
16 22  0.555135  0.827992
16 23  0.550908  1.122056
16 24  0.552736  0.798355
16 25  0.571720  0.925100
16 26  0.558568  0.834603
17 18  0.579539  0.992924
17 19  0.573927  1.249744
17 20  0.580212  1.245022
17 21  0.561066  0.861532
17 22  0.556877  0.879606
17 23  0.550253  1.144119
17 24  0.554697  0.852013
17 25  0.573496  0.970158
17 26  0.560291  0.890405
18 19  0.595753  1.208011
18 20  0.590431  1.147530
18 21  0.545437  0.770994
18 22  0.574638  0.806220
18 23  0.601085  1.115626
18 24  0.571662  0.771437
18 25  0.585141  0.896543
18 26  0.544649  0.785906
19 20  0.582114  1.469284
19 21  0.578889  1.110140
19 22  0.574686  1.128572
19 23  0.589690  1.407016
19 24  0.572574  1.099347
19 25  0.590252  1.203944
19 26  0.577926  1.133657
20 21  0.579270  1.030361
20 22  0.574364  1.038814
20 23  0.600094  1.314257
20 24  0.572683  1.019335
20 25  0.586559  1.138937
20 26  0.577256  1.044474
21 22  0.557735  0.669908
21 23  0.582620  0.976464
21 24  0.555316  0.641363
21 25  0.571834  0.761427
21 26  0.512631  0.642156
22 23  0.578437  0.990950
22 24  0.504439  0.623555
22 25  0.535922  0.757975
22 26  0.557086  0.697504
23 24  0.576253  0.967770
23 25  0.595037  1.082095
23 26  0.581831  1.005419
24 25  0.535724  0.742353
24 26  0.554823  0.669527
25 26  0.571800  0.795788
