   -993.88621443
   -994.19539598     -994.05855441
0.00000854512577
2 2 2 2 2 2 2 2 2 2 2 2 2 0 0 0 0 0 0 0 0 0 0 0 0 0 
1  0.278381  0.356763
2  0.293258  0.447658
3  0.300937  0.732257
4  0.275147  0.333310
5  0.278650  0.338950
6  0.297354  0.790859
7  0.299038  0.653280
8  0.297375  0.462651
9  0.276809  0.510104
10  0.279186  0.497541
11  0.261448  0.587716
12  0.275511  0.349195
13  0.272965  0.651873
14  0.277492  0.687373
15  0.269011  0.593810
16  0.278503  0.477885
17  0.280107  0.531027
18  0.300507  0.473642
19  0.298363  0.781854
20  0.301090  0.716397
21  0.281974  0.331437
22  0.277884  0.351551
23  0.301789  0.646835
24  0.275828  0.321416
25  0.294490  0.453096
26  0.281115  0.361531
1 2  0.570225  0.800062
1 3  0.576213  1.063775
1 4  0.553316  0.688434
1 5  0.509065  0.657907
1 6  0.575414  1.142685
1 7  0.577398  1.006327
1 8  0.540081  0.789608
1 9  0.555186  0.866092
1 10  0.557559  0.850846
1 11  0.539708  0.935895
1 12  0.553742  0.701554
1 13  0.551203  1.006504
1 14  0.555736  1.042360
1 15  0.546919  0.950094
1 16  0.556818  0.834474
1 17  0.558468  0.887567
1 18  0.534074  0.794672
1 19  0.575967  1.137389
1 20  0.577675  1.072670
1 21  0.506927  0.642573
1 22  0.555964  0.708157
1 23  0.580129  1.003251
1 24  0.553951  0.677911
1 25  0.572573  0.808226
1 26  0.284436  0.481031
2 3  0.586306  1.159384
2 4  0.535395  0.762905
2 5  0.569520  0.775722
2 6  0.589906  1.218727
2 7  0.592187  1.084942
2 8  0.583805  0.899991
2 9  0.569983  0.950643
2 10  0.572327  0.944133
2 11  0.554657  1.033464
2 12  0.534259  0.768445
2 13  0.564203  1.063664
2 14  0.568279  1.133161
2 15  0.562098  1.039775
2 16  0.571750  0.925125
2 17  0.573239  0.977959
2 18  0.581514  0.901519
2 19  0.591297  1.227241
2 20  0.581232  1.147465
2 21  0.573442  0.778132
2 22  0.527583  0.766411
2 23  0.594502  1.093026
2 24  0.525712  0.731407
2 25  0.358633  0.740485
2 26  0.574050  0.807428
3 4  0.574424  1.053947
3 5  0.577875  1.060219
3 6  0.581192  1.487817
3 7  0.598439  1.334601
3 8  0.589673  1.167809
3 9  0.577650  1.237583
3 10  0.579962  1.204945
3 11  0.558414  1.247215
3 12  0.573696  1.057836
3 13  0.542149  1.330725
3 14  0.541695  1.359929
3 15  0.567345  1.318554
3 16  0.578839  1.206050
3 17  0.580688  1.257408
3 18  0.587818  1.189311
3 19  0.572644  1.435977
3 20  0.361447  1.360710
3 21  0.582496  1.063266
3 22  0.576892  1.082945
3 23  0.602469  1.373234
3 24  0.576386  1.053343
3 25  0.582212  1.167547
3 26  0.580182  1.093212
4 5  0.553276  0.671948
4 6  0.572430  1.119412
4 7  0.574072  0.984434
4 8  0.570131  0.784873
4 9  0.551879  0.842897
4 10  0.554129  0.828790
4 11  0.536560  0.915663
4 12  0.503569  0.644420
4 13  0.547934  0.984854
4 14  0.552471  1.020106
4 15  0.544083  0.926872
4 16  0.553388  0.810570
4 17  0.555191  0.864033
4 18  0.573892  0.806085
4 19  0.573276  1.114301
4 20  0.575898  1.049326
4 21  0.555942  0.663713
4 22  0.498613  0.636884
4 23  0.576931  0.979898
4 24  0.278724  0.408808
4 25  0.527898  0.751192
4 26  0.555991  0.694547
5 6  0.575892  1.129044
5 7  0.577677  0.987825
5 8  0.540622  0.783003
5 9  0.555457  0.848686
5 10  0.557831  0.836002
5 11  0.540022  0.924075
5 12  0.553947  0.686640
5 13  0.551492  0.982971
5 14  0.555824  1.025640
5 15  0.547600  0.932501
5 16  0.557145  0.816721
5 17  0.558740  0.869823
5 18  0.534617  0.774305
5 19  0.576798  1.120007
5 20  0.579340  1.054901
5 21  0.283207  0.421370
5 22  0.556322  0.690273
5 23  0.580438  0.985509
5 24  0.553549  0.659524
5 25  0.571562  0.791247
5 26  0.506125  0.654115
6 7  0.585463  1.415402
6 8  0.593309  1.212958
6 9  0.570423  1.234530
6 10  0.574343  1.250699
6 11  0.537522  1.321262
6 12  0.572783  1.139265
6 13  0.542958  1.379408
6 14  0.541680  1.417468
6 15  0.537577  1.340182
6 16  0.575286  1.265859
6 17  0.575575  1.316864
6 18  0.596832  1.261306
6 19  0.367054  1.514612
6 20  0.572936  1.428851
6 21  0.579191  1.121663
6 22  0.575093  1.140722
6 23  0.580971  1.397821
6 24  0.572968  1.111438
6 25  0.591685  1.241719
6 26  0.577771  1.151128
7 8  0.596397  1.114190
7 9  0.545557  1.133543
7 10  0.548346  1.129356
7 11  0.541417  1.206841
7 12  0.574451  0.994758
7 13  0.569092  1.236407
7 14  0.574669  1.332947
7 15  0.542268  1.202832
7 16  0.537603  1.071248
7 17  0.540713  1.139122
7 18  0.599260  1.125232
7 19  0.578804  1.393689
7 20  0.599863  1.363865
7 21  0.581011  0.984522
7 22  0.576833  1.004396
7 23  0.370873  1.211026
7 24  0.574815  0.974486
7 25  0.592920  1.104808
7 26  0.580122  1.014435
8 9  0.574163  0.963968
8 10  0.576538  0.950691
8 11  0.558619  1.036116
8 12  0.571367  0.806894
8 13  0.569373  1.105884
8 14  0.574567  1.146394
8 15  0.565218  1.055153
8 16  0.575776  0.939861
8 17  0.577479  0.992920
8 18  0.367447  0.778822
8 19  0.594791  1.241696
8 20  0.584807  1.161151
8 21  0.533544  0.756116
8 22  0.574962  0.812413
8 23  0.598828  1.108024
8 24  0.571817  0.783312
8 25  0.579680  0.898670
8 26  0.533168  0.788519
9 10  0.509546  0.969372
9 11  0.534137  1.076840
9 12  0.552265  0.858938
9 13  0.549304  1.145335
9 14  0.553011  1.193900
9 15  0.544514  1.096356
9 16  0.505758  0.950740
9 17  0.279179  0.860163
9 18  0.577303  0.982980
9 19  0.574108  1.287187
9 20  0.577327  1.221036
9 21  0.558761  0.841439
9 22  0.554692  0.861390
9 23  0.537447  1.096984
9 24  0.552539  0.831170
9 25  0.571179  0.962557
9 26  0.557856  0.871433
10 11  0.534787  1.036214
10 12  0.554624  0.845347
10 13  0.551994  1.146645
10 14  0.556421  1.180599
10 15  0.543651  1.089013
10 16  0.280156  0.785266
10 17  0.505018  0.972110
10 18  0.579544  0.970321
10 19  0.576748  1.275935
10 20  0.579679  1.209991
10 21  0.561132  0.828890
10 22  0.556987  0.848676
10 23  0.543074  1.096740
10 24  0.554738  0.818302
10 25  0.573670  0.950127
10 26  0.560164  0.858871
11 12  0.536907  0.930892
11 13  0.531619  1.222197
11 14  0.538169  1.260750
11 15  0.252101  1.019544
11 16  0.537013  1.063564
11 17  0.540591  1.108685
11 18  0.560707  1.059924
11 19  0.532533  1.328805
11 20  0.560104  1.297143
11 21  0.543380  0.918935
11 22  0.539304  0.938846
11 23  0.535854  1.195047
11 24  0.537206  0.908963
11 25  0.555606  1.039151
11 26  0.542115  0.948746
12 13  0.548030  0.993885
12 14  0.551795  1.035837
12 15  0.544518  0.942639
12 16  0.553957  0.826680
12 17  0.555608  0.879968
12 18  0.575697  0.821373
12 19  0.573512  1.129251
12 20  0.575097  1.065112
12 21  0.557174  0.680267
12 22  0.279151  0.462674
12 23  0.577166  0.995606
12 24  0.500673  0.629078
12 25  0.524997  0.763918
12 26  0.556289  0.710567
13 14  0.276770  1.208783
13 15  0.541135  1.232400
13 16  0.551012  1.126155
13 17  0.551704  1.179673
13 18  0.573193  1.121456
13 19  0.539367  1.378182
13 20  0.536602  1.310881
13 21  0.554675  0.982727
13 22  0.549756  1.002892
13 23  0.573099  1.292077
13 24  0.548570  0.972941
13 25  0.565620  1.103136
13 26  0.553950  1.011493
14 15  0.542288  1.264252
14 16  0.555700  1.161877
14 17  0.556886  1.189119
14 18  0.576488  1.152133
14 19  0.547991  1.392933
14 20  0.546500  1.345201
14 21  0.559365  1.013536
14 22  0.554715  1.027448
14 23  0.575832  1.258189
14 24  0.552967  1.008035
14 25  0.569469  1.098922
14 26  0.558418  1.047394
15 16  0.541501  1.028365
15 17  0.544320  1.110202
15 18  0.569192  1.050704
15 19  0.544856  1.318246
15 20  0.565634  1.240709
15 21  0.550898  0.923302
15 22  0.546869  0.942035
15 23  0.549068  1.205619
15 24  0.544827  0.912227
15 25  0.563449  1.045491
15 26  0.549985  0.946359
16 17  0.511987  0.970628
16 18  0.578999  0.941951
16 19  0.573190  1.215147
16 20  0.579413  1.178844
16 21  0.560469  0.809098
16 22  0.556325  0.829222
16 23  0.551370  1.110751
16 24  0.553997  0.798907
16 25  0.572883  0.928956
16 26  0.559612  0.836409
17 18  0.580601  0.997345
17 19  0.574454  1.243237
17 20  0.581019  1.243123
17 21  0.562079  0.862069
17 22  0.557954  0.880538
17 23  0.550601  1.133041
17 24  0.555872  0.852320
17 25  0.574548  0.973558
17 26  0.561220  0.891974
18 19  0.597113  1.213488
18 20  0.592025  1.159684
18 21  0.547092  0.786540
18 22  0.576564  0.821892
18 23  0.602262  1.118669
18 24  0.573675  0.785928
18 25  0.587013  0.914521
18 26  0.546287  0.801978
19 20  0.583218  1.469471
19 21  0.580207  1.112837
19 22  0.576072  1.131699
19 23  0.590321  1.398233
19 24  0.574064  1.101579
19 25  0.591606  1.208951
19 26  0.579163  1.137223
20 21  0.580787  1.038723
20 22  0.576012  1.046956
20 23  0.600997  1.311529
20 24  0.574404  1.027373
20 25  0.588180  1.150371
20 26  0.578717  1.052852
21 22  0.559612  0.681647
21 23  0.583747  0.975326
21 24  0.557286  0.652514
21 25  0.573653  0.775130
21 26  0.514374  0.655386
22 23  0.579631  0.990189
22 24  0.506386  0.635441
22 25  0.537624  0.772512
22 26  0.558880  0.709996
23 24  0.577540  0.966599
23 25  0.596204  1.084029
23 26  0.582872  1.005294
24 25  0.537579  0.756622
24 26  0.556715  0.681556
25 26  0.573554  0.811042
