   -993.90087689
   -994.21791292     -994.09682538
0.00008998598595
2 2 2 2 2 2 2 2 2 2 2 2 2 0 0 0 0 0 0 0 0 0 0 0 0 0 
1  0.273180  0.456485
2  0.270214  0.432246
3  0.306326  0.630360
4  0.318130  0.459838
5  0.313826  0.442300
6  0.311076  0.631814
7  0.282575  0.372187
8  0.314329  0.676563
9  0.284871  0.384617
10  0.287121  0.362180
11  0.316742  0.829209
12  0.285258  0.363455
13  0.307989  0.674865
14  0.281196  0.463672
15  0.278043  0.441295
16  0.314058  0.794067
17  0.319966  0.479501
18  0.316324  0.463252
19  0.313503  0.613982
20  0.317685  0.650382
21  0.287038  0.357805
22  0.288413  0.353019
23  0.308827  0.653748
24  0.311262  0.702702
25  0.284777  0.382241
26  0.287633  0.400033
1 2  0.543230  0.873634
1 3  0.576292  1.077082
1 4  0.591269  0.912960
1 5  0.569518  0.878003
1 6  0.582984  1.056890
1 7  0.552052  0.819843
1 8  0.564654  1.045246
1 9  0.558050  0.839742
1 10  0.554677  0.801629
1 11  0.587902  1.253939
1 12  0.558437  0.816772
1 13  0.580515  1.126887
1 14  0.257502  0.692965
1 15  0.550496  0.896960
1 16  0.581102  1.240776
1 17  0.593102  0.935439
1 18  0.568756  0.900239
1 19  0.585864  1.068594
1 20  0.569764  1.103420
1 21  0.560143  0.814107
1 22  0.556944  0.807193
1 23  0.579347  1.095533
1 24  0.584276  1.154467
1 25  0.556940  0.834942
1 26  0.560761  0.856181
2 3  0.575480  1.050693
2 4  0.569752  0.871059
2 5  0.583981  0.869740
2 6  0.560371  0.994636
2 7  0.552787  0.803480
2 8  0.583115  1.075425
2 9  0.552025  0.811426
2 10  0.557332  0.791734
2 11  0.584061  1.238158
2 12  0.550381  0.782036
2 13  0.575525  1.102808
2 14  0.550678  0.895103
2 15  0.254343  0.644813
2 16  0.578345  1.218681
2 17  0.567598  0.890985
2 18  0.586470  0.895126
2 19  0.567462  1.042987
2 20  0.586482  1.080650
2 21  0.553109  0.787395
2 22  0.558555  0.785125
2 23  0.578784  1.083719
2 24  0.577865  1.118129
2 25  0.554938  0.814266
2 26  0.556855  0.827233
3 4  0.623698  1.066331
3 5  0.609558  1.024776
3 6  0.607894  1.213798
3 7  0.586969  0.992634
3 8  0.584374  1.279398
3 9  0.591091  1.010310
3 10  0.592551  0.991013
3 11  0.605184  1.425104
3 12  0.591568  0.993291
3 13  0.606738  1.233905
3 14  0.584342  1.078923
3 15  0.584145  1.069560
3 16  0.596294  1.374261
3 17  0.626087  1.108360
3 18  0.614672  1.091439
3 19  0.617923  1.240338
3 20  0.584395  1.227943
3 21  0.593184  0.987766
3 22  0.594251  0.981747
3 23  0.361589  1.161082
3 24  0.614864  1.325874
3 25  0.589353  1.011309
3 26  0.593627  1.029616
4 5  0.631910  0.895225
4 6  0.626838  1.073648
4 7  0.600696  0.831002
4 8  0.632022  1.127925
4 9  0.565854  0.813900
4 10  0.605249  0.821909
4 11  0.634090  1.281192
4 12  0.567018  0.804116
4 13  0.615510  1.083256
4 14  0.599289  0.923058
4 15  0.574058  0.880603
4 16  0.628404  1.246444
4 17  0.396604  0.781061
4 18  0.634377  0.922729
4 19  0.629314  1.070398
4 20  0.635692  1.109113
4 21  0.558362  0.773854
4 22  0.606488  0.812764
4 23  0.626725  1.112174
4 24  0.618604  1.159153
4 25  0.602782  0.841909
4 26  0.560035  0.819806
5 6  0.624155  1.057537
5 7  0.561076  0.789384
5 8  0.626500  1.107360
5 9  0.598688  0.826009
5 10  0.563030  0.780906
5 11  0.629361  1.267030
5 12  0.599081  0.805655
5 13  0.621104  1.098801
5 14  0.575264  0.887444
5 15  0.591826  0.883291
5 16  0.624154  1.229819
5 17  0.633710  0.921456
5 18  0.392363  0.744604
5 19  0.627277  1.055586
5 20  0.628381  1.088184
5 21  0.600791  0.800008
5 22  0.554181  0.749870
5 23  0.613839  1.093581
5 24  0.624522  1.143766
5 25  0.554552  0.783227
5 26  0.601326  0.842150
6 7  0.593617  1.003146
6 8  0.617422  1.233672
6 9  0.595666  1.013865
6 10  0.598167  0.989793
6 11  0.608718  1.423826
6 12  0.596054  0.987548
6 13  0.582948  1.279657
6 14  0.591410  1.093379
6 15  0.572132  1.069153
6 16  0.600543  1.375376
6 17  0.627977  1.105891
6 18  0.627355  1.094151
6 19  0.372362  1.121044
6 20  0.625984  1.276725
6 21  0.597756  0.988677
6 22  0.599368  0.984286
6 23  0.617979  1.280537
6 24  0.583647  1.279705
6 25  0.595669  1.013263
6 26  0.598531  1.028846
7 8  0.596273  1.039828
7 9  0.567444  0.754680
7 10  0.521814  0.692454
7 11  0.598643  1.179429
7 12  0.567831  0.734244
7 13  0.590442  1.040383
7 14  0.562369  0.832876
7 15  0.560495  0.813302
7 16  0.596414  1.165154
7 17  0.602382  0.851522
7 18  0.553879  0.791508
7 19  0.595753  0.985508
7 20  0.600084  1.021539
7 21  0.569607  0.729937
7 22  0.518465  0.684345
7 23  0.589806  1.024410
7 24  0.593431  1.074271
7 25  0.292567  0.526994
7 26  0.570172  0.772106
8 9  0.599175  1.058371
8 10  0.601051  1.024423
8 11  0.608431  1.420148
8 12  0.599552  1.033285
8 13  0.617149  1.336733
8 14  0.573234  1.135990
8 15  0.590985  1.115565
8 16  0.600038  1.424892
8 17  0.634134  1.154544
8 18  0.626701  1.132745
8 19  0.625263  1.285198
8 20  0.380322  1.208563
8 21  0.601246  1.033762
8 22  0.602335  1.029014
8 23  0.584342  1.275785
8 24  0.623675  1.362058
8 25  0.598988  1.056926
8 26  0.601877  1.075471
9 10  0.571990  0.745575
9 11  0.601062  1.189000
9 12  0.522223  0.705548
9 13  0.590258  1.036885
9 14  0.565950  0.848028
9 15  0.561561  0.821727
9 16  0.598692  1.177408
9 17  0.558564  0.821396
9 18  0.601024  0.847699
9 19  0.598134  0.996665
9 20  0.602369  1.034174
9 21  0.519336  0.703245
9 22  0.573281  0.737580
9 23  0.593284  1.037646
9 24  0.594290  1.086390
9 25  0.569614  0.766746
9 26  0.294721  0.559169
10 11  0.603634  1.175922
10 12  0.572376  0.724358
10 13  0.595093  1.035749
10 14  0.563170  0.823677
10 15  0.565026  0.803326
10 16  0.601050  1.155548
10 17  0.607014  0.841566
10 18  0.557933  0.784030
10 19  0.600405  0.975673
10 20  0.604231  1.012093
10 21  0.574158  0.719943
10 22  0.295082  0.473048
10 23  0.595541  1.013885
10 24  0.598284  1.064478
10 25  0.517760  0.699330
10 26  0.574750  0.762142
11 12  0.601655  1.173718
11 13  0.602954  1.422081
11 14  0.591709  1.281618
11 15  0.589079  1.261242
11 16  0.431658  1.567173
11 17  0.632945  1.300434
11 18  0.629503  1.284830
11 19  0.605470  1.388826
11 20  0.605336  1.429758
11 21  0.603734  1.186223
11 22  0.605086  1.181534
11 23  0.601558  1.432193
11 24  0.599274  1.486193
11 25  0.601222  1.210105
11 26  0.604035  1.227714
12 13  0.591920  1.031718
12 14  0.566293  0.826947
12 15  0.558599  0.802247
12 16  0.599237  1.156674
12 17  0.560908  0.802791
12 18  0.601481  0.826595
12 19  0.598256  0.976743
12 20  0.602688  1.013330
12 21  0.293548  0.482508
12 22  0.573670  0.716432
12 23  0.593873  1.016756
12 24  0.596181  1.064852
12 25  0.570031  0.745629
12 26  0.518632  0.719794
13 14  0.588990  1.133834
13 15  0.581867  1.098031
13 16  0.593716  1.422690
13 17  0.617955  1.151411
13 18  0.623805  1.136710
13 19  0.582175  1.236948
13 20  0.623731  1.309643
13 21  0.594562  1.031801
13 22  0.596306  1.027589
13 23  0.614249  1.321334
13 24  0.368787  1.261033
13 25  0.592408  1.056474
13 26  0.593530  1.074059
14 15  0.558992  0.889495
14 16  0.592820  1.230028
14 17  0.601105  0.939708
14 18  0.577018  0.904418
14 19  0.593170  1.047007
14 20  0.574198  1.028610
14 21  0.568233  0.819835
14 22  0.563922  0.803592
14 23  0.586704  1.107530
14 24  0.591603  1.161427
14 25  0.561395  0.839712
14 26  0.568826  0.863058
15 16  0.588803  1.215078
15 17  0.576703  0.897884
15 18  0.594284  0.899368
15 19  0.568564  0.986305
15 20  0.593973  1.058765
15 21  0.559962  0.789082
15 22  0.566456  0.792966
15 23  0.585540  1.082779
15 24  0.586374  1.138848
15 25  0.562817  0.823183
15 26  0.561755  0.837473
16 17  0.633086  1.261480
16 18  0.629006  1.249238
16 19  0.608894  1.380118
16 20  0.610109  1.375280
16 21  0.600720  1.134902
16 22  0.602186  1.133822
16 23  0.605324  1.403552
16 24  0.604645  1.406361
16 25  0.598091  1.154349
16 26  0.601116  1.169084
17 18  0.636221  0.933105
17 19  0.631089  1.073960
17 20  0.637116  1.121203
17 21  0.571526  0.820506
17 22  0.608376  0.832165
17 23  0.627908  1.103256
17 24  0.620113  1.118729
17 25  0.604729  0.859102
17 26  0.570372  0.841125
18 19  0.628908  1.058850
18 20  0.632389  1.102199
18 21  0.603357  0.820646
18 22  0.567867  0.796560
18 23  0.613839  1.058737
18 24  0.626711  1.140593
18 25  0.565480  0.814229
18 26  0.603945  0.860705
19 20  0.622671  1.194135
19 21  0.600318  0.968679
19 22  0.601897  0.965450
19 23  0.611503  1.217392
19 24  0.586752  1.283941
19 25  0.598220  0.995557
19 26  0.600807  1.012729
20 21  0.604697  1.004963
20 22  0.605744  0.995265
20 23  0.588226  1.275541
20 24  0.622790  1.337711
20 25  0.601802  1.027981
20 26  0.605280  1.049146
21 22  0.575449  0.709955
21 23  0.595832  1.009746
21 24  0.596092  1.049155
21 25  0.571814  0.738659
21 26  0.526181  0.714907
22 23  0.595869  1.003355
22 24  0.599646  1.053248
22 25  0.524756  0.693877
22 26  0.576046  0.751885
23 24  0.612198  1.269118
23 25  0.591157  1.018040
23 26  0.596331  1.044349
24 25  0.595888  1.073934
24 26  0.595682  1.070116
25 26  0.572409  0.779535
