   -841.24811552
   -841.51328854     -841.38379084
0.00007521820428
2 2 2 2 2 2 2 2 2 2 2 0 0 0 0 0 0 0 0 0 0 0 
1  0.301037  0.513177
2  0.304141  0.658332
3  0.303639  0.708161
4  0.319443  0.674202
5  0.275345  0.371774
6  0.308164  0.754869
7  0.278163  0.387967
8  0.270105  0.514461
9  0.288133  0.529368
10  0.277215  0.465664
11  0.268614  0.564772
12  0.277097  0.584121
13  0.280728  0.490319
14  0.289372  0.520644
15  0.275827  0.540405
16  0.280553  0.379143
17  0.277888  0.374718
18  0.304377  0.626047
19  0.302093  0.505280
20  0.320563  0.688822
21  0.309185  0.742816
22  0.305615  0.711289
1 2  0.605054  1.152217
1 3  0.604124  1.209762
1 4  0.606469  1.176605
1 5  0.548380  0.866061
1 6  0.609052  1.239369
1 7  0.550430  0.876488
1 8  0.550508  0.997781
1 9  0.589151  1.032041
1 10  0.578242  0.977740
1 11  0.567415  1.045658
1 12  0.575234  1.095574
1 13  0.581590  1.002506
1 14  0.590154  1.032517
1 15  0.549450  1.020807
1 16  0.542578  0.851963
1 17  0.542240  0.850009
1 18  0.605040  1.137075
1 19  0.373759  0.880546
1 20  0.599470  1.167452
1 21  0.610154  1.252062
1 22  0.606410  1.222077
2 3  0.572221  1.346540
2 4  0.620305  1.291719
2 5  0.579445  1.024152
2 6  0.586050  1.362550
2 7  0.582280  1.045423
2 8  0.574010  1.167731
2 9  0.584576  1.126812
2 10  0.571680  1.084901
2 11  0.555535  1.123522
2 12  0.567948  1.238018
2 13  0.582484  1.144468
2 14  0.590813  1.175553
2 15  0.579770  1.193351
2 16  0.584671  1.036926
2 17  0.581845  1.032420
2 18  0.368155  1.151394
2 19  0.605820  1.161338
2 20  0.622068  1.335937
2 21  0.580338  1.343520
2 22  0.570190  1.314637
3 4  0.611209  1.300972
3 5  0.578879  1.074014
3 6  0.584834  1.379432
3 7  0.581611  1.079933
3 8  0.571859  1.173876
3 9  0.587539  1.230230
3 10  0.573864  1.135040
3 11  0.568617  1.267199
3 12  0.575036  1.258225
3 13  0.580867  1.195417
3 14  0.590396  1.213337
3 15  0.576821  1.243988
3 16  0.583662  1.086277
3 17  0.581398  1.082127
3 18  0.566199  1.272593
3 19  0.605353  1.211371
3 20  0.611437  1.384735
3 21  0.580253  1.412539
3 22  0.376385  1.311902
4 5  0.589684  1.019061
4 6  0.626507  1.417550
4 7  0.594594  1.045979
4 8  0.560340  1.145789
4 9  0.607067  1.188669
4 10  0.595769  1.110887
4 11  0.563703  1.191262
4 12  0.569669  1.219037
4 13  0.599724  1.161572
4 14  0.608682  1.191776
4 15  0.560224  1.173367
4 16  0.599134  1.051367
4 17  0.595283  1.048035
4 18  0.621300  1.289476
4 19  0.599095  1.142765
4 20  0.388279  1.262618
4 21  0.624334  1.397718
4 22  0.612720  1.374437
5 6  0.583495  1.125601
5 7  0.507750  0.726409
5 8  0.540888  0.876078
5 9  0.563470  0.898497
5 10  0.552553  0.834049
5 11  0.543359  0.929941
5 12  0.550952  0.955047
5 13  0.556069  0.861772
5 14  0.564682  0.892054
5 15  0.550020  0.909302
5 16  0.504773  0.705980
5 17  0.276251  0.516037
5 18  0.579622  0.997280
5 19  0.540642  0.836444
5 20  0.594224  1.059890
5 21  0.584270  1.113630
5 22  0.580689  1.082429
6 7  0.586309  1.136099
6 8  0.577962  1.236138
6 9  0.572389  1.217027
6 10  0.570472  1.211567
6 11  0.572653  1.279503
6 12  0.578931  1.326362
6 13  0.566372  1.201635
6 14  0.564776  1.240657
6 15  0.583618  1.290243
6 16  0.588547  1.132945
6 17  0.585849  1.128552
6 18  0.582567  1.337629
6 19  0.610212  1.256146
6 20  0.624592  1.423575
6 21  0.408843  1.417516
6 22  0.578584  1.415219
7 8  0.541908  0.875020
7 9  0.566286  0.916832
7 10  0.555367  0.850749
7 11  0.546594  0.951988
7 12  0.554985  0.969807
7 13  0.558809  0.877901
7 14  0.567527  0.908247
7 15  0.550163  0.927455
7 16  0.275820  0.533028
7 17  0.504993  0.714757
7 18  0.582526  1.013442
7 19  0.542342  0.855427
7 20  0.597806  1.074360
7 21  0.587167  1.129552
7 22  0.583087  1.098111
8 9  0.558215  1.040652
8 10  0.547234  0.974745
8 11  0.536843  1.070441
8 12  0.546340  1.087296
8 13  0.550296  1.003554
8 14  0.559275  1.033474
8 15  0.268388  0.868063
8 16  0.547353  0.892854
8 17  0.546926  0.885366
8 18  0.574288  1.136983
8 19  0.545285  0.992541
8 20  0.555492  1.158626
8 21  0.578967  1.252454
8 22  0.573230  1.221721
9 10  0.522077  0.966641
9 11  0.555290  1.056677
9 12  0.563727  1.110513
9 13  0.519318  0.969028
9 14  0.279536  0.840527
9 15  0.563866  1.067760
9 16  0.568683  0.908166
9 17  0.565954  0.903674
9 18  0.589629  1.152432
9 19  0.590007  1.033338
9 20  0.608475  1.214724
9 21  0.565788  1.240114
9 22  0.591349  1.225165
10 11  0.544947  1.015610
10 12  0.554146  1.047842
10 13  0.270539  0.751189
10 14  0.518896  0.941452
10 15  0.552635  1.004855
10 16  0.557738  0.844519
10 17  0.555100  0.840106
10 18  0.579649  1.088882
10 19  0.579109  0.970128
10 20  0.597427  1.151812
10 21  0.561323  1.166138
10 22  0.579479  1.174057
11 12  0.259234  0.976402
11 13  0.549208  1.052732
11 14  0.556764  1.082673
11 15  0.543747  1.092771
11 16  0.548736  0.942307
11 17  0.544796  0.938837
11 18  0.559254  1.186997
11 19  0.568175  1.068450
11 20  0.562627  1.215853
11 21  0.571407  1.294864
11 22  0.569832  1.249131
12 13  0.556733  1.059995
12 14  0.564815  1.067041
12 15  0.550121  1.117970
12 16  0.557347  0.962626
12 17  0.554218  0.949563
12 18  0.561185  1.110324
12 19  0.576753  1.059737
12 20  0.571129  1.218738
12 21  0.581859  1.293423
12 22  0.579068  1.287943
13 14  0.525648  0.984093
13 15  0.556419  1.019964
13 16  0.561272  0.866328
13 17  0.558610  0.862158
13 18  0.575196  1.083846
13 19  0.582801  0.994571
13 20  0.600264  1.144193
13 21  0.572944  1.214338
13 22  0.578684  1.147675
14 15  0.565156  1.058866
14 16  0.569916  0.899383
14 17  0.567253  0.892286
14 18  0.585740  1.088832
14 19  0.591448  1.017869
14 20  0.609264  1.193873
14 21  0.575638  1.211706
14 22  0.589340  1.223193
15 16  0.549487  0.892026
15 17  0.547847  0.904979
15 18  0.579893  1.162145
15 19  0.555864  1.015520
15 20  0.566163  1.171494
15 21  0.584590  1.245689
15 22  0.579119  1.193843
16 17  0.512135  0.721867
16 18  0.584916  1.004611
16 19  0.553995  0.859530
16 20  0.597260  1.051710
16 21  0.589720  1.115731
16 22  0.586017  1.077191
17 18  0.582234  0.995164
17 19  0.551614  0.858111
17 20  0.592947  1.037005
17 21  0.587055  1.116431
17 22  0.583399  1.081893
18 19  0.606350  1.116247
18 20  0.621938  1.279813
18 21  0.588490  1.326008
18 22  0.572123  1.315781
19 20  0.609572  1.185783
19 21  0.611079  1.220447
19 22  0.606764  1.203475
20 21  0.628434  1.415789
20 22  0.614225  1.306148
21 22  0.589419  1.365693
