   -841.24811552
   -841.51396820     -841.38542182
0.00002115638548
2 2 2 2 2 2 2 2 2 2 2 0 0 0 0 0 0 0 0 0 0 0 
1  0.302664  0.519089
2  0.307241  0.657452
3  0.306570  0.707048
4  0.321954  0.678007
5  0.276300  0.375841
6  0.310608  0.752370
7  0.279115  0.392907
8  0.271803  0.520936
9  0.289347  0.531689
10  0.278749  0.467942
11  0.271286  0.568708
12  0.279796  0.588017
13  0.282279  0.492562
14  0.290738  0.522573
15  0.277609  0.546953
16  0.281514  0.383911
17  0.278884  0.378730
18  0.307449  0.625126
19  0.303658  0.511179
20  0.323064  0.692572
21  0.311476  0.740671
22  0.308538  0.709998
1 2  0.609764  1.156810
1 3  0.608599  1.214192
1 4  0.610417  1.185960
1 5  0.550937  0.876105
1 6  0.613099  1.241634
1 7  0.553117  0.887067
1 8  0.553799  1.009440
1 9  0.591991  1.039589
1 10  0.581401  0.985917
1 11  0.571624  1.054499
1 12  0.579507  1.105366
1 13  0.584724  1.010663
1 14  0.593081  1.040376
1 15  0.552869  1.033661
1 16  0.545182  0.863134
1 17  0.544814  0.860297
1 18  0.609733  1.142060
1 19  0.376648  0.893963
1 20  0.603475  1.176787
1 21  0.614067  1.255842
1 22  0.610928  1.226671
2 3  0.578063  1.344996
2 4  0.625849  1.294562
2 5  0.583498  1.026895
2 6  0.591424  1.360220
2 7  0.586326  1.049453
2 8  0.578783  1.173232
2 9  0.588767  1.128639
2 10  0.576083  1.086160
2 11  0.560384  1.125941
2 12  0.573267  1.240971
2 13  0.587067  1.145894
2 14  0.595211  1.176745
2 15  0.584616  1.198855
2 16  0.588729  1.040787
2 17  0.585893  1.035548
2 18  0.373358  1.148428
2 19  0.610490  1.166351
2 20  0.627596  1.339249
2 21  0.585604  1.341936
2 22  0.576046  1.313863
3 4  0.616282  1.303570
3 5  0.582757  1.076678
3 6  0.589743  1.376495
3 7  0.585498  1.082829
3 8  0.576382  1.178362
3 9  0.591574  1.231354
3 10  0.578144  1.135877
3 11  0.574175  1.270193
3 12  0.580683  1.261952
3 13  0.585265  1.196640
3 14  0.594668  1.214452
3 15  0.581491  1.249524
3 16  0.587494  1.089949
3 17  0.585311  1.085007
3 18  0.571931  1.272088
3 19  0.609809  1.216165
3 20  0.616738  1.387365
3 21  0.585067  1.410056
3 22  0.381608  1.309130
4 5  0.593058  1.025773
4 6  0.631407  1.419162
4 7  0.597973  1.054020
4 8  0.564357  1.155583
4 9  0.610748  1.194262
4 10  0.599741  1.116136
4 11  0.568761  1.198815
4 12  0.574887  1.227580
4 13  0.603742  1.167671
4 14  0.612551  1.197502
4 15  0.564425  1.183862
4 16  0.602583  1.059858
4 17  0.598796  1.055856
4 18  0.626865  1.292751
4 19  0.602982  1.152074
4 20  0.392965  1.270878
4 21  0.629004  1.399272
4 22  0.617951  1.376845
5 6  0.586891  1.127138
5 7  0.509587  0.735790
5 8  0.543466  0.886238
5 9  0.565630  0.904519
5 10  0.555032  0.839985
5 11  0.546957  0.937574
5 12  0.554553  0.962962
5 13  0.558573  0.868063
5 14  0.566998  0.898043
5 15  0.552730  0.919901
5 16  0.506683  0.715491
5 17  0.277996  0.525020
5 18  0.583626  1.000419
5 19  0.543145  0.846776
5 20  0.597668  1.067715
5 21  0.587482  1.115530
5 22  0.584543  1.085191
6 7  0.589704  1.137971
6 8  0.582046  1.239184
6 9  0.576129  1.217217
6 10  0.574455  1.211309
6 11  0.577577  1.280847
6 12  0.584011  1.327858
6 13  0.570419  1.202190
6 14  0.568616  1.240547
6 15  0.587778  1.294288
6 16  0.591912  1.135198
6 17  0.589248  1.130061
6 18  0.587844  1.335130
6 19  0.614210  1.259536
6 20  0.629377  1.424743
6 21  0.413254  1.412921
6 22  0.583508  1.412684
7 8  0.544510  0.885388
7 9  0.568444  0.924053
7 10  0.557844  0.857633
7 11  0.550204  0.960797
7 12  0.558638  0.978454
7 13  0.561288  0.885073
7 14  0.569848  0.915085
7 15  0.552846  0.938970
7 16  0.277514  0.543922
7 17  0.506937  0.724423
7 18  0.586552  1.017425
7 19  0.544876  0.866784
7 20  0.601227  1.082993
7 21  0.590386  1.132299
7 22  0.586857  1.101757
8 9  0.561127  1.049379
8 10  0.550450  0.983171
8 11  0.541158  1.080479
8 12  0.550703  1.097804
8 13  0.553444  1.012300
8 14  0.562293  1.041774
8 15  0.271489  0.881765
8 16  0.549943  0.904118
8 17  0.549597  0.895844
8 18  0.579022  1.142432
8 19  0.548530  1.005219
8 20  0.559665  1.169143
8 21  0.582919  1.256795
8 22  0.577809  1.226989
9 10  0.524686  0.971186
9 11  0.559127  1.062403
9 12  0.567529  1.116809
9 13  0.522164  0.974624
9 14  0.281783  0.844822
9 15  0.566833  1.076491
9 16  0.570857  0.915227
9 17  0.568157  0.909997
9 18  0.593856  1.153945
9 19  0.592748  1.041555
9 20  0.612189  1.220742
9 21  0.569324  1.240713
9 22  0.595478  1.226397
10 11  0.549068  1.021677
10 12  0.558361  1.053987
10 13  0.273305  0.755491
10 14  0.521859  0.946560
10 15  0.555834  1.013719
10 16  0.560229  0.851555
10 17  0.557628  0.846385
10 18  0.584211  1.090268
10 19  0.582152  0.978321
10 20  0.601420  1.157890
10 21  0.565187  1.166945
10 22  0.583874  1.175105
11 12  0.264064  0.983903
11 13  0.553416  1.058845
11 14  0.560685  1.088618
11 15  0.548161  1.103449
11 16  0.552346  0.950849
11 17  0.548378  0.946726
11 18  0.564594  1.189927
11 19  0.572383  1.078286
11 20  0.567777  1.224314
11 21  0.576273  1.296768
11 22  0.575434  1.252478
12 13  0.560905  1.065887
12 14  0.568784  1.072362
12 15  0.554507  1.128147
12 16  0.560976  0.971226
12 17  0.557873  0.956982
12 18  0.566052  1.112612
12 19  0.580956  1.068648
12 20  0.576180  1.225913
12 21  0.586719  1.295143
12 22  0.584635  1.290787
13 14  0.528479  0.988151
13 15  0.559732  1.028183
13 16  0.563775  0.872985
13 17  0.561150  0.868035
13 18  0.579539  1.084949
13 19  0.585914  1.002693
13 20  0.604224  1.149191
13 21  0.576788  1.214381
13 22  0.582997  1.148612
14 15  0.568303  1.067308
14 16  0.572234  0.906057
14 17  0.569608  0.897787
14 18  0.590013  1.090292
14 19  0.594380  1.025051
14 20  0.613076  1.198890
14 21  0.579318  1.211780
14 22  0.593488  1.223738
15 16  0.552197  0.902301
15 17  0.550548  0.915195
15 18  0.584720  1.167697
15 19  0.559170  1.027278
15 20  0.570264  1.181271
15 21  0.588598  1.249080
15 22  0.583692  1.198239
16 17  0.514044  0.731089
16 18  0.588946  1.008455
16 19  0.556619  0.869875
16 20  0.600632  1.059538
16 21  0.592969  1.117839
16 22  0.589907  1.080042
17 18  0.586296  0.997829
17 19  0.554133  0.868027
17 20  0.596365  1.043647
17 21  0.590345  1.118262
17 22  0.587312  1.084387
18 19  0.610975  1.120805
18 20  0.627445  1.282577
18 21  0.593673  1.323696
18 22  0.577960  1.314107
19 20  0.613498  1.195146
19 21  0.614896  1.222985
19 22  0.611149  1.207658
20 21  0.633172  1.417778
20 22  0.619218  1.308562
21 22  0.594274  1.362983
