   -841.24811552
   -841.51411337     -841.38583012
0.00000832346379
2 2 2 2 2 2 2 2 2 2 2 0 0 0 0 0 0 0 0 0 0 0 
1  0.303027  0.520654
2  0.307933  0.657300
3  0.307215  0.706794
4  0.322546  0.679110
5  0.276515  0.376882
6  0.311201  0.751848
7  0.279357  0.394303
8  0.272197  0.522819
9  0.289638  0.532604
10  0.279152  0.468649
11  0.271876  0.569737
12  0.280417  0.589069
13  0.282686  0.493347
14  0.291070  0.523517
15  0.278009  0.548849
16  0.281762  0.385205
17  0.279103  0.379707
18  0.308113  0.625000
19  0.304028  0.512687
20  0.323656  0.693566
21  0.312021  0.740247
22  0.309205  0.709683
1 2  0.610814  1.158084
1 3  0.609587  1.215408
1 4  0.611325  1.188537
1 5  0.551525  0.878752
1 6  0.614047  1.242326
1 7  0.553743  0.889926
1 8  0.554543  1.012695
1 9  0.592644  1.041797
1 10  0.582164  0.988187
1 11  0.572551  1.056844
1 12  0.580490  1.107981
1 13  0.585481  1.013023
1 14  0.593746  1.042912
1 15  0.553619  1.037294
1 16  0.545783  0.866185
1 17  0.545412  0.862967
1 18  0.610767  1.143495
1 19  0.377351  0.897412
1 20  0.604402  1.179295
1 21  0.614972  1.256994
1 22  0.611950  1.227904
2 3  0.579343  1.344694
2 4  0.627123  1.295488
2 5  0.584403  1.027674
2 6  0.592664  1.359811
2 7  0.587259  1.050699
2 8  0.579861  1.174918
2 9  0.589749  1.129477
2 10  0.577141  1.086676
2 11  0.561467  1.126558
2 12  0.574472  1.241851
2 13  0.588153  1.146549
2 14  0.596227  1.177577
2 15  0.585699  1.200555
2 16  0.589669  1.041919
2 17  0.586795  1.036376
2 18  0.374508  1.147928
2 19  0.611554  1.167693
2 20  0.628866  1.340238
2 21  0.586809  1.341744
2 22  0.577349  1.313765
3 4  0.617432  1.304332
3 5  0.583616  1.077368
3 6  0.590874  1.375850
3 7  0.586387  1.083704
3 8  0.577401  1.179758
3 9  0.592500  1.231998
3 10  0.579149  1.136254
3 11  0.575401  1.271008
3 12  0.581946  1.263019
3 13  0.586302  1.197200
3 14  0.595645  1.215219
3 15  0.582539  1.251203
3 16  0.588363  1.090998
3 17  0.586175  1.085727
3 18  0.573181  1.272112
3 19  0.610812  1.217421
3 20  0.617933  1.388078
3 21  0.586159  1.409613
3 22  0.382798  1.308419
4 5  0.593843  1.027647
4 6  0.632578  1.419827
4 7  0.598789  1.056340
4 8  0.565313  1.158422
4 9  0.611617  1.196127
4 10  0.600712  1.117608
4 11  0.569905  1.200866
4 12  0.576092  1.229982
4 13  0.604724  1.169578
4 14  0.613472  1.199529
4 15  0.565396  1.186969
4 16  0.603415  1.062236
4 17  0.599602  1.057937
4 18  0.628108  1.293850
4 19  0.603909  1.154606
4 20  0.394111  1.273123
4 21  0.630119  1.399883
4 22  0.619153  1.377582
5 6  0.587699  1.127654
5 7  0.510033  0.738336
5 8  0.544068  0.889055
5 9  0.566134  0.906353
5 10  0.555648  0.841560
5 11  0.547754  0.939568
5 12  0.555357  0.965044
5 13  0.559195  0.869885
5 14  0.567542  0.900031
5 15  0.553343  0.922847
5 16  0.507138  0.718054
5 17  0.278393  0.527220
5 18  0.584500  1.001332
5 19  0.543743  0.849472
5 20  0.598473  1.069757
5 21  0.588229  1.116149
5 22  0.585427  1.085915
6 7  0.590539  1.138639
6 8  0.583022  1.240211
6 9  0.577040  1.217616
6 10  0.575446  1.211492
6 11  0.578723  1.281387
6 12  0.585226  1.328400
6 13  0.571403  1.202704
6 14  0.569537  1.241140
6 15  0.588761  1.295672
6 16  0.592737  1.135970
6 17  0.590052  1.130519
6 18  0.589062  1.334713
6 19  0.615170  1.260528
6 20  0.630529  1.425155
6 21  0.414293  1.412032
6 22  0.584666  1.412217
7 8  0.545138  0.888371
7 9  0.568974  0.926350
7 10  0.558486  0.859607
7 11  0.551032  0.963205
7 12  0.559503  0.980850
7 13  0.561927  0.887257
7 14  0.570422  0.917415
7 15  0.553475  0.942275
7 16  0.277972  0.546888
7 17  0.507388  0.727032
7 18  0.587459  1.018689
7 19  0.545480  0.869905
7 20  0.602051  1.085361
7 21  0.591164  1.133266
7 22  0.587738  1.102846
8 9  0.561811  1.052132
8 10  0.551240  0.985625
8 11  0.542130  1.083324
8 12  0.551709  1.100786
8 13  0.554197  1.014976
8 14  0.563006  1.044552
8 15  0.272149  0.885710
8 16  0.550575  0.907305
8 17  0.550204  0.898711
8 18  0.580077  1.144164
8 19  0.549278  1.008750
8 20  0.560650  1.172179
8 21  0.583852  1.258260
8 22  0.578867  1.228583
9 10  0.525318  0.972811
9 11  0.559991  1.064180
9 12  0.568405  1.118809
9 13  0.522850  0.976715
9 14  0.282336  0.846679
9 15  0.567521  1.079225
9 16  0.571396  0.917426
9 17  0.568657  0.911890
9 18  0.594809  1.154772
9 19  0.593385  1.043999
9 20  0.613067  1.222622
9 21  0.570159  1.241369
9 22  0.596440  1.227105
10 11  0.550041  1.023299
10 12  0.559383  1.055733
10 13  0.273992  0.757017
10 14  0.522584  0.948582
10 15  0.556588  1.016329
10 16  0.560874  0.853556
10 17  0.558250  0.848064
10 18  0.585262  1.090862
10 19  0.582913  0.980545
10 20  0.602396  1.159608
10 21  0.566134  1.167430
10 22  0.584930  1.175527
11 12  0.265188  0.985906
11 13  0.554413  1.060638
11 14  0.561574  1.090622
11 15  0.549143  1.106445
11 16  0.553187  0.953126
11 17  0.549162  0.948724
11 18  0.565767  1.190827
11 19  0.573338  1.080826
11 20  0.568950  1.226572
11 21  0.577399  1.297390
11 22  0.576685  1.253380
12 13  0.561917  1.067576
12 14  0.569711  1.074146
12 15  0.555510  1.131043
12 16  0.561838  0.973556
12 17  0.558704  0.958884
12 18  0.567128  1.113292
12 19  0.581924  1.071017
12 20  0.577352  1.227803
12 21  0.587857  1.295807
12 22  0.585907  1.291571
13 14  0.529148  0.989872
13 15  0.560528  1.030628
13 16  0.564428  0.874917
13 17  0.561772  0.869633
13 18  0.580563  1.085514
13 19  0.586687  1.004983
13 20  0.605198  1.150565
13 21  0.577739  1.214763
13 22  0.584054  1.149111
14 15  0.569033  1.070136
14 16  0.572813  0.908283
14 17  0.570155  0.899544
14 18  0.591005  1.091175
14 19  0.595082  1.027321
14 20  0.613984  1.200616
14 21  0.580218  1.212294
14 22  0.594453  1.224325
15 16  0.552843  0.905208
15 17  0.551163  0.917985
15 18  0.585775  1.169434
15 19  0.559926  1.030492
15 20  0.571217  1.183993
15 21  0.589527  1.250206
15 22  0.584736  1.199580
16 17  0.514505  0.733489
16 18  0.589857  1.009626
16 19  0.557249  0.872565
16 20  0.601452  1.061653
16 21  0.593762  1.118509
16 22  0.590824  1.080859
17 18  0.587178  0.998560
17 19  0.554728  0.870539
17 20  0.597146  1.045380
17 21  0.591108  1.118815
17 22  0.588196  1.084978
18 19  0.612007  1.122080
18 20  0.628690  1.283413
18 21  0.594846  1.323336
18 22  0.579243  1.313802
19 20  0.614433  1.197594
19 21  0.615805  1.223714
19 22  0.612155  1.208721
20 21  0.634291  1.418455
20 22  0.620370  1.309172
21 22  0.595413  1.362428
