   -841.24811552
   -841.51416351     -841.38597200
0.00000491244727
2 2 2 2 2 2 2 2 2 2 2 0 0 0 0 0 0 0 0 0 0 0 
1  0.303162  0.521268
2  0.308204  0.657200
3  0.307454  0.706632
4  0.322765  0.679480
5  0.276582  0.377366
6  0.311396  0.751686
7  0.279424  0.394935
8  0.272341  0.523505
9  0.289753  0.533044
10  0.279293  0.469055
11  0.272101  0.570094
12  0.280651  0.589433
13  0.282828  0.493759
14  0.291200  0.523950
15  0.278152  0.549585
16  0.281835  0.385779
17  0.279174  0.380154
18  0.308368  0.624882
19  0.304158  0.513289
20  0.323868  0.693923
21  0.312216  0.740113
22  0.309459  0.709509
1 2  0.611219  1.158555
1 3  0.609950  1.215817
1 4  0.611659  1.189489
1 5  0.551735  0.879861
1 6  0.614373  1.242644
1 7  0.553960  0.891121
1 8  0.554822  1.013921
1 9  0.592894  1.042747
1 10  0.582439  0.989210
1 11  0.572902  1.057729
1 12  0.580854  1.108957
1 13  0.585753  1.014048
1 14  0.593996  1.043972
1 15  0.553893  1.038717
1 16  0.545992  0.867449
1 17  0.545626  0.864076
1 18  0.611159  1.143992
1 19  0.377618  0.898779
1 20  0.604736  1.180259
1 21  0.615301  1.257479
1 22  0.612334  1.228342
2 3  0.579832  1.344478
2 4  0.627609  1.295755
2 5  0.584741  1.028003
2 6  0.593121  1.359653
2 7  0.587597  1.051233
2 8  0.580271  1.175494
2 9  0.590132  1.129837
2 10  0.577547  1.086970
2 11  0.561873  1.126734
2 12  0.574927  1.242104
2 13  0.588563  1.146873
2 14  0.596625  1.177923
2 15  0.586110  1.201183
2 16  0.590014  1.042390
2 17  0.587131  1.036727
2 18  0.374953  1.147630
2 19  0.611960  1.168193
2 20  0.629341  1.340548
2 21  0.587266  1.341661
2 22  0.577845  1.313652
3 4  0.617856  1.304531
3 5  0.583921  1.077648
3 6  0.591273  1.375591
3 7  0.586694  1.084061
3 8  0.577779  1.180201
3 9  0.592850  1.232273
3 10  0.579523  1.136451
3 11  0.575858  1.271221
3 12  0.582418  1.263330
3 13  0.586682  1.197464
3 14  0.596016  1.215529
3 15  0.582922  1.251796
3 16  0.588667  1.091415
3 17  0.586483  1.086014
3 18  0.573650  1.271995
3 19  0.611177  1.217862
3 20  0.618365  1.388264
3 21  0.586555  1.409389
3 22  0.383241  1.308036
4 5  0.594122  1.028376
4 6  0.632985  1.420066
4 7  0.599071  1.057274
4 8  0.565661  1.159431
4 9  0.611946  1.196862
4 10  0.601065  1.118249
4 11  0.570333  1.201567
4 12  0.576539  1.230807
4 13  0.605077  1.170370
4 14  0.613819  1.200331
4 15  0.565750  1.188119
4 16  0.603706  1.063173
4 17  0.599891  1.058756
4 18  0.628575  1.294147
4 19  0.604242  1.155558
4 20  0.394530  1.273904
4 21  0.630522  1.400098
4 22  0.619602  1.377755
5 6  0.587961  1.127975
5 7  0.510166  0.739492
5 8  0.544276  0.890186
5 9  0.566314  0.907209
5 10  0.555853  0.842350
5 11  0.548044  0.940371
5 12  0.555648  0.965887
5 13  0.559403  0.870779
5 14  0.567736  0.900949
5 15  0.553552  0.924071
5 16  0.507273  0.719205
5 17  0.278525  0.528237
5 18  0.584819  1.001700
5 19  0.543948  0.850618
5 20  0.598751  1.070600
5 21  0.588486  1.116499
5 22  0.585748  1.086226
6 7  0.590801  1.139017
6 8  0.583355  1.240632
6 9  0.577366  1.217881
6 10  0.575789  1.211728
6 11  0.579132  1.281595
6 12  0.585650  1.328605
6 13  0.571741  1.203048
6 14  0.569866  1.241474
6 15  0.589096  1.296252
6 16  0.592998  1.136388
6 17  0.590314  1.130807
6 18  0.589497  1.334530
6 19  0.615494  1.260974
6 20  0.630926  1.425320
6 21  0.414665  1.411781
6 22  0.585084  1.412004
7 8  0.545353  0.889566
7 9  0.569155  0.927413
7 10  0.558693  0.860565
7 11  0.551322  0.964186
7 12  0.559806  0.981828
7 13  0.562130  0.888303
7 14  0.570620  0.918474
7 15  0.553681  0.943650
7 16  0.278118  0.548196
7 17  0.507523  0.728210
7 18  0.587782  1.019200
7 19  0.545683  0.871227
7 20  0.602328  1.086342
7 21  0.591425  1.133760
7 22  0.588045  1.103309
8 9  0.562068  1.053244
8 10  0.551521  0.986659
8 11  0.542493  1.084345
8 12  0.552084  1.101857
8 13  0.554456  1.016077
8 14  0.563276  1.045649
8 15  0.272405  0.887201
8 16  0.550787  0.908572
8 17  0.550417  0.899850
8 18  0.580474  1.144727
8 19  0.549548  1.010094
8 20  0.561004  1.173288
8 21  0.584189  1.258815
8 22  0.579266  1.229111
9 10  0.525533  0.973668
9 11  0.560333  1.064913
9 12  0.568744  1.119626
9 13  0.523090  0.977698
9 14  0.282546  0.847626
9 15  0.567777  1.080368
9 16  0.571585  0.918438
9 17  0.568836  0.912779
9 18  0.595177  1.155106
9 19  0.593618  1.045053
9 20  0.613391  1.223412
9 21  0.570474  1.241737
9 22  0.596810  1.227417
10 11  0.550399  1.024026
10 12  0.559759  1.056503
10 13  0.274232  0.757884
10 14  0.522837  0.949543
10 15  0.556849  1.017478
10 16  0.561087  0.854536
10 17  0.558462  0.848916
10 18  0.585655  1.091158
10 19  0.583173  0.981556
10 20  0.602743  1.160380
10 21  0.566469  1.167779
10 22  0.585321  1.175768
11 12  0.265618  0.986582
11 13  0.554780  1.061402
11 14  0.561918  1.091427
11 15  0.549508  1.107567
11 16  0.553485  0.954041
11 17  0.549449  0.949524
11 18  0.566211  1.191055
11 19  0.573691  1.081784
11 20  0.569381  1.227368
11 21  0.577812  1.297617
11 22  0.577160  1.253645
12 13  0.562289  1.068305
12 14  0.570071  1.074862
12 15  0.555879  1.132125
12 16  0.562143  0.974487
12 17  0.559005  0.959645
12 18  0.567531  1.113468
12 19  0.582280  1.071913
12 20  0.577780  1.228473
12 21  0.588277  1.296051
12 22  0.586388  1.291785
13 14  0.529385  0.990720
13 15  0.560809  1.031680
13 16  0.564641  0.875828
13 17  0.561982  0.870405
13 18  0.580947  1.085786
13 19  0.586958  1.005996
13 20  0.605546  1.151192
13 21  0.578081  1.215033
13 22  0.584449  1.149341
14 15  0.569306  1.071300
14 16  0.573015  0.909283
14 17  0.570353  0.900337
14 18  0.591391  1.091520
14 19  0.595343  1.028282
14 20  0.614323  1.201323
14 21  0.580555  1.212581
14 22  0.594824  1.224576
15 16  0.553063  0.906402
15 17  0.551375  0.919138
15 18  0.586169  1.170047
15 19  0.560202  1.031753
15 20  0.571560  1.185025
15 21  0.589859  1.250675
15 22  0.585126  1.200045
16 17  0.514646  0.734559
16 18  0.590185  1.010084
16 19  0.557468  0.873693
16 20  0.601733  1.062520
16 21  0.594031  1.118870
16 22  0.591153  1.081201
17 18  0.587503  0.998833
17 19  0.554934  0.871603
17 20  0.597424  1.046074
17 21  0.591374  1.119128
17 22  0.588520  1.085219
18 19  0.612392  1.122531
18 20  0.629152  1.283653
18 21  0.595285  1.323156
18 22  0.579729  1.313569
19 20  0.614760  1.198535
19 21  0.616125  1.224025
19 22  0.612525  1.209094
20 21  0.634691  1.418716
20 22  0.620798  1.309346
21 22  0.595839  1.362197
