   -993.89043946
   -994.20791050     -994.08566252
0.00022998993492
2 2 2 2 2 2 2 2 2 2 2 2 2 0 0 0 0 0 0 0 0 0 0 0 0 0 
1  0.295781  0.617253
2  0.267019  0.470795
3  0.295113  0.460839
4  0.281025  0.409799
5  0.280238  0.349567
6  0.274516  0.337691
7  0.291398  0.477875
8  0.316804  0.590958
9  0.297766  0.466588
10  0.313244  0.695826
11  0.310313  0.642254
12  0.305974  0.444972
13  0.308598  0.756762
14  0.300347  0.650532
15  0.274972  0.472013
16  0.300720  0.489379
17  0.285633  0.424592
18  0.281989  0.348299
19  0.278343  0.351563
20  0.307836  0.726369
21  0.300168  0.437703
22  0.316874  0.587799
23  0.295307  0.513519
24  0.317057  0.661712
25  0.312184  0.651581
26  0.306504  0.446785
1 2  0.561092  1.081490
1 3  0.589085  1.049025
1 4  0.575367  1.009086
1 5  0.575874  0.966244
1 6  0.569977  0.950892
1 7  0.577526  1.044400
1 8  0.600532  1.139413
1 9  0.593046  1.081400
1 10  0.576809  1.285167
1 11  0.599432  1.207843
1 12  0.600337  1.045874
1 13  0.594678  1.357713
1 14  0.334637  1.131196
1 15  0.569194  1.070357
1 16  0.595816  1.104350
1 17  0.581219  1.040592
1 18  0.577637  0.964955
1 19  0.573415  0.968388
1 20  0.589393  1.307769
1 21  0.595582  1.051853
1 22  0.608957  1.202333
1 23  0.582892  1.128627
1 24  0.578230  1.214149
1 25  0.604159  1.263226
1 26  0.600606  1.063087
2 3  0.562058  0.930392
2 4  0.547926  0.872300
2 5  0.546344  0.810288
2 6  0.541098  0.805098
2 7  0.556773  0.946384
2 8  0.583074  1.046850
2 9  0.546339  0.883524
2 10  0.557574  1.068857
2 11  0.577066  1.108676
2 12  0.569874  0.901744
2 13  0.573855  1.179117
2 14  0.566140  1.101978
2 15  0.241951  0.724585
2 16  0.567651  0.958804
2 17  0.552208  0.894787
2 18  0.547406  0.818631
2 19  0.545118  0.821541
2 20  0.569963  1.192486
2 21  0.549751  0.904342
2 22  0.583421  1.055824
2 23  0.560964  0.969905
2 24  0.562356  1.129862
2 25  0.578999  1.117915
2 26  0.568229  0.914059
3 4  0.532319  0.837568
3 5  0.575349  0.810249
3 6  0.569626  0.797734
3 7  0.586404  0.930304
3 8  0.604337  1.022943
3 9  0.592869  0.926738
3 10  0.607342  1.151434
3 11  0.580473  1.030091
3 12  0.601075  0.903155
3 13  0.600859  1.205291
3 14  0.594792  1.109051
3 15  0.570036  0.931730
3 16  0.289020  0.716358
3 17  0.535484  0.848029
3 18  0.577080  0.809031
3 19  0.573403  0.812258
3 20  0.596671  1.170305
3 21  0.595269  0.898202
3 22  0.607989  1.043506
3 23  0.590151  0.973388
3 24  0.611790  1.118491
3 25  0.580968  1.101158
3 26  0.601577  0.907229
4 5  0.561263  0.758827
4 6  0.555540  0.747422
4 7  0.572364  0.884902
4 8  0.579551  0.948126
4 9  0.578779  0.872912
4 10  0.592789  1.083506
4 11  0.585209  1.046847
4 12  0.586991  0.851414
4 13  0.584872  1.156055
4 14  0.581179  1.059038
4 15  0.555576  0.881271
4 16  0.536341  0.861272
4 17  0.275388  0.604602
4 18  0.562986  0.758005
4 19  0.559332  0.761268
4 20  0.582828  1.128058
4 21  0.581117  0.847189
4 22  0.588061  0.994844
4 23  0.576263  0.922789
4 24  0.597186  1.070228
4 25  0.583220  1.043378
4 26  0.587528  0.856312
5 6  0.510668  0.651130
5 7  0.567671  0.822422
5 8  0.597034  0.939785
5 9  0.570938  0.796489
5 10  0.593406  1.036703
5 11  0.590546  0.990685
5 12  0.562191  0.771413
5 13  0.588814  1.099452
5 14  0.580503  0.999474
5 15  0.553493  0.821158
5 16  0.580938  0.838808
5 17  0.565844  0.774052
5 18  0.273283  0.443462
5 19  0.507619  0.655130
5 20  0.588032  1.075355
5 21  0.577424  0.786239
5 22  0.597061  0.937081
5 23  0.574239  0.859293
5 24  0.596933  1.010847
5 25  0.592407  1.000850
5 26  0.554460  0.763332
6 7  0.559511  0.799994
6 8  0.591304  0.928187
6 9  0.566405  0.793085
6 10  0.587691  1.030337
6 11  0.584814  0.977125
6 12  0.560401  0.768001
6 13  0.583063  1.088492
6 14  0.574239  0.987811
6 15  0.549225  0.809139
6 16  0.575177  0.826926
6 17  0.560109  0.762197
6 18  0.507368  0.642645
6 19  0.267625  0.438765
6 20  0.582327  1.063555
6 21  0.573646  0.773547
6 22  0.591247  0.925257
6 23  0.567143  0.850311
6 24  0.591526  0.999102
6 25  0.586601  0.988946
6 26  0.550515  0.750721
7 8  0.607495  1.055895
7 9  0.556798  0.926781
7 10  0.604062  1.171035
7 11  0.601184  1.100552
7 12  0.573058  0.898846
7 13  0.599135  1.218471
7 14  0.582989  1.126127
7 15  0.564428  0.935915
7 16  0.591775  0.966333
7 17  0.576936  0.902010
7 18  0.571922  0.822450
7 19  0.566912  0.828542
7 20  0.597954  1.201618
7 21  0.552077  0.863553
7 22  0.607568  1.064477
7 23  0.336190  0.829569
7 24  0.607858  1.135306
7 25  0.602660  1.127217
7 26  0.568008  0.896499
8 9  0.614501  1.051354
8 10  0.622508  1.240542
8 11  0.592204  1.200944
8 12  0.622652  1.026316
8 13  0.600722  1.332144
8 14  0.613434  1.238192
8 15  0.591292  1.060055
8 16  0.612690  1.073269
8 17  0.592234  1.012353
8 18  0.598727  0.938984
8 19  0.595006  0.942245
8 20  0.595801  1.270456
8 21  0.616853  1.027870
8 22  0.389036  1.013472
8 23  0.611566  1.102920
8 24  0.630839  1.245467
8 25  0.591505  1.206893
8 26  0.623251  1.036925
9 10  0.609372  1.122623
9 11  0.608051  1.106416
9 12  0.579422  0.887389
9 13  0.606222  1.200834
9 14  0.597668  1.112168
9 15  0.555844  0.934920
9 16  0.598446  0.955424
9 17  0.583275  0.890748
9 18  0.577151  0.814064
9 19  0.574881  0.815599
9 20  0.604906  1.190502
9 21  0.344717  0.724080
9 22  0.614471  1.053321
9 23  0.555405  0.929950
9 24  0.611992  1.126579
9 25  0.609939  1.116834
9 26  0.573172  0.877457
10 11  0.619808  1.327523
10 12  0.618983  1.128133
10 13  0.599757  1.342067
10 14  0.579384  1.278182
10 15  0.565856  1.164532
10 16  0.613501  1.179873
10 17  0.597897  1.118896
10 18  0.594924  1.043662
10 19  0.591551  1.046908
10 20  0.595863  1.394090
10 21  0.610490  1.131889
10 22  0.627375  1.275960
10 23  0.607740  1.202134
10 24  0.365144  1.234776
10 25  0.622245  1.325597
10 26  0.618626  1.141002
11 12  0.616205  1.083633
11 13  0.595434  1.320113
11 14  0.607012  1.286802
11 15  0.585001  1.109824
11 16  0.584012  1.120755
11 17  0.585435  1.046071
11 18  0.592280  0.990294
11 19  0.588552  0.993441
11 20  0.588026  1.329647
11 21  0.610474  1.079023
11 22  0.590497  1.196103
11 23  0.604848  1.153125
11 24  0.624057  1.283512
11 25  0.398915  1.148349
11 26  0.616636  1.087965
12 13  0.614485  1.199128
12 14  0.604525  1.094201
12 15  0.575838  0.914218
12 16  0.606661  0.933910
12 17  0.591607  0.869263
12 18  0.554470  0.757589
12 19  0.555376  0.763319
12 20  0.613082  1.169595
12 21  0.576789  0.851006
12 22  0.622791  1.032002
12 23  0.569234  0.926449
12 24  0.621957  1.105510
12 25  0.617985  1.095503
12 26  0.395282  0.749689
13 14  0.594310  1.369152
13 15  0.578638  1.223508
13 16  0.602842  1.227776
13 17  0.588547  1.171988
13 18  0.590570  1.104426
13 19  0.586892  1.107625
13 20  0.416827  1.379110
13 21  0.608165  1.192276
13 22  0.596883  1.296452
13 23  0.602498  1.266584
13 24  0.599507  1.387888
13 25  0.591021  1.371462
13 26  0.614335  1.201519
14 15  0.573335  1.116636
14 16  0.598985  1.102698
14 17  0.584253  1.055017
14 18  0.582146  0.997826
14 19  0.578278  0.994610
14 20  0.598448  1.354955
14 21  0.599889  1.086387
14 22  0.603849  1.164219
14 23  0.583944  1.095772
14 24  0.583279  1.285035
14 25  0.605446  1.236767
14 26  0.605111  1.075668
15 16  0.575569  0.960130
15 17  0.560416  0.887857
15 18  0.555883  0.811314
15 19  0.552786  0.820857
15 20  0.580668  1.153656
15 21  0.554458  0.862215
15 22  0.591003  1.045423
15 23  0.568288  0.983068
15 24  0.566951  1.042678
15 25  0.586789  1.119438
15 26  0.578035  0.907545
16 17  0.540604  0.878609
16 18  0.582706  0.837382
16 19  0.579058  0.839328
16 20  0.605127  1.200270
16 21  0.600876  0.926476
16 22  0.609867  1.044254
16 23  0.595873  0.990173
16 24  0.616411  1.145688
16 25  0.586750  1.055774
16 26  0.607206  0.932053
17 18  0.567621  0.772528
17 19  0.563974  0.775995
17 20  0.588061  1.140411
17 21  0.585786  0.859496
17 22  0.582735  0.955503
17 23  0.580846  0.933995
17 24  0.600767  1.062947
17 25  0.591348  1.069642
17 26  0.592122  0.867695
18 19  0.515250  0.663467
18 20  0.589790  1.068388
18 21  0.574676  0.767892
18 22  0.598853  0.935703
18 23  0.571813  0.854752
18 24  0.598945  1.003483
18 25  0.594164  0.998442
18 26  0.565100  0.776028
19 20  0.586110  1.071248
19 21  0.571699  0.779004
19 22  0.595192  0.938236
19 23  0.566826  0.844292
19 24  0.595307  1.011048
19 25  0.590506  0.998822
19 26  0.563492  0.779298
20 21  0.607905  1.149204
20 22  0.599968  1.299834
20 23  0.602146  1.219956
20 24  0.603457  1.293734
20 25  0.597742  1.299080
20 26  0.614210  1.171358
21 22  0.616960  1.020898
21 23  0.561354  0.932517
21 24  0.615764  1.071936
21 25  0.612315  1.087562
21 26  0.582792  0.863464
22 23  0.611209  1.083672
22 24  0.626119  1.204691
22 25  0.593293  1.201248
22 26  0.623202  1.023847
23 24  0.611697  1.172270
23 25  0.606868  1.138316
23 26  0.578467  0.929527
24 25  0.624968  1.304228
24 26  0.623367  1.099679
25 26  0.618582  1.092243
