   -993.89043946
   -994.21116636     -994.09316544
0.00009813516747
2 2 2 2 2 2 2 2 2 2 2 2 2 0 0 0 0 0 0 0 0 0 0 0 0 0 
1  0.307515  0.629646
2  0.276534  0.499020
3  0.298998  0.462369
4  0.286865  0.413826
5  0.284408  0.369313
6  0.279007  0.357630
7  0.301824  0.510451
8  0.327406  0.589463
9  0.306101  0.500461
10  0.324227  0.701417
11  0.318028  0.629178
12  0.312286  0.462141
13  0.317241  0.734999
14  0.311939  0.662975
15  0.285019  0.501060
16  0.304181  0.488431
17  0.291896  0.428683
18  0.286305  0.367322
19  0.283051  0.371239
20  0.316354  0.707967
21  0.308262  0.468376
22  0.327400  0.584583
23  0.305415  0.547340
24  0.328174  0.665943
25  0.320110  0.638947
26  0.312712  0.463999
1 2  0.582201  1.122279
1 3  0.604412  1.060948
1 4  0.592562  1.025064
1 5  0.591740  0.998016
1 6  0.586058  0.981442
1 7  0.598235  1.081560
1 8  0.620423  1.147598
1 9  0.613028  1.127348
1 10  0.598888  1.304193
1 11  0.618195  1.204947
1 12  0.618165  1.072840
1 13  0.614656  1.348047
1 14  0.356308  1.156206
1 15  0.590900  1.113196
1 16  0.610852  1.116065
1 17  0.599172  1.057212
1 18  0.593593  0.996032
1 19  0.589637  1.000309
1 20  0.609591  1.304735
1 21  0.615371  1.094118
1 22  0.630321  1.212184
1 23  0.604170  1.174464
1 24  0.600934  1.235502
1 25  0.623544  1.263765
1 26  0.618406  1.092615
2 3  0.575423  0.959897
2 4  0.563195  0.903339
2 5  0.559872  0.855017
2 6  0.555052  0.851749
2 7  0.576576  1.006750
2 8  0.603030  1.072704
2 9  0.562756  0.936488
2 10  0.575943  1.095388
2 11  0.594238  1.123976
2 12  0.585328  0.945275
2 13  0.591757  1.184572
2 14  0.587182  1.143838
2 15  0.258384  0.783846
2 16  0.580564  0.985752
2 17  0.567851  0.927083
2 18  0.561060  0.865813
2 19  0.559300  0.869184
2 20  0.587816  1.202503
2 21  0.566725  0.963441
2 22  0.603329  1.080573
2 23  0.580506  1.032408
2 24  0.582115  1.161997
2 25  0.596416  1.133130
2 26  0.583931  0.959697
3 4  0.542143  0.842426
3 5  0.583404  0.831461
3 6  0.578000  0.818715
3 7  0.600680  0.962579
3 8  0.618386  1.022811
3 9  0.605086  0.962017
3 10  0.621960  1.157891
3 11  0.591377  1.019637
3 12  0.611263  0.920819
3 13  0.613421  1.186248
3 14  0.610119  1.123290
3 15  0.583921  0.961979
3 16  0.295546  0.714806
3 17  0.546058  0.856118
3 18  0.585241  0.829551
3 19  0.581928  0.833433
3 20  0.609099  1.154534
3 21  0.607243  0.930321
3 22  0.622352  1.042699
3 23  0.603991  1.008715
3 24  0.626718  1.123929
3 25  0.592623  1.090176
3 26  0.611648  0.925945
4 5  0.571272  0.782294
4 6  0.565870  0.771364
4 7  0.588609  0.921245
4 8  0.594489  0.950022
4 9  0.592948  0.909899
4 10  0.609133  1.091910
4 11  0.598637  1.037693
4 12  0.599135  0.871522
4 13  0.598739  1.138183
4 14  0.598577  1.075600
4 15  0.571364  0.914340
4 16  0.546106  0.867047
4 17  0.285948  0.610043
4 18  0.573109  0.781020
4 19  0.569844  0.784943
4 20  0.596800  1.113549
4 21  0.595030  0.881846
4 22  0.603967  0.995403
4 23  0.592189  0.960571
4 24  0.613884  1.078703
4 25  0.597004  1.036469
4 26  0.599576  0.877527
5 6  0.519490  0.690701
5 7  0.581679  0.872863
5 8  0.611805  0.957770
5 9  0.582948  0.845680
5 10  0.608525  1.059043
5 11  0.602430  0.996816
5 12  0.572529  0.807984
5 13  0.601613  1.094541
5 14  0.596238  1.031299
5 15  0.567534  0.869850
5 16  0.588527  0.857569
5 17  0.576237  0.797857
5 18  0.280597  0.487311
5 19  0.516994  0.697938
5 20  0.600723  1.076551
5 21  0.589533  0.836781
5 22  0.611689  0.953475
5 23  0.588325  0.912394
5 24  0.612229  1.034705
5 25  0.604477  1.007909
5 26  0.564834  0.801017
6 7  0.573692  0.848428
6 8  0.606383  0.946403
6 9  0.578469  0.843694
6 10  0.603133  1.054563
6 11  0.597002  0.982456
6 12  0.571107  0.805489
6 13  0.596154  1.083933
6 14  0.590111  1.020042
6 15  0.563728  0.857833
6 16  0.583064  0.845884
6 17  0.570818  0.786203
6 18  0.516683  0.684881
6 19  0.275698  0.483193
6 20  0.595323  1.064947
6 21  0.586051  0.824086
6 22  0.606158  0.941899
6 23  0.581466  0.904074
6 24  0.607120  1.023138
6 25  0.598950  0.996192
6 26  0.561178  0.788394
7 8  0.628270  1.085102
7 9  0.575096  0.992321
7 10  0.625412  1.208678
7 11  0.619160  1.116412
7 12  0.588832  0.947447
7 13  0.618069  1.226336
7 14  0.604295  1.170870
7 15  0.584806  0.997948
7 16  0.605541  0.997951
7 17  0.593572  0.938636
7 18  0.586456  0.873645
7 19  0.581718  0.880777
7 20  0.616738  1.215601
7 21  0.570353  0.928455
7 22  0.628371  1.093802
7 23  0.353998  0.900932
7 24  0.629384  1.171747
7 25  0.620871  1.147187
7 26  0.584047  0.947027
8 9  0.633411  1.082938
8 10  0.643291  1.245335
8 11  0.610061  1.186347
8 12  0.639501  1.039473
8 13  0.619888  1.310420
8 14  0.634723  1.249712
8 15  0.611854  1.087187
8 16  0.626765  1.072107
8 17  0.608516  1.014627
8 18  0.613592  0.956353
8 19  0.610222  0.960331
8 20  0.614728  1.254563
8 21  0.635519  1.056829
8 22  0.408058  1.008037
8 23  0.632133  1.135165
8 24  0.652234  1.249002
8 25  0.609898  1.196740
8 26  0.640040  1.052611
9 10  0.628514  1.156078
9 11  0.624086  1.126733
9 12  0.593705  0.938102
9 13  0.623191  1.209051
9 14  0.617570  1.157419
9 15  0.573303  0.997667
9 16  0.610224  0.988217
9 17  0.597839  0.928655
9 18  0.589682  0.867076
9 19  0.587758  0.869142
9 20  0.621734  1.205836
9 21  0.359318  0.792668
9 22  0.633292  1.083658
9 23  0.573476  0.999195
9 24  0.631104  1.164405
9 25  0.626194  1.137838
9 26  0.587490  0.930085
10 11  0.638230  1.321202
10 12  0.636236  1.149208
10 13  0.618563  1.332561
10 14  0.602010  1.301633
10 15  0.586059  1.198708
10 16  0.627902  1.184368
10 17  0.614926  1.128778
10 18  0.610165  1.068131
10 19  0.607213  1.071982
10 20  0.614652  1.383180
10 21  0.629443  1.167866
10 22  0.648609  1.279310
10 23  0.628761  1.241168
10 24  0.384134  1.244227
10 25  0.641016  1.320430
10 26  0.635847  1.163698
11 12  0.630188  1.086786
11 13  0.610698  1.291817
11 14  0.626071  1.287213
11 15  0.602745  1.125391
11 16  0.594890  1.106362
11 17  0.599542  1.039249
11 18  0.604277  0.996192
11 19  0.600896  0.999991
11 20  0.603426  1.301777
11 21  0.626279  1.096454
11 22  0.608446  1.183654
11 23  0.622456  1.173914
11 24  0.642688  1.276540
11 25  0.413078  1.123299
11 26  0.630515  1.092149
12 13  0.629425  1.194558
12 14  0.622254  1.123745
12 15  0.592066  0.960408
12 16  0.616424  0.950105
12 17  0.604181  0.890492
12 18  0.565065  0.794490
12 19  0.566430  0.800741
12 20  0.627800  1.168350
12 21  0.591044  0.900398
12 22  0.639621  1.045927
12 23  0.584992  0.978841
12 24  0.639462  1.126737
12 25  0.632189  1.100084
12 26  0.406790  0.789196
13 14  0.614409  1.363241
13 15  0.597084  1.231230
13 16  0.614888  1.206522
13 17  0.603058  1.154284
13 18  0.603528  1.101527
13 19  0.600237  1.105403
13 20  0.433068  1.340725
13 21  0.624914  1.201018
13 22  0.615893  1.276057
13 23  0.621115  1.278564
13 24  0.618966  1.372887
13 25  0.606452  1.340378
13 26  0.629128  1.196957
14 15  0.594874  1.158259
14 16  0.613780  1.112166
14 17  0.601618  1.070994
14 18  0.597963  1.028701
14 19  0.594384  1.024290
14 20  0.618228  1.348197
14 21  0.619434  1.129109
14 22  0.623465  1.171628
14 23  0.604190  1.132375
14 24  0.605395  1.302606
14 25  0.624174  1.234311
14 26  0.622706  1.102423
15 16  0.589048  0.988005
15 17  0.576650  0.919809
15 18  0.570123  0.856454
15 19  0.567464  0.868314
15 20  0.598915  1.163322
15 21  0.570716  0.912720
15 22  0.611439  1.070617
15 23  0.588290  1.045524
15 24  0.586075  1.069220
15 25  0.604704  1.135927
15 26  0.594015  0.951979
16 17  0.550502  0.881143
16 18  0.590483  0.855347
16 19  0.587222  0.857318
16 20  0.617126  1.182505
16 21  0.612421  0.956084
16 22  0.623624  1.040555
16 23  0.609392  1.020660
16 24  0.630843  1.148308
16 25  0.597685  1.045156
16 26  0.616858  0.947036
17 18  0.578199  0.795433
17 19  0.574943  0.799726
17 20  0.602255  1.125889
17 21  0.600131  0.893457
17 22  0.597655  0.955880
17 23  0.597186  0.971449
17 24  0.617735  1.070122
17 25  0.605437  1.061175
17 26  0.604582  0.887839
18 19  0.524401  0.702331
18 20  0.602607  1.066426
18 21  0.586588  0.813871
18 22  0.613692  0.951348
18 23  0.585557  0.905490
18 24  0.614350  1.024582
18 25  0.606404  1.004169
18 26  0.575458  0.812045
19 20  0.599289  1.069942
19 21  0.583913  0.826930
19 22  0.610404  0.954331
19 23  0.580886  0.893224
19 24  0.611100  1.034110
19 25  0.603116  1.003986
19 26  0.574161  0.816188
20 21  0.624495  1.158222
20 22  0.618891  1.279686
20 23  0.620658  1.232241
20 24  0.622203  1.285253
20 25  0.613528  1.273639
20 26  0.628914  1.170205
21 22  0.635521  1.047674
21 23  0.579060  0.996310
21 24  0.634771  1.101869
21 25  0.628300  1.105211
21 26  0.596884  0.911370
22 23  0.631598  1.112085
22 24  0.647030  1.206602
22 25  0.611151  1.185894
22 26  0.639859  1.035363
23 24  0.632815  1.209899
23 25  0.624675  1.155165
23 26  0.593988  0.978926
24 25  0.643518  1.296710
24 26  0.640668  1.119708
25 26  0.632647  1.095642
