   -993.89043946
   -994.21209423     -994.09533878
0.00005495106697
2 2 2 2 2 2 2 2 2 2 2 2 2 0 0 0 0 0 0 0 0 0 0 0 0 0 
1  0.311369  0.633933
2  0.279673  0.506709
3  0.300222  0.462824
4  0.288535  0.415767
5  0.285504  0.378914
6  0.280281  0.367517
7  0.304574  0.523366
8  0.330888  0.591316
9  0.308433  0.513398
10  0.327754  0.700436
11  0.320547  0.624527
12  0.314344  0.469097
13  0.320130  0.726097
14  0.315915  0.666793
15  0.288442  0.508979
16  0.305477  0.488334
17  0.293629  0.430391
18  0.287396  0.376821
19  0.284322  0.381169
20  0.319128  0.700445
21  0.310647  0.480635
22  0.330700  0.585937
23  0.308226  0.560052
24  0.331617  0.664566
25  0.322604  0.634356
26  0.314680  0.470873
1 2  0.589164  1.134394
1 3  0.609405  1.065229
1 4  0.597975  1.030952
1 5  0.596676  1.011711
1 6  0.591154  0.994900
1 7  0.604353  1.095851
1 8  0.626867  1.152514
1 9  0.619190  1.144443
1 10  0.606283  1.307929
1 11  0.624213  1.204085
1 12  0.623988  1.083105
1 13  0.621225  1.343520
1 14  0.363665  1.164067
1 15  0.598145  1.126209
1 16  0.615946  1.120361
1 17  0.604747  1.063261
1 18  0.598516  1.009622
1 19  0.594709  1.014428
1 20  0.616064  1.302847
1 21  0.621595  1.110414
1 22  0.637245  1.217965
1 23  0.610683  1.191133
1 24  0.608254  1.240452
1 25  0.629776  1.263707
1 26  0.624190  1.103747
2 3  0.579773  0.967948
2 4  0.567977  0.912625
2 5  0.564077  0.871031
2 6  0.559445  0.868641
2 7  0.582435  1.027146
2 8  0.609636  1.082116
2 9  0.567813  0.953712
2 10  0.581741  1.100641
2 11  0.599866  1.127205
2 12  0.590401  0.959307
2 13  0.597681  1.183631
2 14  0.594267  1.156126
2 15  0.264106  0.800073
2 16  0.584989  0.993224
2 17  0.572632  0.936475
2 18  0.565219  0.882984
2 19  0.563680  0.886734
2 20  0.593621  1.202821
2 21  0.572057  0.983347
2 22  0.609732  1.089523
2 23  0.586429  1.053322
2 24  0.588355  1.168016
2 25  0.602040  1.136271
2 26  0.588986  0.974282
3 4  0.544965  0.844304
3 5  0.585725  0.841494
3 6  0.580497  0.828850
3 7  0.604631  0.975288
3 8  0.622977  1.024799
3 9  0.608637  0.975361
3 10  0.626639  1.157083
3 11  0.594992  1.016132
3 12  0.614536  0.927765
3 13  0.617557  1.178449
3 14  0.615237  1.127667
3 15  0.588549  0.970220
3 16  0.297810  0.714603
3 17  0.549133  0.859209
3 18  0.587542  0.839484
3 19  0.584400  0.843801
3 20  0.613078  1.147829
3 21  0.610845  0.942969
3 22  0.626864  1.044835
3 23  0.608022  1.021892
3 24  0.631381  1.123100
3 25  0.596378  1.086074
3 26  0.614842  0.933263
4 5  0.574038  0.793696
4 6  0.568814  0.783179
4 7  0.593012  0.935963
4 8  0.599197  0.953331
4 9  0.596944  0.924471
4 10  0.614151  1.092537
4 11  0.602798  1.034839
4 12  0.602856  0.879928
4 13  0.603239  1.131202
4 14  0.604204  1.081370
4 15  0.576377  0.924199
4 16  0.549188  0.869833
4 17  0.288918  0.613132
4 18  0.575860  0.792436
4 19  0.572776  0.796790
4 20  0.601215  1.107989
4 21  0.599072  0.896019
4 22  0.608825  0.998687
4 23  0.596677  0.975161
4 24  0.618916  1.079336
4 25  0.601238  1.034399
4 26  0.603215  0.886332
5 6  0.521860  0.709914
5 7  0.585428  0.894531
5 8  0.616382  0.969076
5 9  0.586250  0.866300
5 10  0.613140  1.066504
5 11  0.606044  1.001556
5 12  0.575690  0.824570
5 13  0.605593  1.094015
5 14  0.601296  1.044484
5 15  0.571930  0.887361
5 16  0.590901  0.867048
5 17  0.579050  0.809138
5 18  0.282577  0.508639
5 19  0.519485  0.718851
5 20  0.604592  1.078537
5 21  0.592971  0.858724
5 22  0.616064  0.964309
5 23  0.592197  0.934662
5 24  0.616737  1.042861
5 25  0.608054  1.012883
5 26  0.567929  0.817793
6 7  0.577581  0.869379
6 8  0.611128  0.958038
6 9  0.581940  0.865044
6 10  0.607914  1.062908
6 11  0.600788  0.987061
6 12  0.574421  0.822585
6 13  0.600301  1.083753
6 14  0.595319  1.033627
6 15  0.568397  0.875567
6 16  0.585603  0.855652
6 17  0.573811  0.797772
6 18  0.519152  0.705616
6 19  0.277911  0.505089
6 20  0.599361  1.067226
6 21  0.589683  0.846302
6 22  0.610693  0.953046
6 23  0.585513  0.926718
6 24  0.611838  1.031565
6 25  0.602681  1.001452
6 26  0.564454  0.805357
7 8  0.634392  1.099158
7 9  0.580068  1.017546
7 10  0.631661  1.220354
7 11  0.624355  1.123328
7 12  0.593352  0.966966
7 13  0.623655  1.229109
7 14  0.610889  1.187329
7 15  0.590961  1.019236
7 16  0.609552  1.010787
7 17  0.598051  0.953224
7 18  0.590272  0.896016
7 19  0.585677  0.903656
7 20  0.622301  1.220931
7 21  0.575373  0.954551
7 22  0.634392  1.107953
7 23  0.359146  0.928643
7 24  0.635560  1.183311
7 25  0.626082  1.155542
7 26  0.588595  0.967074
8 9  0.639207  1.097487
8 10  0.650044  1.246327
8 11  0.615808  1.183207
8 12  0.645006  1.047319
8 13  0.626288  1.303697
8 14  0.641867  1.255464
8 15  0.618700  1.096890
8 16  0.631519  1.074328
8 17  0.613568  1.018213
8 18  0.618133  0.967586
8 19  0.614935  0.972023
8 20  0.621044  1.250159
8 21  0.641391  1.070760
8 22  0.414200  1.010689
8 23  0.638374  1.149577
8 24  0.659051  1.249844
8 25  0.615760  1.195422
8 26  0.645491  1.061328
9 10  0.634281  1.166231
9 11  0.628923  1.134861
9 12  0.597980  0.958029
9 13  0.628394  1.211702
9 14  0.623860  1.173922
9 15  0.578805  1.018360
9 16  0.613845  1.000966
9 17  0.601883  0.943264
9 18  0.593067  0.889566
9 19  0.591326  0.892087
9 20  0.626814  1.211166
9 21  0.363651  0.819945
9 22  0.638917  1.097737
9 23  0.578591  1.025927
9 24  0.636742  1.175814
9 25  0.631018  1.146059
9 26  0.591696  0.950491
10 11  0.644131  1.316108
10 12  0.641808  1.154632
10 13  0.624606  1.325555
10 14  0.609587  1.306853
10 15  0.592651  1.205323
10 16  0.632709  1.183347
10 17  0.620093  1.129569
10 18  0.614768  1.076582
10 19  0.612011  1.080826
10 20  0.620732  1.375473
10 21  0.635191  1.178991
10 22  0.655354  1.280067
10 23  0.635082  1.252942
10 24  0.390458  1.241423
10 25  0.646971  1.315778
10 26  0.641332  1.169594
11 12  0.634735  1.088672
11 13  0.615870  1.281332
11 14  0.632494  1.286643
11 15  0.608681  1.128690
11 16  0.598668  1.101589
11 17  0.603848  1.037013
11 18  0.607874  1.001008
11 19  0.604649  1.005241
11 20  0.608488  1.290464
11 21  0.631181  1.103961
11 22  0.614152  1.181683
11 23  0.627705  1.182020
11 24  0.648584  1.271385
11 25  0.417852  1.114397
11 26  0.634975  1.094391
12 13  0.634359  1.192621
12 14  0.628236  1.134493
12 15  0.597399  0.975275
12 16  0.619772  0.956953
12 17  0.607973  0.899141
12 18  0.568236  0.811278
12 19  0.569761  0.817814
12 20  0.632579  1.167789
12 21  0.595374  0.920210
12 22  0.644974  1.054213
12 23  0.589732  0.998791
12 24  0.644939  1.132292
12 25  0.636717  1.102468
12 26  0.410574  0.805461
13 14  0.621146  1.359693
13 15  0.603233  1.230454
13 16  0.619080  1.198030
13 17  0.607659  1.147181
13 18  0.607510  1.102030
13 19  0.604386  1.106336
13 20  0.438280  1.324504
13 21  0.630152  1.204278
13 22  0.622102  1.269875
13 23  0.626843  1.282352
13 24  0.625146  1.363670
13 25  0.611483  1.327691
13 26  0.633948  1.194953
14 15  0.602222  1.170145
14 16  0.618944  1.115552
14 17  0.607217  1.076152
14 18  0.603018  1.041744
14 19  0.599606  1.037089
14 20  0.624800  1.344554
14 21  0.625768  1.145016
14 22  0.629789  1.175668
14 23  0.610438  1.145854
14 24  0.612753  1.305408
14 25  0.630322  1.233278
14 26  0.628548  1.112163
15 16  0.593757  0.995745
15 17  0.581766  0.929125
15 18  0.574609  0.872644
15 19  0.572140  0.885567
15 20  0.605004  1.164005
15 21  0.576045  0.929365
15 22  0.618151  1.079748
15 23  0.594484  1.065921
15 24  0.591950  1.074468
15 25  0.610596  1.139460
15 26  0.599312  0.966168
16 17  0.553462  0.882234
16 18  0.592870  0.864717
16 19  0.589787  0.866872
16 20  0.621198  1.175649
16 21  0.616092  0.968195
16 22  0.628107  1.041663
16 23  0.613466  1.032544
16 24  0.635524  1.146590
16 25  0.601381  1.041514
16 26  0.620109  0.953312
17 18  0.581024  0.806519
17 19  0.577947  0.811351
17 20  0.606682  1.120129
17 21  0.604239  0.907132
17 22  0.602250  0.958484
17 23  0.601708  0.985718
17 24  0.622775  1.070284
17 25  0.609647  1.058134
17 26  0.608273  0.895908
18 19  0.526768  0.721596
18 20  0.606466  1.067245
18 21  0.589969  0.833911
18 22  0.618083  0.962094
18 23  0.589315  0.926744
18 24  0.618872  1.031725
18 25  0.609989  1.008859
18 26  0.578538  0.828507
19 20  0.603318  1.071208
19 21  0.587470  0.847973
19 22  0.614966  0.965480
19 23  0.584808  0.913781
19 24  0.615785  1.042220
19 25  0.606874  1.008622
19 26  0.577365  0.833075
20 21  0.629641  1.161605
20 22  0.625048  1.273864
20 23  0.626173  1.236224
20 24  0.628140  1.278914
20 25  0.618532  1.264437
20 26  0.633647  1.169554
21 22  0.641195  1.061065
21 23  0.584219  1.020667
21 24  0.640509  1.111176
21 25  0.633160  1.112727
21 26  0.601106  0.930745
22 23  0.637595  1.125497
22 24  0.653609  1.206862
22 25  0.616641  1.182379
22 26  0.645089  1.042637
23 24  0.639047  1.221062
23 25  0.629916  1.162028
23 26  0.598516  0.998029
24 25  0.649316  1.291126
24 26  0.646066  1.124721
25 26  0.637081  1.097479
