   -993.89043946
   -994.21259195     -994.09666070
0.00002052667992
2 2 2 2 2 2 2 2 2 2 2 2 2 0 0 0 0 0 0 0 0 0 0 0 0 0 
1  0.313483  0.636091
2  0.281444  0.511463
3  0.300887  0.463947
4  0.289479  0.417712
5  0.286059  0.385321
6  0.280960  0.373898
7  0.306196  0.530995
8  0.332767  0.592702
9  0.309781  0.521455
10  0.329642  0.699745
11  0.322036  0.622001
12  0.315421  0.473087
13  0.321713  0.721156
14  0.318063  0.668991
15  0.290401  0.513680
16  0.306112  0.489449
17  0.294599  0.432239
18  0.288013  0.383077
19  0.284984  0.387712
20  0.320626  0.696122
21  0.311965  0.488190
22  0.332570  0.587011
23  0.309910  0.567726
24  0.333440  0.663534
25  0.324053  0.631834
26  0.315765  0.474614
1 2  0.593031  1.141395
1 3  0.612141  1.068135
1 4  0.600987  1.034820
1 5  0.599337  1.020127
1 6  0.593928  1.002962
1 7  0.607805  1.103992
1 8  0.630343  1.155269
1 9  0.622634  1.154593
1 10  0.610232  1.309612
1 11  0.627619  1.203496
1 12  0.627132  1.088728
1 13  0.624774  1.340883
1 14  0.367689  1.168160
1 15  0.602200  1.133626
1 16  0.618669  1.123700
1 17  0.607826  1.067284
1 18  0.601233  1.017909
1 19  0.597436  1.023057
1 20  0.619623  1.301359
1 21  0.625013  1.120022
1 22  0.641081  1.221268
1 23  0.614395  1.200752
1 24  0.612137  1.242992
1 25  0.633304  1.263486
1 26  0.627374  1.109642
2 3  0.582204  0.973736
2 4  0.570657  0.918959
2 5  0.566394  0.881379
2 6  0.561892  0.879331
2 7  0.585808  1.039407
2 8  0.613274  1.088059
2 9  0.570615  0.964471
2 10  0.584820  1.103803
2 11  0.603113  1.129531
2 12  0.593183  0.967647
2 13  0.600963  1.183554
2 14  0.598168  1.163621
2 15  0.267436  0.809637
2 16  0.587382  0.998978
2 17  0.575289  0.943065
2 18  0.567536  0.893987
2 19  0.566120  0.897998
2 20  0.596837  1.203350
2 21  0.575064  0.995571
2 22  0.613345  1.095354
2 23  0.589855  1.066051
2 24  0.591784  1.171524
2 25  0.605249  1.138527
2 26  0.591815  0.982803
3 4  0.546500  0.847047
3 5  0.586945  0.849008
3 6  0.581839  0.836201
3 7  0.606905  0.983585
3 8  0.625485  1.026994
3 9  0.610642  0.984489
3 10  0.629170  1.157264
3 11  0.597125  1.015018
3 12  0.616273  0.932525
3 13  0.619827  1.175062
3 14  0.618007  1.131049
3 15  0.591163  0.975945
3 16  0.298972  0.716768
3 17  0.550815  0.862830
3 18  0.588807  0.846846
3 19  0.585694  0.851454
3 20  0.615226  1.144935
3 21  0.612819  0.951584
3 22  0.629403  1.047259
3 23  0.610316  1.030702
3 24  0.633860  1.123220
3 25  0.598469  1.084710
3 26  0.616584  0.938121
4 5  0.575538  0.801930
4 6  0.570436  0.791496
4 7  0.595570  0.945459
4 8  0.601833  0.956230
4 9  0.599227  0.934182
4 10  0.616915  1.093408
4 11  0.605210  1.034188
4 12  0.604872  0.885493
4 13  0.605715  1.128051
4 14  0.607293  1.085513
4 15  0.579194  0.930837
4 16  0.550790  0.873527
4 17  0.290663  0.616805
4 18  0.577399  0.800620
4 19  0.574358  0.805257
4 20  0.603640  1.105699
4 21  0.601309  0.905494
4 22  0.611596  1.001732
4 23  0.599295  0.984729
4 24  0.621631  1.080285
4 25  0.603643  1.034184
4 26  0.605243  0.892012
5 6  0.523033  0.722489
5 7  0.587551  0.907962
5 8  0.618816  0.976763
5 9  0.588131  0.879548
5 10  0.615582  1.071456
5 11  0.608089  1.005269
5 12  0.577347  0.834969
5 13  0.607732  1.094621
5 14  0.603986  1.052941
5 15  0.574382  0.898452
5 16  0.592081  0.874549
5 17  0.580557  0.817374
5 18  0.283614  0.522631
5 19  0.520739  0.732772
5 20  0.606644  1.080565
5 21  0.594835  0.872730
5 22  0.618470  0.971692
5 23  0.594419  0.948757
5 24  0.619119  1.048198
5 25  0.610055  1.016739
5 26  0.569603  0.828213
6 7  0.579828  0.882228
6 8  0.613677  0.965728
6 9  0.583904  0.878536
6 10  0.610469  1.068212
6 11  0.602952  0.990450
6 12  0.576168  0.833124
6 13  0.602552  1.084395
6 14  0.598110  1.042138
6 15  0.571025  0.886607
6 16  0.586887  0.863134
6 17  0.575438  0.805982
6 18  0.520475  0.719201
6 19  0.279042  0.519352
6 20  0.601535  1.069237
6 21  0.591662  0.860294
6 22  0.613208  0.960421
6 23  0.587859  0.940809
6 24  0.614335  1.036858
6 25  0.604781  1.005288
6 26  0.566240  0.815694
7 8  0.637838  1.107745
7 9  0.582949  1.032773
7 10  0.635164  1.227184
7 11  0.627431  1.127605
7 12  0.595878  0.978443
7 13  0.626813  1.231166
7 14  0.614595  1.196979
7 15  0.594527  1.031852
7 16  0.611759  1.019549
7 17  0.600634  0.962666
7 18  0.592494  0.909911
7 19  0.587953  0.917861
7 20  0.625425  1.224224
7 21  0.578235  0.970461
7 22  0.637871  1.116560
7 23  0.362106  0.945131
7 24  0.638990  1.189909
7 25  0.629112  1.160685
7 26  0.591190  0.978638
8 9  0.642422  1.106716
8 10  0.653702  1.247046
8 11  0.619009  1.181958
8 12  0.647947  1.052043
8 13  0.629749  1.300228
8 14  0.645723  1.259091
8 15  0.622498  1.103003
8 16  0.634043  1.077112
8 17  0.616357  1.021480
8 18  0.620608  0.975124
8 19  0.617443  0.979869
8 20  0.624448  1.248097
8 21  0.644597  1.079566
8 22  0.417569  1.012953
8 23  0.641926  1.158507
8 24  0.662715  1.250486
8 25  0.618998  1.195100
8 26  0.648461  1.066448
9 10  0.637458  1.172470
9 11  0.631750  1.140303
9 12  0.600367  0.970083
9 13  0.631317  1.214004
9 14  0.627342  1.184056
9 15  0.581973  1.030976
9 16  0.615823  1.010059
9 17  0.604169  0.953146
9 18  0.595019  0.903913
9 19  0.593322  0.906753
9 20  0.629637  1.214875
9 21  0.366043  0.836472
9 22  0.642137  1.106721
9 23  0.581596  1.042480
9 24  0.639858  1.182764
9 25  0.633811  1.151519
9 26  0.594124  0.962737
10 11  0.647419  1.313172
10 12  0.644764  1.157553
10 13  0.627927  1.321552
10 14  0.613626  1.309985
10 15  0.596291  1.209114
10 16  0.635221  1.183817
10 17  0.622907  1.130770
10 18  0.617252  1.082106
10 19  0.614559  1.086603
10 20  0.623969  1.370870
10 21  0.638350  1.185774
10 22  0.659086  1.280739
10 23  0.638646  1.259973
10 24  0.393877  1.239225
10 25  0.650264  1.313161
10 26  0.644284  1.172644
11 12  0.637288  1.089871
11 13  0.618775  1.275725
11 14  0.636091  1.286477
11 15  0.612112  1.130880
11 16  0.600778  1.100196
11 17  0.606305  1.036792
11 18  0.609976  1.004716
11 19  0.606778  1.009237
11 20  0.611345  1.284128
11 21  0.633987  1.108926
11 22  0.617416  1.181054
11 23  0.630845  1.187204
11 24  0.651845  1.268403
11 25  0.420613  1.109778
11 26  0.637537  1.095630
12 13  0.637010  1.191671
12 14  0.631443  1.140675
12 15  0.600402  0.983965
12 16  0.621477  0.962052
12 17  0.610018  0.904973
12 18  0.569974  0.821784
12 19  0.571512  0.828565
12 20  0.635126  1.167468
12 21  0.597728  0.932184
12 22  0.647927  1.059276
12 23  0.592383  1.010715
12 24  0.647825  1.135249
12 25  0.639231  1.103957
12 26  0.412580  0.814463
13 14  0.624792  1.357666
13 15  0.606696  1.230347
13 16  0.621271  1.194573
13 17  0.610200  1.144206
13 18  0.609707  1.103287
13 19  0.606627  1.107883
13 20  0.441288  1.315398
13 21  0.633033  1.206839
13 22  0.625521  1.266926
13 23  0.630094  1.285082
13 24  0.628472  1.358239
13 25  0.614334  1.320719
13 26  0.636585  1.193783
14 15  0.606305  1.177149
14 16  0.621684  1.118493
14 17  0.610281  1.079901
14 18  0.605759  1.049970
14 19  0.602393  1.045169
14 20  0.628271  1.342528
14 21  0.629207  1.154685
14 22  0.633280  1.178285
14 23  0.613950  1.153755
14 24  0.616638  1.306765
14 25  0.633747  1.232797
14 26  0.631737  1.117692
15 16  0.596343  1.001479
15 17  0.584666  0.935307
15 18  0.577165  0.882852
15 19  0.574759  0.896393
15 20  0.608364  1.164468
15 21  0.578962  0.939570
15 22  0.621955  1.085390
15 23  0.598099  1.078175
15 24  0.595144  1.077366
15 25  0.613991  1.141752
15 26  0.602300  0.974294
16 17  0.554983  0.884831
16 18  0.594123  0.872057
16 19  0.591084  0.874281
16 20  0.623356  1.172898
16 21  0.618036  0.976819
16 22  0.630596  1.043593
16 23  0.615777  1.040742
16 24  0.637975  1.146486
16 25  0.603461  1.040483
16 26  0.621826  0.957753
17 18  0.582612  0.814533
17 19  0.579579  0.819733
17 20  0.609108  1.117626
17 21  0.606519  0.916286
17 22  0.604872  0.960961
17 23  0.604352  0.995088
17 24  0.625503  1.070844
17 25  0.612052  1.057363
17 26  0.610323  0.901098
18 19  0.528009  0.734214
18 20  0.608580  1.068379
18 21  0.591884  0.846667
18 22  0.620569  0.969346
18 23  0.591535  0.939983
18 24  0.621311  1.036379
18 25  0.612055  1.012394
18 26  0.580267  0.838572
19 20  0.605462  1.072608
19 21  0.589397  0.861315
19 22  0.617493  0.973003
19 23  0.587101  0.926692
19 24  0.618256  1.047419
19 25  0.608980  1.012064
19 26  0.579097  0.843450
20 21  0.632452  1.164064
20 22  0.628441  1.270762
20 23  0.629308  1.238986
20 24  0.631333  1.274989
20 25  0.621354  1.259375
20 26  0.636217  1.168994
21 22  0.644373  1.069543
21 23  0.587137  1.035446
21 24  0.643602  1.116849
21 25  0.635913  1.117656
21 26  0.603470  0.942187
22 23  0.641085  1.133797
22 24  0.657204  1.207026
22 25  0.619769  1.180808
22 26  0.648024  1.046865
23 24  0.642527  1.227614
23 25  0.633003  1.166318
23 26  0.601118  1.009246
24 25  0.652515  1.287778
24 26  0.648965  1.127183
25 26  0.639596  1.098367
