   -993.89043946
   -994.21276315     -994.09715623
0.00001089926385
2 2 2 2 2 2 2 2 2 2 2 2 2 0 0 0 0 0 0 0 0 0 0 0 0 0 
1  0.314224  0.636977
2  0.282102  0.513477
3  0.301113  0.464638
4  0.289794  0.418635
5  0.286257  0.388186
6  0.281216  0.376819
7  0.306852  0.534004
8  0.333536  0.593291
9  0.310310  0.524819
10  0.330332  0.699459
11  0.322554  0.621043
12  0.315834  0.474743
13  0.322295  0.718977
14  0.318814  0.669796
15  0.291093  0.515782
16  0.306339  0.490119
17  0.294934  0.433081
18  0.288220  0.385904
19  0.285229  0.390656
20  0.321183  0.694244
21  0.312509  0.491363
22  0.333294  0.587369
23  0.310558  0.570835
24  0.334138  0.663134
25  0.324590  0.630858
26  0.316165  0.476170
1 2  0.594418  1.144334
1 3  0.613122  1.069601
1 4  0.602034  1.036523
1 5  0.600273  1.023811
1 6  0.594921  1.006568
1 7  0.609089  1.107192
1 8  0.631647  1.156412
1 9  0.623897  1.158820
1 10  0.611629  1.310289
1 11  0.628837  1.203411
1 12  0.628273  1.091095
1 13  0.626037  1.339679
1 14  0.369131  1.169774
1 15  0.603624  1.136829
1 16  0.619625  1.125277
1 17  0.608903  1.069018
1 18  0.602180  1.021560
1 19  0.598399  1.026856
1 20  0.620890  1.300650
1 21  0.626292  1.124042
1 22  0.642484  1.222534
1 23  0.615745  1.204655
1 24  0.613549  1.244055
1 25  0.634576  1.263449
1 26  0.628511  1.112076
2 3  0.583086  0.976400
2 4  0.571616  0.921713
2 5  0.567245  0.885931
2 6  0.562802  0.884065
2 7  0.587111  1.044389
2 8  0.614693  1.090595
2 9  0.571715  0.968983
2 10  0.585970  1.105166
2 11  0.604283  1.130644
2 12  0.594234  0.971155
2 13  0.602173  1.183474
2 14  0.599567  1.166659
2 15  0.268605  0.813850
2 16  0.588265  1.001607
2 17  0.576254  0.945916
2 18  0.568380  0.898824
2 19  0.567023  0.902943
2 20  0.598031  1.203514
2 21  0.576223  1.000729
2 22  0.614711  1.097737
2 23  0.591154  1.071313
2 24  0.593053  1.173042
2 25  0.606440  1.139579
2 26  0.592854  0.986389
3 4  0.546970  0.848524
3 5  0.587368  0.852554
3 6  0.582320  0.839721
3 7  0.607783  0.987057
3 8  0.626459  1.028138
3 9  0.611394  0.988515
3 10  0.630082  1.157576
3 11  0.597876  1.014824
3 12  0.616911  0.934705
3 13  0.620649  1.173746
3 14  0.618972  1.132569
3 15  0.592080  0.978679
3 16  0.299374  0.718112
3 17  0.551355  0.864656
3 18  0.589232  0.850353
3 19  0.586145  0.855083
3 20  0.616010  1.143913
3 21  0.613586  0.955417
3 22  0.630355  1.048395
3 23  0.611167  1.034513
3 24  0.634786  1.123542
3 25  0.599225  1.084453
3 26  0.617206  0.940366
4 5  0.576051  0.805658
4 6  0.571007  0.795334
4 7  0.596537  0.949346
4 8  0.602883  0.957552
4 9  0.600067  0.938294
4 10  0.617897  1.093884
4 11  0.606039  1.034113
4 12  0.605597  0.887881
4 13  0.606600  1.126752
4 14  0.608361  1.087241
4 15  0.580170  0.933858
4 16  0.551316  0.875411
4 17  0.291236  0.618570
4 18  0.577907  0.804365
4 19  0.574910  0.809112
4 20  0.604510  1.104778
4 21  0.602161  0.909584
4 22  0.612621  1.003024
4 23  0.600260  0.988737
4 24  0.622624  1.080824
4 25  0.604497  1.034298
4 26  0.605957  0.894489
5 6  0.523440  0.728180
5 7  0.588383  0.913579
5 8  0.619782  0.980168
5 9  0.588853  0.885244
5 10  0.616469  1.073743
5 11  0.608804  1.007098
5 12  0.577976  0.839486
5 13  0.608512  1.094950
5 14  0.604932  1.056545
5 15  0.575247  0.903416
5 16  0.592499  0.878073
5 17  0.581073  0.821077
5 18  0.284006  0.528865
5 19  0.521169  0.739017
5 20  0.607395  1.081529
5 21  0.595574  0.878789
5 22  0.619379  0.974881
5 23  0.595266  0.954743
5 24  0.620016  1.050643
5 25  0.610790  1.018614
5 26  0.570214  0.832764
6 7  0.580739  0.887681
6 8  0.614696  0.969195
6 9  0.584671  0.884410
6 10  0.611409  1.070676
6 11  0.603723  0.992178
6 12  0.576840  0.837786
6 13  0.603384  1.084764
6 14  0.599092  1.045834
6 15  0.571976  0.891614
6 16  0.587349  0.866719
6 17  0.576017  0.809734
6 18  0.520925  0.725369
6 19  0.279448  0.525773
6 20  0.602343  1.070256
6 21  0.592459  0.866412
6 22  0.614182  0.963661
6 23  0.588761  0.946860
6 24  0.615287  1.039354
6 25  0.605561  1.007225
6 26  0.566909  0.820298
7 8  0.639228  1.111158
7 9  0.584085  1.038964
7 10  0.636501  1.229868
7 11  0.628588  1.129357
7 12  0.596887  0.983048
7 13  0.628041  1.231818
7 14  0.615962  1.200722
7 15  0.595865  1.037095
7 16  0.612619  1.023238
7 17  0.601623  0.966501
7 18  0.593355  0.915760
7 19  0.588856  0.923831
7 20  0.626635  1.225342
7 21  0.579377  0.977007
7 22  0.639248  1.119893
7 23  0.363260  0.951716
7 24  0.640339  1.192539
7 25  0.630287  1.162733
7 26  0.592206  0.983280
8 9  0.643715  1.110576
8 10  0.655123  1.247330
8 11  0.620229  1.181545
8 12  0.649121  1.054023
8 13  0.631092  1.298682
8 14  0.647163  1.260482
8 15  0.623944  1.105706
8 16  0.635039  1.078483
8 17  0.617446  1.022929
8 18  0.621571  0.978500
8 19  0.618451  0.983362
8 20  0.625768  1.247198
8 21  0.645910  1.083264
8 22  0.418893  1.013883
8 23  0.643341  1.162153
8 24  0.664165  1.250779
8 25  0.620268  1.195069
8 26  0.649632  1.068590
9 10  0.638662  1.175129
9 11  0.632793  1.142664
9 12  0.601282  0.975101
9 13  0.632426  1.214829
9 14  0.628615  1.188191
9 15  0.583143  1.036361
9 16  0.616570  1.014050
9 17  0.605016  0.957342
9 18  0.595756  0.910120
9 19  0.594093  0.913090
9 20  0.630713  1.216346
9 21  0.367000  0.843478
9 22  0.643391  1.110377
9 23  0.582730  1.049373
9 24  0.641069  1.185702
9 25  0.634878  1.153865
9 26  0.595024  0.967865
10 11  0.648588  1.312044
10 12  0.645865  1.158791
10 13  0.629130  1.319726
10 14  0.615054  1.311146
10 15  0.597601  1.210829
10 16  0.636137  1.184223
10 17  0.623920  1.131343
10 18  0.618146  1.084629
10 19  0.615492  1.089223
10 20  0.625159  1.368848
10 21  0.639560  1.188627
10 22  0.660487  1.280921
10 23  0.639980  1.262834
10 24  0.395122  1.238328
10 25  0.651474  1.312180
10 26  0.645364  1.173912
11 12  0.638212  1.090454
11 13  0.619830  1.273349
11 14  0.637348  1.286392
11 15  0.613320  1.132037
11 16  0.601512  1.099935
11 17  0.607162  1.036873
11 18  0.610702  1.006572
11 19  0.607526  1.011216
11 20  0.612369  1.281542
11 21  0.635050  1.111109
11 22  0.618632  1.180770
11 23  0.631984  1.189372
11 24  0.653039  1.267278
11 25  0.421642  1.108044
11 26  0.638444  1.096240
12 13  0.637999  1.191153
12 14  0.632602  1.143132
12 15  0.601489  0.987727
12 16  0.622112  0.964375
12 17  0.610766  0.907469
12 18  0.570609  0.826398
12 19  0.572184  0.833284
12 20  0.636079  1.167252
12 21  0.598673  0.937207
12 22  0.649065  1.061292
12 23  0.593393  1.015587
12 24  0.648928  1.136500
12 25  0.640170  1.104649
12 26  0.413332  0.818259
13 14  0.626097  1.356624
13 15  0.607941  1.230303
13 16  0.622081  1.193264
13 17  0.611113  1.142925
13 18  0.610495  1.103911
13 19  0.607447  1.108621
13 20  0.442407  1.311406
13 21  0.634149  1.207818
13 22  0.626811  1.265526
13 23  0.631332  1.286016
13 24  0.629716  1.355871
13 25  0.615386  1.317805
13 26  0.637551  1.193169
14 15  0.607737  1.180109
14 16  0.622669  1.119824
14 17  0.611358  1.081444
14 18  0.606711  1.053506
14 19  0.603383  1.048643
14 20  0.629523  1.341528
14 21  0.630488  1.158628
14 22  0.634543  1.179174
14 23  0.615226  1.156845
14 24  0.618044  1.307248
14 25  0.634991  1.232629
14 26  0.632876  1.119935
15 16  0.597258  1.004225
15 17  0.585680  0.938093
15 18  0.578057  0.887448
15 19  0.575695  0.901265
15 20  0.609582  1.164751
15 21  0.580079  0.943954
15 22  0.623365  1.087817
15 23  0.599426  1.083339
15 24  0.596338  1.078748
15 25  0.615218  1.142934
15 26  0.603375  0.977801
16 17  0.555483  0.886194
16 18  0.594556  0.875538
16 19  0.591555  0.877754
16 20  0.624148  1.171865
16 21  0.618802  0.980634
16 22  0.631536  1.044515
16 23  0.616649  1.044218
16 24  0.638903  1.146702
16 25  0.604226  1.040279
16 26  0.622450  0.959774
17 18  0.583154  0.818152
17 19  0.580159  0.823511
17 20  0.610001  1.116576
17 21  0.607394  0.920156
17 22  0.605878  0.961988
17 23  0.605330  0.998970
17 24  0.626509  1.071190
17 25  0.612917  1.057182
17 26  0.611054  0.903295
18 19  0.528413  0.739908
18 20  0.609344  1.068979
18 21  0.592631  0.852193
18 22  0.621499  0.972492
18 23  0.592365  0.945632
18 24  0.622219  1.038560
18 25  0.612799  1.014158
18 26  0.580891  0.842975
19 20  0.606259  1.073305
19 21  0.590171  0.867108
19 22  0.618456  0.976251
19 23  0.587998  0.932194
19 24  0.619189  1.049830
19 25  0.609760  1.013747
19 26  0.579749  0.848000
20 21  0.633551  1.165034
20 22  0.629719  1.269313
20 23  0.630507  1.240031
20 24  0.632526  1.273319
20 25  0.622407  1.257240
20 26  0.637170  1.168681
21 22  0.645635  1.073004
21 23  0.588275  1.041543
21 24  0.644828  1.119274
21 25  0.636987  1.119809
21 26  0.604396  0.946969
22 23  0.642428  1.137093
22 24  0.658583  1.207060
22 25  0.620962  1.180149
22 26  0.649138  1.048552
23 24  0.643862  1.230296
23 25  0.634167  1.168101
23 26  0.602118  1.013850
24 25  0.653706  1.286493
24 26  0.650061  1.128242
25 26  0.640524  1.098812
