   -993.89043946
   -994.21284392     -994.09739949
0.00000509329941
2 2 2 2 2 2 2 2 2 2 2 2 2 0 0 0 0 0 0 0 0 0 0 0 0 0 
1  0.314606  0.637413
2  0.282428  0.514575
3  0.301223  0.465210
4  0.289951  0.419292
5  0.286340  0.389813
6  0.281325  0.378496
7  0.307174  0.535617
8  0.333931  0.593713
9  0.310589  0.526587
10  0.330675  0.699346
11  0.322820  0.620590
12  0.316039  0.475504
13  0.322602  0.717872
14  0.319199  0.670214
15  0.291430  0.516902
16  0.306446  0.490679
17  0.295105  0.433703
18  0.288305  0.387525
19  0.285340  0.392329
20  0.321478  0.693256
21  0.312781  0.493059
22  0.333678  0.587687
23  0.310890  0.572469
24  0.334477  0.662970
25  0.324863  0.630400
26  0.316376  0.476880
1 2  0.595120  1.145901
1 3  0.613627  1.070515
1 4  0.602569  1.037546
1 5  0.600734  1.025837
1 6  0.595412  1.008575
1 7  0.609733  1.108879
1 8  0.632312  1.157074
1 9  0.624554  1.161020
1 10  0.612345  1.310661
1 11  0.629464  1.203382
1 12  0.628855  1.092228
1 13  0.626700  1.339070
1 14  0.369878  1.170582
1 15  0.604337  1.138513
1 16  0.620108  1.126287
1 17  0.609455  1.070083
1 18  0.602645  1.023589
1 19  0.598883  1.028950
1 20  0.621549  1.300243
1 21  0.626941  1.126159
1 22  0.643213  1.223299
1 23  0.616432  1.206673
1 24  0.614262  1.244628
1 25  0.635227  1.263450
1 26  0.629100  1.113221
2 3  0.583521  0.978051
2 4  0.572091  0.923358
2 5  0.567658  0.888477
2 6  0.563235  0.886738
2 7  0.587754  1.047078
2 8  0.615416  1.092091
2 9  0.572272  0.971409
2 10  0.586540  1.105962
2 11  0.604871  1.131318
2 12  0.594758  0.972943
2 13  0.602793  1.183486
2 14  0.600274  1.168303
2 15  0.269199  0.816060
2 16  0.588698  1.003239
2 17  0.576730  0.947633
2 18  0.568778  0.901545
2 19  0.567462  0.905711
2 20  0.598642  1.203641
2 21  0.576803  1.003499
2 22  0.615417  1.099151
2 23  0.591806  1.074135
2 24  0.593676  1.173914
2 25  0.607036  1.140234
2 26  0.593384  0.988207
3 4  0.547200  0.849660
3 5  0.587561  0.854747
3 6  0.582539  0.841910
3 7  0.608211  0.989088
3 8  0.626957  1.029025
3 9  0.611780  0.990835
3 10  0.630534  1.157980
3 11  0.598266  1.014945
3 12  0.617226  0.935935
3 13  0.621073  1.173314
3 14  0.619462  1.133571
3 15  0.592527  0.980343
3 16  0.299555  0.719289
3 17  0.551622  0.866030
3 18  0.589424  0.852539
3 19  0.586353  0.857326
3 20  0.616417  1.143587
3 21  0.613965  0.957668
3 22  0.630853  1.049334
3 23  0.611595  1.036726
3 24  0.635236  1.123971
3 25  0.599607  1.084589
3 26  0.617524  0.941648
4 5  0.576291  0.807903
4 6  0.571272  0.797665
4 7  0.597014  0.951577
4 8  0.603417  0.958496
4 9  0.600499  0.940604
4 10  0.618385  1.094331
4 11  0.606462  1.034290
4 12  0.605958  0.889173
4 13  0.607058  1.126271
4 14  0.608904  1.088321
4 15  0.580650  0.935632
4 16  0.551568  0.876804
4 17  0.291523  0.619885
4 18  0.578137  0.806641
4 19  0.575170  0.811435
4 20  0.604961  1.104481
4 21  0.602583  0.911930
4 22  0.613158  1.004013
4 23  0.600750  0.991008
4 24  0.623112  1.081326
4 25  0.604931  1.034589
4 26  0.606325  0.895855
5 6  0.523613  0.731412
5 7  0.588779  0.916677
5 8  0.620260  0.982189
5 9  0.589217  0.888344
5 10  0.616895  1.075092
5 11  0.609153  1.008225
5 12  0.578273  0.841882
5 13  0.608902  1.095272
5 14  0.605399  1.058558
5 15  0.575654  0.906163
5 16  0.592686  0.880251
5 17  0.581316  0.823324
5 18  0.284183  0.532375
5 19  0.521360  0.742572
5 20  0.607771  1.082156
5 21  0.595925  0.882124
5 22  0.619837  0.976808
5 23  0.595679  0.958017
5 24  0.620439  1.052095
5 25  0.611145  1.019773
5 26  0.570514  0.835186
6 7  0.581175  0.890699
6 8  0.615198  0.971267
6 9  0.585054  0.887628
6 10  0.611857  1.072140
6 11  0.604097  0.993266
6 12  0.577158  0.840269
6 13  0.603797  1.085134
6 14  0.599579  1.047912
6 15  0.572422  0.894405
6 16  0.587553  0.868952
6 17  0.576287  0.812025
6 18  0.521117  0.728906
6 19  0.279627  0.529398
6 20  0.602745  1.070934
6 21  0.592838  0.869804
6 22  0.614673  0.965631
6 23  0.589199  0.950182
6 24  0.615735  1.040852
6 25  0.605929  1.008438
6 26  0.567232  0.822774
7 8  0.639931  1.113096
7 9  0.584662  1.042232
7 10  0.637161  1.231350
7 11  0.629171  1.130352
7 12  0.597391  0.985412
7 13  0.628662  1.232231
7 14  0.616646  1.202711
7 15  0.596519  1.039914
7 16  0.613033  1.025419
7 17  0.602114  0.968726
7 18  0.593760  0.919011
7 19  0.589289  0.927128
7 20  0.627255  1.225960
7 21  0.579947  0.980547
7 22  0.639955  1.121801
7 23  0.363850  0.955161
7 24  0.640995  1.193995
7 25  0.630874  1.163897
7 26  0.592720  0.985652
8 9  0.644387  1.112721
8 10  0.655846  1.247612
8 11  0.620848  1.181484
8 12  0.649720  1.055080
8 13  0.631788  1.298006
8 14  0.647898  1.261322
8 15  0.624671  1.107247
8 16  0.635544  1.079527
8 17  0.618008  1.023991
8 18  0.622043  0.980521
8 19  0.618954  0.985430
8 20  0.626452  1.246852
8 21  0.646580  1.085341
8 22  0.419599  1.014633
8 23  0.644065  1.164185
8 24  0.664888  1.251093
8 25  0.620909  1.195237
8 26  0.650240  1.069725
9 10  0.639276  1.176572
9 11  0.633334  1.143958
9 12  0.601763  0.977646
9 13  0.633011  1.215316
9 14  0.629276  1.190366
9 15  0.583730  1.039203
9 16  0.616952  1.016351
9 17  0.605459  0.959726
9 18  0.596118  0.913518
9 19  0.594481  0.916556
9 20  0.631282  1.217124
9 21  0.367493  0.847144
9 22  0.644056  1.112420
9 23  0.583320  1.053038
9 24  0.641669  1.187300
9 25  0.635430  1.155154
9 26  0.595510  0.970477
10 11  0.649178  1.311534
10 12  0.646413  1.159383
10 13  0.629748  1.318820
10 14  0.615780  1.311796
10 15  0.598242  1.211769
10 16  0.636587  1.184693
10 17  0.624425  1.131864
10 18  0.618572  1.086127
10 19  0.615946  1.090765
10 20  0.625760  1.367837
10 21  0.640161  1.190204
10 22  0.661207  1.281180
10 23  0.640652  1.264374
10 24  0.395754  1.237932
10 25  0.652082  1.311755
10 26  0.645914  1.174512
11 12  0.638681  1.090710
11 13  0.620380  1.272218
11 14  0.637995  1.286390
11 15  0.613921  1.132716
11 16  0.601888  1.100063
11 17  0.607604  1.037155
11 18  0.611051  1.007731
11 19  0.607891  1.012432
11 20  0.612911  1.280230
11 21  0.635587  1.112336
11 22  0.619258  1.180821
11 23  0.632570  1.190569
11 24  0.653632  1.266799
11 25  0.422150  1.107262
11 26  0.638918  1.096507
12 13  0.638509  1.190812
12 14  0.633191  1.144310
12 15  0.602023  0.989613
12 16  0.622424  0.965696
12 17  0.611142  0.908852
12 18  0.570904  0.828872
12 19  0.572504  0.835804
12 20  0.636571  1.167030
12 21  0.599145  0.939786
12 22  0.649655  1.062373
12 23  0.593914  1.018055
12 24  0.649470  1.137096
12 25  0.640643  1.104958
12 26  0.413713  0.820000
13 14  0.626771  1.356102
13 15  0.608571  1.230343
13 16  0.622496  1.192828
13 17  0.611588  1.142483
13 18  0.610885  1.104411
13 19  0.607863  1.109176
13 20  0.442995  1.309354
13 21  0.634720  1.208404
13 22  0.627493  1.264965
13 23  0.631975  1.286544
13 24  0.630345  1.354718
13 25  0.615934  1.316366
13 26  0.638059  1.192783
14 15  0.608455  1.181680
14 16  0.623170  1.120702
14 17  0.611915  1.082410
14 18  0.607177  1.055490
14 19  0.603882  1.050597
14 20  0.630178  1.341013
14 21  0.631139  1.160727
14 22  0.635195  1.179744
14 23  0.615874  1.158461
14 24  0.618756  1.307541
14 25  0.635632  1.232587
14 26  0.633469  1.121028
15 16  0.597700  1.005884
15 17  0.586185  0.939737
15 18  0.578482  0.890015
15 19  0.576144  0.903964
15 20  0.610202  1.164903
15 21  0.580625  0.946305
15 22  0.624087  1.089243
15 23  0.600088  1.086069
15 24  0.596920  1.079538
15 25  0.615825  1.143627
15 26  0.603918  0.979564
16 17  0.555721  0.887277
16 18  0.594747  0.877708
16 19  0.591773  0.879903
16 20  0.624555  1.171544
16 21  0.619178  0.982871
16 22  0.632024  1.045300
16 23  0.617088  1.046238
16 24  0.639351  1.147055
16 25  0.604620  1.040392
16 26  0.622767  0.960931
17 18  0.583410  0.820364
17 19  0.580441  0.825804
17 20  0.610465  1.116199
17 21  0.607831  0.922377
17 22  0.606410  0.962802
17 23  0.605826  1.001176
17 24  0.627009  1.071585
17 25  0.613359  1.057312
17 26  0.611434  0.904499
18 19  0.528591  0.743137
18 20  0.609724  1.069420
18 21  0.592989  0.855244
18 22  0.621968  0.974408
18 23  0.592770  0.948726
18 24  0.622644  1.039885
18 25  0.613155  1.015264
18 26  0.581196  0.845323
19 20  0.606662  1.073794
19 21  0.590552  0.870295
19 22  0.618950  0.978213
19 23  0.588445  0.935201
19 24  0.619634  1.051263
19 25  0.610142  1.014805
19 26  0.580073  0.850419
20 21  0.634116  1.165563
20 22  0.630394  1.268665
20 23  0.631129  1.240584
20 24  0.633136  1.272468
20 25  0.622957  1.256215
20 26  0.637674  1.168413
21 22  0.646289  1.074990
21 23  0.588852  1.044762
21 24  0.645431  1.120641
21 25  0.637524  1.121023
21 26  0.604875  0.949411
22 23  0.643131  1.138962
22 24  0.659291  1.207222
22 25  0.621579  1.179979
22 26  0.649731  1.049470
23 24  0.644527  1.231756
23 25  0.634766  1.169111
23 26  0.602643  1.016193
24 25  0.654297  1.285915
24 26  0.650610  1.128738
25 26  0.641002  1.099006
