  -1146.51830547
  -1146.88541295    -1146.76491237
0.00002338486633
2 2 2 2 2 2 2 2 2 2 2 2 2 2 2 0 0 0 0 0 0 0 0 0 0 0 0 0 0 0 
1  0.278140  0.446869
2  0.292123  0.447763
3  0.302862  0.508977
4  0.273947  0.281922
5  0.273706  0.282650
6  0.321190  0.500447
7  0.334859  0.625373
8  0.321249  0.626087
9  0.298587  0.352540
10  0.273670  0.290969
11  0.296657  0.322487
12  0.272544  0.282136
13  0.328514  0.719076
14  0.322180  0.705803
15  0.315082  0.834079
16  0.286142  0.464556
17  0.298234  0.477198
18  0.308154  0.520610
19  0.321437  0.605620
20  0.333556  0.624425
21  0.300107  0.364136
22  0.323428  0.516463
23  0.276552  0.285080
24  0.315701  0.816012
25  0.275396  0.282398
26  0.274752  0.280867
27  0.331324  0.694729
28  0.297906  0.322801
29  0.323962  0.719810
30  0.277702  0.302691
1 2  0.569954  0.887228
1 3  0.580547  0.937871
1 4  0.551914  0.728195
1 5  0.551333  0.728441
1 6  0.571853  0.924924
1 7  0.610706  1.048832
1 8  0.577357  1.002441
1 9  0.575997  0.798232
1 10  0.551590  0.737668
1 11  0.573080  0.763784
1 12  0.550491  0.728923
1 13  0.604679  1.133309
1 14  0.597051  1.148729
1 15  0.590539  1.264001
1 16  0.273346  0.693785
1 17  0.576297  0.923298
1 18  0.585752  0.966469
1 19  0.584410  1.049322
1 20  0.611058  1.069778
1 21  0.577971  0.808911
1 22  0.573173  0.933444
1 23  0.554451  0.731788
1 24  0.589272  1.253783
1 25  0.552060  0.728502
1 26  0.552643  0.727583
1 27  0.607962  1.139385
1 28  0.573020  0.768071
1 29  0.598217  1.149565
1 30  0.555795  0.749015
2 3  0.550956  0.926518
2 4  0.566066  0.729259
2 5  0.565825  0.729850
2 6  0.612977  0.934615
2 7  0.603916  1.007150
2 8  0.610907  1.050370
2 9  0.590696  0.798993
2 10  0.565785  0.737865
2 11  0.588777  0.770104
2 12  0.564663  0.729373
2 13  0.615043  1.160244
2 14  0.611959  1.127110
2 15  0.602999  1.270932
2 16  0.578202  0.911661
2 17  0.291258  0.701076
2 18  0.556529  0.932914
2 19  0.613226  1.052066
2 20  0.611908  1.068382
2 21  0.592055  0.811812
2 22  0.615346  0.963578
2 23  0.568668  0.732838
2 24  0.601553  1.252024
2 25  0.567512  0.730157
2 26  0.566870  0.728628
2 27  0.615725  1.126050
2 28  0.589949  0.770543
2 29  0.614767  1.165501
2 30  0.569766  0.750432
3 4  0.576808  0.790746
3 5  0.576565  0.791238
3 6  0.623840  1.004675
3 7  0.629480  1.107560
3 8  0.621717  1.098825
3 9  0.601446  0.861142
3 10  0.576529  0.799908
3 11  0.599517  0.829949
3 12  0.575403  0.791054
3 13  0.604269  1.131581
3 14  0.623604  1.209480
3 15  0.615538  1.317113
3 16  0.588452  0.972498
3 17  0.556413  0.948553
3 18  0.300234  0.804132
3 19  0.623675  1.112469
3 20  0.631701  1.124230
3 21  0.602895  0.872942
3 22  0.626254  1.024293
3 23  0.579414  0.794046
3 24  0.611869  1.308257
3 25  0.578232  0.791363
3 26  0.577614  0.789839
3 27  0.609665  1.196344
3 28  0.600651  0.831746
3 29  0.626274  1.222334
3 30  0.580547  0.811627
4 5  0.547468  0.564328
4 6  0.592819  0.779036
4 7  0.608786  0.906429
4 8  0.595150  0.907316
4 9  0.540970  0.610288
4 10  0.500880  0.529100
4 11  0.568032  0.601562
4 12  0.546027  0.563695
4 13  0.602454  1.000904
4 14  0.596004  0.986354
4 15  0.589024  1.115650
4 16  0.559790  0.746320
4 17  0.572179  0.759114
4 18  0.582101  0.802524
4 19  0.595350  0.887483
4 20  0.607503  0.906333
4 21  0.533922  0.612374
4 22  0.596965  0.798168
4 23  0.275172  0.295759
4 24  0.589565  1.097853
4 25  0.549040  0.564027
4 26  0.547580  0.561695
4 27  0.605262  0.976622
4 28  0.570359  0.603362
4 29  0.597777  1.001680
4 30  0.498849  0.536503
5 6  0.590993  0.777152
5 7  0.608539  0.906816
5 8  0.594894  0.907564
5 9  0.570513  0.633019
5 10  0.547218  0.573139
5 11  0.537589  0.574979
5 12  0.499994  0.520470
5 13  0.602203  1.001337
5 14  0.595732  0.986935
5 15  0.588767  1.116610
5 16  0.558385  0.746461
5 17  0.571940  0.759844
5 18  0.581837  0.803249
5 19  0.594979  0.888227
5 20  0.607254  0.907065
5 21  0.573545  0.646479
5 22  0.595014  0.797692
5 23  0.549883  0.567361
5 24  0.589202  1.098569
5 25  0.277629  0.299561
5 26  0.497635  0.514943
5 27  0.604959  0.977349
5 28  0.529970  0.566572
5 29  0.597573  1.002430
5 30  0.550956  0.584941
6 7  0.654520  1.097634
6 8  0.637817  1.105995
6 9  0.608024  0.834770
6 10  0.590786  0.783149
6 11  0.607239  0.815576
6 12  0.591705  0.779290
6 13  0.648922  1.215006
6 14  0.627929  1.133384
6 15  0.635246  1.314863
6 16  0.579065  0.934195
6 17  0.619216  0.976927
6 18  0.629314  1.019976
6 19  0.639714  1.099055
6 20  0.654517  1.123383
6 21  0.605146  0.852023
6 22  0.386029  0.842100
6 23  0.597257  0.785247
6 24  0.632620  1.306156
6 25  0.594448  0.781362
6 26  0.595464  0.781052
6 27  0.652129  1.191519
6 28  0.602390  0.809746
6 29  0.631288  1.215355
6 30  0.596448  0.801546
7 8  0.639328  1.175982
7 9  0.633390  0.976239
7 10  0.608491  0.914920
7 11  0.631505  0.947164
7 12  0.607379  0.906614
7 13  0.624563  1.313499
7 14  0.647597  1.279662
7 15  0.631062  1.440548
7 16  0.620293  1.088398
7 17  0.619528  1.098492
7 18  0.637809  1.137105
7 19  0.651913  1.228131
7 20  0.417623  1.102104
7 21  0.634741  0.989182
7 22  0.658044  1.140240
7 23  0.611406  0.910436
7 24  0.626283  1.391693
7 25  0.610229  0.907760
7 26  0.609604  0.906237
7 27  0.626822  1.281768
7 28  0.632582  0.948108
7 29  0.655267  1.337642
7 30  0.612486  0.927990
8 9  0.619710  0.978197
8 10  0.594850  0.916731
8 11  0.617791  0.945112
8 12  0.593752  0.907958
8 13  0.640862  1.283427
8 14  0.606747  1.307817
8 15  0.622562  1.436432
8 16  0.591688  1.086647
8 17  0.619115  1.101542
8 18  0.628678  1.144220
8 19  0.392675  1.095712
8 20  0.650477  1.247444
8 21  0.621245  0.988974
8 22  0.641303  1.133860
8 23  0.597782  0.911066
8 24  0.618187  1.395726
8 25  0.596469  0.908440
8 26  0.595995  0.906938
8 27  0.648843  1.314527
8 28  0.618774  0.948772
8 29  0.609224  1.296327
8 30  0.598941  0.928418
9 10  0.538918  0.612118
9 11  0.587647  0.667045
9 12  0.568512  0.630541
9 13  0.627089  1.068979
9 14  0.619698  1.042286
9 15  0.613570  1.172107
9 16  0.584274  0.815330
9 17  0.596612  0.829662
9 18  0.606625  0.873028
9 19  0.619883  0.957460
9 20  0.631868  0.976728
9 21  0.369695  0.516803
9 22  0.604768  0.855332
9 23  0.533423  0.602294
9 24  0.614080  1.168061
9 25  0.573701  0.634589
9 26  0.571762  0.632124
9 27  0.629835  1.046974
9 28  0.583485  0.663275
9 29  0.620944  1.071973
9 30  0.533852  0.620849
10 11  0.568841  0.612051
10 12  0.546024  0.572705
10 13  0.602168  1.009891
10 14  0.595542  0.991442
10 15  0.588740  1.121954
10 16  0.559769  0.755165
10 17  0.571847  0.768146
10 18  0.581805  0.811555
10 19  0.595101  0.896411
10 20  0.607158  0.915342
10 21  0.530968  0.620232
10 22  0.594981  0.806250
10 23  0.499296  0.529366
10 24  0.589189  1.106798
10 25  0.548650  0.572992
10 26  0.548125  0.571553
10 27  0.604990  0.985620
10 28  0.571231  0.613350
10 29  0.596902  1.010581
10 30  0.280263  0.334377
11 12  0.538048  0.576616
11 13  0.625151  1.038039
11 14  0.618479  1.027506
11 15  0.611662  1.152583
11 16  0.579197  0.785340
11 17  0.594825  0.799661
11 18  0.604667  0.843063
11 19  0.617702  0.928027
11 20  0.630055  0.946858
11 21  0.583287  0.673551
11 22  0.603715  0.825973
11 23  0.571803  0.606246
11 24  0.612236  1.138395
11 25  0.530481  0.566152
11 26  0.529959  0.564417
11 27  0.627750  1.017141
11 28  0.364697  0.430183
11 29  0.620504  1.042103
11 30  0.574012  0.624706
12 13  0.601045  1.001181
12 14  0.594540  0.984935
12 15  0.587614  1.114907
12 16  0.558490  0.746491
12 17  0.570766  0.759329
12 18  0.580697  0.802739
12 19  0.593961  0.887726
12 20  0.606087  0.906553
12 21  0.571054  0.644966
12 22  0.595506  0.798322
12 23  0.547908  0.566042
12 24  0.588130  1.098045
12 25  0.496062  0.514869
12 26  0.271792  0.293227
12 27  0.603863  0.976840
12 28  0.530038  0.567383
12 29  0.596218  1.001889
12 30  0.549966  0.584566
13 14  0.645519  1.410022
13 15  0.620340  1.433287
13 16  0.613059  1.181020
13 17  0.617703  1.174161
13 18  0.610108  1.230065
13 19  0.646628  1.318581
13 20  0.623109  1.301188
13 21  0.628590  1.082764
13 22  0.651475  1.231237
13 23  0.605062  1.004115
13 24  0.615915  1.499942
13 25  0.603848  1.001442
13 26  0.603262  0.999924
13 27  0.422285  1.277097
13 28  0.626253  1.041802
13 29  0.649256  1.416003
13 30  0.606213  1.021635
14 15  0.614706  1.419913
14 16  0.603604  1.150233
14 17  0.619184  1.180750
14 18  0.629719  1.219811
14 19  0.606241  1.261688
14 20  0.652460  1.324032
14 21  0.620717  1.069515
14 22  0.631878  1.217761
14 23  0.598577  0.990817
14 24  0.611448  1.489128
14 25  0.597530  0.988149
14 26  0.596606  0.986583
14 27  0.650223  1.378467
14 28  0.619888  1.028335
14 29  0.398214  1.300105
14 30  0.599114  1.008275
15 16  0.596875  1.288355
15 17  0.607584  1.298745
15 18  0.616456  1.336281
15 19  0.618985  1.396347
15 20  0.626303  1.412222
15 21  0.614921  1.197612
15 22  0.634338  1.339563
15 23  0.591572  1.119069
15 24  0.437352  1.554234
15 25  0.590380  1.116415
15 26  0.589753  1.114881
15 27  0.617000  1.487989
15 28  0.612936  1.156773
15 29  0.611515  1.518930
15 30  0.592613  1.136553
16 17  0.583972  0.933842
16 18  0.593728  0.965449
16 19  0.582955  0.996950
16 20  0.617119  1.066851
16 21  0.585120  0.827680
16 22  0.580368  0.957441
16 23  0.562567  0.749381
16 24  0.598797  1.263737
16 25  0.560944  0.745688
16 26  0.560617  0.745285
16 27  0.615155  1.124280
16 28  0.582200  0.782342
16 29  0.606620  1.179786
16 30  0.563593  0.767100
17 18  0.560107  0.966054
17 19  0.616892  1.058814
17 20  0.606343  1.025463
17 21  0.598317  0.838580
17 22  0.621254  0.976211
17 23  0.574781  0.761721
17 24  0.609319  1.276163
17 25  0.573627  0.759325
17 26  0.572984  0.757763
17 27  0.623879  1.164953
17 28  0.596138  0.799975
17 29  0.619571  1.161857
17 30  0.575925  0.778410
18 19  0.626999  1.089895
18 20  0.633917  1.119712
18 21  0.608254  0.884531
18 22  0.631325  1.031856
18 23  0.584704  0.805633
18 24  0.620892  1.313460
18 25  0.583547  0.802621
18 26  0.582904  0.801440
18 27  0.611020  1.117648
18 28  0.606058  0.842346
18 29  0.630439  1.234193
18 30  0.585850  0.823261
19 20  0.638164  1.162450
19 21  0.621399  0.969377
19 22  0.640491  1.101807
19 23  0.597951  0.890345
19 24  0.623427  1.401115
19 25  0.596797  0.887129
19 26  0.596176  0.886372
19 27  0.643406  1.239639
19 28  0.619261  0.926413
19 29  0.606877  1.298792
19 30  0.599067  0.908002
20 21  0.633578  0.984744
20 22  0.655343  1.108382
20 23  0.610084  0.908581
20 24  0.630327  1.413660
20 25  0.608938  0.906239
20 26  0.608296  0.904811
20 27  0.623755  1.289766
20 28  0.631457  0.947170
20 29  0.648066  1.280565
20 30  0.611209  0.924893
21 22  0.611124  0.856913
21 23  0.545539  0.626432
21 24  0.615663  1.163235
21 25  0.573120  0.644058
21 26  0.571766  0.640730
21 27  0.631406  1.057067
21 28  0.589507  0.677461
21 29  0.622579  1.062235
21 30  0.544348  0.633590
22 23  0.596712  0.796981
22 24  0.637868  1.307788
22 25  0.594808  0.794089
22 26  0.595659  0.794464
22 27  0.653803  1.206324
22 28  0.610960  0.833646
22 29  0.631675  1.153258
22 30  0.596437  0.808250
23 24  0.592242  1.099965
23 25  0.551723  0.567236
23 26  0.550799  0.565538
23 27  0.607867  0.979784
23 28  0.571462  0.605118
23 29  0.600326  1.002594
23 30  0.506523  0.543080
24 25  0.591084  1.098356
24 26  0.590445  1.096254
24 27  0.625240  1.410785
24 28  0.613492  1.133228
24 29  0.618275  1.410898
24 30  0.593385  1.113413
25 26  0.503384  0.518490
25 27  0.606709  0.976568
25 28  0.540759  0.575063
25 29  0.599244  1.001763
25 30  0.552992  0.584835
26 27  0.606067  0.975582
26 28  0.541366  0.574971
26 29  0.598616  0.999243
26 30  0.552234  0.583170
27 28  0.629217  1.014650
27 29  0.649215  1.401475
27 30  0.609002  0.997165
28 29  0.621149  1.040054
28 30  0.573682  0.623773
29 30  0.601256  1.014348
