  -1146.51830547
  -1146.88625933    -1146.76631156
0.00003725463507
2 2 2 2 2 2 2 2 2 2 2 2 2 2 2 0 0 0 0 0 0 0 0 0 0 0 0 0 0 0 
1  0.279567  0.452218
2  0.292705  0.446695
3  0.303228  0.507752
4  0.277476  0.288041
5  0.276278  0.288073
6  0.323799  0.509908
7  0.336021  0.622578
8  0.322617  0.626529
9  0.302253  0.364577
10  0.276548  0.297753
11  0.299943  0.332278
12  0.275648  0.288945
13  0.329480  0.715045
14  0.323634  0.705483
15  0.316142  0.828803
16  0.287674  0.469685
17  0.298807  0.475846
18  0.308558  0.519022
19  0.322821  0.605331
20  0.334699  0.621343
21  0.303740  0.376582
22  0.325942  0.525763
23  0.280138  0.290749
24  0.316744  0.811629
25  0.278079  0.287629
26  0.278142  0.287138
27  0.332323  0.690756
28  0.300936  0.332163
29  0.325438  0.719485
30  0.280513  0.310458
1 2  0.571946  0.891398
1 3  0.582308  0.941593
1 4  0.556863  0.739439
1 5  0.555290  0.739065
1 6  0.575872  0.939225
1 7  0.613206  1.051113
1 8  0.579779  1.007049
1 9  0.581089  0.815380
1 10  0.555888  0.749779
1 11  0.577743  0.778119
1 12  0.554999  0.741079
1 13  0.607013  1.134074
1 14  0.599923  1.153763
1 15  0.592984  1.263716
1 16  0.276159  0.705701
1 17  0.578299  0.927278
1 18  0.587533  0.970233
1 19  0.587100  1.054349
1 20  0.613621  1.072037
1 21  0.583025  0.826577
1 22  0.577198  0.948202
1 23  0.559433  0.742800
1 24  0.591758  1.254729
1 25  0.556115  0.739072
1 26  0.557460  0.739179
1 27  0.610357  1.140781
1 28  0.577497  0.782897
1 29  0.601124  1.154666
1 30  0.560031  0.762051
2 3  0.551814  0.924165
2 4  0.570175  0.734235
2 5  0.568978  0.734106
2 6  0.616136  0.942634
2 7  0.605578  1.003880
2 8  0.612838  1.049992
2 9  0.594942  0.809897
2 10  0.569244  0.743455
2 11  0.592645  0.778800
2 12  0.568348  0.735022
2 13  0.616572  1.155229
2 14  0.613942  1.125945
2 15  0.604625  1.264850
2 16  0.580317  0.915713
2 17  0.292349  0.697583
2 18  0.557494  0.930692
2 19  0.615192  1.050747
2 20  0.613614  1.064206
2 21  0.596248  0.823177
2 22  0.618430  0.971803
2 23  0.572835  0.737438
2 24  0.603153  1.246757
2 25  0.570776  0.734318
2 26  0.570839  0.733829
2 27  0.617306  1.121425
2 28  0.593555  0.778832
2 29  0.616792  1.164194
2 30  0.573147  0.757127
3 4  0.580703  0.795567
3 5  0.579502  0.795366
3 6  0.626799  1.012683
3 7  0.630996  1.103772
3 8  0.623463  1.098216
3 9  0.605478  0.871858
3 10  0.579773  0.805458
3 11  0.603169  0.838244
3 12  0.578873  0.796640
3 13  0.605617  1.127329
3 14  0.625413  1.208013
3 15  0.616995  1.311087
3 16  0.590306  0.976411
3 17  0.557335  0.946445
3 18  0.301007  0.800300
3 19  0.625407  1.111036
3 20  0.633217  1.120197
3 21  0.606889  0.884129
3 22  0.629133  1.032315
3 23  0.583365  0.798488
3 24  0.613274  1.303012
3 25  0.581277  0.795366
3 26  0.581370  0.794882
3 27  0.611008  1.191175
3 28  0.604034  0.839875
3 29  0.628112  1.220804
3 30  0.583721  0.818155
4 5  0.553550  0.575836
4 6  0.598731  0.794129
4 7  0.613471  0.909583
4 8  0.600045  0.913647
4 9  0.547102  0.628259
4 10  0.507112  0.542628
4 11  0.574716  0.617110
4 12  0.552621  0.576595
4 13  0.606949  1.002918
4 14  0.600965  0.992084
4 15  0.593610  1.116558
4 16  0.564811  0.757563
4 17  0.576279  0.763880
4 18  0.586034  0.807052
4 19  0.600255  0.893303
4 20  0.612175  0.909366
4 21  0.540104  0.630428
4 22  0.602952  0.813542
4 23  0.281303  0.307453
4 24  0.594134  1.099576
4 25  0.555249  0.575368
4 26  0.554528  0.574113
4 27  0.609789  0.978761
4 28  0.576893  0.618851
4 29  0.602785  1.007466
4 30  0.504974  0.550753
5 6  0.596032  0.791352
5 7  0.612271  0.909267
5 8  0.598829  0.913274
5 9  0.576691  0.650267
5 10  0.552649  0.585230
5 11  0.543070  0.590465
5 12  0.505467  0.533054
5 13  0.605738  1.002656
5 14  0.599753  0.991831
5 15  0.592397  1.116736
5 16  0.562448  0.756999
5 17  0.575084  0.763913
5 18  0.584811  0.807080
5 19  0.598931  0.893356
5 20  0.610968  0.909400
5 21  0.579715  0.664278
5 22  0.600107  0.812472
5 23  0.556044  0.578447
5 24  0.592804  1.099596
5 25  0.281730  0.310283
5 26  0.503041  0.526425
5 27  0.608520  0.978790
5 28  0.535262  0.581280
5 29  0.601616  1.007523
5 30  0.556339  0.598144
6 7  0.658254  1.103923
6 8  0.641756  1.115456
6 9  0.614189  0.855502
6 10  0.596066  0.798413
6 11  0.612987  0.834540
6 12  0.597251  0.795017
6 13  0.652462  1.220192
6 14  0.631783  1.141644
6 15  0.638901  1.319201
6 16  0.583273  0.948950
6 17  0.622377  0.985022
6 18  0.632326  1.027801
6 19  0.643692  1.108289
6 20  0.658255  1.129744
6 21  0.611392  0.873419
6 22  0.391017  0.863524
6 23  0.603401  0.800341
6 24  0.636254  1.311086
6 25  0.599687  0.796055
6 26  0.601409  0.796731
6 27  0.655725  1.196957
6 28  0.608076  0.828264
6 29  0.635352  1.224388
6 30  0.601773  0.818749
7 8  0.641604  1.174050
7 9  0.638219  0.985476
7 10  0.612528  0.918739
7 11  0.635951  0.954045
7 12  0.611643  0.910514
7 13  0.626553  1.306901
7 14  0.650140  1.277457
7 15  0.633283  1.433283
7 16  0.622971  1.090740
7 17  0.621224  1.094322
7 18  0.639381  1.133024
7 19  0.654379  1.225163
7 20  0.419768  1.095441
7 21  0.639523  0.998782
7 22  0.661706  1.146730
7 23  0.616155  0.913306
7 24  0.628475  1.385360
7 25  0.614074  0.910192
7 26  0.614158  0.909710
7 27  0.628922  1.275756
7 28  0.636776  0.954660
7 29  0.657887  1.334701
7 30  0.616452  0.932944
8 9  0.624743  0.990539
8 10  0.599095  0.923919
8 11  0.622440  0.954814
8 12  0.598219  0.915215
8 13  0.643095  1.280121
8 14  0.609593  1.308388
8 15  0.624953  1.431670
8 16  0.594444  1.092199
8 17  0.621060  1.100680
8 18  0.630430  1.143163
8 19  0.395170  1.095316
8 20  0.652893  1.244904
8 21  0.626242  1.001801
8 22  0.645170  1.143694
8 23  0.602731  0.917163
8 24  0.620588  1.392595
8 25  0.600512  0.914106
8 26  0.600754  0.913646
8 27  0.651181  1.311157
8 28  0.623178  0.958575
8 29  0.612099  1.296895
8 30  0.603120  0.936563
9 10  0.544907  0.630569
9 11  0.594532  0.688451
9 12  0.575151  0.648734
9 13  0.631721  1.076593
9 14  0.624786  1.052940
9 15  0.618290  1.177612
9 16  0.589465  0.832381
9 17  0.600816  0.840332
9 18  0.610683  0.883448
9 19  0.624929  0.969170
9 20  0.636658  0.985641
9 21  0.376269  0.543428
9 22  0.610995  0.876213
9 23  0.539625  0.619503
9 24  0.618786  1.175613
9 25  0.580008  0.651782
9 26  0.578786  0.650469
9 27  0.634502  1.054989
9 28  0.590173  0.684610
9 29  0.626104  1.083674
9 30  0.539681  0.640763
10 11  0.574945  0.628541
10 12  0.551993  0.586225
10 13  0.606011  1.012622
10 14  0.599849  0.997313
10 15  0.592676  1.123139
10 16  0.564175  0.767026
10 17  0.575285  0.773574
10 18  0.585084  0.816741
10 19  0.599363  0.902876
10 20  0.611170  0.919032
10 21  0.536947  0.639640
10 22  0.600274  0.822311
10 23  0.505385  0.541967
10 24  0.593091  1.109178
10 25  0.554208  0.585010
10 26  0.554387  0.584598
10 27  0.608867  0.988411
10 28  0.577110  0.629420
10 29  0.601199  1.017029
10 30  0.284853  0.349012
11 12  0.543464  0.592737
11 13  0.629402  1.043222
11 14  0.623203  1.036831
11 15  0.616001  1.156457
11 16  0.584046  0.800391
11 17  0.598676  0.808093
11 18  0.608348  0.851257
11 19  0.622384  0.937525
11 20  0.634486  0.953552
11 21  0.590179  0.695629
11 22  0.609533  0.844774
11 23  0.578639  0.621697
11 24  0.616564  1.143763
11 25  0.535842  0.580948
11 26  0.535518  0.579632
11 27  0.632004  1.022934
11 28  0.370789  0.451633
11 29  0.625260  1.051546
11 30  0.580075  0.642171
12 13  0.605112  1.003939
12 14  0.599083  0.990805
12 15  0.591776  1.116083
12 16  0.563121  0.758374
12 17  0.574440  0.764784
12 18  0.584206  0.807957
12 19  0.598449  0.894239
12 20  0.610330  0.910275
12 21  0.577754  0.664250
12 22  0.601080  0.814377
12 23  0.554633  0.578546
12 24  0.592269  1.100451
12 25  0.501676  0.527073
12 26  0.277839  0.307549
12 27  0.607965  0.979667
12 28  0.535197  0.582786
12 29  0.600774  1.008367
12 30  0.555876  0.599137
13 14  0.647856  1.406036
13 15  0.622303  1.426220
13 16  0.615533  1.182144
13 17  0.619250  1.169332
13 18  0.611471  1.224496
13 19  0.648950  1.314462
13 20  0.625151  1.294903
13 21  0.633191  1.091112
13 22  0.654938  1.236441
13 23  0.609614  1.005746
13 24  0.617818  1.492180
13 25  0.607488  1.002633
13 26  0.607619  1.002158
13 27  0.424283  1.268918
13 28  0.630229  1.047107
13 29  0.651670  1.412074
13 30  0.609990  1.025336
14 15  0.617031  1.415710
14 16  0.606590  1.155139
14 17  0.621177  1.179180
14 18  0.631568  1.217934
14 19  0.609091  1.261542
14 20  0.655045  1.320829
14 21  0.625813  1.081627
14 22  0.635823  1.226647
14 23  0.603622  0.996159
14 24  0.613806  1.484957
14 25  0.601665  0.993052
14 26  0.601422  0.992527
14 27  0.652646  1.374586
14 28  0.624362  1.037366
14 29  0.401093  1.299968
14 30  0.603343  1.015713
15 16  0.599467  1.288229
15 17  0.609198  1.292340
15 18  0.617915  1.329844
15 19  0.621404  1.391604
15 20  0.628484  1.404676
15 21  0.619614  1.204674
15 22  0.637906  1.343478
15 23  0.596216  1.119450
15 24  0.439451  1.545364
15 25  0.594112  1.116359
15 26  0.594194  1.115865
15 27  0.618966  1.479457
15 28  0.617022  1.160811
15 29  0.613838  1.513919
15 30  0.596464  1.139010
16 17  0.586053  0.937520
16 18  0.595641  0.968641
16 19  0.585462  1.000807
16 20  0.619719  1.068679
16 21  0.590275  0.845099
16 22  0.584387  0.971358
16 23  0.567683  0.760072
16 24  0.601329  1.264214
16 25  0.565113  0.755855
16 26  0.565504  0.756671
16 27  0.617619  1.125064
16 28  0.586729  0.796106
16 29  0.609626  1.184626
16 30  0.567929  0.779973
17 18  0.560993  0.963103
17 19  0.618844  1.057496
17 20  0.607992  1.021840
17 21  0.602519  0.849543
17 22  0.624310  0.983760
17 23  0.578936  0.765971
17 24  0.610917  1.270754
17 25  0.576882  0.763138
17 26  0.576945  0.762636
17 27  0.625433  1.159756
17 28  0.599739  0.807982
17 29  0.621565  1.160486
17 30  0.579305  0.784615
18 19  0.628782  1.088360
18 20  0.635444  1.115358
18 21  0.612292  0.895324
18 22  0.634233  1.039370
18 23  0.588693  0.809682
18 24  0.622364  1.307941
18 25  0.586634  0.806179
18 26  0.586697  0.806129
18 27  0.612425  1.113214
18 28  0.609492  0.849893
18 29  0.632307  1.232387
18 30  0.589064  0.829429
19 20  0.640444  1.159569
19 21  0.626415  0.981472
19 22  0.644372  1.110568
19 23  0.602919  0.895611
19 24  0.625835  1.396575
19 25  0.600862  0.891930
19 26  0.600948  0.892379
19 27  0.645683  1.235942
19 28  0.623673  0.935085
19 29  0.609705  1.298697
19 30  0.603260  0.915444
20 21  0.638355  0.994063
20 22  0.658950  1.114278
20 23  0.614807  0.911043
20 24  0.632487  1.407043
20 25  0.612761  0.908266
20 26  0.612828  0.907957
20 27  0.625778  1.283029
20 28  0.635627  0.953412
20 29  0.650603  1.278303
20 30  0.615157  0.929312
21 22  0.617143  0.877617
21 23  0.551702  0.644397
21 24  0.620332  1.169918
21 25  0.579367  0.661567
21 26  0.578673  0.658888
21 27  0.636037  1.065245
21 28  0.596110  0.698830
21 29  0.627660  1.073093
21 30  0.550214  0.652997
22 23  0.602526  0.811441
22 24  0.641410  1.312774
22 25  0.599835  0.808072
22 26  0.601381  0.809665
22 27  0.657276  1.211446
22 28  0.616427  0.852164
22 29  0.635503  1.161398
22 30  0.601566  0.824072
23 24  0.596866  1.101333
23 25  0.557977  0.578113
23 26  0.557741  0.577445
23 27  0.612452  0.981468
23 28  0.577951  0.619881
23 29  0.605358  1.007846
23 30  0.512868  0.557281
24 25  0.594810  1.099195
24 26  0.594877  1.097928
24 27  0.627226  1.404154
24 28  0.617556  1.137532
24 29  0.620595  1.407151
24 30  0.597236  1.116231
25 26  0.509236  0.530427
25 27  0.610388  0.977716
25 28  0.546108  0.589780
25 29  0.603393  1.006583
25 30  0.558468  0.597756
26 27  0.610453  0.977872
26 28  0.546755  0.589905
26 29  0.603479  1.004928
26 30  0.558417  0.597139
27 28  0.633246  1.019559
27 29  0.651577  1.397431
27 30  0.612808  1.000923
28 29  0.625640  1.048908
28 30  0.579457  0.640843
29 30  0.605510  1.020875
