   -993.89462193
   -994.21020405     -994.08538134
0.00007948649617
2 2 2 2 2 2 2 2 2 2 2 2 2 0 0 0 0 0 0 0 0 0 0 0 0 0 
1  0.287460  0.479248
2  0.298159  0.545581
3  0.303162  0.608506
4  0.297120  0.376686
5  0.326687  0.668331
6  0.272824  0.311898
7  0.318160  0.754980
8  0.311589  0.852616
9  0.268097  0.285032
10  0.295593  0.350388
11  0.270472  0.295268
12  0.269531  0.282256
13  0.311202  0.699059
14  0.306484  0.619911
15  0.303612  0.568078
16  0.292412  0.503205
17  0.326884  0.663509
18  0.319967  0.742132
19  0.296752  0.364660
20  0.315785  0.703703
21  0.276049  0.316804
22  0.270706  0.280297
23  0.271197  0.286138
24  0.311364  0.819503
25  0.300156  0.391814
26  0.271828  0.298436
1 2  0.541637  0.991988
1 3  0.588811  1.062949
1 4  0.584473  0.847942
1 5  0.593316  1.070485
1 6  0.560262  0.789249
1 7  0.599554  1.227136
1 8  0.594015  1.313360
1 9  0.555547  0.763866
1 10  0.582982  0.825894
1 11  0.557928  0.774480
1 12  0.556991  0.761372
1 13  0.596718  1.145014
1 14  0.593720  1.096612
1 15  0.295313  0.843805
1 16  0.540232  0.955315
1 17  0.611926  1.139608
1 18  0.581793  1.202160
1 19  0.584143  0.843736
1 20  0.602780  1.179266
1 21  0.563432  0.795928
1 22  0.558152  0.759523
1 23  0.558627  0.765339
1 24  0.593735  1.278292
1 25  0.587542  0.870779
1 26  0.559223  0.777634
2 3  0.599285  1.113609
2 4  0.595231  0.921082
2 5  0.616923  1.177437
2 6  0.570978  0.857200
2 7  0.590566  1.193227
2 8  0.607012  1.374358
2 9  0.566254  0.830224
2 10  0.593637  0.887634
2 11  0.568615  0.838869
2 12  0.567687  0.827385
2 13  0.608077  1.236520
2 14  0.604268  1.162007
2 15  0.551515  1.057072
2 16  0.296439  0.846777
2 17  0.613761  1.205363
2 18  0.608172  1.252506
2 19  0.594905  0.909993
2 20  0.612297  1.244606
2 21  0.573964  0.862289
2 22  0.568839  0.825845
2 23  0.569282  0.831690
2 24  0.602776  1.354089
2 25  0.597883  0.937021
2 26  0.569951  0.843931
3 4  0.598920  0.979832
3 5  0.615394  1.198173
3 6  0.575839  0.920019
3 7  0.613693  1.301634
3 8  0.603304  1.442381
3 9  0.571192  0.893016
3 10  0.589671  0.927959
3 11  0.572153  0.898987
3 12  0.572052  0.890016
3 13  0.579057  1.278666
3 14  0.576507  1.196468
3 15  0.606430  1.172782
3 16  0.595311  1.108962
3 17  0.628945  1.267075
3 18  0.620806  1.334753
3 19  0.598904  0.970321
3 20  0.374988  1.194235
3 21  0.577276  0.924109
3 22  0.573792  0.888535
3 23  0.573885  0.894263
3 24  0.586004  1.367516
3 25  0.596469  0.998122
3 26  0.574934  0.906066
4 5  0.623262  1.030944
4 6  0.532093  0.652566
4 7  0.615117  1.130456
4 8  0.608081  1.207242
4 9  0.532361  0.641207
4 10  0.585483  0.720099
4 11  0.566509  0.669945
4 12  0.564944  0.655566
4 13  0.598871  1.029322
4 14  0.596634  0.994599
4 15  0.600289  0.944420
4 16  0.589416  0.879615
4 17  0.623514  1.039523
4 18  0.616152  1.117966
4 19  0.360463  0.553967
4 20  0.610860  1.072573
4 21  0.573068  0.692680
4 22  0.526281  0.625174
4 23  0.566728  0.661222
4 24  0.606349  1.192887
4 25  0.585738  0.757291
4 26  0.521500  0.639103
5 6  0.599427  0.977956
5 7  0.608189  1.388060
5 8  0.614875  1.490751
5 9  0.594760  0.953033
5 10  0.621482  1.006824
5 11  0.597076  0.963143
5 12  0.596200  0.950483
5 13  0.629315  1.304336
5 14  0.632033  1.283150
5 15  0.618511  1.231738
5 16  0.616295  1.167769
5 17  0.610112  1.322925
5 18  0.491628  1.314247
5 19  0.623386  1.032626
5 20  0.638401  1.362780
5 21  0.602421  0.984621
5 22  0.597337  0.948550
5 23  0.597798  0.954265
5 24  0.591393  1.375868
5 25  0.626417  1.059358
5 26  0.598376  0.966537
6 7  0.590969  1.063782
6 8  0.584140  1.148041
6 9  0.493878  0.553390
6 10  0.567640  0.661483
6 11  0.543223  0.605964
6 12  0.542159  0.593374
6 13  0.581637  0.994069
6 14  0.577268  0.930449
6 15  0.576109  0.879870
6 16  0.565076  0.814968
6 17  0.599247  0.974858
6 18  0.592300  1.053739
6 19  0.526044  0.643740
6 20  0.588548  1.014059
6 21  0.548784  0.628576
6 22  0.489398  0.546270
6 23  0.543930  0.597947
6 24  0.583819  1.130902
6 25  0.572850  0.702932
6 26  0.278379  0.366547
7 8  0.605441  1.482134
7 9  0.586246  1.037769
7 10  0.613141  1.092050
7 11  0.588518  1.044745
7 12  0.587673  1.035414
7 13  0.625051  1.437468
7 14  0.622069  1.358792
7 15  0.610888  1.282279
7 16  0.584335  1.236678
7 17  0.491216  1.324086
7 18  0.594121  1.426733
7 19  0.614728  1.118484
7 20  0.629102  1.447072
7 21  0.593809  1.071450
7 22  0.588848  1.035211
7 23  0.589276  1.041032
7 24  0.603739  1.562045
7 25  0.617386  1.145623
7 26  0.589982  1.053194
8 9  0.579528  1.130264
8 10  0.606445  1.198701
8 11  0.581775  1.139668
8 12  0.581041  1.130397
8 13  0.600501  1.424318
8 14  0.589729  1.408501
8 15  0.608746  1.408444
8 16  0.598781  1.333151
8 17  0.592579  1.405053
8 18  0.605683  1.581132
8 19  0.605536  1.214129
8 20  0.611469  1.514930
8 21  0.587253  1.168749
8 22  0.582289  1.132857
8 23  0.582740  1.138586
8 24  0.528755  1.654493
8 25  0.609682  1.240178
8 26  0.583119  1.150805
9 10  0.562296  0.633391
9 11  0.538335  0.579703
9 12  0.537166  0.566885
9 13  0.578205  0.978702
9 14  0.574116  0.904442
9 15  0.571595  0.853079
9 16  0.560436  0.788190
9 17  0.594823  0.948321
9 18  0.587954  1.027087
9 19  0.520560  0.614741
9 20  0.583845  0.988364
9 21  0.544071  0.601741
9 22  0.268357  0.304748
9 23  0.538428  0.570365
9 24  0.579432  1.104414
9 25  0.566627  0.675228
9 26  0.489961  0.540125
10 11  0.530705  0.616157
10 12  0.530608  0.608843
10 13  0.605997  1.047552
10 14  0.601427  0.968198
10 15  0.599202  0.918260
10 16  0.587923  0.853449
10 17  0.622389  1.013628
10 18  0.615441  1.091617
10 19  0.584271  0.706949
10 20  0.599092  1.050837
10 21  0.527874  0.634534
10 22  0.564255  0.628855
10 23  0.521445  0.600733
10 24  0.604096  1.167317
10 25  0.362874  0.555141
10 26  0.567051  0.648033
11 12  0.492682  0.533373
11 13  0.581431  0.991337
11 14  0.576844  0.914533
11 15  0.574004  0.863268
11 16  0.562761  0.798423
11 17  0.597121  0.958563
11 18  0.590408  1.037218
11 19  0.566787  0.659185
11 20  0.584564  0.998256
11 21  0.278267  0.364655
11 22  0.540933  0.575341
11 23  0.492161  0.538680
11 24  0.581539  1.114547
11 25  0.523964  0.651849
11 26  0.542168  0.593584
12 13  0.580629  0.978723
12 14  0.575930  0.901932
12 15  0.573080  0.850298
12 16  0.561897  0.785440
12 17  0.596308  0.945668
12 18  0.589445  1.024318
12 19  0.564260  0.645129
12 20  0.585129  0.985744
12 21  0.490722  0.552363
12 22  0.538980  0.561383
12 23  0.271675  0.308885
12 24  0.580890  1.101703
12 25  0.529127  0.643309
12 26  0.541145  0.580501
13 14  0.374652  1.201632
13 15  0.613254  1.262009
13 16  0.603046  1.198097
13 17  0.634141  1.353743
13 18  0.626374  1.430316
13 19  0.596324  1.060500
13 20  0.585483  1.304868
13 21  0.587155  1.013815
13 22  0.581728  0.979147
13 23  0.582359  0.984613
13 24  0.607506  1.480362
13 25  0.608840  1.081384
13 26  0.581295  0.996853
14 15  0.607858  1.142049
14 16  0.596696  1.095290
14 17  0.617344  1.202104
14 18  0.618372  1.293218
14 19  0.592873  0.947257
14 20  0.584994  1.290641
14 21  0.582352  0.936287
14 22  0.576338  0.898739
14 23  0.577602  0.905877
14 24  0.606353  1.420798
14 25  0.605270  1.005135
14 26  0.576447  0.911088
15 16  0.550046  1.035542
15 17  0.622642  1.192574
15 18  0.596732  1.194902
15 19  0.600195  0.921933
15 20  0.617858  1.262382
15 21  0.579654  0.884753
15 22  0.574311  0.847693
15 23  0.574806  0.854124
15 24  0.611669  1.363739
15 25  0.603692  0.958306
15 26  0.575415  0.863647
16 17  0.596662  1.081936
16 18  0.606136  1.237150
16 19  0.589051  0.863141
16 20  0.605890  1.167140
16 21  0.568437  0.817261
16 22  0.563117  0.783484
16 23  0.563600  0.788538
16 24  0.598128  1.300663
16 25  0.592421  0.884723
16 26  0.564231  0.801487
17 18  0.608748  1.367555
17 19  0.622676  1.014297
17 20  0.633932  1.297722
17 21  0.602854  0.976840
17 22  0.597563  0.943714
17 23  0.598054  0.948748
17 24  0.614672  1.451567
17 25  0.626426  1.038488
17 26  0.598596  0.960870
18 19  0.615975  1.089881
18 20  0.630742  1.431193
18 21  0.595996  1.057122
18 22  0.590647  1.020590
18 23  0.591155  1.027268
18 24  0.608538  1.450125
18 25  0.619883  1.132732
18 26  0.591666  1.034099
19 20  0.611778  1.065740
19 21  0.571680  0.680503
19 22  0.533656  0.622312
19 23  0.566296  0.648989
19 24  0.607251  1.178975
19 25  0.588210  0.747851
19 26  0.533049  0.632239
20 21  0.589132  1.001618
20 22  0.586384  0.982836
20 23  0.585384  0.983165
20 24  0.605836  1.402584
20 25  0.604771  1.041300
20 26  0.587316  1.000424
21 22  0.546512  0.596584
21 23  0.498724  0.558221
21 24  0.587141  1.121311
21 25  0.539256  0.672501
21 26  0.547800  0.614558
22 23  0.541398  0.566052
22 24  0.581974  1.096783
22 25  0.568879  0.669162
22 26  0.494843  0.534414
23 24  0.582403  1.099617
23 25  0.538778  0.657964
23 26  0.542712  0.584137
24 25  0.610694  1.187121
24 26  0.582873  1.110696
25 26  0.570449  0.688285
