   -993.89462193
   -994.21278893     -994.08997254
0.00003154632559
2 2 2 2 2 2 2 2 2 2 2 2 2 0 0 0 0 0 0 0 0 0 0 0 0 0 
1  0.289380  0.477732
2  0.300174  0.542172
3  0.308966  0.619282
4  0.308143  0.399055
5  0.331015  0.663744
6  0.281496  0.332992
7  0.321733  0.745229
8  0.315716  0.844645
9  0.277641  0.303815
10  0.304966  0.370924
11  0.278078  0.313695
12  0.278604  0.298720
13  0.317137  0.709407
14  0.312455  0.630244
15  0.305407  0.564045
16  0.294619  0.501471
17  0.331078  0.659230
18  0.323883  0.733231
19  0.307293  0.386959
20  0.321508  0.713317
21  0.283911  0.337018
22  0.280553  0.296805
23  0.279906  0.301993
24  0.315244  0.811502
25  0.309801  0.412090
26  0.280656  0.319685
1 2  0.545422  0.987088
1 3  0.596377  1.072131
1 4  0.597387  0.867968
1 5  0.599328  1.065710
1 6  0.570843  0.808555
1 7  0.605027  1.216096
1 8  0.599999  1.304405
1 9  0.567006  0.781096
1 10  0.594260  0.844498
1 11  0.567451  0.791367
1 12  0.567983  0.776219
1 13  0.604366  1.153343
1 14  0.601520  1.105583
1 15  0.298741  0.836090
1 16  0.544455  0.952978
1 17  0.618043  1.134117
1 18  0.587699  1.192443
1 19  0.596556  0.864506
1 20  0.610427  1.187251
1 21  0.573172  0.814561
1 22  0.569907  0.774506
1 23  0.569232  0.779655
1 24  0.599404  1.269655
1 25  0.599095  0.889491
1 26  0.569922  0.797348
2 3  0.606990  1.120472
2 4  0.608256  0.939782
2 5  0.623145  1.170202
2 6  0.581663  0.874778
2 7  0.595936  1.182608
2 8  0.613184  1.364134
2 9  0.577812  0.845317
2 10  0.605006  0.903750
2 11  0.578224  0.853335
2 12  0.578768  0.840364
2 13  0.615961  1.243314
2 14  0.612240  1.168873
2 15  0.555345  1.052547
2 16  0.300128  0.839645
2 17  0.619912  1.197850
2 18  0.614137  1.242352
2 19  0.607457  0.928820
2 20  0.619848  1.251025
2 21  0.583769  0.879066
2 22  0.580687  0.838916
2 23  0.579977  0.844126
2 24  0.608612  1.343058
2 25  0.609486  0.953857
2 26  0.580781  0.861698
3 4  0.615727  1.012580
3 5  0.624542  1.203608
3 6  0.590303  0.951676
3 7  0.622762  1.301806
3 8  0.613152  1.444553
3 9  0.586540  0.922090
3 10  0.604332  0.955799
3 11  0.585280  0.926705
3 12  0.586800  0.917001
3 13  0.590827  1.300193
3 14  0.588302  1.217385
3 15  0.614022  1.179476
3 16  0.603236  1.118135
3 17  0.638879  1.273855
3 18  0.630397  1.336666
3 19  0.615240  1.003270
3 20  0.385086  1.216159
3 21  0.590772  0.954999
3 22  0.589436  0.915754
3 23  0.588314  0.920770
3 24  0.595343  1.371522
3 25  0.611783  1.029344
3 26  0.589553  0.937819
4 5  0.638573  1.047713
4 6  0.550181  0.694140
4 7  0.629680  1.143029
4 8  0.623188  1.220891
4 9  0.550604  0.681875
4 10  0.605546  0.762403
4 11  0.585056  0.710200
4 12  0.584817  0.693401
4 13  0.615275  1.057820
4 14  0.613476  1.027456
4 15  0.613048  0.962719
4 16  0.602647  0.900208
4 17  0.638737  1.057628
4 18  0.631065  1.131341
4 19  0.379120  0.601063
4 20  0.627583  1.104284
4 21  0.591892  0.735054
4 22  0.544381  0.662069
4 23  0.586397  0.699409
4 24  0.621262  1.207002
4 25  0.606359  0.799837
4 26  0.539345  0.681539
5 6  0.612411  0.994302
5 7  0.615745  1.374559
5 8  0.623269  1.480288
5 9  0.608621  0.967252
5 10  0.635081  1.021522
5 11  0.608964  0.976805
5 12  0.609590  0.962257
5 13  0.639251  1.310929
5 14  0.642244  1.289191
5 15  0.624597  1.223361
5 16  0.622801  1.161818
5 17  0.618347  1.314594
5 18  0.499340  1.300180
5 19  0.638232  1.050291
5 20  0.648114  1.368060
5 21  0.614582  1.000054
5 22  0.611496  0.960435
5 23  0.610821  0.965440
5 24  0.599355  1.367784
5 25  0.640376  1.075028
5 26  0.611490  0.983086
6 7  0.603208  1.074515
6 8  0.596886  1.158452
6 9  0.511282  0.592883
6 10  0.585654  0.702946
6 11  0.559492  0.644957
6 12  0.559906  0.630700
6 13  0.595921  1.022548
6 14  0.591807  0.961753
6 15  0.586515  0.896893
6 16  0.575915  0.834250
6 17  0.612082  0.991461
6 18  0.604859  1.065859
6 19  0.543643  0.685959
6 20  0.602943  1.044550
6 21  0.565325  0.669893
6 22  0.506867  0.584550
6 23  0.561317  0.634916
6 24  0.596383  1.143915
6 25  0.591114  0.744125
6 26  0.291571  0.408336
7 8  0.612892  1.470177
7 9  0.599361  1.045750
7 10  0.626023  1.101312
7 11  0.599655  1.051923
7 12  0.600302  1.041695
7 13  0.634290  1.438552
7 14  0.631479  1.359532
7 15  0.616314  1.271190
7 16  0.590118  1.225951
7 17  0.498422  1.309292
7 18  0.601360  1.411746
7 19  0.628837  1.130906
7 20  0.638278  1.447508
7 21  0.605184  1.081822
7 22  0.602262  1.041909
7 23  0.601538  1.047102
7 24  0.611031  1.545403
7 25  0.630590  1.156076
7 26  0.602380  1.064547
8 9  0.593131  1.138581
8 10  0.619852  1.210652
8 11  0.593429  1.147693
8 12  0.594220  1.137379
8 13  0.610014  1.426911
8 14  0.599621  1.412622
8 15  0.614684  1.396817
8 16  0.604949  1.324505
8 17  0.600539  1.397149
8 18  0.613468  1.565440
8 19  0.620104  1.228313
8 20  0.621131  1.518057
8 21  0.599204  1.180878
8 22  0.596259  1.141369
8 23  0.595570  1.146439
8 24  0.536701  1.639099
8 25  0.623474  1.252298
8 26  0.596003  1.163980
9 10  0.581009  0.672031
9 11  0.555477  0.616712
9 12  0.555757  0.602138
9 13  0.593416  1.006296
9 14  0.589563  0.933356
9 15  0.582903  0.867810
9 16  0.572154  0.805201
9 17  0.608541  0.962688
9 18  0.601400  1.036935
9 19  0.537844  0.653835
9 20  0.599092  1.016658
9 21  0.561481  0.640775
9 22  0.283811  0.339153
9 23  0.556774  0.605125
9 24  0.592852  1.115153
9 25  0.585810  0.714305
9 26  0.507734  0.581495
10 11  0.546215  0.653695
10 12  0.546562  0.644943
10 13  0.621289  1.078304
10 14  0.616744  0.998924
10 15  0.610369  0.934699
10 16  0.599436  0.872226
10 17  0.635948  1.029842
10 18  0.628723  1.103139
10 19  0.604032  0.749543
10 20  0.614286  1.081256
10 21  0.543558  0.674154
10 22  0.583398  0.665889
10 23  0.536598  0.634928
10 24  0.617270  1.179686
10 25  0.380716  0.599237
10 26  0.585195  0.689644
11 12  0.508593  0.568360
11 13  0.594940  1.019044
11 14  0.590413  0.943124
11 15  0.583380  0.877602
11 16  0.572515  0.815093
11 17  0.608886  0.972614
11 18  0.601924  1.046652
11 19  0.584876  0.699763
11 20  0.597786  1.026319
11 21  0.291484  0.405460
11 22  0.558411  0.610324
11 23  0.507776  0.573971
11 24  0.592984  1.124886
11 25  0.539190  0.688878
11 26  0.558600  0.633284
12 13  0.595636  1.004372
12 14  0.590949  0.928676
12 15  0.583926  0.862704
12 16  0.573161  0.800159
12 17  0.609553  0.957813
12 18  0.602426  1.031841
12 19  0.583790  0.683909
12 20  0.599888  1.011736
12 21  0.506272  0.589096
12 22  0.557995  0.594484
12 23  0.286842  0.341270
12 24  0.593839  1.110131
12 25  0.545166  0.678173
12 26  0.559066  0.618249
13 14  0.384969  1.223514
13 15  0.620805  1.268566
13 16  0.611227  1.206600
13 17  0.644046  1.360180
13 18  0.636048  1.432257
13 19  0.612832  1.093408
13 20  0.597510  1.326412
13 21  0.600941  1.044015
13 22  0.597463  1.005973
13 23  0.596992  1.010723
13 24  0.617197  1.484157
13 25  0.624411  1.111834
13 26  0.595861  1.028496
14 15  0.615467  1.147855
14 16  0.604713  1.103674
14 17  0.626756  1.207689
14 18  0.627901  1.294121
14 19  0.608771  0.975949
14 20  0.596663  1.311027
14 21  0.596170  0.966739
14 22  0.591961  0.925061
14 23  0.592280  0.931951
14 24  0.616144  1.422605
14 25  0.620883  1.035471
14 26  0.590908  0.940445
15 16  0.553934  1.029734
15 17  0.628594  1.185008
15 18  0.602335  1.185325
15 19  0.612511  0.939069
15 20  0.625314  1.267830
15 21  0.589310  0.900874
15 22  0.585947  0.860014
15 23  0.585308  0.865857
15 24  0.617370  1.353042
15 25  0.615126  0.974276
15 26  0.586028  0.880022
16 17  0.602604  1.077152
16 18  0.612250  1.226795
16 19  0.601790  0.883230
16 20  0.613639  1.174663
16 21  0.578495  0.835230
16 22  0.575170  0.798227
16 23  0.574508  0.802552
16 24  0.604156  1.291645
16 25  0.604239  0.902435
16 26  0.575265  0.820950
17 18  0.616454  1.355143
17 19  0.637280  1.030963
17 20  0.643549  1.304245
17 21  0.614893  0.992338
17 22  0.611591  0.955888
17 23  0.610939  0.960295
17 24  0.622784  1.441441
17 25  0.640217  1.053655
17 26  0.611578  0.977493
18 19  0.630337  1.101672
18 20  0.640003  1.432209
18 21  0.607770  1.068023
18 22  0.604390  1.027695
18 23  0.603777  1.033753
18 24  0.616121  1.437979
18 25  0.633423  1.144018
18 26  0.604363  1.044604
19 20  0.628036  1.097585
19 21  0.590020  0.722928
19 22  0.551592  0.660501
19 23  0.585362  0.686677
19 24  0.621569  1.192530
19 25  0.608060  0.789909
19 26  0.550734  0.673635
20 21  0.602346  1.027717
20 22  0.601947  1.008295
20 23  0.599545  1.007037
20 24  0.614805  1.404037
20 25  0.619723  1.067661
20 26  0.601832  1.030618
21 22  0.564212  0.633157
21 23  0.514782  0.594173
21 24  0.598822  1.130691
21 25  0.555084  0.710217
21 26  0.564483  0.655689
22 23  0.559922  0.598433
22 24  0.595676  1.104136
22 25  0.588177  0.705206
22 26  0.512920  0.572653
23 24  0.594942  1.105752
23 25  0.554780  0.693303
23 26  0.560249  0.621145
24 25  0.624152  1.198793
24 26  0.595492  1.121683
25 26  0.588832  0.729473
