   -993.89462193
   -994.21322375     -994.09075468
0.00002332586891
2 2 2 2 2 2 2 2 2 2 2 2 2 0 0 0 0 0 0 0 0 0 0 0 0 0 
1  0.289777  0.477054
2  0.300504  0.540930
3  0.310106  0.621338
4  0.309995  0.403756
5  0.331739  0.662685
6  0.282958  0.337055
7  0.322359  0.742726
8  0.316394  0.842671
9  0.279190  0.307264
10  0.307058  0.376021
11  0.279637  0.318629
12  0.280373  0.302739
13  0.318232  0.711143
14  0.313476  0.631898
15  0.305767  0.562891
16  0.295020  0.500786
17  0.331762  0.658137
18  0.324524  0.731124
19  0.308901  0.391414
20  0.322687  0.715152
21  0.285461  0.342024
22  0.282364  0.300128
23  0.281620  0.306011
24  0.315914  0.809498
25  0.311908  0.416990
26  0.282207  0.323518
1 2  0.546094  0.985152
1 3  0.597888  1.073553
1 4  0.599631  0.871804
1 5  0.600396  1.064321
1 6  0.572698  0.811890
1 7  0.606047  1.212968
1 8  0.601059  1.301907
1 9  0.568949  0.783866
1 10  0.596746  0.848810
1 11  0.569406  0.795614
1 12  0.570149  0.779530
1 13  0.605818  1.154422
1 14  0.602925  1.106590
1 15  0.299403  0.833789
1 16  0.545253  0.951764
1 17  0.619120  1.132415
1 18  0.588736  1.189794
1 19  0.598548  0.868277
1 20  0.612002  1.188404
1 21  0.575113  0.818871
1 22  0.572111  0.777150
1 23  0.571344  0.782988
1 24  0.600460  1.267194
1 25  0.601599  0.893705
1 26  0.571860  0.800501
2 3  0.608443  1.121303
2 4  0.610439  0.943174
2 5  0.624180  1.168065
2 6  0.583455  0.877576
2 7  0.596872  1.179611
2 8  0.614210  1.361237
2 9  0.579692  0.847470
2 10  0.607423  0.907391
2 11  0.580110  0.856881
2 12  0.580866  0.843129
2 13  0.617370  1.243808
2 14  0.613591  1.169300
2 15  0.556051  1.050666
2 16  0.300763  0.837253
2 17  0.620929  1.195555
2 18  0.615116  1.239460
2 19  0.609396  0.932021
2 20  0.621327  1.251690
2 21  0.585638  0.882821
2 22  0.582824  0.840994
2 23  0.582026  0.846899
2 24  0.609614  1.339916
2 25  0.611910  0.957508
2 26  0.582659  0.864277
3 4  0.618712  1.019241
3 5  0.626240  1.204494
3 6  0.592902  0.957743
3 7  0.624461  1.301259
3 8  0.614942  1.444490
3 9  0.589228  0.927494
3 10  0.607456  0.962089
3 11  0.587902  0.933269
3 12  0.589666  0.922998
3 13  0.593068  1.304127
3 14  0.590479  1.221030
3 15  0.615522  1.180388
3 16  0.604766  1.119536
3 17  0.640692  1.274882
3 18  0.632149  1.336643
3 19  0.617987  1.009729
3 20  0.387172  1.220410
3 21  0.593409  0.962027
3 22  0.592386  0.921127
3 23  0.591157  0.926804
3 24  0.597108  1.371855
3 25  0.615006  1.036350
3 26  0.592240  0.943668
4 5  0.641145  1.051114
4 6  0.553263  0.702667
4 7  0.632152  1.145208
4 8  0.625705  1.223440
4 9  0.553580  0.689960
4 10  0.609424  0.772020
4 11  0.588435  0.719676
4 12  0.588383  0.701836
4 13  0.618130  1.063367
4 14  0.616320  1.033846
4 15  0.615243  0.966256
4 16  0.604902  0.904215
4 17  0.641273  1.061236
4 18  0.633564  1.133913
4 19  0.382431  0.610983
4 20  0.630602  1.110718
4 21  0.595280  0.744697
4 22  0.547459  0.669618
4 23  0.589961  0.708137
4 24  0.623780  1.209649
4 25  0.610303  0.809357
4 26  0.542339  0.689790
5 6  0.614594  0.997277
5 7  0.617058  1.371173
5 8  0.624673  1.477665
5 9  0.610889  0.969645
5 10  0.637877  1.025236
5 11  0.611236  0.980619
5 12  0.612081  0.965181
5 13  0.641025  1.311858
5 14  0.643977  1.289844
5 15  0.625666  1.221206
5 16  0.623924  1.160145
5 17  0.619724  1.312538
5 18  0.500641  1.296983
5 19  0.640560  1.053671
5 20  0.649972  1.368882
5 21  0.616847  1.003945
5 22  0.614031  0.962692
5 23  0.613249  0.968365
5 24  0.600713  1.365597
5 25  0.643205  1.078870
5 26  0.613758  0.985841
6 7  0.605295  1.075949
6 8  0.599013  1.159997
6 9  0.514157  0.600408
6 10  0.589191  0.712061
6 11  0.562508  0.653808
6 12  0.563134  0.638721
6 13  0.598410  1.027756
6 14  0.594266  0.967438
6 15  0.588319  0.899793
6 16  0.577769  0.837612
6 17  0.614226  0.994392
6 18  0.606946  1.067799
6 19  0.546566  0.694420
6 20  0.605583  1.050414
6 21  0.568334  0.678961
6 22  0.509756  0.591777
6 23  0.564493  0.643001
6 24  0.598513  1.145955
6 25  0.594669  0.753044
6 26  0.293951  0.416301
7 8  0.614155  1.467039
7 9  0.601536  1.046516
7 10  0.628727  1.103600
7 11  0.601830  1.053971
7 12  0.602692  1.043115
7 13  0.635970  1.437923
7 14  0.633102  1.358766
7 15  0.617312  1.268042
7 16  0.591141  1.222903
7 17  0.499640  1.305579
7 18  0.602616  1.407762
7 19  0.631067  1.132835
7 20  0.640060  1.446973
7 21  0.607347  1.084303
7 22  0.604697  1.042722
7 23  0.603880  1.048608
7 24  0.612304  1.541111
7 25  0.633316  1.158453
7 26  0.604558  1.065855
8 9  0.595342  1.139639
8 10  0.622608  1.213655
8 11  0.595651  1.150052
8 12  0.596659  1.139042
8 13  0.611698  1.426825
8 14  0.601290  1.412635
8 15  0.615718  1.393795
8 16  0.606019  1.322073
8 17  0.601857  1.394979
8 18  0.614749  1.561573
8 19  0.622378  1.230761
8 20  0.622973  1.518297
8 21  0.601418  1.183882
8 22  0.598747  1.142713
8 23  0.597964  1.148474
8 24  0.538053  1.635218
8 25  0.626263  1.255190
8 26  0.598224  1.165821
9 10  0.584607  0.680409
9 11  0.558582  0.625040
9 12  0.559056  0.609594
9 13  0.595986  1.011187
9 14  0.592115  0.938409
9 15  0.584810  0.870100
9 16  0.574101  0.807959
9 17  0.610761  0.965017
9 18  0.603586  1.038267
9 19  0.540518  0.661361
9 20  0.601816  1.021934
9 21  0.564579  0.649233
9 22  0.287028  0.346285
9 23  0.560052  0.612610
9 24  0.595069  1.116588
9 25  0.589467  0.722686
9 26  0.510684  0.588916
10 11  0.549524  0.663431
10 12  0.549890  0.653946
10 13  0.624472  1.085094
10 14  0.619851  1.005620
10 15  0.612821  0.938629
10 16  0.601919  0.876629
10 17  0.638720  1.033834
10 18  0.631454  1.106102
10 19  0.607718  0.759018
10 20  0.617576  1.088239
10 21  0.546876  0.684018
10 22  0.587288  0.674331
10 23  0.539879  0.643629
10 24  0.620022  1.182726
10 25  0.384330  0.609836
10 26  0.588818  0.698536
11 12  0.511930  0.577463
11 13  0.597588  1.025458
11 14  0.592983  0.949660
11 15  0.585289  0.881363
11 16  0.574457  0.819333
11 17  0.611111  0.976431
11 18  0.604121  1.049450
11 19  0.588028  0.709103
11 20  0.600430  1.033060
11 21  0.293999  0.415651
11 22  0.561778  0.618583
11 23  0.511007  0.583263
11 24  0.595196  1.127789
11 25  0.542444  0.698335
11 26  0.561705  0.642053
12 13  0.598497  1.009796
12 14  0.593734  0.934342
12 15  0.586052  0.865562
12 16  0.575328  0.803490
12 17  0.612010  0.960732
12 18  0.604830  1.033740
12 19  0.587168  0.692412
12 20  0.602828  1.017572
12 21  0.509434  0.598227
12 22  0.561589  0.601837
12 23  0.289812  0.349662
12 24  0.596277  1.112136
12 25  0.548573  0.686638
12 26  0.562384  0.626105
13 14  0.386783  1.227057
13 15  0.622228  1.269211
13 16  0.612719  1.207648
13 17  0.645790  1.360892
13 18  0.637758  1.432001
13 19  0.615551  1.099636
13 20  0.599856  1.330255
13 21  0.603582  1.050706
13 22  0.600354  1.011016
13 23  0.599799  1.016454
13 24  0.618946  1.484240
13 25  0.627613  1.118422
13 26  0.598449  1.034057
14 15  0.616831  1.148352
14 16  0.606106  1.104666
14 17  0.628336  1.208204
14 18  0.629499  1.293663
14 19  0.611316  0.981236
14 20  0.598854  1.314661
14 21  0.598740  0.973373
14 22  0.594742  0.929967
14 23  0.595014  0.937577
14 24  0.617817  1.422202
14 25  0.624008  1.041912
14 26  0.593427  0.945619
15 16  0.554635  1.027862
15 17  0.629622  1.182908
15 18  0.603304  1.182810
15 19  0.614475  0.942137
15 20  0.626841  1.268509
15 21  0.591218  0.904707
15 22  0.588115  0.862174
15 23  0.587382  0.868686
15 24  0.618410  1.350202
15 25  0.617592  0.977943
15 26  0.587937  0.882592
16 17  0.603624  1.075710
16 18  0.613286  1.224048
16 19  0.603790  0.886881
16 20  0.615189  1.175847
16 21  0.580442  0.839458
16 22  0.577381  0.800854
16 23  0.576619  0.805868
16 24  0.605222  1.289165
16 25  0.606742  0.906475
16 26  0.577216  0.824093
17 18  0.617725  1.352040
17 19  0.639547  1.034030
17 20  0.645363  1.305331
17 21  0.617123  0.996190
17 22  0.614081  0.958110
17 23  0.613331  0.963224
17 24  0.624151  1.438801
17 25  0.643002  1.057265
17 26  0.613801  0.980190
18 19  0.632574  1.103726
18 20  0.641772  1.432018
18 21  0.609957  1.070798
18 22  0.606836  1.028854
18 23  0.606132  1.035506
18 24  0.617404  1.435016
18 25  0.636159  1.146791
18 26  0.606551  1.046088
19 20  0.630820  1.103845
19 21  0.593168  0.732353
19 22  0.554542  0.668120
19 23  0.588638  0.694989
19 24  0.623832  1.194853
19 25  0.611721  0.799088
19 26  0.553728  0.681756
20 21  0.604993  1.033758
20 22  0.604934  1.013314
20 23  0.602317  1.012422
20 24  0.616535  1.403873
20 25  0.622912  1.073580
20 26  0.604562  1.036146
21 22  0.567568  0.641449
21 23  0.518067  0.603277
21 24  0.601030  1.133030
21 25  0.558357  0.719604
21 26  0.567580  0.664441
22 23  0.563430  0.605766
22 24  0.598150  1.105271
22 25  0.592039  0.713224
22 26  0.516052  0.579854
23 24  0.597307  1.107257
23 25  0.558148  0.702138
23 26  0.563508  0.628962
24 25  0.626914  1.201638
24 26  0.597696  1.123153
25 26  0.592461  0.738121
