   -993.89462193
   -994.21350026     -994.09124604
0.00002169181448
2 2 2 2 2 2 2 2 2 2 2 2 2 0 0 0 0 0 0 0 0 0 0 0 0 0 
1  0.289954  0.476500
2  0.300669  0.540359
3  0.310741  0.622450
4  0.311236  0.406951
5  0.332141  0.661813
6  0.283852  0.340222
7  0.322665  0.741036
8  0.316780  0.841202
9  0.280256  0.310019
10  0.308430  0.379318
11  0.280835  0.321912
12  0.281778  0.305477
13  0.318869  0.712188
14  0.314118  0.633047
15  0.305942  0.562056
16  0.295208  0.500471
17  0.332126  0.657425
18  0.324874  0.729704
19  0.310057  0.394584
20  0.323343  0.716044
21  0.286695  0.345335
22  0.283531  0.302484
23  0.282915  0.308447
24  0.316296  0.808069
25  0.313336  0.420299
26  0.283115  0.326511
1 2  0.546414  0.983996
1 3  0.598689  1.074130
1 4  0.601045  0.874338
1 5  0.600950  1.063162
1 6  0.573768  0.814480
1 7  0.606530  1.210735
1 8  0.601616  1.300041
1 9  0.570190  0.786070
1 10  0.598289  0.851489
1 11  0.570780  0.798338
1 12  0.571731  0.781691
1 13  0.606616  1.154985
1 14  0.603737  1.107207
1 15  0.299725  0.832154
1 16  0.545618  0.950973
1 17  0.619660  1.131195
1 18  0.589265  1.187881
1 19  0.599878  0.870889
1 20  0.612833  1.188751
1 21  0.576522  0.821616
1 22  0.573451  0.778951
1 23  0.572815  0.784866
1 24  0.601018  1.265346
1 25  0.603207  0.896456
1 26  0.572935  0.802937
2 3  0.609241  1.121873
2 4  0.611843  0.945751
2 5  0.624734  1.166736
2 6  0.584515  0.880148
2 7  0.597336  1.177728
2 8  0.614770  1.359363
2 9  0.580923  0.849603
2 10  0.608958  0.909989
2 11  0.581472  0.859514
2 12  0.582434  0.845295
2 13  0.618169  1.244289
2 14  0.614400  1.169878
2 15  0.556392  1.049517
2 16  0.301096  0.836100
2 17  0.621460  1.194299
2 18  0.615633  1.237724
2 19  0.610716  0.934612
2 20  0.622133  1.252048
2 21  0.587027  0.885556
2 22  0.584154  0.842775
2 23  0.583484  0.848761
2 24  0.610163  1.337981
2 25  0.613497  0.960239
2 26  0.583731  0.866685
3 4  0.620586  1.023467
3 5  0.627189  1.204715
3 6  0.594432  0.961979
3 7  0.625369  1.300665
3 8  0.615953  1.444078
3 9  0.590929  0.931267
3 10  0.609403  0.965973
3 11  0.589682  0.937416
3 12  0.591675  0.926798
3 13  0.594356  1.306387
3 14  0.591774  1.223263
3 15  0.616332  1.180675
3 16  0.605585  1.120350
3 17  0.641686  1.275326
3 18  0.633121  1.336380
3 19  0.619776  1.013984
3 20  0.388344  1.222592
3 21  0.595249  0.966434
3 22  0.594188  0.924592
3 23  0.593077  0.930329
3 24  0.598096  1.371722
3 25  0.617062  1.040798
3 26  0.593781  0.947741
4 5  0.642781  1.053274
4 6  0.555244  0.708897
4 7  0.633693  1.146700
4 8  0.627325  1.225080
4 9  0.555467  0.695813
4 10  0.611999  0.778395
4 11  0.590860  0.726051
4 12  0.590994  0.707578
4 13  0.619936  1.066980
4 14  0.618178  1.038212
4 15  0.616647  0.968610
4 16  0.606332  0.907088
4 17  0.642879  1.063715
4 18  0.635155  1.135674
4 19  0.384823  0.618040
4 20  0.632498  1.114746
4 21  0.597745  0.751162
4 22  0.549478  0.674906
4 23  0.592490  0.713775
4 24  0.625408  1.211376
4 25  0.612960  0.815811
4 26  0.544219  0.695807
5 6  0.615889  0.999564
5 7  0.617737  1.368724
5 8  0.625463  1.475627
5 9  0.612355  0.971535
5 10  0.639638  1.027478
5 11  0.612826  0.983000
5 12  0.613885  0.967019
5 13  0.642035  1.312253
5 14  0.645011  1.290161
5 15  0.626234  1.219544
5 16  0.624510  1.158999
5 17  0.620466  1.311017
5 18  0.501379  1.294648
5 19  0.642114  1.055959
5 20  0.650996  1.368944
5 21  0.618478  1.006352
5 22  0.615602  0.964173
5 23  0.614942  0.969914
5 24  0.601472  1.363894
5 25  0.645036  1.081310
5 26  0.615064  0.987945
6 7  0.606495  1.077316
6 8  0.600289  1.161281
6 9  0.516044  0.606272
6 10  0.591451  0.718486
6 11  0.564598  0.660156
6 12  0.565427  0.644581
6 13  0.599906  1.031545
6 14  0.595782  0.971724
6 15  0.589379  0.902119
6 16  0.578848  0.840449
6 17  0.615481  0.996811
6 18  0.608183  1.069535
6 19  0.548544  0.700663
6 20  0.607133  1.054450
6 21  0.570462  0.685438
6 22  0.511580  0.597289
6 23  0.566681  0.648604
6 24  0.599786  1.147676
6 25  0.596984  0.759480
6 26  0.295416  0.422600
7 8  0.614832  1.464796
7 9  0.602908  1.047423
7 10  0.630395  1.105024
7 11  0.603328  1.055353
7 12  0.604399  1.044124
7 13  0.636891  1.437372
7 14  0.634035  1.358282
7 15  0.617799  1.265864
7 16  0.591638  1.221001
7 17  0.500295  1.303096
7 18  0.603262  1.405096
7 19  0.632527  1.134306
7 20  0.641015  1.446276
7 21  0.608878  1.085910
7 22  0.606168  1.043383
7 23  0.605483  1.049350
7 24  0.612984  1.538140
7 25  0.635053  1.160055
7 26  0.605771  1.067136
8 9  0.596785  1.140588
8 10  0.624356  1.215399
8 11  0.597226  1.151487
8 12  0.598445  1.140088
8 13  0.612675  1.426561
8 14  0.602319  1.412548
8 15  0.616279  1.391547
8 16  0.606583  1.320430
8 17  0.602593  1.393400
8 18  0.615457  1.558844
8 19  0.623915  1.232429
8 20  0.624007  1.517982
8 21  0.603031  1.185707
8 22  0.600299  1.143594
8 23  0.599645  1.149438
8 24  0.538825  1.632377
8 25  0.628076  1.257010
8 26  0.599509  1.167326
9 10  0.587022  0.686336
9 11  0.560844  0.631033
9 12  0.561517  0.615082
9 13  0.597641  1.014771
9 14  0.593815  0.942264
9 15  0.586051  0.872016
9 16  0.575355  0.810393
9 17  0.612190  0.967039
9 18  0.605004  1.039597
9 19  0.542206  0.666750
9 20  0.603537  1.025571
9 21  0.566878  0.655299
9 22  0.289306  0.351930
9 23  0.562419  0.617814
9 24  0.596517  1.117903
9 25  0.591970  0.728770
9 26  0.512608  0.594820
10 11  0.551847  0.669823
10 12  0.552260  0.659843
10 13  0.626478  1.089416
10 14  0.621862  1.010038
10 15  0.614367  0.941085
10 16  0.603475  0.879606
10 17  0.640452  1.036412
10 18  0.633172  1.107970
10 19  0.610228  0.765420
10 20  0.619614  1.092458
10 21  0.549218  0.690396
10 22  0.589821  0.679999
10 23  0.542139  0.648996
10 24  0.621770  1.184562
10 25  0.386848  0.616920
10 26  0.591087  0.704791
11 12  0.514442  0.583549
11 13  0.599420  1.029597
11 14  0.594818  0.954062
11 15  0.586659  0.883799
11 16  0.575830  0.822295
11 17  0.612666  0.978985
11 18  0.605669  1.051296
11 19  0.590367  0.715529
11 20  0.602232  1.037220
11 21  0.295960  0.422319
11 22  0.564140  0.624223
11 23  0.513414  0.589132
11 24  0.596766  1.129623
11 25  0.544722  0.704643
11 26  0.563810  0.648330
12 13  0.600537  1.013363
12 14  0.595782  0.938225
12 15  0.587627  0.867461
12 16  0.576915  0.805910
12 17  0.613781  0.962752
12 18  0.606580  1.035051
12 19  0.589721  0.698334
12 20  0.604878  1.021182
12 21  0.511853  0.604240
12 22  0.564176  0.606940
12 23  0.292044  0.354853
12 24  0.598063  1.113437
12 25  0.550997  0.692383
12 26  0.564693  0.631837
13 14  0.387922  1.229424
13 15  0.623025  1.269465
13 16  0.613550  1.208376
13 17  0.646770  1.361271
13 18  0.638732  1.431693
13 19  0.617342  1.103869
13 20  0.601199  1.332436
13 21  0.605453  1.055037
13 22  0.602149  1.014404
13 23  0.601728  1.019930
13 24  0.619955  1.484066
13 25  0.629674  1.122736
13 26  0.599967  1.038098
14 15  0.617641  1.148654
14 16  0.606927  1.105520
14 17  0.629264  1.208616
14 18  0.630452  1.293368
14 19  0.613054  0.985007
14 20  0.600170  1.316787
14 21  0.600616  0.977818
14 22  0.596512  0.933388
14 23  0.596949  0.941134
14 24  0.618829  1.421869
14 25  0.626078  1.046313
14 26  0.594922  0.949464
15 16  0.554974  1.026677
15 17  0.630152  1.181416
15 18  0.603822  1.181089
15 19  0.615804  0.944334
15 20  0.627673  1.268569
15 21  0.592628  0.907171
15 22  0.589454  0.863684
15 23  0.588852  0.870271
15 24  0.618971  1.348167
15 25  0.619193  0.980370
15 26  0.589018  0.884652
16 17  0.604146  1.074869
16 18  0.613820  1.222347
16 19  0.605129  0.889666
16 20  0.616019  1.176463
16 21  0.581863  0.842400
16 22  0.578735  0.802886
16 23  0.578099  0.807990
16 24  0.605786  1.287530
16 25  0.608352  0.909344
16 26  0.578311  0.826765
17 18  0.618407  1.349984
17 19  0.641054  1.036287
17 20  0.646357  1.305735
17 21  0.618720  0.998763
17 22  0.615609  0.959742
17 23  0.614988  0.964964
17 24  0.624908  1.436958
17 25  0.644788  1.059728
17 26  0.615065  0.982427
18 19  0.634071  1.105290
18 20  0.642744  1.431562
18 21  0.611540  1.072619
18 22  0.608348  1.029742
18 23  0.607777  1.036460
18 24  0.618124  1.432915
18 25  0.637932  1.148661
18 26  0.607804  1.047439
19 20  0.632630  1.107875
19 21  0.595548  0.738818
19 22  0.556388  0.673453
19 23  0.591069  0.700510
19 24  0.625362  1.196515
19 25  0.614269  0.805443
19 26  0.555667  0.687776
20 21  0.606836  1.037510
20 22  0.606755  1.016445
20 23  0.604194  1.015566
20 24  0.617508  1.403518
20 25  0.624946  1.077243
20 26  0.606123  1.039913
21 22  0.569962  0.647087
21 23  0.520502  0.609018
21 24  0.602642  1.134567
21 25  0.560730  0.725866
21 26  0.569717  0.670681
22 23  0.565880  0.610553
22 24  0.599693  1.106035
22 25  0.594591  0.718732
22 26  0.518069  0.585311
23 24  0.598975  1.108098
23 25  0.560538  0.707809
23 26  0.565705  0.634373
24 25  0.628717  1.203446
24 26  0.598978  1.124400
25 26  0.594787  0.744352
