   -993.89462193
   -994.21368495     -994.09158685
0.00001432114425
2 2 2 2 2 2 2 2 2 2 2 2 2 0 0 0 0 0 0 0 0 0 0 0 0 0 
1  0.290073  0.476168
2  0.300781  0.539520
3  0.311162  0.623378
4  0.312107  0.409375
5  0.332393  0.661302
6  0.284644  0.342540
7  0.322878  0.739874
8  0.317031  0.840233
9  0.280868  0.311832
10  0.309204  0.381674
11  0.281510  0.324098
12  0.282496  0.307281
13  0.319273  0.713000
14  0.314512  0.633842
15  0.306063  0.561453
16  0.295329  0.499946
17  0.332368  0.656904
18  0.325086  0.728524
19  0.310672  0.396814
20  0.323757  0.716847
21  0.287377  0.347725
22  0.284441  0.304342
23  0.283640  0.310141
24  0.316518  0.807078
25  0.314096  0.422706
26  0.283920  0.328747
1 2  0.546630  0.982816
1 3  0.599223  1.074763
1 4  0.602031  0.876330
1 5  0.601308  1.062492
1 6  0.574676  0.816432
1 7  0.606861  1.209277
1 8  0.601982  1.298803
1 9  0.570919  0.787552
1 10  0.599180  0.853465
1 11  0.571574  0.800188
1 12  0.572568  0.783144
1 13  0.607126  1.155466
1 14  0.604248  1.107688
1 15  0.299938  0.830870
1 16  0.545857  0.950217
1 17  0.620021  1.130366
1 18  0.589600  1.186451
1 19  0.600612  0.872783
1 20  0.613368  1.189225
1 21  0.577318  0.823665
1 22  0.574475  0.780476
1 23  0.573657  0.786226
1 24  0.601355  1.264135
1 25  0.604089  0.898526
1 26  0.573850  0.804839
2 3  0.609775  1.121984
2 4  0.612825  0.947295
2 5  0.625090  1.165436
2 6  0.585417  0.881617
2 7  0.597658  1.176188
2 8  0.615132  1.357754
2 9  0.581646  0.850544
2 10  0.609842  0.911410
2 11  0.582257  0.860815
2 12  0.583262  0.846264
2 13  0.618679  1.244264
2 14  0.614907  1.169845
2 15  0.556626  1.048399
2 16  0.301313  0.834404
2 17  0.621807  1.192961
2 18  0.615962  1.235957
2 19  0.611442  0.935997
2 20  0.622654  1.252051
2 21  0.587814  0.887103
2 22  0.585173  0.843794
2 23  0.584319  0.849614
2 24  0.610494  1.336196
2 25  0.614361  0.961803
2 26  0.584646  0.868073
3 4  0.621875  1.026752
3 5  0.627809  1.205063
3 6  0.595644  0.965199
3 7  0.625979  1.300376
3 8  0.616620  1.443981
3 9  0.591962  0.933940
3 10  0.610554  0.968835
3 11  0.590738  0.940357
3 12  0.592791  0.929494
3 13  0.595189  1.308174
3 14  0.592600  1.224957
3 15  0.616875  1.181006
3 16  0.606124  1.120772
3 17  0.642346  1.275762
3 18  0.633748  1.336167
3 19  0.620809  1.017114
3 20  0.389124  1.224519
3 21  0.596329  0.969735
3 22  0.595518  0.927378
3 23  0.594210  0.932924
3 24  0.598733  1.371783
3 25  0.618240  1.044157
3 26  0.595006  0.950884
4 5  0.643902  1.055074
4 6  0.556776  0.713532
4 7  0.634773  1.147953
4 8  0.628441  1.226465
4 9  0.556647  0.699981
4 10  0.613615  0.783078
4 11  0.592394  0.730588
4 12  0.592570  0.711685
4 13  0.621171  1.069761
4 14  0.619426  1.041450
4 15  0.617637  0.970426
4 16  0.607326  0.908984
4 17  0.643995  1.065619
4 18  0.636241  1.136905
4 19  0.386430  0.623315
4 20  0.633785  1.117919
4 21  0.599291  0.755943
4 22  0.550798  0.678791
4 23  0.594080  0.717899
4 24  0.626503  1.212776
4 25  0.614578  0.820587
4 26  0.545650  0.700295
5 6  0.616932  1.001358
5 7  0.618184  1.367088
5 8  0.625967  1.474358
5 9  0.613218  0.972843
5 10  0.640659  1.029171
5 11  0.613748  0.984649
5 12  0.614854  0.968293
5 13  0.642674  1.312696
5 14  0.645653  1.290475
5 15  0.626603  1.218449
5 16  0.624882  1.158006
5 17  0.620943  1.310031
5 18  0.501838  1.292938
5 19  0.642980  1.057669
5 20  0.651644  1.369269
5 21  0.619411  1.008205
5 22  0.616764  0.965517
5 23  0.615917  0.971085
5 24  0.601938  1.362837
5 25  0.646047  1.083205
5 26  0.616121  0.989657
6 7  0.607498  1.078409
6 8  0.601328  1.162343
6 9  0.517387  0.610386
6 10  0.593010  0.723133
6 11  0.566062  0.664591
6 12  0.566933  0.648672
6 13  0.601070  1.034351
6 14  0.596958  0.974824
6 15  0.590284  0.903830
6 16  0.579758  0.842234
6 17  0.616513  0.998585
6 18  0.609184  1.070665
6 19  0.549914  0.705186
6 20  0.608338  1.057547
6 21  0.571934  0.690146
6 22  0.513034  0.601354
6 23  0.568195  0.652616
6 24  0.600798  1.148989
6 25  0.598530  0.764173
6 26  0.296347  0.426907
7 8  0.615278  1.463304
7 9  0.603731  1.047964
7 10  0.631378  1.106069
7 11  0.604211  1.056239
7 12  0.605326  1.044751
7 13  0.637494  1.437086
7 14  0.634632  1.357958
7 15  0.618136  1.264339
7 16  0.591974  1.219381
7 17  0.500737  1.301375
7 18  0.603677  1.403022
7 19  0.633354  1.135362
7 20  0.641632  1.445971
7 21  0.609766  1.087127
7 22  0.607288  1.044075
7 23  0.606420  1.049878
7 24  0.613412  1.536083
7 25  0.636022  1.161285
7 26  0.606789  1.068194
8 9  0.597643  1.141221
8 10  0.625374  1.216711
8 11  0.598144  1.152453
8 12  0.599410  1.140791
8 13  0.613298  1.426489
8 14  0.602963  1.412527
8 15  0.616650  1.390033
8 16  0.606948  1.319060
8 17  0.603070  1.392318
8 18  0.615906  1.556798
8 19  0.624778  1.233658
8 20  0.624668  1.517987
8 21  0.603959  1.187117
8 22  0.601459  1.144480
8 23  0.600619  1.150158
8 24  0.539296  1.630460
8 25  0.629091  1.258421
8 26  0.600561  1.168582
9 10  0.588389  0.690400
9 11  0.562128  0.635006
9 12  0.562839  0.618695
9 13  0.598623  1.017261
9 14  0.594812  0.944841
9 15  0.586781  0.873223
9 16  0.576087  0.811678
9 17  0.613041  0.968318
9 18  0.605828  1.040225
9 19  0.543256  0.670637
9 20  0.604562  1.028190
9 21  0.568170  0.659503
9 22  0.290953  0.356007
9 23  0.563760  0.621326
9 24  0.597350  1.118718
9 25  0.593342  0.732998
9 26  0.513999  0.598966
10 11  0.553165  0.674278
10 12  0.553557  0.663959
10 13  0.627653  1.092565
10 14  0.623025  1.013161
10 15  0.615263  0.942830
10 16  0.604369  0.881435
10 17  0.641468  1.038241
10 18  0.634156  1.109131
10 19  0.611607  0.769952
10 20  0.620818  1.095641
10 21  0.550540  0.695055
10 22  0.591508  0.684229
10 23  0.543396  0.652839
10 24  0.622767  1.185895
10 25  0.388274  0.622122
10 26  0.592659  0.709355
11 12  0.515827  0.587675
11 13  0.600497  1.032468
11 14  0.595887  0.957024
11 15  0.587454  0.885374
11 16  0.576620  0.823954
11 17  0.613582  0.980638
11 18  0.606557  1.052290
11 19  0.591651  0.719923
11 20  0.603297  1.040203
11 21  0.297059  0.426978
11 22  0.565723  0.628265
11 23  0.514754  0.593135
11 24  0.597658  1.130805
11 25  0.545972  0.709113
11 26  0.565288  0.652752
12 13  0.601656  1.015833
12 14  0.596893  0.940826
12 15  0.588463  0.868659
12 16  0.577752  0.807187
12 17  0.614740  0.964030
12 18  0.607507  1.035671
12 19  0.591046  0.702380
12 20  0.606002  1.023769
12 21  0.513152  0.608452
12 22  0.565806  0.610613
12 23  0.293326  0.358331
12 24  0.599002  1.114245
12 25  0.552306  0.696450
12 26  0.566215  0.635876
13 14  0.388643  1.231179
13 15  0.623539  1.269709
13 16  0.614075  1.208679
13 17  0.647403  1.361600
13 18  0.639339  1.431375
13 19  0.618372  1.106929
13 20  0.602046  1.334205
13 21  0.606537  1.058206
13 22  0.603453  1.017058
13 23  0.602854  1.022435
13 24  0.620578  1.484041
13 25  0.630839  1.125889
13 26  0.601159  1.041149
14 15  0.618153  1.148885
14 16  0.607436  1.105805
14 17  0.629855  1.208860
14 18  0.631035  1.292978
14 19  0.614033  0.987611
14 20  0.600988  1.318439
14 21  0.601690  0.980988
14 22  0.597780  0.935992
14 23  0.598068  0.943601
14 24  0.619443  1.421642
14 25  0.627230  1.049458
14 26  0.596094  0.952307
15 16  0.555203  1.025529
15 17  0.630510  1.180383
15 18  0.604148  1.179669
15 19  0.616541  0.945863
15 20  0.628208  1.268778
15 21  0.593431  0.908949
15 22  0.590484  0.864939
15 23  0.589698  0.871347
15 24  0.619318  1.346721
15 25  0.620075  0.982141
15 26  0.589945  0.886220
16 17  0.604495  1.074042
16 18  0.614153  1.220653
16 19  0.605864  0.891313
16 20  0.616544  1.176796
16 21  0.582665  0.844217
16 22  0.579766  0.804215
16 23  0.578943  0.809165
16 24  0.606130  1.286150
16 25  0.609231  0.911133
16 26  0.579238  0.828473
17 18  0.618841  1.348310
17 19  0.641905  1.037832
17 20  0.646994  1.306162
17 21  0.619643  1.000596
17 22  0.616758  0.961074
17 23  0.615953  0.966153
17 24  0.625381  1.435655
17 25  0.645786  1.061501
17 26  0.616109  0.984115
18 19  0.634894  1.106192
18 20  0.643352  1.431234
18 21  0.612434  1.073778
18 22  0.609465  1.030403
18 23  0.608713  1.036918
18 24  0.618550  1.431373
18 25  0.638901  1.149874
18 26  0.608817  1.048348
19 20  0.633657  1.110883
19 21  0.596837  0.743423
19 22  0.557574  0.677396
19 23  0.592400  0.704373
19 24  0.626193  1.197686
19 25  0.615626  0.809992
19 26  0.557013  0.692169
20 21  0.607894  1.040305
20 22  0.608079  1.019029
20 23  0.605281  1.017935
20 24  0.618114  1.403364
20 25  0.626085  1.079969
20 26  0.607343  1.042864
21 22  0.571547  0.651317
21 23  0.521871  0.613151
21 24  0.603543  1.135655
21 25  0.562046  0.730425
21 26  0.571202  0.675260
22 23  0.567504  0.614104
22 24  0.600820  1.106810
22 25  0.596238  0.722885
22 26  0.519671  0.589434
23 24  0.599914  1.108660
23 25  0.561865  0.711932
23 26  0.567231  0.638286
24 25  0.629694  1.204762
24 26  0.600001  1.125423
25 26  0.596341  0.748941
