   -993.89462193
   -994.21412323     -994.09251908
0.00002378998173
2 2 2 2 2 2 2 2 2 2 2 2 2 0 0 0 0 0 0 0 0 0 0 0 0 0 
1  0.290339  0.474610
2  0.301055  0.537140
3  0.312415  0.626242
4  0.314540  0.417693
5  0.333099  0.659146
6  0.286816  0.351014
7  0.323473  0.735369
8  0.317735  0.836309
9  0.283138  0.318498
10  0.311462  0.389950
11  0.283543  0.332541
12  0.284760  0.313591
13  0.320507  0.715333
14  0.315765  0.636379
15  0.306341  0.559047
16  0.295636  0.498328
17  0.333042  0.654868
18  0.325709  0.724429
19  0.312840  0.404954
20  0.325047  0.719127
21  0.289440  0.356509
22  0.286936  0.310378
23  0.285789  0.316093
24  0.317193  0.803312
25  0.316428  0.430896
26  0.286158  0.336746
1 2  0.547128  0.978802
1 3  0.600727  1.076188
1 4  0.604722  0.882791
1 5  0.602257  1.059463
1 6  0.577109  0.823250
1 7  0.607723  1.203274
1 8  0.602950  1.293669
1 9  0.573449  0.792676
1 10  0.601701  0.859992
1 11  0.573872  0.807055
1 12  0.575098  0.787829
1 13  0.608602  1.156425
1 14  0.605757  1.108726
1 15  0.300464  0.825982
1 16  0.546429  0.947291
1 17  0.620960  1.126882
1 18  0.590507  1.181001
1 19  0.603040  0.879354
1 20  0.614926  1.189993
1 21  0.579641  0.830846
1 22  0.577228  0.784953
1 23  0.576069  0.790610
1 24  0.602295  1.259184
1 25  0.606689  0.905143
1 26  0.576327  0.811270
2 3  0.611299  1.122578
2 4  0.615529  0.953095
2 5  0.626051  1.161116
2 6  0.587862  0.887660
2 7  0.598525  1.170608
2 8  0.616119  1.352014
2 9  0.584190  0.854709
2 10  0.612372  0.916964
2 11  0.584559  0.866676
2 12  0.585795  0.850207
2 13  0.620183  1.244242
2 14  0.616434  1.170047
2 15  0.557173  1.044432
2 16  0.301848  0.829503
2 17  0.622752  1.188626
2 18  0.616867  1.230212
2 19  0.613884  0.941738
2 20  0.624206  1.252071
2 21  0.590117  0.893492
2 22  0.587943  0.847442
2 23  0.586742  0.853180
2 24  0.611444  1.330235
2 25  0.616947  0.967597
2 26  0.587155  0.873654
3 4  0.625546  1.037697
3 5  0.629606  1.205677
3 6  0.599067  0.976417
3 7  0.627761  1.298679
3 8  0.618562  1.442785
3 9  0.595484  0.943218
3 10  0.613919  0.978491
3 11  0.593913  0.950997
3 12  0.596242  0.938561
3 13  0.597713  1.313568
3 14  0.595144  1.230247
3 15  0.618409  1.181507
3 16  0.607678  1.122079
3 17  0.644264  1.276701
3 18  0.635601  1.335090
3 19  0.624220  1.028028
3 20  0.391506  1.230249
3 21  0.599580  0.981319
3 22  0.599263  0.936276
3 23  0.597574  0.941644
3 24  0.600638  1.371350
3 25  0.621794  1.055289
3 26  0.598494  0.961663
4 5  0.647035  1.060829
4 6  0.561098  0.729925
4 7  0.637788  1.151729
4 8  0.631562  1.230684
4 9  0.560813  0.714995
4 10  0.618214  0.799307
4 11  0.596830  0.747069
4 12  0.597199  0.725805
4 13  0.624666  1.078783
4 14  0.623059  1.052363
4 15  0.620329  0.976320
4 16  0.610071  0.915670
4 17  0.647111  1.071908
4 18  0.639301  1.141082
4 19  0.390662  0.641298
4 20  0.637487  1.128329
4 21  0.603760  0.772903
4 22  0.555093  0.692576
4 23  0.598646  0.732195
4 24  0.629624  1.217204
4 25  0.619301  0.836909
4 26  0.549788  0.716086
5 6  0.619807  1.007638
5 7  0.619440  1.360594
5 8  0.627396  1.469040
5 9  0.616187  0.977383
5 10  0.643600  1.034763
5 11  0.616462  0.990836
5 12  0.617817  0.972368
5 13  0.644575  1.313424
5 14  0.647598  1.290967
5 15  0.627583  1.213983
5 16  0.625891  1.154359
5 17  0.622298  1.305994
5 18  0.503149  1.286632
5 19  0.645851  1.063627
5 20  0.653583  1.369530
5 21  0.622176  1.014718
5 22  0.619964  0.969387
5 23  0.618761  0.974844
5 24  0.603299  1.358430
5 25  0.649090  1.089246
5 26  0.619061  0.995454
6 7  0.610261  1.082131
6 8  0.604197  1.165837
6 9  0.521552  0.625386
6 10  0.597424  0.739780
6 11  0.570260  0.681216
6 12  0.571354  0.663341
6 13  0.604421  1.044047
6 14  0.600357  0.985779
6 15  0.592704  0.909880
6 16  0.582228  0.849046
6 17  0.619355  1.004926
6 18  0.611964  1.075014
6 19  0.554044  0.721525
6 20  0.611798  1.068217
6 21  0.576163  0.707399
6 22  0.517098  0.615734
6 23  0.572510  0.667041
6 24  0.603635  1.153655
6 25  0.603009  0.780725
6 26  0.299424  0.443296
7 8  0.616549  1.457295
7 9  0.606596  1.049773
7 10  0.634221  1.109327
7 11  0.606826  1.059629
7 12  0.608175  1.046513
7 13  0.639281  1.435185
7 14  0.636461  1.356172
7 15  0.619016  1.258269
7 16  0.592889  1.213497
7 17  0.501971  1.294707
7 18  0.604879  1.395407
7 19  0.636113  1.138964
7 20  0.643496  1.443983
7 21  0.612406  1.091366
7 22  0.610369  1.045591
7 23  0.609162  1.051312
7 24  0.614678  1.528146
7 25  0.638949  1.164928
7 26  0.609622  1.071637
8 9  0.600597  1.143327
8 10  0.628317  1.220832
8 11  0.600860  1.155930
8 12  0.602368  1.142658
8 13  0.615148  1.425451
8 14  0.604921  1.411734
8 15  0.617637  1.383912
8 16  0.607948  1.313916
8 17  0.604414  1.387816
8 18  0.617204  1.549134
8 19  0.627651  1.237773
8 20  0.626645  1.516970
8 21  0.606715  1.191927
8 22  0.604656  1.146574
8 23  0.603470  1.152169
8 24  0.540701  1.622886
8 25  0.632139  1.262591
8 26  0.603490  1.172611
9 10  0.592870  0.705005
9 11  0.566421  0.650006
9 12  0.567350  0.631657
9 13  0.602004  1.025865
9 14  0.598295  0.953920
9 15  0.589331  0.877474
9 16  0.578651  0.816713
9 17  0.615973  0.972901
9 18  0.608720  1.042781
9 19  0.547047  0.684680
9 20  0.608113  1.037134
9 21  0.572494  0.674952
9 22  0.295236  0.369314
9 23  0.568188  0.633962
9 24  0.600293  1.121589
9 25  0.597924  0.747884
9 26  0.518261  0.613872
10 11  0.557093  0.690588
10 12  0.557389  0.678368
10 13  0.631137  1.103093
10 14  0.626520  1.023878
10 15  0.617799  0.948677
10 16  0.606924  0.888078
10 17  0.644398  1.044459
10 18  0.637031  1.113270
10 19  0.615973  0.786163
10 20  0.624394  1.106259
10 21  0.554540  0.711804
10 22  0.596229  0.698566
10 23  0.547018  0.666158
10 24  0.625705  1.190293
10 25  0.392646  0.640409
10 26  0.597128  0.725535
11 12  0.520072  0.602930
11 13  0.603755  1.042699
11 14  0.599167  0.967916
11 15  0.589758  0.891370
11 16  0.578932  0.830759
11 17  0.616279  0.986994
11 18  0.609212  1.056582
11 19  0.595827  0.736403
11 20  0.606547  1.050918
11 21  0.300303  0.445157
11 22  0.570241  0.642736
11 23  0.518845  0.608080
11 24  0.600351  1.135425
11 25  0.549819  0.725107
11 26  0.569550  0.669194
12 13  0.605150  1.023886
12 14  0.600401  0.949674
12 15  0.590997  0.872557
12 16  0.580313  0.811873
12 17  0.617675  0.968293
12 18  0.610382  1.037871
12 19  0.595449  0.716872
12 20  0.609530  1.032281
12 21  0.517172  0.623678
12 22  0.570570  0.622979
12 23  0.297300  0.371370
12 24  0.601939  1.116768
12 25  0.556228  0.710300
12 26  0.570706  0.650176
13 14  0.390903  1.236518
13 15  0.625026  1.269760
13 16  0.615619  1.209437
13 17  0.649273  1.362050
13 18  0.641175  1.429819
13 19  0.621788  1.117441
13 20  0.604665  1.339382
13 21  0.609830  1.069197
13 22  0.607152  1.025380
13 23  0.606232  1.030726
13 24  0.622476  1.483158
13 25  0.634402  1.136241
13 26  0.604576  1.051492
14 15  0.619667  1.149131
14 16  0.608976  1.106824
14 17  0.631659  1.209361
14 18  0.632850  1.291434
14 19  0.617305  0.996830
14 20  0.603558  1.323495
14 21  0.605000  0.992243
14 22  0.601427  0.944387
14 23  0.601468  0.952003
14 24  0.621361  1.420314
14 25  0.630806  1.059993
14 26  0.599487  0.962122
15 16  0.555750  1.021412
15 17  0.631448  1.176144
15 18  0.605042  1.174518
15 19  0.618991  0.951273
15 20  0.629780  1.268686
15 21  0.595771  0.915289
15 22  0.593251  0.868565
15 23  0.592125  0.874837
15 24  0.620279  1.341112
15 25  0.622680  0.987783
15 26  0.592456  0.891591
16 17  0.605444  1.071081
16 18  0.615080  1.214990
16 19  0.608332  0.897643
16 20  0.618116  1.177697
16 21  0.585026  0.851200
16 22  0.582568  0.808608
16 23  0.581393  0.813502
16 24  0.607112  1.281186
16 25  0.611865  0.917418
16 26  0.581781  0.834838
17 18  0.620091  1.342289
17 19  0.644717  1.043404
17 20  0.648914  1.307026
17 21  0.622376  1.007226
17 22  0.619920  0.965046
17 23  0.618770  0.970126
17 24  0.626757  1.430609
17 25  0.648783  1.067304
17 26  0.619007  0.989969
18 19  0.637670  1.109744
18 20  0.645206  1.429611
18 21  0.615115  1.078276
18 22  0.612573  1.032284
18 23  0.611485  1.038560
18 24  0.619832  1.425619
18 25  0.641848  1.153917
18 26  0.611667  1.051751
19 20  0.637107  1.121233
19 21  0.601050  0.760284
19 22  0.561602  0.691437
19 23  0.596672  0.718186
19 24  0.629016  1.201829
19 25  0.620051  0.825978
19 26  0.561148  0.707836
20 21  0.611135  1.049921
20 22  0.611859  1.027041
20 23  0.608571  1.025655
20 24  0.619982  1.402294
20 25  0.629575  1.088974
20 26  0.610867  1.052839
21 22  0.576092  0.666053
21 23  0.526049  0.628190
21 24  0.606272  1.139547
21 25  0.566043  0.746467
21 26  0.575492  0.691856
22 23  0.572123  0.626076
22 24  0.603980  1.108734
22 25  0.601006  0.736727
22 26  0.524147  0.603717
23 24  0.602722  1.110306
23 25  0.565749  0.726037
23 26  0.571604  0.652170
24 25  0.632685  1.209035
24 26  0.602900  1.128882
25 26  0.600885  0.764957
