   -993.90310287
   -994.21960756     -994.09140164
0.00007558040292
2 2 2 2 2 2 2 2 2 2 2 2 2 0 0 0 0 0 0 0 0 0 0 0 0 0 
1  0.272711  0.544946
2  0.277390  0.446319
3  0.286604  0.489110
4  0.278098  0.521294
5  0.268706  0.384280
6  0.282152  0.334890
7  0.279558  0.344065
8  0.318288  0.684183
9  0.303864  0.410627
10  0.304244  0.681217
11  0.307191  0.607415
12  0.309650  0.630134
13  0.311033  0.710579
14  0.279099  0.543357
15  0.281282  0.468392
16  0.289508  0.489163
17  0.281695  0.496621
18  0.273284  0.372542
19  0.284447  0.329940
20  0.282748  0.358248
21  0.311492  0.693187
22  0.305250  0.423847
23  0.321327  0.707037
24  0.308598  0.618315
25  0.310219  0.596994
26  0.307652  0.707834
1 2  0.549286  0.979521
1 3  0.557932  1.002800
1 4  0.546269  1.024886
1 5  0.541193  0.914275
1 6  0.554843  0.877027
1 7  0.552236  0.888126
1 8  0.568394  1.178777
1 9  0.576516  0.951673
1 10  0.573607  1.220724
1 11  0.578351  1.139918
1 12  0.564018  1.083596
1 13  0.579771  1.223007
1 14  0.261217  0.903308
1 15  0.553849  1.011333
1 16  0.560924  1.032298
1 17  0.549457  1.039552
1 18  0.544984  0.916885
1 19  0.557124  0.874723
1 20  0.555445  0.902784
1 21  0.577522  1.227572
1 22  0.577812  0.968041
1 23  0.568678  1.221854
1 24  0.580524  1.154726
1 25  0.568764  1.139143
1 26  0.575998  1.224318
2 3  0.520862  0.907859
2 4  0.555473  0.966284
2 5  0.546090  0.829503
2 6  0.559541  0.781130
2 7  0.556946  0.789828
2 8  0.594855  1.105322
2 9  0.581246  0.854391
2 10  0.574435  1.089276
2 11  0.584503  1.049596
2 12  0.577947  1.045557
2 13  0.572741  1.145676
2 14  0.556352  0.987992
2 15  0.271210  0.702611
2 16  0.518670  0.890124
2 17  0.558982  0.942135
2 18  0.550674  0.818592
2 19  0.561825  0.776200
2 20  0.560094  0.804435
2 21  0.563895  1.099860
2 22  0.582572  0.869881
2 23  0.598308  1.151025
2 24  0.585668  1.063262
2 25  0.585702  1.040530
2 26  0.581687  1.151866
3 4  0.564679  0.997827
3 5  0.555305  0.868876
3 6  0.568756  0.823214
3 7  0.566161  0.832909
3 8  0.604421  1.158512
3 9  0.590465  0.898329
3 10  0.586384  1.163477
3 11  0.593782  1.092661
3 12  0.588506  1.067920
3 13  0.574427  1.149088
3 14  0.564315  1.030752
3 15  0.518923  0.910261
3 16  0.278897  0.760463
3 17  0.568084  0.984517
3 18  0.559875  0.861221
3 19  0.571047  0.818966
3 20  0.569342  0.847207
3 21  0.566491  1.149999
3 22  0.591849  0.912637
3 23  0.607764  1.193708
3 24  0.595083  1.105679
3 25  0.594103  1.084167
3 26  0.592017  1.183946
4 5  0.541483  0.879403
4 6  0.560009  0.849843
4 7  0.557499  0.863370
4 8  0.567546  1.181604
4 9  0.580331  0.926327
4 10  0.581242  1.192171
4 11  0.557833  1.090338
4 12  0.587541  1.125135
4 13  0.588836  1.200205
4 14  0.552311  1.062350
4 15  0.559196  0.988614
4 16  0.567285  1.009107
4 17  0.282332  0.836109
4 18  0.547234  0.892714
4 19  0.561811  0.850647
4 20  0.560475  0.877928
4 21  0.589417  1.210285
4 22  0.582834  0.943250
4 23  0.564719  1.179185
4 24  0.553127  1.097594
4 25  0.587830  1.115582
4 26  0.585543  1.224696
5 6  0.544777  0.706866
5 7  0.544426  0.722509
5 8  0.584487  1.058150
5 9  0.552693  0.778539
5 10  0.572930  1.064214
5 11  0.554468  0.966581
5 12  0.578344  1.004428
5 13  0.579737  1.088001
5 14  0.546773  0.926917
5 15  0.549983  0.852315
5 16  0.558185  0.872938
5 17  0.545960  0.879716
5 18  0.257217  0.514246
5 19  0.549437  0.712114
5 20  0.550398  0.739030
5 21  0.580110  1.076214
5 22  0.547103  0.779134
5 23  0.589338  1.087293
5 24  0.548746  0.976058
5 25  0.578812  0.980373
5 26  0.576238  1.091161
6 7  0.514357  0.638808
6 8  0.600342  1.018835
6 9  0.554752  0.723897
6 10  0.586376  1.014144
6 11  0.586948  0.931728
6 12  0.591798  0.963380
6 13  0.593183  1.042237
6 14  0.561195  0.878079
6 15  0.563419  0.803202
6 16  0.571653  0.823955
6 17  0.563074  0.831040
6 18  0.551486  0.705216
6 19  0.281925  0.407062
6 20  0.512027  0.646429
6 21  0.593643  1.027772
6 22  0.547132  0.719937
6 23  0.603045  1.041065
6 24  0.590160  0.952868
6 25  0.592355  0.931685
6 26  0.589769  1.042439
7 8  0.597436  1.024317
7 9  0.552642  0.727307
7 10  0.583752  1.020442
7 11  0.582844  0.932174
7 12  0.589202  0.973602
7 13  0.590587  1.051213
7 14  0.558642  0.887151
7 15  0.560789  0.812339
7 16  0.569050  0.833115
7 17  0.560904  0.839509
7 18  0.551697  0.713773
7 19  0.511161  0.628415
7 20  0.281505  0.457022
7 21  0.591014  1.036820
7 22  0.545004  0.729657
7 23  0.599856  1.049894
7 24  0.586724  0.962140
7 25  0.589770  0.940834
7 26  0.586963  1.051410
8 9  0.619664  1.069730
8 10  0.611448  1.291332
8 11  0.606756  1.261243
8 12  0.624945  1.276430
8 13  0.628212  1.385442
8 14  0.571788  1.197861
8 15  0.599200  1.150126
8 16  0.607670  1.171098
8 17  0.564890  1.130603
8 18  0.590832  1.053265
8 19  0.602339  1.013409
8 20  0.600040  1.041229
8 21  0.625683  1.362702
8 22  0.622689  1.107230
8 23  0.395699  1.300701
8 24  0.600214  1.248179
8 25  0.626046  1.274234
8 26  0.614683  1.381730
9 10  0.607960  1.084781
9 11  0.600303  1.005003
9 12  0.613506  1.037577
9 13  0.614885  1.119987
9 14  0.582826  0.953462
9 15  0.585083  0.878731
9 16  0.593366  0.899507
9 17  0.584983  0.905785
9 18  0.550224  0.753790
9 19  0.547373  0.700476
9 20  0.546625  0.730885
9 21  0.615211  1.102884
9 22  0.375959  0.659232
9 23  0.624327  1.116896
9 24  0.593767  1.010449
9 25  0.614076  1.007122
9 26  0.610933  1.117517
10 11  0.609716  1.245937
10 12  0.576608  1.292168
10 13  0.588876  1.322128
10 14  0.578263  1.192866
10 15  0.582292  1.147356
10 16  0.591277  1.157221
10 17  0.585734  1.174746
10 18  0.577419  1.053103
10 19  0.588652  1.010942
10 20  0.586758  1.038912
10 21  0.582995  1.333077
10 22  0.608913  1.104034
10 23  0.613457  1.377698
10 24  0.611537  1.294367
10 25  0.572390  1.219600
10 26  0.376068  1.282904
11 12  0.616710  1.229191
11 13  0.617929  1.282345
11 14  0.585423  1.142909
11 15  0.588081  1.074359
11 16  0.596511  1.094943
11 17  0.554756  1.062249
11 18  0.552101  0.953596
11 19  0.591064  0.937175
11 20  0.588381  0.965245
11 21  0.618553  1.295059
11 22  0.594266  1.012737
11 23  0.601783  1.259223
11 24  0.381298  1.108921
11 25  0.617197  1.201341
11 26  0.613593  1.310030
12 13  0.594286  1.297883
12 14  0.574430  1.170070
12 15  0.588762  1.094778
12 16  0.596408  1.116963
12 17  0.590895  1.123963
12 18  0.582832  1.001796
12 19  0.594086  0.959879
12 20  0.592391  0.988050
12 21  0.588546  1.271266
12 22  0.614894  1.053338
12 23  0.628174  1.328237
12 24  0.618037  1.244361
12 25  0.373259  1.087641
12 26  0.575678  1.279959
13 14  0.583711  1.243303
13 15  0.568447  1.137125
13 16  0.568263  1.164765
13 17  0.592551  1.203288
13 18  0.584233  1.081994
13 19  0.595475  1.040277
13 20  0.593745  1.068288
13 21  0.409018  1.318986
13 22  0.616142  1.133292
13 23  0.628125  1.402113
13 24  0.619503  1.323121
13 25  0.590038  1.259738
13 26  0.584246  1.372262
14 15  0.559266  1.000132
14 16  0.566915  1.001927
14 17  0.556037  1.005820
14 18  0.552235  0.905637
14 19  0.563520  0.872085
14 20  0.561809  0.901191
14 21  0.586133  1.209288
14 22  0.584286  0.963933
14 23  0.576495  1.202029
14 24  0.585580  1.152930
14 25  0.568441  1.055321
14 26  0.583167  1.244574
15 16  0.526441  0.929897
15 17  0.562956  0.964047
15 18  0.554557  0.840137
15 19  0.565726  0.798084
15 20  0.564026  0.825219
15 21  0.575819  1.144395
15 22  0.586521  0.888405
15 23  0.601608  1.143752
15 24  0.589783  1.078905
15 25  0.581251  1.034878
15 26  0.581121  1.126087
16 17  0.571179  0.976712
16 18  0.562785  0.858863
16 19  0.573954  0.818809
16 20  0.572255  0.847241
16 21  0.577927  1.138807
16 22  0.594754  0.911716
16 23  0.610226  1.181678
16 24  0.598086  1.104867
16 25  0.591572  1.037258
16 26  0.591401  1.188667
17 18  0.549227  0.847943
17 19  0.565990  0.822842
17 20  0.564249  0.853597
17 21  0.592877  1.166045
17 22  0.584722  0.916264
17 23  0.573886  1.184560
17 24  0.562475  1.081622
17 25  0.591738  1.076580
17 26  0.587692  1.194557
18 19  0.551117  0.691876
18 20  0.550818  0.724898
18 21  0.584774  1.061941
18 22  0.557287  0.780556
18 23  0.591307  1.071201
18 24  0.559790  0.969255
18 25  0.583498  0.963750
18 26  0.580896  1.079345
19 20  0.519024  0.647688
19 21  0.595937  1.020702
19 22  0.558708  0.734297
19 23  0.605635  1.036318
19 24  0.589884  0.937626
19 25  0.594660  0.926381
19 26  0.592068  1.035258
20 21  0.594236  1.047551
20 22  0.557022  0.749721
20 23  0.603581  1.056740
20 24  0.586929  0.953004
20 25  0.592961  0.954877
20 26  0.590331  1.058442
21 22  0.616722  1.114423
21 23  0.631455  1.386476
21 24  0.619747  1.275209
21 25  0.596249  1.256216
21 26  0.594144  1.325197
22 23  0.623627  1.099117
22 24  0.603028  1.020611
22 25  0.615461  1.018361
22 26  0.612704  1.119636
23 24  0.611675  1.278891
23 25  0.628733  1.270925
23 26  0.617063  1.317638
24 25  0.618653  1.209987
24 26  0.614150  1.271372
25 26  0.578584  1.281620
