   -993.90310287
   -994.22058417     -994.09380704
0.00001367898908
2 2 2 2 2 2 2 2 2 2 2 2 2 0 0 0 0 0 0 0 0 0 0 0 0 0 
1  0.276360  0.548584
2  0.279352  0.447424
3  0.288205  0.489450
4  0.280508  0.528187
5  0.270472  0.394406
6  0.282928  0.341788
7  0.280349  0.352132
8  0.321584  0.689594
9  0.305439  0.419116
10  0.308410  0.678133
11  0.310010  0.618915
12  0.313554  0.627321
13  0.314027  0.703218
14  0.282822  0.546460
15  0.283135  0.469711
16  0.291122  0.489479
17  0.284205  0.503477
18  0.275088  0.381671
19  0.285304  0.336141
20  0.283516  0.367010
21  0.314419  0.686306
22  0.306753  0.432429
23  0.324692  0.711971
24  0.311321  0.629632
25  0.314212  0.593919
26  0.311791  0.705628
1 2  0.554794  0.984079
1 3  0.563091  1.006642
1 4  0.552115  1.034775
1 5  0.546594  0.926793
1 6  0.559268  0.887062
1 7  0.556675  0.899677
1 8  0.575135  1.187221
1 9  0.581738  0.963406
1 10  0.581325  1.221506
1 11  0.584729  1.154496
1 12  0.570566  1.084046
1 13  0.586155  1.219767
1 14  0.267590  0.908490
1 15  0.559331  1.016231
1 16  0.566045  1.036394
1 17  0.555533  1.050066
1 18  0.550308  0.929645
1 19  0.561630  0.884525
1 20  0.559861  0.915086
1 21  0.583990  1.224519
1 22  0.582940  0.980236
1 23  0.575656  1.231661
1 24  0.586863  1.169747
1 25  0.575875  1.139534
1 26  0.583772  1.227002
2 3  0.524283  0.909080
2 4  0.559839  0.974270
2 5  0.549814  0.840629
2 6  0.562277  0.789122
2 7  0.559696  0.798847
2 8  0.600007  1.110848
2 9  0.584777  0.863486
2 10  0.580343  1.087356
2 11  0.589267  1.061852
2 12  0.583511  1.043731
2 13  0.577701  1.139463
2 14  0.562013  0.992162
2 15  0.274536  0.704181
2 16  0.522344  0.892905
2 17  0.563401  0.950109
2 18  0.554440  0.828800
2 19  0.564637  0.783498
2 20  0.562804  0.814291
2 21  0.568825  1.095168
2 22  0.586021  0.879545
2 23  0.603585  1.157160
2 24  0.590264  1.075696
2 25  0.591592  1.038670
2 26  0.587675  1.150896
3 4  0.568682  1.004295
3 5  0.558670  0.878643
3 6  0.571132  0.830208
3 7  0.568553  0.841268
3 8  0.609274  1.163518
3 9  0.593638  0.906826
3 10  0.591975  1.160610
3 11  0.598203  1.104405
3 12  0.593794  1.066308
3 13  0.579047  1.143059
3 14  0.569468  1.034322
3 15  0.522495  0.913409
3 16  0.281843  0.760398
3 17  0.572127  0.991770
3 18  0.563279  0.870643
3 19  0.573501  0.825487
3 20  0.571705  0.856285
3 21  0.571060  1.144129
3 22  0.594952  0.921533
3 23  0.612726  1.199012
3 24  0.599373  1.117259
3 25  0.599631  1.081596
3 26  0.597725  1.182477
4 5  0.545486  0.894684
4 6  0.563197  0.862786
4 7  0.560700  0.878080
4 8  0.573257  1.193547
4 9  0.584209  0.941105
4 10  0.587667  1.195783
4 11  0.562922  1.107600
4 12  0.593841  1.128940
4 13  0.594203  1.199012
4 14  0.558358  1.072365
4 15  0.563407  0.996812
4 16  0.571214  1.016400
4 17  0.286909  0.850385
4 18  0.551343  0.908792
4 19  0.564976  0.863724
4 20  0.563643  0.893477
4 21  0.594726  1.210517
4 22  0.586708  0.958713
4 23  0.570574  1.192078
4 24  0.558198  1.117148
4 25  0.594222  1.119481
4 26  0.592052  1.229316
5 6  0.547284  0.722885
5 7  0.546929  0.740202
5 8  0.589403  1.072925
5 9  0.555934  0.797077
5 10  0.578857  1.071176
5 11  0.558944  0.986794
5 12  0.584009  1.010780
5 13  0.584497  1.089982
5 14  0.552101  0.940128
5 15  0.553601  0.863728
5 16  0.561561  0.883336
5 17  0.550128  0.896767
5 18  0.260414  0.535306
5 19  0.552016  0.728520
5 20  0.552915  0.757824
5 21  0.584788  1.079418
5 22  0.550324  0.798120
5 23  0.594409  1.102044
5 24  0.553206  0.997892
5 25  0.584532  0.987387
5 26  0.582132  1.098985
6 7  0.515882  0.654203
6 8  0.604406  1.031071
6 9  0.557166  0.739782
6 10  0.591308  1.017689
6 11  0.590466  0.948852
6 12  0.596476  0.967120
6 13  0.596951  1.041101
6 14  0.565703  0.888041
6 15  0.566036  0.811409
6 16  0.574033  0.831152
6 17  0.566255  0.844775
6 18  0.554049  0.721336
6 19  0.283437  0.422327
6 20  0.513561  0.663033
6 21  0.597344  1.027738
6 22  0.549472  0.735579
6 23  0.607159  1.052700
6 24  0.593630  0.971059
6 25  0.597129  0.935473
6 26  0.594685  1.047103
7 8  0.601510  1.037348
7 9  0.555009  0.743905
7 10  0.588697  1.024608
7 11  0.586421  0.949719
7 12  0.593895  0.978775
7 13  0.594369  1.051249
7 14  0.563151  0.898253
7 15  0.563408  0.821715
7 16  0.571443  0.841483
7 17  0.564197  0.854356
7 18  0.554264  0.730886
7 19  0.512822  0.643640
7 20  0.282840  0.476119
7 21  0.594724  1.037948
7 22  0.547313  0.746503
7 23  0.603921  1.062714
7 24  0.590230  0.981551
7 25  0.594551  0.945796
7 26  0.591865  1.057223
8 9  0.624382  1.081678
8 10  0.618418  1.293235
8 11  0.612571  1.277488
8 12  0.632081  1.278749
8 13  0.634447  1.384035
8 14  0.578746  1.207439
8 15  0.604286  1.156969
8 16  0.612568  1.176902
8 17  0.570705  1.143834
8 18  0.595881  1.067489
8 19  0.606462  1.024846
8 20  0.604030  1.055208
8 21  0.631753  1.361319
8 22  0.627472  1.121179
8 23  0.402422  1.311936
8 24  0.606076  1.264749
8 25  0.633306  1.277078
8 26  0.621847  1.384938
9 10  0.613700  1.089509
9 11  0.604515  1.024472
9 12  0.618982  1.042832
9 13  0.619450  1.121068
9 14  0.588103  0.965039
9 15  0.588497  0.888509
9 16  0.596555  0.908284
9 17  0.589017  0.921104
9 18  0.553580  0.771697
9 19  0.549824  0.715283
9 20  0.548942  0.748383
9 21  0.619681  1.104491
9 22  0.378875  0.679174
9 23  0.629255  1.130269
9 24  0.597935  1.030038
9 25  0.619644  1.012511
9 26  0.616597  1.123779
10 11  0.616532  1.252827
10 12  0.584370  1.286770
10 13  0.595551  1.313507
10 14  0.586125  1.194437
10 15  0.588233  1.145730
10 16  0.597018  1.154832
10 17  0.592364  1.178453
10 18  0.583374  1.059104
10 19  0.593673  1.014036
10 20  0.591643  1.044540
10 21  0.589594  1.324464
10 22  0.614539  1.109514
10 23  0.620750  1.379629
10 24  0.618391  1.302736
10 25  0.580081  1.215532
10 26  0.383420  1.276969
11 12  0.623402  1.237754
11 13  0.623667  1.285042
11 14  0.591916  1.157481
11 15  0.592654  1.087177
11 16  0.600891  1.106693
11 17  0.560042  1.081959
11 18  0.556618  0.974430
11 19  0.594715  0.954862
11 20  0.591951  0.985546
11 21  0.624281  1.299731
11 22  0.598436  1.032612
11 23  0.607821  1.275608
11 24  0.386660  1.134221
11 25  0.623973  1.209667
11 26  0.620509  1.319435
12 13  0.600960  1.289286
12 14  0.581543  1.170224
12 15  0.594440  1.093398
12 16  0.601865  1.114663
12 17  0.597279  1.128057
12 18  0.588503  1.008068
12 19  0.598847  0.963232
12 20  0.597061  0.993946
12 21  0.595157  1.263451
12 22  0.620299  1.059073
12 23  0.635375  1.331065
12 24  0.624623  1.252711
12 25  0.380052  1.079432
12 26  0.583432  1.277201
13 14  0.590328  1.239332
13 15  0.573292  1.132349
13 16  0.572923  1.158362
13 17  0.598027  1.203006
13 18  0.589017  1.083732
13 19  0.599326  1.039075
13 20  0.597496  1.069623
13 21  0.414529  1.303686
13 22  0.620607  1.134517
13 23  0.634275  1.399918
13 24  0.625200  1.327159
13 25  0.596809  1.251177
13 26  0.590924  1.364456
14 15  0.564778  1.004280
14 16  0.572170  1.005211
14 17  0.562045  1.015108
14 18  0.557755  0.917037
14 19  0.568103  0.881137
14 20  0.566298  0.912973
14 21  0.592594  1.206060
14 22  0.589512  0.975282
14 23  0.583330  1.209388
14 24  0.591894  1.166944
14 25  0.575148  1.055173
14 26  0.590949  1.245747
15 16  0.529776  0.931236
15 17  0.567312  0.972212
15 18  0.558209  0.850479
15 19  0.568434  0.805573
15 20  0.566643  0.834957
15 21  0.580607  1.138957
15 22  0.589868  0.897580
15 23  0.606727  1.148655
15 24  0.594350  1.090990
15 25  0.586824  1.033043
15 26  0.586931  1.125278
16 17  0.575300  0.983239
16 18  0.566200  0.867774
16 19  0.576425  0.825223
16 20  0.574635  0.856293
16 21  0.582522  1.133296
16 22  0.597867  0.920294
16 23  0.615145  1.186098
16 24  0.602425  1.116469
16 25  0.597037  1.035525
16 26  0.596955  1.186581
17 18  0.553392  0.862583
17 19  0.569358  0.835415
17 20  0.567527  0.869027
17 21  0.598278  1.165515
17 22  0.588628  0.931279
17 23  0.579732  1.196017
17 24  0.567570  1.098936
17 25  0.598234  1.080178
17 26  0.594138  1.198844
18 19  0.553752  0.706491
18 20  0.553353  0.742474
18 21  0.589502  1.063702
18 22  0.560491  0.798376
18 23  0.596274  1.084598
18 24  0.564204  0.988648
18 25  0.589290  0.969141
18 26  0.586830  1.086206
19 20  0.520600  0.663101
19 21  0.599718  1.019540
19 22  0.561124  0.749637
19 23  0.609845  1.047388
19 24  0.593365  0.953949
19 25  0.599510  0.929376
19 26  0.597055  1.038929
20 21  0.597926  1.048715
20 22  0.559298  0.766617
20 23  0.607706  1.069591
20 24  0.590401  0.970791
20 25  0.597719  0.960514
20 26  0.595227  1.063850
21 22  0.621147  1.116029
21 23  0.637692  1.385158
21 24  0.625335  1.278359
21 25  0.602934  1.247715
21 26  0.600775  1.317715
22 23  0.628348  1.110450
22 24  0.607118  1.039673
22 25  0.620954  1.023522
22 26  0.618335  1.125045
23 24  0.617490  1.294155
23 25  0.636025  1.272635
23 26  0.624000  1.319871
24 25  0.625339  1.218153
24 26  0.620810  1.278751
25 26  0.586376  1.276746
