   -993.90310287
   -994.22064099     -994.09396346
0.00000990105905
2 2 2 2 2 2 2 2 2 2 2 2 2 0 0 0 0 0 0 0 0 0 0 0 0 0 
1  0.276574  0.548867
2  0.279485  0.447653
3  0.288313  0.489646
4  0.280672  0.528488
5  0.270599  0.395096
6  0.282967  0.342334
7  0.280393  0.352778
8  0.321799  0.689951
9  0.305529  0.419691
10  0.308657  0.677957
11  0.310181  0.619598
12  0.313776  0.627235
13  0.314215  0.702785
14  0.283051  0.546725
15  0.283260  0.469912
16  0.291229  0.489647
17  0.284375  0.503820
18  0.275211  0.382316
19  0.285354  0.336648
20  0.283555  0.367722
21  0.314593  0.685947
22  0.306839  0.432987
23  0.324902  0.712264
24  0.311494  0.630321
25  0.314445  0.593761
26  0.312044  0.705514
1 2  0.555132  0.984557
1 3  0.563408  1.007101
1 4  0.552484  1.035333
1 5  0.546933  0.927678
1 6  0.559521  0.887858
1 7  0.556934  0.900591
1 8  0.575546  1.187802
1 9  0.582043  0.964237
1 10  0.581777  1.221627
1 11  0.585107  1.155436
1 12  0.570942  1.084194
1 13  0.586558  1.219665
1 14  0.267987  0.908901
1 15  0.559671  1.016716
1 16  0.566354  1.036858
1 17  0.555912  1.050697
1 18  0.550630  0.930576
1 19  0.561894  0.885312
1 20  0.560113  0.916071
1 21  0.584379  1.224457
1 22  0.583240  0.981078
1 23  0.576078  1.232327
1 24  0.587248  1.170727
1 25  0.576284  1.139648
1 26  0.584237  1.227271
2 3  0.524496  0.909497
2 4  0.560134  0.974794
2 5  0.550073  0.841535
2 6  0.562448  0.789896
2 7  0.559872  0.799702
2 8  0.600348  1.111310
2 9  0.584999  0.864230
2 10  0.580716  1.087404
2 11  0.589570  1.062729
2 12  0.583851  1.043850
2 13  0.578021  1.139266
2 14  0.562373  0.992651
2 15  0.274755  0.704604
2 16  0.522570  0.893411
2 17  0.563702  0.950681
2 18  0.554695  0.829673
2 19  0.564818  0.784234
2 20  0.562970  0.815232
2 21  0.569138  1.095121
2 22  0.586238  0.880330
2 23  0.603917  1.157689
2 24  0.590556  1.076619
2 25  0.591954  1.038747
2 26  0.588056  1.151019
3 4  0.568954  1.004734
3 5  0.558905  0.879467
3 6  0.571280  0.830929
3 7  0.568705  0.842106
3 8  0.609593  1.164002
3 9  0.593837  0.907563
3 10  0.592322  1.160619
3 11  0.598482  1.105275
3 12  0.594121  1.066457
3 13  0.579348  1.142857
3 14  0.569791  1.034792
3 15  0.522719  0.913917
3 16  0.282024  0.760766
3 17  0.572394  0.992324
3 18  0.563509  0.871482
3 19  0.573659  0.826190
3 20  0.571850  0.857192
3 21  0.571350  1.144019
3 22  0.595147  0.922285
3 23  0.613042  1.199500
3 24  0.599652  1.118142
3 25  0.599970  1.081644
3 26  0.598087  1.182582
4 5  0.545765  0.895571
4 6  0.563402  0.863578
4 7  0.560907  0.879006
4 8  0.573632  1.194181
4 9  0.584457  0.941942
4 10  0.588066  1.195904
4 11  0.563244  1.108538
4 12  0.594227  1.129138
4 13  0.594552  1.198867
4 14  0.558748  1.072937
4 15  0.563693  0.997309
4 16  0.571474  1.016878
4 17  0.287224  0.850991
4 18  0.551625  0.909741
4 19  0.565181  0.864533
4 20  0.563847  0.894485
4 21  0.595060  1.210482
4 22  0.586953  0.959572
4 23  0.570953  1.192788
4 24  0.558526  1.118248
4 25  0.594618  1.119630
4 26  0.592465  1.229507
5 6  0.547450  0.724047
5 7  0.547098  0.741500
5 8  0.589727  1.073930
5 9  0.556142  0.798346
5 10  0.579230  1.071686
5 11  0.559235  0.988067
5 12  0.584358  1.011305
5 13  0.584812  1.090186
5 14  0.552437  0.941084
5 15  0.553853  0.864617
5 16  0.561792  0.884193
5 17  0.550421  0.897803
5 18  0.260641  0.536740
5 19  0.552192  0.729725
5 20  0.553079  0.759226
5 21  0.585089  1.079743
5 22  0.550532  0.799408
5 23  0.594741  1.103011
5 24  0.553505  0.999311
5 25  0.584887  0.987916
5 26  0.582512  1.099555
6 7  0.515952  0.655428
6 8  0.604661  1.031968
6 9  0.557296  0.740947
6 10  0.591593  1.018036
6 11  0.590674  0.949984
6 12  0.596738  0.967550
6 13  0.597179  1.041154
6 14  0.565971  0.888847
6 15  0.566199  0.812155
6 16  0.574178  0.831865
6 17  0.566454  0.845664
6 18  0.554209  0.722533
6 19  0.283540  0.423525
6 20  0.513629  0.664382
6 21  0.597558  1.027921
6 22  0.549598  0.736709
6 23  0.607411  1.053524
6 24  0.593841  0.972291
6 25  0.597401  0.935857
6 26  0.594978  1.047534
7 8  0.601773  1.038320
7 9  0.555156  0.745124
7 10  0.588988  1.025006
7 11  0.586638  0.950894
7 12  0.594161  0.979325
7 13  0.594601  1.051396
7 14  0.563423  0.899158
7 15  0.563571  0.822561
7 16  0.571592  0.842296
7 17  0.564414  0.855339
7 18  0.554430  0.732175
7 19  0.512908  0.644882
7 20  0.282909  0.477648
7 21  0.594942  1.038230
7 22  0.547450  0.747727
7 23  0.604168  1.063640
7 24  0.590445  0.982889
7 25  0.594828  0.946282
7 26  0.592155  1.057753
8 9  0.624681  1.082483
8 10  0.618848  1.293370
8 11  0.612942  1.278490
8 12  0.632518  1.278988
8 13  0.634848  1.383998
8 14  0.579183  1.208126
8 15  0.604623  1.157535
8 16  0.612890  1.177431
8 17  0.571083  1.144644
8 18  0.596213  1.068474
8 19  0.606730  1.025696
8 20  0.604276  1.056266
8 21  0.632136  1.361304
8 22  0.627775  1.122095
8 23  0.402861  1.312634
8 24  0.606448  1.265814
8 25  0.633751  1.277314
8 26  0.622297  1.385182
9 10  0.614038  1.089856
9 11  0.604767  1.025689
9 12  0.619295  1.043286
9 13  0.619729  1.121208
9 14  0.588422  0.965879
9 15  0.588710  0.889283
9 16  0.596752  0.909027
9 17  0.589275  0.922020
9 18  0.553792  0.772949
9 19  0.549962  0.716389
9 20  0.549080  0.749687
9 21  0.619943  1.104710
9 22  0.379056  0.680489
9 23  0.629557  1.131137
9 24  0.598186  1.031294
9 25  0.619968  1.012926
9 26  0.616932  1.124240
10 11  0.616940  1.253257
10 12  0.584824  1.286534
10 13  0.595954  1.313000
10 14  0.586597  1.194638
10 15  0.588605  1.145765
10 16  0.597370  1.154855
10 17  0.592776  1.178622
10 18  0.583745  1.059570
10 19  0.593970  1.014367
10 20  0.591924  1.045073
10 21  0.589986  1.324028
10 22  0.614865  1.109897
10 23  0.621193  1.379738
10 24  0.618813  1.303263
10 25  0.580528  1.215354
10 26  0.383876  1.276613
11 12  0.623793  1.238331
11 13  0.624024  1.285199
11 14  0.592313  1.158433
11 15  0.592934  1.088062
11 16  0.601166  1.107537
11 17  0.560377  1.083104
11 18  0.556905  0.975783
11 19  0.594935  0.956050
11 20  0.592158  0.986945
11 21  0.624626  1.300065
11 22  0.598684  1.033836
11 23  0.608189  1.276617
11 24  0.387006  1.135737
11 25  0.624376  1.210188
11 26  0.620935  1.320010
12 13  0.601354  1.288862
12 14  0.581961  1.170391
12 15  0.594785  1.093517
12 16  0.602195  1.114756
12 17  0.597671  1.128319
12 18  0.588843  1.008627
12 19  0.599121  0.963650
12 20  0.597322  0.994567
12 21  0.595539  1.263137
12 22  0.620608  1.059544
12 23  0.635800  1.331314
12 24  0.625014  1.253306
12 25  0.380465  1.079062
12 26  0.583894  1.277167
13 14  0.590745  1.239181
13 15  0.573607  1.132208
13 16  0.573220  1.158156
13 17  0.598384  1.202936
13 18  0.589327  1.083941
13 19  0.599565  1.039146
13 20  0.597722  1.069897
13 21  0.414851  1.302868
13 22  0.620879  1.134643
13 23  0.634666  1.399779
13 24  0.625560  1.327428
13 25  0.597219  1.250715
13 26  0.591320  1.364039
14 15  0.565127  1.004717
14 16  0.572497  1.005615
14 17  0.562433  1.015690
14 18  0.558104  0.917895
14 19  0.568382  0.881884
14 20  0.566566  0.913941
14 21  0.592991  1.205997
14 22  0.589827  0.976084
14 23  0.583747  1.209903
14 24  0.592283  1.167870
14 25  0.575547  1.055256
14 26  0.591422  1.245914
15 16  0.529976  0.931602
15 17  0.567605  0.972757
15 18  0.558456  0.851315
15 19  0.568609  0.806278
15 20  0.566807  0.835828
15 21  0.580912  1.138804
15 22  0.590079  0.898265
15 23  0.607052  1.149034
15 24  0.594647  1.091830
15 25  0.587168  1.033082
15 26  0.587303  1.125371
16 17  0.575576  0.983686
16 18  0.566429  0.868537
16 19  0.576581  0.825885
16 20  0.574780  0.857171
16 21  0.582811  1.133137
16 22  0.598059  0.920989
16 23  0.615460  1.186501
16 24  0.602704  1.117318
16 25  0.597375  1.035586
16 26  0.597308  1.186621
17 18  0.553675  0.863486
17 19  0.569579  0.836226
17 20  0.567736  0.870062
17 21  0.598620  1.165481
17 22  0.588879  0.932155
17 23  0.580108  1.196641
17 24  0.567901  1.099921
17 25  0.598636  1.080361
17 26  0.594543  1.199037
18 19  0.553926  0.707587
18 20  0.553513  0.743807
18 21  0.589799  1.063952
18 22  0.560693  0.799594
18 23  0.596590  1.085500
18 24  0.564491  0.989902
18 25  0.589645  0.969577
18 26  0.587204  1.086734
19 20  0.520676  0.664355
19 21  0.599943  1.019633
19 22  0.561261  0.750747
19 23  0.610104  1.048184
19 24  0.593583  0.955050
19 25  0.599793  0.929708
19 26  0.597357  1.039292
20 21  0.598139  1.048984
20 22  0.559435  0.767854
20 23  0.607958  1.070540
20 24  0.590613  0.972010
20 25  0.597990  0.961063
20 26  0.595518  1.064337
21 22  0.621408  1.116227
21 23  0.638072  1.385139
21 24  0.625678  1.278598
21 25  0.603331  1.247291
21 26  0.601177  1.317342
22 23  0.628637  1.111160
22 24  0.607369  1.040866
22 25  0.621273  1.023896
22 26  0.618675  1.125436
23 24  0.617856  1.295085
23 25  0.636465  1.272753
23 26  0.624428  1.320011
24 25  0.625742  1.218671
24 26  0.621224  1.279205
25 26  0.586836  1.276501
