  -1146.53161877
  -1146.89261572    -1146.76290574
0.00019779687309
2 2 2 2 2 2 2 2 2 2 2 2 2 2 2 0 0 0 0 0 0 0 0 0 0 0 0 0 0 0 
1  0.262914  0.526888
2  0.259192  0.365568
3  0.265412  0.511428
4  0.285570  0.415839
5  0.273728  0.366768
6  0.295184  0.537560
7  0.320253  0.671092
8  0.294475  0.543364
9  0.281968  0.356911
10  0.292946  0.586487
11  0.302328  0.564242
12  0.300001  0.513616
13  0.310794  0.431753
14  0.279620  0.334281
15  0.298807  0.636832
16  0.274695  0.582897
17  0.273212  0.425952
18  0.273864  0.525228
19  0.277515  0.376725
20  0.284513  0.415166
21  0.298431  0.512919
22  0.298793  0.573094
23  0.308326  0.635781
24  0.304588  0.415738
25  0.303200  0.573552
26  0.299316  0.639275
27  0.285254  0.331730
28  0.294887  0.526291
29  0.300162  0.520794
30  0.279557  0.341185
1 2  0.521521  0.886116
1 3  0.526438  1.033236
1 4  0.548460  0.941626
1 5  0.536563  0.891364
1 6  0.548768  1.018104
1 7  0.555853  1.152903
1 8  0.555833  1.038387
1 9  0.544777  0.879818
1 10  0.550422  1.070844
1 11  0.565078  1.076994
1 12  0.562614  1.038459
1 13  0.573092  0.943781
1 14  0.542513  0.860471
1 15  0.552004  1.151316
1 16  0.266318  0.943360
1 17  0.535876  0.950844
1 18  0.536279  1.041823
1 19  0.540246  0.903099
1 20  0.546916  0.941381
1 21  0.561186  1.038072
1 22  0.560169  1.088274
1 23  0.546089  1.132227
1 24  0.567325  0.942062
1 25  0.565246  1.097941
1 26  0.535891  1.131717
1 27  0.548127  0.858487
1 28  0.556877  1.051260
1 29  0.560489  1.046059
1 30  0.542305  0.867872
2 3  0.524525  0.872450
2 4  0.544759  0.780553
2 5  0.532919  0.731675
2 6  0.541103  0.867220
2 7  0.578678  1.021006
2 8  0.553658  0.907986
2 9  0.538414  0.719966
2 10  0.547359  0.949374
2 11  0.561513  0.928938
2 12  0.559186  0.877119
2 13  0.550971  0.776303
2 14  0.534191  0.691986
2 15  0.553329  0.987990
2 16  0.533606  0.946964
2 17  0.248684  0.555305
2 18  0.532789  0.890174
2 19  0.536706  0.742150
2 20  0.543705  0.780536
2 21  0.557597  0.878043
2 22  0.534869  0.926887
2 23  0.567252  1.000317
2 24  0.545979  0.764450
2 25  0.562378  0.938515
2 26  0.554287  0.995138
2 27  0.539392  0.694432
2 28  0.553119  0.888356
2 29  0.559350  0.885961
2 30  0.537195  0.703143
3 4  0.549601  0.908648
3 5  0.538315  0.870395
3 6  0.560215  1.044049
3 7  0.559351  1.127699
3 8  0.555947  1.052311
3 9  0.547378  0.866419
3 10  0.558229  1.089783
3 11  0.563535  1.051048
3 12  0.549685  0.964787
3 13  0.576194  0.942543
3 14  0.545029  0.843480
3 15  0.562791  1.106124
3 16  0.539517  1.083022
3 17  0.537621  0.936502
3 18  0.259431  0.848498
3 19  0.542454  0.887614
3 20  0.549753  0.925128
3 21  0.544525  1.016183
3 22  0.562530  1.082578
3 23  0.550921  1.116009
3 24  0.569743  0.926729
3 25  0.563092  1.072190
3 26  0.563175  1.147946
3 27  0.550609  0.843027
3 28  0.559082  1.035492
3 29  0.563544  1.021517
3 30  0.544957  0.852431
4 5  0.515988  0.751261
4 6  0.580749  0.952300
4 7  0.605375  1.078868
4 8  0.576285  0.956066
4 9  0.567537  0.772478
4 10  0.578510  1.000837
4 11  0.564367  0.936657
4 12  0.578271  0.899571
4 13  0.596361  0.847395
4 14  0.565190  0.749798
4 15  0.584361  1.045756
4 16  0.560223  0.997778
4 17  0.558740  0.841435
4 18  0.557670  0.940323
4 19  0.278637  0.556245
4 20  0.515823  0.772379
4 21  0.579700  0.927852
4 22  0.584285  0.988099
4 23  0.593634  1.050534
4 24  0.590149  0.831412
4 25  0.564871  0.958660
4 26  0.584815  1.053916
4 27  0.570822  0.747530
4 28  0.580414  0.941578
4 29  0.583309  0.930347
4 30  0.565126  0.756964
5 6  0.568907  0.902328
5 7  0.593207  1.025104
5 8  0.561884  0.895294
5 9  0.555695  0.723625
5 10  0.566667  0.952372
5 11  0.562757  0.924992
5 12  0.563580  0.856717
5 13  0.584521  0.798087
5 14  0.553348  0.701012
5 15  0.572522  1.002473
5 16  0.548280  0.949033
5 17  0.546933  0.792523
5 18  0.547327  0.891270
5 19  0.508466  0.707704
5 20  0.274530  0.545395
5 21  0.570619  0.875709
5 22  0.572504  0.939407
5 23  0.581929  1.001850
5 24  0.578316  0.782404
5 25  0.545591  0.903092
5 26  0.573006  1.005347
5 27  0.558982  0.698475
5 28  0.568614  0.892687
5 29  0.572619  0.887143
5 30  0.553284  0.707914
6 7  0.610731  1.163077
6 8  0.589618  1.072109
6 9  0.576935  0.893471
6 10  0.555307  1.096362
6 11  0.597505  1.099557
6 12  0.595158  1.048318
6 13  0.603181  0.949087
6 14  0.574671  0.870837
6 15  0.565061  1.159568
6 16  0.565852  1.116563
6 17  0.559094  0.958836
6 18  0.568418  1.060693
6 19  0.572695  0.913908
6 20  0.579647  0.952082
6 21  0.593517  1.049320
6 22  0.453332  1.003925
6 23  0.603144  1.170664
6 24  0.599040  0.952870
6 25  0.598202  1.109211
6 26  0.541824  1.082789
6 27  0.580027  0.868906
6 28  0.551329  1.052733
6 29  0.595063  1.056982
6 30  0.574360  0.877618
7 8  0.603940  1.179664
7 9  0.602204  1.027551
7 10  0.611380  1.249678
7 11  0.621419  1.231744
7 12  0.616375  1.156248
7 13  0.630888  1.095621
7 14  0.599855  1.004072
7 15  0.607152  1.272945
7 16  0.559431  1.188800
7 17  0.592092  1.095331
7 18  0.563400  1.156728
7 19  0.597687  1.047111
7 20  0.603960  1.085051
7 21  0.614233  1.167456
7 22  0.615719  1.240901
7 23  0.394741  1.208988
7 24  0.624712  1.086089
7 25  0.619294  1.236460
7 26  0.607507  1.275200
7 27  0.605422  1.002599
7 28  0.613506  1.195211
7 29  0.613408  1.189498
7 30  0.599752  1.011933
8 9  0.576440  0.898455
8 10  0.587287  1.113182
8 11  0.570228  1.061782
8 12  0.560348  1.045030
8 13  0.605259  0.971262
8 14  0.574092  0.876867
8 15  0.592724  1.169515
8 16  0.567015  1.123136
8 17  0.567613  0.968564
8 18  0.561934  1.041085
8 19  0.569993  0.913673
8 20  0.574701  0.957291
8 21  0.549439  0.996285
8 22  0.593222  1.114911
8 23  0.588322  1.165426
8 24  0.598971  0.958560
8 25  0.570456  1.105821
8 26  0.593714  1.179886
8 27  0.579728  0.874973
8 28  0.589025  1.068001
8 29  0.410983  0.947111
8 30  0.574027  0.884328
9 10  0.572258  0.923041
9 11  0.584296  0.919678
9 12  0.581968  0.869863
9 13  0.556414  0.754492
9 14  0.513783  0.649085
9 15  0.580411  0.984025
9 16  0.556120  0.939521
9 17  0.554411  0.778978
9 18  0.555830  0.881884
9 19  0.559478  0.733580
9 20  0.566467  0.771988
9 21  0.580395  0.869605
9 22  0.580498  0.928894
9 23  0.590016  0.992260
9 24  0.546863  0.733613
9 25  0.585144  0.930158
9 26  0.580546  0.995730
9 27  0.509022  0.634914
9 28  0.575365  0.881544
9 29  0.582061  0.877462
9 30  0.294950  0.466151
10 11  0.595256  1.140416
10 12  0.592938  1.096988
10 13  0.595255  0.984306
10 14  0.570788  0.911877
10 15  0.562670  1.167548
10 16  0.562343  1.166514
10 17  0.558488  0.986066
10 18  0.566766  1.109087
10 19  0.570424  0.962673
10 20  0.577369  1.000743
10 21  0.591364  1.097776
10 22  0.545033  1.088670
10 23  0.599550  1.214197
10 24  0.584158  0.989896
10 25  0.596014  1.157170
10 26  0.562350  1.218607
10 27  0.577977  0.917538
10 28  0.446198  1.007292
10 29  0.592712  1.105203
10 30  0.571495  0.927273
11 12  0.575482  1.047233
11 13  0.613119  0.994633
11 14  0.581948  0.897447
11 15  0.601011  1.180787
11 16  0.576913  1.144548
11 17  0.575422  0.989205
11 18  0.570074  1.084188
11 19  0.549029  0.905155
11 20  0.566191  0.947455
11 21  0.573104  1.063927
11 22  0.600967  1.135140
11 23  0.606953  1.189273
11 24  0.606861  0.979436
11 25  0.460730  1.064561
11 26  0.601595  1.199894
11 27  0.587578  0.895858
11 28  0.596994  1.088893
11 29  0.561227  1.016102
11 30  0.581885  0.905238
12 13  0.610793  0.944893
12 14  0.579621  0.847136
12 15  0.598748  1.134420
12 16  0.574508  1.093876
12 17  0.573072  0.938836
12 18  0.562594  1.037027
12 19  0.576313  0.889863
12 20  0.581656  0.923821
12 21  0.410395  0.900872
12 22  0.598573  1.085047
12 23  0.606754  1.144876
12 24  0.604551  0.928978
12 25  0.562730  1.013209
12 26  0.599100  1.150392
12 27  0.585247  0.845246
12 28  0.594724  1.038901
12 29  0.561344  1.006532
12 30  0.579556  0.854653
13 14  0.557023  0.746705
13 15  0.608698  1.066276
13 16  0.584442  1.013922
13 17  0.557331  0.827711
13 18  0.584611  0.956411
13 19  0.588305  0.808358
13 20  0.595286  0.846716
13 21  0.609204  0.944209
13 22  0.604328  0.992113
13 23  0.618990  1.066782
13 24  0.394509  0.684626
13 25  0.613937  1.004613
13 26  0.606689  1.067768
13 27  0.554271  0.724182
13 28  0.601733  0.957179
13 29  0.610845  0.952019
13 30  0.543685  0.726196
14 15  0.578054  0.961110
14 16  0.554149  0.916999
14 17  0.549704  0.758196
14 18  0.553471  0.859336
14 19  0.557132  0.710970
14 20  0.564127  0.749397
14 21  0.578051  0.847063
14 22  0.578089  0.907124
14 23  0.587781  0.969733
14 24  0.537867  0.702239
14 25  0.582813  0.907667
14 26  0.578808  0.973379
14 27  0.293232  0.422193
14 28  0.573915  0.858694
14 29  0.579754  0.854935
14 30  0.510839  0.634246
15 16  0.559768  1.185708
15 17  0.565892  1.059463
15 18  0.570441  1.158801
15 19  0.576213  1.012739
15 20  0.583233  1.050968
15 21  0.597112  1.146900
15 22  0.566113  1.201248
15 23  0.588708  1.237127
15 24  0.600835  1.047068
15 25  0.601993  1.207074
15 26  0.493780  1.237118
15 27  0.583897  0.968383
15 28  0.540588  1.075109
15 29  0.598619  1.155103
15 30  0.578321  0.977708
16 17  0.547246  1.006495
16 18  0.546017  1.096764
16 19  0.552179  0.959031
16 20  0.559091  0.991020
16 21  0.572480  1.081418
16 22  0.569844  1.150804
16 23  0.556541  1.176683
16 24  0.578654  0.986127
16 25  0.577186  1.127686
16 26  0.553214  1.154286
16 27  0.559922  0.914214
16 28  0.564099  1.070836
16 29  0.573194  1.080341
16 30  0.554150  0.919979
17 18  0.546937  0.942020
17 19  0.550726  0.801336
17 20  0.557723  0.840214
17 21  0.571633  0.936369
17 22  0.550606  0.932236
17 23  0.580690  1.043308
17 24  0.558474  0.820404
17 25  0.576399  0.998407
17 26  0.569777  1.052519
17 27  0.552653  0.745507
17 28  0.564370  0.936927
17 29  0.573345  0.944455
17 30  0.547665  0.760502
18 19  0.549953  0.887921
18 20  0.557582  0.937329
18 21  0.550951  0.973931
18 22  0.571845  1.074234
18 23  0.556562  1.119556
18 24  0.578417  0.939983
18 25  0.574060  1.087370
18 26  0.571143  1.130080
18 27  0.559115  0.855336
18 28  0.568031  1.046700
18 29  0.570373  1.037946
18 30  0.553419  0.865056
19 20  0.517659  0.761678
19 21  0.568475  0.868232
19 22  0.576298  0.946788
19 23  0.584997  1.002476
19 24  0.582102  0.792071
19 25  0.564254  0.940252
19 26  0.576816  1.013588
19 27  0.562770  0.708323
19 28  0.572392  0.901261
19 29  0.568404  0.880787
19 30  0.557072  0.717846
20 21  0.577605  0.923731
20 22  0.583293  0.986619
20 23  0.591840  1.033329
20 24  0.589100  0.829940
20 25  0.565642  0.950662
20 26  0.583815  1.052965
20 27  0.569767  0.746862
20 28  0.579385  0.937783
20 29  0.577096  0.902644
20 30  0.564069  0.756205
21 22  0.597193  1.078556
21 23  0.604441  1.143700
21 24  0.603014  0.928205
21 25  0.576955  1.045322
21 26  0.597564  1.132294
21 27  0.583684  0.844007
21 28  0.593284  1.038016
21 29  0.560571  1.020499
21 30  0.577987  0.853176
22 23  0.602535  1.171889
22 24  0.601597  0.985144
22 25  0.601967  1.143727
22 26  0.570704  1.157554
22 27  0.583508  0.897503
22 28  0.559205  1.074131
22 29  0.598817  1.089911
22 30  0.577069  0.907566
23 24  0.612415  1.039238
23 25  0.609066  1.194130
23 26  0.600969  1.268197
23 27  0.593565  0.966458
23 28  0.596077  1.112001
23 29  0.595996  1.095697
23 30  0.587857  0.976621
24 25  0.607783  0.987620
24 26  0.601590  1.048720
24 27  0.553831  0.721528
24 28  0.590791  0.905893
24 29  0.604740  0.933383
24 30  0.551238  0.730464
25 26  0.602445  1.197607
25 27  0.588453  0.904928
25 28  0.598030  1.094504
25 29  0.579314  1.055950
25 30  0.582756  0.913750
26 27  0.584314  0.966902
26 28  0.567553  1.147776
26 29  0.599311  1.155733
26 30  0.578093  0.969793
27 28  0.579413  0.856961
27 29  0.585414  0.852416
27 30  0.516327  0.631879
28 29  0.594821  1.034986
28 30  0.572937  0.863133
29 30  0.579717  0.861428
