  -1146.53161877
  -1146.89716538    -1146.77348211
0.00001571137789
2 2 2 2 2 2 2 2 2 2 2 2 2 2 2 0 0 0 0 0 0 0 0 0 0 0 0 0 0 0 
1  0.272071  0.541015
2  0.267977  0.391180
3  0.276708  0.527216
4  0.290952  0.417760
5  0.279257  0.370161
6  0.305929  0.548570
7  0.333230  0.685715
8  0.305599  0.540508
9  0.286109  0.377394
10  0.304477  0.606223
11  0.309914  0.555076
12  0.310404  0.513231
13  0.317476  0.453074
14  0.283192  0.349590
15  0.309372  0.643101
16  0.284656  0.599608
17  0.282131  0.451278
18  0.285013  0.539428
19  0.282990  0.381360
20  0.290294  0.417623
21  0.308062  0.510104
22  0.310163  0.584020
23  0.320441  0.651220
24  0.311113  0.435774
25  0.311359  0.565960
26  0.309777  0.650588
27  0.289005  0.345595
28  0.306788  0.539825
29  0.311642  0.518931
30  0.283367  0.360195
1 2  0.539315  0.924663
1 3  0.546783  1.063100
1 4  0.562989  0.957766
1 5  0.551185  0.907966
1 6  0.567118  1.039872
1 7  0.577220  1.180063
1 8  0.575763  1.047461
1 9  0.558036  0.912692
1 10  0.570331  1.101713
1 11  0.581722  1.081209
1 12  0.582158  1.052325
1 13  0.588825  0.975143
1 14  0.555212  0.889740
1 15  0.571714  1.171804
1 16  0.284700  0.975122
1 17  0.553981  0.989535
1 18  0.556503  1.071161
1 19  0.554744  0.921725
1 20  0.561490  0.958041
1 21  0.579959  1.049369
1 22  0.580525  1.113771
1 23  0.567315  1.165200
1 24  0.582934  0.976141
1 25  0.582418  1.104876
1 26  0.555007  1.158703
1 27  0.560933  0.886425
1 28  0.577797  1.079115
1 29  0.581021  1.058501
1 30  0.555050  0.900947
2 3  0.544540  0.911595
2 4  0.558923  0.807246
2 5  0.547232  0.760007
2 6  0.559077  0.898606
2 7  0.600140  1.056661
2 8  0.573554  0.930381
2 9  0.551182  0.765564
2 10  0.567530  0.994678
2 11  0.577879  0.945032
2 12  0.578368  0.900800
2 13  0.565675  0.822397
2 14  0.546261  0.731338
2 15  0.572153  1.017009
2 16  0.552424  0.988580
2 17  0.262905  0.608282
2 18  0.552351  0.929975
2 19  0.550955  0.772368
2 20  0.558269  0.808577
2 21  0.575948  0.900836
2 22  0.554034  0.963521
2 23  0.588026  1.041300
2 24  0.560999  0.810645
2 25  0.579268  0.956533
2 26  0.573296  1.031524
2 27  0.551717  0.734011
2 28  0.573760  0.927671
2 29  0.579587  0.909708
2 30  0.549718  0.747584
3 4  0.566045  0.924771
3 5  0.554851  0.888855
3 6  0.582206  1.070123
3 7  0.582467  1.155115
3 8  0.578068  1.065407
3 9  0.562808  0.901451
3 10  0.581014  1.124437
3 11  0.581888  1.056828
3 12  0.568935  0.976552
3 13  0.594168  0.979559
3 14  0.559890  0.873045
3 15  0.584299  1.125229
3 16  0.560680  1.116694
3 17  0.557572  0.977514
3 18  0.278853  0.875533
3 19  0.559020  0.908117
3 20  0.566855  0.942994
3 21  0.563800  1.028770
3 22  0.584993  1.109434
3 23  0.574080  1.150476
3 24  0.587423  0.962434
3 25  0.582512  1.080742
3 26  0.584844  1.175137
3 27  0.565613  0.872627
3 28  0.582179  1.064237
3 29  0.586260  1.036824
3 30  0.560064  0.887151
4 5  0.526881  0.756735
4 6  0.596869  0.964826
4 7  0.623549  1.093824
4 8  0.592439  0.954786
4 9  0.577061  0.794530
4 10  0.595418  1.022110
4 11  0.576803  0.929423
4 12  0.593463  0.901669
4 13  0.608423  0.870601
4 14  0.574144  0.766559
4 15  0.600305  1.051866
4 16  0.575497  1.016331
4 17  0.572991  0.868650
4 18  0.573952  0.956510
4 19  0.288221  0.560536
4 20  0.527520  0.781953
4 21  0.594335  0.926862
4 22  0.600965  1.001029
4 23  0.611071  1.067774
4 24  0.602048  0.853356
4 25  0.578459  0.955529
4 26  0.600556  1.067286
4 27  0.579950  0.763301
4 28  0.597661  0.957106
4 29  0.600110  0.930608
4 30  0.574316  0.777872
5 6  0.585170  0.915497
5 7  0.611347  1.040766
5 8  0.577772  0.894830
5 9  0.565365  0.747470
5 10  0.583714  0.975187
5 11  0.575869  0.918910
5 12  0.578416  0.859077
5 13  0.596730  0.822321
5 14  0.562449  0.719672
5 15  0.588605  1.011998
5 16  0.563461  0.969241
5 17  0.561368  0.821228
5 18  0.563940  0.908680
5 19  0.519858  0.717980
5 20  0.284527  0.548674
5 21  0.585583  0.876355
5 22  0.589382  0.953786
5 23  0.599463  1.020806
5 24  0.590370  0.805816
5 25  0.559258  0.901422
5 26  0.588907  1.020131
5 27  0.568258  0.715725
5 28  0.586045  0.909640
5 29  0.589469  0.888758
5 30  0.562617  0.730303
6 7  0.633985  1.185042
6 8  0.611463  1.078833
6 9  0.591806  0.924735
6 10  0.576931  1.128153
6 11  0.615829  1.101667
6 12  0.616314  1.058149
6 13  0.620501  0.979246
6 14  0.588968  0.896803
6 15  0.586221  1.176886
6 16  0.585897  1.144179
6 17  0.578079  0.994447
6 18  0.590247  1.085804
6 19  0.588917  0.929592
6 20  0.596149  0.965599
6 21  0.613895  1.057674
6 22  0.473007  1.025226
6 23  0.625906  1.197368
6 24  0.616237  0.983967
6 25  0.617054  1.112989
6 26  0.562271  1.112256
6 27  0.594470  0.893650
6 28  0.573570  1.077673
6 29  0.617355  1.066339
6 30  0.588806  0.907223
7 8  0.626789  1.189836
7 9  0.619313  1.062501
7 10  0.635553  1.283191
7 11  0.641884  1.237659
7 12  0.639583  1.168589
7 13  0.650464  1.128911
7 14  0.616392  1.033276
7 15  0.629791  1.292008
7 16  0.582669  1.225923
7 17  0.613716  1.135232
7 18  0.587403  1.189154
7 19  0.616131  1.066447
7 20  0.622628  1.102316
7 21  0.636694  1.180631
7 22  0.639732  1.266431
7 23  0.419727  1.240135
7 24  0.644184  1.120714
7 25  0.640187  1.242993
7 26  0.630574  1.300904
7 27  0.621990  1.030985
7 28  0.638075  1.223627
7 29  0.637222  1.202306
7 30  0.616434  1.045324
8 9  0.591703  0.914891
8 10  0.609886  1.127171
8 11  0.588007  1.051039
8 12  0.581426  1.041603
8 13  0.623062  0.987680
8 14  0.588785  0.889072
8 15  0.614105  1.173154
8 16  0.588023  1.137596
8 17  0.587666  0.991069
8 18  0.584148  1.055974
8 19  0.586289  0.915416
8 20  0.591190  0.956687
8 21  0.569606  0.996489
8 22  0.615704  1.123247
8 23  0.610875  1.178537
8 24  0.616558  0.975742
8 25  0.588741  1.095186
8 26  0.615247  1.188855
8 27  0.594603  0.885963
8 28  0.611976  1.078833
8 29  0.431750  0.938166
8 30  0.588930  0.900441
9 10  0.587745  0.958211
9 11  0.596022  0.929557
9 12  0.596511  0.889473
9 13  0.566989  0.795439
9 14  0.521583  0.685143
9 15  0.595030  1.007728
9 16  0.569885  0.976594
9 17  0.567380  0.824680
9 18  0.571102  0.916474
9 19  0.569079  0.758683
9 20  0.576366  0.794906
9 21  0.594170  0.887219
9 22  0.595980  0.960150
9 23  0.606098  1.027845
9 24  0.557468  0.775481
9 25  0.597435  0.942967
9 26  0.595020  1.027483
9 27  0.517331  0.672574
9 28  0.591220  0.915135
9 29  0.597651  0.896044
9 30  0.301862  0.509779
10 11  0.614370  1.148404
10 12  0.614858  1.116267
10 13  0.612567  1.020644
10 14  0.585503  0.944658
10 15  0.583635  1.190050
10 16  0.583557  1.202941
10 17  0.578924  1.032851
10 18  0.589427  1.142598
10 19  0.587397  0.987080
10 20  0.594581  1.023027
10 21  0.612529  1.114909
10 22  0.567463  1.127122
10 23  0.622920  1.248195
10 24  0.601652  1.029621
10 25  0.615654  1.169555
10 26  0.583545  1.250167
10 27  0.593188  0.950944
10 28  0.466773  1.041308
10 29  0.615542  1.123368
10 30  0.586675  0.966075
11 12  0.593229  1.038477
11 13  0.627386  1.006176
11 14  0.593104  0.902649
11 15  0.619114  1.175727
11 16  0.594341  1.152393
11 17  0.591866  1.005401
11 18  0.588726  1.089361
11 19  0.561692  0.903155
11 20  0.579554  0.943688
11 21  0.590104  1.052337
11 22  0.619862  1.137320
11 23  0.626546  1.195297
11 24  0.620936  0.990323
11 25  0.475903  1.044263
11 26  0.619636  1.202542
11 27  0.598912  0.900527
11 28  0.616407  1.093569
11 29  0.578916  1.011483
11 30  0.593281  0.915026
12 13  0.627875  0.965751
12 14  0.593595  0.861331
12 15  0.619696  1.138496
12 16  0.594804  1.109870
12 17  0.592312  0.963763
12 18  0.582686  1.050350
12 19  0.592049  0.894213
12 20  0.597570  0.925898
12 21  0.428768  0.893039
12 22  0.620293  1.095811
12 23  0.629083  1.160500
12 24  0.621473  0.948641
12 25  0.580383  1.013102
12 26  0.619917  1.161703
12 27  0.599379  0.858702
12 28  0.617075  1.052237
12 29  0.582374  1.005373
12 30  0.593761  0.873243
13 14  0.567669  0.784789
13 15  0.625865  1.093544
13 16  0.600948  1.051882
13 17  0.572560  0.875320
13 18  0.602387  0.991835
13 19  0.600459  0.834299
13 20  0.607723  0.870466
13 21  0.625502  0.962719
13 22  0.622174  1.024618
13 23  0.637807  1.103456
13 24  0.406968  0.731439
13 25  0.628729  1.018304
13 26  0.623499  1.099887
13 27  0.564814  0.760452
13 28  0.619944  0.991985
13 29  0.628943  0.971463
13 30  0.554174  0.768035
14 15  0.592091  0.979773
14 16  0.567543  0.948902
14 17  0.562020  0.798956
14 18  0.568126  0.888792
14 19  0.566167  0.730905
14 20  0.573470  0.767151
14 21  0.591249  0.859523
14 22  0.592988  0.933361
14 23  0.603294  1.000341
14 24  0.548115  0.739227
14 25  0.594547  0.915343
14 26  0.592828  0.999976
14 27  0.299881  0.454291
14 28  0.589242  0.886960
14 29  0.594803  0.868359
14 30  0.518523  0.671333
15 16  0.580337  1.212454
15 17  0.585155  1.090886
15 18  0.592043  1.179635
15 19  0.592080  1.023794
15 20  0.599479  1.059900
15 21  0.617282  1.150830
15 22  0.587392  1.218966
15 23  0.610825  1.258805
15 24  0.617707  1.072722
15 25  0.620709  1.206528
15 26  0.514814  1.256133
15 27  0.598116  0.988495
15 28  0.561552  1.100234
15 29  0.620577  1.159513
15 30  0.592687  1.002931
16 17  0.566055  1.047924
16 18  0.566764  1.127255
16 19  0.567592  0.980383
16 20  0.574759  1.008417
16 21  0.591884  1.094831
16 22  0.590665  1.177933
16 23  0.578054  1.206576
16 24  0.595001  1.018872
16 25  0.595083  1.133373
16 26  0.572282  1.178700
16 27  0.573608  0.944592
16 28  0.585445  1.097600
16 29  0.594305  1.093361
16 30  0.567862  0.953540
17 18  0.566932  0.978452
17 19  0.565116  0.830082
17 20  0.572420  0.867389
17 21  0.590183  0.957762
17 22  0.569290  0.962594
17 23  0.601571  1.080273
17 24  0.573217  0.865039
17 25  0.593474  1.016081
17 26  0.588995  1.087767
17 27  0.564944  0.782466
17 28  0.585082  0.976178
17 29  0.593739  0.967249
17 30  0.560034  0.803420
18 19  0.566351  0.905202
18 20  0.574300  0.953288
18 21  0.569469  0.983369
18 22  0.594012  1.095870
18 23  0.579082  1.147237
18 24  0.596085  0.973955
18 25  0.593251  1.094297
18 26  0.592434  1.153499
18 27  0.574010  0.882184
18 28  0.590772  1.074111
18 29  0.592767  1.050405
18 30  0.568376  0.897224
19 20  0.528936  0.768600
19 21  0.583062  0.870102
19 22  0.593120  0.960613
19 23  0.602284  1.020358
19 24  0.594100  0.816450
19 25  0.577988  0.937046
19 26  0.592740  1.028828
19 27  0.571995  0.726567
19 28  0.589748  0.918858
19 29  0.584114  0.882129
19 30  0.566356  0.741390
20 21  0.592472  0.922792
20 22  0.600425  0.999534
20 23  0.609458  1.048554
20 24  0.601404  0.851357
20 25  0.579133  0.946317
20 26  0.600058  1.066653
20 27  0.579298  0.763165
20 28  0.597053  0.951939
20 29  0.593793  0.903521
20 30  0.573659  0.777515
21 22  0.618179  1.085042
21 23  0.626046  1.156228
21 24  0.619167  0.945361
21 25  0.594261  1.036080
21 26  0.617595  1.138568
21 27  0.597065  0.854450
21 28  0.614816  1.048912
21 29  0.581503  1.015768
21 30  0.591427  0.868446
22 23  0.625368  1.196442
22 24  0.619352  1.016114
22 25  0.621491  1.147126
22 26  0.591784  1.177668
22 27  0.598602  0.920438
22 28  0.581978  1.100821
22 29  0.621656  1.098922
22 30  0.592095  0.935590
23 24  0.630914  1.070390
23 25  0.629113  1.202153
23 26  0.623257  1.294778
23 27  0.609433  0.995179
23 28  0.618588  1.135962
23 29  0.618072  1.106678
23 30  0.603780  1.010916
24 25  0.622460  0.998842
24 26  0.618326  1.078595
24 27  0.564259  0.756729
24 28  0.608015  0.933925
24 29  0.622745  0.949893
24 30  0.561545  0.769557
25 26  0.621038  1.198370
25 27  0.600362  0.910901
25 28  0.618088  1.099117
25 29  0.597927  1.047052
25 30  0.594724  0.923969
26 27  0.598413  0.990357
26 28  0.589749  1.171276
26 29  0.621196  1.165078
26 30  0.592123  0.995923
27 28  0.594879  0.883971
27 29  0.600644  0.864390
27 30  0.524095  0.665784
28 29  0.618207  1.044944
28 30  0.588450  0.894094
29 30  0.595006  0.878228
