  -1146.53161877
  -1146.89733467    -1146.77394621
0.00000777305214
2 2 2 2 2 2 2 2 2 2 2 2 2 2 2 0 0 0 0 0 0 0 0 0 0 0 0 0 0 0 
1  0.272551  0.541966
2  0.268358  0.392616
3  0.277226  0.528291
4  0.291190  0.418077
5  0.279511  0.370594
6  0.306454  0.548916
7  0.333874  0.686593
8  0.306110  0.540431
9  0.286218  0.379022
10  0.305039  0.607151
11  0.310249  0.554469
12  0.310874  0.513754
13  0.317780  0.454544
14  0.283330  0.350752
15  0.309898  0.643120
16  0.285172  0.600602
17  0.282503  0.452736
18  0.285550  0.540452
19  0.283238  0.381884
20  0.290553  0.418012
21  0.308480  0.510342
22  0.310740  0.584228
23  0.321026  0.652129
24  0.311415  0.437225
25  0.311721  0.565447
26  0.310273  0.650984
27  0.289167  0.346680
28  0.307382  0.540422
29  0.312203  0.519024
30  0.283485  0.361700
1 2  0.540163  0.926981
1 3  0.547771  1.065126
1 4  0.563706  0.959039
1 5  0.551912  0.909271
1 6  0.568047  1.041024
1 7  0.578302  1.181800
1 8  0.576734  1.048186
1 9  0.558623  0.915111
1 10  0.571326  1.103420
1 11  0.582531  1.081482
1 12  0.583103  1.053785
1 13  0.589605  0.977281
1 14  0.555827  0.891839
1 15  0.572712  1.172762
1 16  0.285672  0.977086
1 17  0.554832  0.991910
1 18  0.557512  1.073210
1 19  0.555461  0.923178
1 20  0.562192  0.959380
1 21  0.580854  1.050549
1 22  0.581566  1.115008
1 23  0.568374  1.167259
1 24  0.583711  0.978539
1 25  0.583249  1.105341
1 26  0.555967  1.160193
1 27  0.561568  0.888455
1 28  0.578862  1.080679
1 29  0.582076  1.059546
1 30  0.555622  0.903395
2 3  0.545435  0.913944
2 4  0.559541  0.808899
2 5  0.547866  0.761786
2 6  0.559907  0.900133
2 7  0.601146  1.058699
2 8  0.574444  0.931707
2 9  0.551675  0.768605
2 10  0.568466  0.997046
2 11  0.578595  0.945833
2 12  0.579218  0.902599
2 13  0.566329  0.825247
2 14  0.546782  0.733840
2 15  0.573033  1.018336
2 16  0.553319  0.990981
2 17  0.263528  0.611348
2 18  0.553233  0.932435
2 19  0.551580  0.774329
2 20  0.558909  0.810400
2 21  0.576743  0.902515
2 22  0.554955  0.965154
2 23  0.588987  1.043645
2 24  0.561661  0.813590
2 25  0.580002  0.957461
2 26  0.574158  1.033355
2 27  0.552250  0.736549
2 28  0.574731  0.929711
2 29  0.580527  0.911237
2 30  0.550214  0.750521
3 4  0.566792  0.926045
3 5  0.555608  0.890259
3 6  0.583247  1.071521
3 7  0.583575  1.156893
3 8  0.579089  1.066415
3 9  0.563433  0.904028
3 10  0.582090  1.126395
3 11  0.582730  1.057268
3 12  0.569826  0.977791
3 13  0.594990  0.982098
3 14  0.560544  0.875139
3 15  0.585326  1.126206
3 16  0.561707  1.118840
3 17  0.558432  0.980046
3 18  0.279769  0.877497
3 19  0.559774  0.909726
3 20  0.567632  0.944439
3 21  0.564672  1.030043
3 22  0.586078  1.110731
3 23  0.575171  1.152650
3 24  0.588230  0.964948
3 25  0.583382  1.081378
3 26  0.585857  1.176619
3 27  0.566295  0.874781
3 28  0.583297  1.065867
3 29  0.587334  1.038088
3 30  0.560700  0.889722
4 5  0.527342  0.757461
4 6  0.597632  0.965447
4 7  0.624425  1.094879
4 8  0.593179  0.955025
4 9  0.577408  0.796425
4 10  0.596217  1.023320
4 11  0.577376  0.929168
4 12  0.594157  0.902446
4 13  0.608966  0.872383
4 14  0.574520  0.767971
4 15  0.601070  1.052040
4 16  0.576247  1.017622
4 17  0.573588  0.870425
4 18  0.574713  0.957863
4 19  0.288657  0.561257
4 20  0.528023  0.783189
4 21  0.594986  0.927414
4 22  0.601776  1.001563
4 23  0.611889  1.068984
4 24  0.602589  0.855123
4 25  0.579061  0.955531
4 26  0.601274  1.068016
4 27  0.580344  0.764703
4 28  0.598489  0.958025
4 29  0.600906  0.931057
4 30  0.574669  0.779692
5 6  0.585947  0.916121
5 7  0.612223  1.041839
5 8  0.578519  0.895136
5 9  0.565728  0.749527
5 10  0.584527  0.976509
5 11  0.576464  0.918750
5 12  0.579114  0.859943
5 13  0.597288  0.824150
5 14  0.562841  0.721260
5 15  0.589384  1.012427
5 16  0.564200  0.970668
5 17  0.561991  0.823118
5 18  0.564729  0.910132
5 19  0.520360  0.719222
5 20  0.284988  0.549346
5 21  0.586249  0.877051
5 22  0.590214  0.954433
5 23  0.600295  1.022159
5 24  0.590926  0.807699
5 25  0.559879  0.901544
5 26  0.589645  1.020971
5 27  0.568670  0.717242
5 28  0.586893  0.910669
5 29  0.590278  0.889287
5 30  0.562986  0.732240
6 7  0.635133  1.186131
6 8  0.612497  1.078986
6 9  0.592441  0.926690
6 10  0.577988  1.129484
6 11  0.616689  1.101416
6 12  0.617311  1.058961
6 13  0.621331  0.980948
6 14  0.589630  0.898287
6 15  0.587247  1.177299
6 16  0.586901  1.145526
6 17  0.578934  0.996206
6 18  0.591300  1.087169
6 19  0.589691  0.930466
6 20  0.596928  0.966335
6 21  0.614837  1.058264
6 22  0.473984  1.025739
6 23  0.627011  1.198648
6 24  0.617061  0.985766
6 25  0.617939  1.112845
6 26  0.563260  1.113490
6 27  0.595155  0.895075
6 28  0.574649  1.078643
6 29  0.618447  1.066784
6 30  0.589441  0.909055
7 8  0.627882  1.190443
7 9  0.620067  1.064993
7 10  0.636734  1.284943
7 11  0.642859  1.237949
7 12  0.640690  1.169822
7 13  0.651409  1.131035
7 14  0.617174  1.035267
7 15  0.630911  1.292887
7 16  0.583844  1.228185
7 17  0.614718  1.137578
7 18  0.588565  1.191231
7 19  0.617024  1.067856
7 20  0.623518  1.103599
7 21  0.637744  1.181811
7 22  0.640933  1.267519
7 23  0.420957  1.241987
7 24  0.645129  1.123043
7 25  0.641180  1.243341
7 26  0.631688  1.302208
7 27  0.622771  1.032946
7 28  0.639294  1.225120
7 29  0.638391  1.203272
7 30  0.617192  1.047680
8 9  0.592322  0.916317
8 10  0.610954  1.127854
8 11  0.588814  1.050480
8 12  0.582363  1.042045
8 13  0.623878  0.988888
8 14  0.589433  0.890140
8 15  0.615118  1.173136
8 16  0.589051  1.138553
8 17  0.588551  0.992452
8 18  0.585192  1.057151
8 19  0.587040  0.915910
8 20  0.591959  0.956990
8 21  0.570484  0.996985
8 22  0.616791  1.123393
8 23  0.611945  1.179377
8 24  0.617363  0.977117
8 25  0.589575  1.094592
8 26  0.616250  1.189210
8 27  0.595275  0.886970
8 28  0.613071  1.079361
8 29  0.432724  0.937988
8 30  0.589554  0.901867
9 10  0.588423  0.960431
9 11  0.596466  0.930391
9 12  0.597090  0.891559
9 13  0.567421  0.798476
9 14  0.521816  0.687972
9 15  0.595666  1.009189
9 16  0.570470  0.979205
9 17  0.567861  0.827762
9 18  0.571745  0.919115
9 19  0.569433  0.760835
9 20  0.576731  0.796922
9 21  0.594697  0.889080
9 22  0.596666  0.961984
9 23  0.606786  1.030346
9 24  0.557896  0.778668
9 25  0.597902  0.944076
9 26  0.595617  1.029509
9 27  0.517588  0.675521
9 28  0.591922  0.917350
9 29  0.598320  0.897762
9 30  0.302073  0.513292
10 11  0.615267  1.148530
10 12  0.615889  1.117695
10 13  0.613403  1.022783
10 14  0.586193  0.946606
10 15  0.584653  1.190820
10 16  0.584622  1.204875
10 17  0.579853  1.035384
10 18  0.590523  1.144530
10 19  0.588210  0.988529
10 20  0.595388  1.024351
10 21  0.613509  1.116089
10 22  0.568570  1.128753
10 23  0.624049  1.249974
10 24  0.602489  1.031999
10 25  0.616582  1.169987
10 26  0.584532  1.251508
10 27  0.593907  0.952943
10 28  0.467816  1.042955
10 29  0.616649  1.124423
10 30  0.587350  0.968513
11 12  0.594025  1.038374
11 13  0.628026  1.006973
11 14  0.593577  0.903095
11 15  0.619974  1.175057
11 16  0.595186  1.152806
11 17  0.592565  1.006262
11 18  0.589585  1.089801
11 19  0.562278  0.903284
11 20  0.580148  0.943697
11 21  0.590847  1.052009
11 22  0.620773  1.136947
11 23  0.627449  1.195583
11 24  0.621568  0.991172
11 25  0.476577  1.042990
11 26  0.620468  1.202369
11 27  0.599408  0.901002
11 28  0.617322  1.093585
11 29  0.579766  1.011367
11 30  0.593734  0.915918
12 13  0.628649  0.967731
12 14  0.594203  0.862921
12 15  0.620692  1.138895
12 16  0.595786  1.111358
12 17  0.593148  0.965743
12 18  0.583627  1.051856
12 19  0.592762  0.895263
12 20  0.598292  0.926812
12 21  0.429554  0.893698
12 22  0.621330  1.096552
12 23  0.630130  1.161953
12 24  0.622244  0.950616
12 25  0.581194  1.013607
12 26  0.620889  1.162633
12 27  0.600012  0.860308
12 28  0.618143  1.053363
12 29  0.583342  1.006086
12 30  0.594350  0.875267
13 14  0.568132  0.787540
13 15  0.626691  1.095015
13 16  0.601759  1.054343
13 17  0.573201  0.878345
13 18  0.603222  0.994316
13 19  0.601011  0.836292
13 20  0.608282  0.872322
13 21  0.626223  0.964427
13 22  0.623039  1.026336
13 23  0.638701  1.105829
13 24  0.407528  0.734824
13 25  0.629385  1.019262
13 26  0.624281  1.101718
13 27  0.565288  0.763083
13 28  0.620829  0.994051
13 29  0.629798  0.973025
13 30  0.554611  0.771100
14 15  0.592752  0.980783
14 16  0.568190  0.951046
14 17  0.562524  0.801591
14 18  0.568794  0.890973
14 19  0.566551  0.732592
14 20  0.573866  0.768702
14 21  0.591804  0.860922
14 22  0.593700  0.934733
14 23  0.603996  1.002401
14 24  0.548570  0.741959
14 25  0.595046  0.915989
14 26  0.593464  1.001537
14 27  0.300209  0.456853
14 28  0.589968  0.888696
14 29  0.595501  0.869612
14 30  0.518765  0.674211
15 16  0.581378  1.213755
15 17  0.586041  1.092357
15 18  0.593108  1.180713
15 19  0.592833  1.024355
15 20  0.600259  1.060317
15 21  0.618227  1.151107
15 22  0.588434  1.219216
15 23  0.611908  1.259764
15 24  0.618516  1.074150
15 25  0.621597  1.206085
15 26  0.515833  1.256581
15 27  0.598797  0.989598
15 28  0.562572  1.101132
15 29  0.621657  1.159602
15 30  0.593330  1.004453
16 17  0.566936  1.050333
16 18  0.567793  1.129256
16 19  0.568354  0.981903
16 20  0.575529  1.009639
16 21  0.592809  1.096019
16 22  0.591719  1.179123
16 23  0.579125  1.208346
16 24  0.595812  1.021039
16 25  0.595949  1.133631
16 26  0.573225  1.179935
16 27  0.574281  0.946659
16 28  0.586529  1.099017
16 29  0.595364  1.094380
16 30  0.568495  0.955864
17 18  0.567834  0.980687
17 19  0.565735  0.831902
17 20  0.573050  0.869139
17 21  0.590972  0.959332
17 22  0.570187  0.963995
17 23  0.602527  1.082403
17 24  0.573857  0.867899
17 25  0.594208  1.017026
17 26  0.589856  1.089583
17 27  0.565481  0.784855
17 28  0.586036  0.978271
17 29  0.594670  0.968720
17 30  0.560525  0.806307
18 19  0.567128  0.906611
18 20  0.575090  0.954617
18 21  0.570344  0.984392
18 22  0.595106  1.096934
18 23  0.580168  1.149032
18 24  0.596922  0.976404
18 25  0.594145  1.094846
18 26  0.593451  1.154852
18 27  0.574708  0.884166
18 28  0.591886  1.075730
18 29  0.593851  1.051485
18 30  0.569030  0.899641
19 20  0.529409  0.769497
19 21  0.583716  0.870818
19 22  0.593942  0.961147
19 23  0.603103  1.021596
19 24  0.594649  0.818384
19 25  0.578612  0.937064
19 26  0.593485  1.029684
19 27  0.572404  0.728130
19 28  0.590587  0.919921
19 29  0.584882  0.882649
19 30  0.566722  0.743401
20 21  0.593134  0.923395
20 22  0.601257  1.000054
20 23  0.610290  1.049566
20 24  0.601965  0.853038
20 25  0.579751  0.946281
20 26  0.600813  1.067433
20 27  0.579719  0.764634
20 28  0.597905  0.952717
20 29  0.594600  0.903972
20 30  0.574036  0.779387
21 22  0.619174  1.085349
21 23  0.627043  1.157347
21 24  0.619888  0.947044
21 25  0.595026  1.035897
21 26  0.618508  1.139027
21 27  0.597644  0.855696
21 28  0.615827  1.049760
21 29  0.582462  1.016091
21 30  0.591962  0.870070
22 23  0.626489  1.197543
22 24  0.620228  1.017776
22 25  0.622429  1.146833
22 26  0.592800  1.178241
22 27  0.599341  0.921603
22 28  0.583111  1.101805
22 29  0.622791  1.099203
22 30  0.592788  0.937170
23 24  0.631796  1.072430
23 25  0.630047  1.202542
23 26  0.624314  1.296084
23 27  0.610181  0.997122
23 28  0.619691  1.137243
23 29  0.619143  1.107405
23 30  0.604483  1.013315
24 25  0.623124  0.999634
24 26  0.619119  1.080354
24 27  0.564741  0.759378
24 28  0.608864  0.935642
24 29  0.623608  0.951274
24 30  0.561987  0.772524
25 26  0.621894  1.198037
25 27  0.600885  0.911445
25 28  0.619044  1.099076
25 29  0.598803  1.046690
25 30  0.595203  0.924800
26 27  0.599066  0.991735
26 28  0.590816  1.172166
26 29  0.622247  1.165577
26 30  0.592734  0.997547
27 28  0.595624  0.885627
27 29  0.601365  0.865563
27 30  0.524360  0.668472
28 29  0.619362  1.045585
28 30  0.589160  0.896097
29 30  0.595684  0.879795
