  -1146.53161877
  -1146.89741709    -1146.77417668
0.00000379260977
2 2 2 2 2 2 2 2 2 2 2 2 2 2 2 0 0 0 0 0 0 0 0 0 0 0 0 0 0 0 
1  0.272806  0.542402
2  0.268553  0.393425
3  0.277494  0.528728
4  0.291280  0.418490
5  0.279622  0.370972
6  0.306734  0.549068
7  0.334209  0.686944
8  0.306366  0.540416
9  0.286275  0.380006
10  0.305340  0.607541
11  0.310415  0.554463
12  0.311117  0.513943
13  0.317938  0.455339
14  0.283414  0.351449
15  0.310171  0.643045
16  0.285443  0.601074
17  0.282695  0.453524
18  0.285818  0.540918
19  0.283355  0.382309
20  0.290658  0.418395
21  0.308704  0.510418
22  0.311046  0.584291
23  0.321327  0.652540
24  0.311579  0.438012
25  0.311903  0.565452
26  0.310536  0.651097
27  0.289266  0.347306
28  0.307675  0.540664
29  0.312481  0.519073
30  0.283545  0.362641
1 2  0.540603  0.928176
1 3  0.548291  1.066010
1 4  0.564052  0.959888
1 5  0.552275  0.910033
1 6  0.568536  1.041545
1 7  0.578869  1.182546
1 8  0.577237  1.048544
1 9  0.558937  0.916447
1 10  0.571860  1.104187
1 11  0.582949  1.081874
1 12  0.583599  1.054410
1 13  0.590017  0.978359
1 14  0.556164  0.892965
1 15  0.573235  1.173132
1 16  0.286193  0.977962
1 17  0.555281  0.993123
1 18  0.558031  1.074159
1 19  0.555831  0.924027
1 20  0.562532  0.960199
1 21  0.581333  1.051061
1 22  0.582117  1.115548
1 23  0.568928  1.168219
1 24  0.584127  0.979761
1 25  0.583683  1.105796
1 26  0.556476  1.160811
1 27  0.561916  0.889514
1 28  0.579405  1.081369
1 29  0.582610  1.060034
1 30  0.555922  0.904770
2 3  0.545893  0.915097
2 4  0.559826  0.810049
2 5  0.548171  0.762909
2 6  0.560345  0.900954
2 7  0.601671  1.059709
2 8  0.574894  0.932482
2 9  0.551931  0.770388
2 10  0.568959  0.998250
2 11  0.578955  0.946618
2 12  0.579655  0.903495
2 13  0.566677  0.826816
2 14  0.547063  0.735289
2 15  0.573492  1.018998
2 16  0.553785  0.992248
2 17  0.263847  0.613050
2 18  0.553679  0.933712
2 19  0.551890  0.775563
2 20  0.559209  0.811591
2 21  0.577155  0.903403
2 22  0.555430  0.966019
2 23  0.589478  1.044870
2 24  0.562010  0.815224
2 25  0.580374  0.958279
2 26  0.574603  1.034284
2 27  0.552538  0.737997
2 28  0.575216  0.930771
2 29  0.580997  0.912096
2 30  0.550468  0.752273
3 4  0.567154  0.926822
3 5  0.555981  0.891030
3 6  0.583793  1.072098
3 7  0.584147  1.157616
3 8  0.579605  1.066846
3 9  0.563757  0.905364
3 10  0.582658  1.127213
3 11  0.583159  1.057690
3 12  0.570289  0.978271
3 13  0.595416  0.983330
3 14  0.560895  0.876172
3 15  0.585857  1.126529
3 16  0.562243  1.119800
3 17  0.558869  0.981273
3 18  0.280245  0.878320
3 19  0.560152  0.910592
3 20  0.568006  0.945257
3 21  0.565133  1.030523
3 22  0.586647  1.111244
3 23  0.575737  1.153614
3 24  0.588659  0.966165
3 25  0.583825  1.081859
3 26  0.586387  1.177176
3 27  0.566661  0.875842
3 28  0.583858  1.066530
3 29  0.587875  1.038638
3 30  0.561030  0.891097
4 5  0.527515  0.758280
4 6  0.598001  0.965988
4 7  0.624847  1.095562
4 8  0.593525  0.955425
4 9  0.577555  0.797785
4 10  0.596608  1.024098
4 11  0.577645  0.929536
4 12  0.594486  0.903013
4 13  0.609214  0.873588
4 14  0.574694  0.769031
4 15  0.601434  1.052272
4 16  0.576606  1.018491
4 17  0.573864  0.871624
4 18  0.575062  0.958748
4 19  0.288845  0.562168
4 20  0.528206  0.784156
4 21  0.595298  0.927904
4 22  0.602167  1.002041
4 23  0.612278  1.069801
4 24  0.602841  0.856322
4 25  0.579335  0.956024
4 26  0.601622  1.068548
4 27  0.580531  0.765742
4 28  0.598870  0.958680
4 29  0.601275  0.931541
4 30  0.574819  0.781045
5 6  0.586335  0.916553
5 7  0.612664  1.042442
5 8  0.578884  0.895454
5 9  0.565896  0.750885
5 10  0.584938  0.977248
5 11  0.576744  0.919127
5 12  0.579460  0.860477
5 13  0.597556  0.825268
5 14  0.563035  0.722331
5 15  0.589766  1.012723
5 16  0.564561  0.971519
5 17  0.562293  0.824283
5 18  0.565108  0.910975
5 19  0.520581  0.720121
5 20  0.285172  0.550166
5 21  0.586581  0.877517
5 22  0.590633  0.954875
5 23  0.600703  1.022951
5 24  0.591201  0.808864
5 25  0.560170  0.902004
5 26  0.590010  1.021467
5 27  0.568878  0.718247
5 28  0.587296  0.911288
5 29  0.590663  0.889716
5 30  0.563154  0.733560
6 7  0.635733  1.186569
6 8  0.613032  1.079067
6 9  0.592779  0.927818
6 10  0.578551  1.130069
6 11  0.617132  1.101568
6 12  0.617834  1.059267
6 13  0.621770  0.981829
6 14  0.589994  0.899124
6 15  0.587794  1.177399
6 16  0.587432  1.146155
6 17  0.579384  0.997125
6 18  0.591844  1.087790
6 19  0.590088  0.931046
6 20  0.597307  0.966872
6 21  0.615341  1.058498
6 22  0.474503  1.025918
6 23  0.627587  1.199233
6 24  0.617502  0.986708
6 25  0.618400  1.113016
6 26  0.563775  1.114039
6 27  0.595534  0.895851
6 28  0.575209  1.079041
6 29  0.619007  1.066991
6 30  0.589776  0.910140
7 8  0.628436  1.190693
7 9  0.620459  1.066321
7 10  0.637355  1.285666
7 11  0.643356  1.238302
7 12  0.641265  1.170275
7 13  0.651900  1.132056
7 14  0.617593  1.036288
7 15  0.631487  1.293159
7 16  0.584455  1.229245
7 17  0.615236  1.138727
7 18  0.589156  1.192149
7 19  0.617477  1.068635
7 20  0.623955  1.104341
7 21  0.638294  1.182280
7 22  0.641561  1.267935
7 23  0.421597  1.242762
7 24  0.645628  1.124185
7 25  0.641687  1.243684
7 26  0.632271  1.302708
7 27  0.623190  1.033923
7 28  0.639909  1.225728
7 29  0.638981  1.203671
7 30  0.617583  1.048955
8 9  0.592636  0.917203
8 10  0.611509  1.128156
8 11  0.589220  1.050492
8 12  0.582843  1.042219
8 13  0.624293  0.989570
8 14  0.589773  0.890806
8 15  0.615634  1.173063
8 16  0.589582  1.139034
8 17  0.589001  0.993226
8 18  0.585713  1.057733
8 19  0.587411  0.916336
8 20  0.592320  0.957357
8 21  0.570940  0.997242
8 22  0.617353  1.123452
8 23  0.612479  1.179773
8 24  0.617778  0.977891
8 25  0.589992  1.094584
8 26  0.616768  1.189329
8 27  0.595631  0.887581
8 28  0.613618  1.079593
8 29  0.433233  0.937914
8 30  0.589869  0.902794
9 10  0.588787  0.961613
9 11  0.596689  0.931234
9 12  0.597390  0.892687
9 13  0.567647  0.800232
9 14  0.521946  0.689674
9 15  0.595998  1.009992
9 16  0.570779  0.980656
9 17  0.568112  0.829538
9 18  0.572068  0.920559
9 19  0.569605  0.762243
9 20  0.576889  0.798288
9 21  0.594979  0.890137
9 22  0.597031  0.963033
9 23  0.607138  1.031718
9 24  0.558124  0.780509
9 25  0.598142  0.945061
9 26  0.595934  1.030607
9 27  0.517733  0.677277
9 28  0.592272  0.918571
9 29  0.598652  0.898794
9 30  0.302165  0.515459
10 11  0.615734  1.148795
10 12  0.616431  1.118271
10 13  0.613851  1.023841
10 14  0.586574  0.947614
10 15  0.585189  1.191070
10 16  0.585183  1.205747
10 17  0.580345  1.036655
10 18  0.591091  1.145384
10 19  0.588631  0.989340
10 20  0.595791  1.025127
10 21  0.614035  1.116566
10 22  0.569152  1.129495
10 23  0.624641  1.250746
10 24  0.602943  1.033181
10 25  0.617066  1.170390
10 26  0.585060  1.252019
10 27  0.594306  0.953955
10 28  0.468346  1.043638
10 29  0.617213  1.124889
10 30  0.587708  0.969849
11 12  0.594425  1.038582
11 13  0.628349  1.007726
11 14  0.593826  0.903706
11 15  0.620411  1.174909
11 16  0.595617  1.153281
11 17  0.592917  1.007050
11 18  0.590012  1.090270
11 19  0.562562  0.903790
11 20  0.580421  0.944165
11 21  0.591226  1.052098
11 22  0.621242  1.137019
11 23  0.627906  1.195976
11 24  0.621894  0.991955
11 25  0.476910  1.042980
11 26  0.620896  1.202495
11 27  0.599671  0.901621
11 28  0.617770  1.093835
11 29  0.580195  1.011595
11 30  0.593959  0.916850
12 13  0.629050  0.968709
12 14  0.594529  0.863739
12 15  0.621208  1.138953
12 16  0.596297  1.112012
12 17  0.593573  0.966721
12 18  0.584107  1.052487
12 19  0.593118  0.895879
12 20  0.598637  0.927402
12 21  0.429960  0.893931
12 22  0.621874  1.096817
12 23  0.630666  1.162571
12 24  0.622651  0.951593
12 25  0.581610  1.014033
12 26  0.621396  1.162941
12 27  0.600354  0.861121
12 28  0.618679  1.053798
12 29  0.583825  1.006403
12 30  0.594652  0.876395
13 14  0.568382  0.789105
13 15  0.627120  1.095729
13 16  0.602179  1.055612
13 17  0.573532  0.879997
13 18  0.603643  0.995572
13 19  0.601288  0.837512
13 20  0.608544  0.873500
13 21  0.626605  0.965301
13 22  0.623496  1.027222
13 23  0.639161  1.107036
13 24  0.407811  0.736683
13 25  0.629717  1.020064
13 26  0.624696  1.102607
13 27  0.565542  0.764559
13 28  0.621271  0.995089
13 29  0.630230  0.973873
13 30  0.554837  0.772897
14 15  0.593109  0.981301
14 16  0.568546  0.952205
14 17  0.562797  0.803083
14 18  0.569139  0.892131
14 19  0.566748  0.733715
14 20  0.574052  0.769781
14 21  0.592112  0.861693
14 22  0.594088  0.935494
14 23  0.604369  1.003502
14 24  0.548819  0.743524
14 25  0.595311  0.916688
14 26  0.593811  1.002346
14 27  0.300389  0.458386
14 28  0.590341  0.889624
14 29  0.595864  0.870355
14 30  0.518899  0.675978
15 16  0.581918  1.214301
15 17  0.586504  1.093072
15 18  0.593652  1.181124
15 19  0.593208  1.024716
15 20  0.600636  1.060628
15 21  0.618724  1.151122
15 22  0.588988  1.219210
15 23  0.612464  1.260121
15 24  0.618942  1.074840
15 25  0.622052  1.206041
15 26  0.516364  1.256625
15 27  0.599164  0.990149
15 28  0.563084  1.101457
15 29  0.622203  1.159565
15 30  0.593664  1.005320
16 17  0.567397  1.051571
16 18  0.568320  1.130193
16 19  0.568740  0.982799
16 20  0.575902  1.010399
16 21  0.593298  1.096557
16 22  0.592274  1.179651
16 23  0.579679  1.209165
16 24  0.596244  1.022140
16 25  0.596396  1.133986
16 26  0.573722  1.180470
16 27  0.574648  0.947750
16 28  0.587080  1.099657
16 29  0.595903  1.094862
16 30  0.568826  0.957165
17 18  0.568291  0.981799
17 19  0.566044  0.833014
17 20  0.573346  0.870255
17 21  0.591388  0.960118
17 22  0.570656  0.964715
17 23  0.603015  1.083480
17 24  0.574204  0.869446
17 25  0.594582  1.017817
17 26  0.590308  1.090463
17 27  0.565777  0.786178
17 28  0.586519  0.979327
17 29  0.595138  0.969506
17 30  0.560781  0.807993
18 19  0.567512  0.907423
18 20  0.575463  0.955435
18 21  0.570802  0.984826
18 22  0.595669  1.097383
18 23  0.580718  1.149856
18 24  0.597353  0.977643
18 25  0.594591  1.095324
18 26  0.593974  1.155405
18 27  0.575074  0.885174
18 28  0.592438  1.076440
18 29  0.594390  1.051988
18 30  0.569357  0.900973
19 20  0.529604  0.770330
19 21  0.584056  0.871288
19 22  0.594364  0.961524
19 23  0.603514  1.022338
19 24  0.594930  0.819569
19 25  0.578919  0.937485
19 26  0.593866  1.030186
19 27  0.572621  0.729154
19 28  0.590996  0.920554
19 29  0.585260  0.883089
19 30  0.566900  0.744758
20 21  0.593459  0.923852
20 22  0.601666  1.000461
20 23  0.610692  1.050227
20 24  0.602233  0.854103
20 25  0.580044  0.946667
20 26  0.601181  1.067918
20 27  0.579922  0.765640
20 28  0.598302  0.953231
20 29  0.594981  0.904384
20 30  0.574201  0.780692
21 22  0.619703  1.085422
21 23  0.627564  1.157822
21 24  0.620276  0.947906
21 25  0.595423  1.036010
21 26  0.618992  1.139139
21 27  0.597967  0.856343
21 28  0.616343  1.050086
21 29  0.582944  1.016226
21 30  0.592246  0.871002
22 23  0.627076  1.198018
22 24  0.620696  1.018631
22 25  0.622916  1.146904
22 26  0.593338  1.178413
22 27  0.599747  0.922216
22 28  0.583695  1.102209
22 29  0.623372  1.099303
22 30  0.593156  0.938099
23 24  0.632258  1.073440
23 25  0.630523  1.202960
23 26  0.624862  1.296613
23 27  0.610581  0.998127
23 28  0.620242  1.137787
23 29  0.619679  1.107736
23 30  0.604843  1.014658
24 25  0.623470  1.000337
24 26  0.619540  1.081201
24 27  0.565011  0.760864
24 28  0.609300  0.936500
24 29  0.624050  0.951995
24 30  0.562218  0.774262
25 26  0.622338  1.198031
25 27  0.601165  0.912059
25 28  0.619518  1.099261
25 29  0.599247  1.046788
25 30  0.595445  0.925629
26 27  0.599427  0.992417
26 28  0.591360  1.172476
26 29  0.622784  1.165746
26 30  0.593057  0.998439
27 28  0.596010  0.886483
27 29  0.601741  0.866234
27 30  0.524510  0.670098
28 29  0.619933  1.045855
28 30  0.589515  0.897223
29 30  0.596022  0.880763
