  -1146.52197774
  -1146.88470332    -1146.75883136
0.00009684105203
2 2 2 2 2 2 2 2 2 2 2 2 2 2 2 0 0 0 0 0 0 0 0 0 0 0 0 0 0 0 
1  0.296670  0.538489
2  0.285334  0.470194
3  0.265229  0.270363
4  0.272165  0.276630
5  0.276224  0.278727
6  0.322595  0.658918
7  0.304246  0.692689
8  0.297770  0.384503
9  0.295752  0.365191
10  0.271857  0.326754
11  0.294563  0.306309
12  0.314373  0.748123
13  0.269734  0.300703
14  0.295258  0.595560
15  0.306826  0.850468
16  0.291414  0.498892
17  0.301806  0.559805
18  0.269980  0.273331
19  0.276277  0.285816
20  0.277442  0.281568
21  0.306377  0.816828
22  0.297492  0.317578
23  0.322926  0.658612
24  0.301204  0.410631
25  0.295131  0.374460
26  0.272217  0.289594
27  0.299556  0.617118
28  0.270355  0.308365
29  0.308078  0.689227
30  0.316929  0.733819
1 2  0.538309  0.975982
1 3  0.561892  0.808824
1 4  0.568833  0.814593
1 5  0.572893  0.817009
1 6  0.611426  1.162292
1 7  0.599673  1.223499
1 8  0.594387  0.921160
1 9  0.592297  0.894147
1 10  0.568522  0.864869
1 11  0.591224  0.843837
1 12  0.585618  1.181351
1 13  0.566403  0.838364
1 14  0.590041  1.095638
1 15  0.600835  1.365156
1 16  0.292847  0.832993
1 17  0.548067  1.041515
1 18  0.566632  0.811805
1 19  0.572877  0.824290
1 20  0.574096  0.820052
1 21  0.596305  1.344284
1 22  0.594029  0.856039
1 23  0.608124  1.193492
1 24  0.597418  0.948618
1 25  0.591788  0.912696
1 26  0.568856  0.828020
1 27  0.595880  1.152224
1 28  0.566997  0.846740
1 29  0.603239  1.223287
1 30  0.603815  1.237373
2 3  0.550560  0.740403
2 4  0.557498  0.746703
2 5  0.561557  0.748823
2 6  0.587444  1.054944
2 7  0.587677  1.130905
2 8  0.582996  0.846343
2 9  0.581023  0.831806
2 10  0.557169  0.794755
2 11  0.579894  0.776469
2 12  0.593819  1.211223
2 13  0.555059  0.770425
2 14  0.578928  1.042337
2 15  0.587237  1.303239
2 16  0.536968  0.941178
2 17  0.291405  0.824976
2 18  0.555304  0.743512
2 19  0.561588  0.756004
2 20  0.562772  0.751760
2 21  0.586707  1.266834
2 22  0.582777  0.787746
2 23  0.605820  1.125554
2 24  0.586431  0.880455
2 25  0.580422  0.844431
2 26  0.557532  0.759750
2 27  0.584698  1.084819
2 28  0.555632  0.778481
2 29  0.592927  1.156126
2 30  0.576993  1.185345
3 4  0.532718  0.542512
3 5  0.535154  0.542894
3 6  0.587796  0.929059
3 7  0.569413  0.961784
3 8  0.561673  0.652648
3 9  0.530434  0.613125
3 10  0.536952  0.596740
3 11  0.538762  0.556591
3 12  0.579584  1.018225
3 13  0.534616  0.570840
3 14  0.560099  0.865737
3 15  0.572013  1.119520
3 16  0.556630  0.769244
3 17  0.567015  0.830158
3 18  0.258697  0.271372
3 19  0.540415  0.555132
3 20  0.539543  0.548927
3 21  0.571602  1.087171
3 22  0.533746  0.560336
3 23  0.588122  0.928943
3 24  0.530902  0.653579
3 25  0.557980  0.643070
3 26  0.535980  0.558611
3 27  0.564715  0.887429
3 28  0.535255  0.578406
3 29  0.573211  0.959486
3 30  0.582144  1.004165
4 5  0.502385  0.510173
4 6  0.594740  0.935075
4 7  0.576390  0.969283
4 8  0.569857  0.661055
4 9  0.562790  0.636067
4 10  0.544001  0.603259
4 11  0.539601  0.556232
4 12  0.586517  1.023750
4 13  0.541869  0.577149
4 14  0.567104  0.870714
4 15  0.578951  1.126460
4 16  0.563562  0.775515
4 17  0.573965  0.836432
4 18  0.540867  0.548723
4 19  0.271717  0.291450
4 20  0.499646  0.509759
4 21  0.578369  1.093377
4 22  0.531972  0.558885
4 23  0.595066  0.935226
4 24  0.571750  0.686317
4 25  0.567105  0.650951
4 26  0.544320  0.566162
4 27  0.571719  0.893702
4 28  0.542506  0.584989
4 29  0.579391  0.965596
4 30  0.589094  1.010425
5 6  0.598814  0.937359
5 7  0.580456  0.971323
5 8  0.573881  0.663006
5 9  0.568878  0.641008
5 10  0.548056  0.605455
5 11  0.542757  0.558724
5 12  0.590593  1.026541
5 13  0.545918  0.579361
5 14  0.571415  0.873769
5 15  0.583044  1.129136
5 16  0.567637  0.777618
5 17  0.578029  0.838530
5 18  0.541964  0.547934
5 19  0.499500  0.513515
5 20  0.271916  0.281181
5 21  0.582533  1.095524
5 22  0.537528  0.562025
5 23  0.599150  0.937335
5 24  0.576514  0.688766
5 25  0.570758  0.652790
5 26  0.548189  0.568090
5 27  0.575772  0.895825
5 28  0.546564  0.587068
5 29  0.584147  0.967903
5 30  0.593146  1.012535
6 7  0.618259  1.289289
6 8  0.619809  1.027326
6 9  0.617604  1.012060
6 10  0.594363  0.982873
6 11  0.617110  0.964885
6 12  0.600670  1.372405
6 13  0.592304  0.959280
6 14  0.604445  1.179216
6 15  0.605987  1.479694
6 16  0.611087  1.153873
6 17  0.612598  1.214301
6 18  0.592551  0.932191
6 19  0.598761  0.944687
6 20  0.600017  0.940473
6 21  0.583965  1.363348
6 22  0.619887  0.976353
6 23  0.602408  1.308216
6 24  0.623258  1.068459
6 25  0.617673  1.032936
6 26  0.594739  0.948380
6 27  0.621057  1.270902
6 28  0.592821  0.966975
6 29  0.627052  1.339512
6 30  0.481227  1.297899
7 8  0.593468  1.031778
7 9  0.599130  1.056197
7 10  0.573710  0.998501
7 11  0.598739  0.997996
7 12  0.614456  1.424676
7 13  0.572650  0.985568
7 14  0.564918  1.259828
7 15  0.589138  1.417216
7 16  0.595122  1.187549
7 17  0.604671  1.247499
7 18  0.574201  0.965944
7 19  0.580454  0.978262
7 20  0.581631  0.974165
7 21  0.595305  1.471576
7 22  0.601697  1.009667
7 23  0.623550  1.342424
7 24  0.603172  1.090874
7 25  0.588777  1.064247
7 26  0.576303  0.982058
7 27  0.364231  1.193680
7 28  0.572835  1.000481
7 29  0.571597  1.285367
7 30  0.616556  1.415569
8 9  0.584967  0.741280
8 10  0.532451  0.675686
8 11  0.592010  0.690377
8 12  0.611972  1.131472
8 13  0.532732  0.664826
8 14  0.591678  0.972275
8 15  0.604006  1.216411
8 16  0.589094  0.883156
8 17  0.599219  0.943905
8 18  0.565063  0.655687
8 19  0.573905  0.670196
8 20  0.574534  0.665667
8 21  0.602032  1.197467
8 22  0.595011  0.701478
8 23  0.620286  1.042583
8 24  0.586579  0.782213
8 25  0.363495  0.579864
8 26  0.526798  0.640412
8 27  0.590917  1.000123
8 28  0.520431  0.655132
8 29  0.603790  1.065876
8 30  0.613927  1.117349
9 10  0.566617  0.690655
9 11  0.575330  0.657957
9 12  0.609504  1.096767
9 13  0.563511  0.662090
9 14  0.581735  0.927419
9 15  0.601716  1.208801
9 16  0.587072  0.863865
9 17  0.597552  0.924683
9 18  0.527890  0.608123
9 19  0.569783  0.649425
9 20  0.572301  0.646191
9 21  0.599266  1.179137
9 22  0.570312  0.665069
9 23  0.618572  1.023377
9 24  0.350985  0.577501
9 25  0.581633  0.729896
9 26  0.565498  0.652874
9 27  0.594651  0.978637
9 28  0.565699  0.672274
9 29  0.592391  1.051745
9 30  0.612563  1.097767
10 11  0.566388  0.632351
10 12  0.586211  1.071149
10 13  0.495464  0.585470
10 14  0.566966  0.921735
10 15  0.578423  1.156878
10 16  0.563133  0.825477
10 17  0.573331  0.886401
10 18  0.541741  0.599999
10 19  0.548130  0.612556
10 20  0.549281  0.608283
10 21  0.577842  1.142931
10 22  0.569233  0.644266
10 23  0.594337  0.984719
10 24  0.572875  0.735822
10 25  0.524250  0.667757
10 26  0.489956  0.572613
10 27  0.569236  0.942485
10 28  0.279181  0.401451
10 29  0.579893  1.013963
10 30  0.588284  1.060178
11 12  0.608877  1.051939
11 13  0.564233  0.606550
11 14  0.588985  0.899232
11 15  0.601259  1.153429
11 16  0.585918  0.805186
11 17  0.596321  0.866100
11 18  0.537539  0.553632
11 19  0.535357  0.558679
11 20  0.533419  0.550743
11 21  0.600774  1.123042
11 22  0.364799  0.408908
11 23  0.617374  0.964873
11 24  0.571045  0.698734
11 25  0.589415  0.680398
11 26  0.566569  0.595725
11 27  0.594097  0.923283
11 28  0.564722  0.614553
11 29  0.601287  0.995147
11 30  0.611470  1.040079
12 13  0.584095  1.044749
12 14  0.602594  1.283493
12 15  0.597255  1.474328
12 16  0.579695  1.226136
12 17  0.605266  1.267307
12 18  0.584336  1.021425
12 19  0.590503  1.033873
12 20  0.591781  1.029667
12 21  0.595634  1.552063
12 22  0.611630  1.065590
12 23  0.479510  1.311810
12 24  0.614619  1.157198
12 25  0.609307  1.121478
12 26  0.586564  1.037598
12 27  0.611533  1.349521
12 28  0.584722  1.056213
12 29  0.617972  1.426221
12 30  0.587800  1.409391
13 14  0.564910  0.894961
13 15  0.576357  1.139071
13 16  0.561074  0.799503
13 17  0.571384  0.860446
13 18  0.538608  0.572984
13 19  0.545988  0.586493
13 20  0.546934  0.582048
13 21  0.576083  1.117293
13 22  0.567045  0.618125
13 23  0.592476  0.958908
13 24  0.569146  0.709679
13 25  0.518095  0.637209
13 26  0.276686  0.341398
13 27  0.568728  0.916984
13 28  0.491910  0.569772
13 29  0.577754  0.989393
13 30  0.586505  1.034394
14 15  0.591099  1.427644
14 16  0.586443  1.091792
14 17  0.596760  1.151941
14 18  0.565075  0.868749
14 19  0.570837  0.881024
14 20  0.572523  0.877029
14 21  0.574112  1.351432
14 22  0.591664  0.912540
14 23  0.617119  1.249263
14 24  0.589237  1.003995
14 25  0.589494  0.967301
14 26  0.567395  0.884831
14 27  0.562213  1.180492
14 28  0.565564  0.902847
14 29  0.364091  1.167427
14 30  0.610018  1.314595
15 16  0.592960  1.326526
15 17  0.602256  1.397791
15 18  0.576796  1.123762
15 19  0.582914  1.136129
15 20  0.584205  1.131964
15 21  0.516769  1.649331
15 22  0.604104  1.167794
15 23  0.585291  1.397683
15 24  0.606012  1.256376
15 25  0.599379  1.221266
15 26  0.579036  1.139956
15 27  0.578669  1.404051
15 28  0.576897  1.158460
15 29  0.599241  1.498633
15 30  0.598249  1.569961
16 17  0.547369  1.022776
16 18  0.561389  0.772152
16 19  0.567687  0.783925
16 20  0.568854  0.780080
16 21  0.592329  1.294700
16 22  0.588893  0.815159
16 23  0.591663  1.073531
16 24  0.592463  0.898666
16 25  0.586418  0.867795
16 26  0.563630  0.788395
16 27  0.588804  1.089169
16 28  0.561758  0.807104
16 29  0.597382  1.149876
16 30  0.602214  1.224262
17 18  0.571784  0.833068
17 19  0.578081  0.845602
17 20  0.579247  0.841333
17 21  0.604972  1.353292
17 22  0.599295  0.877351
17 23  0.617047  1.180577
17 24  0.602933  0.968882
17 25  0.596757  0.923294
17 26  0.574017  0.848636
17 27  0.599197  1.131224
17 28  0.572134  0.864982
17 29  0.608441  1.239949
17 30  0.592053  1.180757
18 19  0.540796  0.553969
18 20  0.540674  0.548479
18 21  0.576265  1.088874
18 22  0.544162  0.568643
18 23  0.592901  0.931889
18 24  0.541401  0.664742
18 25  0.563634  0.646235
18 26  0.541666  0.562502
18 27  0.569502  0.890306
18 28  0.540020  0.581410
18 29  0.577180  0.961375
18 30  0.586903  1.006791
19 20  0.507111  0.521919
19 21  0.582633  1.099815
19 22  0.545302  0.574920
19 23  0.599186  0.943291
19 24  0.571831  0.688464
19 25  0.571306  0.660123
19 26  0.548466  0.575148
19 27  0.575794  0.902784
19 28  0.546619  0.593963
19 29  0.583955  0.970981
19 30  0.593202  1.019480
20 21  0.583812  1.097558
20 22  0.548029  0.575351
20 23  0.600360  0.939565
20 24  0.573982  0.687242
20 25  0.572446  0.655749
20 26  0.549635  0.571053
20 27  0.576970  0.898458
20 28  0.547781  0.589897
20 29  0.585368  0.969272
20 30  0.594369  1.015374
21 22  0.603754  1.127020
21 23  0.606285  1.443937
21 24  0.606635  1.198220
21 25  0.600673  1.186879
21 26  0.578464  1.101087
21 27  0.594287  1.413310
21 28  0.576402  1.115570
21 29  0.594098  1.390185
21 30  0.600856  1.441907
22 23  0.620376  0.974449
22 24  0.584242  0.712353
22 25  0.592190  0.691707
22 26  0.569592  0.606735
22 27  0.596987  0.934612
22 28  0.567780  0.625304
22 29  0.604240  0.997607
22 30  0.614414  1.050626
23 24  0.623502  1.051049
23 25  0.617139  1.017552
23 26  0.595117  0.948107
23 27  0.607737  1.198375
23 28  0.593175  0.965927
23 29  0.622486  1.278517
23 30  0.601597  1.354708
24 25  0.587596  0.776283
24 26  0.570891  0.695442
24 27  0.599321  1.021611
24 28  0.569638  0.716012
24 29  0.597087  1.039318
24 30  0.617894  1.142766
25 26  0.531135  0.640972
25 27  0.585039  0.952044
25 28  0.530581  0.652397
25 29  0.602484  1.059535
25 30  0.611293  1.091356
26 27  0.570798  0.905007
26 28  0.496376  0.556931
26 29  0.580167  0.976249
26 30  0.589112  1.020993
27 28  0.568032  0.916675
27 29  0.571203  1.275113
27 30  0.608618  1.280179
28 29  0.578107  0.995091
28 30  0.587151  1.034577
29 30  0.620215  1.409439
