  -1146.52197774
  -1146.88785369    -1146.76532932
0.00002495029196
2 2 2 2 2 2 2 2 2 2 2 2 2 2 2 0 0 0 0 0 0 0 0 0 0 0 0 0 0 0 
1  0.300579  0.532622
2  0.289429  0.470872
3  0.269038  0.280405
4  0.274326  0.283803
5  0.278028  0.283275
6  0.330472  0.653347
7  0.314001  0.705268
8  0.307295  0.411208
9  0.306924  0.404786
10  0.279279  0.353054
11  0.298346  0.321000
12  0.321515  0.733214
13  0.277314  0.323789
14  0.307641  0.613289
15  0.314234  0.837973
16  0.295373  0.495903
17  0.305588  0.557084
18  0.273717  0.282096
19  0.278697  0.294294
20  0.279310  0.286173
21  0.313754  0.803816
22  0.301521  0.332003
23  0.330328  0.651367
24  0.312386  0.448380
25  0.304567  0.402942
26  0.279672  0.309925
27  0.309303  0.630927
28  0.277612  0.334214
29  0.321123  0.702777
30  0.323590  0.723288
1 2  0.545869  0.971159
1 3  0.569609  0.813012
1 4  0.574900  0.815469
1 5  0.578606  0.815560
1 6  0.623044  1.152229
1 7  0.613210  1.230088
1 8  0.607807  0.941330
1 9  0.607308  0.924989
1 10  0.579851  0.885127
1 11  0.598912  0.852111
1 12  0.596129  1.165214
1 13  0.577890  0.855069
1 14  0.606099  1.106502
1 15  0.612151  1.348941
1 16  0.299896  0.820739
1 17  0.555864  1.037432
1 18  0.574269  0.814695
1 19  0.579166  0.826889
1 20  0.579868  0.818786
1 21  0.607480  1.325957
1 22  0.601893  0.864583
1 23  0.619281  1.180614
1 24  0.612368  0.980392
1 25  0.605131  0.935233
1 26  0.580197  0.842446
1 27  0.609507  1.160150
1 28  0.578140  0.866636
1 29  0.619922  1.231466
1 30  0.614441  1.224673
2 3  0.558464  0.750942
2 4  0.563752  0.754506
2 5  0.567456  0.753961
2 6  0.598715  1.051156
2 7  0.601236  1.143406
2 8  0.596575  0.872389
2 9  0.596238  0.871217
2 10  0.568672  0.821321
2 11  0.587771  0.791842
2 12  0.604945  1.197583
2 13  0.566724  0.794163
2 14  0.595105  1.060549
2 15  0.598643  1.291712
2 16  0.545072  0.940292
2 17  0.298380  0.819530
2 18  0.563127  0.752949
2 19  0.568085  0.765148
2 20  0.568735  0.757041
2 21  0.597876  1.255752
2 22  0.590861  0.802819
2 23  0.617263  1.119397
2 24  0.601689  0.918675
2 25  0.593890  0.873551
2 26  0.569065  0.780740
2 27  0.598407  1.099532
2 28  0.566922  0.804981
2 29  0.610100  1.170117
2 30  0.587741  1.176767
3 4  0.538589  0.559670
3 5  0.540640  0.557217
3 6  0.599480  0.933264
3 7  0.582982  0.983562
3 8  0.574829  0.688361
3 9  0.545500  0.664147
3 10  0.548156  0.632945
3 11  0.546365  0.581971
3 12  0.590533  1.013361
3 13  0.545961  0.603954
3 14  0.576100  0.893239
3 15  0.583214  1.116512
3 16  0.564389  0.776290
3 17  0.574578  0.837470
3 18  0.265672  0.290545
3 19  0.546613  0.573596
3 20  0.545198  0.563651
3 21  0.582776  1.084181
3 22  0.541787  0.585518
3 23  0.599314  0.931724
3 24  0.546255  0.702385
3 25  0.571161  0.681515
3 26  0.547233  0.589012
3 27  0.578302  0.911277
3 28  0.546306  0.614286
3 29  0.590005  0.982957
3 30  0.592575  1.003659
4 5  0.506589  0.523075
4 6  0.604761  0.936431
4 7  0.588295  0.988955
4 8  0.581531  0.694927
4 9  0.575805  0.681556
4 10  0.553576  0.636541
4 11  0.545540  0.578261
4 12  0.595804  1.015141
4 13  0.551595  0.607168
4 14  0.581571  0.894654
4 15  0.588493  1.120418
4 16  0.569666  0.779695
4 17  0.579907  0.840872
4 18  0.546725  0.564623
4 19  0.275979  0.309563
4 20  0.503972  0.522899
4 21  0.587851  1.087510
4 22  0.538228  0.581640
4 23  0.604615  0.935140
4 24  0.585034  0.731327
4 25  0.578703  0.686595
4 26  0.553925  0.593655
4 27  0.583627  0.914612
4 28  0.551926  0.618007
4 29  0.594421  0.986293
4 30  0.597915  1.007040
5 6  0.608489  0.936126
5 7  0.592014  0.988338
5 8  0.585189  0.694078
5 9  0.581668  0.684772
5 10  0.557258  0.636277
5 11  0.548562  0.579126
5 12  0.599533  1.016023
5 13  0.555286  0.606949
5 14  0.585565  0.895757
5 15  0.592251  1.121183
5 16  0.573401  0.779175
5 17  0.583615  0.840353
5 18  0.547474  0.561317
5 19  0.504033  0.527981
5 20  0.275381  0.291539
5 21  0.591724  1.087048
5 22  0.543515  0.581876
5 23  0.608356  0.934635
5 24  0.589456  0.731049
5 25  0.581896  0.685781
5 26  0.557425  0.592954
5 27  0.587308  0.914158
5 28  0.555621  0.617454
5 29  0.598940  0.985993
5 30  0.601606  1.006541
6 7  0.635597  1.298248
6 8  0.637124  1.046695
6 9  0.636247  1.043013
6 10  0.609645  1.003411
6 11  0.628742  0.973926
6 12  0.614980  1.353700
6 13  0.607741  0.976817
6 14  0.622895  1.190233
6 15  0.621585  1.464660
6 16  0.622911  1.145948
6 17  0.624019  1.206254
6 18  0.604157  0.935357
6 19  0.609032  0.947554
6 20  0.609766  0.939502
6 21  0.598792  1.352380
6 22  0.631746  0.985102
6 23  0.617290  1.296280
6 24  0.642297  1.100317
6 25  0.634970  1.055743
6 26  0.610063  0.963078
6 27  0.638558  1.279674
6 28  0.607907  0.987097
6 29  0.647380  1.347752
6 30  0.494301  1.280046
7 8  0.611729  1.066276
7 9  0.619892  1.108107
7 10  0.590492  1.033326
7 11  0.612230  1.024048
7 12  0.630902  1.423183
7 13  0.589665  1.019116
7 14  0.587155  1.291734
7 15  0.605436  1.417977
7 16  0.608839  1.197069
7 17  0.617868  1.257734
7 18  0.587688  0.987272
7 19  0.592630  0.999184
7 20  0.593228  0.991293
7 21  0.612359  1.474143
7 22  0.615477  1.036542
7 23  0.640345  1.348349
7 24  0.623876  1.139594
7 25  0.607442  1.105209
7 26  0.593441  1.014856
7 27  0.381790  1.222164
7 28  0.589653  1.038920
7 29  0.594788  1.315683
7 30  0.632733  1.418556
8 9  0.604940  0.806165
8 10  0.548572  0.727774
8 11  0.605245  0.731383
8 12  0.628589  1.142962
8 13  0.549036  0.715429
8 14  0.613405  1.015622
8 15  0.620859  1.230694
8 16  0.602583  0.906823
8 17  0.612438  0.967820
8 18  0.578263  0.691208
8 19  0.585841  0.705331
8 20  0.585857  0.696981
8 21  0.618917  1.210698
8 22  0.608534  0.742436
8 23  0.637230  1.062037
8 24  0.607085  0.846016
8 25  0.381115  0.641163
8 26  0.542620  0.686001
8 27  0.609738  1.040663
8 28  0.536193  0.706404
8 29  0.626306  1.106106
8 30  0.630034  1.133426
9 10  0.585119  0.755939
9 11  0.590006  0.711489
9 12  0.627534  1.116381
9 13  0.582065  0.723185
9 14  0.602712  0.974023
9 15  0.620012  1.233005
9 16  0.602116  0.900395
9 17  0.612505  0.961290
9 18  0.543151  0.658127
9 19  0.583296  0.697576
9 20  0.585305  0.690413
9 21  0.617497  1.204983
9 22  0.585447  0.719687
9 23  0.637103  1.055527
9 24  0.371211  0.661109
9 25  0.601983  0.797124
9 26  0.584141  0.712947
9 27  0.615447  1.030922
9 28  0.584039  0.737401
9 29  0.615396  1.104889
9 30  0.630380  1.126225
10 11  0.577584  0.672637
10 12  0.600770  1.081552
10 13  0.509385  0.633566
10 14  0.586751  0.965411
10 15  0.593153  1.166773
10 16  0.574434  0.848677
10 17  0.584439  0.909920
10 18  0.552880  0.635035
10 19  0.557971  0.647321
10 20  0.558568  0.639174
10 21  0.592647  1.156066
10 22  0.580665  0.684992
10 23  0.609066  1.003481
10 24  0.591412  0.799478
10 25  0.540388  0.721989
10 26  0.503780  0.619170
10 27  0.586239  0.982449
10 28  0.291335  0.457287
10 29  0.600344  1.053718
10 30  0.602293  1.075816
11 12  0.619779  1.050103
11 13  0.575589  0.643922
11 14  0.604971  0.930231
11 15  0.612391  1.152872
11 16  0.593596  0.816878
11 17  0.603873  0.878041
11 18  0.545196  0.577863
11 19  0.541595  0.582969
11 20  0.539207  0.571007
11 21  0.611814  1.124674
11 22  0.372234  0.442862
11 23  0.628496  0.972270
11 24  0.585947  0.751656
11 25  0.602579  0.723381
11 26  0.577799  0.630753
11 27  0.607609  0.951670
11 28  0.575742  0.655098
11 29  0.618075  1.023411
11 30  0.621912  1.044192
12 13  0.598812  1.051263
12 14  0.621335  1.284799
12 15  0.611371  1.455762
12 16  0.590688  1.209094
12 17  0.616317  1.253641
12 18  0.595214  1.015257
12 19  0.600015  1.027403
12 20  0.600786  1.019350
12 21  0.609809  1.525984
12 22  0.622731  1.065053
12 23  0.493191  1.288371
12 24  0.632779  1.179737
12 25  0.625890  1.134858
12 26  0.601147  1.042937
12 27  0.628206  1.348795
12 28  0.599117  1.066989
12 29  0.637814  1.426029
12 30  0.601172  1.390194
13 14  0.584864  0.934758
13 15  0.591253  1.146254
13 16  0.572540  0.819547
13 17  0.582717  0.880773
13 18  0.549890  0.604840
13 19  0.555987  0.618052
13 20  0.556356  0.609709
13 21  0.591031  1.127245
13 22  0.578634  0.655634
13 23  0.607404  0.974565
13 24  0.587921  0.770614
13 25  0.534049  0.687433
13 26  0.288857  0.387573
13 27  0.585977  0.953527
13 28  0.505828  0.619683
13 29  0.598366  1.025958
13 30  0.600751  1.046876
14 15  0.610599  1.431643
14 16  0.602682  1.106804
14 17  0.612889  1.166766
14 18  0.581129  0.895122
14 19  0.585475  0.907194
14 20  0.586733  0.899354
14 21  0.593199  1.358674
14 22  0.607930  0.944651
14 23  0.636803  1.260365
14 24  0.611742  1.059555
14 25  0.611247  1.013469
14 26  0.587229  0.922836
14 27  0.584458  1.212341
14 28  0.585185  0.946177
14 29  0.387354  1.200979
14 30  0.628857  1.321740
15 16  0.604132  1.312779
15 17  0.613370  1.383296
15 18  0.587935  1.120008
15 19  0.592702  1.132052
15 20  0.593460  1.124040
15 21  0.531559  1.624560
15 22  0.615505  1.169657
15 23  0.599559  1.385307
15 24  0.624393  1.280716
15 25  0.616022  1.236855
15 26  0.593892  1.147716
15 27  0.595287  1.408592
15 28  0.591491  1.171639
15 29  0.619367  1.502082
15 30  0.612093  1.548854
16 17  0.554770  1.017209
16 18  0.569084  0.777970
16 19  0.574062  0.789112
16 20  0.574678  0.781528
16 21  0.603532  1.280167
16 22  0.596875  0.826358
16 23  0.602302  1.065510
16 24  0.607522  0.931571
16 25  0.599799  0.892295
16 26  0.575042  0.805614
16 27  0.602310  1.100025
16 28  0.572975  0.829915
16 29  0.614043  1.160328
16 30  0.612826  1.211061
17 18  0.579302  0.838972
17 19  0.584282  0.851352
17 20  0.584896  0.843165
17 21  0.616112  1.338685
17 22  0.607105  0.888981
17 23  0.628121  1.171949
17 24  0.617861  1.003508
17 25  0.609957  0.947301
17 26  0.585245  0.866115
17 27  0.612501  1.141604
17 28  0.583167  0.887061
17 29  0.625112  1.250753
17 30  0.602151  1.170752
18 19  0.546893  0.571231
18 20  0.546179  0.561691
18 21  0.587368  1.084282
18 22  0.551918  0.592581
18 23  0.604036  0.933448
18 24  0.556335  0.712374
18 25  0.576580  0.682761
18 26  0.552795  0.591573
18 27  0.582988  0.912627
18 28  0.550975  0.615962
18 29  0.593668  0.983354
18 30  0.597297  1.004692
19 20  0.511622  0.536171
19 21  0.592421  1.094045
19 22  0.551635  0.597473
19 23  0.609000  0.944215
19 24  0.585059  0.732842
19 25  0.583155  0.697089
19 26  0.558334  0.603731
19 27  0.587952  0.925080
19 28  0.556293  0.628049
19 29  0.599304  0.991339
19 30  0.602277  1.017310
20 21  0.593054  1.089079
20 22  0.554197  0.595506
20 23  0.609623  0.936664
20 24  0.586761  0.728942
20 25  0.583720  0.688653
20 26  0.558953  0.595927
20 27  0.588577  0.916711
20 28  0.556899  0.620343
20 29  0.600237  0.987022
20 30  0.602894  1.009438
21 22  0.615123  1.125654
21 23  0.620970  1.427546
21 24  0.624950  1.219389
21 25  0.617388  1.201698
21 26  0.593272  1.106478
21 27  0.611390  1.413298
21 28  0.590927  1.125139
21 29  0.613309  1.391681
21 30  0.614621  1.424615
22 23  0.631799  0.981572
22 24  0.599127  0.762868
22 25  0.605588  0.734466
22 26  0.581063  0.641239
22 27  0.610747  0.962745
22 28  0.579046  0.665024
22 29  0.620944  1.022566
22 30  0.625100  1.053946
23 24  0.641883  1.079590
23 25  0.633782  1.036408
23 26  0.609958  0.961060
23 27  0.623403  1.204273
23 28  0.607790  0.984198
23 29  0.642423  1.287559
23 30  0.615033  1.337904
24 25  0.607459  0.841203
24 26  0.589341  0.751831
24 27  0.620085  1.072763
24 28  0.587968  0.778649
24 29  0.618863  1.079881
24 30  0.635621  1.169594
25 26  0.547248  0.690607
25 27  0.603054  0.988350
25 28  0.546558  0.705966
25 29  0.624824  1.101120
25 30  0.627288  1.107119
26 27  0.587783  0.938497
26 28  0.510035  0.602715
26 29  0.600646  1.008675
26 30  0.603208  1.030257
27 28  0.584711  0.953615
27 29  0.593777  1.303859
27 30  0.624487  1.282502
28 29  0.598371  1.033326
28 30  0.601034  1.047636
29 30  0.639243  1.412835
