  -1146.52197774
  -1146.88813300    -1146.76591960
0.00003426801854
2 2 2 2 2 2 2 2 2 2 2 2 2 2 2 0 0 0 0 0 0 0 0 0 0 0 0 0 0 0 
1  0.300902  0.532344
2  0.289756  0.471329
3  0.269561  0.281871
4  0.274589  0.284928
5  0.278243  0.283983
6  0.331190  0.652413
7  0.314911  0.706008
8  0.308280  0.414327
9  0.308125  0.409313
10  0.279993  0.356153
11  0.298840  0.323114
12  0.322139  0.731379
13  0.277889  0.326355
14  0.308850  0.614658
15  0.314914  0.836242
16  0.295745  0.495800
17  0.305880  0.557084
18  0.274281  0.283399
19  0.278982  0.295748
20  0.279540  0.286907
21  0.314383  0.802119
22  0.302059  0.334235
23  0.331003  0.650071
24  0.313560  0.452828
25  0.305436  0.405972
26  0.280396  0.312358
27  0.310221  0.631709
28  0.278301  0.337154
29  0.322358  0.703769
30  0.324177  0.721979
1 2  0.546464  0.971402
1 3  0.570455  0.814201
1 4  0.575483  0.816246
1 5  0.579141  0.815965
1 6  0.624073  1.151150
1 7  0.614444  1.230528
1 8  0.609114  0.944080
1 9  0.608818  0.928893
1 10  0.580887  0.887930
1 11  0.599727  0.853884
1 12  0.597054  1.163484
1 13  0.578788  0.857306
1 14  0.607613  1.107569
1 15  0.613165  1.347137
1 16  0.300460  0.820520
1 17  0.556500  1.037174
1 18  0.575155  0.815718
1 19  0.579768  0.828064
1 20  0.580419  0.819241
1 21  0.608431  1.324033
1 22  0.602746  0.866535
1 23  0.620273  1.179081
1 24  0.613851  0.984550
1 25  0.606324  0.937976
1 26  0.581240  0.844598
1 27  0.610753  1.160655
1 28  0.579147  0.869285
1 29  0.621448  1.232216
1 30  0.615359  1.223340
2 3  0.559315  0.752832
2 4  0.564342  0.756079
2 5  0.567997  0.755110
2 6  0.599716  1.050706
2 7  0.602457  1.144492
2 8  0.597883  0.875780
2 9  0.597759  0.876084
2 10  0.569710  0.824814
2 11  0.588592  0.794412
2 12  0.605895  1.196263
2 13  0.567624  0.797176
2 14  0.596610  1.062390
2 15  0.599642  1.290383
2 16  0.545769  0.940597
2 17  0.298903  0.820087
2 18  0.564017  0.754709
2 19  0.568694  0.767056
2 20  0.569291  0.758231
2 21  0.598827  1.254605
2 22  0.591726  0.805503
2 23  0.618263  1.118593
2 24  0.603193  0.923550
2 25  0.595077  0.877030
2 26  0.570112  0.783628
2 27  0.599646  1.100774
2 28  0.567928  0.808376
2 29  0.611660  1.171542
2 30  0.588670  1.176020
3 4  0.539373  0.562256
3 5  0.541371  0.559350
3 6  0.600721  0.933750
3 7  0.584415  0.985648
3 8  0.576311  0.692784
3 9  0.547203  0.670267
3 10  0.549386  0.637497
3 11  0.547379  0.585655
3 12  0.591679  1.012993
3 13  0.547052  0.607983
3 14  0.577799  0.896014
3 15  0.584415  1.116174
3 16  0.565281  0.777651
3 17  0.575389  0.838935
3 18  0.266609  0.293308
3 19  0.547420  0.576514
3 20  0.545949  0.565867
3 21  0.583928  1.083946
3 22  0.542865  0.589338
3 23  0.600511  0.931891
3 24  0.547979  0.708424
3 25  0.572551  0.686020
3 26  0.548490  0.592917
3 27  0.579741  0.913522
3 28  0.547520  0.618692
3 29  0.591755  0.985392
3 30  0.593677  1.003813
4 5  0.507077  0.525116
4 6  0.605735  0.936584
4 7  0.589467  0.990808
4 8  0.582777  0.699169
4 9  0.577240  0.687019
4 10  0.554552  0.640735
4 11  0.546295  0.581511
4 12  0.596685  1.014303
4 13  0.552432  0.610825
4 14  0.583040  0.897039
4 15  0.589430  1.119714
4 16  0.570297  0.780715
4 17  0.580460  0.841994
4 18  0.547550  0.567048
4 19  0.276483  0.312432
4 20  0.504497  0.524976
4 21  0.588730  1.086935
4 22  0.539040  0.585171
4 23  0.605549  0.934965
4 24  0.586458  0.736912
4 25  0.579836  0.690744
4 26  0.554912  0.597213
4 27  0.584808  0.916514
4 28  0.552878  0.622071
4 29  0.595906  0.988406
4 30  0.598765  1.006851
5 6  0.609419  0.935864
5 7  0.593140  0.989769
5 8  0.586386  0.697876
5 9  0.583067  0.689945
5 10  0.558183  0.640081
5 11  0.549284  0.582106
5 12  0.600369  1.014869
5 13  0.556074  0.610217
5 14  0.586987  0.897803
5 15  0.593144  1.120160
5 16  0.573987  0.779780
5 17  0.584122  0.841061
5 18  0.548260  0.563339
5 19  0.504555  0.530397
5 20  0.275809  0.293118
5 21  0.592567  1.086060
5 22  0.544285  0.584962
5 23  0.609246  0.934047
5 24  0.590841  0.736201
5 25  0.582970  0.689509
5 26  0.558362  0.596094
5 27  0.588436  0.915647
5 28  0.556524  0.621101
5 29  0.600397  0.987694
5 30  0.602410  1.005939
6 7  0.637179  1.298297
6 8  0.638819  1.048697
6 9  0.638121  1.046265
6 10  0.611074  1.005544
6 11  0.629945  0.975093
6 12  0.616271  1.351254
6 13  0.609032  0.978444
6 14  0.624671  1.190756
6 15  0.623010  1.462247
6 16  0.624002  1.144952
6 17  0.625029  1.205371
6 18  0.605430  0.935723
6 19  0.610031  0.948064
6 20  0.610713  0.939299
6 21  0.600108  1.350627
6 22  0.632991  0.986381
6 23  0.618650  1.294135
6 24  0.644190  1.103784
6 25  0.636550  1.057826
6 26  0.611505  0.964572
6 27  0.640180  1.279585
6 28  0.609309  0.989086
6 29  0.649291  1.347858
6 30  0.495510  1.277643
7 8  0.613528  1.069676
7 9  0.621992  1.113346
7 10  0.592067  1.036773
7 11  0.613630  1.026735
7 12  0.632400  1.422205
7 13  0.591099  1.022189
7 14  0.589270  1.294012
7 15  0.606964  1.417301
7 16  0.610123  1.197694
7 17  0.619048  1.258508
7 18  0.589159  0.989313
7 19  0.593823  1.001361
7 20  0.594362  0.992763
7 21  0.613897  1.473548
7 22  0.616926  1.039492
7 23  0.641890  1.347852
7 24  0.625934  1.144615
7 25  0.609189  1.108953
7 26  0.595066  1.018008
7 27  0.383469  1.223781
7 28  0.591237  1.042593
7 29  0.596972  1.317994
7 30  0.634208  1.418110
8 9  0.607036  0.813607
8 10  0.550176  0.733927
8 11  0.606713  0.736549
8 12  0.630192  1.144207
8 13  0.550495  0.721129
8 14  0.615578  1.019976
8 15  0.622518  1.232133
8 16  0.603940  0.909833
8 17  0.613702  0.970931
8 18  0.579785  0.695629
8 19  0.587107  0.709896
8 20  0.587062  0.700836
8 21  0.620530  1.212084
8 22  0.610051  0.747768
8 23  0.638891  1.063858
8 24  0.609236  0.853477
8 25  0.383007  0.648046
8 26  0.544136  0.691297
8 27  0.611599  1.044570
8 28  0.537746  0.712290
8 29  0.628523  1.110217
8 30  0.631606  1.135224
9 10  0.587022  0.763484
9 11  0.591676  0.718003
9 12  0.629319  1.118552
9 13  0.583825  0.730090
9 14  0.604831  0.978699
9 15  0.621861  1.235511
9 16  0.603676  0.904809
9 17  0.613998  0.965784
9 18  0.544924  0.664141
9 19  0.584770  0.703559
9 20  0.586728  0.695677
9 21  0.619287  1.207720
9 22  0.587180  0.726474
9 23  0.638976  1.058733
9 24  0.373410  0.671008
9 25  0.604036  0.804590
9 26  0.586059  0.719930
9 27  0.617549  1.036105
9 28  0.585919  0.744837
9 29  0.617724  1.110376
9 30  0.632165  1.129372
10 11  0.578790  0.677755
10 12  0.602107  1.082724
10 13  0.510652  0.639110
10 14  0.588674  0.969842
10 15  0.594536  1.167778
10 16  0.575513  0.851659
10 17  0.585432  0.913011
10 18  0.554162  0.639436
10 19  0.558969  0.651872
10 20  0.559511  0.643005
10 21  0.593988  1.157452
10 22  0.581912  0.690324
10 23  0.610456  1.005246
10 24  0.593294  0.807001
10 25  0.541945  0.728059
10 26  0.505104  0.624635
10 27  0.587861  0.986315
10 28  0.292490  0.463308
10 29  0.602290  1.057808
10 30  0.603584  1.077592
11 12  0.620892  1.050203
11 13  0.576657  0.648553
11 14  0.606642  0.933535
11 15  0.613559  1.152920
11 16  0.594453  0.818886
11 17  0.604657  0.880149
11 18  0.546286  0.581386
11 19  0.542388  0.586702
11 20  0.539954  0.573998
11 21  0.612932  1.125082
11 22  0.373236  0.447696
11 23  0.629658  0.973080
11 24  0.587589  0.758256
11 25  0.603940  0.728516
11 26  0.579019  0.635300
11 27  0.609015  0.954552
11 28  0.576923  0.660155
11 29  0.619775  1.026511
11 30  0.622993  1.044990
12 13  0.600011  1.051839
12 14  0.623091  1.284426
12 15  0.612636  1.453151
12 16  0.591682  1.207237
12 17  0.617250  1.252070
12 18  0.596399  1.014720
12 19  0.600916  1.027014
12 20  0.601636  1.018245
12 21  0.611020  1.522643
12 22  0.623885  1.065443
12 23  0.494432  1.285076
12 24  0.634567  1.182316
12 25  0.627381  1.136036
12 26  0.602495  1.043529
12 27  0.629726  1.347821
12 28  0.600429  1.068072
12 29  0.639651  1.425346
12 30  0.602367  1.387762
13 14  0.586648  0.938604
13 15  0.592497  1.146777
13 16  0.573490  0.822004
13 17  0.583582  0.883335
13 18  0.551035  0.608718
13 19  0.556848  0.622070
13 20  0.557160  0.613006
13 21  0.592235  1.128096
13 22  0.579744  0.660438
13 23  0.608641  0.975805
13 24  0.589679  0.777638
13 25  0.535390  0.692791
13 26  0.290151  0.392888
13 27  0.587459  0.956831
13 28  0.507103  0.625327
13 29  0.600174  1.029517
13 30  0.601911  1.048126
14 15  0.612443  1.431257
14 16  0.604250  1.108084
14 17  0.614388  1.168138
14 18  0.582886  0.897766
14 19  0.586940  0.910001
14 20  0.588181  0.901459
14 21  0.594991  1.358616
14 22  0.609644  0.948225
14 23  0.638677  1.260511
14 24  0.614037  1.065357
14 25  0.613317  1.017865
14 26  0.589160  0.926635
14 27  0.586590  1.214574
14 28  0.587078  0.950470
14 29  0.389657  1.203384
14 30  0.630634  1.321831
15 16  0.605173  1.311097
15 17  0.614348  1.381653
15 18  0.589178  1.119571
15 19  0.593657  1.131769
15 20  0.594366  1.123042
15 21  0.532870  1.621193
15 22  0.616713  1.170146
15 23  0.600865  1.383127
15 24  0.626250  1.283325
15 25  0.617567  1.238115
15 26  0.595296  1.148406
15 27  0.596839  1.408013
15 28  0.592850  1.172826
15 29  0.621254  1.501634
15 30  0.613337  1.546017
16 17  0.555378  1.017123
16 18  0.570019  0.779173
16 19  0.574717  0.790390
16 20  0.575279  0.782114
16 21  0.604518  1.278448
16 22  0.597785  0.828463
16 23  0.603311  1.064330
16 24  0.609059  0.935661
16 25  0.601037  0.895123
16 26  0.576138  0.807930
16 27  0.603586  1.100760
16 28  0.574036  0.832748
16 29  0.615614  1.161198
16 30  0.613780  1.209694
17 18  0.580158  0.840257
17 19  0.584859  0.852805
17 20  0.585417  0.843886
17 21  0.617051  1.337108
17 22  0.607936  0.891197
17 23  0.629073  1.170798
17 24  0.619325  1.007911
17 25  0.611115  0.950182
17 26  0.586259  0.868524
17 27  0.613706  1.142422
17 28  0.584146  0.889906
17 29  0.626623  1.251749
17 30  0.603023  1.169756
18 19  0.547744  0.574004
18 20  0.546966  0.563709
18 21  0.588556  1.083859
18 22  0.553018  0.596221
18 23  0.605274  0.933455
18 24  0.558060  0.718243
18 25  0.577986  0.686999
18 26  0.554075  0.595301
18 27  0.584470  0.914678
18 28  0.552221  0.620196
18 29  0.595424  0.985597
18 30  0.598448  1.004651
19 20  0.512148  0.538565
19 21  0.593332  1.093567
19 22  0.552445  0.601084
19 23  0.609955  0.944296
19 24  0.586482  0.738441
19 25  0.584309  0.701575
19 26  0.559342  0.607585
19 27  0.589155  0.927317
19 28  0.557265  0.632402
19 29  0.600814  0.993526
19 30  0.603146  1.017436
20 21  0.593909  1.088083
20 22  0.554985  0.598654
20 23  0.610524  0.936034
20 24  0.588139  0.734016
20 25  0.584815  0.692388
20 26  0.559907  0.599086
20 27  0.589726  0.918202
20 28  0.557816  0.624016
20 29  0.601700  0.988690
20 30  0.603711  1.008860
21 22  0.616285  1.125813
21 23  0.622266  1.424918
21 24  0.626729  1.221740
21 25  0.618876  1.202988
21 26  0.594622  1.107027
21 27  0.612936  1.412380
21 28  0.592235  1.126066
21 29  0.615067  1.391277
21 30  0.615802  1.422268
22 23  0.633013  0.982526
22 24  0.600803  0.769291
22 25  0.606984  0.739695
22 26  0.582323  0.645871
22 27  0.612201  0.965731
22 28  0.580271  0.670105
22 29  0.622666  1.025397
22 30  0.626225  1.054774
23 24  0.643716  1.082525
23 25  0.635305  1.037933
23 26  0.611354  0.962181
23 27  0.624866  1.203887
23 28  0.609147  0.985807
23 29  0.644279  1.287660
23 30  0.616255  1.335533
24 25  0.609423  0.848523
24 26  0.591225  0.758512
24 27  0.622159  1.077967
24 28  0.589820  0.785914
24 29  0.620983  1.083978
24 30  0.637369  1.172692
25 26  0.548708  0.696066
25 27  0.604725  0.991638
25 28  0.548082  0.711888
25 29  0.626914  1.105096
25 30  0.628732  1.108716
26 27  0.589387  0.941603
26 28  0.511385  0.608087
26 29  0.602605  1.011969
26 30  0.604515  1.031307
27 28  0.586271  0.957087
27 29  0.595879  1.305828
27 30  0.625944  1.282120
28 29  0.600291  1.037132
28 30  0.602303  1.049079
29 30  0.641014  1.412581
