  -1146.52197774
  -1146.88845011    -1146.76663570
0.00000941962992
2 2 2 2 2 2 2 2 2 2 2 2 2 2 2 0 0 0 0 0 0 0 0 0 0 0 0 0 0 0 
1  0.301255  0.530509
2  0.290132  0.470285
3  0.270271  0.283935
4  0.274898  0.286635
5  0.278498  0.284987
6  0.331982  0.651428
7  0.316000  0.707900
8  0.309508  0.419218
9  0.309665  0.415484
10  0.280999  0.361004
11  0.299445  0.326380
12  0.322840  0.728320
13  0.278892  0.330262
14  0.310275  0.617365
15  0.315683  0.834008
16  0.296122  0.494576
17  0.306226  0.555636
18  0.275037  0.285133
19  0.279304  0.297919
20  0.279811  0.287865
21  0.315152  0.799660
22  0.302650  0.337675
23  0.331760  0.648950
24  0.315114  0.459161
25  0.306623  0.410916
26  0.281447  0.315874
27  0.311359  0.633696
28  0.279260  0.341664
29  0.323829  0.705636
30  0.324837  0.719611
1 2  0.547145  0.968421
1 3  0.571516  0.814429
1 4  0.576144  0.816015
1 5  0.579748  0.815100
1 6  0.625199  1.148476
1 7  0.615877  1.230592
1 8  0.610693  0.946993
1 9  0.610699  0.932764
1 10  0.582246  0.890920
1 11  0.600683  0.855235
1 12  0.598077  1.159694
1 13  0.580144  0.859301
1 14  0.609384  1.108483
1 15  0.614298  1.343575
1 16  0.301142  0.816362
1 17  0.557191  1.034902
1 18  0.576265  0.815615
1 19  0.580429  0.828396
1 20  0.581039  0.818364
1 21  0.609546  1.319847
1 22  0.603673  0.868135
1 23  0.621368  1.176164
1 24  0.615721  0.989034
1 25  0.607864  0.941076
1 26  0.582644  0.846277
1 27  0.612245  1.160841
1 28  0.580456  0.871939
1 29  0.623243  1.232373
1 30  0.616379  1.219818
2 3  0.560400  0.753806
2 4  0.565026  0.756728
2 5  0.568627  0.755042
2 6  0.600831  1.049101
2 7  0.603900  1.145423
2 8  0.599479  0.879394
2 9  0.599661  0.881036
2 10  0.571087  0.828551
2 11  0.589571  0.796632
2 12  0.606966  1.192220
2 13  0.568998  0.800038
2 14  0.598385  1.064079
2 15  0.600776  1.287326
2 16  0.546519  0.938698
2 17  0.299559  0.816659
2 18  0.565146  0.755398
2 19  0.569387  0.768176
2 20  0.569936  0.758144
2 21  0.599949  1.251429
2 22  0.592688  0.807887
2 23  0.619387  1.116514
2 24  0.605133  0.928799
2 25  0.596637  0.880921
2 26  0.571531  0.786098
2 27  0.601148  1.101774
2 28  0.569241  0.811837
2 29  0.613509  1.172395
2 30  0.589705  1.172781
3 4  0.540386  0.566030
3 5  0.542322  0.562367
3 6  0.602223  0.934767
3 7  0.586211  0.989405
3 8  0.578197  0.699497
3 9  0.549384  0.678741
3 10  0.551095  0.644381
3 11  0.548690  0.591133
3 12  0.593087  1.011998
3 13  0.548755  0.613951
3 14  0.579905  0.900707
3 15  0.585893  1.115887
3 16  0.566361  0.778488
3 17  0.576438  0.839548
3 18  0.267929  0.297318
3 19  0.548449  0.580739
3 20  0.546933  0.568911
3 21  0.585405  1.083543
3 22  0.544196  0.595018
3 23  0.601975  0.932829
3 24  0.550234  0.717042
3 25  0.574428  0.693030
3 26  0.550259  0.598511
3 27  0.581584  0.917569
3 28  0.549186  0.625259
3 29  0.593923  0.989277
3 30  0.595036  1.003504
4 5  0.507663  0.528147
4 6  0.606830  0.937246
4 7  0.590864  0.994387
4 8  0.584313  0.705767
4 9  0.579047  0.694616
4 10  0.555866  0.647241
4 11  0.547218  0.586509
4 12  0.597690  1.012752
4 13  0.553743  0.616380
4 14  0.584771  0.901254
4 15  0.590504  1.119024
4 16  0.570975  0.781196
4 17  0.581113  0.842248
4 18  0.548614  0.570484
4 19  0.277042  0.316815
4 20  0.505109  0.527960
4 21  0.589799  1.086177
4 22  0.539963  0.590599
4 23  0.606611  0.935546
4 24  0.588309  0.744965
4 25  0.581332  0.697388
4 26  0.556274  0.602437
4 27  0.586255  0.920190
4 28  0.554146  0.628285
4 29  0.597649  0.991979
4 30  0.599735  1.006181
5 6  0.610464  0.935826
5 7  0.594484  0.992630
5 8  0.587867  0.703726
5 9  0.584832  0.697051
5 10  0.559440  0.645931
5 11  0.550169  0.586630
5 12  0.601322  1.012777
5 13  0.557329  0.615119
5 14  0.588666  0.901452
5 15  0.594167  1.118933
5 16  0.574619  0.779559
5 17  0.584723  0.840615
5 18  0.549274  0.566100
5 19  0.505165  0.533931
5 20  0.276331  0.295320
5 21  0.593588  1.084603
5 22  0.545160  0.589630
5 23  0.610257  0.933929
5 24  0.592642  0.743533
5 25  0.584397  0.695457
5 26  0.559667  0.600615
5 27  0.589824  0.918631
5 28  0.557736  0.626612
5 29  0.602122  0.990566
5 30  0.603324  1.004572
6 7  0.639018  1.299492
6 8  0.640834  1.052302
6 9  0.640402  1.050903
6 10  0.612871  1.009387
6 11  0.631332  0.977362
6 12  0.617689  1.347276
6 13  0.610825  0.981369
6 14  0.626688  1.192240
6 15  0.624606  1.459493
6 16  0.625169  1.142861
6 17  0.626144  1.202977
6 18  0.606970  0.936465
6 19  0.611136  0.949233
6 20  0.611773  0.939271
6 21  0.601644  1.348281
6 22  0.634373  0.988800
6 23  0.620143  1.292143
6 24  0.646541  1.109089
6 25  0.638524  1.061766
6 26  0.613351  0.967093
6 27  0.642094  1.280670
6 28  0.611053  0.992579
6 29  0.651492  1.348832
6 30  0.496903  1.274258
7 8  0.615720  1.075595
7 9  0.624599  1.121347
7 10  0.594112  1.042836
7 11  0.615317  1.031606
7 12  0.634139  1.421231
7 13  0.593112  1.027647
7 14  0.591775  1.298733
7 15  0.608760  1.417138
7 16  0.611590  1.198397
7 17  0.620460  1.259050
7 18  0.590999  0.992933
7 19  0.595235  1.005392
7 20  0.595716  0.995603
7 21  0.615745  1.473420
7 22  0.618609  1.044792
7 23  0.643688  1.348730
7 24  0.628546  1.152578
7 25  0.611420  1.115750
7 26  0.597187  1.023381
7 27  0.385537  1.228119
7 28  0.593263  1.048995
7 29  0.599562  1.322269
7 30  0.635931  1.417767
8 9  0.609679  0.824324
8 10  0.552364  0.743560
8 11  0.608528  0.744603
8 12  0.632111  1.145965
8 13  0.552629  0.730063
8 14  0.618207  1.027352
8 15  0.624507  1.234762
8 16  0.605549  0.913494
8 17  0.615253  0.974364
8 18  0.581756  0.702284
8 19  0.588655  0.716943
8 20  0.588551  0.706693
8 21  0.622530  1.214433
8 22  0.611863  0.756067
8 23  0.640884  1.067628
8 24  0.611984  0.864471
8 25  0.385312  0.659075
8 26  0.546242  0.699505
8 27  0.613923  1.051454
8 28  0.539845  0.721462
8 29  0.631215  1.116927
8 30  0.633488  1.137728
9 10  0.589557  0.774388
9 11  0.593779  0.727259
9 12  0.631524  1.120887
9 13  0.586349  0.739870
9 14  0.607473  0.985817
9 15  0.624131  1.239035
9 16  0.605578  0.909745
9 17  0.615883  0.970457
9 18  0.547206  0.672327
9 19  0.586620  0.711912
9 20  0.588531  0.702808
9 21  0.621568  1.211293
9 22  0.589290  0.736139
9 23  0.641266  1.063757
9 24  0.376169  0.685312
9 25  0.606722  0.815515
9 26  0.588639  0.729659
9 27  0.620203  1.044118
9 28  0.588405  0.755463
9 29  0.620644  1.118356
9 30  0.634358  1.133078
10 11  0.580399  0.685711
10 12  0.603812  1.084382
10 13  0.512529  0.647694
10 14  0.591104  0.977335
10 15  0.596301  1.169778
10 16  0.576879  0.855257
10 17  0.586759  0.916402
10 18  0.555920  0.646012
10 19  0.560298  0.658890
10 20  0.560787  0.648811
10 21  0.595760  1.159813
10 22  0.583505  0.698614
10 23  0.612219  1.008923
10 24  0.595840  0.818106
10 25  0.544096  0.737812
10 26  0.506971  0.632949
10 27  0.590001  0.993137
10 28  0.293955  0.472788
10 29  0.604765  1.064506
10 30  0.605239  1.080053
11 12  0.622192  1.050145
11 13  0.578262  0.655643
11 14  0.608628  0.939243
11 15  0.614922  1.153392
11 16  0.595414  0.820922
11 17  0.605599  0.881957
11 18  0.547679  0.586559
11 19  0.543331  0.592411
11 20  0.540860  0.578449
11 21  0.614298  1.125873
11 22  0.374367  0.455378
11 23  0.631005  0.975211
11 24  0.589738  0.767904
11 25  0.605723  0.736706
11 26  0.580677  0.642084
11 27  0.610751  0.959789
11 28  0.578483  0.667934
11 29  0.621801  1.031631
11 30  0.624255  1.045875
12 13  0.601713  1.052468
12 14  0.625147  1.283935
12 15  0.614062  1.449597
12 16  0.592754  1.203109
12 17  0.618299  1.248308
12 18  0.597856  1.013390
12 19  0.601921  1.026116
12 20  0.602605  1.016141
12 21  0.612449  1.517333
12 22  0.625167  1.065812
12 23  0.495852  1.280813
12 24  0.636816  1.185538
12 25  0.629263  1.137899
12 26  0.604244  1.043977
12 27  0.631539  1.346895
12 28  0.602088  1.069492
12 29  0.641802  1.424324
12 30  0.603693  1.383049
13 14  0.589077  0.945055
13 15  0.594257  1.147997
13 16  0.574864  0.824676
13 17  0.584925  0.885784
13 18  0.552791  0.614373
13 19  0.558173  0.628146
13 20  0.558432  0.617872
13 21  0.594004  1.129520
13 22  0.581335  0.667787
13 23  0.610384  0.978558
13 24  0.592225  0.787907
13 25  0.537433  0.701369
13 26  0.291919  0.400761
13 27  0.589574  0.962648
13 28  0.508971  0.633943
13 29  0.602644  1.035293
13 30  0.603569  1.049653
14 15  0.614580  1.431567
14 16  0.606041  1.109630
14 17  0.616162  1.169400
14 18  0.585048  0.902169
14 19  0.588668  0.914879
14 20  0.589885  0.905129
14 21  0.597111  1.359173
14 22  0.611627  0.954339
14 23  0.640851  1.262190
14 24  0.616898  1.074380
14 25  0.615921  1.025489
14 26  0.591635  0.932855
14 27  0.589133  1.219241
14 28  0.589460  0.957654
14 29  0.392335  1.208362
14 30  0.632692  1.322228
15 16  0.606309  1.307980
15 17  0.615457  1.378123
15 18  0.590701  1.119064
15 19  0.594735  1.131694
15 20  0.595403  1.121763
15 21  0.534396  1.616600
15 22  0.618073  1.171334
15 23  0.602345  1.380840
15 24  0.628562  1.287257
15 25  0.619513  1.240752
15 26  0.597115  1.149674
15 27  0.598715  1.408161
15 28  0.594572  1.175065
15 29  0.623456  1.501623
15 30  0.614739  1.541653
16 17  0.556064  1.014355
16 18  0.571150  0.779689
16 19  0.575415  0.791258
16 20  0.575925  0.781810
16 21  0.605651  1.275160
16 22  0.598752  0.830638
16 23  0.604390  1.062531
16 24  0.610972  0.940423
16 25  0.602595  0.898658
16 26  0.577567  0.810201
16 27  0.605088  1.101570
16 28  0.575372  0.836023
16 29  0.617411  1.162025
16 30  0.614815  1.206109
17 18  0.581260  0.840515
17 19  0.585526  0.853524
17 20  0.586034  0.843379
17 21  0.618174  1.333520
17 22  0.608872  0.893158
17 23  0.630156  1.168363
17 24  0.621216  1.012701
17 25  0.612648  0.953420
17 26  0.587651  0.870577
17 27  0.615183  1.142969
17 28  0.585449  0.892826
17 29  0.628435  1.252191
17 30  0.604020  1.166718
18 19  0.548825  0.577933
18 20  0.547987  0.566368
18 21  0.590070  1.083115
18 22  0.554356  0.601591
18 23  0.606784  0.934067
18 24  0.560320  0.726534
18 25  0.579889  0.693519
18 26  0.555869  0.600540
18 27  0.586363  0.918342
18 28  0.553925  0.626425
18 29  0.597575  0.989099
18 30  0.599863  1.003972
19 20  0.512759  0.542015
19 21  0.594423  1.092935
19 22  0.553356  0.606582
19 23  0.611031  0.945271
19 24  0.588316  0.746503
19 25  0.585817  0.708694
19 26  0.560714  0.613214
19 27  0.590615  0.931478
19 28  0.558546  0.639013
19 29  0.602606  0.997184
19 30  0.604126  1.017199
20 21  0.594946  1.086573
20 22  0.555881  0.603321
20 23  0.611548  0.935810
20 24  0.589928  0.741196
20 25  0.586270  0.698250
20 26  0.561229  0.603549
20 27  0.591133  0.921113
20 28  0.559045  0.629484
20 29  0.603438  0.991454
20 30  0.604640  1.007444
21 22  0.617641  1.126122
21 23  0.623779  1.421925
21 24  0.629023  1.225006
21 25  0.620817  1.205385
21 26  0.596433  1.107828
21 27  0.614839  1.411796
21 28  0.593951  1.127631
21 29  0.617175  1.391004
21 30  0.617211  1.418768
22 23  0.634362  0.984848
22 24  0.602902  0.778655
22 25  0.608749  0.748030
22 26  0.583963  0.652772
22 27  0.613927  0.971106
22 28  0.581816  0.677914
22 29  0.624679  1.030087
22 30  0.627475  1.055685
23 24  0.645999  1.087354
23 25  0.637227  1.041320
23 26  0.613156  0.964549
23 27  0.626613  1.204616
23 28  0.610856  0.989136
23 29  0.646449  1.288856
23 30  0.617610  1.332003
24 25  0.612041  0.859487
24 26  0.593807  0.768049
24 27  0.624822  1.086190
24 28  0.592312  0.796572
24 29  0.623663  1.090148
24 30  0.639560  1.176598
25 26  0.550805  0.704585
25 27  0.606911  0.997588
25 28  0.550196  0.721252
25 29  0.629555  1.111800
25 30  0.630572  1.110999
26 27  0.591512  0.946978
26 28  0.513296  0.616176
26 29  0.605127  1.017122
26 30  0.606218  1.032398
27 28  0.588308  0.963170
27 29  0.598422  1.309813
27 30  0.627675  1.281662
28 29  0.602720  1.043311
28 30  0.603915  1.050941
29 30  0.643076  1.412191
