  -1146.52197774
  -1146.88862372    -1146.76704958
0.00000468728366
2 2 2 2 2 2 2 2 2 2 2 2 2 2 2 0 0 0 0 0 0 0 0 0 0 0 0 0 0 0 
1  0.301416  0.529602
2  0.290300  0.469939
3  0.270696  0.285655
4  0.275079  0.288063
5  0.278661  0.285849
6  0.332408  0.650658
7  0.316599  0.708648
8  0.310237  0.422257
9  0.310675  0.419658
10  0.281667  0.364267
11  0.299779  0.328996
12  0.323221  0.726214
13  0.279530  0.333092
14  0.311071  0.618781
15  0.316093  0.832236
16  0.296296  0.493997
17  0.306383  0.554954
18  0.275469  0.286643
19  0.279480  0.299671
20  0.279974  0.288692
21  0.315580  0.797753
22  0.302987  0.340263
23  0.332159  0.648017
24  0.316094  0.463206
25  0.307347  0.414077
26  0.282103  0.318397
27  0.311985  0.634603
28  0.279898  0.344798
29  0.324658  0.706625
30  0.325190  0.717998
1 2  0.547446  0.967119
1 3  0.572102  0.815241
1 4  0.576486  0.816449
1 5  0.580072  0.815023
1 6  0.625778  1.146873
1 7  0.616640  1.230434
1 8  0.611582  0.949029
1 9  0.611865  0.935729
1 10  0.583076  0.893262
1 11  0.601179  0.856886
1 12  0.598618  1.157295
1 13  0.580944  0.861172
1 14  0.610339  1.109023
1 15  0.614875  1.341199
1 16  0.301459  0.814497
1 17  0.557505  1.033713
1 18  0.576860  0.816216
1 19  0.580752  0.829238
1 20  0.581363  0.818283
1 21  0.610140  1.317111
1 22  0.604154  0.869812
1 23  0.621927  1.174360
1 24  0.616851  0.992166
1 25  0.608750  0.943323
1 26  0.583461  0.847887
1 27  0.613036  1.160866
1 28  0.581252  0.874149
1 29  0.624221  1.232518
1 30  0.616899  1.217653
2 3  0.560994  0.755143
2 4  0.565375  0.757800
2 5  0.568958  0.755528
2 6  0.601411  1.048188
2 7  0.604662  1.145866
2 8  0.600372  0.881944
2 9  0.600832  0.884746
2 10  0.571920  0.831416
2 11  0.590073  0.798901
2 12  0.607512  1.189804
2 13  0.569801  0.802520
2 14  0.599334  1.065182
2 15  0.601356  1.285295
2 16  0.546856  0.937913
2 17  0.299864  0.815299
2 18  0.565744  0.756562
2 19  0.569730  0.769577
2 20  0.570269  0.758624
2 21  0.600541  1.249355
2 22  0.593188  0.810120
2 23  0.619953  1.115284
2 24  0.606284  0.932473
2 25  0.597524  0.883732
2 26  0.572350  0.788275
2 27  0.601937  1.102363
2 28  0.570033  0.814622
2 29  0.614507  1.173051
2 30  0.590234  1.170926
3 4  0.540992  0.569180
3 5  0.542906  0.564899
3 6  0.603073  0.935661
3 7  0.587234  0.991735
3 8  0.579327  0.704080
3 9  0.550788  0.684755
3 10  0.552183  0.649347
3 11  0.549447  0.595590
3 12  0.593891  1.011622
3 13  0.549813  0.618500
3 14  0.581100  0.903771
3 15  0.586726  1.115772
3 16  0.566959  0.779628
3 17  0.577014  0.840584
3 18  0.268743  0.300744
3 19  0.549049  0.584202
3 20  0.547522  0.571479
3 21  0.586253  1.083352
3 22  0.544983  0.599463
3 23  0.602798  0.933613
3 24  0.551657  0.722925
3 25  0.575567  0.697919
3 26  0.551342  0.602767
3 27  0.582635  0.920194
3 28  0.550248  0.630106
3 29  0.595167  0.991950
3 30  0.595801  1.003606
4 5  0.508006  0.530711
4 6  0.607433  0.937857
4 7  0.591644  0.996545
4 8  0.585221  0.710234
4 9  0.580217  0.699997
4 10  0.556714  0.651890
4 11  0.547738  0.590593
4 12  0.598249  1.011907
4 13  0.554561  0.620591
4 14  0.585752  0.903959
4 15  0.591094  1.118541
4 16  0.571320  0.782044
4 17  0.581450  0.842990
4 18  0.549226  0.573418
4 19  0.277358  0.320372
4 20  0.505462  0.530484
4 21  0.590399  1.085694
4 22  0.540481  0.594847
4 23  0.607188  0.936037
4 24  0.589461  0.750448
4 25  0.582237  0.701969
4 26  0.557110  0.606387
4 27  0.587062  0.922511
4 28  0.554965  0.632846
4 29  0.598641  0.994394
4 30  0.600269  1.005991
5 6  0.611052  0.935859
5 7  0.595247  0.994208
5 8  0.588758  0.707587
5 9  0.585990  0.702024
5 10  0.560268  0.650050
5 11  0.550679  0.590317
5 12  0.601863  1.011504
5 13  0.558129  0.618803
5 14  0.589622  0.903680
5 15  0.594738  1.118023
5 16  0.574955  0.779842
5 17  0.585042  0.840793
5 18  0.549870  0.568490
5 19  0.505508  0.536841
5 20  0.276657  0.297220
5 21  0.594180  1.083554
5 22  0.545669  0.593260
5 23  0.610819  0.933856
5 24  0.593782  0.748433
5 25  0.585272  0.699478
5 26  0.560484  0.604000
5 27  0.590610  0.920395
5 28  0.558537  0.630605
5 29  0.603111  0.992413
5 30  0.603839  1.003817
6 7  0.640026  1.299694
6 8  0.641988  1.054411
6 9  0.641806  1.053975
6 10  0.613964  1.011866
6 11  0.632089  0.979206
6 12  0.618458  1.344506
6 13  0.611887  0.983430
6 14  0.627804  1.192831
6 15  0.625462  1.457228
6 16  0.625769  1.141576
6 17  0.626726  1.201561
6 18  0.607823  0.937199
6 19  0.611728  0.950197
6 20  0.612362  0.939324
6 21  0.602481  1.346370
6 22  0.635133  0.990589
6 23  0.620949  1.290515
6 24  0.647952  1.112341
6 25  0.639673  1.064144
6 26  0.614434  0.968834
6 27  0.643138  1.280860
6 28  0.612117  0.994923
6 29  0.652711  1.349117
6 30  0.497659  1.271853
7 8  0.616975  1.078955
7 9  0.626194  1.126241
7 10  0.595349  1.046452
7 11  0.616246  1.034725
7 12  0.635095  1.420020
7 13  0.594301  1.031001
7 14  0.593179  1.301022
7 15  0.609735  1.416400
7 16  0.612366  1.198593
7 17  0.621202  1.259172
7 18  0.592029  0.995187
7 19  0.596014  1.007868
7 20  0.596474  0.997168
7 21  0.616768  1.472568
7 22  0.619549  1.048110
7 23  0.644660  1.348625
7 24  0.630097  1.157245
7 25  0.612724  1.119631
7 26  0.598431  1.026629
7 27  0.386687  1.229997
7 28  0.594497  1.052877
7 29  0.601009  1.324403
7 30  0.636870  1.417010
8 9  0.611335  0.831314
8 10  0.553701  0.749811
8 11  0.609582  0.750167
8 12  0.633214  1.146853
8 13  0.553940  0.736003
8 14  0.619717  1.031678
8 15  0.625642  1.236076
8 16  0.606453  0.915953
8 17  0.616131  0.976716
8 18  0.582910  0.706849
8 19  0.589558  0.721723
8 20  0.589435  0.710564
8 21  0.623688  1.215518
8 22  0.612924  0.761672
8 23  0.642016  1.069738
8 24  0.613661  0.871439
8 25  0.386730  0.666013
8 26  0.547536  0.704906
8 27  0.615245  1.055404
8 28  0.541119  0.727467
8 29  0.632765  1.120946
8 30  0.634566  1.139143
9 10  0.591224  0.781739
9 11  0.595103  0.733923
9 12  0.632896  1.122487
9 13  0.587984  0.746660
9 14  0.609061  0.990265
9 15  0.625533  1.241161
9 16  0.606754  0.913332
9 17  0.617050  0.973916
9 18  0.548650  0.678178
9 19  0.587797  0.717841
9 20  0.589700  0.707808
9 21  0.622998  1.213470
9 22  0.590630  0.742900
9 23  0.642674  1.066979
9 24  0.377866  0.694773
9 25  0.608415  0.822725
9 26  0.590293  0.736378
9 27  0.621819  1.049110
9 28  0.590039  0.762730
9 29  0.622391  1.123471
9 30  0.635720  1.135580
10 11  0.581400  0.691463
10 12  0.604859  1.085472
10 13  0.513740  0.653589
10 14  0.592566  0.981973
10 15  0.597372  1.170926
10 16  0.577715  0.857923
10 17  0.587561  0.918974
10 18  0.557018  0.650779
10 19  0.561142  0.663902
10 20  0.561619  0.652899
10 21  0.596856  1.161151
10 22  0.584508  0.704465
10 23  0.613286  1.011217
10 24  0.597479  0.825366
10 25  0.545441  0.744175
10 26  0.508159  0.638640
10 27  0.591293  0.997300
10 28  0.294966  0.479206
10 29  0.606259  1.068751
10 30  0.606261  1.081689
11 12  0.622908  1.050453
11 13  0.579234  0.661027
11 14  0.609755  0.943120
11 15  0.615666  1.153790
11 16  0.595909  0.822953
11 17  0.606083  0.883883
11 18  0.548459  0.590832
11 19  0.543840  0.597003
11 20  0.541365  0.582085
11 21  0.615058  1.126568
11 22  0.375016  0.461370
11 23  0.631729  0.976881
11 24  0.591047  0.774560
11 25  0.606779  0.742466
11 26  0.581666  0.647224
11 27  0.611707  0.963293
11 28  0.579453  0.673685
11 29  0.622955  1.035233
11 30  0.624940  1.046867
12 13  0.602733  1.053048
12 14  0.626283  1.283246
12 15  0.614828  1.446891
12 16  0.593318  1.200517
12 17  0.618841  1.245909
12 18  0.598669  1.012791
12 19  0.602468  1.025755
12 20  0.603151  1.014861
12 21  0.613239  1.513472
12 22  0.625876  1.066285
12 23  0.496623  1.277699
12 24  0.638165  1.187453
12 25  0.630368  1.138942
12 26  0.605276  1.044387
12 27  0.632534  1.345819
12 28  0.603108  1.070502
12 29  0.642995  1.423340
12 30  0.604412  1.379862
13 14  0.590512  0.949182
13 15  0.595297  1.148764
13 16  0.575666  0.826919
13 17  0.585721  0.887925
13 18  0.553864  0.618717
13 19  0.558987  0.632727
13 20  0.559234  0.621530
13 21  0.595070  1.130423
13 22  0.582311  0.673207
13 23  0.611416  0.980430
13 24  0.593837  0.794799
13 25  0.538687  0.707155
13 26  0.293038  0.406369
13 27  0.590821  0.966333
13 28  0.510172  0.639956
13 29  0.604109  1.039109
13 30  0.604559  1.050861
14 15  0.615760  1.431162
14 16  0.607005  1.110502
14 17  0.617115  1.170149
14 18  0.586261  0.905064
14 19  0.589627  0.918036
14 20  0.590842  0.907370
14 21  0.598301  1.358957
14 22  0.612749  0.958316
14 23  0.642041  1.262744
14 24  0.618586  1.079820
14 25  0.617434  1.030057
14 26  0.593085  0.936790
14 27  0.590546  1.221576
14 28  0.590892  0.962192
14 29  0.393843  1.210944
14 30  0.633822  1.322092
15 16  0.606892  1.305819
15 17  0.616024  1.375774
15 18  0.591541  1.118796
15 19  0.595322  1.131665
15 20  0.595977  1.120814
15 21  0.535245  1.612966
15 22  0.618817  1.172139
15 23  0.603128  1.378867
15 24  0.629944  1.289440
15 25  0.620640  1.242096
15 26  0.598179  1.150412
15 27  0.599737  1.407597
15 28  0.595617  1.176405
15 29  0.624673  1.501107
15 30  0.615493  1.538432
16 17  0.556369  1.013032
16 18  0.571755  0.780622
16 19  0.575763  0.792352
16 20  0.576261  0.782020
16 21  0.606250  1.272879
16 22  0.599262  0.832608
16 23  0.604950  1.061321
16 24  0.612120  0.943676
16 25  0.603491  0.901137
16 26  0.578396  0.812130
16 27  0.605886  1.101938
16 28  0.576184  0.838573
16 29  0.618393  1.162530
16 30  0.615342  1.203919
17 18  0.581848  0.841320
17 19  0.585858  0.854590
17 20  0.586353  0.843507
17 21  0.618765  1.331139
17 22  0.609367  0.895042
17 23  0.630704  1.166812
17 24  0.622346  1.016002
17 25  0.613533  0.955760
17 26  0.588460  0.872406
17 27  0.615964  1.143234
17 28  0.586242  0.895188
17 29  0.629421  1.252516
17 30  0.604531  1.164873
18 19  0.549437  0.581215
18 20  0.548582  0.568678
18 21  0.590926  1.082700
18 22  0.555121  0.605823
18 23  0.607614  0.934640
18 24  0.561719  0.732211
18 25  0.581022  0.698068
18 26  0.556949  0.604564
18 27  0.587421  0.920714
18 28  0.554988  0.631058
18 29  0.598790  0.991516
18 30  0.600648  1.003825
19 20  0.513096  0.544861
19 21  0.595028  1.092525
19 22  0.553870  0.610850
19 23  0.611604  0.946018
19 24  0.589455  0.751972
19 25  0.586717  0.713610
19 26  0.561545  0.617448
19 27  0.591417  0.934137
19 28  0.559360  0.643850
19 29  0.603613  0.999642
19 30  0.604653  1.017310
20 21  0.595536  1.085483
20 22  0.556400  0.606951
20 23  0.612109  0.935644
20 24  0.591053  0.745975
20 25  0.587156  0.702199
20 26  0.562048  0.606890
20 27  0.591923  0.922813
20 28  0.559846  0.633447
20 29  0.604428  0.993216
20 30  0.605156  1.006651
21 22  0.618411  1.126364
21 23  0.624604  1.419462
21 24  0.630414  1.226820
21 25  0.621963  1.206593
21 26  0.597513  1.108270
21 27  0.615891  1.410786
21 28  0.595011  1.128576
21 29  0.618367  1.390385
21 30  0.617983  1.416162
22 23  0.635100  0.986510
22 24  0.604201  0.785034
22 25  0.609802  0.753733
22 26  0.584955  0.657847
22 27  0.614888  0.974553
22 28  0.582790  0.683536
22 29  0.625830  1.033244
22 30  0.628165  1.056547
23 24  0.647364  1.090260
23 25  0.638338  1.043307
23 26  0.614208  0.966119
23 27  0.627566  1.204591
23 28  0.611887  0.991294
23 29  0.647651  1.289260
23 30  0.618340  1.329479
24 25  0.613671  0.866494
24 26  0.595430  0.774404
24 27  0.626416  1.091097
24 28  0.593919  0.803628
24 29  0.625262  1.093994
24 30  0.640880  1.178999
25 26  0.552103  0.710308
25 27  0.608182  1.001110
25 28  0.551503  0.727462
25 29  0.631097  1.115899
25 30  0.631645  1.112395
26 27  0.592752  0.950309
26 28  0.514518  0.621799
26 29  0.606611  1.020481
26 30  0.607222  1.033272
27 28  0.589540  0.966943
27 29  0.599861  1.311827
27 30  0.628626  1.281004
28 29  0.604186  1.047318
28 30  0.604904  1.052291
29 30  0.644213  1.411647
