  -1146.52197774
  -1146.88866053    -1146.76714395
0.00000423784320
2 2 2 2 2 2 2 2 2 2 2 2 2 2 2 0 0 0 0 0 0 0 0 0 0 0 0 0 0 0 
1  0.301450  0.529326
2  0.290330  0.469822
3  0.270815  0.286141
4  0.275122  0.288505
5  0.278700  0.286128
6  0.332500  0.650456
7  0.316740  0.708829
8  0.310415  0.423030
9  0.310896  0.420804
10  0.281816  0.365072
11  0.299868  0.329728
12  0.323302  0.725654
13  0.279685  0.333828
14  0.311257  0.619131
15  0.316185  0.831791
16  0.296333  0.493813
17  0.306413  0.554751
18  0.275588  0.287087
19  0.279520  0.300198
20  0.280015  0.288959
21  0.315675  0.797254
22  0.303078  0.340980
23  0.332244  0.647770
24  0.316309  0.464321
25  0.307522  0.414881
26  0.282262  0.319056
27  0.312129  0.634816
28  0.280045  0.345592
29  0.324849  0.706866
30  0.325265  0.717572
1 2  0.547504  0.966710
1 3  0.572254  0.815451
1 4  0.576562  0.816582
1 5  0.580144  0.815013
1 6  0.625902  1.146413
1 7  0.616816  1.230342
1 8  0.611794  0.949504
1 9  0.612119  0.936527
1 10  0.583258  0.893787
1 11  0.601302  0.857328
1 12  0.598733  1.156626
1 13  0.581133  0.861620
1 14  0.610559  1.109113
1 15  0.615003  1.340559
1 16  0.301526  0.813931
1 17  0.557568  1.033334
1 18  0.577013  0.816384
1 19  0.580822  0.829487
1 20  0.581438  0.818273
1 21  0.610269  1.316357
1 22  0.604275  0.870252
1 23  0.622046  1.173846
1 24  0.617097  0.993002
1 25  0.608958  0.943850
1 26  0.583654  0.848267
1 27  0.613214  1.160812
1 28  0.581433  0.874662
1 29  0.624445  1.232500
1 30  0.617009  1.217041
2 3  0.561143  0.755499
2 4  0.565448  0.758119
2 5  0.569027  0.755680
2 6  0.601531  1.047926
2 7  0.604833  1.145943
2 8  0.600580  0.882567
2 9  0.601081  0.885743
2 10  0.572098  0.832091
2 11  0.590193  0.799515
2 12  0.607623  1.189134
2 13  0.569986  0.803137
2 14  0.599548  1.065428
2 15  0.601480  1.284757
2 16  0.546922  0.937644
2 17  0.299922  0.814886
2 18  0.565891  0.756889
2 19  0.569800  0.769984
2 20  0.570340  0.758773
2 21  0.600666  1.248785
2 22  0.593306  0.810718
2 23  0.620068  1.114932
2 24  0.606530  0.933463
2 25  0.597728  0.884418
2 26  0.572538  0.788816
2 27  0.602110  1.102466
2 28  0.570206  0.815297
2 29  0.614729  1.173181
2 30  0.590342  1.170408
3 4  0.541153  0.570108
3 5  0.543063  0.565650
3 6  0.603284  0.935929
3 7  0.587494  0.992365
3 8  0.579618  0.705291
3 9  0.551112  0.686412
3 10  0.552449  0.650634
3 11  0.549651  0.596842
3 12  0.594090  1.011550
3 13  0.550085  0.619722
3 14  0.581397  0.904581
3 15  0.586936  1.115797
3 16  0.567113  0.779929
3 17  0.577160  0.840866
3 18  0.268969  0.301731
3 19  0.549207  0.585212
3 20  0.547682  0.572237
3 21  0.586465  1.083338
3 22  0.545196  0.600699
3 23  0.603002  0.933851
3 24  0.551993  0.724555
3 25  0.575859  0.699214
3 26  0.551620  0.603915
3 27  0.582898  0.920892
3 28  0.550514  0.631384
3 29  0.595474  0.992668
3 30  0.595990  1.003664
4 5  0.508088  0.531511
4 6  0.607566  0.938079
4 7  0.591828  0.997161
4 8  0.585442  0.711449
4 9  0.580478  0.701519
4 10  0.556906  0.653125
4 11  0.547874  0.591776
4 12  0.598372  1.011730
4 13  0.554758  0.621756
4 14  0.585984  0.904712
4 15  0.591229  1.118494
4 16  0.571396  0.782300
4 17  0.581523  0.843227
4 18  0.549387  0.574303
4 19  0.277430  0.321451
4 20  0.505547  0.531274
4 21  0.590533  1.085635
4 22  0.540615  0.596068
4 23  0.607315  0.936230
4 24  0.589717  0.752006
4 25  0.582454  0.703214
4 26  0.557312  0.607488
4 27  0.587249  0.923163
4 28  0.555155  0.634082
4 29  0.598868  0.995076
4 30  0.600387  1.006004
5 6  0.611182  0.935919
5 7  0.595427  0.994659
5 8  0.588975  0.708628
5 9  0.586246  0.703429
5 10  0.560455  0.651133
5 11  0.550810  0.591387
5 12  0.601981  1.011209
5 13  0.558323  0.619817
5 14  0.589846  0.904295
5 15  0.594869  1.117858
5 16  0.575031  0.779938
5 17  0.585111  0.840869
5 18  0.550029  0.569219
5 19  0.505587  0.537734
5 20  0.276741  0.297830
5 21  0.594313  1.083334
5 22  0.545800  0.594305
5 23  0.610943  0.933888
5 24  0.594035  0.749825
5 25  0.585484  0.700561
5 26  0.560682  0.604939
5 27  0.590790  0.920887
5 28  0.558723  0.631678
5 29  0.603340  0.992933
5 30  0.603953  1.003670
6 7  0.640255  1.299729
6 8  0.642258  1.054948
6 9  0.642111  1.054830
6 10  0.614205  1.012469
6 11  0.632268  0.979734
6 12  0.618624  1.343768
6 13  0.612133  0.983966
6 14  0.628059  1.192975
6 15  0.625651  1.456650
6 16  0.625897  1.141207
6 17  0.626848  1.201167
6 18  0.608031  0.937441
6 19  0.611859  0.950517
6 20  0.612495  0.939389
6 21  0.602666  1.345866
6 22  0.635313  0.991099
6 23  0.621122  1.290087
6 24  0.648258  1.113250
6 25  0.639939  1.064745
6 26  0.614685  0.969289
6 27  0.643372  1.280886
6 28  0.612356  0.995511
6 29  0.652986  1.349175
6 30  0.497826  1.271228
7 8  0.617277  1.079813
7 9  0.626552  1.127560
7 10  0.595632  1.047350
7 11  0.616474  1.035568
7 12  0.635312  1.419680
7 13  0.594586  1.031863
7 14  0.593504  1.301584
7 15  0.609961  1.416211
7 16  0.612544  1.198599
7 17  0.621372  1.259163
7 18  0.592288  0.995810
7 19  0.596195  1.008570
7 20  0.596653  0.997614
7 21  0.617003  1.472329
7 22  0.619781  1.049002
7 23  0.644881  1.348579
7 24  0.630447  1.158501
7 25  0.613033  1.120609
7 26  0.598728  1.027462
7 27  0.386961  1.230448
7 28  0.594782  1.053851
7 29  0.601345  1.324922
7 30  0.637084  1.416791
8 9  0.611716  0.833175
8 10  0.554015  0.751380
8 11  0.609847  0.751647
8 12  0.633472  1.147054
8 13  0.554251  0.737523
8 14  0.620077  1.032771
8 15  0.625911  1.236421
8 16  0.606668  0.916542
8 17  0.616335  0.977285
8 18  0.583206  0.708071
8 19  0.589776  0.723020
8 20  0.589652  0.711606
8 21  0.623960  1.215782
8 22  0.613192  0.763157
8 23  0.642280  1.070265
8 24  0.614047  0.873292
8 25  0.387076  0.667770
8 26  0.547842  0.706287
8 27  0.615560  1.056392
8 28  0.541424  0.728990
8 29  0.633132  1.121961
8 30  0.634819  1.139488
9 10  0.591591  0.783668
9 11  0.595412  0.735767
9 12  0.633193  1.122953
9 13  0.588357  0.748488
9 14  0.609416  0.991457
9 15  0.625840  1.241785
9 16  0.607009  0.914292
9 17  0.617301  0.974851
9 18  0.548987  0.679811
9 19  0.588057  0.719514
9 20  0.589961  0.709221
9 21  0.623312  1.214093
9 22  0.590944  0.744758
9 23  0.642979  1.067873
9 24  0.378267  0.697324
9 25  0.608802  0.824641
9 26  0.590671  0.738188
9 27  0.622179  1.050443
9 28  0.590404  0.764661
9 29  0.622781  1.124845
9 30  0.636015  1.136288
10 11  0.581638  0.692965
10 12  0.605088  1.085702
10 13  0.514026  0.655074
10 14  0.592899  0.983119
10 15  0.597611  1.171210
10 16  0.577899  0.858539
10 17  0.587735  0.919573
10 18  0.557285  0.652027
10 19  0.561331  0.665232
10 20  0.561809  0.653970
10 21  0.597099  1.161453
10 22  0.584747  0.705987
10 23  0.613520  1.011767
10 24  0.597841  0.827274
10 25  0.545753  0.745761
10 26  0.508442  0.640072
10 27  0.591584  0.998316
10 28  0.295205  0.480826
10 29  0.606599  1.069798
10 30  0.606486  1.082065
11 12  0.623079  1.050575
11 13  0.579478  0.662479
11 14  0.610030  0.944157
11 15  0.615848  1.153958
11 16  0.596031  0.823500
11 17  0.606200  0.884409
11 18  0.548670  0.592044
11 19  0.543971  0.598322
11 20  0.541497  0.583136
11 21  0.615238  1.126798
11 22  0.375185  0.463036
11 23  0.631900  0.977364
11 24  0.591353  0.776400
11 25  0.607042  0.743998
11 26  0.581914  0.648616
11 27  0.611938  0.964234
11 28  0.579689  0.675212
11 29  0.623233  1.036207
11 30  0.625104  1.047171
12 13  0.602969  1.053188
12 14  0.626541  1.283039
12 15  0.614997  1.446192
12 16  0.593439  1.199796
12 17  0.618953  1.245244
12 18  0.598869  1.012674
12 19  0.602585  1.025719
12 20  0.603273  1.014567
12 21  0.613413  1.512449
12 22  0.626045  1.066440
12 23  0.496791  1.276872
12 24  0.638460  1.188000
12 25  0.630623  1.139185
12 26  0.605514  1.044484
12 27  0.632756  1.345505
12 28  0.603336  1.070731
12 29  0.643265  1.423055
12 30  0.604565  1.379005
13 14  0.590852  0.950240
13 15  0.595542  1.148985
13 16  0.575857  0.827470
13 17  0.585907  0.888456
13 18  0.554138  0.619899
13 19  0.559182  0.633990
13 20  0.559430  0.622533
13 21  0.595319  1.130655
13 22  0.582557  0.674661
13 23  0.611654  0.980913
13 24  0.594205  0.796654
13 25  0.538987  0.708636
13 26  0.293313  0.407822
13 27  0.591116  0.967269
13 28  0.510458  0.641488
13 29  0.604455  1.040086
13 30  0.604790  1.051169
14 15  0.616033  1.431057
14 16  0.607226  1.110676
14 17  0.617331  1.170302
14 18  0.586563  0.905849
14 19  0.589848  0.918910
14 20  0.591069  0.907988
14 21  0.598574  1.358876
14 22  0.613023  0.959377
14 23  0.642310  1.262864
14 24  0.618963  1.081278
14 25  0.617792  1.031211
14 26  0.593429  0.937798
14 27  0.590872  1.222143
14 28  0.591224  0.963332
14 29  0.394194  1.211574
14 30  0.634079  1.322033
15 16  0.607021  1.305240
15 17  0.616146  1.375153
15 18  0.591752  1.118794
15 19  0.595453  1.131745
15 20  0.596108  1.120635
15 21  0.535435  1.612032
15 22  0.618998  1.172409
15 23  0.603302  1.378363
15 24  0.630250  1.290085
15 25  0.620906  1.242446
15 26  0.598430  1.150623
15 27  0.599971  1.407446
15 28  0.595855  1.176749
15 29  0.624953  1.500970
15 30  0.615659  1.537602
16 17  0.556431  1.012625
16 18  0.571910  0.780882
16 19  0.575839  0.792664
16 20  0.576338  0.782084
16 21  0.606381  1.272254
16 22  0.599389  0.833135
16 23  0.605070  1.060974
16 24  0.612369  0.944554
16 25  0.603702  0.901732
16 26  0.578591  0.812601
16 27  0.606066  1.101982
16 28  0.576368  0.839182
16 29  0.618617  1.162624
16 30  0.615454  1.203306
17 18  0.581997  0.841554
17 19  0.585928  0.854911
17 20  0.586424  0.843563
17 21  0.618891  1.330492
17 22  0.609487  0.895548
17 23  0.630817  1.166374
17 24  0.622590  1.016897
17 25  0.613738  0.956331
17 26  0.588648  0.872858
17 27  0.616138  1.143261
17 28  0.586418  0.895758
17 29  0.629644  1.252561
17 30  0.604637  1.164362
18 19  0.549597  0.582192
18 20  0.548741  0.569381
18 21  0.591139  1.082639
18 22  0.555327  0.607019
18 23  0.607817  0.934837
18 24  0.562041  0.733801
18 25  0.581310  0.699285
18 26  0.557225  0.605665
18 27  0.587683  0.921361
18 28  0.555252  0.632293
18 29  0.599087  0.992172
18 30  0.600842  1.003830
19 20  0.513176  0.545730
19 21  0.595162  1.092472
19 22  0.554004  0.612072
19 23  0.611729  0.946271
19 24  0.589708  0.753518
19 25  0.586932  0.714942
19 26  0.561744  0.618623
19 27  0.591601  0.934876
19 28  0.559547  0.645157
19 29  0.603848  1.000328
19 30  0.604767  1.017404
20 21  0.595671  1.085243
20 22  0.556536  0.607993
20 23  0.612234  0.935637
20 24  0.591305  0.747328
20 25  0.587371  0.703258
20 26  0.562248  0.607813
20 27  0.592108  0.923281
20 28  0.560034  0.634508
20 29  0.604661  0.993708
20 30  0.605272  1.006489
21 22  0.618597  1.126472
21 23  0.624785  1.418814
21 24  0.630718  1.227348
21 25  0.622230  1.206888
21 26  0.597766  1.108389
21 27  0.616129  1.410497
21 28  0.595251  1.128803
21 29  0.618641  1.390214
21 30  0.618152  1.415478
22 23  0.635276  0.986987
22 24  0.604504  0.786799
22 25  0.610065  0.755241
22 26  0.585204  0.659213
22 27  0.615121  0.975469
22 28  0.583027  0.685021
22 29  0.626108  1.034089
22 30  0.628331  1.056806
23 24  0.647661  1.091078
23 25  0.638594  1.043806
23 26  0.614452  0.966525
23 27  0.627781  1.204565
23 28  0.612118  0.991830
23 29  0.647922  1.289345
23 30  0.618496  1.328803
24 25  0.614044  0.868361
24 26  0.595802  0.776124
24 27  0.626771  1.092414
24 28  0.594279  0.805505
24 29  0.625619  1.095033
24 30  0.641167  1.179679
25 26  0.552412  0.711772
25 27  0.608482  1.001999
25 28  0.551814  0.729043
25 29  0.631460  1.116933
25 30  0.631894  1.112737
26 27  0.593046  0.951159
26 28  0.514809  0.623230
26 29  0.606961  1.021345
26 30  0.607455  1.033498
27 28  0.589822  0.967885
27 29  0.600189  1.312313
27 30  0.628839  1.280805
28 29  0.604524  1.048326
28 30  0.605125  1.052624
29 30  0.644471  1.411485
