   -993.89036851
   -994.20852650     -994.08496873
0.00022127531934
2 2 2 2 2 2 2 2 2 2 2 2 2 0 0 0 0 0 0 0 0 0 0 0 0 0 
1  0.310552  0.618924
2  0.303560  0.380311
3  0.316173  0.692661
4  0.306494  0.841247
5  0.319515  0.611409
6  0.318397  0.484324
7  0.311546  0.702984
8  0.279503  0.295721
9  0.277766  0.300671
10  0.271579  0.331914
11  0.297418  0.483021
12  0.283570  0.426316
13  0.270888  0.431138
14  0.276835  0.443782
15  0.289099  0.453822
16  0.302471  0.498208
17  0.275643  0.322881
18  0.281599  0.313424
19  0.281824  0.296641
20  0.312038  0.608845
21  0.304250  0.385666
22  0.318932  0.675790
23  0.314473  0.720373
24  0.321692  0.508510
25  0.306471  0.808945
26  0.319552  0.612461
1 2  0.614012  0.997941
1 3  0.619243  1.251308
1 4  0.603627  1.434923
1 5  0.616713  1.161533
1 6  0.625411  1.083915
1 7  0.585165  1.295994
1 8  0.590016  0.913063
1 9  0.588265  0.919054
1 10  0.581941  0.944146
1 11  0.606009  1.069530
1 12  0.592331  1.024219
1 13  0.561354  0.983304
1 14  0.572386  1.059165
1 15  0.599413  1.071054
1 16  0.612506  1.114609
1 17  0.585764  0.941519
1 18  0.592137  0.932067
1 19  0.592325  0.915472
1 20  0.370494  1.095240
1 21  0.614692  1.003490
1 22  0.626154  1.288401
1 23  0.587903  1.280928
1 24  0.629208  1.118892
1 25  0.598537  1.379972
1 26  0.626794  1.227983
2 3  0.619720  1.069595
2 4  0.609907  1.204386
2 5  0.623013  0.990544
2 6  0.607000  0.847523
2 7  0.613682  1.066419
2 8  0.554811  0.654321
2 9  0.553110  0.655107
2 10  0.553806  0.690436
2 11  0.600974  0.862723
2 12  0.587118  0.805853
2 13  0.573375  0.808744
2 14  0.579597  0.821669
2 15  0.592529  0.833989
2 16  0.605960  0.878355
2 17  0.550661  0.676365
2 18  0.547880  0.661729
2 19  0.547345  0.642705
2 20  0.615445  0.988400
2 21  0.375794  0.575962
2 22  0.622432  1.055722
2 23  0.616875  1.100179
2 24  0.602170  0.866166
2 25  0.609895  1.188403
2 26  0.622903  0.992403
3 4  0.600419  1.425286
3 5  0.598442  1.273724
3 6  0.634112  1.172731
3 7  0.623245  1.382480
3 8  0.595673  0.987852
3 9  0.593932  0.993257
3 10  0.587734  1.018052
3 11  0.587231  1.087229
3 12  0.594385  1.112103
3 13  0.585567  1.095023
3 14  0.591625  1.133844
3 15  0.596319  1.124445
3 16  0.592394  1.181234
3 17  0.591722  1.015220
3 18  0.597770  1.005982
3 19  0.597989  0.989246
3 20  0.625350  1.295321
3 21  0.620401  1.077869
3 22  0.400722  1.230143
3 23  0.627683  1.391315
3 24  0.637485  1.198358
3 25  0.595050  1.462328
3 26  0.597452  1.261128
4 5  0.606772  1.431786
4 6  0.624083  1.309434
4 7  0.597856  1.427129
4 8  0.585996  1.136906
4 9  0.584248  1.140045
4 10  0.577925  1.161786
4 11  0.601341  1.301425
4 12  0.586428  1.257873
4 13  0.575139  1.255598
4 14  0.578996  1.275660
4 15  0.589982  1.282975
4 16  0.602253  1.320530
4 17  0.582060  1.163614
4 18  0.587922  1.154349
4 19  0.588225  1.137726
4 20  0.600508  1.399863
4 21  0.610603  1.225973
4 22  0.597671  1.472814
4 23  0.595281  1.522361
4 24  0.624295  1.340390
4 25  0.417431  1.554448
4 26  0.602981  1.402843
5 6  0.636945  1.071518
5 7  0.622890  1.261181
5 8  0.599012  0.906158
5 9  0.597260  0.910738
5 10  0.591091  0.942604
5 11  0.609080  1.069352
5 12  0.582379  0.977644
5 13  0.588816  1.022048
5 14  0.595848  1.053699
5 15  0.596039  1.061791
5 16  0.616681  1.099845
5 17  0.595066  0.934052
5 18  0.601085  0.924753
5 19  0.601338  0.908029
5 20  0.628211  1.217073
5 21  0.623635  0.996643
5 22  0.599736  1.245537
5 23  0.631146  1.324319
5 24  0.641080  1.118414
5 25  0.601733  1.368033
5 26  0.391265  1.077089
6 7  0.617070  1.124056
6 8  0.594679  0.775720
6 9  0.591053  0.775441
6 10  0.561885  0.800282
6 11  0.615711  0.963534
6 12  0.601829  0.900656
6 13  0.565741  0.893589
6 14  0.569556  0.899745
6 15  0.607385  0.937552
6 16  0.620850  0.981876
6 17  0.559213  0.775540
6 18  0.597924  0.796590
6 19  0.599501  0.780522
6 20  0.627853  1.087247
6 21  0.600311  0.848214
6 22  0.637043  1.157791
6 23  0.620873  1.200444
6 24  0.387920  0.828673
6 25  0.621202  1.284759
6 26  0.637831  1.095478
7 8  0.591002  0.998081
7 9  0.589009  0.999174
7 10  0.582279  1.031435
7 11  0.607888  1.181105
7 12  0.593502  1.106071
7 13  0.579559  1.129944
7 14  0.583903  1.124429
7 15  0.599775  1.154540
7 16  0.613532  1.196150
7 17  0.587045  1.025268
7 18  0.592357  1.016170
7 19  0.593124  0.999537
7 20  0.585818  1.254867
7 21  0.614656  1.088133
7 22  0.627513  1.357642
7 23  0.373613  1.300305
7 24  0.621020  1.207373
7 25  0.593148  1.473957
7 26  0.628382  1.309108
8 9  0.510592  0.554256
8 10  0.544900  0.620545
8 11  0.576920  0.778388
8 12  0.563072  0.721673
8 13  0.550133  0.725130
8 14  0.555568  0.739259
8 15  0.568601  0.749533
8 16  0.581972  0.793912
8 17  0.551456  0.615703
8 18  0.508421  0.559841
8 19  0.276064  0.316729
8 20  0.591483  0.904510
8 21  0.546536  0.647947
8 22  0.598421  0.971457
8 23  0.593805  1.016020
8 24  0.600435  0.803628
8 25  0.585861  1.104540
8 26  0.599055  0.908156
9 10  0.545362  0.629019
9 11  0.575183  0.783601
9 12  0.561333  0.726339
9 13  0.548450  0.731445
9 14  0.554434  0.744082
9 15  0.566837  0.754468
9 16  0.580231  0.798861
9 17  0.552183  0.621738
9 18  0.276663  0.347064
9 19  0.507514  0.548623
9 20  0.589795  0.909391
9 21  0.544337  0.653424
9 22  0.596697  0.976400
9 23  0.591515  1.020837
9 24  0.597754  0.808374
9 25  0.584049  1.109388
9 26  0.597284  0.913076
10 11  0.568996  0.812695
10 12  0.555146  0.758109
10 13  0.538458  0.751907
10 14  0.542809  0.773238
10 15  0.560613  0.785624
10 16  0.573963  0.829950
10 17  0.266698  0.400057
10 18  0.552073  0.643331
10 19  0.550120  0.626026
10 20  0.583155  0.940413
10 21  0.547284  0.690249
10 22  0.590364  1.007318
10 23  0.585908  1.051264
10 24  0.558796  0.809059
10 25  0.577973  1.140198
10 26  0.590987  0.944099
11 12  0.536931  0.878229
11 13  0.568005  0.899783
11 14  0.573863  0.925851
11 15  0.541492  0.897310
11 16  0.291101  0.752684
11 17  0.573013  0.805768
11 18  0.579013  0.796414
11 19  0.579241  0.779649
11 20  0.608998  1.089673
11 21  0.601636  0.868506
11 22  0.591874  1.151232
11 23  0.611452  1.198650
11 24  0.619085  0.990820
11 25  0.597174  1.274882
11 26  0.612259  1.086191
12 13  0.554302  0.851183
12 14  0.560352  0.869578
12 15  0.276650  0.654003
12 16  0.541568  0.886689
12 17  0.559177  0.749114
12 18  0.565146  0.739707
12 19  0.565391  0.722950
12 20  0.595363  1.033858
12 21  0.587742  0.811827
12 22  0.594520  1.085292
12 23  0.597192  1.144501
12 24  0.605167  0.934244
12 25  0.584076  1.224428
12 26  0.590429  1.035325
13 14  0.256228  0.656245
13 15  0.559919  0.884355
13 16  0.572956  0.928350
13 17  0.541265  0.751528
13 18  0.552312  0.743917
13 19  0.552032  0.727508
13 20  0.568186  1.037231
13 21  0.574550  0.814160
13 22  0.588462  1.104598
13 23  0.581423  1.131750
13 24  0.566695  0.911036
13 25  0.572794  1.232206
13 26  0.589894  1.042225
14 15  0.565691  0.890756
14 16  0.578882  0.925794
14 17  0.548279  0.757980
14 18  0.558194  0.756874
14 19  0.558457  0.739392
14 20  0.566568  0.983976
14 21  0.579617  0.827637
14 22  0.593937  1.088704
14 23  0.588235  1.159043
14 24  0.573632  0.929899
14 25  0.580726  1.236649
14 26  0.594546  1.036053
15 16  0.545324  0.919069
15 17  0.564738  0.776645
15 18  0.570694  0.766115
15 19  0.570921  0.749968
15 20  0.598962  1.039559
15 21  0.593334  0.837771
15 22  0.602585  1.122151
15 23  0.601634  1.143576
15 24  0.610605  0.949165
15 25  0.591343  1.248346
15 26  0.585890  0.996234
16 17  0.578113  0.819806
16 18  0.584068  0.811530
16 19  0.584293  0.794651
16 20  0.612295  1.072351
16 21  0.606714  0.883560
16 22  0.594162  1.083000
16 23  0.615559  1.212484
16 24  0.624012  1.002338
16 25  0.605900  1.286064
16 26  0.614701  1.085092
17 18  0.551988  0.631710
17 19  0.550730  0.612655
17 20  0.587524  0.928177
17 21  0.557454  0.687038
17 22  0.594565  0.994973
17 23  0.588763  1.039714
17 24  0.568943  0.816003
17 25  0.581953  1.124194
17 26  0.595191  0.935119
18 19  0.515806  0.567215
18 20  0.593582  0.921627
18 21  0.557120  0.669882
18 22  0.600521  0.989091
18 23  0.595645  1.026094
18 24  0.597502  0.808899
18 25  0.588050  1.118694
18 26  0.601128  0.923842
19 20  0.593828  0.904476
19 21  0.557991  0.662165
19 22  0.600752  0.972247
19 23  0.596185  1.015382
19 24  0.599210  0.799312
19 25  0.588291  1.105259
19 26  0.601369  0.908065
20 21  0.616185  0.993953
20 22  0.622864  1.223540
20 23  0.587647  1.297854
20 24  0.630321  1.096553
20 25  0.605113  1.396287
20 26  0.617373  1.154522
21 22  0.623162  1.059399
21 23  0.616976  1.084306
21 24  0.611334  0.872148
21 25  0.610563  1.177667
21 26  0.623736  0.995459
22 23  0.628272  1.384067
22 24  0.640056  1.179691
22 25  0.604352  1.391561
22 26  0.598601  1.257073
23 24  0.622381  1.151552
23 25  0.601989  1.412816
23 26  0.625811  1.270078
24 25  0.627190  1.296528
24 26  0.640240  1.092921
25 26  0.606983  1.395705
