   -993.89036851
   -994.21043619     -994.08924897
0.00013350885401
2 2 2 2 2 2 2 2 2 2 2 2 2 0 0 0 0 0 0 0 0 0 0 0 0 0 
1  0.318016  0.625032
2  0.306398  0.391744
3  0.321705  0.689680
4  0.312782  0.833548
5  0.327236  0.610136
6  0.323572  0.499368
7  0.318454  0.708152
8  0.281108  0.299640
9  0.279705  0.306012
10  0.274591  0.340941
11  0.299752  0.486223
12  0.287970  0.432558
13  0.276245  0.444904
14  0.282310  0.456879
15  0.293711  0.458704
16  0.305079  0.501435
17  0.278552  0.332969
18  0.283377  0.319646
19  0.283510  0.300403
20  0.319641  0.611055
21  0.307166  0.397929
22  0.324855  0.674208
23  0.321643  0.724718
24  0.326836  0.520848
25  0.312416  0.805149
26  0.326661  0.609947
1 2  0.624309  1.015252
1 3  0.631619  1.253913
1 4  0.617335  1.433481
1 5  0.630598  1.165610
1 6  0.637765  1.103984
1 7  0.598974  1.307672
1 8  0.599085  0.922793
1 9  0.597661  0.930388
1 10  0.592396  0.958523
1 11  0.615551  1.077631
1 12  0.603875  1.036341
1 13  0.572925  0.999506
1 14  0.584639  1.078216
1 15  0.611442  1.082162
1 16  0.622470  1.124103
1 17  0.596147  0.957666
1 18  0.601382  0.944326
1 19  0.601469  0.925328
1 20  0.383745  1.102047
1 21  0.625054  1.021697
1 22  0.639349  1.293272
1 23  0.602317  1.293615
1 24  0.641637  1.137764
1 25  0.611948  1.384020
1 26  0.640991  1.232040
2 3  0.628093  1.077414
2 4  0.619011  1.205707
2 5  0.633567  1.000526
2 6  0.614780  0.873040
2 7  0.623347  1.080712
2 8  0.559125  0.670007
2 9  0.557617  0.671703
2 10  0.559485  0.710466
2 11  0.606146  0.877247
2 12  0.594353  0.823284
2 13  0.581484  0.833419
2 14  0.587884  0.846136
2 15  0.599936  0.850298
2 16  0.611360  0.892992
2 17  0.556374  0.698304
2 18  0.552350  0.680094
2 19  0.551806  0.658300
2 20  0.625854  1.001932
2 21  0.381175  0.602893
2 22  0.631165  1.065506
2 23  0.626808  1.115912
2 24  0.610040  0.889669
2 25  0.618646  1.195938
2 26  0.632797  1.001293
3 4  0.611833  1.415844
3 5  0.610865  1.270165
3 6  0.644760  1.184268
3 7  0.635365  1.384762
3 8  0.602811  0.988606
3 9  0.601403  0.995599
3 10  0.596276  1.023032
3 11  0.594678  1.087706
3 12  0.604183  1.115652
3 13  0.596354  1.103214
3 14  0.602630  1.144023
3 15  0.606489  1.127316
3 16  0.600484  1.181564
3 17  0.600135  1.022282
3 18  0.605081  1.009194
3 19  0.605208  0.990018
3 20  0.638191  1.294918
3 21  0.628836  1.087064
3 22  0.410956  1.225663
3 23  0.640359  1.392905
3 24  0.648189  1.207558
3 25  0.606052  1.457971
3 26  0.609724  1.258589
4 5  0.620574  1.424084
4 6  0.635478  1.316504
4 7  0.610232  1.424847
4 8  0.593889  1.133103
4 9  0.592473  1.137269
4 10  0.587191  1.162152
4 11  0.610036  1.297262
4 12  0.596652  1.255793
4 13  0.586639  1.260377
4 14  0.590653  1.280799
4 15  0.600659  1.280004
4 16  0.611229  1.316636
4 17  0.591256  1.165900
4 18  0.595944  1.152833
4 19  0.596179  1.133771
4 20  0.614446  1.396579
4 21  0.619772  1.230398
4 22  0.608916  1.466557
4 23  0.608020  1.520850
4 24  0.635612  1.344916
4 25  0.428674  1.544679
4 26  0.616245  1.395045
5 6  0.649695  1.083710
5 7  0.636905  1.265604
5 8  0.608337  0.908636
5 9  0.606914  0.914477
5 10  0.601820  0.950184
5 11  0.619013  1.071381
5 12  0.593338  0.980997
5 13  0.601670  1.033716
5 14  0.608984  1.065520
5 15  0.607706  1.065081
5 16  0.626981  1.102481
5 17  0.605685  0.942836
5 18  0.610566  0.929691
5 19  0.610744  0.910511
5 20  0.643111  1.218333
5 21  0.634230  1.007591
5 22  0.613127  1.245040
5 23  0.645697  1.327599
5 24  0.653916  1.129494
5 25  0.615149  1.365650
5 26  0.404277  1.071803
6 7  0.628374  1.140916
6 8  0.601220  0.794164
6 9  0.597874  0.794549
6 10  0.569995  0.824274
6 11  0.623195  0.981010
6 12  0.611348  0.920628
6 13  0.575936  0.921604
6 14  0.580213  0.928329
6 15  0.617151  0.957440
6 16  0.628635  1.000070
6 17  0.567361  0.800661
6 18  0.604836  0.817830
6 19  0.606308  0.799276
6 20  0.640578  1.104533
6 21  0.608134  0.875191
6 22  0.648126  1.171022
6 23  0.632952  1.219676
6 24  0.397763  0.858848
6 25  0.632111  1.295526
6 26  0.650101  1.107979
7 8  0.599489  1.007119
7 9  0.597801  1.008719
7 10  0.592120  1.045290
7 11  0.616956  1.189147
7 12  0.604511  1.115740
7 13  0.591646  1.148852
7 14  0.596272  1.142968
7 15  0.611177  1.164722
7 16  0.622996  1.204070
7 17  0.596834  1.040381
7 18  0.600932  1.027519
7 19  0.601694  1.008450
7 20  0.600152  1.264932
7 21  0.624397  1.105499
7 22  0.640294  1.361127
7 23  0.387111  1.311482
7 24  0.632790  1.224769
7 25  0.605390  1.477288
7 26  0.642192  1.312018
8 9  0.514236  0.564458
8 10  0.549271  0.632933
8 11  0.580860  0.785380
8 12  0.569077  0.731766
8 13  0.557056  0.742524
8 14  0.562585  0.756247
8 15  0.574820  0.758332
8 16  0.586183  0.801054
8 17  0.555846  0.629721
8 18  0.512024  0.570902
8 19  0.279170  0.324728
8 20  0.600689  0.910628
8 21  0.551049  0.664558
8 22  0.605934  0.973789
8 23  0.602531  1.024264
8 24  0.607159  0.819847
8 25  0.593418  1.104636
8 26  0.607765  0.909558
9 10  0.550147  0.643214
9 11  0.579456  0.792105
9 12  0.567671  0.737709
9 13  0.555705  0.750500
9 14  0.561832  0.762451
9 15  0.573384  0.764687
9 16  0.584776  0.807422
9 17  0.557000  0.637061
9 18  0.280068  0.359881
9 19  0.511289  0.558586
9 20  0.599337  0.916908
9 21  0.549059  0.671750
9 22  0.604559  0.980140
9 23  0.600481  1.030479
9 24  0.604715  0.826042
9 25  0.591917  1.110901
9 26  0.606334  0.915894
10 11  0.574342  0.824440
10 12  0.562558  0.773357
10 13  0.546599  0.773487
10 14  0.551313  0.795525
10 15  0.568209  0.799527
10 16  0.579525  0.842198
10 17  0.271691  0.420601
10 18  0.556806  0.658463
10 19  0.554727  0.638814
10 20  0.593740  0.951629
10 21  0.553138  0.711907
10 22  0.599209  1.014742
10 23  0.596060  1.064600
10 24  0.567109  0.830530
10 25  0.586912  1.145351
10 26  0.601047  0.950601
11 12  0.543715  0.887776
11 13  0.575656  0.915156
11 14  0.581573  0.942154
11 15  0.548785  0.906996
11 16  0.295643  0.758153
11 17  0.578234  0.819040
11 18  0.583121  0.805831
11 19  0.583262  0.786609
11 20  0.618819  1.095221
11 21  0.606863  0.883941
11 22  0.599893  1.152748
11 23  0.620938  1.205742
11 24  0.626564  1.006305
11 25  0.605534  1.274871
11 26  0.621757  1.087568
12 13  0.564008  0.871005
12 14  0.570219  0.888863
12 15  0.283972  0.663807
12 16  0.548867  0.897592
12 17  0.566481  0.765434
12 18  0.571310  0.752170
12 19  0.571475  0.732952
12 20  0.607341  1.042333
12 21  0.595029  0.830331
12 22  0.604859  1.090409
12 23  0.608592  1.155259
12 24  0.614679  0.952813
12 25  0.594179  1.226424
12 26  0.601506  1.038979
13 14  0.265490  0.684556
13 15  0.569881  0.902953
13 16  0.580831  0.945363
13 17  0.549457  0.775518
13 18  0.559433  0.763811
13 19  0.559001  0.745028
13 20  0.580494  1.053103
13 21  0.582806  0.840078
13 22  0.599646  1.116889
13 23  0.593936  1.150161
13 24  0.577241  0.937908
13 25  0.583947  1.241566
13 26  0.602326  1.053415
14 15  0.575729  0.908739
14 16  0.586926  0.940647
14 17  0.556474  0.779804
14 18  0.565431  0.776203
14 19  0.565613  0.756125
14 20  0.578354  0.996118
14 21  0.587911  0.852485
14 22  0.605181  1.097834
14 23  0.600743  1.176791
14 24  0.583825  0.954833
14 25  0.591978  1.244341
14 26  0.606895  1.046260
15 16  0.552670  0.927437
15 17  0.572260  0.791598
15 18  0.577083  0.776891
15 19  0.577219  0.758530
15 20  0.610892  1.046748
15 21  0.600855  0.854513
15 22  0.612992  1.125927
15 23  0.613123  1.151201
15 24  0.620291  0.964960
15 25  0.601534  1.248929
15 26  0.596261  0.997973
16 17  0.583628  0.832724
16 18  0.588454  0.820961
16 19  0.588587  0.801582
16 20  0.622288  1.077183
16 21  0.612237  0.898953
16 22  0.601957  1.084385
16 23  0.625242  1.220013
16 24  0.631740  1.017362
16 25  0.614443  1.285405
16 26  0.624098  1.086038
17 18  0.556514  0.647900
17 19  0.555111  0.626214
17 20  0.598041  0.939867
17 21  0.563065  0.708704
17 22  0.603384  1.002491
17 23  0.598711  1.053382
17 24  0.577007  0.838574
17 25  0.590780  1.128980
17 26  0.605206  0.942635
18 19  0.519363  0.578100
18 20  0.602958  0.930007
18 21  0.561602  0.687886
18 22  0.608220  0.993696
18 23  0.604552  1.035284
18 24  0.604188  0.826060
18 25  0.595771  1.120305
18 26  0.610006  0.927138
19 20  0.603118  0.910311
19 21  0.562608  0.678698
19 22  0.608360  0.974368
19 23  0.605020  1.023410
19 24  0.605772  0.814839
19 25  0.595920  1.105241
19 26  0.610161  0.909182
20 21  0.626687  1.008274
20 22  0.635745  1.224288
20 23  0.601747  1.305547
20 24  0.642785  1.110619
20 25  0.618584  1.395000
20 26  0.630788  1.154098
21 22  0.632002  1.069549
21 23  0.626876  1.098057
21 24  0.619074  0.895534
21 25  0.619401  1.183417
21 26  0.633748  1.004898
22 23  0.640951  1.386800
22 24  0.651022  1.190109
22 25  0.615782  1.385671
22 26  0.611307  1.253891
23 24  0.633905  1.165934
23 25  0.614214  1.411905
23 26  0.639439  1.272626
24 25  0.638177  1.304736
24 26  0.652298  1.101368
25 26  0.619909  1.390969
