   -993.89036851
   -994.21211097     -994.09286231
0.00003600282003
2 2 2 2 2 2 2 2 2 2 2 2 2 0 0 0 0 0 0 0 0 0 0 0 0 0 
1  0.324862  0.627959
2  0.308351  0.406916
3  0.327595  0.690324
4  0.318641  0.827050
5  0.334040  0.611037
6  0.328068  0.511276
7  0.324797  0.711252
8  0.282279  0.304945
9  0.280889  0.312729
10  0.276693  0.352979
11  0.302226  0.490872
12  0.291816  0.437448
13  0.281510  0.456591
14  0.287879  0.468534
15  0.297453  0.463648
16  0.307747  0.506044
17  0.280659  0.344036
18  0.284649  0.327530
19  0.284758  0.304960
20  0.326300  0.613232
21  0.309136  0.412378
22  0.330672  0.673768
23  0.328138  0.729094
24  0.331196  0.533427
25  0.317936  0.798338
26  0.333508  0.610925
1 2  0.633090  1.032946
1 3  0.643592  1.257339
1 4  0.629826  1.430274
1 5  0.642828  1.169247
1 6  0.648963  1.118420
1 7  0.612060  1.314861
1 8  0.607096  0.930561
1 9  0.605686  0.939939
1 10  0.601353  0.972574
1 11  0.624729  1.084565
1 12  0.614323  1.044113
1 13  0.583615  1.011688
1 14  0.596381  1.092491
1 15  0.621987  1.090056
1 16  0.631883  1.131764
1 17  0.605081  0.971622
1 18  0.609498  0.955054
1 19  0.609539  0.932791
1 20  0.395882  1.105035
1 21  0.633845  1.038933
1 22  0.651849  1.296051
1 23  0.615819  1.303514
1 24  0.652725  1.153727
1 25  0.624166  1.382032
1 26  0.654263  1.236131
2 3  0.635936  1.092347
2 4  0.626801  1.211636
2 5  0.642327  1.016448
2 6  0.621026  0.899038
2 7  0.631528  1.096557
2 8  0.562302  0.691028
2 9  0.560694  0.693488
2 10  0.563466  0.736837
2 11  0.610573  0.896832
2 12  0.600149  0.843156
2 13  0.588655  0.859515
2 14  0.595358  0.872881
2 15  0.605584  0.870389
2 16  0.615957  0.912716
2 17  0.560481  0.725076
2 18  0.555544  0.703874
2 19  0.554993  0.678526
2 20  0.634438  1.019141
2 21  0.384974  0.636194
2 22  0.638917  1.080136
2 23  0.635233  1.135380
2 24  0.616333  0.916814
2 25  0.626116  1.204093
2 26  0.641529  1.017358
3 4  0.622925  1.411235
3 5  0.622886  1.272239
3 6  0.655021  1.196430
3 7  0.647214  1.388607
3 8  0.609868  0.994233
3 9  0.608470  1.002928
3 10  0.604254  1.034340
3 11  0.602800  1.092832
3 12  0.613823  1.121466
3 13  0.607215  1.113879
3 14  0.613869  1.156438
3 15  0.616188  1.133993
3 16  0.609013  1.186936
3 17  0.608077  1.033958
3 18  0.612242  1.017667
3 19  0.612340  0.995199
3 20  0.650537  1.298093
3 21  0.636687  1.102056
3 22  0.421639  1.225711
3 23  0.652542  1.397969
3 24  0.658363  1.220554
3 25  0.616867  1.453379
3 26  0.622203  1.262154
4 5  0.633156  1.419292
4 6  0.645756  1.321914
4 7  0.621476  1.422221
4 8  0.600917  1.131841
4 9  0.599513  1.137052
4 10  0.595128  1.166179
4 11  0.618384  1.295770
4 12  0.606190  1.253886
4 13  0.597546  1.264666
4 14  0.601947  1.285784
4 15  0.610212  1.278600
4 16  0.619541  1.315182
4 17  0.599190  1.170377
4 18  0.603031  1.154168
4 19  0.603268  1.131818
4 20  0.626809  1.394537
4 21  0.627590  1.238155
4 22  0.619912  1.461284
4 23  0.619675  1.520663
4 24  0.645626  1.350642
4 25  0.439367  1.532737
4 26  0.628769  1.391390
5 6  0.660779  1.095507
5 7  0.649384  1.270189
5 8  0.616303  0.914604
5 9  0.614893  0.921737
5 10  0.610720  0.962971
5 11  0.628130  1.077151
5 12  0.602917  0.985817
5 13  0.613367  1.046047
5 14  0.621236  1.078087
5 15  0.617887  1.070631
5 16  0.636515  1.108590
5 17  0.614544  0.954781
5 18  0.618625  0.938452
5 19  0.618796  0.915960
5 20  0.656172  1.221682
5 21  0.642951  1.022863
5 22  0.625326  1.247287
5 23  0.658738  1.333193
5 24  0.665040  1.142970
5 25  0.627489  1.361516
5 26  0.416748  1.072474
6 7  0.638440  1.154146
6 8  0.606729  0.810849
6 9  0.603371  0.811809
6 10  0.576654  0.848315
6 11  0.630131  0.997041
6 12  0.619618  0.936475
6 13  0.585455  0.944958
6 14  0.590231  0.952678
6 15  0.625364  0.974272
6 16  0.635791  1.016506
6 17  0.574064  0.823483
6 18  0.610563  0.837617
6 19  0.611995  0.815674
6 20  0.651630  1.118985
6 21  0.614529  0.900882
6 22  0.658408  1.182344
6 23  0.643703  1.235777
6 24  0.406258  0.886376
6 25  0.641994  1.300418
6 26  0.661400  1.120866
7 8  0.606982  1.015523
7 9  0.605300  1.017619
7 10  0.600433  1.059780
7 11  0.625576  1.196733
7 12  0.614318  1.122981
7 13  0.603171  1.163863
7 14  0.608208  1.158644
7 15  0.621080  1.172870
7 16  0.631984  1.211380
7 17  0.605239  1.054400
7 18  0.608471  1.038456
7 19  0.609279  1.016077
7 20  0.613337  1.272514
7 21  0.632675  1.123009
7 22  0.652302  1.364012
7 23  0.399540  1.320204
7 24  0.643319  1.240320
7 25  0.616553  1.475198
7 26  0.655201  1.316378
8 9  0.516621  0.577738
8 10  0.552424  0.649625
8 11  0.584504  0.795114
8 12  0.574092  0.741864
8 13  0.563486  0.759052
8 14  0.569181  0.773188
8 15  0.579732  0.768576
8 16  0.590022  0.810961
8 17  0.559051  0.646174
8 18  0.514608  0.585015
8 19  0.281480  0.335845
8 20  0.608475  0.918099
8 21  0.554233  0.684801
8 22  0.612921  0.978636
8 23  0.610193  1.033917
8 24  0.612630  0.837644
8 25  0.600097  1.103109
8 26  0.615782  0.915831
9 10  0.553340  0.661848
9 11  0.583113  0.803433
9 12  0.572699  0.749081
9 13  0.562151  0.768887
9 14  0.568568  0.780746
9 15  0.578299  0.776341
9 16  0.588627  0.818735
9 17  0.560257  0.654727
9 18  0.282309  0.376117
9 19  0.513866  0.570756
9 20  0.607181  0.925760
9 21  0.552218  0.693604
9 22  0.611560  0.986384
9 23  0.608096  1.041539
9 24  0.610232  0.845346
9 25  0.598582  1.110766
9 26  0.614349  0.923573
10 11  0.578916  0.840462
10 12  0.568505  0.790248
10 13  0.553787  0.795849
10 14  0.558840  0.819305
10 15  0.574032  0.816488
10 16  0.584238  0.858824
10 17  0.275559  0.445034
10 18  0.560135  0.678232
10 19  0.558014  0.655513
10 20  0.602469  0.965798
10 21  0.557227  0.738870
10 22  0.607070  1.026297
10 23  0.604622  1.080796
10 24  0.573767  0.855234
10 25  0.594499  1.150483
10 26  0.609960  0.963571
11 12  0.549925  0.897559
11 13  0.583326  0.930297
11 14  0.589553  0.958482
11 15  0.555217  0.917993
11 16  0.300176  0.766847
11 17  0.582767  0.834744
11 18  0.586865  0.818344
11 19  0.586984  0.795807
11 20  0.627871  1.102198
11 21  0.611281  0.902989
11 22  0.608112  1.156926
11 23  0.629866  1.214274
11 24  0.633393  1.023416
11 25  0.613475  1.273198
11 26  0.631106  1.093779
12 13  0.573056  0.887473
12 14  0.579630  0.905362
12 15  0.290605  0.672534
12 16  0.555558  0.908343
12 17  0.572416  0.781381
12 18  0.576414  0.764936
12 19  0.576570  0.742395
12 20  0.617801  1.049465
12 21  0.600794  0.849654
12 22  0.614575  1.095629
12 23  0.618769  1.164630
12 24  0.622837  0.970263
12 25  0.603480  1.224642
12 26  0.611858  1.044626
13 14  0.274998  0.707531
13 15  0.578875  0.919504
13 16  0.588685  0.961668
13 17  0.556678  0.798411
13 18  0.565946  0.783286
13 19  0.565410  0.761252
13 20  0.591889  1.066657
13 21  0.589994  0.866132
13 22  0.610578  1.128193
13 23  0.605718  1.166750
13 24  0.586828  0.962916
13 25  0.594665  1.246459
13 26  0.614317  1.066039
14 15  0.584955  0.925036
14 16  0.595092  0.955772
14 17  0.564045  0.801311
14 18  0.572261  0.795721
14 19  0.572427  0.772088
14 20  0.589084  1.007742
14 21  0.595359  0.878064
14 22  0.616339  1.107691
14 23  0.612695  1.193009
14 24  0.593412  0.978389
14 25  0.602844  1.248679
14 26  0.618898  1.058298
15 16  0.558932  0.937029
15 17  0.578108  0.807591
15 18  0.582091  0.789356
15 19  0.582205  0.767903
15 20  0.621031  1.053667
15 21  0.606565  0.873601
15 22  0.622422  1.130637
15 23  0.623004  1.159360
15 24  0.628307  0.981152
15 25  0.610666  1.246928
15 26  0.605877  1.003154
16 17  0.588403  0.847946
16 18  0.592392  0.833414
16 19  0.592503  0.810626
16 20  0.631439  1.083761
16 21  0.616878  0.917896
16 22  0.610103  1.088423
16 23  0.634200  1.228681
16 24  0.638738  1.033860
16 25  0.622655  1.283894
16 26  0.633408  1.091793
17 18  0.559816  0.666770
17 19  0.558354  0.641451
17 20  0.606811  0.952474
17 21  0.567067  0.733649
17 22  0.611305  1.012194
17 23  0.607135  1.068122
17 24  0.583540  0.862438
17 25  0.598382  1.132157
17 26  0.614157  0.954589
18 19  0.521931  0.591696
18 20  0.610880  0.939977
18 21  0.564770  0.709622
18 22  0.615298  1.001095
18 23  0.612271  1.046254
18 24  0.609642  0.844933
18 25  0.602557  1.120640
18 26  0.618107  0.935508
19 20  0.611019  0.916775
19 21  0.565892  0.698418
19 22  0.615420  0.978358
19 23  0.612729  1.032265
19 24  0.611187  0.831402
19 25  0.602683  1.103012
19 26  0.618243  0.914468
20 21  0.635301  1.024694
20 22  0.647612  1.226806
20 23  0.614777  1.313029
20 24  0.653650  1.124803
20 25  0.630558  1.391117
20 26  0.642962  1.156712
21 22  0.639790  1.083047
21 23  0.635214  1.114284
21 24  0.625240  0.921214
21 25  0.626866  1.188827
21 26  0.642571  1.020109
22 23  0.652750  1.390813
22 24  0.661084  1.201819
22 25  0.626613  1.380492
22 26  0.623386  1.254991
23 24  0.643959  1.180237
23 25  0.625302  1.409657
23 26  0.652125  1.278193
24 25  0.647967  1.310462
24 26  0.663274  1.113489
25 26  0.632129  1.385833
