   -993.89036851
   -994.21257150     -994.09396309
0.00001062399475
2 2 2 2 2 2 2 2 2 2 2 2 2 0 0 0 0 0 0 0 0 0 0 0 0 0 
1  0.326936  0.628726
2  0.309010  0.412996
3  0.329378  0.689986
4  0.320249  0.824352
5  0.336083  0.611484
6  0.329488  0.515653
7  0.326619  0.711793
8  0.282678  0.307191
9  0.281254  0.315435
10  0.277410  0.357886
11  0.302984  0.492976
12  0.292969  0.439690
13  0.283112  0.460814
14  0.289601  0.472477
15  0.298554  0.465935
16  0.308568  0.507919
17  0.281387  0.348723
18  0.284990  0.330773
19  0.285176  0.306857
20  0.328380  0.613369
21  0.309772  0.418420
22  0.332421  0.673099
23  0.329979  0.730086
24  0.332642  0.537599
25  0.319536  0.796236
26  0.335485  0.611151
1 2  0.635815  1.039613
1 3  0.647260  1.257983
1 4  0.633447  1.428575
1 5  0.646475  1.170334
1 6  0.652388  1.123322
1 7  0.615947  1.316536
1 8  0.609564  0.933369
1 9  0.608121  0.943373
1 10  0.604139  0.977885
1 11  0.627524  1.087271
1 12  0.617490  1.047059
1 13  0.586771  1.015808
1 14  0.599986  1.097115
1 15  0.625155  1.093115
1 16  0.634739  1.134459
1 17  0.607878  0.977052
1 18  0.611912  0.959034
1 19  0.612014  0.935447
1 20  0.399583  1.104927
1 21  0.636539  1.045678
1 22  0.655625  1.296249
1 23  0.619769  1.306151
1 24  0.656212  1.158943
1 25  0.627796  1.381321
1 26  0.658155  1.237200
2 3  0.638378  1.097720
2 4  0.629057  1.213960
2 5  0.645031  1.022919
2 6  0.623079  0.909215
2 7  0.633983  1.102329
2 8  0.563368  0.699553
2 9  0.561721  0.702269
2 10  0.564802  0.747486
2 11  0.611990  0.904906
2 12  0.601957  0.851366
2 13  0.590899  0.869517
2 14  0.597720  0.882866
2 15  0.607294  0.878744
2 16  0.617407  0.920640
2 17  0.561864  0.736096
2 18  0.556537  0.713541
2 19  0.556062  0.686740
2 20  0.637164  1.025305
2 21  0.386232  0.649961
2 22  0.641317  1.085499
2 23  0.637721  1.142423
2 24  0.618426  0.926833
2 25  0.628369  1.207989
2 26  0.644148  1.023620
3 4  0.626138  1.408931
3 5  0.626484  1.272588
3 6  0.658181  1.200294
3 7  0.650652  1.388899
3 8  0.612047  0.995976
3 9  0.610613  1.005280
3 10  0.606750  1.038335
3 11  0.605338  1.094535
3 12  0.616725  1.123433
3 13  0.610507  1.117197
3 14  0.617299  1.160084
3 15  0.619078  1.136252
3 16  0.611575  1.188483
3 17  0.610559  1.038292
3 18  0.614366  1.020545
3 19  0.614538  0.996750
3 20  0.654349  1.298018
3 21  0.639101  1.107700
3 22  0.425010  1.224985
3 23  0.656101  1.398924
3 24  0.661571  1.224312
3 25  0.620052  1.451460
3 26  0.625849  1.262707
4 5  0.636768  1.417295
4 6  0.648755  1.323741
4 7  0.624576  1.420680
4 8  0.602921  1.131350
4 9  0.601485  1.136885
4 10  0.597441  1.167783
4 11  0.620787  1.295334
4 12  0.608906  1.253277
4 13  0.600691  1.265902
4 14  0.605281  1.287020
4 15  0.612907  1.278258
4 16  0.621934  1.314555
4 17  0.601514  1.172322
4 18  0.604960  1.154697
4 19  0.605288  1.131009
4 20  0.630452  1.392734
4 21  0.629832  1.241419
4 22  0.623067  1.458486
4 23  0.622825  1.519537
4 24  0.648643  1.352119
4 25  0.442522  1.528469
4 26  0.632321  1.389561
5 6  0.664182  1.099854
5 7  0.653094  1.271370
5 8  0.618739  0.917187
5 9  0.617294  0.924718
5 10  0.613478  0.968256
5 11  0.630919  1.079702
5 12  0.605890  0.988056
5 13  0.616895  1.050514
5 14  0.624968  1.082463
5 15  0.620952  1.073312
5 16  0.639387  1.111162
5 17  0.617304  0.959899
5 18  0.621001  0.942130
5 19  0.621258  0.918299
5 20  0.660134  1.222357
5 21  0.645611  1.029307
5 22  0.629018  1.247647
5 23  0.662582  1.334748
5 24  0.668515  1.147608
5 25  0.631120  1.360526
5 26  0.420382  1.072644
6 7  0.641407  1.158532
6 8  0.608494  0.817280
6 9  0.605119  0.818420
6 10  0.578802  0.857620
6 11  0.632288  1.003237
6 12  0.622141  0.942503
6 13  0.588405  0.953283
6 14  0.593386  0.961299
6 15  0.627848  0.980932
6 16  0.638030  1.022721
6 17  0.576234  0.832485
6 18  0.612312  0.845237
6 19  0.613820  0.821912
6 20  0.655116  1.123715
6 21  0.616581  0.911016
6 22  0.661549  1.186019
6 23  0.646905  1.241053
6 24  0.408996  0.896022
6 25  0.644964  1.302602
6 26  0.664788  1.125480
7 8  0.609194  1.018321
7 9  0.607478  1.020510
7 10  0.602934  1.064984
7 11  0.628115  1.199288
7 12  0.617198  1.125296
7 13  0.606571  1.168697
7 14  0.611759  1.163430
7 15  0.623949  1.175733
7 16  0.634610  1.213647
7 17  0.607773  1.059560
7 18  0.610598  1.042227
7 19  0.611525  1.018505
7 20  0.617201  1.274056
7 21  0.635127  1.129573
7 22  0.655827  1.364163
7 23  0.403190  1.322118
7 24  0.646532  1.244953
7 25  0.619673  1.474156
7 26  0.658988  1.317302
8 9  0.517369  0.583271
8 10  0.553518  0.656503
8 11  0.585659  0.799342
8 12  0.575642  0.746304
8 13  0.565483  0.765314
8 14  0.571252  0.779367
8 15  0.581231  0.773107
8 16  0.591239  0.815079
8 17  0.560168  0.653159
8 18  0.515362  0.590934
8 19  0.282298  0.340533
8 20  0.610936  0.920474
8 21  0.555265  0.693373
8 22  0.615063  0.980207
8 23  0.612430  1.037139
8 24  0.614460  0.844020
8 25  0.602093  1.103241
8 26  0.618157  0.918299
9 10  0.554410  0.669430
9 11  0.584234  0.808219
9 12  0.574214  0.753888
9 13  0.564114  0.775807
9 14  0.570652  0.787378
9 15  0.579754  0.781329
9 16  0.589811  0.823308
9 17  0.561344  0.662087
9 18  0.282998  0.382633
9 19  0.514667  0.575762
9 20  0.609625  0.928588
9 21  0.553211  0.702685
9 22  0.613673  0.988407
9 23  0.610263  1.045225
9 24  0.612031  0.852235
9 25  0.600533  1.111357
9 26  0.616685  0.926495
10 11  0.580391  0.847149
10 12  0.570374  0.797380
10 13  0.556071  0.804422
10 14  0.561261  0.828201
10 15  0.575841  0.823668
10 16  0.585745  0.865602
10 17  0.276830  0.455524
10 18  0.561187  0.686339
10 19  0.559146  0.662361
10 20  0.605273  0.970822
10 21  0.558573  0.750055
10 22  0.609497  1.030520
10 23  0.607169  1.086612
10 24  0.575967  0.864352
10 25  0.596803  1.153244
10 26  0.612636  0.968681
11 12  0.551696  0.901897
11 13  0.585632  0.936038
11 14  0.591959  0.964544
11 15  0.557080  0.922879
11 16  0.301667  0.770777
11 17  0.584230  0.841535
11 18  0.587960  0.823679
11 19  0.588159  0.799806
11 20  0.630678  1.104495
11 21  0.612659  0.911103
11 22  0.610567  1.158360
11 23  0.632454  1.217231
11 24  0.635593  1.029649
11 25  0.615815  1.273393
11 26  0.633853  1.096325
12 13  0.575777  0.893802
12 14  0.582499  0.911516
12 15  0.292613  0.677032
12 16  0.557543  0.912928
12 17  0.574284  0.788303
12 18  0.577895  0.770417
12 19  0.578140  0.746532
12 20  0.621024  1.051849
12 21  0.602541  0.857931
12 22  0.617467  1.097408
12 23  0.621675  1.167905
12 24  0.625410  0.976673
12 25  0.606204  1.224808
12 26  0.614951  1.047088
13 14  0.277990  0.715696
13 15  0.581575  0.925979
13 16  0.591029  0.967777
13 17  0.558997  0.807383
13 18  0.567890  0.790728
13 19  0.567374  0.767364
13 20  0.595406  1.070909
13 21  0.592222  0.876367
13 22  0.613885  1.131784
13 23  0.609162  1.172213
13 24  0.589892  0.971646
13 25  0.597855  1.248526
13 26  0.617884  1.070461
14 15  0.587751  0.931145
14 16  0.597591  0.961028
14 17  0.566448  0.809444
14 18  0.574324  0.802907
14 19  0.574566  0.777820
14 20  0.592346  1.011178
14 21  0.597692  0.887805
14 22  0.619695  1.110505
14 23  0.616236  1.198040
14 24  0.596470  0.986205
14 25  0.606095  1.250294
14 26  0.622479  1.062347
15 16  0.560730  0.941163
15 17  0.579936  0.814556
15 18  0.583529  0.794661
15 19  0.583722  0.772023
15 20  0.624160  1.056071
15 21  0.608299  0.881736
15 22  0.625239  1.132345
15 23  0.625834  1.162129
15 24  0.630811  0.986893
15 25  0.613336  1.246918
15 26  0.608756  1.005332
16 17  0.589951  0.854270
16 18  0.593551  0.838510
16 19  0.593740  0.814329
16 20  0.634308  1.085734
16 21  0.618335  0.925744
16 22  0.612638  1.089676
16 23  0.636825  1.231472
16 24  0.640986  1.039612
16 25  0.625106  1.283909
16 26  0.636168  1.093923
17 18  0.560877  0.674709
17 19  0.559484  0.647883
17 20  0.609618  0.957092
17 21  0.568397  0.744107
17 22  0.613778  1.015781
17 23  0.609646  1.073473
17 24  0.585720  0.871399
17 25  0.600695  1.134207
17 26  0.616858  0.959473
18 19  0.522678  0.597390
18 20  0.613298  0.943330
18 21  0.565752  0.718668
18 22  0.617381  1.003648
18 23  0.614444  1.049970
18 24  0.611397  0.851756
18 25  0.604497  1.121461
18 26  0.620417  0.938731
19 20  0.613514  0.918695
19 21  0.566957  0.706648
19 22  0.617585  0.979515
19 23  0.614975  1.035158
19 24  0.612990  0.837275
19 25  0.604697  1.102830
19 26  0.620632  0.916485
20 21  0.638011  1.030764
20 22  0.651265  1.226776
20 23  0.618640  1.314504
20 24  0.657121  1.128974
20 25  0.634164  1.389466
20 26  0.646574  1.157014
21 22  0.642176  1.088150
21 23  0.637658  1.120318
21 24  0.627297  0.931011
21 25  0.629092  1.191701
21 26  0.645186  1.026268
22 23  0.656160  1.391201
22 24  0.664236  1.205161
22 25  0.629823  1.378461
22 26  0.626909  1.254860
23 24  0.646978  1.184801
23 25  0.628399  1.408616
23 26  0.655767  1.279681
24 25  0.650969  1.312623
24 26  0.666619  1.117358
25 26  0.635666  1.384145
