  -1146.54408563
  -1146.90554652    -1146.77955969
0.00011326452735
2 2 2 2 2 2 2 2 2 2 2 2 2 2 2 0 0 0 0 0 0 0 0 0 0 0 0 0 0 0 
1  0.266379  0.465981
2  0.296408  0.605500
3  0.302020  0.717962
4  0.293431  0.360477
5  0.299214  0.652895
6  0.284157  0.413180
7  0.293157  0.347163
8  0.304594  0.674340
9  0.284044  0.388880
10  0.268937  0.281990
11  0.307249  0.841067
12  0.316072  0.502722
13  0.268519  0.289752
14  0.267249  0.277411
15  0.271464  0.298537
16  0.273954  0.478064
17  0.306391  0.809365
18  0.317505  0.519405
19  0.307082  0.658020
20  0.296401  0.369929
21  0.299493  0.623666
22  0.270988  0.281319
23  0.270756  0.296185
24  0.286018  0.378685
25  0.269217  0.277898
26  0.304484  0.733479
27  0.295289  0.365433
28  0.302466  0.642757
29  0.273110  0.300373
30  0.286589  0.426938
1 2  0.561860  1.057681
1 3  0.565701  1.178136
1 4  0.559755  0.818124
1 5  0.564368  1.080712
1 6  0.547548  0.872736
1 7  0.559505  0.811369
1 8  0.551558  1.057517
1 9  0.545381  0.837031
1 10  0.535310  0.747152
1 11  0.570654  1.277349
1 12  0.563730  0.943078
1 13  0.534896  0.755593
1 14  0.533627  0.743014
1 15  0.537831  0.762146
1 16  0.247902  0.731190
1 17  0.566793  1.265325
1 18  0.561662  0.963030
1 19  0.557453  1.121032
1 20  0.562435  0.835687
1 21  0.565684  1.086935
1 22  0.537323  0.747283
1 23  0.537113  0.762107
1 24  0.548262  0.842290
1 25  0.535576  0.743852
1 26  0.567383  1.177927
1 27  0.561662  0.831206
1 28  0.567492  1.105749
1 29  0.539324  0.766304
1 30  0.551952  0.886221
2 3  0.591312  1.249516
2 4  0.588764  0.961110
2 5  0.559954  1.229499
2 6  0.580463  1.013182
2 7  0.581096  0.922439
2 8  0.592344  1.229135
2 9  0.580439  0.993689
2 10  0.565268  0.887072
2 11  0.586160  1.415929
2 12  0.611752  1.080491
2 13  0.563409  0.890129
2 14  0.563057  0.882153
2 15  0.567765  0.903780
2 16  0.570174  1.080982
2 17  0.577923  1.358310
2 18  0.613697  1.122755
2 19  0.601879  1.258427
2 20  0.591336  0.970811
2 21  0.338550  1.098191
2 22  0.567350  0.886477
2 23  0.565522  0.900779
2 24  0.582278  0.983640
2 25  0.565337  0.883181
2 26  0.598292  1.331137
2 27  0.583810  0.968500
2 28  0.559475  1.192174
2 29  0.569476  0.904811
2 30  0.582685  1.031446
3 4  0.595256  1.076906
3 5  0.596770  1.355531
3 6  0.583565  1.101620
3 7  0.594671  1.050361
3 8  0.570560  1.360771
3 9  0.584756  1.098198
3 10  0.570945  0.999199
3 11  0.586935  1.466099
3 12  0.608036  1.158298
3 13  0.570444  1.003687
3 14  0.569253  0.994447
3 15  0.573466  1.015965
3 16  0.571635  1.171344
3 17  0.580075  1.477112
3 18  0.609387  1.233128
3 19  0.568965  1.312151
3 20  0.598369  1.086630
3 21  0.598809  1.333641
3 22  0.572987  0.999155
3 23  0.572466  1.013999
3 24  0.587640  1.095500
3 25  0.571178  0.995814
3 26  0.359773  1.346781
3 27  0.596571  1.082762
3 28  0.602703  1.343770
3 29  0.575099  1.018010
3 30  0.586624  1.143580
4 5  0.584232  0.975621
4 6  0.577587  0.773093
4 7  0.579545  0.700167
4 8  0.597549  1.018033
4 9  0.577475  0.747551
4 10  0.528956  0.620104
4 11  0.600034  1.187932
4 12  0.609489  0.860995
4 13  0.560840  0.648574
4 14  0.558912  0.634909
4 15  0.529325  0.626449
4 16  0.567032  0.838341
4 17  0.596679  1.166743
4 18  0.610912  0.879749
4 19  0.600113  1.018067
4 20  0.351370  0.535116
4 21  0.591769  0.979945
4 22  0.521194  0.607801
4 23  0.563984  0.656025
4 24  0.579417  0.739088
4 25  0.560663  0.636549
4 26  0.597886  1.092853
4 27  0.578578  0.716016
4 28  0.586609  1.000723
4 29  0.521876  0.626714
4 30  0.579995  0.787318
5 6  0.583342  1.062828
5 7  0.591607  0.997615
5 8  0.596414  1.245763
5 9  0.583226  1.033373
5 10  0.567227  0.931104
5 11  0.584575  1.409333
5 12  0.614914  1.144520
5 13  0.567465  0.940730
5 14  0.566359  0.928498
5 15  0.568745  0.940582
5 16  0.571883  1.127727
5 17  0.577753  1.417257
5 18  0.616566  1.170265
5 19  0.603692  1.303991
5 20  0.585896  1.019989
5 21  0.558797  1.215353
5 22  0.569892  0.934002
5 23  0.569929  0.948055
5 24  0.585139  1.030781
5 25  0.568386  0.930465
5 26  0.601965  1.368409
5 27  0.592281  1.012443
5 28  0.345305  1.164274
5 29  0.570328  0.952395
5 30  0.585725  1.078467
6 7  0.577308  0.758919
6 8  0.588506  1.083977
6 9  0.520291  0.759644
6 10  0.553094  0.694642
6 11  0.590858  1.224259
6 12  0.563106  0.885301
6 13  0.552674  0.701850
6 14  0.551405  0.690124
6 15  0.555620  0.710912
6 16  0.556827  0.885665
6 17  0.590317  1.220345
6 18  0.555833  0.886908
6 19  0.591026  1.068759
6 20  0.580497  0.783025
6 21  0.583254  1.035944
6 22  0.555145  0.694495
6 23  0.554877  0.709342
6 24  0.516915  0.752447
6 25  0.553369  0.691073
6 26  0.586843  1.145313
6 27  0.579297  0.778530
6 28  0.586446  1.054847
6 29  0.557264  0.713537
6 30  0.292422  0.626816
7 8  0.597320  1.014338
7 9  0.577199  0.735874
7 10  0.560695  0.627336
7 11  0.599476  1.181917
7 12  0.609193  0.844582
7 13  0.526110  0.606756
7 14  0.525661  0.600004
7 15  0.563872  0.644990
7 16  0.567110  0.825070
7 17  0.596303  1.153352
7 18  0.610499  0.866427
7 19  0.600149  1.004834
7 20  0.579944  0.707803
7 21  0.583908  0.968385
7 22  0.562550  0.626931
7 23  0.519567  0.608825
7 24  0.579126  0.725802
7 25  0.517950  0.589459
7 26  0.596893  1.080173
7 27  0.351092  0.516157
7 28  0.594022  0.985997
7 29  0.566049  0.646871
7 30  0.579622  0.774022
8 9  0.588373  1.051820
8 10  0.573509  0.955334
8 11  0.591924  1.467919
8 12  0.618316  1.152105
8 13  0.573081  0.963995
8 14  0.571830  0.951326
8 15  0.575974  0.969296
8 16  0.562746  1.148722
8 17  0.584475  1.423433
8 18  0.619269  1.187150
8 19  0.362001  1.218925
8 20  0.600642  1.043712
8 21  0.602434  1.292046
8 22  0.575519  0.955590
8 23  0.575228  0.970232
8 24  0.590278  1.051844
8 25  0.573763  0.952091
8 26  0.570031  1.346431
8 27  0.599802  1.039248
8 28  0.604516  1.309762
8 29  0.577458  0.974527
8 30  0.591013  1.097671
9 10  0.552980  0.670289
9 11  0.590949  1.205368
9 12  0.563895  0.875024
9 13  0.552561  0.678043
9 14  0.551291  0.665920
9 15  0.555506  0.686297
9 16  0.553493  0.864732
9 17  0.590358  1.196599
9 18  0.557028  0.864671
9 19  0.590651  1.045909
9 20  0.580368  0.758738
9 21  0.583331  1.011918
9 22  0.555030  0.670194
9 23  0.554791  0.685053
9 24  0.290854  0.540424
9 25  0.553261  0.666776
9 26  0.588200  1.120524
9 27  0.579262  0.754258
9 28  0.586280  1.030865
9 29  0.557139  0.689235
9 30  0.516659  0.772113
10 11  0.576027  1.117623
10 12  0.585008  0.784698
10 13  0.537267  0.571325
10 14  0.535736  0.559044
10 15  0.491873  0.534807
10 16  0.542820  0.760037
10 17  0.575306  1.091300
10 18  0.586401  0.801376
10 19  0.575921  0.939935
10 20  0.522528  0.618363
10 21  0.568376  0.905345
10 22  0.266277  0.298134
10 23  0.539542  0.578022
10 24  0.554955  0.660670
10 25  0.537130  0.558908
10 26  0.573374  1.015334
10 27  0.562606  0.645837
10 28  0.571075  0.924509
10 29  0.489048  0.535673
10 30  0.555524  0.708923
11 12  0.622544  1.334464
11 13  0.575384  1.122785
11 14  0.574369  1.114559
11 15  0.578424  1.129555
11 16  0.575541  1.308200
11 17  0.416411  1.596402
11 18  0.621058  1.349611
11 19  0.588987  1.440940
11 20  0.600637  1.207085
11 21  0.583120  1.409839
11 22  0.578208  1.122312
11 23  0.577601  1.136866
11 24  0.593224  1.218257
11 25  0.576445  1.118917
11 26  0.582253  1.519390
11 27  0.599599  1.202536
11 28  0.580469  1.432267
11 29  0.579915  1.141070
11 30  0.593559  1.265509
12 13  0.584585  0.791693
12 14  0.583320  0.780041
12 15  0.587534  0.801181
12 16  0.567617  0.957748
12 17  0.618672  1.302094
12 18  0.392236  0.881119
12 19  0.620812  1.155632
12 20  0.612462  0.872501
12 21  0.615312  1.124325
12 22  0.587044  0.784021
12 23  0.586735  0.798869
12 24  0.555646  0.834718
12 25  0.585260  0.780606
12 26  0.610369  1.232193
12 27  0.611218  0.867984
12 28  0.618432  1.143779
12 29  0.589145  0.803050
12 30  0.556697  0.886502
13 14  0.490126  0.524825
13 15  0.539915  0.587535
13 16  0.542396  0.767772
13 17  0.574541  1.098867
13 18  0.585885  0.809118
13 19  0.575394  0.947533
13 20  0.564630  0.659083
13 21  0.566352  0.912503
13 22  0.539320  0.570889
13 23  0.267530  0.330944
13 24  0.554531  0.668426
13 25  0.487679  0.523356
13 26  0.572614  1.023083
13 27  0.518899  0.620261
13 28  0.570960  0.931903
13 29  0.541523  0.590007
13 30  0.555072  0.716665
14 15  0.538505  0.575397
14 16  0.541147  0.755454
14 17  0.573621  1.086741
14 18  0.584703  0.796801
14 19  0.574244  0.935303
14 20  0.561614  0.645565
14 21  0.566475  0.900813
14 22  0.537172  0.557736
14 23  0.486636  0.528090
14 24  0.553266  0.656092
14 25  0.262679  0.289126
14 26  0.571658  1.010842
14 27  0.520035  0.609387
14 28  0.569653  0.919954
14 29  0.540239  0.577654
14 30  0.553832  0.704343
15 16  0.545194  0.776550
15 17  0.577402  1.107611
15 18  0.588893  0.817904
15 19  0.578204  0.956374
15 20  0.523361  0.634549
15 21  0.570916  0.921312
15 22  0.489357  0.533207
15 23  0.542117  0.594592
15 24  0.557478  0.677203
15 25  0.540554  0.576300
15 26  0.575860  1.031713
15 27  0.566533  0.663359
15 28  0.572000  0.940386
15 29  0.270451  0.342923
15 30  0.558052  0.725457
16 17  0.577129  1.259668
16 18  0.570202  0.970291
16 19  0.559451  1.052017
16 20  0.570260  0.838689
16 21  0.572342  1.088181
16 22  0.544934  0.758475
16 23  0.544709  0.774211
16 24  0.554716  0.843155
16 25  0.543171  0.755879
16 26  0.575553  1.204315
16 27  0.569199  0.841445
16 28  0.574908  1.081726
16 29  0.547049  0.775770
16 30  0.556594  0.900339
17 18  0.622944  1.316075
17 19  0.593812  1.425425
17 20  0.601929  1.166471
17 21  0.588209  1.394066
17 22  0.577212  1.086950
17 23  0.576741  1.097357
17 24  0.592044  1.167268
17 25  0.575435  1.083975
17 26  0.590060  1.450699
17 27  0.600565  1.165124
17 28  0.588140  1.382748
17 29  0.579177  1.101228
17 30  0.592391  1.207082
18 19  0.622309  1.152576
18 20  0.613884  0.886789
18 21  0.616179  1.110036
18 22  0.588491  0.800708
18 23  0.588253  0.813964
18 24  0.567979  0.883559
18 25  0.586720  0.796909
18 26  0.611320  1.177999
18 27  0.612741  0.877308
18 28  0.619474  1.149857
18 29  0.590612  0.819641
18 30  0.567087  0.907084
19 20  0.602911  1.009599
19 21  0.597042  1.233189
19 22  0.578043  0.938078
19 23  0.577789  0.953896
19 24  0.592842  1.030816
19 25  0.576286  0.935856
19 26  0.573495  1.355058
19 27  0.601828  1.015344
19 28  0.601812  1.218840
19 29  0.580108  0.954210
19 30  0.593357  1.082841
20 21  0.594867  0.988166
20 22  0.534048  0.629048
20 23  0.565651  0.664560
20 24  0.582418  0.747608
20 25  0.563626  0.645377
20 26  0.600593  1.100973
20 27  0.583104  0.726225
20 28  0.589010  0.971069
20 29  0.534347  0.637895
20 30  0.582988  0.796647
21 22  0.570389  0.904809
21 23  0.568315  0.911205
21 24  0.585486  1.000725
21 25  0.567772  0.899481
21 26  0.596596  1.268812
21 27  0.584943  0.950108
21 28  0.564333  1.235007
21 29  0.572452  0.923771
21 30  0.585952  1.040583
22 23  0.541476  0.577180
22 24  0.557006  0.659673
22 25  0.539706  0.558833
22 26  0.575459  1.014599
22 27  0.564602  0.645019
22 28  0.572207  0.919971
22 29  0.495011  0.535497
22 30  0.557577  0.708024
23 24  0.556773  0.674266
23 25  0.493435  0.530876
23 26  0.575141  1.023828
23 27  0.530639  0.630317
23 28  0.572935  0.938102
23 29  0.543797  0.596160
23 30  0.557343  0.721708
24 25  0.555234  0.656319
24 26  0.588545  1.100436
24 27  0.581304  0.743556
24 28  0.588459  1.017153
24 29  0.559128  0.678339
24 30  0.524047  0.763559
25 26  0.573668  1.009787
25 27  0.530471  0.620674
25 28  0.571574  0.920023
25 29  0.542058  0.577867
25 30  0.555805  0.704321
26 27  0.599141  1.078616
26 28  0.601251  1.357905
26 29  0.577572  1.033651
26 30  0.588011  1.122147
27 28  0.597010  1.004892
27 29  0.567265  0.664834
27 30  0.581867  0.789545
28 29  0.573416  0.931571
28 30  0.589013  1.068092
29 30  0.559699  0.726869
