  -1146.54408563
  -1146.90729395    -1146.78285569
0.00008133399918
2 2 2 2 2 2 2 2 2 2 2 2 2 2 2 0 0 0 0 0 0 0 0 0 0 0 0 0 0 0 
1  0.269275  0.467450
2  0.300031  0.611622
3  0.305685  0.716366
4  0.299084  0.371597
5  0.303121  0.660022
6  0.284784  0.414336
7  0.298346  0.358051
8  0.308301  0.671665
9  0.284740  0.389158
10  0.273625  0.289760
11  0.310755  0.838823
12  0.317586  0.500858
13  0.273227  0.299342
14  0.271867  0.285355
15  0.276874  0.308483
16  0.277103  0.480801
17  0.309967  0.804730
18  0.318906  0.518762
19  0.310793  0.657012
20  0.301842  0.381424
21  0.303070  0.629520
22  0.275627  0.288291
23  0.275833  0.305982
24  0.286742  0.378752
25  0.273803  0.284815
26  0.308405  0.732085
27  0.300477  0.376765
28  0.306347  0.649736
29  0.278448  0.310078
30  0.287225  0.427488
1 2  0.568317  1.065385
1 3  0.572218  1.178313
1 4  0.568291  0.830271
1 5  0.571030  1.088896
1 6  0.551026  0.875168
1 7  0.567589  0.823670
1 8  0.557359  1.056657
1 9  0.548943  0.838910
1 10  0.542892  0.756331
1 11  0.576964  1.276880
1 12  0.568067  0.943293
1 13  0.542501  0.766607
1 14  0.541142  0.752313
1 15  0.546135  0.773262
1 16  0.252596  0.733707
1 17  0.573140  1.262492
1 18  0.565986  0.964308
1 19  0.563628  1.121328
1 20  0.570747  0.848632
1 21  0.572145  1.094173
1 22  0.544854  0.755722
1 23  0.545079  0.773356
1 24  0.551838  0.843839
1 25  0.543051  0.752234
1 26  0.574200  1.178844
1 27  0.569747  0.843986
1 28  0.574224  1.114275
1 29  0.547542  0.777470
1 30  0.555472  0.888515
2 3  0.598322  1.253403
2 4  0.598018  0.978155
2 5  0.567523  1.243271
2 6  0.584698  1.020196
2 7  0.589591  0.937374
2 8  0.599077  1.232202
2 9  0.584751  1.000065
2 10  0.573581  0.900768
2 11  0.593169  1.419069
2 12  0.616853  1.084280
2 13  0.571602  0.904975
2 14  0.571224  0.896111
2 15  0.576791  0.919763
2 16  0.576935  1.089730
2 17  0.585053  1.361132
2 18  0.618687  1.128277
2 19  0.609055  1.263681
2 20  0.600400  0.988318
2 21  0.345299  1.111069
2 22  0.575604  0.899531
2 23  0.574195  0.916713
2 24  0.586608  0.989834
2 25  0.573509  0.896177
2 26  0.605685  1.336038
2 27  0.592546  0.986040
2 28  0.567216  1.205953
2 29  0.578429  0.920475
2 30  0.586910  1.038129
3 4  0.604554  1.086281
3 5  0.604006  1.360940
3 6  0.587854  1.101051
3 7  0.603480  1.058711
3 8  0.577830  1.357398
3 9  0.589061  1.096685
3 10  0.579297  1.005102
3 11  0.593754  1.462884
3 12  0.612909  1.155002
3 13  0.578801  1.010992
3 14  0.577531  1.000669
3 15  0.582539  1.024144
3 16  0.578437  1.173549
3 17  0.586974  1.472275
3 18  0.614343  1.230994
3 19  0.576337  1.312243
3 20  0.607476  1.096457
3 21  0.605940  1.338082
3 22  0.581288  1.004506
3 23  0.581179  1.022175
3 24  0.591996  1.093960
3 25  0.579425  1.001128
3 26  0.366437  1.342900
3 27  0.605415  1.092456
3 28  0.610144  1.349027
3 29  0.584095  1.026032
3 30  0.590881  1.142649
4 5  0.593483  0.991546
4 6  0.583868  0.785318
4 7  0.590126  0.721885
4 8  0.606882  1.025745
4 9  0.583823  0.758818
4 10  0.538689  0.639190
4 11  0.609178  1.196321
4 12  0.616656  0.870099
4 13  0.571171  0.669132
4 14  0.569086  0.653524
4 15  0.539190  0.646371
4 16  0.575814  0.852183
4 17  0.605886  1.173142
4 18  0.617971  0.890210
4 19  0.609478  1.028157
4 20  0.361142  0.558773
4 21  0.600967  0.996812
4 22  0.530564  0.625388
4 23  0.574683  0.676839
4 24  0.585787  0.750277
4 25  0.570821  0.654527
4 26  0.607457  1.102503
4 27  0.589348  0.738412
4 28  0.596035  1.018970
4 29  0.531338  0.646904
4 30  0.586282  0.798979
5 6  0.587877  1.070945
5 7  0.600679  1.015598
5 8  0.603734  1.250667
5 9  0.587825  1.040460
5 10  0.575740  0.945617
5 11  0.591620  1.413237
5 12  0.620302  1.149756
5 13  0.576060  0.957062
5 14  0.574880  0.943058
5 15  0.577937  0.956269
5 16  0.578822  1.137686
5 17  0.585059  1.420639
5 18  0.621869  1.176737
5 19  0.611215  1.310300
5 20  0.595127  1.038779
5 21  0.566506  1.229266
5 22  0.578427  0.948087
5 23  0.578910  0.964828
5 24  0.589745  1.037983
5 25  0.576872  0.944509
5 26  0.609685  1.374040
5 27  0.601403  1.030758
5 28  0.352500  1.179935
5 29  0.579600  0.969300
5 30  0.590261  1.086094
6 7  0.583121  0.770816
6 8  0.592809  1.082460
6 9  0.521725  0.760852
6 10  0.558408  0.703430
6 11  0.594971  1.222664
6 12  0.565265  0.884473
6 13  0.558009  0.712360
6 14  0.556650  0.699121
6 15  0.561658  0.721830
6 16  0.560575  0.889796
6 17  0.594491  1.216955
6 18  0.557920  0.888405
6 19  0.595349  1.068884
6 20  0.586548  0.795663
6 21  0.587416  1.042935
6 22  0.560411  0.702620
6 23  0.560578  0.720289
6 24  0.518416  0.754277
6 25  0.558583  0.699144
6 26  0.591351  1.145116
6 27  0.585096  0.791010
6 28  0.590932  1.062927
6 29  0.563227  0.724393
6 30  0.293701  0.627021
7 8  0.606165  1.022169
7 9  0.583083  0.747014
7 10  0.570495  0.645717
7 11  0.608101  1.190046
7 12  0.615893  0.853212
7 13  0.534937  0.626188
7 14  0.534799  0.618925
7 15  0.574430  0.665762
7 16  0.575447  0.838678
7 17  0.605089  1.159509
7 18  0.617081  0.876658
7 19  0.609032  1.014689
7 20  0.590517  0.730137
7 21  0.592536  0.985246
7 22  0.572338  0.644782
7 23  0.528470  0.628470
7 24  0.585029  0.736758
7 25  0.526540  0.606321
7 26  0.605958  1.089629
7 27  0.360792  0.539904
7 28  0.603110  1.003746
7 29  0.576554  0.667348
7 30  0.585432  0.785455
8 9  0.592767  1.049710
8 10  0.581896  0.960419
8 11  0.599067  1.464435
8 12  0.623509  1.148245
8 13  0.581487  0.970870
8 14  0.580155  0.956458
8 15  0.585081  0.976222
8 16  0.569105  1.148719
8 17  0.591716  1.417781
8 18  0.624364  1.184136
8 19  0.368743  1.214240
8 20  0.609793  1.052506
8 21  0.609572  1.295357
8 22  0.583857  0.959877
8 23  0.584008  0.977280
8 24  0.594688  1.049245
8 25  0.582059  0.956308
8 26  0.577701  1.344865
8 27  0.608686  1.047881
8 28  0.611999  1.314246
8 29  0.586501  0.981533
8 30  0.595332  1.095566
9 10  0.558363  0.678228
9 11  0.595121  1.203230
9 12  0.566235  0.873422
9 13  0.557965  0.687784
9 14  0.556605  0.674053
9 15  0.561613  0.696315
9 16  0.557312  0.867774
9 17  0.594631  1.192332
9 18  0.559192  0.865171
9 19  0.595048  1.045195
9 20  0.586487  0.770508
9 21  0.587600  1.018039
9 22  0.560365  0.677442
9 23  0.560565  0.695125
9 24  0.292059  0.539312
9 25  0.558543  0.673969
9 26  0.592787  1.119386
9 27  0.585140  0.765863
9 28  0.590826  1.038123
9 29  0.563169  0.699215
9 30  0.518150  0.773704
10 11  0.584198  1.122198
10 12  0.591209  0.790587
10 13  0.546654  0.588601
10 14  0.545036  0.574763
10 15  0.501334  0.552295
10 16  0.550640  0.770541
10 17  0.583566  1.094421
10 18  0.592479  0.808498
10 19  0.584287  0.946680
10 20  0.531597  0.636870
10 21  0.576631  0.918955
10 22  0.273330  0.311905
10 23  0.549301  0.595602
10 24  0.560366  0.668506
10 25  0.546440  0.573654
10 26  0.581961  1.021685
10 27  0.572464  0.664979
10 28  0.579617  0.939199
10 29  0.498362  0.553218
10 30  0.560847  0.717240
11 12  0.627529  1.330443
11 13  0.583554  1.128769
11 14  0.582483  1.119496
11 15  0.587308  1.135705
11 16  0.582122  1.308704
11 17  0.423142  1.590025
11 18  0.625906  1.346723
11 19  0.596171  1.439243
11 20  0.609549  1.216217
11 21  0.590096  1.414845
11 22  0.586353  1.127025
11 23  0.586172  1.144402
11 24  0.597447  1.216167
11 25  0.584532  1.123578
11 26  0.589354  1.517440
11 27  0.608319  1.211517
11 28  0.587674  1.437849
11 29  0.588777  1.148486
11 30  0.597651  1.263920
12 13  0.590806  0.799268
12 14  0.589452  0.786114
12 15  0.594458  0.809263
12 16  0.572303  0.959174
12 17  0.623703  1.295726
12 18  0.395004  0.877491
12 19  0.625990  1.152997
12 20  0.619420  0.882123
12 21  0.620366  1.128409
12 22  0.593193  0.789126
12 23  0.593314  0.806797
12 24  0.557978  0.833939
12 25  0.591356  0.785657
12 26  0.615606  1.229002
12 27  0.617908  0.877440
12 28  0.623824  1.148941
12 29  0.595995  0.810883
12 30  0.558877  0.886091
13 14  0.498524  0.541960
13 15  0.550025  0.606860
13 16  0.550248  0.780078
13 17  0.582819  1.103800
13 18  0.591989  0.818057
13 19  0.583800  0.956045
13 20  0.574755  0.680091
13 21  0.574623  0.927928
13 22  0.548660  0.587464
13 23  0.276024  0.351628
13 24  0.559961  0.678079
13 25  0.495916  0.539734
13 26  0.581219  1.031248
13 27  0.527590  0.640202
13 28  0.579541  0.948357
13 29  0.551559  0.609320
13 30  0.560412  0.726797
14 15  0.548548  0.593201
14 16  0.548908  0.766128
14 17  0.581813  1.090037
14 18  0.590720  0.804099
14 19  0.582567  0.942210
14 20  0.571687  0.665039
14 21  0.574642  0.914543
14 22  0.546458  0.572688
14 23  0.494966  0.545354
14 24  0.558609  0.664102
14 25  0.270718  0.303667
14 26  0.580186  1.017378
14 27  0.528547  0.627731
14 28  0.578148  0.934876
14 29  0.550198  0.595325
14 30  0.559085  0.712834
15 16  0.553735  0.789223
15 17  0.586401  1.112894
15 18  0.595699  0.827196
15 19  0.587294  0.965283
15 20  0.532926  0.655378
15 21  0.579892  0.936984
15 22  0.498642  0.550307
15 23  0.552596  0.614360
15 24  0.563612  0.687214
15 25  0.550558  0.593188
15 26  0.585180  1.040185
15 27  0.577098  0.684501
15 28  0.581292  0.957342
15 29  0.278679  0.362943
15 30  0.564099  0.735948
16 17  0.583700  1.258251
16 18  0.574667  0.972394
16 19  0.565318  1.053227
16 20  0.578840  0.852260
16 21  0.578968  1.096361
16 22  0.552722  0.768127
16 23  0.552933  0.786733
16 24  0.558612  0.846053
16 25  0.550906  0.765506
16 26  0.582531  1.205816
16 27  0.577529  0.855260
16 28  0.581832  1.090684
16 29  0.555534  0.787863
16 30  0.560327  0.903593
17 18  0.627869  1.311145
17 19  0.600978  1.421187
17 20  0.610915  1.172969
17 21  0.595219  1.395288
17 22  0.585410  1.088686
17 23  0.585343  1.101511
17 24  0.596326  1.162759
17 25  0.583590  1.085870
17 26  0.597231  1.446285
17 27  0.609281  1.171568
17 28  0.595283  1.384987
17 29  0.588069  1.105186
17 30  0.596590  1.202969
18 19  0.627423  1.151029
18 20  0.620726  0.897289
18 21  0.621111  1.114497
18 22  0.594532  0.807039
18 23  0.594729  0.822866
18 24  0.570216  0.882921
18 25  0.592706  0.803180
18 26  0.616332  1.175832
18 27  0.619324  0.887418
18 28  0.624724  1.155669
18 29  0.597351  0.828674
18 30  0.569170  0.906944
19 20  0.612001  1.019107
19 21  0.603876  1.237056
19 22  0.586386  0.943996
19 23  0.586570  0.962613
19 24  0.597297  1.029976
19 25  0.584581  0.941733
19 26  0.580913  1.353077
19 27  0.610669  1.024958
19 28  0.609057  1.224823
19 29  0.589141  0.962438
19 30  0.597669  1.082386
20 21  0.603880  1.005161
20 22  0.543553  0.647736
20 23  0.576145  0.685823
20 24  0.588584  0.759105
20 25  0.573570  0.663528
20 26  0.609923  1.110723
20 27  0.593481  0.748564
20 28  0.598017  0.987091
20 29  0.543912  0.657677
20 30  0.589066  0.808692
21 22  0.578616  0.917584
21 23  0.576835  0.925702
21 24  0.589782  1.006659
21 25  0.575863  0.912112
21 26  0.603747  1.272749
21 27  0.593367  0.965115
21 28  0.571858  1.247721
21 29  0.581354  0.939273
21 30  0.590157  1.046667
22 23  0.551179  0.593914
22 24  0.562369  0.666654
22 25  0.548920  0.572737
22 26  0.584019  1.020089
22 27  0.574328  0.663114
22 28  0.580593  0.933465
22 29  0.504521  0.552138
22 30  0.562853  0.715485
23 24  0.562574  0.684053
23 25  0.502211  0.547245
23 26  0.584120  1.031491
23 27  0.539710  0.649975
23 28  0.581868  0.954730
23 29  0.554206  0.615590
23 30  0.563056  0.731828
24 25  0.560544  0.663275
24 26  0.593046  1.098978
24 27  0.587215  0.754947
24 28  0.593065  1.024062
24 29  0.565189  0.687997
24 30  0.525541  0.764062
25 26  0.582171  1.015271
25 27  0.539577  0.638990
25 28  0.580032  0.933740
25 29  0.551990  0.594465
25 30  0.561028  0.711742
26 27  0.608195  1.087521
26 28  0.608704  1.363003
26 29  0.586826  1.041908
26 30  0.592490  1.121249
27 28  0.606066  1.022996
27 29  0.577746  0.685837
27 30  0.587691  0.801224
28 29  0.582415  0.946712
28 30  0.593530  1.075625
29 30  0.565673  0.737056
