  -1146.54408563
  -1146.90967920    -1146.78730375
0.00002998234464
2 2 2 2 2 2 2 2 2 2 2 2 2 2 2 0 0 0 0 0 0 0 0 0 0 0 0 0 0 0 
1  0.272417  0.468635
2  0.304749  0.619663
3  0.310812  0.711392
4  0.307808  0.391777
5  0.308719  0.668627
6  0.285673  0.415332
7  0.306397  0.375887
8  0.313076  0.666605
9  0.285717  0.389525
10  0.279497  0.302593
11  0.315336  0.831221
12  0.319787  0.499645
13  0.279856  0.314884
14  0.279903  0.299889
15  0.282497  0.325026
16  0.280357  0.482070
17  0.314212  0.797709
18  0.321216  0.517078
19  0.315450  0.652191
20  0.309792  0.400205
21  0.307823  0.637333
22  0.281986  0.300557
23  0.282598  0.322178
24  0.287780  0.379616
25  0.281950  0.298538
26  0.313619  0.726921
27  0.308186  0.394496
28  0.311953  0.658030
29  0.284613  0.327202
30  0.288187  0.428258
1 2  0.576047  1.074565
1 3  0.580453  1.174822
1 4  0.580138  0.850721
1 5  0.579610  1.098553
1 6  0.555053  0.877314
1 7  0.578779  0.842471
1 8  0.564506  1.053291
1 9  0.553034  0.840616
1 10  0.551897  0.770233
1 11  0.584578  1.271422
1 12  0.573234  0.943440
1 13  0.552271  0.783263
1 14  0.552319  0.767815
1 15  0.554887  0.790364
1 16  0.257834  0.734149
1 17  0.580464  1.256892
1 18  0.571297  0.964455
1 19  0.571066  1.117549
1 20  0.581785  0.868559
1 21  0.580014  1.103094
1 22  0.554337  0.769167
1 23  0.554980  0.790693
1 24  0.555948  0.845915
1 25  0.554339  0.767130
1 26  0.582559  1.176139
1 27  0.580596  0.862846
1 28  0.582824  1.123896
1 29  0.556802  0.795759
1 30  0.559563  0.890800
2 3  0.607693  1.256130
2 4  0.611431  1.005835
2 5  0.577937  1.260461
2 6  0.590309  1.028875
2 7  0.601918  0.960052
2 8  0.607925  1.234917
2 9  0.590438  1.008458
2 10  0.584170  0.921175
2 11  0.602276  1.418796
2 12  0.623727  1.090581
2 13  0.582742  0.927257
2 14  0.583858  0.918410
2 15  0.587101  0.944123
2 16  0.584885  1.098964
2 17  0.594071  1.364336
2 18  0.625687  1.134721
2 19  0.618275  1.267094
2 20  0.613065  1.014967
2 21  0.354476  1.128057
2 22  0.586669  0.919759
2 23  0.585507  0.940892
2 24  0.592318  0.998742
2 25  0.586327  0.917853
2 26  0.615509  1.339146
2 27  0.604905  1.011936
2 28  0.577809  1.223096
2 29  0.589299  0.945325
2 30  0.592525  1.046979
3 4  0.618355  1.101056
3 5  0.614295  1.364280
3 6  0.593843  1.097168
3 7  0.616585  1.070382
3 8  0.587449  1.348341
3 9  0.595068  1.092017
3 10  0.590293  1.012422
3 11  0.602883  1.453091
3 12  0.619903  1.149376
3 13  0.590527  1.020764
3 14  0.590679  1.010058
3 15  0.593280  1.035440
3 16  0.586844  1.171316
3 17  0.595892  1.462302
3 18  0.621621  1.224418
3 19  0.585865  1.305997
3 20  0.620545  1.110174
3 21  0.615730  1.341190
3 22  0.592758  1.011714
3 23  0.593016  1.033346
3 24  0.598121  1.089821
3 25  0.592692  1.009861
3 26  0.375596  1.331407
3 27  0.618206  1.105131
3 28  0.620747  1.352559
3 29  0.595385  1.037993
3 30  0.596898  1.138545
4 5  0.607231  1.016110
4 6  0.593480  0.806444
4 7  0.606555  0.759160
4 8  0.620320  1.039497
4 9  0.593524  0.779146
4 10  0.551374  0.671895
4 11  0.622422  1.208291
4 12  0.627577  0.888650
4 13  0.586465  0.704534
4 14  0.585679  0.687434
4 15  0.551612  0.680984
4 16  0.587707  0.873590
4 17  0.618853  1.186009
4 18  0.628995  0.908674
4 19  0.622837  1.043450
4 20  0.377382  0.602243
4 21  0.614420  1.024531
4 22  0.543391  0.656372
4 23  0.590109  0.713055
4 24  0.595523  0.771314
4 25  0.587673  0.688496
4 26  0.621387  1.117408
4 27  0.605675  0.776097
4 28  0.610149  1.047644
4 29  0.544058  0.682982
4 30  0.595954  0.819901
5 6  0.594363  1.080470
5 7  0.614315  1.041848
5 8  0.613726  1.255473
5 9  0.594401  1.049130
5 10  0.587012  0.966181
5 11  0.601292  1.414357
5 12  0.628046  1.156921
5 13  0.588265  0.980601
5 14  0.588499  0.965243
5 15  0.588853  0.978487
5 16  0.587516  1.147717
5 17  0.594712  1.423541
5 18  0.629746  1.183689
5 19  0.621380  1.314426
5 20  0.608587  1.066406
5 21  0.577081  1.246818
5 22  0.590313  0.968907
5 23  0.591263  0.989458
5 24  0.596313  1.047417
5 25  0.590602  0.966797
5 26  0.620343  1.377701
5 27  0.614735  1.057006
5 28  0.362877  1.199305
5 29  0.591200  0.995096
5 30  0.596798  1.095370
6 7  0.592060  0.789428
6 8  0.598449  1.078443
6 9  0.523554  0.762115
6 10  0.565169  0.716987
6 11  0.600435  1.215948
6 12  0.568377  0.884265
6 13  0.565525  0.728556
6 14  0.565574  0.714479
6 15  0.568170  0.739021
6 16  0.564711  0.892277
6 17  0.599597  1.211061
6 18  0.561197  0.888692
6 19  0.600873  1.065101
6 20  0.595375  0.815417
6 21  0.592963  1.051740
6 22  0.567659  0.715878
6 23  0.568221  0.737467
6 24  0.520371  0.756779
6 25  0.567616  0.713859
6 26  0.597392  1.141017
6 27  0.593669  0.809724
6 28  0.597382  1.072127
6 29  0.570280  0.742499
6 30  0.295262  0.627938
7 8  0.618919  1.034163
7 9  0.592110  0.765189
7 10  0.584166  0.675663
7 11  0.620654  1.199745
7 12  0.626140  0.869226
7 13  0.548835  0.658838
7 14  0.549037  0.650792
7 15  0.588046  0.699958
7 16  0.586751  0.857744
7 17  0.617404  1.170183
7 18  0.627424  0.892782
7 19  0.621733  1.027686
7 20  0.606415  0.766497
7 21  0.605257  1.010982
7 22  0.586605  0.674791
7 23  0.542170  0.661623
7 24  0.594105  0.755456
7 25  0.540615  0.636229
7 26  0.619188  1.102232
7 27  0.375265  0.578659
7 28  0.616753  1.029688
7 29  0.590715  0.702131
7 30  0.594413  0.804054
8 9  0.598529  1.045372
8 10  0.592528  0.968174
8 11  0.608230  1.454586
8 12  0.630461  1.142474
8 13  0.592869  0.981281
8 14  0.592964  0.965691
8 15  0.595453  0.987039
8 16  0.576715  1.144747
8 17  0.600568  1.408056
8 18  0.631403  1.177961
8 19  0.377163  1.201890
8 20  0.622487  1.066151
8 21  0.618914  1.298359
8 22  0.594957  0.967064
8 23  0.595523  0.988287
8 24  0.600469  1.045058
8 25  0.594966  0.964914
8 26  0.587556  1.338280
8 27  0.621169  1.060523
8 28  0.622279  1.317864
8 29  0.597379  0.993530
8 30  0.601055  1.091300
9 10  0.565213  0.691218
9 11  0.600660  1.196060
9 12  0.569568  0.872538
9 13  0.565570  0.703504
9 14  0.565619  0.688797
9 15  0.568213  0.712817
9 16  0.561473  0.869429
9 17  0.599842  1.185814
9 18  0.562640  0.864720
9 19  0.600649  1.040779
9 20  0.595385  0.789648
9 21  0.593275  1.026204
9 22  0.567699  0.690072
9 23  0.568308  0.711679
9 24  0.293857  0.539699
9 25  0.567667  0.688057
9 26  0.598952  1.114580
9 27  0.593819  0.783951
9 28  0.597344  1.046777
9 29  0.570300  0.716696
9 30  0.520102  0.775736
10 11  0.594595  1.125612
10 12  0.599282  0.802160
10 13  0.559121  0.616793
10 14  0.558882  0.602105
10 15  0.513266  0.582651
10 16  0.559751  0.784633
10 17  0.593676  1.100199
10 18  0.600637  0.819637
10 19  0.594778  0.954659
10 20  0.543672  0.667317
10 21  0.587246  0.939536
10 22  0.284557  0.338983
10 23  0.561940  0.624655
10 24  0.567276  0.682199
10 25  0.560497  0.600260
10 26  0.593012  1.029274
10 27  0.585946  0.695492
10 28  0.591055  0.960240
10 29  0.510281  0.584447
10 30  0.567677  0.730836
11 12  0.634296  1.322038
11 13  0.594697  1.134890
11 14  0.595072  1.125122
11 15  0.597448  1.141834
11 16  0.589839  1.302703
11 17  0.431870  1.575906
11 18  0.632612  1.337700
11 19  0.605335  1.429165
11 20  0.622004  1.227200
11 21  0.599411  1.417247
11 22  0.597287  1.131670
11 23  0.597464  1.152943
11 24  0.603062  1.209546
11 25  0.597253  1.129678
11 26  0.598647  1.506981
11 27  0.620621  1.221587
11 28  0.597594  1.440001
11 29  0.599448  1.157933
11 30  0.603166  1.257252
12 13  0.599632  0.813416
12 14  0.599686  0.799427
12 15  0.602281  0.824571
12 16  0.577638  0.959837
12 17  0.630038  1.287597
12 18  0.399014  0.873488
12 19  0.632793  1.147368
12 20  0.629566  0.899668
12 21  0.627292  1.135091
12 22  0.601737  0.800170
12 23  0.602248  0.821767
12 24  0.561320  0.834511
12 25  0.601696  0.798163
12 26  0.622871  1.222687
12 27  0.627796  0.893931
12 28  0.631623  1.156063
12 29  0.604345  0.826768
12 30  0.562076  0.886524
13 14  0.511931  0.571318
13 15  0.562265  0.638520
13 16  0.560125  0.796855
13 17  0.593673  1.112270
13 18  0.600898  0.831901
13 19  0.595048  0.966653
13 20  0.589279  0.714276
13 21  0.585888  0.951228
13 22  0.561648  0.615294
13 23  0.287102  0.384445
13 24  0.567628  0.694480
13 25  0.509200  0.568661
13 26  0.592982  1.041583
13 27  0.540999  0.672465
13 28  0.591768  0.972095
13 29  0.564345  0.641991
13 30  0.567992  0.743096
14 15  0.562188  0.624062
14 16  0.560180  0.781920
14 17  0.594084  1.097522
14 18  0.601056  0.816943
14 19  0.595224  0.951874
14 20  0.587608  0.698377
14 21  0.587395  0.936758
14 22  0.560891  0.599543
14 23  0.508353  0.575679
14 24  0.567683  0.679498
14 25  0.283991  0.331742
14 26  0.593422  1.026728
14 27  0.542362  0.658397
14 28  0.591756  0.957675
14 29  0.564393  0.626994
14 30  0.568083  0.728131
15 16  0.562557  0.807010
15 17  0.596227  1.122338
15 18  0.603608  0.842023
15 19  0.597522  0.976932
15 20  0.544908  0.689617
15 21  0.590253  0.961099
15 22  0.510426  0.580428
15 23  0.564976  0.647106
15 24  0.570267  0.704613
15 25  0.564321  0.623468
15 26  0.595996  1.051381
15 27  0.590381  0.718608
15 28  0.592341  0.982170
15 29  0.289539  0.400134
15 30  0.570684  0.753243
16 17  0.591077  1.253336
16 18  0.580058  0.972103
16 19  0.572412  1.050236
16 20  0.590021  0.871504
16 21  0.586857  1.105349
16 22  0.562327  0.781498
16 23  0.562953  0.804171
16 24  0.562898  0.848225
16 25  0.562306  0.780430
16 26  0.590950  1.202265
16 27  0.588490  0.874055
16 28  0.590553  1.100066
16 29  0.564941  0.805531
16 30  0.564526  0.905546
17 18  0.634401  1.302960
17 19  0.609733  1.411787
17 20  0.623043  1.184296
17 21  0.604086  1.395451
17 22  0.595972  1.092567
17 23  0.596282  1.108893
17 24  0.601571  1.156566
17 25  0.595962  1.091589
17 26  0.606111  1.436717
17 27  0.621152  1.181609
17 28  0.604725  1.386228
17 29  0.598411  1.112876
17 30  0.601774  1.196638
18 19  0.634345  1.145073
18 20  0.630982  0.913993
18 21  0.628092  1.119960
18 22  0.603200  0.817618
18 23  0.603800  0.836991
18 24  0.573729  0.882008
18 25  0.603159  0.815150
18 26  0.623418  1.170080
18 27  0.629334  0.902747
18 28  0.632569  1.162096
18 29  0.605826  0.844073
18 30  0.572454  0.906182
19 20  0.624548  1.032028
19 21  0.612683  1.239699
19 22  0.597383  0.951330
19 23  0.597976  0.973892
19 24  0.602997  1.026195
19 25  0.597379  0.950576
19 26  0.590431  1.344056
19 27  0.622971  1.037161
19 28  0.618937  1.229664
19 29  0.599938  0.973890
19 30  0.603280  1.078364
20 21  0.616562  1.031383
20 22  0.556046  0.678416
20 23  0.590818  0.720630
20 24  0.597571  0.778643
20 25  0.589494  0.695473
20 26  0.623026  1.123870
20 27  0.608864  0.784428
20 28  0.610999  1.010368
20 29  0.556205  0.690986
20 30  0.597978  0.828216
21 22  0.589724  0.937484
21 23  0.588108  0.947782
21 24  0.595559  1.015266
21 25  0.588596  0.933058
21 26  0.613235  1.275298
21 27  0.605436  0.987541
21 28  0.582298  1.264375
21 29  0.592238  0.964072
21 30  0.595871  1.054789
22 23  0.564283  0.622272
22 24  0.569765  0.679634
22 25  0.563374  0.598717
22 26  0.595587  1.026964
22 27  0.588162  0.692537
22 28  0.592338  0.952992
22 29  0.517196  0.582393
22 30  0.570172  0.728368
23 24  0.570375  0.700938
23 25  0.515844  0.576518
23 26  0.596072  1.041360
23 27  0.553367  0.682560
23 28  0.594221  0.978936
23 29  0.567121  0.648667
23 30  0.570780  0.748367
24 25  0.569728  0.677771
24 26  0.599191  1.094491
24 27  0.595960  0.773475
24 28  0.599708  1.033002
24 29  0.572393  0.705706
24 30  0.527495  0.765620
25 26  0.595516  1.023519
25 27  0.553614  0.669902
25 28  0.593783  0.955408
25 29  0.566292  0.625211
25 30  0.570134  0.726075
26 27  0.621045  1.098843
26 28  0.619024  1.365889
26 29  0.598190  1.053730
26 30  0.598627  1.117084
27 28  0.619365  1.048877
27 29  0.591515  0.720549
27 30  0.596359  0.819365
28 29  0.593822  0.968897
28 30  0.600097  1.084660
29 30  0.572800  0.754749
