  -1146.54408563
  -1146.91027313    -1146.78851479
0.00001599640624
2 2 2 2 2 2 2 2 2 2 2 2 2 2 2 0 0 0 0 0 0 0 0 0 0 0 0 0 0 0 
1  0.273076  0.468305
2  0.306078  0.622347
3  0.311913  0.709079
4  0.310463  0.399178
5  0.310320  0.671209
6  0.285850  0.415079
7  0.308700  0.382730
8  0.314167  0.664334
9  0.285908  0.389165
10  0.281484  0.307955
11  0.316359  0.828604
12  0.320298  0.498682
13  0.281663  0.320468
14  0.282168  0.304860
15  0.284450  0.331899
16  0.281078  0.482023
17  0.315225  0.795298
18  0.321705  0.515958
19  0.316523  0.650366
20  0.312422  0.407588
21  0.309183  0.639822
22  0.284001  0.305109
23  0.284365  0.327729
24  0.287981  0.379451
25  0.284270  0.303091
26  0.314746  0.724510
27  0.310476  0.401372
28  0.313564  0.660664
29  0.286522  0.333750
30  0.288344  0.427950
1 2  0.578000  1.076934
1 3  0.582201  1.172285
1 4  0.583443  0.857467
1 5  0.581835  1.100885
1 6  0.555893  0.876776
1 7  0.581735  0.848900
1 8  0.566108  1.051146
1 9  0.553889  0.840067
1 10  0.554541  0.775236
1 11  0.586238  1.268862
1 12  0.574375  0.942257
1 13  0.554737  0.788489
1 14  0.555243  0.772388
1 15  0.557496  0.796663
1 16  0.259026  0.733029
1 17  0.582119  1.254237
1 18  0.572408  0.963251
1 19  0.572724  1.115355
1 20  0.585042  0.875593
1 21  0.582031  1.105235
1 22  0.557000  0.773385
1 23  0.557404  0.795896
1 24  0.556799  0.845427
1 25  0.557317  0.771349
1 26  0.584340  1.173832
1 27  0.583545  0.869373
1 28  0.585074  1.126257
1 29  0.559328  0.801965
1 30  0.560382  0.890294
2 3  0.610013  1.256536
2 4  0.615408  1.015702
2 5  0.580925  1.265978
2 6  0.591814  1.031205
2 7  0.605424  0.968269
2 8  0.610182  1.235301
2 9  0.591954  1.010786
2 10  0.587486  0.928995
2 11  0.604597  1.418588
2 12  0.625548  1.092217
2 13  0.585790  0.935057
2 14  0.587386  0.925920
2 15  0.590373  0.953587
2 16  0.586932  1.101581
2 17  0.596444  1.365317
2 18  0.627495  1.136325
2 19  0.620635  1.268031
2 20  0.617023  1.024966
2 21  0.357129  1.133613
2 22  0.590008  0.926984
2 23  0.588546  0.949087
2 24  0.593843  1.001262
2 25  0.589954  0.925045
2 26  0.617950  1.339506
2 27  0.608500  1.021558
2 28  0.580844  1.228661
2 29  0.592533  0.954455
2 30  0.593976  1.049361
3 4  0.622091  1.105946
3 5  0.616894  1.364532
3 6  0.595129  1.094788
3 7  0.619973  1.074402
3 8  0.589561  1.344097
3 9  0.596351  1.089384
3 10  0.593380  1.015220
3 11  0.604894  1.449144
3 12  0.621447  1.146481
3 13  0.593424  1.023763
3 14  0.594036  1.012656
3 15  0.596329  1.039898
3 16  0.588655  1.169437
3 17  0.597923  1.458209
3 18  0.623185  1.221024
3 19  0.587996  1.302960
3 20  0.624273  1.115214
3 21  0.618182  1.341475
3 22  0.595867  1.013928
3 23  0.595857  1.036566
3 24  0.599414  1.087346
3 25  0.596115  1.012096
3 26  0.377631  1.326006
3 27  0.621600  1.109660
3 28  0.623424  1.353067
3 29  0.598391  1.042154
3 30  0.598144  1.135965
4 5  0.611308  1.024594
4 6  0.596312  0.813583
4 7  0.611430  0.773097
4 8  0.624048  1.044142
4 9  0.596369  0.786121
4 10  0.555442  0.684662
4 11  0.626083  1.212952
4 12  0.630741  0.894917
4 13  0.590908  0.717383
4 14  0.590548  0.699527
4 15  0.555705  0.694712
4 16  0.591061  0.880927
4 17  0.622521  1.190878
4 18  0.632138  0.914944
4 19  0.626561  1.049000
4 20  0.382083  0.618484
4 21  0.618426  1.034342
4 22  0.547467  0.667912
4 23  0.594510  0.725934
4 24  0.598374  0.778548
4 25  0.592638  0.700484
4 26  0.625166  1.122361
4 27  0.610590  0.790237
4 28  0.614357  1.057758
4 29  0.548126  0.696716
4 30  0.598764  0.826983
5 6  0.596140  1.082797
5 7  0.618209  1.051212
5 8  0.616316  1.256420
5 9  0.596192  1.051301
5 10  0.590491  0.973774
5 11  0.603801  1.414395
5 12  0.630144  1.158529
5 13  0.591666  0.988517
5 14  0.592364  0.972512
5 15  0.592255  0.986756
5 16  0.589807  1.150310
5 17  0.597308  1.424172
5 18  0.631824  1.185168
5 19  0.624035  1.315314
5 20  0.612786  1.076455
5 21  0.580126  1.252254
5 22  0.593909  0.976015
5 23  0.594629  0.997551
5 24  0.598096  1.049844
5 25  0.594516  0.973931
5 26  0.623039  1.378052
5 27  0.618630  1.066352
5 28  0.366014  1.205354
5 29  0.594579  1.004212
5 30  0.598558  1.097612
6 7  0.594540  0.795918
6 8  0.599713  1.075967
6 9  0.523911  0.761516
6 10  0.567333  0.721970
6 11  0.601628  1.213177
6 12  0.569098  0.883054
6 13  0.567507  0.733741
6 14  0.568014  0.719128
6 15  0.570299  0.745493
6 16  0.565608  0.892083
6 17  0.600786  1.208467
6 18  0.561880  0.887681
6 19  0.602123  1.063040
6 20  0.598178  0.822537
6 21  0.594464  1.053978
6 22  0.569851  0.720176
6 23  0.570153  0.742759
6 24  0.520748  0.756531
6 25  0.570112  0.718156
6 26  0.598682  1.138382
6 27  0.596116  0.816341
6 28  0.599168  1.074486
6 29  0.572364  0.748787
6 30  0.295576  0.626861
7 8  0.622296  1.038434
7 9  0.594602  0.771660
7 10  0.588394  0.687564
7 11  0.623960  1.203686
7 12  0.628953  0.874849
7 13  0.552738  0.671177
7 14  0.552939  0.662457
7 15  0.592260  0.713575
7 16  0.589776  0.864523
7 17  0.620748  1.174543
7 18  0.630211  0.898494
7 19  0.625112  1.032691
7 20  0.611307  0.780574
7 21  0.608904  1.020369
7 22  0.590910  0.686211
7 23  0.545911  0.673851
7 24  0.596602  0.762131
7 25  0.544526  0.647070
7 26  0.622621  1.106630
7 27  0.379574  0.593808
7 28  0.620671  1.039033
7 29  0.594904  0.715422
7 30  0.596858  0.810584
8 9  0.599811  1.042912
8 10  0.595599  0.971279
8 11  0.610317  1.450677
8 12  0.632053  1.139484
8 13  0.595758  0.984565
8 14  0.596318  0.968318
8 15  0.598490  0.991393
8 16  0.578447  1.142395
8 17  0.602637  1.404112
8 18  0.632972  1.174761
8 19  0.379140  1.196891
8 20  0.626203  1.071234
8 21  0.621315  1.298675
8 22  0.598066  0.969337
8 23  0.598376  0.991519
8 24  0.601751  1.042636
8 25  0.598367  0.967175
8 26  0.589733  1.334723
8 27  0.624551  1.065116
8 28  0.624968  1.318365
8 29  0.600356  0.997782
8 30  0.602301  1.088762
9 10  0.567390  0.696139
9 11  0.601867  1.193252
9 12  0.570305  0.871177
9 13  0.567567  0.708651
9 14  0.568073  0.693353
9 15  0.570355  0.719166
9 16  0.562375  0.869031
9 17  0.601040  1.183099
9 18  0.563343  0.863567
9 19  0.601906  1.038613
9 20  0.598200  0.796668
9 21  0.594822  1.028329
9 22  0.569904  0.694263
9 23  0.570263  0.716868
9 24  0.294285  0.538620
9 25  0.570177  0.692249
9 26  0.600263  1.111822
9 27  0.596290  0.790464
9 28  0.599113  1.049068
9 29  0.572394  0.722880
9 30  0.520448  0.775316
10 11  0.597581  1.127639
10 12  0.601781  0.806529
10 13  0.562906  0.627655
10 14  0.563116  0.612427
10 15  0.517311  0.595222
10 16  0.562449  0.789944
10 17  0.596676  1.103134
10 18  0.603109  0.823873
10 19  0.597840  0.958181
10 20  0.547676  0.679519
10 21  0.590583  0.947364
10 22  0.288123  0.349529
10 23  0.565693  0.635569
10 24  0.569465  0.687393
10 25  0.564817  0.610191
10 26  0.596112  1.032196
10 27  0.590225  0.707756
10 28  0.594633  0.968185
10 29  0.514131  0.596849
10 30  0.569822  0.735887
11 12  0.635824  1.318602
11 13  0.597506  1.137189
11 14  0.598344  1.127085
11 15  0.600403  1.145016
11 16  0.591566  1.300155
11 17  0.434012  1.571016
11 18  0.634082  1.334042
11 19  0.607423  1.425492
11 20  0.625667  1.231870
11 21  0.601802  1.417852
11 22  0.600324  1.133597
11 23  0.600240  1.155849
11 24  0.604284  1.206808
11 25  0.600594  1.131603
11 26  0.600711  1.502676
11 27  0.623947  1.225800
11 28  0.600188  1.440534
11 29  0.602359  1.161824
11 30  0.604341  1.254400
12 13  0.601948  0.817965
12 14  0.602460  0.803427
12 15  0.604745  0.830472
12 16  0.578827  0.959050
12 17  0.631502  1.284263
12 18  0.399989  0.870703
12 19  0.634361  1.144711
12 20  0.632706  0.906078
12 21  0.629149  1.136662
12 22  0.604262  0.803756
12 23  0.604515  0.826349
12 24  0.562056  0.833721
12 25  0.604526  0.801750
12 26  0.624464  1.219336
12 27  0.630593  0.899834
12 28  0.633731  1.157753
12 29  0.606761  0.832340
12 30  0.562770  0.885559
13 14  0.515755  0.581869
13 15  0.566020  0.650800
13 16  0.562650  0.802378
13 17  0.596480  1.115417
13 18  0.603182  0.836359
13 19  0.597914  0.970367
13 20  0.593697  0.727186
13 21  0.589004  0.959250
13 22  0.565471  0.625432
13 23  0.290056  0.395873
13 24  0.569634  0.699895
13 25  0.512973  0.578833
13 26  0.595897  1.044736
13 27  0.544831  0.684714
13 28  0.595182  0.980281
13 29  0.568055  0.654123
13 30  0.569946  0.748366
14 15  0.566402  0.635830
14 16  0.563165  0.786840
14 17  0.597357  1.100070
14 18  0.603808  0.820791
14 19  0.598554  0.954998
14 20  0.592491  0.710770
14 21  0.591001  0.944164
14 22  0.565187  0.609089
14 23  0.512191  0.586325
14 24  0.570149  0.684302
14 25  0.288055  0.341567
14 26  0.596817  1.029282
14 27  0.546233  0.669630
14 28  0.595629  0.965277
14 29  0.568559  0.638512
14 30  0.570504  0.732792
15 16  0.565190  0.813825
15 17  0.599164  1.126757
15 18  0.606044  0.847763
15 19  0.600521  0.981951
15 20  0.549056  0.703649
15 21  0.593562  0.970372
15 22  0.514321  0.592318
15 23  0.568692  0.659529
15 24  0.572420  0.711317
15 25  0.568589  0.634892
15 26  0.599074  1.055774
15 27  0.594602  0.732260
15 28  0.595772  0.991635
15 29  0.292783  0.414421
15 30  0.572794  0.759802
16 17  0.592787  1.251175
16 18  0.581235  0.970976
16 19  0.574034  1.048629
16 20  0.593364  0.878503
16 21  0.588910  1.107770
16 22  0.565058  0.785970
16 23  0.565441  0.809665
16 24  0.563827  0.848094
16 25  0.565347  0.784906
16 26  0.592784  1.199911
16 27  0.591495  0.880789
16 28  0.592855  1.102626
16 29  0.567567  0.811769
16 30  0.565405  0.905208
17 18  0.635895  1.299637
17 19  0.611796  1.408334
17 20  0.626672  1.189105
17 21  0.606434  1.395365
17 22  0.598974  1.094297
17 23  0.599047  1.111435
17 24  0.602782  1.154128
17 25  0.599275  1.093457
17 26  0.608143  1.432946
17 27  0.624435  1.185836
17 28  0.607259  1.386456
17 29  0.601313  1.116185
17 30  0.602944  1.194041
18 19  0.635908  1.142309
18 20  0.634100  0.920093
18 21  0.629921  1.121255
18 22  0.605704  0.821047
18 23  0.606055  0.841287
18 24  0.574455  0.880668
18 25  0.605966  0.818573
18 26  0.624966  1.167132
18 27  0.632111  0.908236
18 28  0.634657  1.163552
18 29  0.608223  0.849485
18 30  0.573125  0.904873
19 20  0.628237  1.037159
19 21  0.614945  1.240286
19 22  0.600462  0.954050
19 23  0.600808  0.977575
19 24  0.604275  1.024304
19 25  0.600770  0.953273
19 26  0.592561  1.340132
19 27  0.626315  1.041909
19 28  0.621530  1.231010
19 29  0.602914  0.978338
19 30  0.604511  1.076253
20 21  0.620548  1.041058
20 22  0.560105  0.690275
20 23  0.595194  0.733496
20 24  0.600402  0.785828
20 25  0.594395  0.707188
20 26  0.626766  1.128632
20 27  0.613698  0.798363
20 28  0.615078  1.018971
20 29  0.560241  0.704208
20 30  0.600765  0.835282
21 22  0.593093  0.944428
21 23  0.591146  0.955156
21 24  0.597114  1.017570
21 25  0.592181  0.939908
21 26  0.615617  1.275528
21 27  0.608965  0.995647
21 28  0.585325  1.269710
21 29  0.595497  0.973051
21 30  0.597388  1.056853
22 23  0.568055  0.632331
22 24  0.571981  0.683974
22 25  0.567689  0.607814
22 26  0.598728  1.029014
22 27  0.592416  0.703749
22 28  0.595816  0.959815
22 29  0.521236  0.593983
22 30  0.572345  0.732554
23 24  0.572343  0.706260
23 25  0.519739  0.586803
23 26  0.598957  1.044129
23 27  0.557180  0.694633
23 28  0.597594  0.987010
23 29  0.570791  0.660669
23 30  0.572704  0.753449
24 25  0.572249  0.682131
24 26  0.600491  1.091902
24 27  0.598449  0.780158
24 28  0.601521  1.035449
24 29  0.574502  0.711983
24 30  0.527845  0.765140
25 26  0.598955  1.025623
25 27  0.557587  0.681149
25 28  0.597706  0.962442
25 29  0.570511  0.636268
25 30  0.572611  0.730273
26 27  0.624444  1.102808
26 28  0.621632  1.366086
26 29  0.601221  1.057812
26 30  0.599923  1.114629
27 28  0.623255  1.058302
27 29  0.595684  0.733903
27 30  0.598806  0.825796
28 29  0.597223  0.976967
28 30  0.601866  1.086993
29 30  0.574865  0.760905
