  -1146.54408563
  -1146.91075984    -1146.78963346
0.00000356862864
2 2 2 2 2 2 2 2 2 2 2 2 2 2 2 0 0 0 0 0 0 0 0 0 0 0 0 0 0 0 
1  0.273643  0.466871
2  0.307355  0.625639
3  0.312877  0.705675
4  0.312768  0.408551
5  0.311904  0.674455
6  0.285935  0.414076
7  0.310799  0.391243
8  0.315094  0.661243
9  0.286088  0.388053
10  0.283283  0.313747
11  0.317311  0.825199
12  0.320719  0.496765
13  0.283561  0.328051
14  0.284134  0.310351
15  0.286157  0.340876
16  0.281677  0.480769
17  0.316159  0.792385
18  0.322133  0.513782
19  0.317440  0.647640
20  0.314652  0.416776
21  0.310507  0.642706
22  0.285863  0.310330
23  0.286243  0.335399
24  0.288170  0.378587
25  0.286292  0.308182
26  0.315709  0.720992
27  0.312535  0.409867
28  0.315173  0.663935
29  0.288285  0.342629
30  0.288429  0.426768
1 2  0.579820  1.078831
1 3  0.583724  1.167553
1 4  0.586308  0.864977
1 5  0.583964  1.102936
1 6  0.556556  0.874447
1 7  0.584395  0.855838
1 8  0.567473  1.047429
1 9  0.554650  0.837797
1 10  0.556900  0.779606
1 11  0.587746  1.264635
1 12  0.575346  0.939056
1 13  0.557201  0.794602
1 14  0.557776  0.776347
1 15  0.559762  0.803889
1 16  0.260035  0.729328
1 17  0.583601  1.250038
1 18  0.573372  0.959931
1 19  0.574136  1.111153
1 20  0.587831  0.883324
1 21  0.583923  1.106709
1 22  0.559420  0.777168
1 23  0.559845  0.802102
1 24  0.557546  0.843138
1 25  0.559900  0.775002
1 26  0.585865  1.169448
1 27  0.586171  0.876410
1 28  0.587231  1.128168
1 29  0.561615  0.809395
1 30  0.561038  0.887841
2 3  0.612163  1.256443
2 4  0.618976  1.028054
2 5  0.583842  1.272769
2 6  0.593178  1.033420
2 7  0.608645  0.978358
2 8  0.612235  1.235477
2 9  0.593407  1.012971
2 10  0.590560  0.937753
2 11  0.606804  1.418148
2 12  0.627246  1.093603
2 13  0.588879  0.945286
2 14  0.590560  0.934591
2 15  0.593350  0.965703
2 16  0.588806  1.103629
2 17  0.598687  1.366497
2 18  0.629190  1.137491
2 19  0.622791  1.268688
2 20  0.620519  1.037285
2 21  0.359743  1.140341
2 22  0.593140  0.935500
2 23  0.591648  0.960005
2 24  0.595302  1.003688
2 25  0.593223  0.933351
2 26  0.620177  1.339377
2 27  0.611811  1.033411
2 28  0.583829  1.235438
2 29  0.595568  0.966453
2 30  0.595311  1.051488
3 4  0.625338  1.111652
3 5  0.619328  1.364368
3 6  0.596194  1.090744
3 7  0.623024  1.078882
3 8  0.591414  1.337876
3 9  0.597489  1.084986
3 10  0.596143  1.017309
3 11  0.606716  1.443788
3 12  0.622792  1.141802
3 13  0.596275  1.027588
3 14  0.596956  1.014761
3 15  0.598993  1.045324
3 16  0.590212  1.165412
3 17  0.599736  1.452579
3 18  0.624550  1.215511
3 19  0.589862  1.298162
3 20  0.627463  1.120961
3 21  0.620456  1.341074
3 22  0.598674  1.015728
3 23  0.598688  1.040809
3 24  0.600561  1.083094
3 25  0.599099  1.013774
3 26  0.379466  1.318199
3 27  0.624627  1.114700
3 28  0.625959  1.353176
3 29  0.601117  1.047497
3 30  0.599184  1.131428
4 5  0.614968  1.035058
4 6  0.598702  0.821945
4 7  0.615740  0.790550
4 8  0.627267  1.049755
4 9  0.598856  0.794317
4 10  0.559148  0.700080
4 11  0.629323  1.218651
4 12  0.633467  0.902151
4 13  0.595100  0.734150
4 14  0.594782  0.713980
4 15  0.559369  0.712386
4 16  0.593951  0.889022
4 17  0.625769  1.197146
4 18  0.634869  0.922125
4 19  0.629788  1.055608
4 20  0.386173  0.639315
4 21  0.622034  1.046442
4 22  0.551165  0.682145
4 23  0.598673  0.742859
4 24  0.600859  0.787053
4 25  0.596950  0.714994
4 26  0.628432  1.128164
4 27  0.614902  0.807875
4 28  0.618207  1.070481
4 29  0.551867  0.714861
4 30  0.601150  0.835157
5 6  0.597808  1.085075
5 7  0.621877  1.062862
5 8  0.618756  1.257335
5 9  0.597957  1.053488
5 10  0.593749  0.982529
5 11  0.606246  1.414368
5 12  0.632137  1.159900
5 13  0.595143  0.998991
5 14  0.595909  0.980824
5 15  0.595425  0.997471
5 16  0.591970  1.152374
5 17  0.599808  1.425006
5 18  0.633824  1.186275
5 19  0.626524  1.315987
5 20  0.616568  1.088979
5 21  0.583123  1.258715
5 22  0.597310  0.984414
5 23  0.598085  1.008391
5 24  0.599835  1.052252
5 25  0.598113  0.982278
5 26  0.625550  1.378042
5 27  0.622275  1.077916
5 28  0.369137  1.212997
5 29  0.597806  1.016353
5 30  0.600228  1.099655
6 7  0.596723  0.803316
6 8  0.600725  1.071978
6 9  0.524156  0.759438
6 10  0.569216  0.726615
6 11  0.602667  1.209128
6 12  0.569641  0.880138
6 13  0.569488  0.740119
6 14  0.570063  0.723556
6 15  0.572089  0.753262
6 16  0.566297  0.889955
6 17  0.601798  1.204637
6 18  0.562423  0.884910
6 19  0.603121  1.059358
6 20  0.600489  0.830707
6 21  0.595838  1.055867
6 22  0.571798  0.724389
6 23  0.572104  0.749415
6 24  0.521001  0.754787
6 25  0.572218  0.722240
6 26  0.599722  1.133902
6 27  0.598243  0.823823
6 28  0.600860  1.076734
6 29  0.574210  0.756652
6 30  0.295756  0.623846
7 8  0.625303  1.043439
7 9  0.596880  0.779043
7 10  0.592241  0.701478
7 11  0.626986  1.208459
7 12  0.631472  0.881142
7 13  0.556477  0.687033
7 14  0.556484  0.676423
7 15  0.596048  0.730947
7 16  0.592473  0.871758
7 17  0.623804  1.180013
7 18  0.632738  0.904815
7 19  0.628128  1.038462
7 20  0.615587  0.798046
7 21  0.612308  1.031832
7 22  0.594846  0.699979
7 23  0.549551  0.689764
7 24  0.598887  0.769776
7 25  0.548035  0.660104
7 26  0.625688  1.111575
7 27  0.383562  0.612882
7 28  0.624368  1.050635
7 29  0.598746  0.732665
7 30  0.599025  0.817907
8 9  0.600922  1.039012
8 10  0.598317  0.974057
8 11  0.612186  1.445441
8 12  0.633405  1.134788
8 13  0.598572  0.989006
8 14  0.599210  0.970597
8 15  0.601118  0.996980
8 16  0.579901  1.138003
8 17  0.604478  1.398935
8 18  0.634310  1.169709
8 19  0.380876  1.190043
8 20  0.629357  1.077288
8 21  0.623525  1.298589
8 22  0.600852  0.971458
8 23  0.601180  0.996013
8 24  0.602864  1.038708
8 25  0.601304  0.969165
8 26  0.591629  1.329471
8 27  0.627538  1.070504
8 28  0.627493  1.318704
8 29  0.603025  1.003532
8 30  0.603310  1.084567
9 10  0.569369  0.700736
9 11  0.602992  1.189108
9 12  0.570933  0.868058
9 13  0.569644  0.715006
9 14  0.570219  0.697668
9 15  0.572242  0.726806
9 16  0.563143  0.866669
9 17  0.602149  1.179150
9 18  0.563979  0.860637
9 19  0.603001  1.034803
9 20  0.600603  0.804738
9 21  0.596314  1.030100
9 22  0.571945  0.698369
9 23  0.572318  0.723421
9 24  0.294659  0.535875
9 25  0.572380  0.696225
9 26  0.601404  1.107222
9 27  0.598532  0.797841
9 28  0.600866  1.051244
9 29  0.574332  0.730639
9 30  0.520696  0.773239
10 11  0.600310  1.129364
10 12  0.604001  0.810361
10 13  0.566592  0.640929
10 14  0.566863  0.623698
10 15  0.520917  0.610623
10 16  0.564841  0.794475
10 17  0.599408  1.105990
10 18  0.605330  0.827484
10 19  0.600550  0.961232
10 20  0.551253  0.694066
10 21  0.593695  0.956048
10 22  0.291376  0.361462
10 23  0.569364  0.649028
10 24  0.571453  0.692319
10 25  0.568647  0.621086
10 26  0.598851  1.034451
10 27  0.594061  0.722077
10 28  0.598007  0.977147
10 29  0.517663  0.612125
10 30  0.571705  0.740493
11 12  0.637191  1.313472
11 13  0.600335  1.140444
11 14  0.601247  1.128808
11 15  0.603047  1.149212
11 16  0.593098  1.295680
11 17  0.436031  1.564816
11 18  0.635436  1.328624
11 19  0.609285  1.420208
11 20  0.628853  1.237511
11 21  0.604089  1.418172
11 22  0.603136  1.135397
11 23  0.603058  1.160084
11 24  0.605421  1.202606
11 25  0.603563  1.133272
11 26  0.602553  1.496531
11 27  0.626980  1.230810
11 28  0.602728  1.440976
11 29  0.605045  1.167247
11 30  0.605369  1.249916
12 13  0.604266  0.823543
12 14  0.604843  0.807006
12 15  0.606872  0.837515
12 16  0.579804  0.956173
12 17  0.632837  1.279563
12 18  0.400792  0.865592
12 19  0.635688  1.140238
12 20  0.635356  0.913336
12 21  0.630885  1.137687
12 22  0.606540  0.807056
12 23  0.606799  0.832095
12 24  0.562689  0.831332
12 25  0.606970  0.804920
12 26  0.625818  1.213954
12 27  0.633064  0.906397
12 28  0.635754  1.159145
12 29  0.608936  0.839281
12 30  0.563301  0.882800
13 14  0.519451  0.595201
13 15  0.569619  0.667094
13 16  0.565142  0.808681
13 17  0.599307  1.120058
13 18  0.605493  0.841756
13 19  0.600727  0.975155
13 20  0.597804  0.743858
13 21  0.592178  0.969669
13 22  0.569226  0.638230
13 23  0.292907  0.411650
13 24  0.571719  0.706610
13 25  0.516593  0.591619
13 26  0.598745  1.048780
13 27  0.548502  0.700479
13 28  0.598685  0.991074
13 29  0.571712  0.670583
13 30  0.571916  0.754756
14 15  0.570067  0.650189
14 16  0.565722  0.791072
14 17  0.600251  1.102628
14 18  0.606206  0.824100
14 19  0.601420  0.957750
14 20  0.596670  0.725507
14 21  0.594265  0.952447
14 22  0.569027  0.619816
14 23  0.515835  0.599723
14 24  0.572304  0.688926
14 25  0.291600  0.352702
14 26  0.599742  1.031240
14 27  0.549683  0.683023
14 28  0.599193  0.974046
14 29  0.572280  0.652872
14 30  0.572554  0.737096
15 16  0.567454  0.821530
15 17  0.601781  1.132765
15 18  0.608166  0.854538
15 19  0.603113  0.988160
15 20  0.552689  0.721550
15 21  0.596587  0.982085
15 22  0.517864  0.607229
15 23  0.572271  0.676174
15 24  0.574314  0.719424
15 25  0.572312  0.648950
15 26  0.601740  1.061109
15 27  0.598350  0.749589
15 28  0.598996  1.003880
15 29  0.295689  0.433985
15 30  0.574586  0.767585
16 17  0.594305  1.247504
16 18  0.582247  0.967652
16 19  0.575401  1.045327
16 20  0.596192  0.886048
16 21  0.590817  1.109430
16 22  0.567511  0.789911
16 23  0.567918  0.816064
16 24  0.564636  0.846163
16 25  0.567968  0.788706
16 26  0.594339  1.195255
16 27  0.594146  0.887904
16 28  0.595031  1.104810
16 29  0.569921  0.819019
16 30  0.566099  0.902826
17 18  0.637250  1.294818
17 19  0.613634  1.403674
17 20  0.629816  1.195071
17 21  0.608679  1.395076
17 22  0.601747  1.096148
17 23  0.601842  1.115312
17 24  0.603900  1.150626
17 25  0.602213  1.095347
17 26  0.609954  1.427926
17 27  0.627409  1.191063
17 28  0.609741  1.386711
17 29  0.603999  1.120927
17 30  0.603964  1.190303
18 19  0.637258  1.137703
18 20  0.636757  0.926921
18 21  0.631658  1.122045
18 22  0.607994  0.824083
18 23  0.608360  0.846609
18 24  0.575103  0.877520
18 25  0.608412  0.821484
18 26  0.626305  1.162342
18 27  0.634602  0.914277
18 28  0.636684  1.164693
18 29  0.610414  0.856164
18 30  0.573668  0.901686
19 20  0.631368  1.043047
19 21  0.617045  1.240475
19 22  0.603230  0.956583
19 23  0.603592  0.982458
19 24  0.605385  1.020892
19 25  0.603705  0.955600
19 26  0.594420  1.334190
19 27  0.629275  1.047311
19 28  0.623983  1.232228
19 29  0.605586  0.984100
19 30  0.605513  1.072401
20 21  0.624091  1.052912
20 22  0.563784  0.704835
20 23  0.599289  0.750251
20 24  0.602822  0.794122
20 25  0.598610  0.721156
20 26  0.629941  1.134044
20 27  0.617904  0.815655
20 28  0.618721  1.029496
20 29  0.563879  0.721350
20 30  0.603080  0.843275
21 22  0.596276  0.952404
21 23  0.594241  0.964782
21 24  0.598620  1.019573
21 25  0.595420  0.947680
21 26  0.617811  1.275129
21 27  0.612209  1.005388
21 28  0.588316  1.276189
21 29  0.598576  0.984711
21 30  0.598798  1.058495
22 23  0.571784  0.645159
22 24  0.574032  0.688265
22 25  0.571553  0.618114
22 26  0.601553  1.030596
22 27  0.596289  0.717159
22 28  0.599099  0.967893
22 29  0.524965  0.608809
22 30  0.574291  0.736511
23 24  0.574408  0.712958
23 25  0.523542  0.599972
23 26  0.601788  1.047772
23 27  0.560839  0.710183
23 28  0.601078  0.997773
23 29  0.574425  0.677055
23 30  0.574664  0.759698
24 25  0.574460  0.686322
24 26  0.601622  1.087621
24 27  0.600695  0.787747
24 28  0.603321  1.037870
24 29  0.576453  0.719834
24 30  0.528096  0.763109
25 26  0.601930  1.027183
25 27  0.561140  0.694688
25 28  0.601334  0.970611
25 29  0.574286  0.650172
25 30  0.574715  0.734128
26 27  0.627453  1.107174
26 28  0.624071  1.365845
26 29  0.603940  1.063078
26 30  0.600984  1.110436
27 28  0.626910  1.069976
27 29  0.599482  0.751189
27 30  0.600950  0.832955
28 29  0.600456  0.987534
28 30  0.603560  1.089104
29 30  0.576712  0.768469
