   -993.90200717
   -994.21628310     -994.08199516
0.00011503236612
2 2 2 2 2 2 2 2 2 2 2 2 2 0 0 0 0 0 0 0 0 0 0 0 0 0 
1  0.278471  0.467849
2  0.278870  0.467627
3  0.278773  0.469515
4  0.278445  0.470480
5  0.293417  0.629966
6  0.294412  0.605867
7  0.301740  0.454593
8  0.294385  0.608603
9  0.293351  0.627445
10  0.275120  0.288603
11  0.306530  0.670041
12  0.306516  0.667182
13  0.275325  0.289117
14  0.282393  0.484737
15  0.282212  0.473149
16  0.282256  0.475494
17  0.282212  0.486211
18  0.297653  0.583976
19  0.306675  0.657707
20  0.303790  0.463156
21  0.297221  0.649573
22  0.277527  0.288793
23  0.297262  0.652460
24  0.297734  0.587658
25  0.306570  0.653734
26  0.277615  0.288644
1 2  0.513169  0.905681
1 3  0.557240  0.936534
1 4  0.556903  0.935987
1 5  0.571537  1.085486
1 6  0.567448  1.057544
1 7  0.580062  0.918994
1 8  0.572825  1.072084
1 9  0.564655  1.048253
1 10  0.553562  0.756344
1 11  0.584931  1.127574
1 12  0.563098  1.108737
1 13  0.553788  0.756238
1 14  0.271678  0.746379
1 15  0.510627  0.889255
1 16  0.560687  0.942615
1 17  0.560543  0.953222
1 18  0.574830  1.044402
1 19  0.584972  1.123065
1 20  0.582209  0.929794
1 21  0.572722  1.115238
1 22  0.555986  0.756604
1 23  0.574969  1.118120
1 24  0.576202  1.053947
1 25  0.553443  1.074865
1 26  0.556035  0.756279
2 3  0.557641  0.933378
2 4  0.557311  0.937268
2 5  0.572164  1.094809
2 6  0.566102  1.027368
2 7  0.580225  0.905607
2 8  0.573231  1.063287
2 9  0.566952  1.079070
2 10  0.553886  0.754958
2 11  0.585367  1.127806
2 12  0.563244  1.108874
2 13  0.554161  0.756560
2 14  0.510921  0.900059
2 15  0.271437  0.732470
2 16  0.561107  0.942296
2 17  0.561044  0.953059
2 18  0.573566  1.049940
2 19  0.585541  1.123013
2 20  0.581942  0.930187
2 21  0.574819  1.109721
2 22  0.556337  0.756341
2 23  0.576073  1.118181
2 24  0.576533  1.053306
2 25  0.554187  1.074844
2 26  0.556142  0.756130
3 4  0.513068  0.910091
3 5  0.566879  1.082912
3 6  0.573157  1.062311
3 7  0.580124  0.907363
3 8  0.565982  1.031499
3 9  0.571998  1.094119
3 10  0.553858  0.757961
3 11  0.563250  1.113857
3 12  0.585251  1.126656
3 13  0.553992  0.757264
3 14  0.561122  0.953473
3 15  0.560960  0.941843
3 16  0.271162  0.737196
3 17  0.510932  0.903690
3 18  0.576346  1.051512
3 19  0.554144  1.080442
3 20  0.581839  0.932060
3 21  0.575932  1.117164
3 22  0.555950  0.758167
3 23  0.574766  1.114409
3 24  0.573563  1.055442
3 25  0.585339  1.120938
3 26  0.556328  0.758079
4 5  0.564691  1.052599
4 6  0.572825  1.071928
4 7  0.580034  0.921593
4 8  0.567442  1.062917
4 9  0.571438  1.085373
4 10  0.553557  0.758354
4 11  0.563009  1.113672
4 12  0.584885  1.127218
4 13  0.553739  0.759493
4 14  0.560684  0.954373
4 15  0.560609  0.942901
4 16  0.510768  0.893983
4 17  0.271326  0.750901
4 18  0.576095  1.052889
4 19  0.553678  1.081280
4 20  0.582184  0.932405
4 21  0.574884  1.117837
4 22  0.555923  0.759054
4 23  0.572715  1.120668
4 24  0.574882  1.050656
4 25  0.584840  1.121715
4 26  0.556047  0.759086
5 6  0.587402  1.230053
5 7  0.594748  1.081555
5 8  0.552074  1.217799
5 9  0.579402  1.198306
5 10  0.568477  0.916505
5 11  0.574461  1.252483
5 12  0.598683  1.265896
5 13  0.568576  0.917578
5 14  0.574951  1.112520
5 15  0.575504  1.101353
5 16  0.574261  1.097735
5 17  0.572699  1.113863
5 18  0.590676  1.210383
5 19  0.567994  1.239317
5 20  0.596336  1.079115
5 21  0.583305  1.275245
5 22  0.570905  0.917732
5 23  0.335355  1.159195
5 24  0.549514  1.142854
5 25  0.597850  1.278962
5 26  0.570988  0.918352
6 7  0.588568  1.004276
6 8  0.588357  1.176456
6 9  0.552079  1.212912
6 10  0.567725  0.888473
6 11  0.600857  1.260269
6 12  0.575440  1.228152
6 13  0.568974  0.894192
6 14  0.575384  1.082157
6 15  0.573824  1.077093
6 16  0.576573  1.079092
6 17  0.576615  1.090223
6 18  0.336545  1.056049
6 19  0.600646  1.259152
6 20  0.590089  1.067576
6 21  0.549916  1.179634
6 22  0.571638  0.894157
6 23  0.591123  1.252887
6 24  0.591364  1.189472
6 25  0.568742  1.204483
6 26  0.569898  0.893380
7 8  0.588615  1.006840
7 9  0.594677  1.079177
7 10  0.538741  0.721081
7 11  0.607118  1.105974
7 12  0.607083  1.103065
7 13  0.538877  0.721224
7 14  0.584051  0.938009
7 15  0.583204  0.927139
7 16  0.583244  0.929478
7 17  0.583870  0.939483
7 18  0.590969  1.037193
7 19  0.605829  1.108345
7 20  0.363080  0.759151
7 21  0.598329  1.090690
7 22  0.531235  0.715795
7 23  0.598364  1.093442
7 24  0.591168  1.040904
7 25  0.605735  1.104358
7 26  0.531520  0.715931
8 9  0.587309  1.230340
8 10  0.568729  0.896457
8 11  0.575416  1.233221
8 12  0.600816  1.260057
8 13  0.567884  0.891361
8 14  0.576771  1.091486
8 15  0.576508  1.079505
8 16  0.573801  1.082108
8 17  0.575178  1.086257
8 18  0.591277  1.188520
8 19  0.568940  1.211672
8 20  0.589916  1.070277
8 21  0.591048  1.252759
8 22  0.569754  0.896267
8 23  0.549863  1.184068
8 24  0.336608  1.063414
8 25  0.600506  1.257924
8 26  0.571701  0.896751
9 10  0.568304  0.914484
9 11  0.598612  1.266321
9 12  0.574369  1.247176
9 13  0.568616  0.914541
9 14  0.572784  1.109943
9 15  0.574147  1.092915
9 16  0.575485  1.101165
9 17  0.574701  1.111466
9 18  0.549265  1.136485
9 19  0.597858  1.280378
9 20  0.596254  1.076496
9 21  0.335448  1.153235
9 22  0.570834  0.915975
9 23  0.583157  1.275601
9 24  0.590696  1.211450
9 25  0.568016  1.233968
9 26  0.570927  0.915065
10 11  0.581506  0.957815
10 12  0.581278  0.950531
10 13  0.504627  0.541857
10 14  0.557395  0.773099
10 15  0.556901  0.761574
10 16  0.557274  0.764018
10 17  0.557281  0.774771
10 18  0.570720  0.871320
10 19  0.581742  0.946116
10 20  0.531781  0.723257
10 21  0.572320  0.937477
10 22  0.501335  0.535728
10 23  0.572347  0.940831
10 24  0.572541  0.875699
10 25  0.581081  0.941985
10 26  0.276966  0.319430
11 12  0.612904  1.329540
11 13  0.581498  0.953720
11 14  0.588748  1.151916
11 15  0.588733  1.140620
11 16  0.557389  1.095385
11 17  0.557281  1.106882
11 18  0.603848  1.249750
11 19  0.395212  1.251162
11 20  0.607809  1.129038
11 21  0.601506  1.314193
11 22  0.583389  0.958337
11 23  0.571138  1.274431
11 24  0.571779  1.202082
11 25  0.612282  1.317762
11 26  0.584089  0.958462
12 13  0.581700  0.955577
12 14  0.557471  1.102658
12 15  0.557224  1.090379
12 16  0.588765  1.140092
12 17  0.588560  1.150531
12 18  0.571858  1.196529
12 19  0.612381  1.318847
12 20  0.607825  1.126240
12 21  0.570956  1.268254
12 22  0.583986  0.955752
12 23  0.601528  1.314215
12 24  0.603909  1.250573
12 25  0.395225  1.243527
12 26  0.583475  0.955330
13 14  0.557666  0.773810
13 15  0.557438  0.762187
13 16  0.557142  0.764431
13 17  0.557417  0.775078
13 18  0.572674  0.872562
13 19  0.581358  0.946456
13 20  0.532155  0.724001
13 21  0.572512  0.938455
13 22  0.277167  0.320404
13 23  0.572565  0.940825
13 24  0.570960  0.875495
13 25  0.581847  0.942667
13 26  0.501245  0.535954
14 15  0.519312  0.927182
14 16  0.564643  0.959322
14 17  0.564588  0.967481
14 18  0.573248  1.052257
14 19  0.588979  1.130227
14 20  0.585968  0.944371
14 21  0.572014  1.079964
14 22  0.559906  0.773308
14 23  0.579174  1.120010
14 24  0.580075  1.068481
14 25  0.566532  1.107319
14 26  0.559966  0.773274
15 16  0.564466  0.945346
15 17  0.564418  0.958459
15 18  0.572157  1.011053
15 19  0.588834  1.121446
15 20  0.585526  0.919349
15 21  0.572768  1.105506
15 22  0.559688  0.761861
15 23  0.579254  1.121998
15 24  0.579901  1.050385
15 25  0.566404  1.102808
15 26  0.559708  0.759988
16 17  0.519194  0.931059
16 18  0.579866  1.049072
16 19  0.566505  1.108585
16 20  0.585566  0.921451
16 21  0.579257  1.121491
16 22  0.559666  0.762432
16 23  0.572880  1.110826
16 24  0.572287  1.016310
16 25  0.588776  1.119963
16 26  0.559820  0.764062
17 18  0.579812  1.066296
17 19  0.566516  1.112814
17 20  0.585783  0.945814
17 21  0.578947  1.118590
17 22  0.559697  0.774895
17 23  0.571874  1.083870
17 24  0.573124  1.057085
17 25  0.588693  1.127814
17 26  0.559813  0.774641
18 19  0.604251  1.230209
18 20  0.592541  0.992968
18 21  0.557781  1.212923
18 22  0.574084  0.871933
18 23  0.594335  1.231448
18 24  0.594988  1.144316
18 25  0.579490  1.197912
18 26  0.573116  0.865412
19 20  0.609044  1.103015
19 21  0.602384  1.270793
19 22  0.583827  0.942428
19 23  0.579156  1.253957
19 24  0.579644  1.205016
19 25  0.613070  1.303189
19 26  0.584136  0.945993
20 21  0.600554  1.109771
20 22  0.543521  0.729234
20 23  0.600589  1.112697
20 24  0.592581  0.995936
20 25  0.608962  1.099453
20 26  0.543580  0.729201
21 22  0.574656  0.937729
21 23  0.585339  1.224839
21 24  0.594371  1.232211
21 25  0.579013  1.247938
21 26  0.574647  0.937554
22 23  0.574599  0.940570
22 24  0.573117  0.869148
22 25  0.583938  0.942164
22 26  0.508682  0.541223
23 24  0.557930  1.219351
23 25  0.602319  1.269949
23 26  0.574786  0.940487
24 25  0.604227  1.229937
24 26  0.574263  0.875470
25 26  0.583811  0.938382
