   -993.90200717
   -994.21797286     -994.08609093
0.00005259040254
2 2 2 2 2 2 2 2 2 2 2 2 2 0 0 0 0 0 0 0 0 0 0 0 0 0 
1  0.280626  0.467967
2  0.280697  0.469084
3  0.280568  0.469431
4  0.280587  0.469261
5  0.300945  0.645959
6  0.299237  0.613408
7  0.307952  0.471663
8  0.299294  0.614410
9  0.300819  0.644954
10  0.280314  0.300472
11  0.310404  0.663476
12  0.310314  0.662460
13  0.280557  0.301299
14  0.284571  0.484768
15  0.284105  0.474160
16  0.284149  0.475416
17  0.284395  0.485012
18  0.302436  0.591439
19  0.310445  0.652115
20  0.310149  0.481339
21  0.304682  0.665917
22  0.282826  0.299986
23  0.304817  0.666993
24  0.302664  0.593056
25  0.310281  0.650469
26  0.282815  0.300003
1 2  0.517172  0.906462
1 3  0.561189  0.936624
1 4  0.561194  0.934542
1 5  0.581117  1.099941
1 6  0.574244  1.064659
1 7  0.588410  0.935676
1 8  0.579869  1.077736
1 9  0.573972  1.064840
1 10  0.560905  0.768304
1 11  0.590932  1.119500
1 12  0.569010  1.104941
1 13  0.561172  0.768325
1 14  0.275528  0.745525
1 15  0.514894  0.893497
1 16  0.564705  0.942721
1 17  0.564813  0.952244
1 18  0.581728  1.052491
1 19  0.590852  1.117781
1 20  0.590717  0.947988
1 21  0.582246  1.131879
1 22  0.563427  0.767910
1 23  0.584582  1.132971
1 24  0.583286  1.059573
1 25  0.559422  1.073614
1 26  0.563375  0.767724
2 3  0.561263  0.934123
2 4  0.561280  0.937565
2 5  0.581474  1.112098
2 6  0.572550  1.036135
2 7  0.588238  0.923050
2 8  0.579955  1.069027
2 9  0.575999  1.096930
2 10  0.560889  0.768310
2 11  0.591054  1.121326
2 12  0.568996  1.106409
2 13  0.561203  0.770117
2 14  0.515161  0.904704
2 15  0.274742  0.733982
2 16  0.564799  0.943705
2 17  0.565024  0.953375
2 18  0.580101  1.058950
2 19  0.591136  1.119066
2 20  0.590061  0.949813
2 21  0.584044  1.127714
2 22  0.563450  0.768970
2 23  0.585435  1.134009
2 24  0.583310  1.060205
2 25  0.559874  1.075094
2 26  0.563114  0.768904
3 4  0.517022  0.908033
3 5  0.575955  1.097880
3 6  0.579770  1.068455
3 7  0.588110  0.923423
3 8  0.572484  1.037482
3 9  0.581217  1.111387
3 10  0.560828  0.769671
3 11  0.569049  1.108154
3 12  0.590834  1.120576
3 13  0.561001  0.769403
3 14  0.565072  0.953476
3 15  0.564625  0.942797
3 16  0.274461  0.735586
3 17  0.515144  0.905574
3 18  0.582953  1.058937
3 19  0.559851  1.076951
3 20  0.589924  0.950153
3 21  0.585172  1.133270
3 22  0.562993  0.769234
3 23  0.584053  1.129136
3 24  0.580211  1.060888
3 25  0.590843  1.117775
3 26  0.563311  0.769331
4 5  0.574061  1.066706
4 6  0.579775  1.078068
4 7  0.588373  0.936983
4 8  0.574312  1.067140
4 9  0.580953  1.100045
4 10  0.560890  0.768808
4 11  0.568984  1.106774
4 12  0.590803  1.119750
4 13  0.561108  0.770429
4 14  0.564952  0.953287
4 15  0.564624  0.942757
4 16  0.515017  0.895845
4 17  0.275135  0.747083
4 18  0.583019  1.059241
4 19  0.559694  1.076516
4 20  0.590679  0.949268
4 21  0.584411  1.133170
4 22  0.563349  0.769002
4 23  0.582319  1.134212
4 24  0.581916  1.055378
4 25  0.590647  1.117420
4 26  0.563378  0.769220
5 6  0.599646  1.253317
5 7  0.608434  1.114406
5 8  0.564571  1.239758
5 9  0.592792  1.221445
5 10  0.581193  0.943898
5 11  0.585398  1.261105
5 12  0.609805  1.272899
5 13  0.581329  0.945482
5 14  0.584519  1.128746
5 15  0.584885  1.118238
5 16  0.583629  1.113960
5 17  0.582321  1.128869
5 18  0.602913  1.233235
5 19  0.579130  1.252924
5 20  0.610176  1.113290
5 21  0.597283  1.307730
5 22  0.583720  0.944974
5 23  0.348523  1.191157
5 24  0.561948  1.167404
5 25  0.608940  1.291797
5 26  0.583707  0.945684
6 7  0.598913  1.024727
6 8  0.597997  1.186974
6 9  0.564390  1.237875
6 10  0.577591  0.907419
6 11  0.609543  1.260633
6 12  0.583941  1.231203
6 13  0.578911  0.913696
6 14  0.582343  1.090209
6 15  0.580464  1.085744
6 16  0.583301  1.086638
6 17  0.583623  1.096671
6 18  0.345106  1.070801
6 19  0.609286  1.261216
6 20  0.600990  1.093281
6 21  0.562327  1.206234
6 22  0.581697  0.912806
6 23  0.603411  1.274296
6 24  0.601030  1.202349
6 25  0.577315  1.211993
6 26  0.579900  0.912298
7 8  0.599016  1.025695
7 9  0.608302  1.113508
7 10  0.549659  0.749752
7 11  0.617092  1.116175
7 12  0.616983  1.115001
7 13  0.549774  0.750205
7 14  0.592439  0.955020
7 15  0.591247  0.945222
7 16  0.591295  0.946475
7 17  0.592266  0.955265
7 18  0.601760  1.061711
7 19  0.615797  1.119598
7 20  0.374949  0.795201
7 21  0.611961  1.124167
7 22  0.541961  0.743463
7 23  0.612091  1.125153
7 24  0.602083  1.063355
7 25  0.615623  1.117947
7 26  0.542254  0.743714
8 9  0.599572  1.253333
8 10  0.578701  0.913915
8 11  0.584065  1.232973
8 12  0.609509  1.260573
8 13  0.577861  0.908900
8 14  0.583856  1.097427
8 15  0.583316  1.086390
8 16  0.580522  1.087975
8 17  0.582226  1.091403
8 18  0.600857  1.201729
8 19  0.577624  1.215223
8 20  0.600953  1.094257
8 21  0.603324  1.274223
8 22  0.579951  0.913274
8 23  0.562448  1.207591
8 24  0.345339  1.073793
8 25  0.609176  1.260582
8 26  0.581746  0.913816
9 10  0.580960  0.943590
9 11  0.609769  1.272958
9 12  0.585186  1.259060
9 13  0.581311  0.943725
9 14  0.582338  1.127650
9 15  0.583457  1.111716
9 16  0.584811  1.118483
9 17  0.584222  1.127980
9 18  0.561529  1.164360
9 19  0.608957  1.292421
9 20  0.610047  1.112203
9 21  0.348485  1.188932
9 22  0.583592  0.944659
9 23  0.597191  1.307795
9 24  0.603017  1.233815
9 25  0.579032  1.251067
9 26  0.583583  0.943976
10 11  0.590550  0.962966
10 12  0.590212  0.957272
10 13  0.513818  0.564096
10 14  0.564747  0.784965
10 15  0.563933  0.774401
10 16  0.564348  0.775776
10 17  0.564640  0.785427
10 18  0.580658  0.890672
10 19  0.590694  0.952356
10 20  0.542719  0.752852
10 21  0.584965  0.965713
10 22  0.510455  0.556961
10 23  0.585089  0.967220
10 24  0.582614  0.892874
10 25  0.589962  0.950573
10 26  0.285707  0.339095
11 12  0.620556  1.318984
11 13  0.590544  0.958943
11 14  0.594763  1.145613
11 15  0.594501  1.135288
11 16  0.563284  1.091105
11 17  0.563389  1.101404
11 18  0.612531  1.250855
11 19  0.402253  1.237540
11 20  0.617988  1.140449
11 21  0.612703  1.324144
11 22  0.592539  0.962957
11 23  0.582375  1.285624
11 24  0.580556  1.204339
11 25  0.619744  1.308548
11 26  0.593152  0.963194
12 13  0.590708  0.962882
12 14  0.563495  1.100169
12 15  0.563041  1.088899
12 16  0.594455  1.135512
12 17  0.594501  1.144842
12 18  0.580409  1.202478
12 19  0.619826  1.309159
12 20  0.617920  1.139478
12 21  0.582042  1.282989
12 22  0.593071  0.962167
12 23  0.612757  1.324208
12 24  0.612671  1.251451
12 25  0.402174  1.234583
12 26  0.592446  0.961964
13 14  0.565057  0.786010
13 15  0.564550  0.775349
13 16  0.564208  0.776481
13 17  0.564811  0.786025
13 18  0.582639  0.892098
13 19  0.590344  0.953037
13 20  0.543063  0.753787
13 21  0.585198  0.966968
13 22  0.285965  0.339959
13 23  0.585341  0.967575
13 24  0.581084  0.893104
13 25  0.590780  0.951542
13 26  0.510327  0.557463
14 15  0.523414  0.927482
14 16  0.568712  0.959348
14 17  0.568938  0.965881
14 18  0.580047  1.059291
14 19  0.594885  1.122866
14 20  0.594484  0.962026
14 21  0.581328  1.095316
14 22  0.567380  0.784433
14 23  0.588829  1.132785
14 24  0.587153  1.073705
14 25  0.572365  1.104875
14 26  0.567338  0.784652
15 16  0.568252  0.945686
15 17  0.568492  0.958343
15 18  0.578682  1.019471
15 19  0.594482  1.115608
15 20  0.593749  0.937355
15 21  0.581786  1.121863
15 22  0.566862  0.774014
15 23  0.588664  1.137370
15 24  0.586716  1.055514
15 25  0.572139  1.101285
15 26  0.566786  0.772375
16 17  0.523306  0.929007
16 18  0.586531  1.055092
16 19  0.572293  1.103792
16 20  0.593789  0.938440
16 21  0.588575  1.137586
16 22  0.566842  0.773606
16 23  0.581998  1.124344
16 24  0.578949  1.021935
16 25  0.594363  1.115298
16 26  0.566896  0.775284
17 18  0.586748  1.072311
17 19  0.572410  1.106986
17 20  0.594306  0.962242
17 21  0.588519  1.132016
17 22  0.567173  0.784878
17 23  0.581295  1.096600
17 24  0.580076  1.060921
17 25  0.594545  1.121508
17 26  0.567194  0.784695
18 19  0.612787  1.231402
18 20  0.602919  1.014029
18 21  0.570057  1.236706
18 22  0.584016  0.890320
18 23  0.606533  1.253248
18 24  0.604619  1.154440
18 25  0.587915  1.202395
18 26  0.582935  0.883775
19 20  0.619050  1.115093
19 21  0.613431  1.277744
19 22  0.592855  0.947826
19 23  0.590094  1.262125
19 24  0.588264  1.205454
19 25  0.620499  1.294777
19 26  0.593083  0.951721
20 21  0.614310  1.144127
20 22  0.554704  0.758294
20 23  0.614437  1.145242
20 24  0.603081  1.015285
20 25  0.618909  1.113721
20 26  0.554715  0.758305
21 22  0.587404  0.965087
21 23  0.598482  1.245192
21 24  0.606627  1.253781
21 25  0.589806  1.259683
21 26  0.587301  0.965155
22 23  0.587445  0.966200
22 24  0.583182  0.885403
22 25  0.592927  0.950044
22 26  0.517932  0.561810
23 24  0.570425  1.239311
23 25  0.613396  1.277265
23 26  0.587529  0.966186
24 25  0.612852  1.231390
24 26  0.584249  0.891962
25 26  0.592683  0.946214
