   -993.90200717
   -994.21849231     -994.08740560
0.00003016389365
2 2 2 2 2 2 2 2 2 2 2 2 2 0 0 0 0 0 0 0 0 0 0 0 0 0 
1  0.281243  0.468186
2  0.281227  0.469515
3  0.281112  0.469721
4  0.281212  0.469296
5  0.303343  0.651445
6  0.301092  0.616221
7  0.309934  0.477362
8  0.301149  0.617099
9  0.303190  0.650598
10  0.281914  0.304422
11  0.311567  0.661817
12  0.311486  0.660819
13  0.282136  0.305144
14  0.285187  0.485093
15  0.284663  0.474560
16  0.284724  0.475595
17  0.285009  0.485263
18  0.304294  0.593836
19  0.311611  0.650596
20  0.312122  0.486664
21  0.307029  0.671672
22  0.284483  0.303772
23  0.307124  0.672566
24  0.304528  0.595064
25  0.311483  0.649447
26  0.284403  0.303760
1 2  0.518299  0.906834
1 3  0.562349  0.937154
1 4  0.562430  0.934673
1 5  0.584105  1.105117
1 6  0.576677  1.067469
1 7  0.590999  0.941388
1 8  0.582329  1.080526
1 9  0.576889  1.070412
1 10  0.563121  0.772466
1 11  0.592700  1.117491
1 12  0.570817  1.103803
1 13  0.563368  0.772335
1 14  0.276631  0.745688
1 15  0.516123  0.895170
1 16  0.565882  0.943146
1 17  0.566019  0.952754
1 18  0.584193  1.055320
1 19  0.592622  1.116539
1 20  0.593304  0.953508
1 21  0.585199  1.137924
1 22  0.565698  0.771912
1 23  0.587448  1.138826
1 24  0.585767  1.061830
1 25  0.561289  1.073540
1 26  0.565581  0.771692
2 3  0.562337  0.934660
2 4  0.562433  0.938054
2 5  0.584383  1.117948
2 6  0.574889  1.039323
2 7  0.590738  0.928892
2 8  0.582336  1.071718
2 9  0.578827  1.102644
2 10  0.563012  0.772701
2 11  0.592739  1.119669
2 12  0.570749  1.105474
2 13  0.563305  0.774372
2 14  0.516375  0.906519
2 15  0.275789  0.734405
2 16  0.565889  0.944341
2 17  0.566157  0.954083
2 18  0.582480  1.061812
2 19  0.592833  1.118038
2 20  0.592536  0.955573
2 21  0.586910  1.134021
2 22  0.565634  0.773181
2 23  0.588264  1.139947
2 24  0.585708  1.062654
2 25  0.561667  1.075266
2 26  0.565208  0.773074
3 4  0.518165  0.908098
3 5  0.578823  1.103332
3 6  0.582165  1.071115
3 7  0.590623  0.929112
3 8  0.574838  1.040431
3 9  0.584113  1.117263
3 10  0.562966  0.773894
3 11  0.570810  1.107048
3 12  0.592543  1.118818
3 13  0.563117  0.773543
3 14  0.566220  0.954117
3 15  0.565713  0.943515
3 16  0.275529  0.735600
3 17  0.516360  0.907182
3 18  0.585360  1.061631
3 19  0.561624  1.076502
3 20  0.592414  0.955774
3 21  0.588053  1.139253
3 22  0.565171  0.773291
3 23  0.586894  1.135119
3 24  0.582613  1.063225
3 25  0.592590  1.117101
3 26  0.565439  0.773372
4 5  0.577010  1.071990
4 6  0.582242  1.080819
4 7  0.590969  0.942523
4 8  0.576752  1.069681
4 9  0.583920  1.105198
4 10  0.563115  0.772749
4 11  0.570788  1.105450
4 12  0.592588  1.117612
4 13  0.563311  0.774303
4 14  0.566164  0.953689
4 15  0.565788  0.943221
4 16  0.516271  0.897130
4 17  0.276256  0.746926
4 18  0.585501  1.061703
4 19  0.561536  1.075765
4 20  0.593276  0.954611
4 21  0.587317  1.139028
4 22  0.565631  0.772816
4 23  0.585239  1.139897
4 24  0.584394  1.057640
4 25  0.592462  1.116487
4 26  0.565587  0.773010
5 6  0.603864  1.261537
5 7  0.612795  1.125511
5 8  0.568750  1.247841
5 9  0.596940  1.229023
5 10  0.585187  0.953261
5 11  0.588892  1.264776
5 12  0.613305  1.275468
5 13  0.585301  0.954757
5 14  0.587459  1.134627
5 15  0.587835  1.124073
5 16  0.586590  1.119780
5 17  0.585321  1.134675
5 18  0.607161  1.240967
5 19  0.582674  1.257888
5 20  0.614548  1.124261
5 21  0.601728  1.318904
5 22  0.587771  0.954269
5 23  0.352792  1.202608
5 24  0.566168  1.175931
5 25  0.612465  1.296327
5 26  0.587689  0.954918
6 7  0.602486  1.031819
6 8  0.601678  1.191420
6 9  0.568548  1.246173
6 10  0.580996  0.914100
6 11  0.612556  1.261558
6 12  0.586925  1.232603
6 13  0.582292  0.920274
6 14  0.584806  1.093560
6 15  0.582874  1.088993
6 16  0.585739  1.089649
6 17  0.586092  1.099760
6 18  0.348377  1.076181
6 19  0.612309  1.262560
6 20  0.604649  1.101355
6 21  0.566493  1.215805
6 22  0.585193  0.919362
6 23  0.607569  1.282469
6 24  0.604686  1.207154
6 25  0.580370  1.214839
6 26  0.583340  0.918867
7 8  0.602572  1.032649
7 9  0.612638  1.124759
7 10  0.553155  0.759400
7 11  0.620197  1.120124
7 12  0.620100  1.119022
7 13  0.553238  0.759736
7 14  0.595036  0.961020
7 15  0.593766  0.951324
7 16  0.593822  0.952356
7 17  0.594859  0.961186
7 18  0.605476  1.069740
7 19  0.618918  1.123712
7 20  0.379056  0.806736
7 21  0.616277  1.135759
7 22  0.545398  0.752733
7 23  0.616367  1.136552
7 24  0.605786  1.070999
7 25  0.618787  1.122540
7 26  0.545642  0.752976
8 9  0.603761  1.261568
8 10  0.582095  0.920469
8 11  0.587046  1.234179
8 12  0.612532  1.261474
8 13  0.581242  0.915326
8 14  0.586327  1.100466
8 15  0.585737  1.089496
8 16  0.582945  1.090883
8 17  0.584686  1.094556
8 18  0.604516  1.206802
8 19  0.580646  1.217481
8 20  0.604622  1.102205
8 21  0.607519  1.282447
8 22  0.583459  0.919752
8 23  0.566573  1.216893
8 24  0.348613  1.078615
8 25  0.612233  1.262289
8 26  0.585173  0.920224
9 10  0.584925  0.953129
9 11  0.613227  1.275595
9 12  0.588660  1.262929
9 13  0.585256  0.953124
9 14  0.585312  1.133682
9 15  0.586371  1.117895
9 16  0.587751  1.124256
9 17  0.587137  1.133948
9 18  0.565713  1.173442
9 19  0.612418  1.296614
9 20  0.614389  1.123334
9 21  0.352763  1.200774
9 22  0.587615  0.954085
9 23  0.601595  1.318936
9 24  0.607242  1.241320
9 25  0.582589  1.256665
9 26  0.587536  0.953398
10 11  0.593299  0.965225
10 12  0.592966  0.959512
10 13  0.516451  0.570722
10 14  0.566963  0.789229
10 15  0.566072  0.778734
10 16  0.566516  0.779894
10 17  0.566848  0.789623
10 18  0.584121  0.897019
10 19  0.593459  0.954779
10 20  0.546156  0.761960
10 21  0.588906  0.975433
10 22  0.513167  0.563673
10 23  0.588992  0.976746
10 24  0.586059  0.898803
10 25  0.592773  0.953500
10 26  0.288858  0.345883
11 12  0.622886  1.315909
11 13  0.593269  0.961054
11 14  0.596533  1.144349
11 15  0.596222  1.134103
11 16  0.565079  1.090427
11 17  0.565212  1.100802
11 18  0.615554  1.251664
11 19  0.404431  1.233968
11 20  0.621099  1.144057
11 21  0.616134  1.328313
11 22  0.595365  0.965083
11 23  0.585824  1.290593
11 24  0.583583  1.205755
11 25  0.622064  1.306069
11 26  0.595899  0.965286
12 13  0.593446  0.965050
12 14  0.565330  1.099640
12 15  0.564835  1.088437
12 16  0.596203  1.134126
12 17  0.596280  1.143525
12 18  0.583436  1.204278
12 19  0.622116  1.306209
12 20  0.621046  1.143119
12 21  0.585533  1.288119
12 22  0.595897  0.964302
12 23  0.616155  1.328207
12 24  0.615708  1.251890
12 25  0.404398  1.231607
12 26  0.595212  0.964076
13 14  0.567248  0.790175
13 15  0.566681  0.779583
13 16  0.566340  0.780487
13 17  0.567005  0.790111
13 18  0.586060  0.898306
13 19  0.593097  0.955361
13 20  0.546492  0.762807
13 21  0.589120  0.976569
13 22  0.289146  0.346744
13 23  0.589221  0.977004
13 24  0.584529  0.898956
13 25  0.593558  0.954355
13 26  0.512980  0.564132
14 15  0.524581  0.927962
14 16  0.569902  0.959880
14 17  0.570165  0.966271
14 18  0.582487  1.061859
14 19  0.596657  1.121088
14 20  0.597064  0.967490
14 21  0.584228  1.101056
14 22  0.569651  0.788517
14 23  0.591723  1.138010
14 24  0.589622  1.075974
14 25  0.574186  1.104415
14 26  0.569541  0.788728
15 16  0.569384  0.946079
15 17  0.569662  0.959021
15 18  0.581055  1.022281
15 19  0.596198  1.114144
15 20  0.596262  0.942757
15 21  0.584605  1.127719
15 22  0.569070  0.778185
15 23  0.591509  1.143270
15 24  0.589134  1.057527
15 25  0.573952  1.100924
15 26  0.568926  0.776536
16 17  0.524478  0.929179
16 18  0.588961  1.057264
16 19  0.574086  1.102769
16 20  0.596321  0.943659
16 21  0.591474  1.143437
16 22  0.569068  0.777587
16 23  0.584795  1.129787
16 24  0.581345  1.024206
16 25  0.596131  1.114055
16 26  0.569053  0.779203
17 18  0.589208  1.074867
17 19  0.574200  1.105957
17 20  0.596882  0.967607
17 21  0.591451  1.137343
17 22  0.569443  0.788910
17 23  0.584156  1.102108
17 24  0.582518  1.063021
17 25  0.596350  1.120087
17 26  0.569393  0.788671
18 19  0.615806  1.232140
18 20  0.606445  1.020405
18 21  0.574169  1.244760
18 22  0.587464  0.896414
18 23  0.610656  1.261156
18 24  0.608314  1.158063
18 25  0.590928  1.204030
18 26  0.586327  0.889834
19 20  0.622160  1.118896
19 21  0.616876  1.280678
19 22  0.595664  0.950076
19 23  0.593504  1.265869
19 24  0.591253  1.206323
19 25  0.622857  1.292331
19 26  0.595824  0.953944
20 21  0.618606  1.155154
20 22  0.558251  0.767403
20 23  0.618696  1.156064
20 24  0.606632  1.021380
20 25  0.622043  1.117885
20 26  0.558201  0.767363
21 22  0.591402  0.974603
21 23  0.602499  1.252675
21 24  0.610799  1.261494
21 25  0.593287  1.264023
21 26  0.591231  0.974654
22 23  0.591405  0.975548
22 24  0.586652  0.891129
22 25  0.595774  0.952795
22 26  0.520618  0.568193
23 24  0.574502  1.246762
23 25  0.616832  1.280430
23 26  0.591417  0.975486
24 25  0.615912  1.232174
24 26  0.587636  0.897632
25 26  0.595457  0.948913
