   -993.90200717
   -994.21861439     -994.08774311
0.00002514682783
2 2 2 2 2 2 2 2 2 2 2 2 2 0 0 0 0 0 0 0 0 0 0 0 0 0 
1  0.281408  0.468132
2  0.281367  0.469442
3  0.281255  0.469925
4  0.281375  0.469459
5  0.303964  0.653160
6  0.301601  0.616717
7  0.310466  0.479037
8  0.301655  0.617978
9  0.303821  0.652001
10  0.282439  0.305650
11  0.311869  0.661436
12  0.311775  0.660131
13  0.282656  0.306410
14  0.285350  0.485116
15  0.284811  0.474597
16  0.284875  0.475782
17  0.285177  0.485426
18  0.304824  0.594345
19  0.311909  0.650298
20  0.312638  0.488262
21  0.307654  0.673082
22  0.285012  0.304971
23  0.307731  0.674117
24  0.305039  0.595830
25  0.311765  0.648833
26  0.284948  0.304948
1 2  0.518598  0.906630
1 3  0.562655  0.937311
1 4  0.562756  0.934739
1 5  0.584887  1.106605
1 6  0.577343  1.067873
1 7  0.591692  0.942965
1 8  0.582998  1.081328
1 9  0.577671  1.071705
1 10  0.563810  0.773638
1 11  0.593163  1.116893
1 12  0.571273  1.103139
1 13  0.564053  0.773540
1 14  0.276911  0.745542
1 15  0.516446  0.895450
1 16  0.566193  0.943283
1 17  0.566339  0.952873
1 18  0.584886  1.055836
1 19  0.593083  1.116203
1 20  0.593984  0.955045
1 21  0.585983  1.139299
1 22  0.566391  0.773057
1 23  0.588202  1.140341
1 24  0.586442  1.062552
1 25  0.561744  1.073087
1 26  0.566291  0.772826
2 3  0.562620  0.934751
2 4  0.562735  0.938150
2 5  0.585141  1.119566
2 6  0.575525  1.039785
2 7  0.591409  0.930431
2 8  0.582982  1.072407
2 9  0.579581  1.103897
2 10  0.563675  0.773860
2 11  0.593182  1.119108
2 12  0.571184  1.104817
2 13  0.563963  0.775560
2 14  0.516688  0.906773
2 15  0.276047  0.734250
2 16  0.566177  0.944459
2 17  0.566463  0.954178
2 18  0.583149  1.062261
2 19  0.593272  1.117683
2 20  0.593184  0.957100
2 21  0.587672  1.135405
2 22  0.566303  0.774303
2 23  0.589010  1.141409
2 24  0.586358  1.063353
2 25  0.562101  1.074782
2 26  0.565889  0.774185
3 4  0.518466  0.908374
3 5  0.579568  1.105133
3 6  0.582816  1.071696
3 7  0.591296  0.930899
3 8  0.575474  1.041468
3 9  0.584884  1.118837
3 10  0.563631  0.775322
3 11  0.571259  1.106950
3 12  0.592975  1.118209
3 13  0.563778  0.775015
3 14  0.566523  0.954349
3 15  0.566001  0.943759
3 16  0.275788  0.735947
3 17  0.516680  0.907844
3 18  0.586031  1.062349
3 19  0.562077  1.076602
3 20  0.593067  0.957578
3 21  0.588820  1.140848
3 22  0.565839  0.774690
3 23  0.587641  1.136906
3 24  0.583265  1.064202
3 25  0.593015  1.116708
3 26  0.566127  0.774762
4 5  0.577780  1.073738
4 6  0.582913  1.081450
4 7  0.591661  0.944309
4 8  0.577415  1.070653
4 9  0.584711  1.106573
4 10  0.563803  0.774133
4 11  0.571256  1.105308
4 12  0.593037  1.116905
4 13  0.563994  0.775731
4 14  0.566477  0.953885
4 15  0.566096  0.943425
4 16  0.516595  0.897783
4 17  0.276537  0.747204
4 18  0.586194  1.062386
4 19  0.562007  1.075824
4 20  0.593954  0.956363
4 21  0.588090  1.140619
4 22  0.566323  0.774177
4 23  0.586004  1.141624
4 24  0.585067  1.058626
4 25  0.592904  1.116053
4 26  0.566295  0.774361
5 6  0.604988  1.263727
5 7  0.613944  1.128885
5 8  0.569863  1.250380
5 9  0.598019  1.231044
5 10  0.586333  0.956191
5 11  0.589786  1.266047
5 12  0.614207  1.276155
5 13  0.586442  0.957728
5 14  0.588230  1.136381
5 15  0.588602  1.125806
5 16  0.587358  1.121719
5 17  0.586106  1.136566
5 18  0.608310  1.243137
5 19  0.583570  1.259532
5 20  0.615681  1.127594
5 21  0.602888  1.321994
5 22  0.588918  0.957185
5 23  0.353840  1.206123
5 24  0.567284  1.178664
5 25  0.613359  1.297446
5 26  0.588853  0.957820
6 7  0.603452  1.033619
6 8  0.602679  1.192497
6 9  0.569667  1.248050
6 10  0.582012  0.915805
6 11  0.613366  1.261599
6 12  0.587714  1.232528
6 13  0.583304  0.922002
6 14  0.585476  1.094139
6 15  0.583528  1.089539
6 16  0.586398  1.090340
6 17  0.586768  1.100428
6 18  0.349274  1.077197
6 19  0.613114  1.262774
6 20  0.605633  1.103427
6 21  0.567617  1.218001
6 22  0.586227  0.921042
6 23  0.608684  1.284465
6 24  0.605675  1.208420
6 25  0.581152  1.215034
6 26  0.584394  0.920553
7 8  0.603529  1.034769
7 9  0.613796  1.127824
7 10  0.554215  0.762313
7 11  0.621025  1.121360
7 12  0.620917  1.119975
7 13  0.554292  0.762683
7 14  0.595730  0.962713
7 15  0.594440  0.953040
7 16  0.594498  0.954221
7 17  0.595558  0.963018
7 18  0.606492  1.071909
7 19  0.619747  1.125084
7 20  0.380064  0.810031
7 21  0.617429  1.138858
7 22  0.546432  0.755564
7 23  0.617500  1.139786
7 24  0.606783  1.073420
7 25  0.619597  1.123597
7 26  0.546695  0.755794
8 9  0.604894  1.263829
8 10  0.583110  0.922545
8 11  0.587846  1.234733
8 12  0.613326  1.261573
8 13  0.582253  0.917443
8 14  0.586996  1.101377
8 15  0.586390  1.090421
8 16  0.583601  1.091957
8 17  0.585359  1.095653
8 18  0.605513  1.208191
8 19  0.581445  1.218359
8 20  0.605602  1.104662
8 21  0.608651  1.284668
8 22  0.584495  0.921831
8 23  0.567688  1.219541
8 24  0.349492  1.080380
8 25  0.613019  1.262564
8 26  0.586222  0.922276
9 10  0.586080  0.955748
9 11  0.614150  1.276290
9 12  0.589555  1.263618
9 13  0.586408  0.955778
9 14  0.586104  1.135127
9 15  0.587146  1.119378
9 16  0.588528  1.125828
9 17  0.587917  1.135529
9 18  0.566853  1.175656
9 19  0.613338  1.297736
9 20  0.615532  1.126365
9 21  0.353829  1.203763
9 22  0.588773  0.956684
9 23  0.602750  1.321857
9 24  0.608382  1.243433
9 25  0.583480  1.257726
9 26  0.588710  0.955994
10 11  0.594122  0.966066
10 12  0.593776  0.960052
10 13  0.517271  0.572892
10 14  0.567650  0.790478
10 15  0.566739  0.779992
10 16  0.567190  0.781305
10 17  0.567539  0.791012
10 18  0.585177  0.898757
10 19  0.594281  0.955703
10 20  0.547179  0.764770
10 21  0.590054  0.978069
10 22  0.514051  0.565784
10 23  0.590122  0.979524
10 24  0.587092  0.900783
10 25  0.593578  0.954113
10 26  0.289795  0.347782
11 12  0.623470  1.314901
11 13  0.594086  0.961930
11 14  0.596989  1.144011
11 15  0.596672  1.133777
11 16  0.565537  1.090439
11 17  0.565687  1.100804
11 18  0.616384  1.251810
11 19  0.404975  1.233234
11 20  0.621910  1.145267
11 21  0.617051  1.329362
11 22  0.596194  0.965902
11 23  0.586718  1.292019
11 24  0.584401  1.206418
11 25  0.622641  1.305123
11 26  0.596745  0.966090
12 13  0.594252  0.965622
12 14  0.565791  1.099208
12 15  0.565277  1.088017
12 16  0.596643  1.133645
12 17  0.596728  1.143021
12 18  0.584261  1.204411
12 19  0.622693  1.305274
12 20  0.621842  1.144031
12 21  0.586431  1.289137
12 22  0.596715  0.964811
12 23  0.617037  1.329097
12 24  0.616505  1.251989
12 25  0.404915  1.230156
12 26  0.596044  0.964579
13 14  0.567929  0.791463
13 15  0.567348  0.780881
13 16  0.567007  0.781934
13 17  0.567694  0.791538
13 18  0.587108  0.900067
13 19  0.593914  0.956328
13 20  0.547512  0.765664
13 21  0.590264  0.979246
13 22  0.290072  0.348690
13 23  0.590347  0.979818
13 24  0.585560  0.900992
13 25  0.594360  0.954999
13 26  0.513864  0.566262
14 15  0.524881  0.927935
14 16  0.570215  0.960096
14 17  0.570495  0.966403
14 18  0.583172  1.062338
14 19  0.597116  1.120632
14 20  0.597738  0.969055
14 21  0.585007  1.102417
14 22  0.570342  0.789734
14 23  0.592487  1.139390
14 24  0.590292  1.076742
14 25  0.574632  1.103913
14 26  0.570248  0.789936
15 16  0.569683  0.946243
15 17  0.569977  0.959227
15 18  0.581721  1.022834
15 19  0.596644  1.113746
15 20  0.596925  0.944304
15 21  0.585356  1.129073
15 22  0.569744  0.779416
15 23  0.592257  1.144827
15 24  0.589792  1.058196
15 25  0.574391  1.100438
15 26  0.569617  0.777767
16 17  0.524788  0.929450
16 18  0.589641  1.057831
16 19  0.574543  1.102725
16 20  0.596986  0.945345
16 21  0.592246  1.145007
16 22  0.569746  0.778976
16 23  0.585533  1.131423
16 24  0.581994  1.025120
16 25  0.596564  1.113514
16 26  0.569746  0.780575
17 18  0.589903  1.075527
17 19  0.574667  1.105894
17 20  0.597562  0.969317
17 21  0.592238  1.138718
17 22  0.570139  0.790269
17 23  0.584921  1.103705
17 24  0.583189  1.063887
17 25  0.596798  1.119474
17 26  0.570106  0.790020
18 19  0.616633  1.232240
18 20  0.607403  1.022140
18 21  0.575302  1.246627
18 22  0.588499  0.898080
18 23  0.611784  1.263207
18 24  0.609341  1.159061
18 25  0.591737  1.204054
18 26  0.587380  0.891516
19 20  0.622969  1.120128
19 21  0.617783  1.281464
19 22  0.596487  0.950981
19 23  0.594385  1.267047
19 24  0.592055  1.206862
19 25  0.623436  1.291472
19 26  0.596664  0.954836
20 21  0.619741  1.158151
20 22  0.559304  0.770210
20 23  0.619812  1.159203
20 24  0.607576  1.023337
20 25  0.622838  1.118834
20 26  0.559267  0.770156
21 22  0.592554  0.977215
21 23  0.603566  1.254541
21 24  0.611926  1.263655
21 25  0.594168  1.264796
21 26  0.592400  0.977252
22 23  0.592540  0.978296
22 24  0.587669  0.893073
22 25  0.596582  0.953382
22 26  0.521442  0.570235
23 24  0.575603  1.249018
23 25  0.617708  1.281075
23 26  0.592568  0.978227
24 25  0.616703  1.232231
24 26  0.588668  0.899552
25 26  0.596280  0.949497
