   -841.25427943
   -841.51726535     -841.38285324
0.00006279675151
2 2 2 2 2 2 2 2 2 2 2 0 0 0 0 0 0 0 0 0 0 0 
1  0.300767  0.569735
2  0.304175  0.749940
3  0.299991  0.583744
4  0.303448  0.764868
5  0.276116  0.452058
6  0.278206  0.448094
7  0.278048  0.434061
8  0.280293  0.425068
9  0.263336  0.548840
10  0.264238  0.528371
11  0.271834  0.644790
12  0.276915  0.659296
13  0.268783  0.511253
14  0.269850  0.564364
15  0.282500  0.407902
16  0.281229  0.454339
17  0.280088  0.430160
18  0.278581  0.463115
19  0.303876  0.770779
20  0.301787  0.575843
21  0.305620  0.739240
22  0.300859  0.582657
1 2  0.593906  1.299123
1 3  0.600743  1.148943
1 4  0.602111  1.273058
1 5  0.576855  1.010987
1 6  0.578939  1.010099
1 7  0.548607  0.978943
1 8  0.549813  0.974810
1 9  0.563877  1.107464
1 10  0.545306  1.070795
1 11  0.570911  1.189089
1 12  0.577089  1.225530
1 13  0.543557  1.046690
1 14  0.569606  1.131528
1 15  0.541955  0.929950
1 16  0.542893  0.980638
1 17  0.580789  0.998930
1 18  0.579343  1.031568
1 19  0.603930  1.333641
1 20  0.372038  1.029311
1 21  0.587345  1.272621
1 22  0.601210  1.149989
2 3  0.603115  1.295413
2 4  0.591287  1.476645
2 5  0.580197  1.197923
2 6  0.582160  1.177031
2 7  0.578255  1.140653
2 8  0.582191  1.151225
2 9  0.564008  1.231940
2 10  0.546899  1.234532
2 11  0.549280  1.344431
2 12  0.548104  1.349614
2 13  0.543134  1.221927
2 14  0.571467  1.307769
2 15  0.586045  1.156527
2 16  0.583746  1.202409
2 17  0.583538  1.177414
2 18  0.582340  1.209313
2 19  0.583869  1.450635
2 20  0.587609  1.293020
2 21  0.372980  1.417400
2 22  0.604845  1.327955
3 4  0.592562  1.327698
3 5  0.545432  1.011340
3 6  0.547224  1.010953
3 7  0.578022  1.012509
3 8  0.580273  0.999937
3 9  0.544082  1.104790
3 10  0.564089  1.087177
3 11  0.569200  1.173100
3 12  0.574889  1.238589
3 13  0.568018  1.092369
3 14  0.543656  1.109130
3 15  0.582480  0.990862
3 16  0.581206  1.037033
3 17  0.538730  0.963073
3 18  0.539307  1.002272
3 19  0.585092  1.320001
3 20  0.601459  1.157059
3 21  0.605424  1.318431
3 22  0.369655  1.054757
4 5  0.575701  1.167338
4 6  0.579447  1.184563
4 7  0.581140  1.191389
4 8  0.583662  1.186472
4 9  0.544387  1.262891
4 10  0.565775  1.265392
4 11  0.548445  1.353607
4 12  0.547348  1.365618
4 13  0.571599  1.269041
4 14  0.544156  1.290260
4 15  0.585595  1.170537
4 16  0.583766  1.216198
4 17  0.582960  1.193180
4 18  0.580352  1.225355
4 19  0.371061  1.469304
4 20  0.604432  1.333746
4 21  0.584558  1.433036
4 22  0.585743  1.312355
5 6  0.507897  0.864291
5 7  0.554159  0.885211
5 8  0.556408  0.876098
5 9  0.535330  0.984604
5 10  0.540293  0.973088
5 11  0.547489  1.085698
5 12  0.551672  1.108979
5 13  0.544670  0.962354
5 14  0.544759  1.011285
5 15  0.558570  0.859668
5 16  0.557286  0.905940
5 17  0.504912  0.839146
5 18  0.278348  0.715784
5 19  0.578752  1.220228
5 20  0.577900  1.026651
5 21  0.581105  1.187877
5 22  0.537023  0.983588
6 7  0.556248  0.878342
6 8  0.558498  0.872389
6 9  0.535552  0.958528
6 10  0.542373  0.975172
6 11  0.549893  1.090885
6 12  0.554747  1.104197
6 13  0.546977  0.958486
6 14  0.543866  1.010958
6 15  0.560651  0.855744
6 16  0.559318  0.901938
6 17  0.278045  0.669907
6 18  0.504327  0.859455
6 19  0.581424  1.216402
6 20  0.579871  1.022695
6 21  0.583118  1.184490
6 22  0.539776  0.984481
7 8  0.511192  0.824213
7 9  0.541280  0.971320
7 10  0.538317  0.949029
7 11  0.549743  1.074319
7 12  0.554612  1.090609
7 13  0.545742  0.940126
7 14  0.547517  0.997162
7 15  0.508198  0.797052
7 16  0.278957  0.678696
7 17  0.558059  0.863873
7 18  0.556600  0.896746
7 19  0.581009  1.202015
7 20  0.540290  0.964449
7 21  0.582264  1.171700
7 22  0.578886  1.015769
8 9  0.543576  0.969154
8 10  0.538562  0.921031
8 11  0.551895  1.050090
8 12  0.556448  1.082597
8 13  0.545229  0.935173
8 14  0.550099  0.988521
8 15  0.279226  0.611909
8 16  0.508309  0.829162
8 17  0.560351  0.854970
8 18  0.558840  0.887773
8 19  0.583792  1.193206
8 20  0.542438  0.956146
8 21  0.585235  1.162613
8 22  0.581140  1.006670
9 10  0.527473  1.072211
9 11  0.532672  1.177873
9 12  0.539524  1.195226
9 13  0.531778  1.057024
9 14  0.253311  0.936940
9 15  0.545788  0.955974
9 16  0.544171  1.001677
9 17  0.540002  0.977794
9 18  0.540919  1.004996
9 19  0.538124  1.280772
9 20  0.564058  1.122091
9 21  0.566738  1.281842
9 22  0.537572  1.095912
10 11  0.531158  1.111137
10 12  0.536491  1.182840
10 13  0.253004  0.852589
10 14  0.533870  1.088572
10 15  0.543172  0.935125
10 16  0.544496  0.975769
10 17  0.544293  0.957716
10 18  0.542584  0.990227
10 19  0.567461  1.290802
10 20  0.539215  1.066098
10 21  0.541162  1.231374
10 22  0.564390  1.108092
11 12  0.272724  1.167871
11 13  0.536386  1.151812
11 14  0.540918  1.196339
11 15  0.553650  1.051071
11 16  0.552706  1.095852
11 17  0.551374  1.072455
11 18  0.548970  1.105758
11 19  0.543355  1.356787
11 20  0.573139  1.216721
11 21  0.544274  1.330744
11 22  0.571055  1.222901
12 13  0.540303  1.110619
12 14  0.543092  1.211022
12 15  0.559263  1.054011
12 16  0.557961  1.110838
12 17  0.556748  1.087943
12 18  0.554808  1.103489
12 19  0.553182  1.362681
12 20  0.576544  1.211487
12 21  0.554828  1.351891
12 22  0.574642  1.183537
13 14  0.538482  1.071901
13 15  0.544909  0.893561
13 16  0.544923  0.956117
13 17  0.548813  0.940432
13 18  0.547329  0.965690
13 19  0.569955  1.254935
13 20  0.549637  1.062297
13 21  0.552240  1.210831
13 22  0.569525  1.071641
14 15  0.552277  0.967596
14 16  0.550947  1.003642
14 17  0.543517  0.958512
14 18  0.543279  1.014004
14 19  0.550118  1.275556
14 20  0.571299  1.123082
14 21  0.571482  1.234831
14 22  0.549595  1.120393
15 16  0.515786  0.828306
15 17  0.562585  0.837340
15 18  0.561078  0.870201
15 19  0.586262  1.176864
15 20  0.553597  0.969031
15 21  0.585010  1.123782
15 22  0.583344  0.983984
16 17  0.561312  0.880265
16 18  0.559806  0.916345
16 19  0.584693  1.211321
16 20  0.552390  0.992334
16 21  0.582398  1.145592
16 22  0.582062  1.032336
17 18  0.511807  0.860355
17 19  0.580835  1.172321
17 20  0.581857  0.998078
17 21  0.585529  1.153448
17 22  0.550526  0.995010
18 19  0.578159  1.182184
18 20  0.580354  1.029436
18 21  0.584071  1.199512
18 22  0.548364  1.011615
19 20  0.603200  1.279979
19 21  0.594091  1.471168
19 22  0.594452  1.330548
20 21  0.596382  1.286526
20 22  0.602616  1.155030
21 22  0.605002  1.283217
