   -841.25427943
   -841.51766328     -841.38385300
0.00002875499753
2 2 2 2 2 2 2 2 2 2 2 0 0 0 0 0 0 0 0 0 0 0 
1  0.302118  0.572555
2  0.305931  0.750003
3  0.301390  0.584840
4  0.305235  0.764539
5  0.276807  0.453716
6  0.278920  0.449396
7  0.278602  0.436995
8  0.280899  0.428016
9  0.264592  0.549985
10  0.265611  0.530955
11  0.273135  0.644519
12  0.278252  0.658794
13  0.270136  0.513597
14  0.271154  0.566138
15  0.283150  0.410320
16  0.281862  0.457168
17  0.280845  0.431840
18  0.279252  0.464984
19  0.305596  0.770809
20  0.303048  0.578173
21  0.307257  0.739432
22  0.302249  0.583589
1 2  0.596838  1.301747
1 3  0.603489  1.152826
1 4  0.605146  1.274823
1 5  0.578890  1.014943
1 6  0.581000  1.013911
1 7  0.550524  0.984550
1 8  0.551821  0.980507
1 9  0.566473  1.111274
1 10  0.547939  1.075969
1 11  0.573492  1.191348
1 12  0.579756  1.227858
1 13  0.546176  1.052099
1 14  0.572204  1.136145
1 15  0.543950  0.935423
1 16  0.544852  0.986539
1 17  0.582883  1.003438
1 18  0.581362  1.036242
1 19  0.606980  1.336561
1 20  0.374311  1.035053
1 21  0.590170  1.275516
1 22  0.603932  1.153756
2 3  0.606186  1.296340
2 4  0.594651  1.476516
2 5  0.582641  1.199687
2 6  0.584634  1.178071
2 7  0.580552  1.142889
2 8  0.584503  1.153792
2 9  0.566884  1.233064
2 10  0.549929  1.237023
2 11  0.552242  1.344502
2 12  0.551123  1.350051
2 13  0.546144  1.224643
2 14  0.574484  1.309712
2 15  0.588437  1.159015
2 16  0.586129  1.205303
2 17  0.586001  1.179180
2 18  0.584727  1.211158
2 19  0.587169  1.451345
2 20  0.590497  1.295311
2 21  0.376125  1.417403
2 22  0.607968  1.329062
3 4  0.595531  1.328251
3 5  0.547541  1.013958
3 6  0.549404  1.013374
3 7  0.579970  1.016311
3 8  0.582275  1.003562
3 9  0.546669  1.106976
3 10  0.566851  1.090386
3 11  0.571792  1.173731
3 12  0.577587  1.239295
3 13  0.570705  1.095868
3 14  0.546311  1.112355
3 15  0.584531  0.994357
3 16  0.583238  1.040951
3 17  0.540903  0.966372
3 18  0.541369  1.005671
3 19  0.588045  1.320996
3 20  0.604083  1.160498
3 21  0.608437  1.319837
3 22  0.372078  1.056909
4 5  0.578155  1.168184
4 6  0.581882  1.185267
4 7  0.583480  1.193817
4 8  0.586049  1.189009
4 9  0.547299  1.263780
4 10  0.568829  1.267382
4 11  0.551436  1.353270
4 12  0.550439  1.365800
4 13  0.574705  1.271099
4 14  0.547139  1.291957
4 15  0.588020  1.172558
4 16  0.586114  1.218692
4 17  0.585487  1.194539
4 18  0.582807  1.226940
4 19  0.374287  1.468644
4 20  0.607470  1.335817
4 21  0.587872  1.433574
4 22  0.588698  1.312875
5 6  0.509204  0.867360
5 7  0.555403  0.889761
5 8  0.557704  0.880616
5 9  0.537205  0.987254
5 10  0.542350  0.977018
5 11  0.549465  1.086834
5 12  0.553618  1.110163
5 13  0.546712  0.966358
5 14  0.546723  1.014751
5 15  0.559909  0.863738
5 16  0.558587  0.910420
5 17  0.506319  0.842928
5 18  0.279411  0.719539
5 19  0.581166  1.221951
5 20  0.579849  1.030625
5 21  0.583418  1.189650
5 22  0.539123  0.986670
6 7  0.557516  0.882309
6 8  0.559817  0.876600
6 9  0.537495  0.960874
6 10  0.544446  0.979035
6 11  0.551901  1.091939
6 12  0.556795  1.104885
6 13  0.549042  0.962117
6 14  0.545844  1.014052
6 15  0.562019  0.859464
6 16  0.560641  0.906064
6 17  0.279346  0.673133
6 18  0.505672  0.863262
6 19  0.583840  1.217762
6 20  0.581844  1.026333
6 21  0.585394  1.186010
6 22  0.541906  0.987181
7 8  0.512278  0.830155
7 9  0.543080  0.974940
7 10  0.540195  0.954326
7 11  0.551598  1.076947
7 12  0.556496  1.092990
7 13  0.547624  0.945382
7 14  0.549318  1.001846
7 15  0.509372  0.802813
7 16  0.279899  0.685049
7 17  0.559361  0.868483
7 18  0.557816  0.901535
7 19  0.583236  1.204926
7 20  0.542098  0.969964
7 21  0.584471  1.174831
7 22  0.580828  1.019624
8 9  0.545432  0.973104
8 10  0.540511  0.926071
8 11  0.553803  1.052272
8 12  0.558312  1.085064
8 13  0.547138  0.940475
8 14  0.552006  0.993218
8 15  0.280393  0.617826
8 16  0.509519  0.835385
8 17  0.561711  0.859593
8 18  0.560109  0.892576
8 19  0.586093  1.196053
8 20  0.544324  0.961636
8 21  0.587458  1.165733
8 22  0.583136  1.010517
9 10  0.530095  1.075965
9 11  0.535159  1.178712
9 12  0.542103  1.196024
9 13  0.534384  1.060446
9 14  0.255535  0.939305
9 15  0.547693  0.959528
9 16  0.546031  1.005636
9 17  0.541952  0.980623
9 18  0.542828  1.008057
9 19  0.541035  1.282298
9 20  0.566534  1.125617
9 21  0.569602  1.283319
9 22  0.540149  1.098286
10 11  0.533707  1.113339
10 12  0.539119  1.184997
10 13  0.255287  0.857471
10 14  0.536532  1.092810
10 15  0.545140  0.940130
10 16  0.546486  0.981224
10 17  0.546418  0.961963
10 18  0.544589  0.994684
10 19  0.570514  1.293440
10 20  0.541806  1.071375
10 21  0.544059  1.234405
10 22  0.567083  1.111657
11 12  0.275258  1.166528
11 13  0.538979  1.153956
11 14  0.543494  1.197946
11 15  0.555516  1.053250
11 16  0.554631  1.098343
11 17  0.553402  1.073767
11 18  0.550864  1.107364
11 19  0.546372  1.357578
11 20  0.575670  1.218819
11 21  0.547229  1.331516
11 22  0.573705  1.223681
12 13  0.542899  1.112480
12 14  0.545639  1.212210
12 15  0.561254  1.055671
12 16  0.559933  1.113155
12 17  0.558832  1.089115
12 18  0.556803  1.104555
12 19  0.556131  1.362543
12 20  0.579046  1.213014
12 21  0.557740  1.351912
12 22  0.577269  1.183957
13 14  0.541128  1.076025
13 15  0.546880  0.897924
13 16  0.546863  0.961083
13 17  0.550915  0.944462
13 18  0.549348  0.969550
13 19  0.572923  1.257086
13 20  0.552155  1.066760
13 21  0.555107  1.213242
13 22  0.572255  1.074536
14 15  0.554220  0.971614
14 16  0.552860  1.007642
14 17  0.545540  0.961666
14 18  0.545185  1.017479
14 19  0.553028  1.277248
14 20  0.573849  1.126996
14 21  0.574316  1.236660
14 22  0.552209  1.123032
15 16  0.516994  0.833602
15 17  0.563990  0.841385
15 18  0.562398  0.874420
15 19  0.588630  1.179273
15 20  0.555553  0.973748
15 21  0.587248  1.125974
15 22  0.585383  0.986977
16 17  0.562699  0.884460
16 18  0.561109  0.920988
16 19  0.587043  1.213940
16 20  0.554287  0.997293
16 21  0.584642  1.147896
16 22  0.584078  1.035890
17 18  0.513152  0.863978
17 19  0.583250  1.173631
17 20  0.583872  1.001809
17 21  0.587924  1.155020
17 22  0.552744  0.997544
18 19  0.580547  1.183501
18 20  0.582280  1.033174
18 21  0.586376  1.201581
18 22  0.550442  1.014316
19 20  0.606079  1.281648
19 21  0.597290  1.471498
19 22  0.597399  1.331479
20 21  0.599114  1.288880
20 22  0.605264  1.158299
21 22  0.607924  1.284084
