   -841.25427943
   -841.51785574     -841.38438586
0.00001150414139
2 2 2 2 2 2 2 2 2 2 2 0 0 0 0 0 0 0 0 0 0 0 
1  0.302663  0.573840
2  0.306759  0.749991
3  0.301985  0.585816
4  0.306067  0.764523
5  0.277115  0.455379
6  0.279314  0.450715
7  0.278903  0.438734
8  0.281264  0.429644
9  0.265267  0.550763
10  0.266263  0.532191
11  0.273818  0.644291
12  0.278954  0.658455
13  0.270809  0.514960
14  0.271816  0.567114
15  0.283566  0.411959
16  0.282179  0.459106
17  0.281245  0.433192
18  0.279546  0.466539
19  0.306440  0.770753
20  0.303627  0.579330
21  0.308061  0.739488
22  0.302775  0.584357
1 2  0.598143  1.302927
1 3  0.604629  1.155061
1 4  0.606477  1.275743
1 5  0.579741  1.017531
1 6  0.581938  1.016334
1 7  0.551389  0.987526
1 8  0.552752  0.983404
1 9  0.567689  1.113257
1 10  0.549122  1.078450
1 11  0.574674  1.192244
1 12  0.580982  1.228829
1 13  0.547362  1.054902
1 14  0.573375  1.138431
1 15  0.544914  0.938498
1 16  0.545715  0.989924
1 17  0.583827  1.006078
1 18  0.582201  1.039069
1 19  0.608367  1.337848
1 20  0.375392  1.037721
1 21  0.591460  1.276834
1 22  0.605001  1.155803
2 3  0.607568  1.297165
2 4  0.596186  1.476613
2 5  0.583777  1.201340
2 6  0.585857  1.179215
2 7  0.581655  1.144194
2 8  0.585669  1.155143
2 9  0.568321  1.233822
2 10  0.551353  1.238094
2 11  0.553691  1.344452
2 12  0.552612  1.350273
2 13  0.547613  1.226234
2 14  0.575973  1.310749
2 15  0.589667  1.160636
2 16  0.587260  1.207240
2 17  0.587184  1.180537
2 18  0.585838  1.212645
2 19  0.588731  1.451616
2 20  0.591847  1.296421
2 21  0.377718  1.417298
2 22  0.609309  1.329890
3 4  0.596874  1.329044
3 5  0.548458  1.016519
3 6  0.550425  1.015691
3 7  0.580864  1.018865
3 8  0.583235  1.005901
3 9  0.547904  1.108738
3 10  0.568095  1.092339
3 11  0.573012  1.174285
3 12  0.578878  1.240009
3 13  0.571929  1.098229
3 14  0.547535  1.114501
3 15  0.585542  0.996956
3 16  0.584149  1.043863
3 17  0.541897  0.968965
3 18  0.542258  1.008417
3 19  0.589419  1.321866
3 20  0.605250  1.162635
3 21  0.609824  1.320938
3 22  0.373172  1.058748
4 5  0.579273  1.169373
4 6  0.583081  1.186374
4 7  0.584611  1.195484
4 8  0.587241  1.190577
4 9  0.548738  1.264506
4 10  0.570266  1.268494
4 11  0.552892  1.353170
4 12  0.551942  1.366148
4 13  0.576194  1.272461
4 14  0.548592  1.293134
4 15  0.589251  1.174127
4 16  0.587237  1.220609
4 17  0.586709  1.195883
4 18  0.583925  1.228501
4 19  0.375892  1.468405
4 20  0.608876  1.337027
4 21  0.589423  1.433965
4 22  0.589984  1.313569
5 6  0.509868  0.870343
5 7  0.556012  0.893127
5 8  0.558376  0.883865
5 9  0.538174  0.989551
5 10  0.543306  0.979687
5 11  0.550452  1.088132
5 12  0.554596  1.111484
5 13  0.547682  0.969385
5 14  0.547688  1.017411
5 15  0.560625  0.867030
5 16  0.559203  0.914015
5 17  0.507015  0.846252
5 18  0.279949  0.722959
5 19  0.582307  1.223580
5 20  0.580737  1.033428
5 21  0.584511  1.191311
5 22  0.539973  0.989366
6 7  0.558210  0.885195
6 8  0.560575  0.879519
6 9  0.538548  0.962831
6 10  0.545482  0.981552
6 11  0.552975  1.093036
6 12  0.557890  1.105789
6 13  0.550107  0.964792
6 14  0.546889  1.016364
6 15  0.562821  0.862422
6 16  0.561331  0.909321
6 17  0.280044  0.676101
6 18  0.506339  0.866505
6 19  0.585063  1.219033
6 20  0.582819  1.028809
6 21  0.586556  1.187419
6 22  0.542840  0.989524
7 8  0.512910  0.833532
7 9  0.544040  0.977148
7 10  0.541148  0.957164
7 11  0.552583  1.078425
7 12  0.557503  1.094340
7 13  0.548593  0.948497
7 14  0.550265  1.004554
7 15  0.510082  0.806500
7 16  0.280430  0.689011
7 17  0.560054  0.871569
7 18  0.558407  0.904820
7 19  0.584360  1.206577
7 20  0.542980  0.973011
7 21  0.585562  1.176638
7 22  0.581653  1.022126
8 9  0.546462  0.975399
8 10  0.541524  0.928698
8 11  0.554852  1.053460
8 12  0.559332  1.086382
8 13  0.548156  0.943471
8 14  0.553031  0.995814
8 15  0.281057  0.621500
8 16  0.510183  0.839301
8 17  0.562476  0.862567
8 18  0.560759  0.895748
8 19  0.587299  1.197571
8 20  0.545270  0.964566
8 21  0.588615  1.167415
8 22  0.584026  1.012900
9 10  0.531418  1.077992
9 11  0.536470  1.179254
9 12  0.543458  1.196576
9 13  0.535718  1.062531
9 14  0.256607  0.940773
9 15  0.548781  0.961942
9 16  0.547010  1.008341
9 17  0.542998  0.982763
9 18  0.543793  1.010426
9 19  0.542526  1.283270
9 20  0.567743  1.127585
9 21  0.571061  1.284232
9 22  0.541320  1.099977
10 11  0.534970  1.114352
10 12  0.540463  1.185965
10 13  0.256380  0.860045
10 14  0.537841  1.094957
10 15  0.546191  0.943009
10 16  0.547452  0.984428
10 17  0.547464  0.964538
10 18  0.545518  0.997492
10 19  0.571996  1.294651
10 20  0.543015  1.074010
10 21  0.545466  1.235912
10 22  0.568228  1.113705
11 12  0.276610  1.165515
11 13  0.540313  1.155153
11 14  0.544819  1.198797
11 15  0.556569  1.054700
11 16  0.555629  1.099994
11 17  0.554481  1.074816
11 18  0.551817  1.108697
11 19  0.547854  1.357939
11 20  0.576910  1.219771
11 21  0.548702  1.331913
11 22  0.574908  1.224303
12 13  0.544222  1.113484
12 14  0.546939  1.212835
12 15  0.562372  1.056839
12 16  0.560953  1.114728
12 17  0.559926  1.090119
12 18  0.557790  1.105577
12 19  0.557607  1.362299
12 20  0.580268  1.213659
12 21  0.559203  1.351849
12 22  0.578445  1.184409
13 14  0.542458  1.078362
13 15  0.547952  0.900682
13 16  0.547831  0.964250
13 17  0.551983  0.947180
13 18  0.550315  0.972243
13 19  0.574378  1.258279
13 20  0.553382  1.069206
13 21  0.556529  1.214491
13 22  0.573451  1.076450
14 15  0.555289  0.974107
14 16  0.553828  1.010131
14 17  0.546598  0.963799
14 18  0.546138  1.019879
14 19  0.554450  1.278054
14 20  0.575080  1.129004
14 21  0.575710  1.237668
14 22  0.553375  1.124783
15 16  0.517690  0.837180
15 17  0.564805  0.844329
15 18  0.563108  0.877578
15 19  0.589885  1.180824
15 20  0.556571  0.976543
15 21  0.588423  1.127362
15 22  0.586322  0.989144
16 17  0.563416  0.887518
16 18  0.561720  0.924439
16 19  0.588206  1.215700
16 20  0.555197  1.000276
16 21  0.585746  1.149426
16 22  0.584917  1.038428
17 18  0.513821  0.866909
17 19  0.584455  1.174689
17 20  0.584852  1.004162
17 21  0.589127  1.156234
17 22  0.553695  0.999642
18 19  0.581666  1.184617
18 20  0.583151  1.035569
18 21  0.587473  1.203196
18 22  0.551269  1.016581
19 20  0.607442  1.282399
19 21  0.598832  1.471623
19 22  0.598705  1.332166
20 21  0.600428  1.290038
20 22  0.606368  1.160217
21 22  0.609211  1.284761
