   -841.25427943
   -841.51791700     -841.38455839
0.00000634640900
2 2 2 2 2 2 2 2 2 2 2 0 0 0 0 0 0 0 0 0 0 0 
1  0.302855  0.574244
2  0.307024  0.749992
3  0.302197  0.586129
4  0.306341  0.764483
5  0.277213  0.456030
6  0.279470  0.451148
7  0.278997  0.439411
8  0.281387  0.430208
9  0.265481  0.551087
10  0.266486  0.532646
11  0.274048  0.644225
12  0.279195  0.658384
13  0.271032  0.515423
14  0.272044  0.567521
15  0.283699  0.412500
16  0.282276  0.459785
17  0.281405  0.433672
18  0.279643  0.467164
19  0.306703  0.770782
20  0.303819  0.579649
21  0.308321  0.739501
22  0.302991  0.584562
1 2  0.598575  1.303317
1 3  0.605031  1.155766
1 4  0.606928  1.275999
1 5  0.580027  1.018420
1 6  0.582284  1.017103
1 7  0.551698  0.988579
1 8  0.553078  0.984360
1 9  0.568094  1.113962
1 10  0.549528  1.079290
1 11  0.575079  1.192527
1 12  0.581406  1.229173
1 13  0.547756  1.055843
1 14  0.573778  1.139259
1 15  0.545239  0.939506
1 16  0.546027  0.991058
1 17  0.584177  1.006964
1 18  0.582488  1.040093
1 19  0.608820  1.338306
1 20  0.375748  1.038540
1 21  0.591887  1.277244
1 22  0.605411  1.156414
2 3  0.608032  1.297421
2 4  0.596682  1.476615
2 5  0.584139  1.201991
2 6  0.586279  1.179598
2 7  0.582017  1.144703
2 8  0.586048  1.155622
2 9  0.568782  1.234125
2 10  0.551825  1.238494
2 11  0.554160  1.344445
2 12  0.553102  1.350385
2 13  0.548091  1.226789
2 14  0.576463  1.311184
2 15  0.590060  1.161179
2 16  0.587622  1.207927
2 17  0.587590  1.181026
2 18  0.586199  1.213247
2 19  0.589217  1.451746
2 20  0.592287  1.296727
2 21  0.378239  1.417253
2 22  0.609787  1.330126
3 4  0.597330  1.329263
3 5  0.548785  1.017445
3 6  0.550801  1.016447
3 7  0.581169  1.019773
3 8  0.583569  1.006663
3 9  0.548319  1.109385
3 10  0.568528  1.092982
3 11  0.573437  1.174467
3 12  0.579323  1.240278
3 13  0.572346  1.099017
3 14  0.547954  1.115309
3 15  0.585887  0.997800
3 16  0.584457  1.044855
3 17  0.542268  0.969863
3 18  0.542586  1.009428
3 19  0.589874  1.322192
3 20  0.605655  1.163273
3 21  0.610293  1.321290
3 22  0.373563  1.059348
4 5  0.579641  1.169823
4 6  0.583503  1.186710
4 7  0.584983  1.196096
4 8  0.587635  1.191083
4 9  0.549208  1.264758
4 10  0.570746  1.268871
4 11  0.553376  1.353113
4 12  0.552443  1.366253
4 13  0.576684  1.272894
4 14  0.549068  1.293568
4 15  0.589661  1.174609
4 16  0.587595  1.221247
4 17  0.587138  1.196328
4 18  0.584296  1.229094
4 19  0.376417  1.468337
4 20  0.609340  1.337329
4 21  0.589922  1.434048
4 22  0.590446  1.313720
5 6  0.510098  0.871440
5 7  0.556203  0.894433
5 8  0.558597  0.885062
5 9  0.538483  0.990475
5 10  0.543623  0.980696
5 11  0.550776  1.088662
5 12  0.554918  1.112071
5 13  0.547997  0.970499
5 14  0.548014  1.018479
5 15  0.560853  0.868221
5 16  0.559392  0.915343
5 17  0.507254  0.847498
5 18  0.280123  0.724313
5 19  0.582666  1.224267
5 20  0.581028  1.034392
5 21  0.584869  1.191943
5 22  0.540305  0.990331
6 7  0.558459  0.886211
6 8  0.560853  0.880504
6 9  0.538917  0.963547
6 10  0.545854  0.982424
6 11  0.553357  1.093406
6 12  0.558289  1.106124
6 13  0.550485  0.965684
6 14  0.547264  1.017210
6 15  0.563107  0.863398
6 16  0.561574  0.910433
6 17  0.280335  0.677116
6 18  0.506568  0.867707
6 19  0.585476  1.219497
6 20  0.583165  1.029563
6 21  0.586954  1.187882
6 22  0.543213  0.990265
7 8  0.513093  0.834791
7 9  0.544342  0.977989
7 10  0.541464  0.958253
7 11  0.552906  1.079025
7 12  0.557840  1.094926
7 13  0.548910  0.949645
7 14  0.550580  1.005632
7 15  0.510277  0.807850
7 16  0.280587  0.690491
7 17  0.560300  0.872723
7 18  0.558594  0.906119
7 19  0.584705  1.207275
7 20  0.543282  0.974066
7 21  0.585915  1.177334
7 22  0.581961  1.023007
8 9  0.546795  0.976240
8 10  0.541875  0.929628
8 11  0.555207  1.053894
8 12  0.559673  1.086890
8 13  0.548497  0.944501
8 14  0.553381  0.996780
8 15  0.281298  0.622734
8 16  0.510377  0.840682
8 17  0.562759  0.863608
8 18  0.560977  0.896938
8 19  0.587686  1.198144
8 20  0.545587  0.965519
8 21  0.588993  1.167995
8 22  0.584366  1.013660
9 10  0.531854  1.078774
9 11  0.536898  1.179524
9 12  0.543908  1.196866
9 13  0.536153  1.063298
9 14  0.256987  0.941415
9 15  0.549130  0.962808
9 16  0.547312  1.009339
9 17  0.543362  0.983572
9 18  0.544103  1.011392
9 19  0.542996  1.283720
9 20  0.568132  1.128244
9 21  0.571533  1.284598
9 22  0.541728  1.100573
10 11  0.535402  1.114733
10 12  0.540922  1.186375
10 13  0.256758  0.860972
10 14  0.538290  1.095795
10 15  0.546543  0.944009
10 16  0.547771  0.985577
10 17  0.547845  0.965469
10 18  0.545834  0.998577
10 19  0.572475  1.295140
10 20  0.543416  1.074895
10 21  0.545927  1.236464
10 22  0.568644  1.114390
11 12  0.277078  1.165247
11 13  0.540764  1.155574
11 14  0.545270  1.199175
11 15  0.556909  1.055196
11 16  0.555958  1.100589
11 17  0.554874  1.075202
11 18  0.552125  1.109263
11 19  0.548333  1.358103
11 20  0.577325  1.220032
11 21  0.549184  1.332044
11 22  0.575353  1.224467
12 13  0.544666  1.113874
12 14  0.547385  1.213169
12 15  0.562747  1.057265
12 16  0.561289  1.115334
12 17  0.560323  1.090526
12 18  0.558126  1.106057
12 19  0.558086  1.362301
12 20  0.580681  1.213838
12 21  0.559684  1.351863
12 22  0.578886  1.184541
13 14  0.542908  1.079234
13 15  0.548312  0.901602
13 16  0.548147  0.965348
13 17  0.552365  0.948127
13 18  0.550634  0.973223
13 19  0.574839  1.258725
13 20  0.553792  1.069965
13 21  0.556993  1.214902
13 22  0.573889  1.077015
14 15  0.555645  0.974999
14 16  0.554148  1.011022
14 17  0.546988  0.964613
14 18  0.546464  1.020857
14 19  0.554925  1.278437
14 20  0.575498  1.129690
14 21  0.576178  1.238062
14 22  0.553804  1.125403
15 16  0.517889  0.838415
15 17  0.565097  0.845328
15 18  0.563338  0.878726
15 19  0.590277  1.181386
15 20  0.556906  0.977401
15 21  0.588801  1.127817
15 22  0.586672  0.989784
16 17  0.563673  0.888570
16 18  0.561914  0.925718
16 19  0.588569  1.216377
16 20  0.555504  1.001241
16 21  0.586103  1.149962
16 22  0.585228  1.039237
17 18  0.514056  0.868029
17 19  0.584864  1.175109
17 20  0.585206  1.004908
17 21  0.589548  1.156660
17 22  0.554080  1.000323
18 19  0.582025  1.185108
18 20  0.583439  1.036339
18 21  0.587830  1.203834
18 22  0.551598  1.017396
19 20  0.607881  1.282624
19 21  0.599315  1.471702
19 22  0.599161  1.332392
20 21  0.600854  1.290372
20 22  0.606776  1.160741
21 22  0.609674  1.284929
