   -993.88535195
   -994.17886955     -994.01486483
0.00049870806287
2 2 2 2 2 2 2 2 2 2 2 2 2 0 0 0 0 0 0 0 0 0 0 0 0 0 
1  0.243834  0.397783
2  0.260850  0.596449
3  0.239530  0.378831
4  0.245709  0.411690
5  0.259169  0.573678
6  0.246749  0.396801
7  0.240379  0.401529
8  0.264273  0.757650
9  0.244058  0.414357
10  0.259986  0.593739
11  0.245310  0.381391
12  0.258370  0.590922
13  0.243197  0.420556
14  0.262023  0.635109
15  0.244078  0.394836
16  0.264088  0.679742
17  0.245386  0.394457
18  0.242872  0.389204
19  0.242209  0.393979
20  0.262437  0.616871
21  0.262904  0.635228
22  0.247196  0.378902
23  0.248269  0.375232
24  0.246863  0.390877
25  0.263690  0.636944
26  0.245498  0.390347
1 2  0.503021  0.956695
1 3  0.482883  0.771849
1 4  0.446834  0.781694
1 5  0.502980  0.969193
1 6  0.490572  0.791933
1 7  0.484205  0.798835
1 8  0.506768  1.137939
1 9  0.487677  0.808194
1 10  0.503768  0.978213
1 11  0.489134  0.775077
1 12  0.476340  0.972998
1 13  0.487020  0.815208
1 14  0.471560  0.995345
1 15  0.487887  0.792188
1 16  0.507621  1.074088
1 17  0.227166  0.598536
1 18  0.485178  0.784954
1 19  0.486042  0.791410
1 20  0.506005  1.013214
1 21  0.505397  1.030205
1 22  0.491030  0.776285
1 23  0.492059  0.772735
1 24  0.441290  0.732139
1 25  0.507288  1.032722
1 26  0.488817  0.786397
2 3  0.476926  0.960211
2 4  0.505341  0.987119
2 5  0.519809  1.156776
2 6  0.507533  0.987910
2 7  0.501196  0.995268
2 8  0.515155  1.312554
2 9  0.475010  0.989259
2 10  0.520299  1.146271
2 11  0.506109  0.965446
2 12  0.512843  1.165307
2 13  0.503958  1.011360
2 14  0.510585  1.186089
2 15  0.504360  0.989872
2 16  0.508766  1.230905
2 17  0.504812  0.988670
2 18  0.468907  0.946278
2 19  0.502848  0.989106
2 20  0.523231  1.208005
2 21  0.302857  1.138455
2 22  0.507920  0.973849
2 23  0.509059  0.970517
2 24  0.507622  0.983729
2 25  0.523068  1.225607
2 26  0.468768  0.948041
3 4  0.484938  0.786830
3 5  0.498619  0.939651
3 6  0.486259  0.773047
3 7  0.479897  0.775419
3 8  0.502432  1.120236
3 9  0.443264  0.768380
3 10  0.499484  0.970209
3 11  0.484831  0.759907
3 12  0.496187  0.932257
3 13  0.482714  0.796313
3 14  0.499940  1.011187
3 15  0.483560  0.773328
3 16  0.503308  1.055166
3 17  0.483243  0.771321
3 18  0.220458  0.571997
3 19  0.481737  0.772360
3 20  0.501781  0.994018
3 21  0.469576  0.983279
3 22  0.486724  0.757482
3 23  0.487780  0.753771
3 24  0.485811  0.768084
3 25  0.503004  1.014310
3 26  0.437568  0.715991
4 5  0.504795  0.980565
4 6  0.492431  0.802986
4 7  0.486071  0.810055
4 8  0.507357  1.122565
4 9  0.489524  0.807281
4 10  0.505632  0.999738
4 11  0.491008  0.790404
4 12  0.474965  0.982100
4 13  0.488872  0.825556
4 14  0.469135  1.000801
4 15  0.489785  0.806068
4 16  0.508049  1.088636
4 17  0.444535  0.762274
4 18  0.488037  0.798612
4 19  0.487887  0.805214
4 20  0.507636  1.026906
4 21  0.508511  1.042530
4 22  0.492886  0.790245
4 23  0.493857  0.786567
4 24  0.235669  0.617477
4 25  0.509267  1.046765
4 26  0.490629  0.800644
5 6  0.476844  0.950958
5 7  0.497808  0.935544
5 8  0.514490  1.292421
5 9  0.503163  0.982004
5 10  0.512897  1.146382
5 11  0.478075  0.940967
5 12  0.517047  1.123716
5 13  0.501001  0.972299
5 14  0.519785  1.201853
5 15  0.503175  0.964416
5 16  0.508146  1.211967
5 17  0.504415  0.966933
5 18  0.501833  0.961357
5 19  0.499978  0.965073
5 20  0.304145  1.095033
5 21  0.522013  1.203658
5 22  0.470190  0.913880
5 23  0.470668  0.913940
5 24  0.505595  0.963315
5 25  0.510857  1.168265
5 26  0.504617  0.962752
6 7  0.486815  0.794242
6 8  0.508413  1.111073
6 9  0.490772  0.804937
6 10  0.505517  0.971126
6 11  0.448948  0.750229
6 12  0.505041  0.983200
6 13  0.489713  0.799360
6 14  0.508285  1.030370
6 15  0.490254  0.790315
6 16  0.509100  1.074231
6 17  0.492115  0.790904
6 18  0.489590  0.785644
6 19  0.488403  0.788728
6 20  0.470893  0.970501
6 21  0.509542  1.030399
6 22  0.446806  0.732260
6 23  0.236290  0.580498
6 24  0.493490  0.787308
6 25  0.510343  1.029779
6 26  0.492246  0.786788
7 8  0.503289  1.140049
7 9  0.484426  0.812368
7 10  0.474986  0.979396
7 11  0.485204  0.778392
7 12  0.498676  0.977798
7 13  0.443371  0.795412
7 14  0.502207  1.034484
7 15  0.437471  0.741459
7 16  0.504141  1.077244
7 17  0.485763  0.795625
7 18  0.483250  0.790206
7 19  0.222506  0.606604
7 20  0.501372  1.015326
7 21  0.503066  1.035051
7 22  0.485955  0.778401
7 23  0.488044  0.775082
7 24  0.487222  0.791972
7 25  0.470262  1.000060
7 26  0.485834  0.791496
8 9  0.505599  1.122313
8 10  0.514618  1.310854
8 11  0.508308  1.122915
8 12  0.513669  1.308252
8 13  0.504855  1.127695
8 14  0.510651  1.342801
8 15  0.506358  1.149215
8 16  0.286325  1.351898
8 17  0.509321  1.148301
8 18  0.506802  1.142500
8 19  0.506185  1.147712
8 20  0.511071  1.325827
8 21  0.510860  1.339776
8 22  0.511131  1.133238
8 23  0.510799  1.130617
8 24  0.509300  1.145638
8 25  0.511733  1.344971
8 26  0.507789  1.145008
9 10  0.503954  1.002894
9 11  0.489357  0.792936
9 12  0.501072  0.982905
9 13  0.487231  0.828039
9 14  0.505961  1.044726
9 15  0.487939  0.808679
9 16  0.506207  1.090977
9 17  0.488860  0.806790
9 18  0.441404  0.762540
9 19  0.486234  0.807856
9 20  0.506271  1.029416
9 21  0.468091  1.000455
9 22  0.491237  0.792870
9 23  0.492323  0.789229
9 24  0.490368  0.803952
9 25  0.507024  1.049433
9 26  0.236585  0.625976
10 11  0.503536  0.940850
10 12  0.518151  1.170411
10 13  0.473276  0.992114
10 14  0.521951  1.223186
10 15  0.466930  0.948801
10 16  0.508090  1.229768
10 17  0.505248  0.986395
10 18  0.502624  0.981723
10 19  0.467233  0.944791
10 20  0.510491  1.167757
10 21  0.521365  1.221252
10 22  0.505801  0.970738
10 23  0.508154  0.965761
10 24  0.506791  0.983222
10 25  0.304666  1.138186
10 26  0.504938  0.982782
11 12  0.503659  0.970293
11 13  0.488297  0.798078
11 14  0.507101  1.015213
11 15  0.488904  0.774661
11 16  0.509101  1.058255
11 17  0.490695  0.775449
11 18  0.488181  0.770329
11 19  0.486027  0.773428
11 20  0.473107  0.963097
11 21  0.508013  1.014970
11 22  0.229028  0.561015
11 23  0.443838  0.701295
11 24  0.492134  0.771979
11 25  0.507579  1.015874
11 26  0.490788  0.771412
12 13  0.501502  1.005250
12 14  0.303260  1.134715
12 15  0.502400  0.984285
12 16  0.507191  1.228150
12 17  0.468316  0.943939
12 18  0.499850  0.977696
12 19  0.500375  0.983153
12 20  0.519393  1.200776
12 21  0.509352  1.181699
12 22  0.505424  0.968724
12 23  0.506220  0.965014
12 24  0.468506  0.943805
12 25  0.522001  1.222294
12 26  0.503787  0.976978
13 14  0.505023  1.053589
13 15  0.235685  0.640977
13 16  0.505263  1.096969
13 17  0.488564  0.814511
13 18  0.486027  0.809270
13 19  0.440708  0.772801
13 20  0.505523  1.032624
13 21  0.505396  1.053801
13 22  0.489808  0.797489
13 23  0.490862  0.794595
13 24  0.490056  0.810960
13 25  0.467719  1.005752
13 26  0.488506  0.810395
14 15  0.506045  1.027344
14 16  0.516700  1.284024
14 17  0.481832  1.005622
14 18  0.502794  0.979748
14 19  0.504159  1.012335
14 20  0.523571  1.189340
14 21  0.517343  1.219399
14 22  0.509188  1.008655
14 23  0.510173  1.006289
14 24  0.480010  1.008057
14 25  0.525223  1.236552
14 26  0.505747  1.012773
15 16  0.505239  1.040603
15 17  0.489443  0.787179
15 18  0.486933  0.783008
15 19  0.444978  0.765543
15 20  0.504795  0.999749
15 21  0.506819  1.024919
15 22  0.490982  0.770444
15 23  0.492131  0.758735
15 24  0.490916  0.782880
15 25  0.478343  1.012005
15 26  0.489530  0.781854
16 17  0.507670  1.062303
16 18  0.505238  1.057222
16 19  0.504517  1.060941
16 20  0.517275  1.267331
16 21  0.516853  1.284335
16 22  0.509557  1.048242
16 23  0.509791  1.026574
16 24  0.508350  1.039289
16 25  0.518010  1.286344
16 26  0.506567  1.036137
17 18  0.487768  0.776431
17 19  0.487585  0.787538
17 20  0.507785  1.005571
17 21  0.506114  0.986439
17 22  0.492570  0.769442
17 23  0.493641  0.768847
17 24  0.448771  0.759863
17 25  0.508997  1.015318
17 26  0.490595  0.781314
18 19  0.485068  0.778539
18 20  0.505244  0.989427
18 21  0.482458  0.999712
18 22  0.490059  0.767237
18 23  0.491127  0.762628
18 24  0.489419  0.776832
18 25  0.506520  1.019680
18 26  0.446083  0.756685
19 20  0.502466  0.967600
19 21  0.505074  1.022972
19 22  0.488890  0.766259
19 23  0.490128  0.765792
19 24  0.489056  0.782908
19 25  0.480637  1.006754
19 26  0.487693  0.783202
20 21  0.524846  1.217487
20 22  0.483509  0.972777
20 23  0.482073  0.975009
20 24  0.509173  1.003601
20 25  0.518547  1.204793
20 26  0.507886  1.004810
21 22  0.510016  0.999130
21 23  0.511126  1.008483
21 24  0.508141  1.014556
21 25  0.525588  1.205767
21 26  0.479566  1.007168
22 23  0.451272  0.728907
22 24  0.494048  0.768881
22 25  0.508780  0.976826
22 26  0.492672  0.767370
23 24  0.495105  0.763678
23 25  0.510371  1.001961
23 26  0.493744  0.762927
24 25  0.510507  1.025407
24 26  0.492142  0.769135
25 26  0.509011  1.022402
