   -993.88535195
   -994.18396455     -994.02815693
0.00036386902895
2 2 2 2 2 2 2 2 2 2 2 2 2 0 0 0 0 0 0 0 0 0 0 0 0 0 
1  0.252114  0.430728
2  0.269672  0.615209
3  0.250238  0.437166
4  0.255339  0.436847
5  0.268302  0.563865
6  0.256463  0.411326
7  0.250871  0.403857
8  0.271902  0.731050
9  0.253692  0.448469
10  0.269861  0.571538
11  0.253368  0.402649
12  0.267608  0.604563
13  0.254674  0.418583
14  0.270388  0.642983
15  0.255763  0.397846
16  0.271872  0.668734
17  0.254294  0.426762
18  0.252580  0.435330
19  0.253174  0.400327
20  0.271231  0.600848
21  0.272459  0.654981
22  0.255486  0.397778
23  0.257808  0.393105
24  0.256784  0.417470
25  0.272764  0.608738
26  0.254939  0.425904
1 2  0.519970  1.004600
1 3  0.501960  0.863024
1 4  0.462005  0.835619
1 5  0.520373  0.991953
1 6  0.508559  0.839073
1 7  0.502975  0.834032
1 8  0.522491  1.142808
1 9  0.505634  0.875360
1 10  0.521922  0.987935
1 11  0.505470  0.828364
1 12  0.492531  1.017311
1 13  0.506771  0.845975
1 14  0.486920  1.031682
1 15  0.507849  0.828075
1 16  0.523677  1.095391
1 17  0.240457  0.665649
1 18  0.503435  0.864375
1 19  0.505285  0.830629
1 20  0.523134  1.030055
1 21  0.523219  1.082765
1 22  0.507598  0.827931
1 23  0.509882  0.823429
1 24  0.457285  0.789220
1 25  0.524623  1.037393
1 26  0.506701  0.855036
2 3  0.492386  1.033592
2 4  0.523656  1.030014
2 5  0.537755  1.165823
2 6  0.526077  1.021484
2 7  0.520502  1.016547
2 8  0.531773  1.306891
2 9  0.492096  1.041180
2 10  0.538966  1.145764
2 11  0.522988  1.004770
2 12  0.530883  1.196138
2 13  0.524223  1.028513
2 14  0.527914  1.218678
2 15  0.524782  1.011770
2 16  0.525419  1.241487
2 17  0.522634  1.039618
2 18  0.484708  1.003517
2 19  0.522663  1.014230
2 20  0.540847  1.211345
2 21  0.319873  1.180205
2 22  0.524961  1.011326
2 23  0.527427  1.007080
2 24  0.526339  1.029285
2 25  0.541057  1.217300
2 26  0.485416  0.995304
3 4  0.505369  0.870072
3 5  0.518489  0.985901
3 6  0.506687  0.845278
3 7  0.501095  0.835250
3 8  0.520590  1.148046
3 9  0.460566  0.854714
3 10  0.520058  1.005749
3 11  0.503597  0.839245
3 12  0.515988  0.997654
3 13  0.504891  0.852317
3 14  0.519291  1.076804
3 15  0.505957  0.834534
3 16  0.521756  1.101280
3 17  0.503282  0.862119
3 18  0.237775  0.684417
3 19  0.503411  0.836823
3 20  0.521222  1.035863
3 21  0.486603  1.048547
3 22  0.505721  0.834512
3 23  0.508017  0.829785
3 24  0.506654  0.852919
3 25  0.522775  1.044184
3 26  0.455941  0.807657
4 5  0.523534  0.996177
4 6  0.511763  0.842360
4 7  0.506194  0.837624
4 8  0.524397  1.120653
4 9  0.508884  0.866161
4 10  0.525140  1.002592
4 11  0.508690  0.836263
4 12  0.492498  1.020669
4 13  0.509975  0.848860
4 14  0.486280  1.030701
4 15  0.511099  0.834204
4 16  0.525275  1.102666
4 17  0.459953  0.815106
4 18  0.507515  0.869980
4 19  0.508477  0.836671
4 20  0.525938  1.036125
4 21  0.527694  1.087911
4 22  0.510796  0.834149
4 23  0.512959  0.829486
4 24  0.249313  0.668603
4 25  0.527916  1.043893
4 26  0.509827  0.861674
5 6  0.494132  0.954737
5 7  0.517347  0.933059
5 8  0.530772  1.260719
5 9  0.521931  1.006180
5 10  0.531856  1.116317
5 11  0.494083  0.950639
5 12  0.535389  1.129631
5 13  0.521602  0.964418
5 14  0.537333  1.200815
5 15  0.523970  0.958555
5 16  0.524641  1.197473
5 17  0.522439  0.989390
5 18  0.520637  0.997265
5 19  0.520100  0.962499
5 20  0.318499  1.059963
5 21  0.540705  1.214216
5 22  0.486218  0.918800
5 23  0.487347  0.917105
5 24  0.524522  0.980156
5 25  0.529054  1.137580
5 26  0.523178  0.988375
6 7  0.507137  0.811978
6 8  0.525527  1.101733
6 9  0.510120  0.853213
6 10  0.524994  0.965610
6 11  0.464076  0.782052
6 12  0.523959  1.011319
6 13  0.510997  0.814600
6 14  0.526201  1.052799
6 15  0.511770  0.808423
6 16  0.526395  1.077876
6 17  0.510731  0.837597
6 18  0.509005  0.846110
6 19  0.509246  0.809989
6 20  0.487987  0.966007
6 21  0.528732  1.064634
6 22  0.461859  0.761210
6 23  0.250749  0.609372
6 24  0.513054  0.828317
6 25  0.529112  1.016849
6 26  0.511400  0.836721
7 8  0.521233  1.117721
7 9  0.504542  0.848639
7 10  0.493031  0.959330
7 11  0.503836  0.803198
7 12  0.518427  0.994811
7 13  0.461994  0.792358
7 14  0.521014  1.044928
7 15  0.457046  0.747777
7 16  0.522420  1.069249
7 17  0.505162  0.830193
7 18  0.503449  0.838505
7 19  0.238824  0.606006
7 20  0.520763  1.002557
7 21  0.523112  1.057259
7 22  0.505066  0.800172
7 23  0.508291  0.795641
7 24  0.507624  0.820863
7 25  0.487420  0.972419
7 26  0.505769  0.829282
8 9  0.522569  1.127955
8 10  0.532057  1.267228
8 11  0.523784  1.117105
8 12  0.530007  1.297412
8 13  0.523547  1.105601
8 14  0.526266  1.327532
8 15  0.525726  1.126530
8 16  0.300016  1.307589
8 17  0.525860  1.153394
8 18  0.524134  1.161333
8 19  0.524738  1.127834
8 20  0.527187  1.291551
8 21  0.528082  1.338372
8 22  0.527060  1.125511
8 23  0.527853  1.121913
8 24  0.526813  1.145507
8 25  0.528578  1.298499
8 26  0.524908  1.153641
9 10  0.523430  1.014749
9 11  0.507044  0.847826
9 12  0.519918  1.029624
9 13  0.508316  0.860065
9 14  0.523975  1.087191
9 15  0.509234  0.845747
9 16  0.523550  1.113966
9 17  0.507603  0.873100
9 18  0.458480  0.837602
9 19  0.506836  0.848228
9 20  0.524710  1.047484
9 21  0.486064  1.049538
9 22  0.509148  0.845724
9 23  0.511495  0.841074
9 24  0.510068  0.864829
9 25  0.525704  1.055377
9 26  0.248688  0.696462
10 11  0.521429  0.941144
10 12  0.537249  1.162968
10 13  0.493018  0.968032
10 14  0.540193  1.209906
10 15  0.486425  0.927566
10 16  0.525700  1.203876
10 17  0.523955  0.996491
10 18  0.522256  1.005434
10 19  0.485219  0.927946
10 20  0.529105  1.137304
10 21  0.540921  1.219932
10 22  0.524024  0.967827
10 23  0.527554  0.961862
10 24  0.526594  0.987757
10 25  0.320251  1.077023
10 26  0.524125  0.996084
11 12  0.520935  1.004949
11 13  0.507873  0.817987
11 14  0.523543  1.044202
11 15  0.508776  0.799290
11 16  0.524922  1.068323
11 17  0.507661  0.828825
11 18  0.505944  0.837533
11 19  0.505269  0.801587
11 20  0.488549  0.963470
11 21  0.525579  1.055712
11 22  0.242212  0.599378
11 23  0.459303  0.738831
11 24  0.510109  0.819708
11 25  0.524798  1.009515
11 26  0.508280  0.828054
12 13  0.522216  1.017812
12 14  0.317497  1.155218
12 15  0.523311  1.001052
12 16  0.523783  1.232248
12 17  0.484738  0.986100
12 18  0.518783  1.037230
12 19  0.520541  1.003183
12 20  0.537483  1.199273
12 21  0.527922  1.219860
12 22  0.522935  1.001185
12 23  0.524852  0.996538
12 24  0.485888  0.980001
12 25  0.540318  1.208620
12 26  0.522456  1.026705
13 14  0.524866  1.059801
13 15  0.249748  0.627620
13 16  0.524486  1.084914
13 17  0.508939  0.844798
13 18  0.507223  0.853323
13 19  0.460014  0.774110
13 20  0.525791  1.015902
13 21  0.526378  1.071808
13 22  0.509776  0.814718
13 23  0.512049  0.810927
13 24  0.511452  0.835547
13 25  0.487032  0.977566
13 26  0.509388  0.843901
14 15  0.526093  1.038438
14 16  0.532591  1.281636
14 17  0.497634  1.042231
14 18  0.520742  1.029407
14 19  0.523494  1.027490
14 20  0.540667  1.187391
14 21  0.535186  1.248725
14 22  0.525820  1.035464
14 23  0.528024  1.031928
14 24  0.497072  1.041151
14 25  0.542624  1.220942
14 26  0.523538  1.054137
15 16  0.524427  1.034620
15 17  0.510042  0.822447
15 18  0.508321  0.831837
15 19  0.464515  0.771527
15 20  0.525234  0.987985
15 21  0.528023  1.048021
15 22  0.511021  0.793132
15 23  0.513445  0.780672
15 24  0.512520  0.812203
15 25  0.497645  0.986344
15 26  0.510642  0.820051
16 17  0.524201  1.082528
16 18  0.522476  1.090116
16 19  0.523030  1.057091
16 20  0.533541  1.242952
16 21  0.534341  1.292460
16 22  0.525452  1.055691
16 23  0.526672  1.032644
16 24  0.525627  1.051479
16 25  0.534836  1.250051
16 26  0.523567  1.056356
17 18  0.506453  0.853875
17 19  0.507459  0.825995
17 20  0.525468  1.021509
17 21  0.524589  1.035086
17 22  0.509768  0.819951
17 23  0.512082  0.818781
17 24  0.464524  0.816549
17 25  0.526991  1.018730
17 26  0.508998  0.849625
18 19  0.505739  0.830256
18 20  0.523743  1.018082
18 21  0.497561  1.061213
18 22  0.508057  0.831931
18 23  0.510374  0.826307
18 24  0.509118  0.849658
18 25  0.525286  1.037247
18 26  0.463267  0.834730
19 20  0.522211  0.963229
19 21  0.525572  1.049706
19 22  0.508244  0.792332
19 23  0.510743  0.790858
19 24  0.509943  0.815811
19 25  0.498272  0.985022
19 26  0.508091  0.824648
20 21  0.543150  1.224690
20 22  0.499253  0.974579
20 23  0.498746  0.974906
20 24  0.527844  1.014237
20 25  0.536342  1.168374
20 26  0.526113  1.023771
21 22  0.527879  1.037755
21 23  0.530211  1.045863
21 24  0.527598  1.058932
21 25  0.544210  1.204267
21 26  0.496742  1.060437
22 23  0.466589  0.762785
22 24  0.512250  0.814035
22 25  0.526031  0.969631
22 26  0.510410  0.821742
23 24  0.514544  0.807675
23 25  0.528911  0.991726
23 26  0.512722  0.815894
24 25  0.529491  1.023531
24 26  0.511590  0.830090
25 26  0.527501  1.029995
