   -993.88535195
   -994.19111238     -994.04488155
0.00012800720187
2 2 2 2 2 2 2 2 2 2 2 2 2 0 0 0 0 0 0 0 0 0 0 0 0 0 
1  0.268263  0.456161
2  0.286941  0.605873
3  0.268207  0.459558
4  0.270848  0.454417
5  0.286618  0.583819
6  0.271496  0.441915
7  0.268370  0.445245
8  0.285776  0.719592
9  0.270859  0.457416
10  0.286577  0.586280
11  0.268997  0.441766
12  0.286495  0.603454
13  0.271257  0.445445
14  0.288939  0.637202
15  0.273158  0.426418
16  0.285494  0.666344
17  0.270366  0.453992
18  0.270387  0.457313
19  0.270287  0.441054
20  0.289083  0.616701
21  0.289494  0.642230
22  0.271178  0.439483
23  0.273483  0.423123
24  0.272803  0.435097
25  0.289286  0.621723
26  0.272875  0.437904
1 2  0.552904  1.022571
1 3  0.536043  0.911786
1 4  0.492094  0.875711
1 5  0.554829  1.037143
1 6  0.539720  0.894145
1 7  0.536608  0.900627
1 8  0.552093  1.155878
1 9  0.538950  0.910465
1 10  0.554774  1.026814
1 11  0.537238  0.890790
1 12  0.523344  1.038409
1 13  0.539485  0.897721
1 14  0.517255  1.044250
1 15  0.541379  0.881991
1 16  0.553346  1.118346
1 17  0.266413  0.718102
1 18  0.537568  0.912201
1 19  0.538545  0.896642
1 20  0.557141  1.071216
1 21  0.556299  1.096334
1 22  0.539439  0.894788
1 23  0.541706  0.878760
1 24  0.487965  0.834547
1 25  0.557207  1.075764
1 26  0.540846  0.892810
2 3  0.523900  1.044131
2 4  0.556291  1.040273
2 5  0.573309  1.177305
2 6  0.558370  1.042527
2 7  0.555256  1.048315
2 8  0.562462  1.289652
2 9  0.524077  1.040114
2 10  0.572800  1.153610
2 11  0.555873  1.032656
2 12  0.566516  1.188769
2 13  0.558031  1.046287
2 14  0.563677  1.212201
2 15  0.559342  1.031190
2 16  0.556553  1.236323
2 17  0.555828  1.058157
2 18  0.515785  1.012301
2 19  0.557057  1.045538
2 20  0.575949  1.218806
2 21  0.349458  1.148846
2 22  0.557849  1.043526
2 23  0.560353  1.027758
2 24  0.559496  1.038514
2 25  0.574826  1.222328
2 26  0.517315  0.995608
3 4  0.538886  0.910837
3 5  0.554756  1.027276
3 6  0.539667  0.897625
3 7  0.536554  0.897150
3 8  0.552001  1.158525
3 9  0.492527  0.882464
3 10  0.554728  1.042871
3 11  0.537179  0.900552
3 12  0.552374  1.022701
3 13  0.539420  0.900803
3 14  0.555675  1.094639
3 15  0.541322  0.885412
3 16  0.553281  1.121604
3 17  0.537492  0.912268
3 18  0.265699  0.725394
3 19  0.538491  0.899704
3 20  0.556930  1.074129
3 21  0.517696  1.052390
3 22  0.539380  0.898467
3 23  0.541647  0.882105
3 24  0.540731  0.893410
3 25  0.557281  1.079523
3 26  0.488470  0.841305
4 5  0.557310  1.033454
4 6  0.542267  0.889340
4 7  0.539184  0.895826
4 8  0.553124  1.127379
4 9  0.541563  0.895301
4 10  0.557358  1.035072
4 11  0.539808  0.892114
4 12  0.523771  1.035205
4 13  0.542048  0.892556
4 14  0.517020  1.038321
4 15  0.544003  0.880281
4 16  0.554327  1.118367
4 17  0.489833  0.859261
4 18  0.540932  0.909973
4 19  0.541054  0.894870
4 20  0.559106  1.069596
4 21  0.560081  1.093777
4 22  0.542001  0.893281
4 23  0.544059  0.876974
4 24  0.271970  0.696799
4 25  0.559931  1.074513
4 26  0.543315  0.891566
5 6  0.524385  1.002986
5 7  0.552671  0.992751
5 8  0.562411  1.269181
5 9  0.557410  1.035539
5 10  0.566388  1.151650
5 11  0.523932  1.005578
5 12  0.572424  1.149272
5 13  0.556349  1.011027
5 14  0.574157  1.215963
5 15  0.559532  1.007888
5 16  0.556517  1.217669
5 17  0.556810  1.036458
5 18  0.556719  1.039232
5 19  0.555446  1.023463
5 20  0.349189  1.094667
5 21  0.576036  1.222275
5 22  0.515728  0.973556
5 23  0.517545  0.960654
5 24  0.558690  1.017850
5 25  0.563874  1.176565
5 26  0.559418  1.020451
6 7  0.539696  0.884244
6 8  0.553792  1.118007
6 9  0.542297  0.892084
6 10  0.556593  1.010333
6 11  0.493340  0.849012
6 12  0.557835  1.040572
6 13  0.542608  0.872303
6 14  0.559607  1.077608
6 15  0.544244  0.867713
6 16  0.554981  1.106177
6 17  0.541836  0.895287
6 18  0.541800  0.898618
6 19  0.541477  0.881445
6 20  0.517663  1.006914
6 21  0.560782  1.082519
6 22  0.490988  0.832275
6 23  0.272744  0.667622
6 24  0.544027  0.876439
6 25  0.560525  1.061037
6 26  0.544368  0.879265
7 8  0.552173  1.145334
7 9  0.539185  0.898320
7 10  0.523609  1.011575
7 11  0.536939  0.883805
7 12  0.554797  1.033118
7 13  0.492926  0.856413
7 14  0.556954  1.080372
7 15  0.488654  0.815701
7 16  0.553454  1.107884
7 17  0.538731  0.898658
7 18  0.538754  0.901644
7 19  0.266198  0.690643
7 20  0.555976  1.060283
7 21  0.557654  1.085752
7 22  0.538452  0.883565
7 23  0.541560  0.867270
7 24  0.541130  0.879764
7 25  0.517503  1.018788
7 26  0.541203  0.882583
8 9  0.553011  1.129174
8 10  0.562187  1.271616
8 11  0.552854  1.142659
8 12  0.562204  1.287058
8 13  0.553418  1.120076
8 14  0.558833  1.318160
8 15  0.556711  1.143801
8 16  0.325303  1.288561
8 17  0.555718  1.168997
8 18  0.555731  1.172117
8 19  0.555636  1.156623
8 20  0.559075  1.300449
8 21  0.559225  1.322344
8 22  0.556535  1.155074
8 23  0.557124  1.140601
8 24  0.556437  1.152236
8 25  0.559205  1.304819
8 26  0.556419  1.154955
9 10  0.557269  1.038701
9 11  0.539821  0.895357
9 12  0.555816  1.040464
9 13  0.542027  0.895385
9 14  0.559540  1.091686
9 15  0.543728  0.883219
9 16  0.554261  1.121284
9 17  0.540915  0.909691
9 18  0.490135  0.865735
9 19  0.541119  0.897814
9 20  0.559729  1.072470
9 21  0.517465  1.045652
9 22  0.541956  0.896294
9 23  0.544339  0.879995
9 24  0.543266  0.891762
9 25  0.559286  1.077536
9 26  0.272651  0.705901
10 11  0.553291  0.992589
10 12  0.572821  1.177368
10 13  0.523999  1.008353
10 14  0.575438  1.219732
10 15  0.517280  0.966290
10 16  0.556264  1.219527
10 17  0.556669  1.038377
10 18  0.556794  1.042167
10 19  0.515221  0.977247
10 20  0.563627  1.174022
10 21  0.574645  1.223266
10 22  0.556273  1.024414
10 23  0.559817  1.007196
10 24  0.559309  1.020149
10 25  0.349093  1.102693
10 26  0.558675  1.023081
11 12  0.555441  1.042566
11 13  0.540083  0.884290
11 14  0.557731  1.077362
11 15  0.541866  0.867079
11 16  0.554086  1.104544
11 17  0.539361  0.894904
11 18  0.539379  0.898505
11 19  0.538196  0.881657
11 20  0.517758  1.010385
11 21  0.558146  1.081959
11 22  0.267309  0.684149
11 23  0.489243  0.808926
11 24  0.541760  0.876337
11 25  0.556823  1.061884
11 26  0.541831  0.879094
12 13  0.557686  1.043497
12 14  0.349050  1.141102
12 15  0.559579  1.028573
12 16  0.556181  1.234445
12 17  0.515095  1.006495
12 18  0.555397  1.059006
12 19  0.556498  1.042670
12 20  0.574192  1.215062
12 21  0.563878  1.214808
12 22  0.557501  1.041619
12 23  0.559249  1.025525
12 24  0.516959  0.991026
12 25  0.575708  1.221349
12 26  0.559121  1.038820
13 14  0.559985  1.080977
13 15  0.273010  0.678005
13 16  0.554673  1.109615
13 17  0.541542  0.898816
13 18  0.541618  0.902095
13 19  0.490499  0.838276
13 20  0.560083  1.059433
13 21  0.559886  1.086072
13 22  0.542125  0.883386
13 23  0.544327  0.867949
13 24  0.544058  0.879985
13 25  0.517357  1.014317
13 26  0.543844  0.882726
14 15  0.562030  1.061139
14 16  0.564391  1.275125
14 17  0.528089  1.059728
14 18  0.556580  1.049192
14 19  0.559149  1.060569
14 20  0.576931  1.201520
14 21  0.570087  1.237786
14 22  0.560035  1.070611
14 23  0.562196  1.055947
14 24  0.528447  1.050542
14 25  0.577639  1.231226
14 26  0.559800  1.061813
15 16  0.554747  1.058479
15 17  0.543506  0.877886
15 18  0.543497  0.882004
15 19  0.496182  0.838324
15 20  0.560272  1.031710
15 21  0.562410  1.063802
15 22  0.544129  0.863786
15 23  0.546549  0.839346
15 24  0.545925  0.857743
15 25  0.528817  1.025626
15 26  0.545942  0.859949
16 17  0.553314  1.106248
16 18  0.553336  1.109544
16 19  0.553208  1.093918
16 20  0.564672  1.256299
16 21  0.564804  1.279558
16 22  0.554201  1.092955
16 23  0.555211  1.056583
16 24  0.554516  1.065850
16 25  0.564773  1.260738
16 26  0.554440  1.067460
17 18  0.540278  0.903438
17 19  0.540647  0.893264
17 20  0.559366  1.064277
17 21  0.557156  1.051472
17 22  0.541525  0.886674
17 23  0.543805  0.875418
17 24  0.495567  0.859623
17 25  0.559570  1.057259
17 26  0.543030  0.889633
18 19  0.540655  0.891265
18 20  0.559393  1.055402
18 21  0.528709  1.067371
18 22  0.541559  0.894939
18 23  0.543853  0.878090
18 24  0.542981  0.890209
18 25  0.559586  1.072289
18 26  0.496111  0.866232
19 20  0.556661  1.017380
19 21  0.559691  1.077124
19 22  0.540997  0.873934
19 23  0.543565  0.862139
19 24  0.543073  0.873832
19 25  0.528304  1.033305
19 26  0.543115  0.877071
20 21  0.577981  1.231122
20 22  0.528722  1.026349
20 23  0.529134  1.018182
20 24  0.561662  1.047472
20 25  0.570104  1.200114
20 26  0.561892  1.051899
21 22  0.560592  1.064112
21 23  0.562910  1.062862
21 24  0.560356  1.064323
21 25  0.577637  1.209908
21 26  0.528927  1.057975
22 23  0.496886  0.833036
22 24  0.543938  0.872815
22 25  0.557772  1.021060
22 26  0.544036  0.875033
23 24  0.546205  0.854220
23 25  0.560828  1.033392
23 26  0.546324  0.857283
24 25  0.562022  1.054103
24 26  0.545589  0.861637
25 26  0.561920  1.054956
