   -993.88535195
   -994.19273889     -994.04872241
0.00006389142726
2 2 2 2 2 2 2 2 2 2 2 2 2 0 0 0 0 0 0 0 0 0 0 0 0 0 
1  0.272637  0.463593
2  0.291323  0.606121
3  0.272716  0.466044
4  0.274925  0.459042
5  0.291079  0.590019
6  0.275461  0.449565
7  0.272715  0.453821
8  0.290286  0.722551
9  0.274751  0.460186
10  0.290873  0.590357
11  0.273220  0.452519
12  0.291141  0.605634
13  0.275043  0.450680
14  0.293425  0.638044
15  0.277185  0.432280
16  0.289841  0.671884
17  0.274884  0.461677
18  0.275033  0.463541
19  0.274803  0.449949
20  0.293416  0.621783
21  0.293616  0.641336
22  0.275524  0.450376
23  0.277611  0.431498
24  0.277094  0.440703
25  0.293287  0.624564
26  0.276989  0.441488
1 2  0.561500  1.030577
1 3  0.544892  0.925835
1 4  0.500219  0.887463
1 5  0.563652  1.050692
1 6  0.548050  0.908974
1 7  0.545314  0.916566
1 8  0.560770  1.165876
1 9  0.547202  0.920851
1 10  0.563439  1.037805
1 11  0.545836  0.908306
1 12  0.531451  1.046964
1 13  0.547634  0.910232
1 14  0.524957  1.051780
1 15  0.549773  0.895272
1 16  0.562020  1.131220
1 17  0.273837  0.732525
1 18  0.546607  0.925958
1 19  0.547434  0.912947
1 20  0.565842  1.083677
1 21  0.564732  1.103113
1 22  0.548158  0.913043
1 23  0.550208  0.894529
1 24  0.496282  0.848348
1 25  0.565548  1.086040
1 26  0.549333  0.903898
2 3  0.531789  1.049869
2 4  0.564679  1.045643
2 5  0.582136  1.183846
2 6  0.566718  1.050398
2 7  0.563971  1.057101
2 8  0.571232  1.293018
2 9  0.531741  1.042984
2 10  0.581434  1.157920
2 11  0.564471  1.042971
2 12  0.575398  1.191659
2 13  0.566180  1.051725
2 14  0.572524  1.214819
2 15  0.567718  1.037343
2 16  0.565367  1.243214
2 17  0.564661  1.066315
2 18  0.523638  1.018460
2 19  0.565953  1.054671
2 20  0.584656  1.224296
2 21  0.357507  1.146326
2 22  0.566548  1.054621
2 23  0.568856  1.036360
2 24  0.568118  1.044482
2 25  0.583228  1.225709
2 26  0.524818  0.999315
3 4  0.547453  0.922126
3 5  0.563723  1.039577
3 6  0.548130  0.911560
3 7  0.545410  0.911708
3 8  0.560824  1.167676
3 9  0.500326  0.891215
3 10  0.563523  1.053428
3 11  0.545897  0.917713
3 12  0.561383  1.031961
3 13  0.547708  0.912364
3 14  0.564634  1.102242
3 15  0.549858  0.897746
3 16  0.562090  1.133585
3 17  0.546535  0.926539
3 18  0.273552  0.737124
3 19  0.547516  0.915042
3 20  0.565743  1.085698
3 21  0.525205  1.057150
3 22  0.548233  0.915818
3 23  0.550276  0.896942
3 24  0.549524  0.905558
3 25  0.565786  1.088833
3 26  0.496520  0.852011
4 5  0.565825  1.044116
4 6  0.550289  0.901190
4 7  0.547593  0.908846
4 8  0.561440  1.134784
4 9  0.549512  0.903329
4 10  0.565732  1.043826
4 11  0.548098  0.907255
4 12  0.531808  1.041527
4 13  0.549901  0.902141
4 14  0.524861  1.044028
4 15  0.552107  0.890766
4 16  0.562686  1.128655
4 17  0.497834  0.871593
4 18  0.549650  0.920914
4 19  0.549634  0.908382
4 20  0.567490  1.079331
4 21  0.568234  1.097680
4 22  0.550422  0.908768
4 23  0.552236  0.889943
4 24  0.278413  0.703930
4 25  0.567998  1.081999
4 26  0.551510  0.899850
5 6  0.532155  1.016331
5 7  0.561342  1.007343
5 8  0.571164  1.277895
5 9  0.565765  1.044566
5 10  0.575005  1.161988
5 11  0.531737  1.021219
5 12  0.581480  1.157234
5 13  0.564559  1.022646
5 14  0.583121  1.223192
5 15  0.567967  1.020087
5 16  0.565331  1.229816
5 17  0.565791  1.050293
5 18  0.565800  1.051637
5 19  0.564366  1.038727
5 20  0.357120  1.105375
5 21  0.584612  1.227728
5 22  0.523501  0.989746
5 23  0.525173  0.974399
5 24  0.567397  1.029669
5 25  0.572306  1.186744
5 26  0.567987  1.030244
6 7  0.547987  0.900603
6 8  0.562005  1.127711
6 9  0.550144  0.902214
6 10  0.564785  1.022033
6 11  0.501195  0.867045
6 12  0.566424  1.050231
6 13  0.550339  0.885449
6 14  0.568028  1.086118
6 15  0.552238  0.881270
6 16  0.563225  1.119407
6 17  0.550318  0.910591
6 18  0.550398  0.912485
6 19  0.549955  0.898028
6 20  0.525267  1.019446
6 21  0.568858  1.089284
6 22  0.498719  0.850675
6 23  0.278970  0.681768
6 24  0.552254  0.889667
6 25  0.568448  1.071633
6 26  0.552446  0.890495
7 8  0.560837  1.156441
7 9  0.547414  0.909542
7 10  0.531290  1.022956
7 11  0.545473  0.903091
7 12  0.563785  1.043426
7 13  0.500497  0.869762
7 14  0.565756  1.089783
7 15  0.496482  0.830584
7 16  0.562101  1.121860
7 17  0.547592  0.914897
7 18  0.547744  0.916407
7 19  0.273778  0.707874
7 20  0.564618  1.074101
7 21  0.566115  1.093414
7 22  0.547160  0.903101
7 23  0.550028  0.884240
7 24  0.549758  0.893928
7 25  0.524817  1.029466
7 26  0.549661  0.894730
8 9  0.561214  1.135261
8 10  0.570871  1.278447
8 11  0.561382  1.155708
8 12  0.571133  1.292144
8 13  0.561520  1.127996
8 14  0.567876  1.323292
8 15  0.565174  1.152716
8 16  0.333779  1.296770
8 17  0.564676  1.179550
8 18  0.564823  1.181248
8 19  0.564597  1.168318
8 20  0.567965  1.309272
8 21  0.567955  1.325956
8 22  0.565322  1.168707
8 23  0.565644  1.151967
8 24  0.565116  1.160929
8 25  0.567811  1.311553
8 26  0.564970  1.161670
9 10  0.565439  1.045508
9 11  0.547924  0.908704
9 12  0.564313  1.046049
9 13  0.549690  0.903175
9 14  0.567871  1.095531
9 15  0.551623  0.891850
9 16  0.562466  1.129770
9 17  0.549323  0.920216
9 18  0.497831  0.874369
9 19  0.549525  0.909473
9 20  0.567949  1.080357
9 21  0.524929  1.048471
9 22  0.550183  0.909947
9 23  0.552359  0.891129
9 24  0.551446  0.900215
9 25  0.567166  1.083215
9 26  0.278766  0.708017
10 11  0.561658  1.006835
10 12  0.581748  1.183733
10 13  0.531484  1.017461
10 14  0.584213  1.224807
10 15  0.524616  0.975797
10 16  0.564991  1.229695
10 17  0.565454  1.050120
10 18  0.565736  1.052470
10 19  0.522882  0.989690
10 20  0.572229  1.184308
10 21  0.583082  1.226732
10 22  0.564854  1.039513
10 23  0.568190  1.019709
10 24  0.567889  1.029814
10 25  0.356917  1.108815
10 26  0.567056  1.030784
11 12  0.564297  1.055372
11 13  0.548077  0.900402
11 14  0.566432  1.088884
11 15  0.550115  0.883737
11 16  0.562608  1.120618
11 17  0.548100  0.913268
11 18  0.548246  0.915457
11 19  0.546958  0.901372
11 20  0.525223  1.025168
11 21  0.566454  1.091786
11 22  0.274523  0.706232
11 23  0.497241  0.828518
11 24  0.550273  0.892659
11 25  0.564983  1.075596
11 26  0.550159  0.893411
12 13  0.566119  1.050918
12 14  0.357291  1.142225
12 15  0.568246  1.036631
12 16  0.565178  1.243085
12 17  0.523171  1.015735
12 18  0.564634  1.067673
12 19  0.565632  1.053713
12 20  0.583187  1.222518
12 21  0.572618  1.217631
12 22  0.566496  1.054630
12 23  0.567977  1.036083
12 24  0.524884  0.998364
12 25  0.584348  1.226540
12 26  0.567827  1.044775
13 14  0.568253  1.087091
13 15  0.278964  0.685678
13 16  0.562771  1.120491
13 17  0.549834  0.911732
13 18  0.550049  0.913549
13 19  0.498003  0.851913
13 20  0.568156  1.069927
13 21  0.567779  1.090479
13 22  0.550254  0.899536
13 23  0.552241  0.881603
13 24  0.552134  0.890821
13 25  0.524611  1.022993
13 26  0.551718  0.891544
14 15  0.570538  1.067834
14 16  0.573100  1.281312
14 17  0.536101  1.067068
14 18  0.565575  1.056996
14 19  0.568146  1.069766
14 20  0.585704  1.207726
14 21  0.578595  1.239151
14 22  0.568851  1.082172
14 23  0.570781  1.064945
14 24  0.536468  1.056145
14 25  0.586105  1.235626
14 26  0.568336  1.066506
15 16  0.562918  1.069256
15 17  0.552051  0.891352
15 18  0.552156  0.893961
15 19  0.504232  0.853032
15 20  0.568572  1.042578
15 21  0.570535  1.068700
15 22  0.552489  0.880678
15 23  0.554683  0.853720
15 24  0.554242  0.868979
15 25  0.536243  1.033777
15 26  0.554063  0.869088
16 17  0.561900  1.118919
16 18  0.562079  1.121025
16 19  0.561816  1.107889
16 20  0.573233  1.266404
16 21  0.573201  1.284146
16 22  0.562619  1.108640
16 23  0.563422  1.069134
16 24  0.562868  1.076150
16 25  0.573052  1.268776
16 26  0.562690  1.076460
17 18  0.549412  0.917455
17 19  0.549678  0.909610
17 20  0.568202  1.076965
17 21  0.565640  1.058580
17 22  0.550386  0.904527
17 23  0.552435  0.891271
17 24  0.504110  0.872945
17 25  0.568085  1.067202
17 26  0.551649  0.901091
18 19  0.549814  0.905867
18 20  0.568368  1.066335
18 21  0.536421  1.071527
18 22  0.550549  0.911810
18 23  0.552627  0.892592
18 24  0.551902  0.902212
18 25  0.568219  1.081357
18 26  0.504342  0.875982
19 20  0.565391  1.031171
19 21  0.568314  1.085048
19 22  0.549832  0.893588
19 23  0.552193  0.879533
19 24  0.551879  0.888215
19 25  0.535818  1.043437
19 26  0.551729  0.889425
20 21  0.586415  1.236005
20 22  0.536440  1.040725
20 23  0.536867  1.030783
20 24  0.570257  1.057931
20 25  0.578342  1.208723
20 26  0.570334  1.060594
21 22  0.569057  1.073322
21 23  0.571156  1.070285
21 24  0.568682  1.069156
21 25  0.585729  1.212574
21 26  0.536549  1.060108
22 23  0.505107  0.852338
22 24  0.552558  0.889125
22 25  0.565976  1.034121
22 26  0.552495  0.889404
23 24  0.554600  0.867724
23 25  0.568877  1.044359
23 26  0.554563  0.869007
24 25  0.570310  1.062555
24 26  0.553971  0.871254
25 26  0.570011  1.061299
