   -993.88340233
   -994.20062392     -994.07460396
0.00007982396379
2 2 2 2 2 2 2 2 2 2 2 2 2 0 0 0 0 0 0 0 0 0 0 0 0 0 
1  0.273411  0.540552
2  0.278020  0.385402
3  0.290566  0.440165
4  0.273492  0.540207
5  0.290482  0.439862
6  0.277888  0.384860
7  0.308762  0.545156
8  0.308536  0.543638
9  0.335079  0.696798
10  0.308873  0.601622
11  0.308639  0.601912
12  0.305110  0.581211
13  0.304865  0.581728
14  0.281657  0.567016
15  0.281488  0.400486
16  0.293488  0.441901
17  0.281533  0.567045
18  0.293532  0.441954
19  0.281332  0.400088
20  0.336792  0.713136
21  0.309564  0.589067
22  0.309367  0.589630
23  0.308705  0.520414
24  0.308711  0.521328
25  0.307150  0.578254
26  0.307260  0.577266
1 2  0.550402  0.916132
1 3  0.562412  0.957467
1 4  0.544942  1.074800
1 5  0.563862  0.978898
1 6  0.551186  0.922129
1 7  0.564998  1.015231
1 8  0.581661  1.081718
1 9  0.580124  1.184346
1 10  0.582099  1.123974
1 11  0.577432  1.113399
1 12  0.576879  1.083884
1 13  0.574089  1.119471
1 14  0.271613  0.923623
1 15  0.554740  0.940125
1 16  0.565705  0.981498
1 17  0.554098  1.094391
1 18  0.566765  0.981429
1 19  0.554191  0.940076
1 20  0.580117  1.214982
1 21  0.582608  1.127261
1 22  0.576708  1.123594
1 23  0.581863  1.058407
1 24  0.570736  1.059930
1 25  0.574988  1.099503
1 26  0.577749  1.115355
2 3  0.525280  0.795572
2 4  0.551399  0.922308
2 5  0.568500  0.824437
2 6  0.555907  0.769184
2 7  0.575768  0.903207
2 8  0.586549  0.927105
2 9  0.612012  1.065029
2 10  0.586887  0.986388
2 11  0.573502  0.981668
2 12  0.583117  0.964490
2 13  0.575968  0.948972
2 14  0.559508  0.951696
2 15  0.272841  0.549410
2 16  0.523858  0.784788
2 17  0.559127  0.951897
2 18  0.571541  0.827133
2 19  0.559351  0.785332
2 20  0.614356  1.097537
2 21  0.587502  0.973889
2 22  0.565840  0.945393
2 23  0.586703  0.905467
2 24  0.583905  0.904932
2 25  0.581146  0.961254
2 26  0.585144  0.962183
3 4  0.564026  0.978854
3 5  0.581045  0.879578
3 6  0.568451  0.824205
3 7  0.591461  0.950658
3 8  0.599099  0.983032
3 9  0.625021  1.127705
3 10  0.599436  1.037936
3 11  0.575047  0.992498
3 12  0.595656  1.013361
3 13  0.591384  1.017934
3 14  0.570813  1.006143
3 15  0.523759  0.795742
3 16  0.283380  0.640584
3 17  0.572032  1.005973
3 18  0.584095  0.881794
3 19  0.571875  0.839992
3 20  0.627092  1.151038
3 21  0.600084  1.028268
3 22  0.568442  1.004837
3 23  0.599270  0.960082
3 24  0.596343  0.960018
3 25  0.594585  1.006474
3 26  0.597592  1.016389
4 5  0.562413  0.956912
4 6  0.550350  0.915237
4 7  0.581966  1.082881
4 8  0.564964  1.013767
4 9  0.580137  1.184053
4 10  0.577747  1.112963
4 11  0.581947  1.123916
4 12  0.574404  1.118637
4 13  0.576726  1.084135
4 14  0.554306  1.094011
4 15  0.554427  0.940126
4 16  0.566804  0.981034
4 17  0.271767  0.923293
4 18  0.565820  0.981207
4 19  0.554663  0.939388
4 20  0.580020  1.214603
4 21  0.576928  1.122693
4 22  0.582486  1.127475
4 23  0.570800  1.058665
4 24  0.581953  1.058963
4 25  0.577704  1.115980
4 26  0.575115  1.098223
5 6  0.525168  0.794752
5 7  0.599241  0.984244
5 8  0.591161  0.948954
5 9  0.624936  1.127433
5 10  0.575219  0.991952
5 11  0.599118  1.037916
5 12  0.591550  1.017127
5 13  0.595329  1.013576
5 14  0.572072  1.005642
5 15  0.571947  0.840088
5 16  0.583968  0.881439
5 17  0.570596  1.005868
5 18  0.283222  0.640167
5 19  0.523646  0.795135
5 20  0.627008  1.150738
5 21  0.568572  1.004030
5 22  0.599802  1.028526
5 23  0.596259  0.958792
5 24  0.599193  0.960692
5 25  0.597396  1.017070
5 26  0.594598  1.005180
6 7  0.586643  0.928078
6 8  0.575421  0.901277
6 9  0.611876  1.064508
6 10  0.573620  0.980842
6 11  0.586521  0.986139
6 12  0.576070  0.947966
6 13  0.582741  0.964470
6 14  0.559115  0.951329
6 15  0.559375  0.785189
6 16  0.571365  0.826539
6 17  0.559253  0.951190
6 18  0.523817  0.784334
6 19  0.272734  0.548530
6 20  0.614215  1.097000
6 21  0.565966  0.944398
6 22  0.587171  0.973912
6 23  0.583743  0.903475
6 24  0.586577  0.905839
6 25  0.584901  0.962629
6 26  0.581091  0.959704
7 8  0.617291  1.087165
7 9  0.639701  1.211131
7 10  0.617627  1.139440
7 11  0.590215  1.113704
7 12  0.613807  1.109559
7 13  0.578868  1.115250
7 14  0.578437  1.109811
7 15  0.587032  0.943173
7 16  0.599090  0.985392
7 17  0.590090  1.108239
7 18  0.602282  0.986539
7 19  0.590029  0.944781
7 20  0.642683  1.249122
7 21  0.618243  1.132344
7 22  0.585448  1.095410
7 23  0.617456  1.064513
7 24  0.375094  0.899076
7 25  0.577341  1.077964
7 26  0.615604  1.120186
8 9  0.639477  1.209876
8 10  0.590221  1.111907
8 11  0.617166  1.138212
8 12  0.578933  1.113275
8 13  0.613338  1.108638
8 14  0.589988  1.106715
8 15  0.589961  0.943665
8 16  0.602013  0.984973
8 17  0.578113  1.108323
8 18  0.598901  0.983932
8 19  0.586645  0.941262
8 20  0.642458  1.247611
8 21  0.585468  1.093636
8 22  0.617819  1.131396
8 23  0.374858  0.896370
8 24  0.617237  1.063911
8 25  0.615267  1.119660
8 26  0.577235  1.075614
9 10  0.642593  1.293525
9 11  0.642383  1.293817
9 12  0.627472  1.229742
9 13  0.627367  1.230605
9 14  0.586864  1.226897
9 15  0.616040  1.096137
9 16  0.628364  1.136548
9 17  0.586640  1.226963
9 18  0.628406  1.136587
9 19  0.615876  1.095741
9 20  0.409097  1.304038
9 21  0.640203  1.271716
9 22  0.640051  1.272311
9 23  0.641306  1.209789
9 24  0.641318  1.210691
9 25  0.627704  1.264138
9 26  0.627671  1.263129
10 11  0.617494  1.187271
10 12  0.586642  1.129803
10 13  0.613624  1.168348
10 14  0.590028  1.165776
10 15  0.590270  1.001397
10 16  0.602284  1.042547
10 17  0.584306  1.161387
10 18  0.570058  1.016521
10 19  0.570053  0.970127
10 20  0.641272  1.300742
10 21  0.409734  1.071486
10 22  0.618238  1.188319
10 23  0.586461  1.087030
10 24  0.617494  1.121312
10 25  0.615839  1.176811
10 26  0.581253  1.142337
11 12  0.613632  1.168139
11 13  0.586208  1.130406
11 14  0.584255  1.161671
11 15  0.569941  0.970818
11 16  0.569754  1.016732
11 17  0.589670  1.166077
11 18  0.602094  1.042884
11 19  0.589881  1.001287
11 20  0.641088  1.301009
11 21  0.618199  1.188050
11 22  0.409494  1.072631
11 23  0.617252  1.120690
11 24  0.586311  1.088331
11 25  0.580918  1.143521
11 26  0.615721  1.176126
12 13  0.609463  1.158330
12 14  0.583748  1.145477
12 15  0.586514  0.981079
12 16  0.598375  1.022028
12 17  0.580049  1.124312
12 18  0.595315  1.010713
12 19  0.582600  0.979158
12 20  0.627544  1.284552
12 21  0.581004  1.136276
12 22  0.614277  1.168098
12 23  0.573731  1.054867
12 24  0.613538  1.100508
12 25  0.612134  1.157607
12 26  0.386740  1.026325
13 14  0.579965  1.124753
13 15  0.582523  0.980075
13 16  0.595039  1.011189
13 17  0.583402  1.146006
13 18  0.598174  1.022590
13 19  0.586114  0.981195
13 20  0.627455  1.285021
13 21  0.614227  1.168041
13 22  0.580660  1.137567
13 23  0.613290  1.100113
13 24  0.573459  1.055960
13 25  0.386163  1.027843
13 26  0.612001  1.157149
14 15  0.561775  0.956337
14 16  0.573252  0.984115
14 17  0.560248  1.129074
14 18  0.575128  1.007793
14 19  0.562820  0.961234
14 20  0.588141  1.213995
14 21  0.590994  1.137164
14 22  0.585926  1.131121
14 23  0.590009  1.085276
14 24  0.570586  1.017323
14 25  0.584372  1.142403
14 26  0.586986  1.103136
15 16  0.530466  0.812593
15 17  0.562853  0.961612
15 18  0.575017  0.841310
15 19  0.562819  0.799219
15 20  0.617003  1.092931
15 21  0.591043  0.988836
15 22  0.576355  0.982079
15 23  0.590188  0.918658
15 24  0.578108  0.894605
15 25  0.581095  0.955273
15 26  0.588727  0.976047
16 17  0.574960  1.007777
16 18  0.587016  0.883452
16 19  0.574817  0.840866
16 20  0.629470  1.145071
16 21  0.603047  1.027080
16 22  0.579014  0.986995
16 23  0.602190  0.961712
16 24  0.594006  0.929468
16 25  0.595554  1.016018
16 26  0.600719  1.011574
17 18  0.573177  0.984210
17 19  0.561497  0.955920
17 20  0.587947  1.213815
17 21  0.586002  1.130655
17 22  0.590676  1.137740
17 23  0.570628  1.016806
17 24  0.589889  1.086204
17 25  0.586755  1.104029
17 26  0.584339  1.141465
18 19  0.530425  0.812240
18 20  0.629516  1.145149
18 21  0.579246  0.986345
18 22  0.602894  1.027666
18 23  0.594048  0.928717
18 24  0.602241  0.962675
18 25  0.600652  1.012561
18 26  0.595717  1.015089
19 20  0.616846  1.092569
19 21  0.576463  0.981200
19 22  0.590691  0.989003
19 23  0.577896  0.893215
19 24  0.590038  0.919169
19 25  0.588460  0.976617
19 26  0.581037  0.954019
20 21  0.644844  1.296739
20 22  0.644665  1.297275
20 23  0.641505  1.203992
20 24  0.641493  1.204756
20 25  0.631539  1.242146
20 26  0.631562  1.241318
21 22  0.618912  1.163028
21 23  0.591818  1.080969
21 24  0.618267  1.104023
21 25  0.616547  1.153155
21 26  0.591071  1.111462
22 23  0.618065  1.103682
22 24  0.591687  1.082375
22 25  0.590818  1.112865
22 26  0.616463  1.152762
23 24  0.617412  1.040550
23 25  0.615806  1.085503
23 26  0.579676  1.083901
24 25  0.579492  1.085765
24 26  0.615921  1.085394
25 26  0.613410  1.149515
