   -993.88340233
   -994.20161267     -994.07697192
0.00002365891327
2 2 2 2 2 2 2 2 2 2 2 2 2 0 0 0 0 0 0 0 0 0 0 0 0 0 
1  0.276463  0.546369
2  0.279629  0.388511
3  0.291778  0.443823
4  0.276524  0.545983
5  0.291679  0.443633
6  0.279487  0.388076
7  0.311721  0.547832
8  0.311415  0.546436
9  0.338679  0.700866
10  0.310935  0.603016
11  0.310739  0.603119
12  0.308175  0.582299
13  0.307929  0.582690
14  0.284873  0.572823
15  0.283078  0.404155
16  0.294784  0.446247
17  0.284682  0.572709
18  0.294819  0.446389
19  0.282914  0.403824
20  0.340126  0.716447
21  0.311683  0.590508
22  0.311509  0.590908
23  0.311496  0.522977
24  0.311576  0.523903
25  0.310162  0.578804
26  0.310263  0.577798
1 2  0.554965  0.924727
1 3  0.566609  0.966109
1 4  0.551017  1.086237
1 5  0.568107  0.988444
1 6  0.555812  0.930824
1 7  0.570242  1.022097
1 8  0.587570  1.090301
1 9  0.586534  1.193864
1 10  0.587174  1.130497
1 11  0.582440  1.119882
1 12  0.582848  1.089744
1 13  0.580116  1.126247
1 14  0.277188  0.934994
1 15  0.559371  0.949570
1 16  0.569936  0.991669
1 17  0.560277  1.106310
1 18  0.571081  0.991536
1 19  0.558703  0.949615
1 20  0.586497  1.225040
1 21  0.587760  1.134518
1 22  0.581837  1.130687
1 23  0.587682  1.066654
1 24  0.576283  1.068131
1 25  0.581074  1.106565
1 26  0.583768  1.121823
2 3  0.528003  0.802435
2 4  0.556014  0.930862
2 5  0.571303  0.831134
2 6  0.559114  0.775264
2 7  0.580031  0.908528
2 8  0.591034  0.932701
2 9  0.617100  1.071212
2 10  0.590557  0.990877
2 11  0.577222  0.985981
2 12  0.587786  0.968469
2 13  0.580465  0.952722
2 14  0.564317  0.960587
2 15  0.275721  0.556191
2 16  0.526867  0.793142
2 17  0.563801  0.960664
2 18  0.574434  0.834669
2 19  0.562541  0.792169
2 20  0.619262  1.103957
2 21  0.591207  0.978458
2 22  0.569628  0.950275
2 23  0.591098  0.911133
2 24  0.588298  0.910575
2 25  0.585685  0.964863
2 26  0.589722  0.965856
3 4  0.568267  0.988251
3 5  0.583453  0.886979
3 6  0.571261  0.830895
3 7  0.595504  0.956658
3 8  0.603187  0.989493
3 9  0.629772  1.134768
3 10  0.602711  1.042572
3 11  0.578391  0.996995
3 12  0.599931  1.017290
3 13  0.595600  1.022521
3 14  0.575140  1.015615
3 15  0.526654  0.804076
3 16  0.285592  0.649076
3 17  0.576377  1.015147
3 18  0.586595  0.889874
3 19  0.574658  0.847380
3 20  0.631640  1.157895
3 21  0.603405  1.033370
3 22  0.571781  1.010162
3 23  0.603273  0.966302
3 24  0.600401  0.966294
3 25  0.598810  1.010909
3 26  0.601769  1.020615
4 5  0.566580  0.965614
4 6  0.554887  0.923896
4 7  0.587936  1.091306
4 8  0.570133  1.020703
4 9  0.586513  1.193511
4 10  0.582704  1.119592
4 11  0.587042  1.130235
4 12  0.580417  1.125505
4 13  0.582674  1.089803
4 14  0.560527  1.106061
4 15  0.558928  0.949561
4 16  0.571108  0.991013
4 17  0.277261  0.934499
4 18  0.570025  0.991423
4 19  0.559269  0.948860
4 20  0.586384  1.224641
4 21  0.582009  1.129911
4 22  0.587641  1.134531
4 23  0.576271  1.066821
4 24  0.587827  1.067175
4 25  0.583720  1.122431
4 26  0.581177  1.105246
5 6  0.527866  0.801836
5 7  0.603394  0.990696
5 8  0.595112  0.955159
5 9  0.629670  1.134594
5 10  0.578508  0.996728
5 11  0.602416  1.042479
5 12  0.595751  1.021953
5 13  0.599586  1.017486
5 14  0.576467  1.015067
5 15  0.574723  0.847520
5 16  0.586460  0.889543
5 17  0.574846  1.015307
5 18  0.285415  0.648896
5 19  0.526514  0.803642
5 20  0.631540  1.157704
5 21  0.571870  1.009625
5 22  0.603131  1.033577
5 23  0.600227  0.965168
5 24  0.603254  0.967035
5 25  0.601566  1.021424
5 26  0.598799  1.009710
6 7  0.591199  0.933653
6 8  0.579596  0.906808
6 9  0.616952  1.070769
6 10  0.577292  0.985446
6 11  0.590219  0.990547
6 12  0.580563  0.951916
6 13  0.587400  0.968432
6 14  0.563843  0.960343
6 15  0.562564  0.792066
6 16  0.574256  0.834093
6 17  0.563988  0.960043
6 18  0.526808  0.792875
6 19  0.275599  0.555519
6 20  0.619111  1.103524
6 21  0.569721  0.949539
6 22  0.590891  0.978424
6 23  0.588053  0.909213
6 24  0.591036  0.911623
6 25  0.589478  0.966424
6 26  0.585610  0.963404
7 8  0.623126  1.092677
7 9  0.646167  1.217231
7 10  0.622639  1.143175
7 11  0.595123  1.117515
7 12  0.619825  1.112528
7 13  0.584787  1.119025
7 14  0.584235  1.118172
7 15  0.591495  0.949440
7 16  0.603297  0.992461
7 17  0.596169  1.116398
7 18  0.606527  0.993645
7 19  0.594541  0.951199
7 20  0.648911  1.255488
7 21  0.623304  1.136528
7 22  0.590416  1.100346
7 23  0.623206  1.069758
7 24  0.380251  0.903427
7 25  0.583160  1.082459
7 26  0.621557  1.123474
8 9  0.645871  1.216070
8 10  0.595013  1.116011
8 11  0.622138  1.141886
8 12  0.584794  1.117287
8 13  0.619276  1.111593
8 14  0.596053  1.115142
8 15  0.594399  0.950136
8 16  0.606185  0.992112
8 17  0.583779  1.116664
8 18  0.603023  0.991211
8 19  0.591020  0.947712
8 20  0.648611  1.254089
8 21  0.590329  1.098833
8 22  0.622823  1.135536
8 23  0.379897  0.900850
8 24  0.622981  1.069288
8 25  0.621149  1.123079
8 26  0.582975  1.080210
9 10  0.648231  1.299071
9 11  0.648057  1.299185
9 12  0.633668  1.233916
9 13  0.633565  1.234701
9 14  0.593656  1.237555
9 15  0.621195  1.103882
9 16  0.633252  1.144836
9 17  0.593358  1.237506
9 18  0.633286  1.144959
9 19  0.621022  1.103552
9 20  0.415920  1.312022
9 21  0.645818  1.277060
9 22  0.645683  1.277491
9 23  0.647658  1.216626
9 24  0.647738  1.217536
9 25  0.634137  1.268601
9 26  0.634078  1.267582
10 11  0.621654  1.188870
10 12  0.591486  1.132233
10 13  0.618734  1.170246
10 14  0.595261  1.172965
10 15  0.593884  1.006473
10 16  0.605625  1.048287
10 17  0.589464  1.168425
10 18  0.573398  1.022863
10 19  0.573754  0.975829
10 20  0.646601  1.305279
10 21  0.413696  1.074459
10 22  0.622440  1.191037
10 23  0.591169  1.091895
10 24  0.622402  1.125332
10 25  0.620882  1.178933
10 26  0.585986  1.144996
11 12  0.618782  1.169989
11 13  0.591081  1.132518
11 14  0.589511  1.168669
11 15  0.573691  0.976275
11 16  0.573146  1.022804
11 17  0.594882  1.172948
11 18  0.605465  1.048528
11 19  0.593525  1.006245
11 20  0.646451  1.305363
11 21  0.622418  1.190747
11 22  0.413490  1.075220
11 23  0.622126  1.124516
11 24  0.591131  1.093029
11 25  0.585680  1.146008
11 26  0.620790  1.178044
12 13  0.615481  1.160473
12 14  0.589961  1.152499
12 15  0.591159  0.985857
12 16  0.602684  1.027488
12 17  0.586246  1.131879
12 18  0.599628  1.016451
12 19  0.587194  0.983943
12 20  0.633725  1.288803
12 21  0.585915  1.139625
12 22  0.619466  1.170643
12 23  0.579453  1.059752
12 24  0.619468  1.104221
12 25  0.618174  1.159363
12 26  0.392325  1.027610
13 14  0.586230  1.132333
13 15  0.587122  0.984666
13 16  0.599359  1.016718
13 17  0.589561  1.152761
13 18  0.602476  1.028016
13 19  0.590750  0.985916
13 20  0.633643  1.289150
13 21  0.619396  1.170630
13 22  0.585589  1.140645
13 23  0.619148  1.103692
13 24  0.579229  1.060757
13 25  0.391764  1.028977
13 26  0.618033  1.158756
14 15  0.566517  0.965282
14 16  0.577698  0.993224
14 17  0.566572  1.140453
14 18  0.579627  1.018001
14 19  0.567589  0.970272
14 20  0.594376  1.222425
14 21  0.596298  1.143795
14 22  0.591122  1.137735
14 23  0.596001  1.093613
14 24  0.575826  1.024165
14 25  0.590566  1.148832
14 26  0.593071  1.108766
15 16  0.533251  0.820602
15 17  0.567563  0.970445
15 18  0.577892  0.849148
15 19  0.565989  0.806295
15 20  0.621807  1.098644
15 21  0.594750  0.993931
15 22  0.580084  0.987015
15 23  0.594562  0.924543
15 24  0.582274  0.900343
15 25  0.585543  0.959129
15 26  0.593312  0.980051
16 17  0.579401  1.017755
16 18  0.589597  0.892199
16 19  0.577692  0.848681
16 20  0.634042  1.151878
16 21  0.606463  1.032351
16 22  0.582453  0.992152
16 23  0.606274  0.968617
16 24  0.598061  0.936008
16 25  0.599746  1.020807
16 26  0.605017  1.015644
17 18  0.577552  0.993261
17 19  0.566167  0.964780
17 20  0.594127  1.222153
17 21  0.591115  1.137304
17 22  0.595937  1.144089
17 23  0.575751  1.023534
17 24  0.595889  1.094409
17 25  0.592787  1.109542
17 26  0.590462  1.147732
18 19  0.533195  0.820415
18 20  0.634079  1.152043
18 21  0.582655  0.991736
18 22  0.606325  1.032865
18 23  0.598024  0.935324
18 24  0.606389  0.969680
18 25  0.604952  1.016740
18 26  0.599893  1.019949
19 20  0.621644  1.098337
19 21  0.580161  0.986360
19 22  0.594413  0.994002
19 23  0.581985  0.899008
19 24  0.594478  0.925129
19 25  0.593048  0.980700
19 26  0.585470  0.957920
20 21  0.650254  1.301617
20 22  0.650098  1.302001
20 23  0.647586  1.209450
20 24  0.647643  1.210215
20 25  0.637534  1.245481
20 26  0.637553  1.244639
21 22  0.623166  1.164713
21 23  0.596652  1.084983
21 24  0.623246  1.107744
21 25  0.621665  1.154855
21 26  0.595921  1.113338
22 23  0.622992  1.107241
22 24  0.596618  1.086235
22 25  0.595694  1.114605
22 26  0.621591  1.154271
23 24  0.623065  1.045703
23 25  0.621606  1.088195
23 26  0.585283  1.087050
24 25  0.585174  1.088947
24 26  0.621786  1.088084
25 26  0.619284  1.150642
