   -993.88340233
   -994.20179571     -994.07749006
0.00001170354910
2 2 2 2 2 2 2 2 2 2 2 2 2 0 0 0 0 0 0 0 0 0 0 0 0 0 
1  0.277061  0.547838
2  0.279937  0.389320
3  0.291975  0.444936
4  0.277116  0.547442
5  0.291874  0.444808
6  0.279796  0.388948
7  0.312269  0.548527
8  0.311968  0.547208
9  0.339365  0.702011
10  0.311384  0.603371
11  0.311189  0.603411
12  0.308757  0.582411
13  0.308511  0.582726
14  0.285472  0.574384
15  0.283388  0.405052
16  0.295006  0.447362
17  0.285274  0.574202
18  0.295041  0.447577
19  0.283229  0.404774
20  0.340772  0.717466
21  0.312132  0.590912
22  0.311959  0.591270
23  0.312037  0.523631
24  0.312111  0.524515
25  0.310745  0.578772
26  0.310842  0.577844
1 2  0.555857  0.926876
1 3  0.567385  0.968459
1 4  0.552200  1.089140
1 5  0.568900  0.991077
1 6  0.556713  0.933064
1 7  0.571242  1.023821
1 8  0.588717  1.092521
1 9  0.587768  1.196361
1 10  0.588214  1.132114
1 11  0.583468  1.121540
1 12  0.584002  1.091142
1 13  0.581273  1.127762
1 14  0.278268  0.937888
1 15  0.560280  0.951920
1 16  0.570733  0.994261
1 17  0.561458  1.109390
1 18  0.571891  0.994152
1 19  0.559587  0.952029
1 20  0.587744  1.227787
1 21  0.588797  1.136398
1 22  0.582883  1.132503
1 23  0.588812  1.068747
1 24  0.577348  1.070162
1 25  0.582247  1.108184
1 26  0.584946  1.123377
2 3  0.528482  0.804371
2 4  0.556911  0.933030
2 5  0.571806  0.833053
2 6  0.559730  0.776849
2 7  0.580853  0.909901
2 8  0.591894  0.934174
2 9  0.618075  1.072866
2 10  0.591313  0.992036
2 11  0.577972  0.987098
2 12  0.588675  0.969317
2 13  0.581341  0.953507
2 14  0.565225  0.962950
2 15  0.276254  0.557963
2 16  0.527397  0.795341
2 17  0.564667  0.962964
2 18  0.574961  0.836666
2 19  0.563166  0.793925
2 20  0.620209  1.105793
2 21  0.591955  0.979682
2 22  0.570367  0.951612
2 23  0.591942  0.912601
2 24  0.589133  0.911992
2 25  0.586570  0.965630
2 26  0.590601  0.966717
3 4  0.569056  0.990811
3 5  0.583844  0.889255
3 6  0.571766  0.832814
3 7  0.596248  0.958363
3 8  0.603936  0.991376
3 9  0.630641  1.136853
3 10  0.603356  1.043891
3 11  0.579052  0.998265
3 12  0.600709  1.018289
3 13  0.596374  1.023661
3 14  0.575917  1.018295
3 15  0.527157  0.806362
3 16  0.286028  0.651392
3 17  0.577166  1.017703
3 18  0.587013  0.892171
3 19  0.575165  0.849441
3 20  0.632478  1.159986
3 21  0.604039  1.034891
3 22  0.572425  1.011770
3 23  0.604011  0.968070
3 24  0.601128  0.968032
3 25  0.599592  1.012079
3 26  0.602525  1.021787
4 5  0.567347  0.968009
4 6  0.555774  0.926093
4 7  0.589072  1.093440
4 8  0.571136  1.022486
4 9  0.587741  1.195990
4 10  0.583727  1.121296
4 11  0.588077  1.131784
4 12  0.581567  1.127086
4 13  0.583822  1.091116
4 14  0.561710  1.109193
4 15  0.559802  0.951911
4 16  0.571912  0.993548
4 17  0.278333  0.937313
4 18  0.570814  0.994078
4 19  0.560177  0.951254
4 20  0.587628  1.227387
4 21  0.583051  1.131759
4 22  0.588674  1.136359
4 23  0.577338  1.068884
4 24  0.588946  1.069215
4 25  0.584894  1.123899
4 26  0.582340  1.106924
5 6  0.528343  0.803896
5 7  0.604137  0.992564
5 8  0.595860  0.956990
5 9  0.630538  1.136736
5 10  0.579167  0.998114
5 11  0.603060  1.043799
5 12  0.596524  1.023231
5 13  0.600363  1.018472
5 14  0.577262  1.017752
5 15  0.575224  0.849591
5 16  0.586878  0.891829
5 17  0.575615  1.017982
5 18  0.285846  0.651378
5 19  0.527021  0.806046
5 20  0.632378  1.159858
5 21  0.572513  1.011337
5 22  0.603765  1.035117
5 23  0.600959  0.967012
5 24  0.603984  0.968824
5 25  0.602324  1.022582
5 26  0.599575  1.011014
6 7  0.592054  0.935112
6 8  0.580422  0.908307
6 9  0.617927  1.072473
6 10  0.578041  0.986692
6 11  0.590977  0.991707
6 12  0.581438  0.952830
6 13  0.588289  0.969265
6 14  0.564715  0.962774
6 15  0.563184  0.793832
6 16  0.574786  0.836080
6 17  0.564889  0.962403
6 18  0.527337  0.795215
6 19  0.276139  0.557435
6 20  0.620058  1.105422
6 21  0.570460  0.950973
6 22  0.591640  0.979667
6 23  0.588896  0.910736
6 24  0.591873  0.913111
6 25  0.590362  0.967272
6 26  0.586493  0.964311
7 8  0.624227  1.094142
7 9  0.647389  1.218910
7 10  0.623633  1.144072
7 11  0.596089  1.118472
7 12  0.620956  1.113147
7 13  0.585897  1.119793
7 14  0.585317  1.120406
7 15  0.592338  0.951019
7 16  0.604061  0.994286
7 17  0.597299  1.118538
7 18  0.607296  0.995526
7 19  0.595393  0.952849
7 20  0.650090  1.257282
7 21  0.624303  1.137640
7 22  0.591398  1.101668
7 23  0.624294  1.071107
7 24  0.381203  0.904602
7 25  0.584255  1.083447
7 26  0.622685  1.124226
8 9  0.647096  1.217817
8 10  0.595982  1.117105
8 11  0.623137  1.142797
8 12  0.585907  1.118206
8 13  0.620411  1.112215
8 14  0.597194  1.117423
8 15  0.595252  0.951810
8 16  0.606960  0.993997
8 17  0.584863  1.118907
8 18  0.603791  0.993186
8 19  0.591872  0.949424
8 20  0.649795  1.255961
8 21  0.591315  1.100270
8 22  0.623828  1.136685
8 23  0.380854  0.902148
8 24  0.624068  1.070671
8 25  0.622286  1.123834
8 26  0.584071  1.081346
9 10  0.649360  1.300586
9 11  0.649186  1.300637
9 12  0.634847  1.234917
9 13  0.634745  1.235648
9 14  0.594926  1.240486
9 15  0.622176  1.105926
9 16  0.634159  1.147063
9 17  0.594620  1.240377
9 18  0.634191  1.147261
9 19  0.622008  1.105649
9 20  0.417278  1.314359
9 21  0.646932  1.278526
9 22  0.646799  1.278909
9 23  0.648872  1.218473
9 24  0.648948  1.219338
9 25  0.635372  1.269680
9 26  0.635309  1.268742
10 11  0.622551  1.189160
10 12  0.592468  1.132701
10 13  0.619760  1.170567
10 14  0.596304  1.174886
10 15  0.594630  1.007733
10 16  0.606293  1.049761
10 17  0.590493  1.170270
10 18  0.574052  1.024550
10 19  0.574504  0.977319
10 20  0.647682  1.306579
10 21  0.414553  1.075309
10 22  0.623338  1.191763
10 23  0.592151  1.093131
10 24  0.623382  1.126314
10 25  0.621905  1.179303
10 26  0.586931  1.145639
11 12  0.619810  1.170326
11 13  0.592066  1.132852
11 14  0.590547  1.170517
11 15  0.574440  0.977656
11 16  0.573805  1.024356
11 17  0.595918  1.174739
11 18  0.606133  1.050012
11 19  0.594277  1.007495
11 20  0.647530  1.306603
11 21  0.623316  1.191452
11 22  0.414348  1.075947
11 23  0.623113  1.125477
11 24  0.592108  1.094163
11 25  0.586630  1.146508
11 26  0.621811  1.178427
12 13  0.616614  1.160636
12 14  0.591149  1.154215
12 15  0.592047  0.986878
12 16  0.603465  1.028738
12 17  0.587412  1.133694
12 18  0.600427  1.017833
12 19  0.588089  0.985003
12 20  0.634922  1.289884
12 21  0.586881  1.140375
12 22  0.620495  1.171165
12 23  0.580525  1.060861
12 24  0.620590  1.104952
12 25  0.619329  1.159460
12 26  0.393467  1.027582
13 14  0.587402  1.134143
13 15  0.588011  0.985597
13 16  0.600158  1.017958
13 17  0.590739  1.154334
13 18  0.603255  1.029262
13 19  0.591642  0.986914
13 20  0.634839  1.290154
13 21  0.620424  1.171119
13 22  0.586555  1.141278
13 23  0.620276  1.104389
13 24  0.580298  1.061759
13 25  0.392904  1.028780
13 26  0.619183  1.158856
14 15  0.567422  0.967585
14 16  0.578514  0.995643
14 17  0.567745  1.143484
14 18  0.580445  1.020741
14 19  0.568498  0.972592
14 20  0.595558  1.224805
14 21  0.597339  1.145558
14 22  0.592152  1.139558
14 23  0.597139  1.095818
14 24  0.576813  1.025903
14 25  0.591735  1.150372
14 26  0.594226  1.110209
15 16  0.533758  0.822630
15 17  0.568461  0.972644
15 18  0.578422  0.851132
15 19  0.566614  0.808010
15 20  0.622744  1.100175
15 21  0.595510  0.995226
15 22  0.580832  0.988287
15 23  0.595412  0.925959
15 24  0.583093  0.901757
15 25  0.586418  0.959935
15 26  0.594199  0.980925
16 17  0.580213  1.020355
16 18  0.590039  0.894496
16 19  0.578228  0.850647
16 20  0.634896  1.153813
16 21  0.607135  1.033720
16 22  0.583144  0.993504
16 23  0.607037  0.970389
16 24  0.598815  0.937649
16 25  0.600532  1.021861
16 26  0.605820  1.016562
17 18  0.578361  0.995673
17 19  0.567069  0.967065
17 20  0.595305  1.224481
17 21  0.592136  1.139107
17 22  0.596972  1.145752
17 23  0.576738  1.025253
17 24  0.597014  1.096507
17 25  0.593939  1.110860
17 26  0.591620  1.149279
18 19  0.533704  0.822568
18 20  0.634932  1.154043
18 21  0.583343  0.993196
18 22  0.606997  1.034261
18 23  0.598783  0.937067
18 24  0.607145  0.971482
18 25  0.605757  1.017644
18 26  0.600676  1.021155
19 20  0.622584  1.099912
19 21  0.580911  0.987729
19 22  0.595178  0.995307
19 23  0.582813  0.900506
19 24  0.595326  0.926555
19 25  0.593943  0.981550
19 26  0.586345  0.958844
20 21  0.651340  1.303056
20 22  0.651184  1.303400
20 23  0.648761  1.211005
20 24  0.648811  1.211736
20 25  0.638692  1.246344
20 26  0.638706  1.245549
21 22  0.624062  1.165172
21 23  0.597628  1.086037
21 24  0.624227  1.108627
21 25  0.622690  1.155175
21 26  0.596894  1.113742
22 23  0.623980  1.108126
22 24  0.597588  1.087198
22 25  0.596672  1.114896
22 26  0.622614  1.154624
23 24  0.624142  1.046978
23 25  0.622732  1.088710
23 26  0.586362  1.087779
24 25  0.586252  1.089560
24 26  0.622902  1.088630
25 26  0.620409  1.150638
