   -993.88340233
   -994.20183490     -994.07759973
0.00000969202463
2 2 2 2 2 2 2 2 2 2 2 2 2 0 0 0 0 0 0 0 0 0 0 0 0 0 
1  0.277198  0.548148
2  0.280001  0.389533
3  0.292018  0.445230
4  0.277256  0.547758
5  0.291920  0.445126
6  0.279861  0.389175
7  0.312384  0.548669
8  0.312085  0.547378
9  0.339524  0.702244
10  0.311487  0.603462
11  0.311289  0.603458
12  0.308893  0.582434
13  0.308644  0.582722
14  0.285614  0.574722
15  0.283452  0.405267
16  0.295050  0.447673
17  0.285419  0.574537
18  0.295086  0.447907
19  0.283293  0.405002
20  0.340925  0.717662
21  0.312242  0.591009
22  0.312067  0.591338
23  0.312161  0.523782
24  0.312233  0.524645
25  0.310877  0.578745
26  0.310976  0.577841
1 2  0.556055  0.927373
1 3  0.567562  0.969011
1 4  0.552477  1.089767
1 5  0.569083  0.991701
1 6  0.556913  0.933574
1 7  0.571466  1.024180
1 8  0.588970  1.092998
1 9  0.588052  1.196880
1 10  0.588453  1.132483
1 11  0.583701  1.121874
1 12  0.584271  1.091437
1 13  0.581541  1.128070
1 14  0.278512  0.938507
1 15  0.560481  0.952444
1 16  0.570910  0.994884
1 17  0.561738  1.110063
1 18  0.572072  0.994780
1 19  0.559778  0.952566
1 20  0.588034  1.228350
1 21  0.589040  1.136806
1 22  0.583127  1.132885
1 23  0.589072  1.069201
1 24  0.577589  1.070590
1 25  0.582518  1.108514
1 26  0.585219  1.123695
2 3  0.528579  0.804888
2 4  0.557113  0.933532
2 5  0.571916  0.833564
2 6  0.559858  0.777258
2 7  0.581026  0.910228
2 8  0.592075  0.934528
2 9  0.618293  1.073239
2 10  0.591480  0.992339
2 11  0.578136  0.987362
2 12  0.588876  0.969531
2 13  0.581533  0.953698
2 14  0.565431  0.963500
2 15  0.276372  0.558402
2 16  0.527505  0.795925
2 17  0.564870  0.963511
2 18  0.575070  0.837208
2 19  0.563293  0.794367
2 20  0.620424  1.106202
2 21  0.592125  0.979994
2 22  0.570540  0.951931
2 23  0.592128  0.912965
2 24  0.589318  0.912335
2 25  0.586762  0.965817
2 26  0.590797  0.966930
3 4  0.569240  0.991418
3 5  0.583933  0.889865
3 6  0.571873  0.833315
3 7  0.596408  0.958770
3 8  0.604096  0.991840
3 9  0.630842  1.137341
3 10  0.603503  1.044243
3 11  0.579201  0.998562
3 12  0.600889  1.018553
3 13  0.596551  1.023950
3 14  0.576097  1.018928
3 15  0.527266  0.806934
3 16  0.286106  0.652038
3 17  0.577353  1.018321
3 18  0.587101  0.892794
3 19  0.575270  0.849965
3 20  0.632674  1.160469
3 21  0.604188  1.035283
3 22  0.572574  1.012167
3 23  0.604178  0.968516
3 24  0.601292  0.968460
3 25  0.599769  1.012367
3 26  0.602695  1.022085
4 5  0.567531  0.968588
4 6  0.555974  0.926608
4 7  0.589326  1.093896
4 8  0.571365  1.022870
4 9  0.588028  1.196516
4 10  0.583964  1.121678
4 11  0.588316  1.132118
4 12  0.581841  1.127427
4 13  0.584091  1.091394
4 14  0.561990  1.109874
4 15  0.559996  0.952442
4 16  0.572095  0.994164
4 17  0.278581  0.937941
4 18  0.570995  0.994726
4 19  0.560381  0.951798
4 20  0.587920  1.227957
4 21  0.583299  1.132175
4 22  0.588919  1.136745
4 23  0.577583  1.069339
4 24  0.589206  1.069655
4 25  0.585170  1.124199
4 26  0.582615  1.107282
5 6  0.528444  0.804451
5 7  0.604298  0.993024
5 8  0.596024  0.957444
5 9  0.630741  1.137246
5 10  0.579322  0.998472
5 11  0.603207  1.044130
5 12  0.596709  1.023570
5 13  0.600541  1.018730
5 14  0.577448  1.018395
5 15  0.575331  0.850125
5 16  0.586967  0.892457
5 17  0.575801  1.018636
5 18  0.285927  0.652077
5 19  0.527131  0.806654
5 20  0.632576  1.160363
5 21  0.572668  1.011786
5 22  0.603915  1.035504
5 23  0.601129  0.967483
5 24  0.604152  0.969272
5 25  0.602495  1.022878
5 26  0.599757  1.011348
6 7  0.592233  0.935451
6 8  0.580599  0.908674
6 9  0.618146  1.072858
6 10  0.578209  0.987013
6 11  0.591141  0.991979
6 12  0.581633  0.953058
6 13  0.588486  0.969468
6 14  0.564916  0.963337
6 15  0.563311  0.794273
6 16  0.574893  0.836618
6 17  0.565097  0.962963
6 18  0.527447  0.795830
6 19  0.276257  0.557910
6 20  0.620273  1.105845
6 21  0.570636  0.951332
6 22  0.591809  0.979964
6 23  0.589083  0.911113
6 24  0.592058  0.913469
6 25  0.590556  0.967474
6 26  0.586687  0.964536
7 8  0.624459  1.094454
7 9  0.647661  1.219255
7 10  0.623851  1.144276
7 11  0.596303  1.118657
7 12  0.621208  1.113277
7 13  0.586138  1.119940
7 14  0.585558  1.120878
7 15  0.592514  0.951374
7 16  0.604221  0.994741
7 17  0.597556  1.119008
7 18  0.607456  0.995996
7 19  0.595569  0.953221
7 20  0.650355  1.257640
7 21  0.624527  1.137883
7 22  0.591615  1.101944
7 23  0.624533  1.071399
7 24  0.381404  0.904864
7 25  0.584494  1.083638
7 26  0.622936  1.124367
8 9  0.647370  1.218186
8 10  0.596202  1.117357
8 11  0.623354  1.142985
8 12  0.586152  1.118407
8 13  0.620661  1.112348
8 14  0.597451  1.117921
8 15  0.595430  0.952196
8 16  0.607121  0.994477
8 17  0.585108  1.119403
8 18  0.603955  0.993687
8 19  0.592050  0.949820
8 20  0.650062  1.256346
8 21  0.591536  1.100598
8 22  0.624052  1.136926
8 23  0.381058  0.902466
8 24  0.624306  1.070970
8 25  0.622537  1.123979
8 26  0.584312  1.081588
9 10  0.649619  1.300914
9 11  0.649442  1.300923
9 12  0.635122  1.235110
9 13  0.635016  1.235823
9 14  0.595220  1.241106
9 15  0.622397  1.106376
9 16  0.634362  1.147600
9 17  0.594916  1.240993
9 18  0.634396  1.147815
9 19  0.622229  1.106112
9 20  0.417589  1.314818
9 21  0.647195  1.278840
9 22  0.647058  1.279196
9 23  0.649150  1.218868
9 24  0.649224  1.219713
9 25  0.635653  1.269877
9 26  0.635592  1.268963
10 11  0.622754  1.189239
10 12  0.592696  1.132824
10 13  0.619995  1.170644
10 14  0.596544  1.175313
10 15  0.594795  1.008042
10 16  0.606440  1.050162
10 17  0.590738  1.170701
10 18  0.574202  1.025006
10 19  0.574673  0.977677
10 20  0.647934  1.306845
10 21  0.414747  1.075535
10 22  0.623549  1.191924
10 23  0.592376  1.093426
10 24  0.623606  1.126538
10 25  0.622137  1.179378
10 26  0.587149  1.145766
11 12  0.620045  1.170389
11 13  0.592286  1.132910
11 14  0.590786  1.170908
11 15  0.574605  0.977959
11 16  0.573951  1.024749
11 17  0.596157  1.175120
11 18  0.606278  1.050388
11 19  0.594439  1.007774
11 20  0.647781  1.306829
11 21  0.623526  1.191598
11 22  0.414538  1.076091
11 23  0.623337  1.125679
11 24  0.592326  1.094396
11 25  0.586843  1.146570
11 26  0.622042  1.178484
12 13  0.616876  1.160657
12 14  0.591428  1.154585
12 15  0.592247  0.987117
12 16  0.603638  1.029074
12 17  0.587693  1.134103
12 18  0.600610  1.018204
12 19  0.588284  0.985254
12 20  0.635198  1.290095
12 21  0.587116  1.140543
12 22  0.620737  1.171264
12 23  0.580769  1.061114
12 24  0.620849  1.105106
12 25  0.619595  1.159457
12 26  0.393716  1.027588
13 14  0.587678  1.134531
13 15  0.588202  0.985808
13 16  0.600335  1.018285
13 17  0.591017  1.154675
13 18  0.603427  1.029590
13 19  0.591839  0.987139
13 20  0.635111  1.290338
13 21  0.620664  1.171220
13 22  0.586785  1.141391
13 23  0.620534  1.104536
13 24  0.580535  1.061967
13 25  0.393154  1.028726
13 26  0.619447  1.158852
14 15  0.567625  0.968104
14 16  0.578694  0.996231
14 17  0.568027  1.144154
14 18  0.580632  1.021407
14 19  0.568700  0.973119
14 20  0.595837  1.225299
14 21  0.597588  1.145948
14 22  0.592396  1.139940
14 23  0.597403  1.096303
14 24  0.577046  1.026272
14 25  0.592007  1.150687
14 26  0.594499  1.110505
15 16  0.533856  0.823161
15 17  0.568665  0.973155
15 18  0.578530  0.851653
15 19  0.566740  0.808422
15 20  0.622953  1.100505
15 21  0.595682  0.995538
15 22  0.581001  0.988576
15 23  0.595599  0.926293
15 24  0.583273  0.902084
15 25  0.586609  0.960114
15 26  0.594395  0.981123
16 17  0.580401  1.021000
16 18  0.590128  0.895134
16 19  0.578335  0.851163
16 20  0.635094  1.154273
16 21  0.607289  1.034090
16 22  0.583298  0.993840
16 23  0.607204  0.970850
16 24  0.598979  0.938068
16 25  0.600706  1.022138
16 26  0.605997  1.016820
17 18  0.578545  0.996275
17 19  0.567275  0.967592
17 20  0.595586  1.224978
17 21  0.592385  1.139515
17 22  0.597222  1.146114
17 23  0.576976  1.025632
17 24  0.597279  1.096968
17 25  0.594213  1.111137
17 26  0.591896  1.149614
18 19  0.533804  0.823132
18 20  0.635132  1.154522
18 21  0.583502  0.993575
18 22  0.607150  1.034620
18 23  0.598951  0.937522
18 24  0.607312  0.971942
18 25  0.605934  1.017897
18 26  0.600852  1.021476
19 20  0.622793  1.100254
19 21  0.581083  0.988060
19 22  0.595348  0.995604
19 23  0.582995  0.900864
19 24  0.595511  0.926882
19 25  0.594138  0.981737
19 26  0.586538  0.959058
20 21  0.651600  1.303352
20 22  0.651441  1.303669
20 23  0.649036  1.211325
20 24  0.649083  1.212037
20 25  0.638961  1.246497
20 26  0.638977  1.245715
21 22  0.624278  1.165266
21 23  0.597857  1.086279
21 24  0.624457  1.108819
21 25  0.622931  1.155233
21 26  0.597124  1.113835
22 23  0.624211  1.108311
22 24  0.597813  1.087392
22 25  0.596898  1.114941
22 26  0.622854  1.154679
23 24  0.624388  1.047260
23 25  0.622989  1.088809
23 26  0.586607  1.087936
24 25  0.586495  1.089672
24 26  0.623157  1.088733
25 26  0.620664  1.150602
