   -993.88340233
   -994.20186043     -994.07766914
0.00000796706085
2 2 2 2 2 2 2 2 2 2 2 2 2 0 0 0 0 0 0 0 0 0 0 0 0 0 
1  0.277285  0.548368
2  0.280045  0.389691
3  0.292050  0.445440
4  0.277345  0.547961
5  0.291951  0.445324
6  0.279904  0.389323
7  0.312475  0.548776
8  0.312175  0.547465
9  0.339630  0.702391
10  0.311545  0.603509
11  0.311346  0.603541
12  0.308991  0.582400
13  0.308747  0.582709
14  0.285707  0.574966
15  0.283496  0.405424
16  0.295086  0.447886
17  0.285515  0.574756
18  0.295121  0.448107
19  0.283335  0.405149
20  0.341025  0.717797
21  0.312300  0.591048
22  0.312124  0.591410
23  0.312246  0.523872
24  0.312317  0.524761
25  0.310982  0.578714
26  0.311076  0.577799
1 2  0.556182  0.927733
1 3  0.567682  0.969405
1 4  0.552651  1.090190
1 5  0.569200  0.992116
1 6  0.557041  0.933926
1 7  0.571620  1.024443
1 8  0.589146  1.093304
1 9  0.588238  1.197238
1 10  0.588596  1.132721
1 11  0.583842  1.122159
1 12  0.584454  1.091601
1 13  0.581727  1.128278
1 14  0.278668  0.938955
1 15  0.560611  0.952821
1 16  0.571028  0.995319
1 17  0.561918  1.110522
1 18  0.572193  0.995193
1 19  0.559898  0.952933
1 20  0.588219  1.228739
1 21  0.589183  1.137066
1 22  0.583269  1.133179
1 23  0.589243  1.069505
1 24  0.577748  1.070916
1 25  0.582708  1.108735
1 26  0.585406  1.123879
2 3  0.528646  0.805265
2 4  0.557244  0.933878
2 5  0.571991  0.833905
2 6  0.559945  0.777543
2 7  0.581157  0.910473
2 8  0.592210  0.934753
2 9  0.618440  1.073494
2 10  0.591582  0.992543
2 11  0.578240  0.987605
2 12  0.589018  0.969644
2 13  0.581677  0.953832
2 14  0.565568  0.963901
2 15  0.276451  0.558740
2 16  0.527583  0.796338
2 17  0.565001  0.963887
2 18  0.575148  0.837566
2 19  0.563379  0.794671
2 20  0.620565  1.106496
2 21  0.592226  0.980191
2 22  0.570642  0.952183
2 23  0.592256  0.913213
2 24  0.589445  0.912608
2 25  0.586910  0.965944
2 26  0.590940  0.967047
3 4  0.569359  0.991828
3 5  0.583996  0.890270
3 6  0.571948  0.833659
3 7  0.596532  0.959067
3 8  0.604218  0.992137
3 9  0.630977  1.137669
3 10  0.603593  1.044473
3 11  0.579295  0.998823
3 12  0.601019  1.018697
3 13  0.596685  1.024148
3 14  0.576218  1.019384
3 15  0.527340  0.807344
3 16  0.286165  0.652503
3 17  0.577481  1.018739
3 18  0.587169  0.893202
3 19  0.575343  0.850322
3 20  0.632805  1.160810
3 21  0.604276  1.035532
3 22  0.572667  1.012470
3 23  0.604295  0.968815
3 24  0.601408  0.968787
3 25  0.599906  1.012562
3 26  0.602824  1.022256
4 5  0.567651  0.968956
4 6  0.556102  0.926941
4 7  0.589505  1.094204
4 8  0.571518  1.023105
4 9  0.588215  1.196851
4 10  0.584108  1.121913
4 11  0.588460  1.132375
4 12  0.582024  1.127597
4 13  0.584280  1.091558
4 14  0.562170  1.110342
4 15  0.560120  0.952802
4 16  0.572219  0.994573
4 17  0.278740  0.938340
4 18  0.571115  0.995131
4 19  0.560511  0.952148
4 20  0.588108  1.228333
4 21  0.583443  1.132419
4 22  0.589063  1.137021
4 23  0.577745  1.069623
4 24  0.589378  1.069968
4 25  0.585363  1.124377
4 26  0.582802  1.107477
5 6  0.528509  0.804805
5 7  0.604420  0.993329
5 8  0.596146  0.957712
5 9  0.630875  1.137561
5 10  0.579415  0.998689
5 11  0.603295  1.044383
5 12  0.596836  1.023735
5 13  0.600676  1.018880
5 14  0.577573  1.018827
5 15  0.575405  0.850480
5 16  0.587035  0.892866
5 17  0.575924  1.019055
5 18  0.285986  0.652511
5 19  0.527203  0.807043
5 20  0.632706  1.160693
5 21  0.572761  1.012042
5 22  0.604001  1.035774
5 23  0.601244  0.967774
5 24  0.604267  0.969585
5 25  0.602628  1.023049
5 26  0.599887  1.011522
6 7  0.592368  0.935685
6 8  0.580727  0.908891
6 9  0.618292  1.073103
6 10  0.578312  0.987210
6 11  0.591241  0.992210
6 12  0.581772  0.953162
6 13  0.588632  0.969591
6 14  0.565044  0.963729
6 15  0.563398  0.794578
6 16  0.574971  0.836979
6 17  0.565236  0.963328
6 18  0.527524  0.796221
6 19  0.276335  0.558224
6 20  0.620413  1.106129
6 21  0.570738  0.951541
6 22  0.591908  0.980185
6 23  0.589209  0.911351
6 24  0.592184  0.913733
6 25  0.590703  0.967593
6 26  0.586829  0.964642
7 8  0.624641  1.094648
7 9  0.647854  1.219487
7 10  0.623999  1.144407
7 11  0.596448  1.118841
7 12  0.621397  1.113326
7 13  0.586321  1.120043
7 14  0.585731  1.121224
7 15  0.592648  0.951638
7 16  0.604349  0.995064
7 17  0.597743  1.119328
7 18  0.607583  0.996302
7 19  0.595701  0.953475
7 20  0.650543  1.257891
7 21  0.624675  1.138032
7 22  0.591762  1.102162
7 23  0.624710  1.071595
7 24  0.381558  0.905084
7 25  0.584676  1.083770
7 26  0.623128  1.124435
8 9  0.647563  1.218396
8 10  0.596345  1.117489
8 11  0.623501  1.143132
8 12  0.586330  1.118468
8 13  0.620855  1.112396
8 14  0.597634  1.118248
8 15  0.595563  0.952441
8 16  0.607247  0.994776
8 17  0.585283  1.119704
8 18  0.604081  0.993978
8 19  0.592180  0.950055
8 20  0.650249  1.256580
8 21  0.591682  1.100764
8 22  0.624198  1.137089
8 23  0.381211  0.902640
8 24  0.624481  1.071173
8 25  0.622733  1.124038
8 26  0.584490  1.081689
9 10  0.649781  1.301108
9 11  0.649604  1.301152
9 12  0.635309  1.235184
9 13  0.635209  1.235913
9 14  0.595417  1.241527
9 15  0.622545  1.106680
9 16  0.634503  1.147954
9 17  0.595116  1.241394
9 18  0.634536  1.148158
9 19  0.622375  1.106406
9 20  0.417802  1.315128
9 21  0.647354  1.279020
9 22  0.647218  1.279406
9 23  0.649338  1.219113
9 24  0.649411  1.219980
9 25  0.635856  1.269990
9 26  0.635790  1.269066
10 11  0.622869  1.189311
10 12  0.592848  1.132851
10 13  0.620156  1.170671
10 14  0.596693  1.175605
10 15  0.594895  1.008248
10 16  0.606532  1.050421
10 17  0.590891  1.170970
10 18  0.574296  1.025274
10 19  0.574775  0.977898
10 20  0.648089  1.307021
10 21  0.414858  1.075638
10 22  0.623663  1.192046
10 23  0.592516  1.093598
10 24  0.623749  1.126702
10 25  0.622297  1.179402
10 26  0.587296  1.145804
11 12  0.620200  1.170431
11 13  0.592444  1.132984
11 14  0.590935  1.171238
11 15  0.574708  0.978225
11 16  0.574044  1.025066
11 17  0.596307  1.175422
11 18  0.606369  1.050670
11 19  0.594536  1.008005
11 20  0.647935  1.307037
11 21  0.623640  1.191723
11 22  0.414649  1.076268
11 23  0.623479  1.125853
11 24  0.592466  1.094630
11 25  0.586994  1.146655
11 26  0.622195  1.178532
12 13  0.617072  1.160615
12 14  0.591622  1.154803
12 15  0.592389  0.987241
12 16  0.603768  1.029256
12 17  0.587886  1.134329
12 18  0.600743  1.018387
12 19  0.588423  0.985368
12 20  0.635387  1.290188
12 21  0.587266  1.140577
12 22  0.620890  1.171310
12 23  0.580943  1.061229
12 24  0.621034  1.105188
12 25  0.619795  1.159395
12 26  0.393897  1.027491
13 14  0.587873  1.134802
13 15  0.588348  0.985952
13 16  0.600474  1.018500
13 17  0.591218  1.154888
13 18  0.603561  1.029780
13 19  0.591984  0.987273
13 20  0.635306  1.290451
13 21  0.620823  1.171253
13 22  0.586939  1.141480
13 23  0.620724  1.104614
13 24  0.580714  1.062131
13 25  0.393339  1.028663
13 26  0.619648  1.158798
14 15  0.567762  0.968478
14 16  0.578823  0.996641
14 17  0.568213  1.144617
14 18  0.580760  1.021849
14 19  0.568834  0.973487
14 20  0.596021  1.225653
14 21  0.597738  1.146201
14 22  0.592541  1.140236
14 23  0.597581  1.096637
14 24  0.577204  1.026557
14 25  0.592203  1.150902
14 26  0.594689  1.110686
15 16  0.533926  0.823538
15 17  0.568804  0.973507
15 18  0.578609  0.851992
15 19  0.566826  0.808702
15 20  0.623092  1.100742
15 21  0.595784  0.995733
15 22  0.581104  0.988807
15 23  0.595728  0.926517
15 24  0.583398  0.902340
15 25  0.586755  0.960238
15 26  0.594539  0.981227
16 17  0.580533  1.021429
16 18  0.590198  0.895545
16 19  0.578413  0.851504
16 20  0.635229  1.154589
16 21  0.607383  1.034315
16 22  0.583396  0.994098
16 23  0.607325  0.971153
16 24  0.599098  0.938373
16 25  0.600843  1.022317
16 26  0.606133  1.016954
17 18  0.578676  0.996651
17 19  0.567412  0.967931
17 20  0.595774  1.225306
17 21  0.592534  1.139758
17 22  0.597373  1.146376
17 23  0.577136  1.025878
17 24  0.597458  1.097302
17 25  0.594411  1.111305
17 26  0.592090  1.149794
18 19  0.533871  0.823484
18 20  0.635266  1.154826
18 21  0.583599  0.993791
18 22  0.607242  1.034866
18 23  0.599070  0.937793
18 24  0.607431  0.972257
18 25  0.606074  1.018030
18 26  0.600984  1.021631
19 20  0.622931  1.100481
19 21  0.581185  0.988248
19 22  0.595446  0.995822
19 23  0.583119  0.901085
19 24  0.595637  0.927121
19 25  0.594284  0.981842
19 26  0.586677  0.959162
20 21  0.651757  1.303528
20 22  0.651597  1.303877
20 23  0.649219  1.211531
20 24  0.649266  1.212267
20 25  0.639153  1.246576
20 26  0.639163  1.245786
21 22  0.624392  1.165336
21 23  0.597998  1.086407
21 24  0.624599  1.108951
21 25  0.623092  1.155237
21 26  0.597275  1.113844
22 23  0.624352  1.108453
22 24  0.597952  1.087574
22 25  0.597053  1.114988
22 26  0.623009  1.154702
23 24  0.624558  1.047465
23 25  0.623178  1.088850
23 26  0.586779  1.087991
24 25  0.586669  1.089766
24 26  0.623341  1.088787
25 26  0.620861  1.150531
