   -993.88340233
   -994.20192042     -994.07784051
0.00000426662596
2 2 2 2 2 2 2 2 2 2 2 2 2 0 0 0 0 0 0 0 0 0 0 0 0 0 
1  0.277506  0.548912
2  0.280162  0.390062
3  0.292121  0.445946
4  0.277564  0.548531
5  0.292024  0.445872
6  0.280022  0.389728
7  0.312702  0.548994
8  0.312402  0.547726
9  0.339892  0.702826
10  0.311701  0.603690
11  0.311502  0.603647
12  0.309216  0.582440
13  0.308967  0.582677
14  0.285943  0.575536
15  0.283614  0.405801
16  0.295168  0.448409
17  0.285748  0.575350
18  0.295205  0.448678
19  0.283454  0.405563
20  0.341279  0.718163
21  0.312454  0.591243
22  0.312277  0.591530
23  0.312460  0.524123
24  0.312530  0.524963
25  0.311204  0.578658
26  0.311302  0.577800
1 2  0.556512  0.928601
1 3  0.567976  0.970359
1 4  0.553090  1.091299
1 5  0.569494  0.993201
1 6  0.557377  0.934828
1 7  0.572017  1.025039
1 8  0.589593  1.094103
1 9  0.588702  1.198170
1 10  0.588971  1.133381
1 11  0.584214  1.122770
1 12  0.584892  1.092111
1 13  0.582162  1.128797
1 14  0.279077  0.940025
1 15  0.560952  0.953741
1 16  0.571326  0.996391
1 17  0.562370  1.111704
1 18  0.572496  0.996287
1 19  0.560219  0.953887
1 20  0.588692  1.229741
1 21  0.589557  1.137806
1 22  0.583637  1.133846
1 23  0.589675  1.070293
1 24  0.578153  1.071641
1 25  0.583151  1.109302
1 26  0.585857  1.124440
2 3  0.528805  0.806164
2 4  0.557575  0.934772
2 5  0.572178  0.834777
2 6  0.560178  0.778258
2 7  0.581492  0.911021
2 8  0.592552  0.935326
2 9  0.618813  1.074178
2 10  0.591854  0.993092
2 11  0.578513  0.988086
2 12  0.589357  0.970023
2 13  0.582011  0.954142
2 14  0.565920  0.964842
2 15  0.276658  0.559528
2 16  0.527769  0.797345
2 17  0.565335  0.964849
2 18  0.575346  0.838508
2 19  0.563614  0.795453
2 20  0.620931  1.107235
2 21  0.592492  0.980758
2 22  0.570910  0.952739
2 23  0.592581  0.913839
2 24  0.589772  0.913182
2 25  0.587246  0.966258
2 26  0.591280  0.967423
3 4  0.569649  0.992896
3 5  0.584138  0.891317
3 6  0.572136  0.834524
3 7  0.596830  0.959744
3 8  0.604516  0.992905
3 9  0.631307  1.138531
3 10  0.603820  1.045091
3 11  0.579538  0.999360
3 12  0.601314  1.019139
3 13  0.596975  1.024622
3 14  0.576517  1.020465
3 15  0.527517  0.808344
3 16  0.286299  0.653622
3 17  0.577783  1.019814
3 18  0.587323  0.894277
3 19  0.575530  0.851241
3 20  0.633128  1.161672
3 21  0.604495  1.036238
3 22  0.572894  1.013154
3 23  0.604580  0.969573
3 24  0.601692  0.969500
3 25  0.600201  1.013055
3 26  0.603112  1.022769
4 5  0.567945  0.969970
4 6  0.556432  0.927867
4 7  0.589949  1.094987
4 8  0.571916  1.023757
4 9  0.588678  1.197814
4 10  0.584478  1.122618
4 11  0.588832  1.132988
4 12  0.582461  1.128212
4 13  0.584713  1.092029
4 14  0.562622  1.111525
4 15  0.560438  0.953744
4 16  0.572519  0.995644
4 17  0.279146  0.939473
4 18  0.571411  0.996275
4 19  0.560851  0.953130
4 20  0.588580  1.229352
4 21  0.583810  1.133184
4 22  0.589433  1.137713
4 23  0.578148  1.070422
4 24  0.589808  1.070732
4 25  0.585808  1.124907
4 26  0.583247  1.108123
5 6  0.528671  0.805783
5 7  0.604719  0.994096
5 8  0.596445  0.958465
5 9  0.631206  1.138463
5 10  0.579660  0.999333
5 11  0.603524  1.044968
5 12  0.597132  1.024322
5 13  0.600969  1.019293
5 14  0.577880  1.019919
5 15  0.575593  0.851405
5 16  0.587189  0.893935
5 17  0.576221  1.020201
5 18  0.286121  0.653736
5 19  0.527383  0.808120
5 20  0.633031  1.161596
5 21  0.572991  1.012844
5 22  0.604221  1.036447
5 23  0.601530  0.968577
5 24  0.604553  0.970335
5 25  0.602914  1.023546
5 26  0.600188  1.012112
6 7  0.592712  0.936249
6 8  0.581065  0.909511
6 9  0.618666  1.073815
6 10  0.578587  0.987802
6 11  0.591515  0.992719
6 12  0.582112  0.953573
6 13  0.588969  0.969934
6 14  0.565381  0.964702
6 15  0.563634  0.795359
6 16  0.575170  0.837908
6 17  0.565587  0.964327
6 18  0.527713  0.797311
6 19  0.276543  0.559096
6 20  0.620781  1.106902
6 21  0.571009  0.952204
6 22  0.592174  0.980712
6 23  0.589539  0.912009
6 24  0.592510  0.914344
6 25  0.591040  0.967946
6 26  0.587171  0.965049
7 8  0.625094  1.095129
7 9  0.648336  1.220076
7 10  0.624381  1.144751
7 11  0.596820  1.119155
7 12  0.621849  1.113511
7 13  0.586753  1.120248
7 14  0.586167  1.121997
7 15  0.592988  0.952234
7 16  0.604657  0.995811
7 17  0.598198  1.120130
7 18  0.607893  0.997089
7 19  0.596039  0.954109
7 20  0.651016  1.258508
7 21  0.625055  1.138453
7 22  0.592130  1.102618
7 23  0.625150  1.072065
7 24  0.381930  0.905490
7 25  0.585106  1.084074
7 26  0.623584  1.124661
8 9  0.648046  1.219025
8 10  0.596719  1.117916
8 11  0.623882  1.143445
8 12  0.586766  1.118786
8 13  0.621303  1.112555
8 14  0.598092  1.119068
8 15  0.595901  0.953081
8 16  0.607557  0.995558
8 17  0.585717  1.120544
8 18  0.604390  0.994815
8 19  0.592522  0.950729
8 20  0.650723  1.257237
8 21  0.592051  1.101333
8 22  0.624577  1.137476
8 23  0.381584  0.903147
8 24  0.624921  1.071636
8 25  0.623185  1.124249
8 26  0.584924  1.082087
9 10  0.650197  1.301728
9 11  0.650019  1.301699
9 12  0.635757  1.235557
9 13  0.635654  1.236230
9 14  0.595907  1.242611
9 15  0.622921  1.107496
9 16  0.634847  1.148903
9 17  0.595604  1.242493
9 18  0.634881  1.149153
9 19  0.622751  1.107258
9 20  0.418327  1.316005
9 21  0.647763  1.279621
9 22  0.647625  1.279937
9 23  0.649808  1.219815
9 24  0.649880  1.220635
9 25  0.636323  1.270355
9 26  0.636260  1.269485
10 11  0.623181  1.189462
10 12  0.593214  1.133091
10 13  0.620531  1.170789
10 14  0.597078  1.176356
10 15  0.595163  1.008810
10 16  0.606768  1.051124
10 17  0.591273  1.171748
10 18  0.574539  1.026089
10 19  0.575050  0.978566
10 20  0.648489  1.307544
10 21  0.415170  1.076059
10 22  0.623972  1.192354
10 23  0.592876  1.094134
10 24  0.624116  1.127094
10 25  0.622670  1.179552
10 26  0.587656  1.146068
11 12  0.620579  1.170545
11 13  0.592806  1.133095
11 14  0.591321  1.171919
11 15  0.574983  0.978785
11 16  0.574287  1.025758
11 17  0.596690  1.176124
11 18  0.606606  1.051347
11 19  0.594805  1.008529
11 20  0.648335  1.307491
11 21  0.623950  1.192031
11 22  0.414959  1.076523
11 23  0.623847  1.126219
11 24  0.592825  1.095044
11 25  0.587350  1.146788
11 26  0.622572  1.178666
12 13  0.617500  1.160624
12 14  0.592084  1.155430
12 15  0.592731  0.987661
12 16  0.604063  1.029830
12 17  0.588341  1.135050
12 18  0.601050  1.019042
12 19  0.588764  0.985822
12 20  0.635845  1.290573
12 21  0.587633  1.140895
12 22  0.621267  1.171489
12 23  0.581358  1.061661
12 24  0.621475  1.105433
12 25  0.620236  1.159385
12 26  0.394329  1.027489
13 14  0.588327  1.135433
13 15  0.588685  0.986299
13 16  0.600777  1.019038
13 17  0.591674  1.155468
13 18  0.603853  1.030330
13 19  0.592323  0.987658
13 20  0.635760  1.290768
13 21  0.621197  1.171436
13 22  0.587302  1.141651
13 23  0.621162  1.104836
13 24  0.581126  1.062446
13 25  0.393765  1.028521
13 26  0.620089  1.158775
14 15  0.568112  0.969372
14 16  0.579142  0.997623
14 17  0.568676  1.145777
14 18  0.581079  1.022987
14 19  0.569186  0.974397
14 20  0.596486  1.226511
14 21  0.598125  1.146898
14 22  0.592923  1.140889
14 23  0.598028  1.097456
14 24  0.577602  1.027168
14 25  0.592657  1.151423
14 26  0.595143  1.111191
15 16  0.534100  0.824456
15 17  0.569152  0.974406
15 18  0.578810  0.852880
15 19  0.567062  0.809421
15 20  0.623455  1.101341
15 21  0.596055  0.996301
15 22  0.581376  0.989310
15 23  0.596058  0.927077
15 24  0.583723  0.902891
15 25  0.587091  0.960537
15 26  0.594881  0.981577
16 17  0.580848  1.022543
16 18  0.590362  0.896633
16 19  0.578613  0.852382
16 20  0.635563  1.155386
16 21  0.607620  1.034956
16 22  0.583645  0.994677
16 23  0.607621  0.971928
16 24  0.599393  0.939056
16 25  0.601143  1.022780
16 26  0.606442  1.017369
17 18  0.578994  0.997696
17 19  0.567761  0.968883
17 20  0.596237  1.226194
17 21  0.592914  1.140500
17 22  0.597757  1.147025
17 23  0.577533  1.026548
17 24  0.597902  1.098098
17 25  0.594858  1.111782
17 26  0.592545  1.150396
18 19  0.534047  0.824488
18 20  0.635601  1.155668
18 21  0.583850  0.994482
18 22  0.607479  1.035479
18 23  0.599367  0.938563
18 24  0.607728  0.973031
18 25  0.606381  1.018434
18 26  0.601289  1.022199
19 20  0.623294  1.101111
19 21  0.581459  0.988863
19 22  0.595718  0.996352
19 23  0.583446  0.901715
19 24  0.595968  0.927669
19 25  0.594623  0.982171
19 26  0.587018  0.959549
20 21  0.652160  1.304097
20 22  0.651999  1.304374
20 23  0.649684  1.212096
20 24  0.649731  1.212787
20 25  0.639600  1.246843
20 26  0.639615  1.246099
21 22  0.624698  1.165545
21 23  0.598359  1.086847
21 24  0.624965  1.109290
21 25  0.623467  1.155346
21 26  0.597644  1.114042
22 23  0.624717  1.108767
22 24  0.598312  1.087896
22 25  0.597416  1.115068
22 26  0.623387  1.154797
23 24  0.624985  1.047922
23 25  0.623614  1.088998
23 26  0.587200  1.088259
24 25  0.587086  1.089927
24 26  0.623782  1.088943
25 26  0.621291  1.150465
