   -993.88340233
   -994.20193030     -994.07786871
0.00000360991587
2 2 2 2 2 2 2 2 2 2 2 2 2 0 0 0 0 0 0 0 0 0 0 0 0 0 
1  0.277548  0.549012
2  0.280183  0.390153
3  0.292133  0.446070
4  0.277605  0.548636
5  0.292035  0.445979
6  0.280043  0.389799
7  0.312738  0.549065
8  0.312438  0.547776
9  0.339943  0.702894
10  0.311730  0.603703
11  0.311531  0.603686
12  0.309256  0.582411
13  0.309007  0.582683
14  0.285986  0.575640
15  0.283637  0.405893
16  0.295183  0.448536
17  0.285791  0.575460
18  0.295218  0.448788
19  0.283476  0.405632
20  0.341326  0.718216
21  0.312482  0.591262
22  0.312305  0.591572
23  0.312495  0.524172
24  0.312565  0.525031
25  0.311243  0.578662
26  0.311341  0.577767
1 2  0.556575  0.928782
1 3  0.568030  0.970564
1 4  0.553172  1.091504
1 5  0.569546  0.993407
1 6  0.557439  0.934991
1 7  0.572085  1.025176
1 8  0.589669  1.094253
1 9  0.588790  1.198334
1 10  0.589041  1.133483
1 11  0.584283  1.122903
1 12  0.584972  1.092175
1 13  0.582242  1.128903
1 14  0.279153  0.940222
1 15  0.561016  0.953934
1 16  0.571380  0.996619
1 17  0.562453  1.111923
1 18  0.572551  0.996493
1 19  0.560280  0.954055
1 20  0.588780  1.229909
1 21  0.589625  1.137927
1 22  0.583706  1.133989
1 23  0.589751  1.070440
1 24  0.578224  1.071804
1 25  0.583232  1.109422
1 26  0.585937  1.124511
2 3  0.528833  0.806382
2 4  0.557638  0.934961
2 5  0.572211  0.834965
2 6  0.560221  0.778405
2 7  0.581549  0.911173
2 8  0.592609  0.935457
2 9  0.618884  1.074311
2 10  0.591905  0.993196
2 11  0.578565  0.988218
2 12  0.589419  0.970080
2 13  0.582072  0.954231
2 14  0.565985  0.965037
2 15  0.276695  0.559731
2 16  0.527803  0.797585
2 17  0.565397  0.965050
2 18  0.575381  0.838710
2 19  0.563658  0.795614
2 20  0.620999  1.107380
2 21  0.592541  0.980870
2 22  0.570960  0.952883
2 23  0.592637  0.913981
2 24  0.589829  0.913342
2 25  0.587307  0.966353
2 26  0.591340  0.967482
3 4  0.569702  0.993125
3 5  0.584161  0.891546
3 6  0.572168  0.834708
3 7  0.596878  0.959923
3 8  0.604563  0.993079
3 9  0.631369  1.138708
3 10  0.603861  1.045213
3 11  0.579583  0.999504
3 12  0.601366  1.019215
3 13  0.597027  1.024751
3 14  0.576571  1.020693
3 15  0.527549  0.808581
3 16  0.286324  0.653896
3 17  0.577838  1.020042
3 18  0.587348  0.894509
3 19  0.575563  0.851434
3 20  0.633187  1.161847
3 21  0.604533  1.036382
3 22  0.572935  1.013329
3 23  0.604627  0.969745
3 24  0.601738  0.969692
3 25  0.600253  1.013189
3 26  0.603162  1.022861
4 5  0.567998  0.970165
4 6  0.556494  0.928035
4 7  0.590026  1.095163
4 8  0.571983  1.023882
4 9  0.588766  1.197983
4 10  0.584547  1.122730
4 11  0.588902  1.133120
4 12  0.582541  1.128291
4 13  0.584793  1.092128
4 14  0.562706  1.111743
4 15  0.560499  0.953941
4 16  0.572574  0.995874
4 17  0.279220  0.939679
4 18  0.571464  0.996491
4 19  0.560914  0.953305
4 20  0.588668  1.229525
4 21  0.583878  1.133310
4 22  0.589501  1.137861
4 23  0.578219  1.070572
4 24  0.589883  1.070904
4 25  0.585889  1.125020
4 26  0.583327  1.108213
5 6  0.528698  0.805963
5 7  0.604765  0.994273
5 8  0.596493  0.958611
5 9  0.631268  1.138626
5 10  0.579704  0.999435
5 11  0.603564  1.045100
5 12  0.597183  1.024401
5 13  0.601020  1.019386
5 14  0.577934  1.020124
5 15  0.575626  0.851603
5 16  0.587215  0.894167
5 17  0.576274  1.020419
5 18  0.286145  0.653966
5 19  0.527413  0.808319
5 20  0.633089  1.161753
5 21  0.573030  1.012981
5 22  0.604258  1.036598
5 23  0.601576  0.968734
5 24  0.604599  0.970509
5 25  0.602962  1.023658
5 26  0.600239  1.012193
6 7  0.592769  0.936379
6 8  0.581120  0.909625
6 9  0.618736  1.073931
6 10  0.578638  0.987886
6 11  0.591566  0.992828
6 12  0.582172  0.953612
6 13  0.589030  0.970003
6 14  0.565443  0.964876
6 15  0.563678  0.795521
6 16  0.575205  0.838106
6 17  0.565651  0.964509
6 18  0.527745  0.797514
6 19  0.276580  0.559247
6 20  0.620848  1.107027
6 21  0.571058  0.952307
6 22  0.592223  0.980826
6 23  0.589595  0.912129
6 24  0.592565  0.914484
6 25  0.591100  0.968021
6 26  0.587231  0.965086
7 8  0.625166  1.095251
7 9  0.648422  1.220201
7 10  0.624445  1.144823
7 11  0.596885  1.119262
7 12  0.621925  1.113541
7 13  0.586827  1.120325
7 14  0.586242  1.122168
7 15  0.593047  0.952397
7 16  0.604707  0.996010
7 17  0.598276  1.120309
7 18  0.607943  0.997269
7 19  0.596096  0.954250
7 20  0.651098  1.258637
7 21  0.625119  1.138544
7 22  0.592193  1.102752
7 23  0.625221  1.072184
7 24  0.381996  0.905633
7 25  0.585179  1.084172
7 26  0.623660  1.124700
8 9  0.648131  1.219137
8 10  0.596783  1.117977
8 11  0.623947  1.143523
8 12  0.586839  1.118812
8 13  0.621379  1.112598
8 14  0.598170  1.119220
8 15  0.595958  0.953225
8 16  0.607607  0.995736
8 17  0.585791  1.120702
8 18  0.604439  0.994977
8 19  0.592580  0.950849
8 20  0.650805  1.257345
8 21  0.592114  1.101428
8 22  0.624641  1.137571
8 23  0.381649  0.903243
8 24  0.624991  1.071754
8 25  0.623260  1.124305
8 26  0.584996  1.082133
9 10  0.650276  1.301810
9 11  0.650098  1.301807
9 12  0.635840  1.235582
9 13  0.635737  1.236280
9 14  0.595999  1.242795
9 15  0.622994  1.107658
9 16  0.634912  1.149097
9 17  0.595696  1.242682
9 18  0.634946  1.149329
9 19  0.622824  1.107397
9 20  0.418425  1.316136
9 21  0.647840  1.279705
9 22  0.647701  1.280045
9 23  0.649892  1.219934
9 24  0.649964  1.220776
9 25  0.636409  1.270426
9 26  0.636347  1.269519
10 11  0.623239  1.189488
10 12  0.593282  1.133087
10 13  0.620600  1.170804
10 14  0.597150  1.176473
10 15  0.595214  1.008915
10 16  0.606811  1.051264
10 17  0.591344  1.171873
10 18  0.574582  1.026223
10 19  0.575103  0.978661
10 20  0.648565  1.307606
10 21  0.415225  1.076097
10 22  0.624029  1.192411
10 23  0.592939  1.094217
10 24  0.624180  1.127176
10 25  0.622737  1.179574
10 26  0.587721  1.146064
11 12  0.620648  1.170554
11 13  0.592873  1.133148
11 14  0.591392  1.172063
11 15  0.575036  0.978926
11 16  0.574331  1.025934
11 17  0.596761  1.176273
11 18  0.606649  1.051495
11 19  0.594855  1.008638
11 20  0.648410  1.307580
11 21  0.624007  1.192091
11 22  0.415015  1.076618
11 23  0.623910  1.126308
11 24  0.592888  1.095168
11 25  0.587414  1.146845
11 26  0.622640  1.178676
12 13  0.617577  1.160602
12 14  0.592167  1.155510
12 15  0.592794  0.987725
12 16  0.604114  1.029931
12 17  0.588424  1.135153
12 18  0.601104  1.019132
12 19  0.588826  0.985863
12 20  0.635928  1.290596
12 21  0.587700  1.140903
12 22  0.621335  1.171508
12 23  0.581430  1.061710
12 24  0.621550  1.105473
12 25  0.620315  1.159361
12 26  0.394408  1.027411
13 14  0.588410  1.135560
13 15  0.588748  0.986396
13 16  0.600832  1.019177
13 17  0.591757  1.155587
13 18  0.603903  1.030447
13 19  0.592386  0.987733
13 20  0.635843  1.290824
13 21  0.621265  1.171464
13 22  0.587368  1.141713
13 23  0.621238  1.104891
13 24  0.581197  1.062544
13 25  0.393845  1.028523
13 26  0.620167  1.158747
14 15  0.568179  0.969556
14 16  0.579201  0.997832
14 17  0.568760  1.145991
14 18  0.581136  1.023199
14 19  0.569252  0.974558
14 20  0.596571  1.226660
14 21  0.598196  1.147008
14 22  0.592993  1.141028
14 23  0.598106  1.097609
14 24  0.577671  1.027306
14 25  0.592739  1.151532
14 26  0.595224  1.111255
15 16  0.534133  0.824677
15 17  0.569218  0.974594
15 18  0.578846  0.853070
15 19  0.567107  0.809567
15 20  0.623524  1.101456
15 21  0.596106  0.996412
15 22  0.581428  0.989446
15 23  0.596115  0.927204
15 24  0.583780  0.903041
15 25  0.587152  0.960627
15 26  0.594943  0.981630
16 17  0.580905  1.022780
16 18  0.590390  0.896868
16 19  0.578650  0.852566
16 20  0.635624  1.155548
16 21  0.607662  1.035088
16 22  0.583690  0.994831
16 23  0.607671  0.972105
16 24  0.599443  0.939237
16 25  0.601196  1.022910
16 26  0.606496  1.017444
17 18  0.579051  0.997896
17 19  0.567826  0.969052
17 20  0.596322  1.226348
17 21  0.592983  1.140623
17 22  0.597827  1.147164
17 23  0.577603  1.026676
17 24  0.597980  1.098275
17 25  0.594939  1.111885
17 26  0.592626  1.150474
18 19  0.534078  0.824669
18 20  0.635662  1.155815
18 21  0.583895  0.994596
18 22  0.607521  1.035617
18 23  0.599416  0.938711
18 24  0.607776  0.973209
18 25  0.606434  1.018528
18 26  0.601341  1.022274
19 20  0.623362  1.101209
19 21  0.581510  0.988953
19 22  0.595768  0.996463
19 23  0.583502  0.901828
19 24  0.596024  0.927792
19 25  0.594685  0.982239
19 26  0.587079  0.959584
20 21  0.652234  1.304170
20 22  0.652073  1.304470
20 23  0.649765  1.212192
20 24  0.649811  1.212897
20 25  0.639681  1.246884
20 26  0.639695  1.246113
21 22  0.624754  1.165588
21 23  0.598421  1.086912
21 24  0.625027  1.109365
21 25  0.623534  1.155368
21 26  0.597708  1.114035
22 23  0.624780  1.108845
22 24  0.598374  1.088004
22 25  0.597481  1.115119
22 26  0.623454  1.154803
23 24  0.625054  1.048039
23 25  0.623689  1.089042
23 26  0.587272  1.088278
24 25  0.587158  1.089999
24 26  0.623856  1.088970
25 26  0.621366  1.150435
