  -1146.53042188
  -1146.90217715    -1146.78946373
0.00004680403616
2 2 2 2 2 2 2 2 2 2 2 2 2 2 2 0 0 0 0 0 0 0 0 0 0 0 0 0 0 0 
1  0.275874  0.375066
2  0.275778  0.375388
3  0.354333  0.633209
4  0.324522  0.407091
5  0.324582  0.407064
6  0.328955  0.549767
7  0.328886  0.550238
8  0.287856  0.355904
9  0.287869  0.355909
10  0.323816  0.743020
11  0.323995  0.743326
12  0.286971  0.336559
13  0.287011  0.336767
14  0.331435  0.626751
15  0.331359  0.626848
16  0.328195  0.567274
17  0.328114  0.567344
18  0.290099  0.430882
19  0.289966  0.430520
20  0.324244  0.714824
21  0.342002  0.632195
22  0.321238  0.401528
23  0.321200  0.401422
24  0.349740  0.624676
25  0.341850  0.631911
26  0.286698  0.346604
27  0.290724  0.331732
28  0.324326  0.715269
29  0.290772  0.331797
30  0.286745  0.346728
1 2  0.551619  0.749726
1 3  0.627190  0.989161
1 4  0.581734  0.765969
1 5  0.600416  0.778493
1 6  0.580841  0.877458
1 7  0.604398  0.919717
1 8  0.560862  0.727397
1 9  0.563737  0.729453
1 10  0.598283  1.112602
1 11  0.598319  1.100654
1 12  0.558054  0.703280
1 13  0.562882  0.711350
1 14  0.606801  0.987371
1 15  0.604452  0.999666
1 16  0.602376  0.936974
1 17  0.603777  0.941904
1 18  0.268707  0.555136
1 19  0.565832  0.805287
1 20  0.599507  1.087050
1 21  0.594026  1.000511
1 22  0.597061  0.776509
1 23  0.579073  0.761697
1 24  0.625463  0.998751
1 25  0.617699  1.005954
1 26  0.561167  0.719071
1 27  0.566583  0.706760
1 28  0.594960  1.087324
1 29  0.561386  0.703428
1 30  0.562569  0.721726
2 3  0.627092  0.989417
2 4  0.600261  0.778828
2 5  0.581661  0.766203
2 6  0.604368  0.919533
2 7  0.580679  0.878117
2 8  0.563627  0.729771
2 9  0.560795  0.727754
2 10  0.598047  1.100612
2 11  0.598367  1.113197
2 12  0.562747  0.711469
2 13  0.558014  0.703822
2 14  0.604429  0.999884
2 15  0.606627  0.987746
2 16  0.603769  0.942154
2 17  0.602191  0.937340
2 18  0.565868  0.805968
2 19  0.268376  0.554974
2 20  0.594816  1.087207
2 21  0.617754  1.006552
2 22  0.578999  0.762098
2 23  0.596927  0.776725
2 24  0.625368  0.999067
2 25  0.593939  1.000611
2 26  0.562425  0.721925
2 27  0.561255  0.703699
2 28  0.599489  1.087802
2 29  0.566534  0.707147
2 30  0.561127  0.719520
3 4  0.677821  1.026376
3 5  0.677883  1.026350
3 6  0.660664  1.103899
3 7  0.660583  1.104238
3 8  0.642106  0.988297
3 9  0.642119  0.988298
3 10  0.650985  1.355005
3 11  0.651140  1.355423
3 12  0.641279  0.969416
3 13  0.641318  0.969626
3 14  0.675495  1.219843
3 15  0.675411  1.219890
3 16  0.680664  1.198376
3 17  0.680589  1.198440
3 18  0.642549  1.062310
3 19  0.642430  1.061960
3 20  0.596031  1.254803
3 21  0.688786  1.260488
3 22  0.675482  1.034480
3 23  0.675446  1.034375
3 24  0.658153  1.249795
3 25  0.688640  1.260208
3 26  0.640840  0.979271
3 27  0.644837  0.964661
3 28  0.596448  1.255312
3 29  0.644885  0.964724
3 30  0.640887  0.979395
4 5  0.649096  0.812908
4 6  0.650233  0.945227
4 7  0.653123  0.947859
4 8  0.573895  0.728959
4 9  0.612392  0.762922
4 10  0.647404  1.136677
4 11  0.648306  1.149339
4 12  0.575044  0.720473
4 13  0.611533  0.743562
4 14  0.655796  1.031319
4 15  0.643499  0.995568
4 16  0.645323  0.972200
4 17  0.652587  0.974222
4 18  0.591819  0.819155
4 19  0.614263  0.837464
4 20  0.647820  1.121111
4 21  0.662573  1.034410
4 22  0.645743  0.808574
4 23  0.408721  0.624878
4 24  0.673644  1.031425
4 25  0.666022  1.038602
4 26  0.563221  0.710480
4 27  0.615216  0.738795
4 28  0.646803  1.118867
4 29  0.569299  0.698025
4 30  0.611243  0.753783
5 6  0.653251  0.947365
5 7  0.650227  0.945661
5 8  0.612438  0.762890
5 9  0.573951  0.728922
5 10  0.648186  1.149015
5 11  0.647643  1.137031
5 12  0.611553  0.743327
5 13  0.575162  0.720664
5 14  0.643634  0.995522
5 15  0.655779  1.031377
5 16  0.652727  0.974125
5 17  0.645278  0.972232
5 18  0.614451  0.837799
5 19  0.591717  0.818779
5 20  0.646783  1.118391
5 21  0.666227  1.038858
5 22  0.408892  0.625045
5 23  0.645763  0.808441
5 24  0.673698  1.031396
5 25  0.662512  1.034106
5 26  0.611255  0.753632
5 27  0.569410  0.698023
5 28  0.647956  1.121526
5 29  0.615323  0.738833
5 30  0.563274  0.710498
6 7  0.654746  1.073011
6 8  0.616541  0.904850
6 9  0.616780  0.903864
6 10  0.645572  1.287980
6 11  0.646032  1.265192
6 12  0.615712  0.883962
6 13  0.615953  0.886282
6 14  0.657535  1.143780
6 15  0.623038  1.150094
6 16  0.625024  1.096057
6 17  0.656753  1.115208
6 18  0.601780  0.974412
6 19  0.618714  0.979365
6 20  0.649915  1.248947
6 21  0.428083  1.044829
6 22  0.650169  0.951054
6 23  0.648082  0.949958
6 24  0.677143  1.172698
6 25  0.670353  1.178712
6 26  0.615366  0.894997
6 27  0.619615  0.881398
6 28  0.627463  1.226894
6 29  0.619234  0.880961
6 30  0.615582  0.896339
7 8  0.616697  0.904334
7 9  0.616485  0.905330
7 10  0.645788  1.265184
7 11  0.645679  1.288728
7 12  0.615844  0.886547
7 13  0.615685  0.884642
7 14  0.623046  1.150516
7 15  0.657392  1.144290
7 16  0.656773  1.115605
7 17  0.624884  1.096536
7 18  0.618773  0.980193
7 19  0.601608  0.974549
7 20  0.627390  1.227025
7 21  0.670434  1.179453
7 22  0.648051  0.950524
7 23  0.650064  0.951420
7 24  0.677064  1.173162
7 25  0.427636  1.044880
7 26  0.615465  0.896686
7 27  0.619128  0.881373
7 28  0.649907  1.249755
7 29  0.619592  0.881933
7 30  0.615351  0.895595
8 9  0.575723  0.710940
8 10  0.611189  1.080705
8 11  0.611825  1.090952
8 12  0.526927  0.648094
8 13  0.574865  0.691866
8 14  0.619282  0.981323
8 15  0.616173  0.964887
8 16  0.613964  0.921346
8 17  0.615759  0.923010
8 18  0.576952  0.784451
8 19  0.577652  0.786316
8 20  0.611768  1.070267
8 21  0.629727  0.986863
8 22  0.609029  0.757396
8 23  0.565178  0.717877
8 24  0.636940  0.979858
8 25  0.629399  0.987568
8 26  0.301681  0.462964
8 27  0.578570  0.687621
8 28  0.612085  1.070730
8 29  0.522732  0.642009
8 30  0.574600  0.702608
9 10  0.611659  1.090691
9 11  0.611381  1.080994
9 12  0.574838  0.691666
9 13  0.526989  0.648294
9 14  0.616243  0.964745
9 15  0.619220  0.981435
9 16  0.615856  0.922945
9 17  0.613881  0.921420
9 18  0.577797  0.786682
9 19  0.576842  0.784094
9 20  0.612014  1.070289
9 21  0.629563  0.987856
9 22  0.565292  0.718080
9 23  0.609004  0.757295
9 24  0.636951  0.979865
9 25  0.629592  0.986579
9 26  0.574567  0.702490
9 27  0.522718  0.641938
9 28  0.611861  1.070713
9 29  0.578632  0.687691
9 30  0.301836  0.463178
10 11  0.625331  1.372347
10 12  0.610447  1.068574
10 13  0.610779  1.071719
10 14  0.651713  1.351099
10 15  0.631276  1.262237
10 16  0.626292  1.270036
10 17  0.648389  1.294153
10 18  0.610970  1.166497
10 19  0.611849  1.171434
10 20  0.623825  1.450487
10 21  0.655237  1.342140
10 22  0.644383  1.143228
10 23  0.641894  1.141364
10 24  0.591845  1.275955
10 25  0.660833  1.369007
10 26  0.610257  1.089234
10 27  0.614466  1.074551
10 28  0.600001  1.436299
10 29  0.614564  1.074615
10 30  0.610553  1.089420
11 12  0.610918  1.071826
11 13  0.610663  1.069003
11 14  0.631509  1.262553
11 15  0.651821  1.351412
11 16  0.648641  1.294323
11 17  0.626338  1.270420
11 18  0.612142  1.172099
11 19  0.611022  1.166445
11 20  0.600107  1.436130
11 21  0.661142  1.369600
11 22  0.642097  1.141776
11 23  0.644517  1.143424
11 24  0.592147  1.276303
11 25  0.655258  1.342140
11 26  0.610685  1.089603
11 27  0.614696  1.074857
11 28  0.623968  1.451235
11 29  0.614691  1.074921
11 30  0.610477  1.089663
12 13  0.573981  0.672740
12 14  0.618403  0.960906
12 15  0.616724  0.956783
12 16  0.614533  0.902311
12 17  0.614951  0.903738
12 18  0.572673  0.764673
12 19  0.576869  0.767024
12 20  0.611160  1.051180
12 21  0.628472  0.968276
12 22  0.608168  0.738060
12 23  0.560491  0.694544
12 24  0.636457  0.960723
12 25  0.628701  0.968349
12 26  0.523061  0.641955
12 27  0.577693  0.668281
12 28  0.611200  1.051583
12 29  0.299954  0.415553
12 30  0.573716  0.683269
13 14  0.616827  0.956826
13 15  0.618367  0.961212
13 16  0.615075  0.903874
13 17  0.614500  0.902590
13 18  0.577041  0.767593
13 19  0.572593  0.764516
13 20  0.611159  1.051344
13 21  0.628894  0.968839
13 22  0.560557  0.694827
13 23  0.608169  0.738162
13 24  0.636499  0.960928
13 25  0.628366  0.968196
13 26  0.573709  0.683354
13 27  0.299930  0.415663
13 28  0.611283  1.051831
13 29  0.577781  0.668554
13 30  0.523246  0.642408
14 15  0.660960  1.247216
14 16  0.659092  1.190911
14 17  0.414812  1.055467
14 18  0.620656  1.056426
14 19  0.616891  1.042126
14 20  0.645845  1.312835
14 21  0.671852  1.255029
14 22  0.640719  1.023285
14 23  0.652524  1.027869
14 24  0.674156  1.247134
14 25  0.633832  1.193710
14 26  0.618075  0.973136
14 27  0.621844  0.957804
14 28  0.650864  1.336682
14 29  0.622126  0.958388
14 30  0.616348  0.972672
15 16  0.414675  1.055326
15 17  0.658939  1.191066
15 18  0.616952  1.042537
15 19  0.620461  1.056162
15 20  0.650732  1.336337
15 21  0.633952  1.194105
15 22  0.652492  1.028070
15 23  0.640613  1.023264
15 24  0.674106  1.247207
15 25  0.671645  1.254837
15 26  0.616236  0.972650
15 27  0.622005  0.958420
15 28  0.645860  1.313443
15 29  0.621814  0.957962
15 30  0.618048  0.973356
16 17  0.652899  1.104940
16 18  0.613908  0.989713
16 19  0.617599  0.982776
16 20  0.645049  1.248796
16 21  0.630072  1.169130
16 22  0.649127  0.960588
16 23  0.636144  0.931491
16 24  0.654938  1.109602
16 25  0.666898  1.160837
16 26  0.612443  0.905042
16 27  0.618917  0.898573
16 28  0.645606  1.277839
16 29  0.617604  0.897063
16 30  0.614925  0.913812
17 18  0.617651  0.983165
17 19  0.613704  0.989436
17 20  0.645458  1.277468
17 21  0.666966  1.161106
17 22  0.636084  0.931621
17 23  0.649009  0.960553
17 24  0.654874  1.109636
17 25  0.629845  1.168942
17 26  0.614796  0.913760
17 27  0.617476  0.897064
17 28  0.645053  1.249259
17 29  0.618884  0.898704
17 30  0.612404  0.905193
18 19  0.580027  0.860950
18 20  0.613843  1.139287
18 21  0.602388  0.985534
18 22  0.611293  0.828693
18 23  0.591070  0.813141
18 24  0.638120  1.040171
18 25  0.631616  1.060995
18 26  0.572107  0.771446
18 27  0.580820  0.761915
18 28  0.611654  1.106702
18 29  0.575237  0.752500
18 30  0.576839  0.775499
19 20  0.611439  1.105997
19 21  0.631636  1.060919
19 22  0.590985  0.812907
19 23  0.611122  0.828241
19 24  0.637990  1.039844
19 25  0.602123  0.985049
19 26  0.576659  0.775028
19 27  0.575058  0.752094
19 28  0.613800  1.139373
19 29  0.580736  0.761622
19 30  0.572025  0.771224
20 21  0.662214  1.331724
20 22  0.644906  1.115583
20 23  0.644514  1.109398
20 24  0.645624  1.316206
20 25  0.642581  1.240738
20 26  0.610722  1.051736
20 27  0.614836  1.039122
20 28  0.627865  1.333141
20 29  0.614966  1.041905
20 30  0.610558  1.052428
21 22  0.662902  1.024385
21 23  0.661268  1.025459
21 24  0.681669  1.213154
21 25  0.681720  1.256998
21 26  0.628092  0.974959
21 27  0.632718  0.962688
21 28  0.642818  1.241363
21 29  0.632451  0.958684
21 30  0.628700  0.974618
22 23  0.642419  0.800643
22 24  0.668970  1.006628
22 25  0.661153  1.025298
22 26  0.607935  0.748068
22 27  0.574286  0.707512
22 28  0.644634  1.109917
22 29  0.612010  0.733261
22 30  0.571831  0.717978
23 24  0.668941  1.006559
23 25  0.662714  1.024034
23 26  0.571764  0.717789
23 27  0.611923  0.733091
23 28  0.644948  1.115921
23 29  0.574273  0.707442
23 30  0.607944  0.748084
24 25  0.681510  1.212936
24 26  0.636175  0.969214
24 27  0.640384  0.956131
24 28  0.645742  1.316611
24 29  0.640431  0.956195
24 30  0.636221  0.969316
25 26  0.628500  0.974239
25 27  0.632250  0.958353
25 28  0.662147  1.331870
25 29  0.632613  0.962475
25 30  0.627987  0.974815
26 27  0.577421  0.677897
26 28  0.610594  1.052734
26 29  0.529114  0.634863
26 30  0.573443  0.692893
27 28  0.615000  1.042272
27 29  0.581496  0.663208
27 30  0.529120  0.634933
28 29  0.614967  1.039614
28 30  0.610851  1.052265
29 30  0.577517  0.678085
