   -841.26279829
   -841.52089535     -841.37901887
0.00017272023824
2 2 2 2 2 2 2 2 2 2 2 0 0 0 0 0 0 0 0 0 0 0 
1  0.274535  0.385983
2  0.253518  0.288288
3  0.252242  0.268005
4  0.249338  0.265200
5  0.286565  0.778420
6  0.298858  0.931186
7  0.250265  0.290579
8  0.275740  0.391069
9  0.285828  0.774993
10  0.273789  0.630153
11  0.273753  0.630403
12  0.278192  0.648421
13  0.278234  0.645584
14  0.298624  0.894924
15  0.278696  0.409488
16  0.277694  0.411979
17  0.255192  0.293516
18  0.251709  0.290177
19  0.289328  0.776571
20  0.288139  0.777597
21  0.251064  0.262532
22  0.253910  0.265492
1 2  0.495852  0.647377
1 3  0.496477  0.637746
1 4  0.522351  0.647564
1 5  0.560267  1.155987
1 6  0.572589  1.301572
1 7  0.523800  0.674923
1 8  0.543458  0.766539
1 9  0.553325  1.101210
1 10  0.548175  1.008894
1 11  0.547937  0.992960
1 12  0.552144  1.033138
1 13  0.552747  1.030402
1 14  0.569783  1.273749
1 15  0.543256  0.782427
1 16  0.322377  0.634450
1 17  0.489406  0.652016
1 18  0.526094  0.674877
1 19  0.562437  1.153077
1 20  0.554459  1.161517
1 21  0.523753  0.646869
1 22  0.488448  0.623082
2 3  0.461796  0.517463
2 4  0.502418  0.552232
2 5  0.539932  1.064904
2 6  0.552098  1.206788
2 7  0.503576  0.577003
2 8  0.528337  0.677847
2 9  0.537977  1.051660
2 10  0.527295  0.918226
2 11  0.527207  0.914646
2 12  0.531393  0.936510
2 13  0.531636  0.933594
2 14  0.551799  1.182651
2 15  0.531999  0.696627
2 16  0.489529  0.672125
2 17  0.245713  0.342538
2 18  0.504900  0.578019
2 19  0.542819  1.063687
2 20  0.540022  1.065187
2 21  0.504144  0.550301
2 22  0.459223  0.513421
3 4  0.500978  0.532494
3 5  0.538692  1.043507
3 6  0.550990  1.192885
3 7  0.502195  0.557447
3 8  0.526510  0.655583
3 9  0.537627  1.041093
3 10  0.526025  0.897320
3 11  0.525985  0.897840
3 12  0.530344  0.916349
3 13  0.530416  0.913473
3 14  0.550846  1.162807
3 15  0.529088  0.676066
3 16  0.491185  0.652822
3 17  0.457247  0.518649
3 18  0.503609  0.557765
3 19  0.541517  1.044327
3 20  0.540196  1.045295
3 21  0.501781  0.529118
3 22  0.240306  0.279424
4 5  0.535352  1.041490
4 6  0.548085  1.189732
4 7  0.457718  0.519578
4 8  0.495353  0.640702
4 9  0.535060  1.037196
4 10  0.523116  0.894775
4 11  0.523084  0.894690
4 12  0.527465  0.913505
4 13  0.527492  0.910697
4 14  0.547943  1.159991
4 15  0.489419  0.647730
4 16  0.525112  0.675616
4 17  0.504125  0.558106
4 18  0.453146  0.515230
4 19  0.538432  1.041434
4 20  0.537417  1.042525
4 21  0.236772  0.276828
4 22  0.501738  0.529195
5 6  0.560948  1.606893
5 7  0.535356  1.054932
5 8  0.554691  1.105632
5 9  0.534732  1.501763
5 10  0.553853  1.306144
5 11  0.555735  1.373330
5 12  0.563451  1.410867
5 13  0.562166  1.408552
5 14  0.553867  1.589657
5 15  0.556343  1.185012
5 16  0.562423  1.177804
5 17  0.541727  1.070055
5 18  0.536632  1.067942
5 19  0.327898  1.471045
5 20  0.531582  1.456692
5 21  0.537377  1.040698
5 22  0.540415  1.043483
6 7  0.548830  1.206518
6 8  0.573801  1.305446
6 9  0.560215  1.605393
6 10  0.551214  1.500202
6 11  0.551146  1.500085
6 12  0.545977  1.507654
6 13  0.546099  1.504346
6 14  0.381912  1.781002
6 15  0.574503  1.331723
6 16  0.573344  1.333999
6 17  0.553666  1.223963
6 18  0.550155  1.220613
6 19  0.555839  1.619827
6 20  0.555011  1.621932
6 21  0.549898  1.193578
6 22  0.552748  1.196557
7 8  0.492786  0.653612
7 9  0.535922  1.063549
7 10  0.523995  0.915854
7 11  0.524006  0.920709
7 12  0.528335  0.938645
7 13  0.528146  0.935933
7 14  0.548476  1.184868
7 15  0.486461  0.671066
7 16  0.527743  0.701272
7 17  0.505152  0.583648
7 18  0.246412  0.351801
7 19  0.537857  1.066435
7 20  0.538376  1.066605
7 21  0.454874  0.515564
7 22  0.503818  0.555672
8 9  0.560705  1.157435
8 10  0.549184  0.996682
8 11  0.549348  1.014159
8 12  0.553910  1.038208
8 13  0.553402  1.035346
8 14  0.571005  1.278697
8 15  0.323577  0.635909
8 16  0.543412  0.789524
8 17  0.530775  0.683260
8 18  0.486116  0.653569
8 19  0.556372  1.165542
8 20  0.562402  1.158574
8 21  0.487389  0.626283
8 22  0.527852  0.654984
9 10  0.554957  1.369421
9 11  0.553019  1.303977
9 12  0.561338  1.407762
9 13  0.562748  1.404962
9 14  0.552824  1.585270
9 15  0.562685  1.172207
9 16  0.555168  1.184198
9 17  0.539513  1.067914
9 18  0.537503  1.063314
9 19  0.532255  1.452198
9 20  0.324635  1.466764
9 21  0.536832  1.037089
9 22  0.539515  1.040293
10 11  0.503547  1.225391
10 12  0.501373  1.208029
10 13  0.262879  1.122676
10 14  0.541730  1.457238
10 15  0.551986  1.038083
10 16  0.551458  1.040617
10 17  0.528948  0.923319
10 18  0.525288  0.920089
10 19  0.560537  1.392159
10 20  0.560896  1.392917
10 21  0.524806  0.892585
10 22  0.527664  0.895523
11 12  0.262914  1.125940
11 13  0.501317  1.205338
11 14  0.541794  1.457557
11 15  0.552427  1.038433
11 16  0.550952  1.040812
11 17  0.528759  0.923686
11 18  0.525432  0.920196
11 19  0.562032  1.392110
11 20  0.559276  1.393301
11 21  0.524792  0.892792
11 22  0.527614  0.895815
12 13  0.511147  1.256018
12 14  0.555081  1.480545
12 15  0.556651  1.049527
12 16  0.555425  1.031045
12 17  0.533338  0.936311
12 18  0.529886  0.938411
12 19  0.561203  1.385887
12 20  0.559368  1.314204
12 21  0.529243  0.910753
12 22  0.532090  0.912766
13 14  0.555061  1.479622
13 15  0.556474  1.026542
13 16  0.555603  1.049000
13 17  0.533407  0.938908
13 18  0.529889  0.930136
13 19  0.560405  1.310789
13 20  0.560373  1.384279
13 21  0.529275  0.906903
13 22  0.532134  0.910907
14 15  0.576297  1.285865
14 16  0.575234  1.287273
14 17  0.553494  1.176901
14 18  0.549999  1.172858
14 19  0.563779  1.576033
14 20  0.562836  1.576787
14 21  0.549552  1.152397
14 22  0.552392  1.155781
15 16  0.548138  0.808693
15 17  0.532620  0.701696
15 18  0.497669  0.671128
15 19  0.559386  1.114996
15 20  0.566028  1.176578
15 21  0.500482  0.657265
15 22  0.530908  0.672588
16 17  0.501201  0.677399
16 18  0.527993  0.700653
16 19  0.566193  1.178049
16 20  0.557446  1.116713
16 21  0.526990  0.671917
16 22  0.502015  0.662333
17 18  0.506709  0.582599
17 19  0.544340  1.069379
17 20  0.541842  1.056422
17 21  0.505782  0.555058
17 22  0.463775  0.518521
18 19  0.539473  1.051968
18 20  0.539634  1.066854
18 21  0.459768  0.514908
18 22  0.505206  0.554864
19 20  0.538333  1.497398
19 21  0.539582  1.035699
19 22  0.543136  1.041233
20 21  0.539100  1.039166
20 22  0.541357  1.039866
21 22  0.504353  0.527392
