   -841.26279829
   -841.52386862     -841.38451972
0.00011277431226
2 2 2 2 2 2 2 2 2 2 2 0 0 0 0 0 0 0 0 0 0 0 
1  0.284856  0.413504
2  0.264484  0.310800
3  0.261685  0.284710
4  0.259098  0.282453
5  0.292130  0.780437
6  0.303920  0.919924
7  0.261228  0.310888
8  0.284985  0.416626
9  0.291998  0.779066
10  0.276608  0.622121
11  0.276903  0.622124
12  0.281078  0.638912
13  0.280650  0.637754
14  0.303272  0.886176
15  0.287781  0.434468
16  0.287388  0.435153
17  0.266183  0.316076
18  0.262957  0.312763
19  0.295186  0.778738
20  0.295127  0.779839
21  0.261063  0.279099
22  0.264101  0.282231
1 2  0.515446  0.696154
1 3  0.514938  0.682326
1 4  0.542319  0.691254
1 5  0.576129  1.184827
1 6  0.587910  1.315970
1 7  0.545114  0.722538
1 8  0.562716  0.818168
1 9  0.569165  1.126257
1 10  0.561275  1.027561
1 11  0.561352  1.009766
1 12  0.565360  1.050987
1 13  0.565482  1.049846
1 14  0.584664  1.291865
1 15  0.562697  0.834025
1 16  0.338759  0.687087
1 17  0.508436  0.701228
1 18  0.547662  0.724603
1 19  0.578629  1.181833
1 20  0.571260  1.191056
1 21  0.544162  0.691131
1 22  0.507308  0.666427
2 3  0.478880  0.554306
2 4  0.523356  0.592002
2 5  0.556430  1.088789
2 6  0.568053  1.214492
2 7  0.525626  0.619376
2 8  0.548531  0.725694
2 9  0.554934  1.075355
2 10  0.541078  0.932599
2 11  0.541316  0.927897
2 12  0.545171  0.949467
2 13  0.545010  0.948138
2 14  0.567305  1.196240
2 15  0.552068  0.743863
2 16  0.508824  0.716705
2 17  0.261468  0.387149
2 18  0.527247  0.623287
2 19  0.559638  1.087998
2 20  0.557894  1.089896
2 21  0.525300  0.589620
2 22  0.476476  0.550361
3 4  0.520294  0.566631
3 5  0.553711  1.061183
3 6  0.565454  1.196847
3 7  0.522696  0.594293
3 8  0.545139  0.696883
3 9  0.553119  1.061553
3 10  0.538286  0.905586
3 11  0.538572  0.906260
3 12  0.542665  0.923514
3 13  0.542259  0.922292
3 14  0.564936  1.170692
3 15  0.547724  0.717851
3 16  0.508994  0.691849
3 17  0.474733  0.555965
3 18  0.524420  0.597144
3 19  0.556818  1.063140
3 20  0.556564  1.064136
3 21  0.521512  0.562626
3 22  0.255530  0.311509
4 5  0.550600  1.060582
4 6  0.562888  1.194428
4 7  0.475880  0.555218
4 8  0.512551  0.683494
4 9  0.551000  1.057389
4 10  0.535689  0.904033
4 11  0.535993  0.903252
4 12  0.540089  0.921210
4 13  0.539655  0.920092
4 14  0.562349  1.168430
4 15  0.506412  0.688544
4 16  0.544678  0.716181
4 17  0.525079  0.598255
4 18  0.471323  0.553010
4 19  0.554022  1.060720
4 20  0.554170  1.061986
4 21  0.250865  0.307335
4 22  0.521964  0.563490
5 6  0.570999  1.600176
5 7  0.551750  1.075268
5 8  0.569101  1.128217
5 9  0.546545  1.510229
5 10  0.561774  1.302680
5 11  0.563751  1.367527
5 12  0.571756  1.404190
5 13  0.570068  1.404042
5 14  0.563609  1.585666
5 15  0.571045  1.212007
5 16  0.577702  1.202521
5 17  0.558279  1.094283
5 18  0.553408  1.092589
5 19  0.337130  1.474253
5 20  0.544213  1.463333
5 21  0.552926  1.059232
5 22  0.556184  1.062163
6 7  0.564782  1.213017
6 8  0.588000  1.318557
6 9  0.570811  1.599383
6 10  0.559079  1.484051
6 11  0.559306  1.483910
6 12  0.554003  1.490574
6 13  0.553627  1.489373
6 14  0.390278  1.762534
6 15  0.588525  1.344879
6 16  0.588072  1.345670
6 17  0.569655  1.235077
6 18  0.566452  1.231774
6 19  0.566435  1.614644
6 20  0.566526  1.616604
6 21  0.564962  1.198842
6 22  0.567997  1.201991
7 8  0.512310  0.698753
7 9  0.553016  1.087380
7 10  0.537772  0.927456
7 11  0.538119  0.932652
7 12  0.542178  0.949309
7 13  0.541481  0.948366
7 14  0.564038  1.196263
7 15  0.505767  0.715999
7 16  0.548410  0.744524
7 17  0.527236  0.626723
7 18  0.257472  0.388176
7 19  0.554678  1.088853
7 20  0.556320  1.088901
7 21  0.473254  0.550897
7 22  0.525090  0.592838
8 9  0.576107  1.186384
8 10  0.561200  1.012221
8 11  0.561702  1.030627
8 12  0.566040  1.054096
8 13  0.565062  1.052908
8 14  0.584859  1.294714
8 15  0.337962  0.688874
8 16  0.562268  0.837531
8 17  0.551014  0.731082
8 18  0.505816  0.701816
8 19  0.571369  1.193016
8 20  0.578650  1.185765
8 21  0.504543  0.666775
8 22  0.547335  0.697366
9 10  0.563423  1.366002
9 11  0.561919  1.301556
9 12  0.570332  1.403762
9 13  0.571264  1.401729
9 14  0.563210  1.583880
9 15  0.577963  1.200507
9 16  0.570690  1.211425
9 17  0.556554  1.094480
9 18  0.554919  1.089461
9 19  0.544159  1.461224
9 20  0.335954  1.472823
9 21  0.553016  1.057679
9 22  0.555850  1.061024
10 11  0.509592  1.210221
10 12  0.507519  1.195119
10 13  0.267458  1.103239
10 14  0.549210  1.443975
10 15  0.563834  1.054941
10 16  0.563975  1.055689
10 17  0.542738  0.937778
10 18  0.539291  0.934638
10 19  0.569020  1.387606
10 20  0.570495  1.387731
10 21  0.537611  0.901130
10 22  0.540679  0.904184
11 12  0.268188  1.104491
11 13  0.507316  1.193836
11 14  0.549562  1.443922
11 15  0.564665  1.055056
11 16  0.563743  1.055638
11 17  0.542831  0.937953
11 18  0.539812  0.934424
11 19  0.570813  1.386564
11 20  0.569170  1.388653
11 21  0.537922  0.901062
11 22  0.540935  0.904260
12 13  0.516635  1.240319
12 14  0.562524  1.465693
12 15  0.568568  1.064015
12 16  0.567913  1.042972
12 17  0.547202  0.948203
12 18  0.544016  0.951400
12 19  0.569432  1.379567
12 20  0.568479  1.309830
12 21  0.542129  0.917616
12 22  0.545159  0.919996
13 14  0.562084  1.465145
13 15  0.567910  1.041366
13 16  0.567718  1.063471
13 17  0.546817  0.953572
13 18  0.543539  0.943689
13 19  0.568195  1.307872
13 20  0.569206  1.379931
13 21  0.541686  0.915700
13 22  0.544739  0.919591
14 15  0.589917  1.300847
14 16  0.589515  1.300928
14 17  0.569079  1.187694
14 18  0.565846  1.184244
14 19  0.574032  1.571084
14 20  0.574069  1.571367
14 21  0.564156  1.159080
14 22  0.567181  1.162240
15 16  0.566597  0.855453
15 17  0.552671  0.749099
15 18  0.517362  0.716907
15 19  0.573757  1.136400
15 20  0.582064  1.203253
15 21  0.517691  0.698693
15 22  0.550068  0.713401
16 17  0.520238  0.720908
16 18  0.548999  0.746354
16 19  0.581740  1.202960
16 20  0.573406  1.137838
16 21  0.546599  0.710795
16 22  0.520381  0.702449
17 18  0.529050  0.627564
17 19  0.561160  1.093738
17 20  0.559516  1.077813
17 21  0.526940  0.594263
17 22  0.481904  0.555938
18 19  0.556361  1.073282
18 20  0.557852  1.091399
18 21  0.478441  0.552160
18 22  0.526757  0.594104
19 20  0.551122  1.504902
19 21  0.555320  1.054100
19 22  0.559175  1.059436
20 21  0.556074  1.057327
20 22  0.558342  1.058363
21 22  0.524640  0.560873
