   -841.26279829
   -841.52560962     -841.38768586
0.00009260076111
2 2 2 2 2 2 2 2 2 2 2 0 0 0 0 0 0 0 0 0 0 0 
1  0.293393  0.432209
2  0.270710  0.325168
3  0.268745  0.298712
4  0.266966  0.298568
5  0.295794  0.781193
6  0.306482  0.909146
7  0.269901  0.330370
8  0.293889  0.436183
9  0.295203  0.779847
10  0.278119  0.615092
11  0.278212  0.616239
12  0.282302  0.632069
13  0.282129  0.631243
14  0.305651  0.876628
15  0.296444  0.454380
16  0.296284  0.452658
17  0.272650  0.331511
18  0.272047  0.335565
19  0.298784  0.779101
20  0.298328  0.778354
21  0.269188  0.294396
22  0.270742  0.294121
1 2  0.528485  0.728048
1 3  0.528814  0.714738
1 4  0.558655  0.725060
1 5  0.588334  1.203735
1 6  0.598964  1.323628
1 7  0.562306  0.760382
1 8  0.579863  0.855361
1 9  0.580714  1.142739
1 10  0.571292  1.038608
1 11  0.571182  1.021671
1 12  0.575080  1.062779
1 13  0.575498  1.061962
1 14  0.595590  1.300667
1 15  0.579701  0.872257
1 16  0.351747  0.724062
1 17  0.521595  0.733827
1 18  0.565241  0.765809
1 19  0.590772  1.200727
1 20  0.582884  1.208144
1 21  0.560704  0.725144
1 22  0.520552  0.695271
2 3  0.491334  0.582307
2 4  0.537472  0.622251
2 5  0.566304  1.103289
2 6  0.576798  1.216291
2 7  0.540539  0.652681
2 8  0.563644  0.759304
2 9  0.564316  1.089425
2 10  0.548814  0.939833
2 11  0.548848  0.936145
2 12  0.552616  0.956967
2 13  0.552696  0.955919
2 14  0.575955  1.200967
2 15  0.566915  0.777948
2 16  0.521953  0.746398
2 17  0.270934  0.417565
2 18  0.542607  0.660570
2 19  0.569456  1.102599
2 20  0.567359  1.102766
2 21  0.539708  0.619366
2 22  0.488995  0.577020
3 4  0.535256  0.596830
3 5  0.564435  1.074779
3 6  0.575051  1.198618
3 7  0.538457  0.627572
3 8  0.561019  0.729536
3 9  0.563318  1.076093
3 10  0.546853  0.912129
3 11  0.546937  0.914380
3 12  0.550936  0.930660
3 13  0.550791  0.929766
3 14  0.574372  1.175058
3 15  0.563368  0.751748
3 16  0.522747  0.721153
3 17  0.487642  0.585598
3 18  0.540632  0.634085
3 19  0.567469  1.077439
3 20  0.566809  1.076563
3 21  0.536781  0.592081
3 22  0.265321  0.336751
4 5  0.562057  1.077151
4 6  0.573277  1.198068
4 7  0.490126  0.589270
4 8  0.527642  0.719082
4 9  0.562066  1.072926
4 10  0.545066  0.913099
4 11  0.545168  0.913004
4 12  0.549172  0.930435
4 13  0.548973  0.929681
4 14  0.572596  1.174888
4 15  0.521382  0.723008
4 16  0.561401  0.749824
4 17  0.539454  0.629884
4 18  0.486383  0.591280
4 19  0.565480  1.077102
4 20  0.565230  1.076514
4 21  0.263188  0.338511
4 22  0.536561  0.591661
5 6  0.576854  1.592687
5 7  0.563948  1.094169
5 8  0.581454  1.145549
5 9  0.553363  1.513068
5 10  0.566802  1.298563
5 11  0.568446  1.362760
5 12  0.576609  1.398449
5 13  0.575208  1.399143
5 14  0.569243  1.579570
5 15  0.583312  1.232688
5 16  0.590247  1.220792
5 17  0.568400  1.110178
5 18  0.566102  1.116101
5 19  0.342671  1.474900
5 20  0.551000  1.463493
5 21  0.564686  1.075243
5 22  0.566482  1.074764
6 7  0.575972  1.219566
6 8  0.599444  1.327203
6 9  0.576244  1.590997
6 10  0.563201  1.469355
6 11  0.563239  1.469761
6 12  0.557881  1.475031
6 13  0.557751  1.474198
6 14  0.394908  1.743216
6 15  0.599640  1.353870
6 16  0.599443  1.352310
6 17  0.578660  1.239633
6 18  0.578075  1.243569
6 19  0.572335  1.607236
6 20  0.571952  1.607513
6 21  0.575646  1.203276
6 22  0.577198  1.203029
7 8  0.527543  0.736013
7 9  0.564881  1.106808
7 10  0.547948  0.939697
7 11  0.548099  0.946107
7 12  0.552064  0.961847
7 13  0.551612  0.961297
7 14  0.575125  1.206024
7 15  0.521025  0.753013
7 16  0.565941  0.781294
7 17  0.542409  0.661705
7 18  0.270804  0.430773
7 19  0.566936  1.108648
7 20  0.568189  1.106744
7 21  0.487777  0.584594
7 22  0.540454  0.624298
8 9  0.588240  1.206201
8 10  0.571585  1.024087
8 11  0.571884  1.043642
8 12  0.576167  1.066767
8 13  0.575423  1.065881
8 14  0.596125  1.304418
8 15  0.352259  0.730318
8 16  0.579932  0.874371
8 17  0.566352  0.765862
8 18  0.520937  0.741585
8 19  0.583747  1.212837
8 20  0.590773  1.203696
8 21  0.519642  0.699886
8 22  0.562831  0.728871
9 10  0.567781  1.360267
9 11  0.566238  1.298063
9 12  0.574769  1.398542
9 13  0.575875  1.396328
9 14  0.568614  1.578096
9 15  0.589835  1.221148
9 16  0.582723  1.229679
9 17  0.566173  1.110686
9 18  0.567206  1.112656
9 19  0.550878  1.463225
9 20  0.341243  1.471893
9 21  0.564335  1.073629
9 22  0.565659  1.073634
10 11  0.512339  1.197454
10 12  0.510276  1.184164
10 13  0.270059  1.087380
10 14  0.553162  1.429343
10 15  0.573966  1.067778
10 16  0.574381  1.066135
10 17  0.550700  0.946062
10 18  0.549834  0.950343
10 19  0.574092  1.381773
10 20  0.575132  1.379651
10 21  0.547229  0.909367
10 22  0.548817  0.909020
11 12  0.270429  1.089425
11 13  0.510140  1.184308
11 14  0.553281  1.430566
11 15  0.574634  1.069003
11 16  0.573879  1.067228
11 17  0.550548  0.947462
11 18  0.550194  0.951163
11 19  0.575664  1.381491
11 20  0.573702  1.382118
11 21  0.547351  0.910398
11 22  0.548870  0.910250
12 13  0.519258  1.227478
12 14  0.566131  1.451904
12 15  0.578431  1.076543
12 16  0.578006  1.052991
12 17  0.554877  0.956154
12 18  0.554328  0.967274
12 19  0.574000  1.374008
12 20  0.572852  1.304236
12 21  0.551476  0.925817
12 22  0.553018  0.925034
13 14  0.565959  1.451366
13 15  0.577982  1.053677
13 16  0.578070  1.074075
13 17  0.554758  0.962442
13 18  0.554093  0.958973
13 19  0.573188  1.304185
13 20  0.573567  1.372873
13 21  0.551289  0.924428
13 22  0.552856  0.924786
14 15  0.600925  1.310500
14 16  0.600753  1.308654
14 17  0.577854  1.191229
14 18  0.577238  1.193993
14 19  0.579808  1.563132
14 20  0.579419  1.562064
14 21  0.574634  1.163277
14 22  0.576182  1.163549
15 16  0.583789  0.891953
15 17  0.567767  0.784315
15 18  0.532780  0.756461
15 19  0.585750  1.153332
15 20  0.593938  1.221566
15 21  0.532827  0.733776
15 22  0.565260  0.744507
16 17  0.533788  0.751847
16 18  0.566961  0.786458
16 19  0.594233  1.220712
16 20  0.585266  1.151625
16 21  0.563500  0.742763
16 22  0.534124  0.731452
17 18  0.544625  0.665374
17 19  0.571193  1.109117
17 20  0.569036  1.089637
17 21  0.541568  0.624827
17 22  0.494563  0.583359
18 19  0.568824  1.093185
18 20  0.570106  1.112142
18 21  0.493556  0.589129
18 22  0.542526  0.628659
19 20  0.557830  1.506178
19 21  0.566949  1.069153
19 22  0.569401  1.071072
20 21  0.567391  1.070335
20 22  0.568081  1.068392
21 22  0.539418  0.588115
