   -841.26279829
   -841.52844834     -841.39334389
0.00002522239044
2 2 2 2 2 2 2 2 2 2 2 0 0 0 0 0 0 0 0 0 0 0 
1  0.306621  0.478349
2  0.280771  0.364921
3  0.279727  0.336001
4  0.279465  0.336596
5  0.301865  0.774371
6  0.311124  0.880602
7  0.280559  0.366844
8  0.306795  0.480081
9  0.301678  0.773933
10  0.280637  0.596738
11  0.280656  0.597163
12  0.284673  0.612988
13  0.284694  0.612891
14  0.310041  0.850400
15  0.308925  0.498426
16  0.308803  0.497397
17  0.283170  0.371701
18  0.282991  0.373428
19  0.305019  0.771878
20  0.304845  0.771632
21  0.281919  0.328407
22  0.282183  0.327758
1 2  0.549578  0.812305
1 3  0.549475  0.797816
1 4  0.584107  0.805659
1 5  0.607618  1.241609
1 6  0.616690  1.340612
1 7  0.586111  0.841921
1 8  0.605620  0.941998
1 9  0.599611  1.174788
1 10  0.586991  1.064681
1 11  0.586778  1.046813
1 12  0.590599  1.089588
1 13  0.591285  1.089632
1 14  0.613185  1.319588
1 15  0.605252  0.961030
1 16  0.375148  0.824215
1 17  0.542506  0.816218
1 18  0.589325  0.849359
1 19  0.610183  1.238919
1 20  0.602366  1.247172
1 21  0.586654  0.805509
1 22  0.541392  0.770145
2 3  0.512147  0.660685
2 4  0.560016  0.699221
2 5  0.582381  1.134126
2 6  0.591365  1.222234
2 7  0.561244  0.727035
2 8  0.586501  0.841789
2 9  0.580439  1.119456
2 10  0.561384  0.960883
2 11  0.561311  0.956195
2 12  0.564918  0.977498
2 13  0.565279  0.977031
2 14  0.590337  1.214027
2 15  0.589371  0.861244
2 16  0.542351  0.826448
2 17  0.286777  0.503065
2 18  0.563615  0.738196
2 19  0.585735  1.134781
2 20  0.583736  1.135560
2 21  0.562514  0.693169
2 22  0.509541  0.650903
3 4  0.558657  0.672188
3 5  0.581474  1.100790
3 6  0.590599  1.203215
3 7  0.560067  0.700547
3 8  0.584551  0.806966
3 9  0.580489  1.106870
3 10  0.560352  0.929449
3 11  0.560338  0.932687
3 12  0.564237  0.948767
3 13  0.564267  0.948566
3 14  0.589735  1.185763
3 15  0.586770  0.833260
3 16  0.542790  0.798143
3 17  0.508628  0.663598
3 18  0.562564  0.709289
3 19  0.584654  1.107281
3 20  0.584247  1.106622
3 21  0.560642  0.663593
3 22  0.284367  0.414378
4 5  0.580388  1.107835
4 6  0.590337  1.203565
4 7  0.511935  0.663689
4 8  0.549522  0.800370
4 9  0.581028  1.100707
4 10  0.560058  0.932863
4 11  0.560110  0.930357
4 12  0.563980  0.949251
4 13  0.563997  0.949258
4 14  0.589473  1.186339
4 15  0.542724  0.799754
4 16  0.586392  0.832825
4 17  0.562483  0.708151
4 18  0.508396  0.666335
4 19  0.584150  1.107419
4 20  0.584217  1.107612
4 21  0.283959  0.416525
4 22  0.560643  0.663531
5 6  0.587079  1.563506
5 7  0.580379  1.121199
5 8  0.599875  1.176125
5 9  0.566013  1.505371
5 10  0.575029  1.280166
5 11  0.576689  1.339171
5 12  0.585027  1.373933
5 13  0.583699  1.376248
5 14  0.579487  1.553139
5 15  0.601812  1.269610
5 16  0.608829  1.258209
5 17  0.584974  1.143060
5 18  0.582854  1.146954
5 19  0.352877  1.458562
5 20  0.563589  1.454090
5 21  0.583416  1.102160
5 22  0.583968  1.101433
6 7  0.591143  1.223565
6 8  0.616861  1.342259
6 9  0.586898  1.563114
6 10  0.570400  1.428650
6 11  0.570394  1.428692
6 12  0.564964  1.432643
6 13  0.565021  1.432572
6 14  0.403485  1.689259
6 15  0.616670  1.368688
6 16  0.616538  1.367714
6 17  0.593744  1.250825
6 18  0.593555  1.252506
6 19  0.582976  1.578975
6 20  0.582858  1.579073
6 21  0.593006  1.208469
6 22  0.593270  1.207841
7 8  0.549413  0.815619
7 9  0.581977  1.135506
7 10  0.561078  0.957534
7 11  0.561190  0.963199
7 12  0.565044  0.979012
7 13  0.564717  0.979307
7 14  0.590106  1.215895
7 15  0.542170  0.829135
7 16  0.589039  0.862076
7 17  0.563581  0.738391
7 18  0.286980  0.508756
7 19  0.583665  1.137701
7 20  0.585349  1.136365
7 21  0.509340  0.654053
7 22  0.562566  0.694445
8 9  0.607604  1.242751
8 10  0.586929  1.047938
8 11  0.587183  1.066765
8 12  0.591437  1.091450
8 13  0.590793  1.091198
8 14  0.613360  1.321229
8 15  0.375159  0.826961
8 16  0.605275  0.961676
8 17  0.589679  0.849404
8 18  0.542474  0.819648
8 19  0.602680  1.249122
8 20  0.610171  1.240289
8 21  0.541452  0.772616
8 22  0.587091  0.806589
9 10  0.576472  1.338172
9 11  0.574865  1.280014
9 12  0.583500  1.375888
9 13  0.584866  1.373413
9 14  0.579244  1.552454
9 15  0.608773  1.258805
9 16  0.601554  1.268179
9 17  0.582890  1.144801
9 18  0.584609  1.144257
9 19  0.563610  1.454126
9 20  0.352444  1.457683
9 21  0.583516  1.101625
9 22  0.583504  1.101104
10 11  0.517254  1.161057
10 12  0.515401  1.152171
10 13  0.274675  1.043919
10 14  0.560194  1.389769
10 15  0.588877  1.093249
10 16  0.589414  1.092396
10 17  0.563712  0.967578
10 18  0.563190  0.969751
10 19  0.582728  1.358448
10 20  0.584102  1.355926
10 21  0.562446  0.924975
10 22  0.562746  0.924166
11 12  0.274680  1.044487
11 13  0.515399  1.152339
11 14  0.560236  1.390286
11 15  0.589555  1.093843
11 16  0.588775  1.092655
11 17  0.563400  0.968462
11 18  0.563551  0.969695
11 19  0.584294  1.356556
11 20  0.582559  1.358599
11 21  0.562497  0.925231
11 22  0.562731  0.924756
12 13  0.524183  1.191179
12 14  0.572930  1.412890
12 15  0.593222  1.099865
12 16  0.592824  1.076941
12 17  0.567717  0.976056
12 18  0.567629  0.985863
12 19  0.582418  1.350536
12 20  0.581522  1.285894
12 21  0.566575  0.939814
12 22  0.566797  0.939765
13 14  0.572933  1.412749
13 15  0.592963  1.077826
13 16  0.593117  1.098818
13 17  0.567830  0.984064
13 18  0.567556  0.977519
13 19  0.581715  1.286040
13 20  0.582299  1.350350
13 21  0.566552  0.940305
13 22  0.566860  0.939132
14 15  0.617686  1.327924
14 16  0.617562  1.326870
14 17  0.592651  1.200145
14 18  0.592463  1.201291
14 19  0.590096  1.535104
14 20  0.589931  1.534760
14 21  0.591679  1.168143
14 22  0.591948  1.167760
15 16  0.608449  0.977308
15 17  0.590627  0.867838
15 18  0.554261  0.835551
15 19  0.603889  1.183845
15 20  0.612914  1.257869
15 21  0.554591  0.811317
15 22  0.588882  0.819144
16 17  0.554436  0.833025
16 18  0.590307  0.868440
16 19  0.612963  1.257149
16 20  0.603629  1.182829
16 21  0.588485  0.818583
16 22  0.554644  0.809497
17 18  0.566074  0.742035
17 19  0.587891  1.140747
17 20  0.585626  1.118081
17 21  0.564805  0.698374
17 22  0.516233  0.659110
18 19  0.585587  1.119569
18 20  0.587529  1.142069
18 21  0.516032  0.661835
18 22  0.564891  0.699477
19 20  0.570671  1.498024
19 21  0.585558  1.095369
19 22  0.587074  1.094825
20 21  0.586636  1.095032
20 22  0.585688  1.094565
21 22  0.563529  0.655786
