   -841.26279829
   -841.52869844     -841.39391447
0.00001820403660
2 2 2 2 2 2 2 2 2 2 2 0 0 0 0 0 0 0 0 0 0 0 
1  0.308013  0.485084
2  0.281929  0.371074
3  0.280970  0.341607
4  0.280785  0.341698
5  0.302395  0.772917
6  0.311492  0.876297
7  0.281697  0.372174
8  0.308055  0.486049
9  0.302269  0.772593
10  0.280815  0.593951
11  0.280825  0.594281
12  0.284839  0.610168
13  0.284879  0.610110
14  0.310386  0.846487
15  0.310127  0.504463
16  0.310095  0.503897
17  0.284399  0.377955
18  0.284146  0.378573
19  0.305567  0.770282
20  0.305453  0.770278
21  0.283294  0.332977
22  0.283488  0.333060
1 2  0.551884  0.825042
1 3  0.551768  0.810130
1 4  0.586785  0.816984
1 5  0.609538  1.246657
1 6  0.618436  1.343018
1 7  0.588636  0.853827
1 8  0.608222  0.954181
1 9  0.601509  1.179106
1 10  0.588554  1.068370
1 11  0.588331  1.050465
1 12  0.592154  1.093464
1 13  0.592862  1.093562
1 14  0.614929  1.322253
1 15  0.607822  0.973567
1 16  0.377566  0.838777
1 17  0.544797  0.828557
1 18  0.591860  0.861169
1 19  0.612115  1.243944
1 20  0.604341  1.252483
1 21  0.589401  0.816858
1 22  0.543720  0.781440
2 3  0.514463  0.672548
2 4  0.562486  0.710385
2 5  0.584066  1.138496
2 6  0.592875  1.223420
2 7  0.563536  0.738235
2 8  0.588908  0.853712
2 9  0.582135  1.123786
2 10  0.562718  0.964195
2 11  0.562631  0.959405
2 12  0.566225  0.980807
2 13  0.566619  0.980358
2 14  0.591830  1.216187
2 15  0.591718  0.873345
2 16  0.544555  0.838380
2 17  0.288646  0.516336
2 18  0.565924  0.749495
2 19  0.587440  1.139297
2 20  0.585478  1.140319
2 21  0.565043  0.703891
2 22  0.511816  0.662250
3 4  0.561205  0.682907
3 5  0.583247  1.104251
3 6  0.592200  1.204057
3 7  0.562441  0.711381
3 8  0.587019  0.817929
3 9  0.582278  1.111068
3 10  0.561773  0.932017
3 11  0.561747  0.935428
3 12  0.565644  0.951536
3 13  0.565687  0.951374
3 14  0.591320  1.187392
3 15  0.589208  0.844949
3 16  0.544966  0.809491
3 17  0.510999  0.675404
3 18  0.564958  0.720040
3 19  0.586440  1.111251
3 20  0.586083  1.110781
3 21  0.563269  0.673787
3 22  0.286592  0.426593
4 5  0.582199  1.111434
4 6  0.592013  1.204014
4 7  0.514228  0.674120
4 8  0.551728  0.811369
4 9  0.582937  1.103900
4 10  0.561551  0.935195
4 11  0.561598  0.932373
4 12  0.565458  0.951521
4 13  0.565498  0.951564
4 14  0.591135  1.187476
4 15  0.544836  0.810160
4 16  0.588985  0.844462
4 17  0.565027  0.719512
4 18  0.510712  0.676413
4 19  0.586006  1.110849
4 20  0.586139  1.111329
4 21  0.286302  0.427064
4 22  0.563277  0.673961
5 6  0.587952  1.558725
5 7  0.582009  1.124763
5 8  0.601609  1.179810
5 9  0.567156  1.503289
5 10  0.575723  1.276968
5 11  0.577375  1.335204
5 12  0.585725  1.369861
5 13  0.584415  1.372332
5 14  0.580353  1.548692
5 15  0.603546  1.274139
5 16  0.610651  1.263167
5 17  0.586731  1.147811
5 18  0.584509  1.150617
5 19  0.353826  1.455133
5 20  0.564742  1.451946
5 21  0.585310  1.105219
5 22  0.585799  1.105254
6 7  0.592639  1.224115
6 8  0.618477  1.343876
6 9  0.587830  1.558519
6 10  0.570957  1.422387
6 11  0.570944  1.422397
6 12  0.565510  1.426209
6 13  0.565585  1.426179
6 14  0.404216  1.680963
6 15  0.618234  1.370308
6 16  0.618199  1.369794
6 17  0.595330  1.252701
6 18  0.595070  1.253297
6 19  0.583897  1.574060
6 20  0.583827  1.574391
6 21  0.594747  1.208686
6 22  0.594942  1.208776
7 8  0.551696  0.826859
7 9  0.583704  1.139217
7 10  0.562387  0.960069
7 11  0.562495  0.965603
7 12  0.566346  0.981486
7 13  0.566021  0.981839
7 14  0.591582  1.217254
7 15  0.544377  0.840009
7 16  0.591458  0.873844
7 17  0.565945  0.749978
7 18  0.288578  0.519309
7 19  0.585331  1.141405
7 20  0.587093  1.140320
7 21  0.511585  0.663671
7 22  0.565007  0.705075
8 9  0.609451  1.247213
8 10  0.588360  1.050974
8 11  0.588606  1.069653
8 12  0.592864  1.094577
8 13  0.592232  1.094355
8 14  0.614971  1.323157
8 15  0.377471  0.840297
8 16  0.607801  0.973916
8 17  0.592154  0.861539
8 18  0.544668  0.830263
8 19  0.604480  1.253438
8 20  0.612029  1.244801
8 21  0.543660  0.782460
8 22  0.589644  0.817902
9 10  0.577223  1.334400
9 11  0.575611  1.276866
9 12  0.584261  1.372055
9 13  0.585640  1.369495
9 14  0.580173  1.548097
9 15  0.610563  1.263397
9 16  0.603434  1.273274
9 17  0.584665  1.149675
9 18  0.586352  1.148043
9 19  0.564755  1.451894
9 20  0.353552  1.454695
9 21  0.585478  1.104844
9 22  0.585383  1.104996
10 11  0.517602  1.155531
10 12  0.515767  1.147225
10 13  0.275024  1.037322
10 14  0.560735  1.383757
10 15  0.590256  1.096470
10 16  0.590884  1.096099
10 17  0.565117  0.970997
10 18  0.564509  0.972097
10 19  0.583451  1.354378
10 20  0.584888  1.351975
10 21  0.563996  0.926751
10 22  0.564222  0.926665
11 12  0.275017  1.037741
11 13  0.515773  1.147345
11 14  0.560767  1.384160
11 15  0.590926  1.096986
11 16  0.590232  1.096241
11 17  0.564780  0.971815
11 18  0.564873  0.971920
11 19  0.585010  1.352290
11 20  0.583334  1.354676
11 21  0.564034  0.926914
11 22  0.564201  0.927165
12 13  0.524539  1.185728
12 14  0.573456  1.407006
12 15  0.594583  1.102874
12 16  0.594273  1.080458
12 17  0.569106  0.979374
12 18  0.568948  0.988158
12 19  0.583126  1.346553
12 20  0.582287  1.282838
12 21  0.568116  0.941420
12 22  0.568264  0.942277
13 14  0.573475  1.406877
13 15  0.594343  1.080915
13 16  0.594588  1.102301
13 17  0.569241  0.987497
13 18  0.568890  0.979844
13 19  0.582435  1.282809
13 20  0.583074  1.346629
13 21  0.568107  0.942148
13 22  0.568350  0.941477
14 15  0.619221  1.329992
14 16  0.619190  1.329436
14 17  0.594211  1.201735
14 18  0.593955  1.202104
14 19  0.590978  1.530465
14 20  0.590867  1.530289
14 21  0.593388  1.168585
14 22  0.593585  1.168721
15 16  0.610904  0.989302
15 17  0.593041  0.879979
15 18  0.556473  0.846427
15 19  0.605587  1.187501
15 20  0.614720  1.262440
15 21  0.556786  0.821851
15 22  0.591354  0.829922
16 17  0.556673  0.845353
16 18  0.592749  0.879978
16 19  0.614800  1.261902
16 20  0.605471  1.187125
16 21  0.591121  0.829171
16 22  0.556891  0.821273
17 18  0.568453  0.753210
17 19  0.589665  1.145149
17 20  0.587397  1.122318
17 21  0.567400  0.709114
17 22  0.518716  0.670937
18 19  0.587237  1.122705
18 20  0.589290  1.145674
18 21  0.518442  0.671774
18 22  0.567345  0.709822
19 20  0.571844  1.495925
19 21  0.587424  1.098351
19 22  0.588927  1.098054
20 21  0.588618  1.097851
20 22  0.587526  1.098419
21 22  0.566198  0.665661
