  -1146.52529667
  -1146.89907758    -1146.78051585
0.00004524738100
2 2 2 2 2 2 2 2 2 2 2 2 2 2 2 0 0 0 0 0 0 0 0 0 0 0 0 0 0 0 
1  0.283815  0.469139
2  0.292669  0.425289
3  0.302076  0.475546
4  0.281272  0.359406
5  0.280075  0.298655
6  0.290630  0.313062
7  0.346973  0.558683
8  0.334452  0.590865
9  0.316871  0.358811
10  0.325390  0.621319
11  0.313265  0.408359
12  0.314646  0.378384
13  0.328320  0.668216
14  0.319371  0.813807
15  0.328146  0.702863
16  0.297146  0.520344
17  0.307399  0.498694
18  0.297771  0.444073
19  0.287812  0.356205
20  0.283632  0.306080
21  0.295772  0.318683
22  0.318796  0.785938
23  0.314392  0.367653
24  0.334663  0.588598
25  0.345281  0.551795
26  0.332242  0.680934
27  0.318134  0.351878
28  0.328292  0.638489
29  0.313288  0.414293
30  0.330410  0.669663
1 2  0.576192  0.887861
1 3  0.585441  0.928020
1 4  0.560752  0.813790
1 5  0.563857  0.767612
1 6  0.574399  0.780739
1 7  0.604551  1.003717
1 8  0.616045  1.038624
1 9  0.600494  0.824437
1 10  0.586806  1.015816
1 11  0.596042  0.875205
1 12  0.598274  0.843578
1 13  0.610134  1.104640
1 14  0.600574  1.263883
1 15  0.608616  1.167872
1 16  0.286526  0.781930
1 17  0.591187  0.966708
1 18  0.581378  0.912578
1 19  0.565405  0.823352
1 20  0.567345  0.775128
1 21  0.579194  0.787721
1 22  0.597478  1.243617
1 23  0.597679  0.836589
1 24  0.618175  1.056350
1 25  0.605240  0.995530
1 26  0.593433  1.143805
1 27  0.601538  0.820892
1 28  0.610020  1.098101
1 29  0.596759  0.881547
1 30  0.613968  1.134829
2 3  0.550581  0.870208
2 4  0.573935  0.783998
2 5  0.572742  0.723671
2 6  0.583298  0.738183
2 7  0.639319  0.971633
2 8  0.603680  0.957451
2 9  0.609539  0.783909
2 10  0.615640  1.027490
2 11  0.605923  0.832496
2 12  0.607314  0.803602
2 13  0.615443  1.087527
2 14  0.607891  1.229912
2 15  0.618494  1.104874
2 16  0.589659  0.944818
2 17  0.299213  0.691355
2 18  0.550694  0.841643
2 19  0.580460  0.781385
2 20  0.576293  0.731356
2 21  0.588440  0.743960
2 22  0.605814  1.196992
2 23  0.607042  0.792891
2 24  0.624331  1.011217
2 25  0.637892  0.976470
2 26  0.624452  1.103741
2 27  0.610802  0.777140
2 28  0.620690  1.062466
2 29  0.605854  0.839433
2 30  0.598368  1.081422
3 4  0.583340  0.831284
3 5  0.582150  0.774118
3 6  0.592705  0.788223
3 7  0.648837  1.029054
3 8  0.628489  1.044457
3 9  0.618946  0.833410
3 10  0.625080  1.065027
3 11  0.615339  0.883449
3 12  0.616721  0.853072
3 13  0.603311  1.061228
3 14  0.619021  1.268592
3 15  0.628728  1.173720
3 16  0.598432  0.994824
3 17  0.560853  0.929066
3 18  0.300202  0.688040
3 19  0.589778  0.831565
3 20  0.585707  0.781608
3 21  0.597846  0.794203
3 22  0.614456  1.252024
3 23  0.616450  0.843121
3 24  0.623461  1.060845
3 25  0.647283  1.026600
3 26  0.632743  1.154411
3 27  0.620206  0.827369
3 28  0.629918  1.111720
3 29  0.615303  0.889659
3 30  0.623675  1.122956
4 5  0.560237  0.656323
4 6  0.570279  0.668749
4 7  0.600052  0.895426
4 8  0.615695  0.947733
4 9  0.579568  0.693208
4 10  0.606452  0.970336
4 11  0.590371  0.765080
4 12  0.591137  0.729838
4 13  0.609542  1.019435
4 14  0.600524  1.165282
4 15  0.608448  1.060739
4 16  0.572406  0.878078
4 17  0.588620  0.857931
4 18  0.578947  0.803333
4 19  0.282090  0.456866
4 20  0.564716  0.665101
4 21  0.575630  0.677180
4 22  0.599947  1.144447
4 23  0.589235  0.721227
4 24  0.615756  0.947676
4 25  0.595753  0.884496
4 26  0.613087  1.039620
4 27  0.588025  0.703339
4 28  0.609300  0.996476
4 29  0.588418  0.763070
4 30  0.611650  1.028694
5 6  0.527623  0.572989
5 7  0.625739  0.853469
5 8  0.614524  0.888987
5 9  0.585933  0.645475
5 10  0.605456  0.919712
5 11  0.585988  0.697994
5 12  0.581148  0.665576
5 13  0.608393  0.966803
5 14  0.599442  1.112021
5 15  0.608152  1.000083
5 16  0.577143  0.818935
5 17  0.587445  0.797325
5 18  0.577837  0.742716
5 19  0.567726  0.654544
5 20  0.276206  0.326806
5 21  0.528078  0.572143
5 22  0.598753  1.084474
5 23  0.574277  0.646219
5 24  0.614703  0.887223
5 25  0.624737  0.850141
5 26  0.612283  0.979517
5 27  0.594990  0.647622
5 28  0.608071  0.937028
5 29  0.589115  0.709831
5 30  0.610419  0.968257
6 7  0.636860  0.870141
6 8  0.625081  0.903435
6 9  0.599401  0.661521
6 10  0.616016  0.933137
6 11  0.599562  0.717870
6 12  0.581840  0.667184
6 13  0.618950  0.980567
6 14  0.610000  1.126507
6 15  0.618767  1.015820
6 16  0.587501  0.833340
6 17  0.598028  0.811736
6 18  0.588401  0.757118
6 19  0.576997  0.668289
6 20  0.526871  0.574325
6 21  0.285846  0.341651
6 22  0.609390  1.098877
6 23  0.573687  0.652078
6 24  0.625293  0.901624
6 25  0.635664  0.864568
6 26  0.622832  0.993896
6 27  0.605896  0.662434
6 28  0.618868  0.951495
6 29  0.600739  0.723401
6 30  0.621035  0.982676
7 8  0.679904  1.122300
7 9  0.659552  0.911899
7 10  0.668008  1.159612
7 11  0.644863  0.939694
7 12  0.660059  0.935451
7 13  0.674488  1.221100
7 14  0.665249  1.354033
7 15  0.658092  1.184101
7 16  0.615589  1.041759
7 17  0.653977  1.056292
7 18  0.644696  1.002175
7 19  0.605419  0.889823
7 20  0.630078  0.864513
7 21  0.642517  0.877113
7 22  0.662225  1.334054
7 23  0.656715  0.921488
7 24  0.681348  1.146101
7 25  0.429590  0.949853
7 26  0.674352  1.222388
7 27  0.662639  0.908856
7 28  0.666222  1.195271
7 29  0.644162  0.958826
7 30  0.676457  1.225778
8 9  0.651321  0.948991
8 10  0.643874  1.148555
8 11  0.647677  0.997596
8 12  0.649095  0.969067
8 13  0.623661  1.231756
8 14  0.634751  1.388220
8 15  0.652931  1.245663
8 16  0.630822  1.109125
8 17  0.627933  1.085754
8 18  0.628712  1.031609
8 19  0.622177  0.946793
8 20  0.618073  0.896915
8 21  0.630224  0.909515
8 22  0.615876  1.291477
8 23  0.648798  0.958396
8 24  0.627690  1.168205
8 25  0.679633  1.141163
8 26  0.663261  1.264582
8 27  0.652586  0.942668
8 28  0.661387  1.226250
8 29  0.647540  1.004800
8 30  0.475963  1.150824
9 10  0.642259  0.977447
9 11  0.593383  0.743305
9 12  0.604108  0.712721
9 13  0.645188  1.024902
9 14  0.636234  1.170584
9 15  0.644924  1.061397
9 16  0.613572  0.879022
9 17  0.624269  0.857458
9 18  0.614637  0.802838
9 19  0.591809  0.706000
9 20  0.597296  0.661894
9 21  0.609352  0.674816
9 22  0.635621  1.144477
9 23  0.599037  0.695573
9 24  0.651530  0.947311
9 25  0.658865  0.907428
9 26  0.649051  1.039503
9 27  0.387730  0.479880
9 28  0.645092  0.997133
9 29  0.589972  0.737678
9 30  0.647279  1.028378
10 11  0.638553  1.028427
10 12  0.640025  0.997058
10 13  0.644691  1.230284
10 14  0.630754  1.408903
10 15  0.615708  1.302709
10 16  0.606595  1.138500
10 17  0.632360  1.117416
10 18  0.622856  1.064049
10 19  0.612733  0.977103
10 20  0.609016  0.927339
10 21  0.621116  0.939933
10 22  0.614156  1.338508
10 23  0.639704  0.988803
10 24  0.658785  1.207072
10 25  0.668206  1.168078
10 26  0.432952  1.193930
10 27  0.643492  0.973048
10 28  0.618067  1.235084
10 29  0.638561  1.034892
10 30  0.653231  1.279040
11 12  0.600749  0.757176
11 13  0.641578  1.073981
11 14  0.632502  1.206418
11 15  0.640241  1.092710
11 16  0.610170  0.927089
11 17  0.620413  0.906833
11 18  0.610909  0.852303
11 19  0.594740  0.753622
11 20  0.593319  0.711850
11 21  0.605727  0.722852
11 22  0.631738  1.193219
11 23  0.593034  0.745973
11 24  0.647597  0.996638
11 25  0.643371  0.947648
11 26  0.645482  1.088668
11 27  0.591105  0.725306
11 28  0.640140  1.046207
11 29  0.399500  0.640180
11 30  0.643274  1.077482
12 13  0.642966  1.043860
12 14  0.634002  1.185497
12 15  0.642635  1.077543
12 16  0.611357  0.898518
12 17  0.621982  0.876981
12 18  0.612373  0.822387
12 19  0.596063  0.728310
12 20  0.577380  0.663416
12 21  0.578210  0.667347
12 22  0.633407  1.163812
12 23  0.416923  0.559883
12 24  0.649201  0.966840
12 25  0.655031  0.924390
12 26  0.646862  1.059023
12 27  0.599792  0.698041
12 28  0.642668  1.016653
12 29  0.594257  0.764776
12 30  0.644962  1.047828
13 14  0.624680  1.383131
13 15  0.651114  1.359614
13 16  0.623691  1.185383
13 17  0.626052  1.140579
13 18  0.600723  1.097157
13 19  0.615923  1.023921
13 20  0.611951  0.974237
13 21  0.624083  0.986822
13 22  0.625334  1.440101
13 23  0.642686  1.035677
13 24  0.475115  1.147828
13 25  0.673195  1.217385
13 26  0.656108  1.342866
13 27  0.646446  1.019945
13 28  0.653932  1.295206
13 29  0.641560  1.082069
13 30  0.616535  1.274265
14 15  0.625621  1.406711
14 16  0.611644  1.323053
14 17  0.620639  1.301875
14 18  0.611376  1.241796
14 19  0.606876  1.169238
14 20  0.602897  1.119724
14 21  0.615079  1.132338
14 22  0.530151  1.578459
14 23  0.633761  1.181058
14 24  0.617273  1.316027
14 25  0.660550  1.353279
14 26  0.633723  1.468937
14 27  0.637432  1.165475
14 28  0.618167  1.383131
14 29  0.632484  1.226802
14 30  0.627713  1.468165
15 16  0.619745  1.193939
15 17  0.634099  1.198846
15 18  0.625416  1.144092
15 19  0.615685  1.057869
15 20  0.611431  1.008819
15 21  0.623802  1.021476
15 22  0.630054  1.465663
15 23  0.642406  1.070354
15 24  0.659554  1.284694
15 25  0.658597  1.246259
15 26  0.619359  1.304426
15 27  0.646133  1.054652
15 28  0.431614  1.235109
15 29  0.640042  1.116385
15 30  0.654227  1.365521
16 17  0.604220  1.015961
16 18  0.594398  0.949593
16 19  0.580660  0.862375
16 20  0.580753  0.826313
16 21  0.592869  0.837735
16 22  0.613554  1.270517
16 23  0.611317  0.884571
16 24  0.629706  1.081681
16 25  0.615368  1.048001
16 26  0.601928  1.098349
16 27  0.615165  0.870369
16 28  0.620424  1.146338
16 29  0.608644  0.930163
16 30  0.626405  1.186059
17 18  0.558998  0.910002
17 19  0.595195  0.854545
17 20  0.591028  0.804158
17 21  0.603170  0.817178
17 22  0.623245  1.261315
17 23  0.621791  0.866076
17 24  0.634166  1.062960
17 25  0.652228  1.033506
17 26  0.637940  1.174761
17 27  0.625530  0.850395
17 28  0.633070  1.099856
17 29  0.620664  0.909615
17 30  0.609550  1.077533
18 19  0.585575  0.798280
18 20  0.581401  0.749947
18 21  0.593542  0.762443
18 22  0.611908  1.219750
18 23  0.612163  0.811554
18 24  0.607079  0.968280
18 25  0.642712  0.986022
18 26  0.627328  1.098674
18 27  0.615904  0.795564
18 28  0.623270  1.061385
18 29  0.611051  0.858166
18 30  0.622525  1.106764
19 20  0.569944  0.660009
19 21  0.581591  0.670928
19 22  0.606463  1.137779
19 23  0.596549  0.716218
19 24  0.622397  0.941168
19 25  0.603230  0.880764
19 26  0.619904  1.027896
19 27  0.585431  0.683454
19 28  0.614953  0.991957
19 29  0.596282  0.767425
19 30  0.618155  1.025479
20 21  0.534907  0.584679
20 22  0.602385  1.091238
20 23  0.584511  0.662072
20 24  0.618279  0.894038
20 25  0.627386  0.852998
20 26  0.615855  0.986952
20 27  0.588376  0.643121
20 28  0.611792  0.942467
20 29  0.589166  0.710176
20 30  0.614023  0.974600
21 22  0.614554  1.104470
21 23  0.586000  0.661532
21 24  0.630430  0.906637
21 25  0.640142  0.868396
21 26  0.628007  0.998722
21 27  0.605537  0.660220
21 28  0.624032  0.956558
21 29  0.603980  0.728941
21 30  0.626175  0.988115
22 23  0.633176  1.149590
22 24  0.634450  1.358741
22 25  0.661989  1.325844
22 26  0.629836  1.366589
22 27  0.636893  1.137475
22 28  0.633604  1.394464
22 29  0.631714  1.183922
22 30  0.627628  1.359823
23 24  0.649053  0.956072
23 25  0.657888  0.917949
23 26  0.646605  1.045130
23 27  0.604908  0.695765
23 28  0.642571  1.005180
23 29  0.602327  0.754723
23 30  0.644800  1.036323
24 25  0.677703  1.112530
24 26  0.657146  1.220198
24 27  0.652787  0.939668
24 28  0.645954  1.161440
24 29  0.647867  1.001812
24 30  0.624356  1.226775
25 26  0.675083  1.224207
25 27  0.658923  0.896642
25 28  0.655990  1.113027
25 29  0.644024  0.939739
25 30  0.673914  1.191863
26 27  0.650358  1.031680
26 28  0.620763  1.297053
26 29  0.645136  1.088701
26 30  0.656575  1.340293
27 28  0.646317  0.989529
27 29  0.594402  0.739903
27 30  0.648529  1.021342
28 29  0.640332  1.040459
28 30  0.649308  1.240468
29 30  0.643583  1.075299
