  -1146.52529667
  -1146.89990391    -1146.78242458
0.00000350839810
2 2 2 2 2 2 2 2 2 2 2 2 2 2 2 0 0 0 0 0 0 0 0 0 0 0 0 0 0 0 
1  0.286488  0.475031
2  0.293999  0.426762
3  0.303324  0.477125
4  0.282847  0.369618
5  0.280852  0.304426
6  0.291290  0.319279
7  0.349824  0.568928
8  0.337239  0.589026
9  0.318196  0.367422
10  0.328759  0.620157
11  0.315017  0.421884
12  0.315757  0.390229
13  0.330835  0.664870
14  0.321805  0.805566
15  0.331663  0.701904
16  0.299983  0.524906
17  0.308593  0.499689
18  0.299290  0.445957
19  0.289433  0.366049
20  0.284430  0.312550
21  0.296509  0.325024
22  0.321186  0.779603
23  0.315488  0.378213
24  0.337515  0.587214
25  0.347987  0.561984
26  0.335389  0.677439
27  0.319423  0.359646
28  0.331841  0.639234
29  0.314933  0.428092
30  0.332944  0.665922
1 2  0.580149  0.895034
1 3  0.589311  0.934833
1 4  0.564897  0.828888
1 5  0.567302  0.779246
1 6  0.577721  0.792455
1 7  0.609997  1.019521
1 8  0.621326  1.042469
1 9  0.604490  0.838485
1 10  0.591832  1.019335
1 11  0.600421  0.894320
1 12  0.602060  0.860624
1 13  0.615220  1.106804
1 14  0.605573  1.261380
1 15  0.614754  1.172962
1 16  0.291703  0.792648
1 17  0.595053  0.973494
1 18  0.585484  0.920380
1 19  0.569716  0.839207
1 20  0.570797  0.787463
1 21  0.582538  0.799935
1 22  0.602430  1.243407
1 23  0.601399  0.853028
1 24  0.623661  1.060913
1 25  0.610677  1.012239
1 26  0.598935  1.146031
1 27  0.605502  0.834553
1 28  0.616196  1.105015
1 29  0.601064  0.901158
1 30  0.619155  1.136935
2 3  0.552963  0.873199
2 4  0.576837  0.795560
2 5  0.574848  0.730787
2 6  0.585288  0.745799
2 7  0.643425  0.982475
2 8  0.607615  0.957138
2 9  0.612192  0.793912
2 10  0.620292  1.027924
2 11  0.609003  0.847258
2 12  0.609754  0.816898
2 13  0.619259  1.085707
2 14  0.611614  1.223203
2 15  0.623194  1.105103
2 16  0.593830  0.950783
2 17  0.301527  0.693041
2 18  0.553532  0.845451
2 19  0.583395  0.792702
2 20  0.578407  0.739293
2 21  0.590507  0.751769
2 22  0.609458  1.192540
2 23  0.609455  0.804917
2 24  0.628499  1.011443
2 25  0.641890  0.988136
2 26  0.628934  1.101693
2 27  0.613422  0.786374
2 28  0.625515  1.064786
2 29  0.608765  0.854700
2 30  0.602227  1.079254
3 4  0.586161  0.842493
3 5  0.584175  0.781437
3 6  0.594613  0.795832
3 7  0.652906  1.040528
3 8  0.632444  1.044374
3 9  0.621519  0.843344
3 10  0.629674  1.065598
3 11  0.618339  0.898483
3 12  0.619080  0.866227
3 13  0.607012  1.059834
3 14  0.622752  1.262273
3 15  0.633455  1.174312
3 16  0.602376  1.001021
3 17  0.563250  0.932797
3 18  0.302688  0.690844
3 19  0.592621  0.842990
3 20  0.587752  0.789649
3 21  0.599831  0.802114
3 22  0.618065  1.247406
3 23  0.618786  0.855240
3 24  0.627523  1.060996
3 25  0.651225  1.038334
3 26  0.637046  1.152655
3 27  0.622742  0.836710
3 28  0.634722  1.114009
3 29  0.618179  0.905001
3 30  0.627482  1.121628
4 5  0.562550  0.672078
4 6  0.572466  0.684549
4 7  0.604412  0.915406
4 8  0.620048  0.955829
4 9  0.582176  0.710227
4 10  0.611386  0.978722
4 11  0.593675  0.788907
4 12  0.593769  0.751198
4 13  0.613620  1.025434
4 14  0.604516  1.166695
4 15  0.613493  1.069828
4 16  0.576840  0.892944
4 17  0.591389  0.869113
4 18  0.581997  0.815429
4 19  0.285030  0.478582
4 20  0.567086  0.681724
4 21  0.577910  0.693752
4 22  0.603892  1.148260
4 23  0.591886  0.742046
4 24  0.620142  0.956493
4 25  0.600116  0.905062
4 26  0.617798  1.046281
4 27  0.590786  0.721434
4 28  0.614389  1.007318
4 29  0.591648  0.786920
4 30  0.615753  1.035112
5 6  0.529016  0.585989
5 7  0.629307  0.868681
5 8  0.618083  0.892718
5 9  0.587940  0.659399
5 10  0.609599  0.924266
5 11  0.588462  0.716588
5 12  0.583029  0.683476
5 13  0.611682  0.969202
5 14  0.602654  1.109359
5 15  0.612436  1.004461
5 16  0.580747  0.829250
5 17  0.589400  0.804082
5 18  0.580129  0.750367
5 19  0.570119  0.670107
5 20  0.277618  0.340353
5 21  0.529624  0.585126
5 22  0.601897  1.083875
5 23  0.576159  0.662748
5 24  0.618324  0.891602
5 25  0.628197  0.866096
5 26  0.616201  0.981776
5 27  0.597035  0.661165
5 28  0.612352  0.943523
5 29  0.591512  0.729511
5 30  0.613709  0.970266
6 7  0.640326  0.886259
6 8  0.628525  0.907622
6 9  0.601351  0.675735
6 10  0.620043  0.937829
6 11  0.601932  0.737636
6 12  0.583583  0.684829
6 13  0.622123  0.983156
6 14  0.613095  1.124367
6 15  0.622941  1.021049
6 16  0.590937  0.844097
6 17  0.599881  0.818940
6 18  0.590579  0.765215
6 19  0.579246  0.684368
6 20  0.528360  0.587878
6 21  0.287209  0.355711
6 22  0.612431  1.098722
6 23  0.575462  0.669439
6 24  0.628805  0.906450
6 25  0.639024  0.880896
6 26  0.626622  0.996594
6 27  0.607836  0.676462
6 28  0.623077  0.958441
6 29  0.603040  0.743278
6 30  0.624228  0.985135
7 8  0.685423  1.129948
7 9  0.663684  0.930092
7 10  0.674148  1.168568
7 11  0.649190  0.961417
7 12  0.664003  0.957340
7 13  0.679772  1.227762
7 14  0.670483  1.356147
7 15  0.663914  1.192334
7 16  0.621375  1.057545
7 17  0.657941  1.067551
7 18  0.649074  1.014296
7 19  0.609923  0.909895
7 20  0.633684  0.881204
7 21  0.646101  0.893630
7 22  0.667385  1.337724
7 23  0.660625  0.941821
7 24  0.687047  1.155017
7 25  0.435134  0.972903
7 26  0.680330  1.229699
7 27  0.666754  0.926785
7 28  0.672437  1.206222
7 29  0.648601  0.982752
7 30  0.681796  1.232340
8 9  0.655431  0.955570
8 10  0.649497  1.145980
8 11  0.652221  1.009073
8 12  0.652993  0.979025
8 13  0.628620  1.226887
8 14  0.639918  1.378814
8 15  0.659041  1.243571
8 16  0.636418  1.111851
8 17  0.631839  1.084856
8 18  0.632997  1.031799
8 19  0.626574  0.954787
8 20  0.621648  0.901533
8 21  0.633747  0.914003
8 22  0.620925  1.285502
8 23  0.652666  0.967094
8 24  0.633058  1.165132
8 25  0.685102  1.149534
8 26  0.669036  1.259367
8 27  0.656662  0.948580
8 28  0.667690  1.225435
8 29  0.651937  1.016704
8 30  0.480969  1.144480
9 10  0.646953  0.984523
9 11  0.596392  0.766675
9 12  0.606480  0.733624
9 13  0.649026  1.029790
9 14  0.639988  1.170797
9 15  0.649758  1.068997
9 16  0.617733  0.892191
9 17  0.626788  0.867054
9 18  0.617476  0.813330
9 19  0.594644  0.724594
9 20  0.599391  0.676933
9 21  0.611401  0.689835
9 22  0.639328  1.146693
9 23  0.601390  0.715127
9 24  0.655701  0.954534
9 25  0.662865  0.926103
9 26  0.653526  1.044564
9 27  0.390201  0.497440
9 28  0.649957  1.006438
9 29  0.592879  0.760860
9 30  0.651137  1.033225
10 11  0.643659  1.040582
10 12  0.644500  1.007244
10 13  0.650351  1.226741
10 14  0.636507  1.400279
10 15  0.622354  1.301173
10 16  0.612306  1.141661
10 17  0.636932  1.117275
10 18  0.627702  1.064871
10 19  0.617734  0.985739
10 20  0.613180  0.932628
10 21  0.625202  0.945095
10 22  0.619780  1.333169
10 23  0.644155  0.998159
10 24  0.664949  1.204811
10 25  0.674247  1.177380
10 26  0.438883  1.187898
10 27  0.648153  0.979612
10 28  0.624817  1.235087
10 29  0.643565  1.047435
10 30  0.659005  1.274431
11 12  0.603524  0.781515
11 13  0.645843  1.083911
11 14  0.636670  1.210203
11 15  0.645449  1.103582
11 16  0.614740  0.945092
11 17  0.623293  0.921327
11 18  0.614148  0.867682
11 19  0.598113  0.776758
11 20  0.595848  0.731947
11 21  0.608185  0.742548
11 22  0.635871  1.200253
11 23  0.595790  0.770446
11 24  0.652201  1.008693
11 25  0.647748  0.971278
11 26  0.650377  1.098621
11 27  0.594065  0.747381
11 28  0.645451  1.060427
11 29  0.402713  0.670547
11 30  0.647524  1.087201
12 13  0.646591  1.051774
12 14  0.637546  1.187954
12 15  0.647248  1.087825
12 16  0.615275  0.914907
12 17  0.624264  0.889799
12 18  0.614981  0.836104
12 19  0.598786  0.750019
12 20  0.579277  0.681860
12 21  0.580054  0.686032
12 22  0.636911  1.169193
12 23  0.419080  0.585492
12 24  0.653141  0.977264
12 25  0.658796  0.945992
12 26  0.651114  1.067307
12 27  0.602131  0.718021
12 28  0.647315  1.029180
12 29  0.596899  0.790947
12 30  0.648587  1.055883
13 14  0.629501  1.374128
13 15  0.656885  1.355625
13 16  0.628971  1.186789
13 17  0.629783  1.139338
13 18  0.604757  1.095874
13 19  0.620003  1.030404
13 20  0.615263  0.977341
13 21  0.627331  0.989792
13 22  0.630139  1.430861
13 23  0.646292  1.042837
13 24  0.480033  1.141883
13 25  0.678380  1.224134
13 26  0.661689  1.336549
13 27  0.650243  1.024349
13 28  0.659883  1.292793
13 29  0.645727  1.092438
13 30  0.621369  1.269474
14 15  0.631113  1.399616
14 16  0.616916  1.319591
14 17  0.624259  1.294822
14 18  0.615222  1.235880
14 19  0.610913  1.170764
14 20  0.606097  1.117920
14 21  0.618229  1.130405
14 22  0.534906  1.564034
14 23  0.637291  1.183260
14 24  0.622429  1.308916
14 25  0.665579  1.355341
14 26  0.639201  1.458178
14 27  0.641142  1.164951
14 28  0.623757  1.377743
14 29  0.636551  1.232174
14 30  0.632506  1.456688
15 16  0.626105  1.198597
15 17  0.638684  1.199078
15 18  0.630446  1.144935
15 19  0.620798  1.066658
15 20  0.615673  1.014300
15 21  0.628044  1.026840
15 22  0.635752  1.459166
15 23  0.647009  1.079915
15 24  0.665752  1.282434
15 25  0.664707  1.255411
15 26  0.625967  1.302543
15 27  0.650926  1.061439
15 28  0.438147  1.234066
15 29  0.645215  1.129155
15 30  0.660186  1.361364
16 17  0.608224  1.021426
16 18  0.598683  0.955450
16 19  0.585036  0.875851
16 20  0.584381  0.837329
16 21  0.596442  0.848282
16 22  0.618698  1.269100
16 23  0.615246  0.899077
16 24  0.635315  1.084874
16 25  0.620837  1.062586
16 26  0.606877  1.099064
16 27  0.619289  0.882487
16 28  0.626688  1.152057
16 29  0.613052  0.948027
16 30  0.631712  1.186932
17 18  0.561504  0.912789
17 19  0.598010  0.865338
17 20  0.593016  0.811339
17 21  0.605099  0.824430
17 22  0.626873  1.256504
17 23  0.624080  0.877558
17 24  0.638142  1.062801
17 25  0.656089  1.043563
17 26  0.642281  1.172320
17 27  0.628011  0.859079
17 28  0.637756  1.101508
17 29  0.623503  0.923834
17 30  0.613189  1.075465
18 19  0.588711  0.809685
18 20  0.583716  0.758225
18 21  0.595797  0.770513
18 22  0.615790  1.215332
18 23  0.614777  0.823921
18 24  0.611224  0.968731
18 25  0.646867  0.997516
18 26  0.631904  1.097069
18 27  0.618711  0.805094
18 28  0.628231  1.064073
18 29  0.614215  0.873827
18 30  0.626528  1.104997
19 20  0.572337  0.676095
19 21  0.583901  0.686524
19 22  0.610477  1.140850
19 23  0.599191  0.736047
19 24  0.626863  0.949260
19 25  0.607484  0.900379
19 26  0.624669  1.033670
19 27  0.588066  0.699619
19 28  0.620064  1.002384
19 29  0.599535  0.791195
19 30  0.622310  1.031556
20 21  0.536394  0.598490
20 22  0.605566  1.091068
20 23  0.586403  0.679384
20 24  0.621918  0.898913
20 25  0.630817  0.868719
20 26  0.619795  0.989906
20 27  0.590375  0.656820
20 28  0.616133  0.949153
20 29  0.591558  0.729579
20 30  0.617344  0.976858
21 22  0.617681  1.104402
21 23  0.587798  0.678070
21 24  0.634014  0.911335
21 25  0.643552  0.884525
21 26  0.631892  1.001279
21 27  0.607530  0.673795
21 28  0.628314  0.963505
21 29  0.606308  0.749118
21 30  0.629439  0.990633
22 23  0.636658  1.152936
22 24  0.639746  1.351587
22 25  0.667018  1.329344
22 26  0.635159  1.359157
22 27  0.640573  1.138862
22 28  0.639368  1.388919
22 29  0.635699  1.189523
22 30  0.632432  1.352098
23 24  0.652999  0.965189
23 25  0.661663  0.938519
23 26  0.650844  1.051517
23 27  0.607241  0.714742
23 28  0.647205  1.016274
23 29  0.604979  0.778069
23 30  0.648430  1.042912
24 25  0.683103  1.120543
24 26  0.662949  1.216418
24 27  0.656925  0.945851
24 28  0.651656  1.160959
24 29  0.652352  1.014121
24 30  0.629379  1.222063
25 26  0.680868  1.231011
25 27  0.662891  0.913886
25 28  0.661649  1.122295
25 29  0.648178  0.961838
25 30  0.678978  1.197141
26 27  0.654793  1.035827
26 28  0.627337  1.295168
26 29  0.649895  1.098300
26 30  0.662022  1.333418
27 28  0.651154  0.997865
27 29  0.597233  0.762454
27 30  0.652350  1.025291
28 29  0.645480  1.053802
28 30  0.655188  1.237978
29 30  0.647756  1.084205
