  -1146.54820401
  -1146.91213630    -1146.78329916
0.00010350473324
2 2 2 2 2 2 2 2 2 2 2 2 2 2 2 0 0 0 0 0 0 0 0 0 0 0 0 0 0 0 
1  0.278387  0.567199
2  0.278035  0.567116
3  0.273790  0.398922
4  0.276894  0.326356
5  0.282624  0.330227
6  0.273466  0.399682
7  0.282126  0.330503
8  0.276925  0.327188
9  0.305946  0.545811
10  0.306272  0.545177
11  0.300365  0.428074
12  0.300412  0.427087
13  0.306455  0.652248
14  0.305270  0.736405
15  0.304940  0.736447
16  0.272750  0.506957
17  0.272653  0.507353
18  0.275061  0.376031
19  0.283385  0.355678
20  0.282764  0.322485
21  0.274831  0.376921
22  0.282502  0.322801
23  0.283349  0.356328
24  0.307244  0.625097
25  0.306446  0.459967
26  0.305282  0.732776
27  0.318287  0.606892
28  0.318361  0.607783
29  0.306509  0.458496
30  0.304967  0.731063
1 2  0.555852  1.129414
1 3  0.547479  0.936460
1 4  0.555184  0.892747
1 5  0.560778  0.891454
1 6  0.551824  0.966044
1 7  0.560507  0.896965
1 8  0.555292  0.891764
1 9  0.583647  1.089398
1 10  0.561984  1.081748
1 11  0.578699  0.990487
1 12  0.577112  0.980949
1 13  0.579676  1.179248
1 14  0.562335  1.197521
1 15  0.580799  1.289264
1 16  0.272093  0.891259
1 17  0.550795  1.070663
1 18  0.549256  0.941981
1 19  0.561420  0.921148
1 20  0.560367  0.889243
1 21  0.553110  0.943622
1 22  0.560841  0.889872
1 23  0.561513  0.923174
1 24  0.578954  1.187061
1 25  0.584335  1.026181
1 26  0.577037  1.294716
1 27  0.564081  1.122336
1 28  0.595367  1.171553
1 29  0.584596  1.022228
1 30  0.573040  1.258367
2 3  0.551795  0.965216
2 4  0.554908  0.890915
2 5  0.560652  0.896639
2 6  0.546825  0.937016
2 7  0.559926  0.891606
2 8  0.554864  0.893497
2 9  0.561359  1.082228
2 10  0.583608  1.088863
2 11  0.576723  0.981815
2 12  0.578392  0.989442
2 13  0.579288  1.178767
2 14  0.580782  1.289270
2 15  0.561692  1.197867
2 16  0.550544  1.070182
2 17  0.271158  0.891304
2 18  0.552986  0.942656
2 19  0.561211  0.922449
2 20  0.560753  0.889477
2 21  0.548738  0.942801
2 22  0.559773  0.889474
2 23  0.561040  0.921703
2 24  0.578772  1.186973
2 25  0.584179  1.023603
2 26  0.572992  1.260081
2 27  0.595001  1.170590
2 28  0.563929  1.122994
2 29  0.584070  1.024639
2 30  0.576541  1.292962
3 4  0.545986  0.719165
3 5  0.549956  0.716381
3 6  0.547242  0.798223
3 7  0.555917  0.729335
3 8  0.550715  0.725533
3 9  0.579714  0.939975
3 10  0.551835  0.916761
3 11  0.574151  0.825324
3 12  0.554020  0.804493
3 13  0.579788  1.042192
3 14  0.578655  1.111818
3 15  0.578565  1.130729
3 16  0.540702  0.904340
3 17  0.546366  0.905695
3 18  0.269042  0.541350
3 19  0.556153  0.750897
3 20  0.553574  0.719773
3 21  0.548615  0.775671
3 22  0.556283  0.721693
3 23  0.557107  0.755161
3 24  0.580597  1.023005
3 25  0.580173  0.858586
3 26  0.578590  1.129883
3 27  0.561394  0.973829
3 28  0.591902  1.005765
3 29  0.550581  0.823209
3 30  0.578357  1.127389
4 5  0.512768  0.618789
4 6  0.550359  0.725474
4 7  0.559020  0.656708
4 8  0.553819  0.653469
4 9  0.582835  0.870854
4 10  0.578512  0.857632
4 11  0.577258  0.754325
4 12  0.549776  0.731569
4 13  0.583109  0.973620
4 14  0.581969  1.062238
4 15  0.581666  1.059507
4 16  0.549451  0.832780
4 17  0.549515  0.833559
4 18  0.550600  0.699569
4 19  0.280788  0.432774
4 20  0.509632  0.604202
4 21  0.551721  0.703236
4 22  0.559396  0.649149
4 23  0.560243  0.682668
4 24  0.584119  0.951265
4 25  0.583338  0.786265
4 26  0.582123  1.058779
4 27  0.593847  0.932959
4 28  0.595254  0.934003
4 29  0.544011  0.748846
4 30  0.581157  1.057055
5 6  0.556090  0.729824
5 7  0.564750  0.660643
5 8  0.559549  0.657263
5 9  0.588567  0.874484
5 10  0.586408  0.868838
5 11  0.582988  0.758192
5 12  0.552536  0.733678
5 13  0.589022  0.978924
5 14  0.587859  1.063706
5 15  0.587533  1.066362
5 16  0.554577  0.836973
5 17  0.555274  0.837469
5 18  0.553238  0.703788
5 19  0.511243  0.634870
5 20  0.282122  0.392865
5 21  0.557453  0.707119
5 22  0.565125  0.653022
5 23  0.565971  0.686537
5 24  0.589851  0.955118
5 25  0.589065  0.790136
5 26  0.587823  1.062649
5 27  0.600068  0.936051
5 28  0.600971  0.937851
5 29  0.551938  0.754460
5 30  0.587337  1.061036
6 7  0.549155  0.717354
6 8  0.545769  0.720825
6 9  0.551197  0.918106
6 10  0.579715  0.940112
6 11  0.553616  0.806140
6 12  0.573873  0.825100
6 13  0.579465  1.042748
6 14  0.578574  1.131488
6 15  0.578002  1.112583
6 16  0.546142  0.906050
6 17  0.540373  0.905533
6 18  0.548520  0.775541
6 19  0.556819  0.755270
6 20  0.556220  0.722137
6 21  0.268109  0.543019
6 22  0.553079  0.720944
6 23  0.555788  0.752244
6 24  0.580298  1.023761
6 25  0.550416  0.825434
6 26  0.578342  1.129863
6 27  0.591515  1.005616
6 28  0.561179  0.975314
6 29  0.579914  0.857874
6 30  0.577969  1.128896
7 8  0.512372  0.619976
7 9  0.585588  0.869598
7 10  0.588396  0.874110
7 11  0.552055  0.735035
7 12  0.582538  0.757484
7 13  0.588523  0.979096
7 14  0.587364  1.066578
7 15  0.587031  1.064055
7 16  0.554875  0.837346
7 17  0.554029  0.837654
7 18  0.557186  0.706505
7 19  0.565509  0.686163
7 20  0.564890  0.652982
7 21  0.552612  0.705025
7 22  0.281138  0.393382
7 23  0.510934  0.635988
7 24  0.589357  0.955392
7 25  0.551479  0.756179
7 26  0.587148  1.063014
7 27  0.600401  0.937233
7 28  0.599675  0.937239
7 29  0.588631  0.788940
7 30  0.587014  1.061208
8 9  0.578208  0.858932
8 10  0.583192  0.871031
8 11  0.549694  0.733286
8 12  0.577337  0.754167
8 13  0.583139  0.974382
8 14  0.582026  1.060200
8 15  0.581667  1.063091
8 16  0.549641  0.833992
8 17  0.549390  0.834000
8 18  0.551982  0.703178
8 19  0.560310  0.682850
8 20  0.559689  0.649666
8 21  0.550436  0.701273
8 22  0.509239  0.605150
8 23  0.280598  0.434615
8 24  0.584147  0.952096
8 25  0.543905  0.751184
8 26  0.581477  1.059588
8 27  0.595212  0.933941
8 28  0.593880  0.934660
8 29  0.583432  0.785625
8 30  0.581839  1.057900
9 10  0.611809  1.071023
9 11  0.593678  0.963772
9 12  0.606350  0.972282
9 13  0.604206  1.131231
9 14  0.607791  1.258518
9 15  0.606817  1.277387
9 16  0.578469  1.050942
9 17  0.556149  1.030007
9 18  0.580909  0.921336
9 19  0.589282  0.901296
9 20  0.588705  0.868213
9 21  0.545396  0.885607
9 22  0.587666  0.868149
9 23  0.587168  0.901077
9 24  0.612764  1.168416
9 25  0.593152  0.979539
9 26  0.595086  1.250354
9 27  0.624106  1.150616
9 28  0.392458  1.029363
9 29  0.612291  1.003575
9 30  0.608800  1.267390
10 11  0.606628  0.972633
10 12  0.594028  0.962110
10 13  0.604434  1.130523
10 14  0.607514  1.276678
10 15  0.607777  1.258208
10 16  0.556548  1.029065
10 17  0.578707  1.050717
10 18  0.545885  0.884039
10 19  0.587533  0.899798
10 20  0.588247  0.867212
10 21  0.581007  0.921594
10 22  0.588768  0.867892
10 23  0.589567  0.901311
10 24  0.613065  1.167814
10 25  0.612546  1.004421
10 26  0.609377  1.268279
10 27  0.392729  1.027507
10 28  0.624500  1.150883
10 29  0.593623  0.977627
10 30  0.595208  1.248218
11 12  0.600774  0.853316
11 13  0.606352  1.078533
11 14  0.605204  1.148631
11 15  0.604401  1.141259
11 16  0.572863  0.934489
11 17  0.571971  0.933314
11 18  0.575422  0.803943
11 19  0.583741  0.783674
11 20  0.583124  0.750524
11 21  0.550095  0.779898
11 22  0.542806  0.712288
11 23  0.547678  0.751735
11 24  0.607225  1.052191
11 25  0.380363  0.725695
11 26  0.605069  1.159508
11 27  0.618526  1.034250
11 28  0.596065  1.007400
11 29  0.606867  0.886321
11 30  0.605307  1.157930
12 13  0.606401  1.077512
12 14  0.604773  1.140264
12 15  0.604916  1.147621
12 16  0.572095  0.931920
12 17  0.572818  0.933906
12 18  0.550325  0.778080
12 19  0.547975  0.750390
12 20  0.542970  0.710946
12 21  0.575240  0.803846
12 22  0.582909  0.749852
12 23  0.583752  0.783336
12 24  0.607263  1.051208
12 25  0.606851  0.886804
12 26  0.605667  1.158665
12 27  0.596070  1.005606
12 28  0.618643  1.034167
12 29  0.380933  0.723111
12 30  0.604814  1.156841
13 14  0.579747  1.358780
13 15  0.579579  1.358566
13 16  0.578188  1.155193
13 17  0.578105  1.155615
13 18  0.580972  1.026383
13 19  0.589480  1.007511
13 20  0.589151  0.974540
13 21  0.580736  1.027256
13 22  0.588889  0.974850
13 23  0.589426  1.008150
13 24  0.570727  1.268157
13 25  0.611990  1.110121
13 26  0.525092  1.281806
13 27  0.621809  1.255543
13 28  0.621900  1.256432
13 29  0.612098  1.108674
13 30  0.523174  1.280117
14 15  0.581309  1.380540
14 16  0.552813  1.219522
14 17  0.575227  1.225709
14 18  0.580094  1.111021
14 19  0.588298  1.091153
14 20  0.587843  1.058344
14 21  0.579987  1.112399
14 22  0.587680  1.058973
14 23  0.588242  1.092069
14 24  0.526023  1.258360
14 25  0.611111  1.194326
14 26  0.576813  1.459911
14 27  0.614774  1.307951
14 28  0.620152  1.338158
14 29  0.611491  1.193151
14 30  0.547320  1.421021
15 16  0.575000  1.225337
15 17  0.552501  1.219838
15 18  0.579888  1.111570
15 19  0.587972  1.091470
15 20  0.587615  1.058702
15 21  0.579537  1.111921
15 22  0.587248  1.058707
15 23  0.587927  1.091837
15 24  0.526482  1.257910
15 25  0.611099  1.194631
15 26  0.546662  1.423227
15 27  0.619804  1.337295
15 28  0.614389  1.308782
15 29  0.610876  1.192924
15 30  0.576531  1.458213
16 17  0.544494  1.002646
16 18  0.543173  0.865077
16 19  0.555880  0.861687
16 20  0.555308  0.826195
16 21  0.547570  0.883478
16 22  0.555241  0.828209
16 23  0.556070  0.859075
16 24  0.565684  1.069840
16 25  0.579108  0.960796
16 26  0.571828  1.194056
16 27  0.565886  1.083936
16 28  0.590094  1.082193
16 29  0.577672  0.961791
16 30  0.569929  1.230955
17 18  0.547702  0.882987
17 19  0.556007  0.858826
17 20  0.555405  0.828286
17 21  0.542857  0.866226
17 22  0.554944  0.826862
17 23  0.555747  0.862737
17 24  0.565602  1.070680
17 25  0.577507  0.963565
17 26  0.570080  1.232876
17 27  0.589920  1.081709
17 28  0.565917  1.085362
17 29  0.579071  0.959725
17 30  0.571425  1.192506
18 19  0.553295  0.727314
18 20  0.551055  0.689334
18 21  0.549886  0.752336
18 22  0.557563  0.698693
18 23  0.558409  0.731463
18 24  0.582224  0.996597
18 25  0.581504  0.833548
18 26  0.580083  1.093405
18 27  0.567716  0.969862
18 28  0.593406  0.978756
18 29  0.559119  0.811729
18 30  0.577861  1.096639
19 20  0.518381  0.639759
19 21  0.558215  0.731695
19 22  0.565886  0.678375
19 23  0.566734  0.711973
19 24  0.590551  0.976602
19 25  0.589831  0.815292
19 26  0.588652  1.086912
19 27  0.596183  0.939183
19 28  0.601740  0.962723
19 29  0.559978  0.780429
19 30  0.588050  1.074730
20 21  0.557595  0.699264
20 22  0.565266  0.645192
20 23  0.566113  0.678712
20 24  0.589970  0.944264
20 25  0.589210  0.782403
20 26  0.588040  1.054767
20 27  0.596676  0.919535
20 28  0.601121  0.929144
20 29  0.560755  0.764489
20 30  0.587659  1.052326
21 22  0.550567  0.690491
21 23  0.553019  0.728835
21 24  0.581995  0.997540
21 25  0.558816  0.813950
21 26  0.577945  1.098989
21 27  0.593102  0.978716
21 28  0.567540  0.971705
21 29  0.581338  0.832958
21 30  0.579541  1.092479
22 23  0.518129  0.640807
22 24  0.589707  0.944572
22 25  0.560513  0.766372
22 26  0.587713  1.054386
22 27  0.600785  0.928548
22 28  0.596504  0.920739
22 29  0.589011  0.781244
22 30  0.587462  1.053338
23 24  0.590516  0.977213
23 25  0.559874  0.782581
23 26  0.588335  1.077083
23 27  0.601630  0.962472
23 28  0.596229  0.940578
23 29  0.589858  0.814477
23 30  0.588301  1.085888
24 25  0.613554  1.082528
24 26  0.579925  1.325990
24 27  0.621169  1.182888
24 28  0.621267  1.183660
24 29  0.613616  1.081101
24 30  0.579592  1.324347
25 26  0.609841  1.152384
25 27  0.624724  1.065477
25 28  0.610995  1.037683
25 29  0.612955  0.915848
25 30  0.611315  1.176716
26 27  0.621828  1.332351
26 28  0.611902  1.267885
26 29  0.611691  1.176907
26 30  0.582655  1.376966
27 28  0.636317  1.201835
27 29  0.611030  1.035541
27 30  0.611522  1.265111
28 29  0.624861  1.064919
28 30  0.621578  1.331585
29 30  0.609585  1.149664
