  -1146.54820401
  -1146.91369638    -1146.78719534
0.00003243065082
2 2 2 2 2 2 2 2 2 2 2 2 2 2 2 0 0 0 0 0 0 0 0 0 0 0 0 0 0 0 
1  0.282643  0.571807
2  0.282075  0.571555
3  0.276237  0.407177
4  0.278145  0.332096
5  0.283935  0.335071
6  0.275962  0.407469
7  0.283516  0.334662
8  0.278195  0.332259
9  0.310465  0.554371
10  0.310485  0.554600
11  0.302893  0.437251
12  0.302833  0.436936
13  0.310772  0.650428
14  0.310008  0.731922
15  0.309646  0.732304
16  0.276839  0.513662
17  0.276551  0.513737
18  0.277648  0.384532
19  0.284656  0.362167
20  0.284131  0.326639
21  0.277353  0.384503
22  0.283984  0.326604
23  0.284717  0.362388
24  0.311032  0.621154
25  0.308878  0.468493
26  0.310207  0.729409
27  0.322757  0.613583
28  0.322958  0.614415
29  0.308859  0.468037
30  0.309810  0.727852
1 2  0.564121  1.138342
1 3  0.554014  0.948155
1 4  0.560688  0.903063
1 5  0.566359  0.900286
1 6  0.558574  0.978415
1 7  0.566147  0.905650
1 8  0.560807  0.900831
1 9  0.592313  1.101174
1 10  0.570164  1.095472
1 11  0.585470  1.003497
1 12  0.583626  0.994414
1 13  0.588115  1.182876
1 14  0.570614  1.198170
1 15  0.589647  1.290025
1 16  0.279298  0.902181
1 17  0.558950  1.081344
1 18  0.555912  0.955106
1 19  0.566916  0.932076
1 20  0.565851  0.897983
1 21  0.559867  0.955778
1 22  0.566566  0.898272
1 23  0.567063  0.933812
1 24  0.586840  1.187965
1 25  0.590922  1.039303
1 26  0.586045  1.296225
1 27  0.572709  1.135412
1 28  0.604120  1.182909
1 29  0.591156  1.036401
1 30  0.582152  1.261961
2 3  0.558280  0.977877
2 4  0.560190  0.900446
2 5  0.565998  0.905833
2 6  0.553183  0.948150
2 7  0.565373  0.899662
2 8  0.560169  0.902996
2 9  0.569606  1.095003
2 10  0.591766  1.101140
2 11  0.583130  0.994447
2 12  0.584843  1.002949
2 13  0.587538  1.182178
2 14  0.589452  1.289519
2 15  0.569755  1.198582
2 16  0.558678  1.081028
2 17  0.278129  0.901645
2 18  0.559595  0.955557
2 19  0.566447  0.933340
2 20  0.566149  0.898056
2 21  0.555122  0.954848
2 22  0.565175  0.897696
2 23  0.566418  0.932035
2 24  0.586443  1.187689
2 25  0.590608  1.036597
2 26  0.581951  1.263287
2 27  0.603415  1.181831
2 28  0.572494  1.135892
2 29  0.590358  1.038596
2 30  0.585241  1.294438
3 4  0.549577  0.732867
3 5  0.553590  0.728716
3 6  0.552185  0.814233
3 7  0.559753  0.741726
3 8  0.554431  0.738627
3 9  0.586681  0.956027
3 10  0.558487  0.933961
3 11  0.579125  0.842330
3 12  0.558694  0.822167
3 13  0.586551  1.048093
3 14  0.585817  1.114706
3 15  0.585707  1.134604
3 16  0.547087  0.919353
3 17  0.552682  0.920289
3 18  0.273359  0.558636
3 19  0.559836  0.765582
3 20  0.557310  0.732245
3 21  0.553586  0.791486
3 22  0.560205  0.733747
3 23  0.560908  0.769461
3 24  0.586808  1.027351
3 25  0.585027  0.875330
3 26  0.585826  1.134806
3 27  0.568300  0.989177
3 28  0.598870  1.020616
3 29  0.555319  0.841660
3 30  0.585600  1.132308
4 5  0.515358  0.630144
4 6  0.554106  0.738764
4 7  0.561661  0.666527
4 8  0.556340  0.664251
4 9  0.588601  0.884827
4 10  0.583835  0.871601
4 11  0.581038  0.769196
4 12  0.553430  0.747068
4 13  0.588643  0.976823
4 14  0.587933  1.063406
4 15  0.587581  1.060433
4 16  0.554772  0.845152
4 17  0.554626  0.845666
4 18  0.554395  0.713764
4 19  0.282990  0.445890
4 20  0.512353  0.614993
4 21  0.555487  0.716551
4 22  0.562129  0.658691
4 23  0.562861  0.694465
4 24  0.589148  0.953041
4 25  0.587019  0.800518
4 26  0.588286  1.061129
4 27  0.599523  0.945381
4 28  0.601101  0.946355
4 29  0.547592  0.764798
4 30  0.587150  1.059562
5 6  0.559897  0.742432
5 7  0.567451  0.669613
5 8  0.562130  0.667098
5 9  0.594395  0.887492
5 10  0.591819  0.882522
5 11  0.586828  0.772159
5 12  0.556306  0.748493
5 13  0.594641  0.981522
5 14  0.593907  1.063674
5 15  0.593532  1.067044
5 16  0.559811  0.848494
5 17  0.560486  0.848686
5 18  0.557004  0.717162
5 19  0.513937  0.647218
5 20  0.284535  0.402604
5 21  0.561284  0.719539
5 22  0.567919  0.661667
5 23  0.568649  0.697437
5 24  0.594937  0.956011
5 25  0.592805  0.803493
5 26  0.594044  1.064108
5 27  0.605805  0.947517
5 28  0.606877  0.949304
5 29  0.555601  0.769351
5 30  0.593465  1.062638
6 7  0.552918  0.728632
6 8  0.549396  0.733415
6 9  0.558220  0.934073
6 10  0.586427  0.956538
6 11  0.558435  0.822626
6 12  0.578790  0.842297
6 13  0.586280  1.048252
6 14  0.585793  1.134502
6 15  0.585175  1.115263
6 16  0.552695  0.920501
6 17  0.546607  0.919745
6 18  0.553606  0.791805
6 19  0.560573  0.769531
6 20  0.560077  0.734073
6 21  0.272475  0.558666
6 22  0.556941  0.732542
6 23  0.559618  0.766075
6 24  0.586552  1.027630
6 25  0.555292  0.842534
6 26  0.585719  1.134169
6 27  0.598398  1.020074
6 28  0.568281  0.990219
6 29  0.584736  0.875165
6 30  0.585173  1.133527
7 8  0.515042  0.629931
7 9  0.591359  0.881771
7 10  0.593997  0.887297
7 11  0.556033  0.748570
7 12  0.586349  0.771439
7 13  0.594219  0.981033
7 14  0.593474  1.066244
7 15  0.593124  1.063719
7 16  0.560354  0.848200
7 17  0.559152  0.848168
7 18  0.561161  0.719159
7 19  0.568169  0.696807
7 20  0.567646  0.661293
7 21  0.556417  0.716805
7 22  0.283656  0.401922
7 23  0.513764  0.647277
7 24  0.594522  0.955600
7 25  0.555305  0.769417
7 26  0.593439  1.063781
7 27  0.606260  0.948063
7 28  0.605612  0.947972
7 29  0.592368  0.802628
7 30  0.593231  1.062143
8 9  0.583863  0.871533
8 10  0.588672  0.885222
8 11  0.553472  0.747428
8 12  0.581027  0.769039
8 13  0.588691  0.977017
8 14  0.587992  1.060138
8 15  0.587618  1.063920
8 16  0.554957  0.845753
8 17  0.554544  0.845382
8 18  0.555831  0.716742
8 19  0.562850  0.694407
8 20  0.562325  0.658889
8 21  0.554177  0.713905
8 22  0.512095  0.614926
8 23  0.282988  0.446338
8 24  0.589193  0.953201
8 25  0.547576  0.765486
8 26  0.587573  1.061275
8 27  0.600949  0.945685
8 28  0.599717  0.946360
8 29  0.587050  0.800224
8 30  0.587942  1.059736
9 10  0.620459  1.087190
9 11  0.600477  0.980894
9 12  0.613287  0.990621
9 13  0.612425  1.136289
9 14  0.616787  1.261891
9 15  0.615914  1.281973
9 16  0.587007  1.066231
9 17  0.564421  1.045576
9 18  0.587959  0.938385
9 19  0.595058  0.916323
9 20  0.594591  0.880916
9 21  0.552426  0.902298
9 22  0.593608  0.880477
9 23  0.592992  0.915674
9 24  0.621044  1.173242
9 25  0.599934  0.996564
9 26  0.604173  1.255982
9 27  0.633116  1.165872
9 28  0.400775  1.045603
9 29  0.619131  1.021601
9 30  0.618034  1.272291
10 11  0.613367  0.991161
10 12  0.600449  0.980770
10 13  0.612398  1.136140
10 14  0.616335  1.281797
10 15  0.616467  1.262608
10 16  0.564714  1.045773
10 17  0.586754  1.066533
10 18  0.552618  0.902476
10 19  0.592983  0.915702
10 20  0.593771  0.880752
10 21  0.587689  0.938582
10 22  0.594464  0.881109
10 23  0.595136  0.916772
10 24  0.621049  1.173490
10 25  0.619163  1.022286
10 26  0.618396  1.273895
10 27  0.400754  1.045007
10 28  0.633327  1.166930
10 29  0.600014  0.996437
10 30  0.603969  1.254812
11 12  0.605723  0.871752
11 13  0.613121  1.085677
11 14  0.612423  1.151546
11 15  0.611562  1.144461
11 16  0.579397  0.950378
11 17  0.578349  0.948818
11 18  0.580531  0.821593
11 19  0.587538  0.799327
11 20  0.587016  0.763850
11 21  0.555095  0.797303
11 22  0.546784  0.725956
11 23  0.551523  0.767689
11 24  0.613453  1.057367
11 25  0.384886  0.745056
11 26  0.612479  1.165361
11 27  0.625489  1.050099
11 28  0.602915  1.022832
11 29  0.611746  0.905001
11 30  0.612672  1.163870
12 13  0.613058  1.085305
12 14  0.611872  1.143910
12 15  0.612006  1.151613
12 16  0.578556  0.948416
12 17  0.579061  0.950137
12 18  0.555300  0.797011
12 19  0.551618  0.767362
12 20  0.546720  0.725505
12 21  0.580176  0.821249
12 22  0.586809  0.763500
12 23  0.587539  0.799232
12 24  0.613394  1.057055
12 25  0.611704  0.905141
12 26  0.613008  1.165108
12 27  0.602715  1.021694
12 28  0.625629  1.050615
12 29  0.385243  0.744500
12 30  0.612044  1.163504
13 14  0.588827  1.354102
13 15  0.588598  1.354094
13 16  0.586595  1.160352
13 17  0.586310  1.160479
13 18  0.587792  1.032935
13 19  0.595034  1.012145
13 20  0.594836  0.976849
13 21  0.587507  1.032900
13 22  0.594688  0.976809
13 23  0.595086  1.012360
13 24  0.578948  1.262834
13 25  0.618728  1.116596
13 26  0.533559  1.278896
13 27  0.630444  1.260746
13 28  0.630662  1.261579
13 29  0.618720  1.116164
13 30  0.531594  1.277559
14 15  0.590126  1.373923
14 16  0.561298  1.222029
14 17  0.583745  1.228111
14 18  0.587375  1.115075
14 19  0.594273  1.093069
14 20  0.593927  1.057966
14 21  0.587252  1.115468
14 22  0.593889  1.058280
14 23  0.594269  1.093623
14 24  0.534136  1.252471
14 25  0.618233  1.198428
14 26  0.586074  1.453154
14 27  0.623803  1.311338
14 28  0.629311  1.340409
14 29  0.618581  1.198236
14 30  0.556825  1.415573
15 16  0.583652  1.228428
15 17  0.560830  1.222339
15 18  0.587187  1.115884
15 19  0.593861  1.093787
15 20  0.593676  1.058698
15 21  0.586725  1.115411
15 22  0.593419  1.058311
15 23  0.593963  1.093670
15 24  0.534520  1.252642
15 25  0.618226  1.199059
15 26  0.556170  1.417912
15 27  0.628797  1.339922
15 28  0.623572  1.312398
15 29  0.617874  1.198356
15 30  0.585656  1.451976
16 17  0.552394  1.015504
16 18  0.549705  0.879196
16 19  0.561243  0.874836
16 20  0.560767  0.836690
16 21  0.554172  0.897734
16 22  0.560805  0.838475
16 23  0.561515  0.871040
16 24  0.572831  1.072226
16 25  0.585613  0.975316
16 26  0.580514  1.196847
16 27  0.574222  1.096806
16 28  0.598650  1.093784
16 29  0.584005  0.977555
16 30  0.578824  1.234463
17 18  0.554180  0.897840
17 19  0.561165  0.870909
17 20  0.560664  0.838589
17 21  0.549128  0.879219
17 22  0.560329  0.836714
17 23  0.561015  0.875135
17 24  0.572640  1.072677
17 25  0.583730  0.978049
17 26  0.578861  1.235933
17 27  0.598167  1.093122
17 28  0.574154  1.097810
17 29  0.585306  0.974954
17 30  0.579831  1.195194
18 19  0.557083  0.742184
18 20  0.554916  0.701560
18 21  0.554994  0.768344
18 22  0.561632  0.710961
18 23  0.562364  0.745740
18 24  0.588601  1.000915
18 25  0.586522  0.850048
18 26  0.587602  1.097409
18 27  0.574676  0.984740
18 28  0.600586  0.993151
18 29  0.563858  0.829227
18 30  0.585035  1.101068
19 20  0.521025  0.651110
19 21  0.562007  0.745492
19 22  0.568639  0.688618
19 23  0.569372  0.724515
19 24  0.595605  0.978807
19 25  0.593534  0.830198
19 26  0.594844  1.089889
19 27  0.601806  0.950821
19 28  0.607605  0.975686
19 29  0.563518  0.795771
19 30  0.594162  1.077013
20 21  0.561483  0.710967
20 22  0.568114  0.653108
20 23  0.568847  0.688874
20 24  0.595117  0.944089
20 25  0.593009  0.795063
20 26  0.594331  1.055441
20 27  0.602293  0.929645
20 28  0.607083  0.939613
20 29  0.564556  0.778532
20 30  0.593857  1.053279
21 22  0.554486  0.701494
21 23  0.556845  0.742370
21 24  0.588308  1.000943
21 25  0.563622  0.829678
21 26  0.585134  1.102472
21 27  0.600090  0.992306
21 28  0.574600  0.985570
21 29  0.586208  0.849568
21 30  0.586911  1.095854
22 23  0.520943  0.651328
22 24  0.594968  0.944044
22 25  0.564485  0.779001
22 26  0.594107  1.054815
22 27  0.606736  0.938743
22 28  0.602357  0.930450
22 29  0.592843  0.794571
22 30  0.593787  1.053834
23 24  0.595666  0.978980
23 25  0.563539  0.796395
23 26  0.594623  1.078766
23 27  0.607465  0.975070
23 28  0.602057  0.951773
23 29  0.593576  0.829964
23 30  0.594508  1.088585
24 25  0.619773  1.087188
24 26  0.588595  1.320097
24 27  0.629335  1.185860
24 28  0.629515  1.186434
24 29  0.619755  1.086782
24 30  0.588172  1.318626
25 26  0.617100  1.155583
25 27  0.631627  1.080590
25 28  0.617708  1.051924
25 29  0.617737  0.933230
25 30  0.618579  1.180943
26 27  0.631091  1.335937
26 28  0.620943  1.271319
26 29  0.618955  1.181900
26 30  0.591919  1.371939
27 28  0.645348  1.214044
27 29  0.617548  1.050801
27 30  0.620388  1.268912
28 29  0.631809  1.080964
28 30  0.630881  1.335244
29 30  0.616690  1.153830
