  -1146.54820401
  -1146.91397338    -1146.78785391
0.00001932017092
2 2 2 2 2 2 2 2 2 2 2 2 2 2 2 0 0 0 0 0 0 0 0 0 0 0 0 0 0 0 
1  0.283495  0.572349
2  0.282916  0.572157
3  0.276688  0.409031
4  0.278373  0.333415
5  0.284143  0.336272
6  0.276400  0.409416
7  0.283722  0.335936
8  0.278420  0.333654
9  0.311355  0.556311
10  0.311370  0.556386
11  0.303258  0.439669
12  0.303201  0.439201
13  0.311666  0.649589
14  0.310849  0.730578
15  0.310478  0.730908
16  0.277727  0.514655
17  0.277440  0.514781
18  0.278077  0.386399
19  0.284861  0.363709
20  0.284347  0.327623
21  0.277771  0.386477
22  0.284206  0.327644
23  0.284927  0.364010
24  0.311899  0.619803
25  0.309222  0.470784
26  0.311142  0.728236
27  0.323611  0.614891
28  0.323820  0.615843
29  0.309226  0.470189
30  0.310744  0.726740
1 2  0.565793  1.139476
1 3  0.555295  0.950288
1 4  0.561765  0.904907
1 5  0.567417  0.901882
1 6  0.559861  0.980898
1 7  0.567202  0.907433
1 8  0.561881  0.902608
1 9  0.594023  1.103410
1 10  0.571823  1.097720
1 11  0.586686  1.006295
1 12  0.584822  0.996999
1 13  0.589825  1.182790
1 14  0.572174  1.197636
1 15  0.591315  1.289262
1 16  0.280855  0.903580
1 17  0.560698  1.082901
1 18  0.557160  0.957529
1 19  0.567968  0.934137
1 20  0.566883  0.899506
1 21  0.561133  0.958276
1 22  0.567639  0.899850
1 23  0.568112  0.935967
1 24  0.588515  1.187174
1 25  0.592090  1.042129
1 26  0.587791  1.295680
1 27  0.574390  1.137618
1 28  0.605826  1.184916
1 29  0.592366  1.039112
1 30  0.583943  1.261871
2 3  0.559571  0.980327
2 4  0.561255  0.902212
2 5  0.567045  0.907603
2 6  0.554442  0.950423
2 7  0.566418  0.901383
2 8  0.561235  0.904977
2 9  0.571258  1.097453
2 10  0.593462  1.103288
2 11  0.584309  0.997234
2 12  0.586052  1.005666
2 13  0.589238  1.182130
2 14  0.591116  1.288874
2 15  0.571302  1.198084
2 16  0.560413  1.082597
2 17  0.279665  0.903171
2 18  0.560862  0.958009
2 19  0.567482  0.935476
2 20  0.567204  0.899638
2 21  0.556352  0.957439
2 22  0.566203  0.899338
2 23  0.567464  0.934236
2 24  0.588104  1.186962
2 25  0.591784  1.039509
2 26  0.583737  1.263186
2 27  0.605093  1.183778
2 28  0.574176  1.138279
2 29  0.591539  1.041344
2 30  0.586975  1.294009
3 4  0.550243  0.735978
3 5  0.554235  0.731598
3 6  0.553072  0.818024
3 7  0.560410  0.744845
3 8  0.555107  0.741810
3 9  0.588023  0.959650
3 10  0.559837  0.937490
3 11  0.579940  0.846496
3 12  0.559487  0.826196
3 13  0.587893  1.049029
3 14  0.587103  1.115032
3 15  0.586985  1.135010
3 16  0.548398  0.922221
3 17  0.554001  0.923181
3 18  0.274162  0.562599
3 19  0.560487  0.768970
3 20  0.557976  0.735089
3 21  0.554457  0.795308
3 22  0.560878  0.736639
3 23  0.561567  0.772931
3 24  0.588106  1.027846
3 25  0.585819  0.879463
3 26  0.587175  1.135496
3 27  0.569589  0.992415
3 28  0.600158  1.023890
3 29  0.556106  0.845801
3 30  0.586982  1.133026
4 5  0.515796  0.632847
4 6  0.554771  0.741965
4 7  0.562094  0.669096
4 8  0.556792  0.666955
4 9  0.589717  0.888004
4 10  0.584923  0.874444
4 11  0.581630  0.772920
4 12  0.554021  0.750655
4 13  0.589760  0.977149
4 14  0.588999  1.063362
4 15  0.588633  1.060214
4 16  0.555884  0.847446
4 17  0.555726  0.848024
4 18  0.555048  0.716938
4 19  0.283390  0.449024
4 20  0.512814  0.617489
4 21  0.556128  0.719844
4 22  0.562578  0.661051
4 23  0.563298  0.697405
4 24  0.590244  0.953002
4 25  0.587587  0.804126
4 26  0.589447  1.061266
4 27  0.600591  0.948013
4 28  0.602191  0.949096
4 29  0.548188  0.768395
4 30  0.588295  1.059767
5 6  0.560543  0.745572
5 7  0.567865  0.672079
5 8  0.562563  0.669670
5 9  0.595493  0.890533
5 10  0.592886  0.885376
5 11  0.587401  0.775765
5 12  0.556892  0.752003
5 13  0.595741  0.981789
5 14  0.594956  1.063438
5 15  0.594568  1.066837
5 16  0.560876  0.850681
5 17  0.561582  0.850928
5 18  0.557638  0.720244
5 19  0.514372  0.650156
5 20  0.284973  0.405070
5 21  0.561909  0.722713
5 22  0.568349  0.663909
5 23  0.569065  0.700259
5 24  0.596006  0.955856
5 25  0.593353  0.806983
5 26  0.595184  1.064130
5 27  0.606859  0.950004
5 28  0.607944  0.951927
5 29  0.556177  0.772801
5 30  0.594601  1.062717
6 7  0.553547  0.731671
6 8  0.550050  0.736695
6 9  0.559564  0.937849
6 10  0.587749  0.960101
6 11  0.559207  0.826886
6 12  0.579595  0.846404
6 13  0.587609  1.049275
6 14  0.587067  1.135051
6 15  0.586439  1.115620
6 16  0.554001  0.923435
6 17  0.547905  0.922758
6 18  0.554474  0.795614
6 19  0.561215  0.773014
6 20  0.560731  0.737003
6 21  0.273253  0.562834
6 22  0.557597  0.735535
6 23  0.560261  0.769638
6 24  0.587837  1.028217
6 25  0.556045  0.846911
6 26  0.587089  1.134917
6 27  0.599671  1.023319
6 28  0.569567  0.993668
6 29  0.585539  0.879252
6 30  0.586511  1.134371
7 8  0.515467  0.632795
7 9  0.592433  0.884843
7 10  0.595087  0.890253
7 11  0.556619  0.752312
7 12  0.586923  0.774966
7 13  0.595318  0.981363
7 14  0.594515  1.066162
7 15  0.594163  1.063501
7 16  0.561448  0.850464
7 17  0.560215  0.850478
7 18  0.561794  0.722299
7 19  0.568578  0.699622
7 20  0.568069  0.663551
7 21  0.557041  0.720068
7 22  0.284100  0.404528
7 23  0.514198  0.650373
7 24  0.595589  0.955517
7 25  0.555854  0.773068
7 26  0.594574  1.063872
7 27  0.607316  0.950639
7 28  0.606672  0.950652
7 29  0.592937  0.806052
7 30  0.594370  1.062298
8 9  0.584952  0.874588
8 10  0.589780  0.888318
8 11  0.554061  0.751249
8 12  0.581621  0.772686
8 13  0.589806  0.977412
8 14  0.589049  1.060041
8 15  0.588673  1.063898
8 16  0.556054  0.848135
8 17  0.555655  0.847801
8 18  0.556481  0.720004
8 19  0.563280  0.697342
8 20  0.562767  0.661267
8 21  0.554815  0.717257
8 22  0.512554  0.617561
8 23  0.283403  0.449639
8 24  0.590288  0.953238
8 25  0.548146  0.769300
8 26  0.588717  1.061495
8 27  0.602028  0.948382
8 28  0.600790  0.949187
8 29  0.587639  0.803769
8 30  0.589100  1.060009
9 10  0.622197  1.090568
9 11  0.601720  0.985141
9 12  0.614544  0.994809
9 13  0.614064  1.137113
9 14  0.618458  1.262417
9 15  0.617606  1.282546
9 16  0.588759  1.069176
9 17  0.566178  1.048700
9 18  0.589259  0.942194
9 19  0.596153  0.919799
9 20  0.595698  0.883838
9 21  0.553724  0.906273
9 22  0.594714  0.883447
9 23  0.594075  0.919240
9 24  0.622788  1.173884
9 25  0.601155  1.000739
9 26  0.605958  1.256710
9 27  0.634861  1.169120
9 28  0.402394  1.049342
9 29  0.620368  1.025679
9 30  0.619812  1.273070
10 11  0.614616  0.995347
10 12  0.601692  0.984717
10 13  0.614032  1.136846
10 14  0.618034  1.282266
10 15  0.618132  1.262952
10 16  0.566467  1.048692
10 17  0.588505  1.069372
10 18  0.553918  0.906196
10 19  0.594057  0.919032
10 20  0.594863  0.883510
10 21  0.588972  0.942343
10 22  0.595571  0.883933
10 23  0.596230  0.920174
10 24  0.622786  1.173980
10 25  0.620372  1.026344
10 26  0.620163  1.274476
10 27  0.402353  1.048445
10 28  0.635074  1.170143
10 29  0.601248  1.000325
10 30  0.605748  1.255451
11 12  0.606456  0.876277
11 13  0.614374  1.087219
11 14  0.613624  1.152284
11 15  0.612742  1.145106
11 16  0.580617  0.953794
11 17  0.579586  0.952260
11 18  0.581320  0.825874
11 19  0.588107  0.803282
11 20  0.587597  0.767251
11 21  0.555869  0.801802
11 22  0.547380  0.729530
11 23  0.552096  0.771870
11 24  0.614662  1.058406
11 25  0.385613  0.750308
11 26  0.613773  1.166614
11 27  0.626684  1.053812
11 28  0.604115  1.026550
11 29  0.612477  0.909559
11 30  0.613971  1.165169
12 13  0.614315  1.086698
12 14  0.613066  1.144479
12 15  0.613202  1.152169
12 16  0.579795  0.951656
12 17  0.580281  0.953451
12 18  0.556092  0.801246
12 19  0.552189  0.771301
12 20  0.547307  0.728866
12 21  0.580958  0.825483
12 22  0.587399  0.766804
12 23  0.588116  0.803115
12 24  0.614608  1.057943
12 25  0.612415  0.909686
12 26  0.614311  1.166194
12 27  0.603910  1.025156
12 28  0.626836  1.054297
12 29  0.385994  0.749421
12 30  0.613341  1.164666
13 14  0.590562  1.352282
13 15  0.590330  1.352229
13 16  0.588364  1.160576
13 17  0.588082  1.160760
13 18  0.589088  1.033944
13 19  0.596122  1.012843
13 20  0.595948  0.976994
13 21  0.588793  1.034018
13 22  0.595805  0.977011
13 23  0.596178  1.013137
13 24  0.580722  1.260715
13 25  0.619956  1.118002
13 26  0.535260  1.277416
13 27  0.632156  1.261278
13 28  0.632382  1.262231
13 29  0.619970  1.117438
13 30  0.533290  1.276118
14 15  0.591716  1.371616
14 16  0.562965  1.221693
14 17  0.585443  1.227987
14 18  0.588642  1.115604
14 19  0.595318  1.093247
14 20  0.594977  1.057595
14 21  0.588507  1.116085
14 22  0.594949  1.057973
14 23  0.595308  1.093897
14 24  0.535748  1.250340
14 25  0.619407  1.199380
14 26  0.587764  1.450835
14 27  0.625475  1.311531
14 28  0.630993  1.340535
14 29  0.619790  1.199055
14 30  0.558583  1.413631
15 16  0.585341  1.228209
15 17  0.562488  1.221996
15 18  0.588445  1.116343
15 19  0.594889  1.093929
15 20  0.594723  1.058282
15 21  0.587973  1.115992
15 22  0.594467  1.057944
15 23  0.595003  1.093874
15 24  0.536133  1.250476
15 25  0.619402  1.199965
15 26  0.557928  1.415851
15 27  0.630464  1.339880
15 28  0.625240  1.312652
15 29  0.619064  1.199119
15 30  0.587334  1.449667
16 17  0.554135  1.017501
16 18  0.550999  0.881844
16 19  0.562338  0.877362
16 20  0.561869  0.838599
16 21  0.555473  0.900696
16 22  0.561909  0.840457
16 23  0.562606  0.873445
16 24  0.574402  1.071880
16 25  0.586842  0.978437
16 26  0.582263  1.196727
16 27  0.575920  1.098999
16 28  0.600356  1.095919
16 29  0.585239  0.980600
16 30  0.580635  1.234361
17 18  0.555493  0.900746
17 19  0.562254  0.873294
17 20  0.561764  0.840566
17 21  0.550412  0.882014
17 22  0.561439  0.838726
17 23  0.562115  0.877791
17 24  0.574205  1.072364
17 25  0.584941  0.981281
17 26  0.580677  1.235824
17 27  0.599865  1.095198
17 28  0.575856  1.100146
17 29  0.586560  0.977993
17 30  0.581591  1.195184
18 19  0.557713  0.745585
18 20  0.555555  0.704321
18 21  0.555841  0.772171
18 22  0.562282  0.713859
18 23  0.563003  0.749142
18 24  0.589896  1.001389
18 25  0.587295  0.854057
18 26  0.588962  1.097911
18 27  0.575964  0.987859
18 28  0.601875  0.996268
18 29  0.564623  0.833152
18 30  0.586365  1.101646
19 20  0.521442  0.653804
19 21  0.562630  0.748922
19 22  0.569066  0.691183
19 23  0.569787  0.727675
19 24  0.596675  0.978897
19 25  0.594082  0.833999
19 26  0.595985  1.090227
19 27  0.602834  0.953319
19 28  0.608671  0.978604
19 29  0.564092  0.799298
19 30  0.595301  1.077248
20 21  0.562117  0.713915
20 22  0.568552  0.655121
20 23  0.569273  0.691464
20 24  0.596197  0.943643
20 25  0.593568  0.798333
20 26  0.595482  1.055230
20 27  0.603329  0.931780
20 28  0.608161  0.941946
20 29  0.565149  0.781766
20 30  0.595004  1.053156
21 22  0.555118  0.704409
21 23  0.557465  0.745957
21 24  0.589591  1.001518
21 25  0.564359  0.833845
21 26  0.586457  1.103093
21 27  0.601359  0.995404
21 28  0.575889  0.988915
21 29  0.586993  0.853546
21 30  0.588260  1.096508
22 23  0.521368  0.654166
22 24  0.596055  0.943652
22 25  0.565059  0.782430
22 26  0.595261  1.054689
22 27  0.607810  0.941009
22 28  0.603407  0.932758
22 29  0.593432  0.797758
22 30  0.594943  1.053738
23 24  0.596740  0.979146
23 25  0.564095  0.800128
23 26  0.595767  1.079008
23 27  0.608528  0.977948
23 28  0.603097  0.954452
23 29  0.594153  0.833705
23 30  0.595652  1.089064
24 25  0.620984  1.088137
24 26  0.590373  1.317929
24 27  0.631028  1.185957
24 28  0.631214  1.186637
24 29  0.620990  1.087592
24 30  0.589947  1.316509
25 26  0.618360  1.156305
25 27  0.632824  1.084159
25 28  0.618892  1.055446
25 29  0.618447  0.937483
25 30  0.619857  1.181910
26 27  0.632840  1.336134
26 28  0.622639  1.271753
26 29  0.620257  1.182672
26 30  0.593680  1.370086
27 28  0.647042  1.216477
27 29  0.618744  1.054066
27 30  0.622079  1.269299
28 29  0.633038  1.084515
28 30  0.632639  1.335622
29 30  0.617971  1.154492
