  -1146.54820401
  -1146.91423579    -1146.78855429
0.00000619171273
2 2 2 2 2 2 2 2 2 2 2 2 2 2 2 0 0 0 0 0 0 0 0 0 0 0 0 0 0 0 
1  0.284350  0.573077
2  0.283763  0.572895
3  0.277149  0.411404
4  0.278558  0.335079
5  0.284402  0.337805
6  0.276861  0.411748
7  0.283979  0.337445
8  0.278607  0.335304
9  0.312225  0.558438
10  0.312230  0.558574
11  0.303649  0.442438
12  0.303587  0.441990
13  0.312524  0.648668
14  0.311764  0.728911
15  0.311388  0.729283
16  0.278599  0.515882
17  0.278307  0.515978
18  0.278530  0.388816
19  0.285032  0.365703
20  0.284627  0.328860
21  0.278232  0.388841
22  0.284484  0.328867
23  0.285100  0.365988
24  0.312709  0.618320
25  0.309624  0.473478
26  0.312061  0.726902
27  0.324451  0.616387
28  0.324679  0.617310
29  0.309619  0.472914
30  0.311664  0.725376
1 2  0.567472  1.140937
1 3  0.556589  0.953073
1 4  0.562806  0.907273
1 5  0.568536  0.903950
1 6  0.561175  0.983953
1 7  0.568309  0.909632
1 8  0.562916  0.904775
1 9  0.595729  1.106004
1 10  0.573467  1.100535
1 11  0.587928  1.009610
1 12  0.586042  1.000251
1 13  0.591507  1.182834
1 14  0.573801  1.197031
1 15  0.593052  1.288501
1 16  0.282386  0.905277
1 17  0.562423  1.084781
1 18  0.558437  0.960688
1 19  0.568995  0.936834
1 20  0.567973  0.901479
1 21  0.562447  0.961351
1 22  0.568772  0.901796
1 23  0.569108  0.938660
1 24  0.590129  1.186452
1 25  0.593317  1.045552
1 26  0.589527  1.295158
1 27  0.576064  1.140266
1 28  0.607516  1.187159
1 29  0.593602  1.042568
1 30  0.585706  1.261800
2 3  0.560876  0.983433
2 4  0.562281  0.904403
2 5  0.568146  0.909838
2 6  0.555728  0.953184
2 7  0.567527  0.903440
2 8  0.562268  0.907341
2 9  0.572904  1.100225
2 10  0.595149  1.105947
2 11  0.585527  1.000471
2 12  0.587280  1.009009
2 13  0.590913  1.182182
2 14  0.592849  1.288080
2 15  0.572918  1.197520
2 16  0.562134  1.084515
2 17  0.281179  0.904853
2 18  0.562159  0.961147
2 19  0.568469  0.938195
2 20  0.568331  0.901608
2 21  0.557629  0.960554
2 22  0.567282  0.901307
2 23  0.568484  0.936927
2 24  0.589711  1.186255
2 25  0.593022  1.042943
2 26  0.585490  1.263149
2 27  0.606759  1.186058
2 28  0.575860  1.140901
2 29  0.592749  1.044808
2 30  0.588702  1.293465
3 4  0.550888  0.739931
3 5  0.554946  0.735261
3 6  0.553991  0.822716
3 7  0.561126  0.748717
3 8  0.555754  0.745739
3 9  0.589355  0.963944
3 10  0.561161  0.941895
3 11  0.580790  0.851499
3 12  0.560304  0.831244
3 13  0.589208  1.050382
3 14  0.588474  1.115522
3 15  0.588350  1.135713
3 16  0.549705  0.925850
3 17  0.555313  0.926741
3 18  0.274983  0.567793
3 19  0.561117  0.773322
3 20  0.558710  0.738717
3 21  0.555379  0.800038
3 22  0.561612  0.740234
3 23  0.562182  0.777279
3 24  0.589379  1.028730
3 25  0.586680  0.884520
3 26  0.588520  1.136548
3 27  0.570889  0.996362
3 28  0.601444  1.027738
3 29  0.556931  0.851061
3 30  0.588352  1.134000
4 5  0.516207  0.636301
4 6  0.555417  0.745868
4 7  0.562537  0.672232
4 8  0.557165  0.670253
4 9  0.590771  0.891671
4 10  0.585969  0.877967
4 11  0.582207  0.777332
4 12  0.554613  0.755123
4 13  0.590800  0.977703
4 14  0.590102  1.063343
4 15  0.589719  1.060079
4 16  0.556942  0.850324
4 17  0.556758  0.850875
4 18  0.555686  0.721004
4 19  0.283714  0.453073
4 20  0.513262  0.620639
4 21  0.556772  0.723870
4 22  0.563042  0.663937
4 23  0.563657  0.701046
4 24  0.591239  0.953175
4 25  0.588173  0.808481
4 26  0.590543  1.061584
4 27  0.601614  0.951179
4 28  0.603234  0.952219
4 29  0.548771  0.772920
4 30  0.589371  1.060063
5 6  0.561262  0.749428
5 7  0.568380  0.675107
5 8  0.563009  0.672816
5 9  0.596621  0.894053
5 10  0.593990  0.888937
5 11  0.588050  0.780046
5 12  0.557530  0.756355
5 13  0.596855  0.982290
5 14  0.596129  1.063168
5 15  0.595728  1.066731
5 16  0.561964  0.853435
5 17  0.562707  0.853653
5 18  0.558340  0.724216
5 19  0.514768  0.653964
5 20  0.285489  0.408251
5 21  0.562627  0.726608
5 22  0.568885  0.666664
5 23  0.569495  0.703769
5 24  0.597070  0.955903
5 25  0.594011  0.811206
5 26  0.596359  1.064311
5 27  0.607950  0.953002
5 28  0.609061  0.954919
5 29  0.556813  0.777187
5 30  0.595776  1.062872
6 7  0.554259  0.735274
6 8  0.550695  0.740597
6 9  0.560900  0.942155
6 10  0.589072  0.964416
6 11  0.560028  0.831869
6 12  0.580440  0.851386
6 13  0.588925  1.050589
6 14  0.588437  1.135674
6 15  0.587806  1.116117
6 16  0.555319  0.926985
6 17  0.549208  0.926315
6 18  0.555389  0.800355
6 19  0.561829  0.777337
6 20  0.561467  0.740570
6 21  0.274081  0.567920
6 22  0.558329  0.739106
6 23  0.560893  0.773935
6 24  0.589110  1.029059
6 25  0.556882  0.852102
6 26  0.588458  1.135880
6 27  0.600941  1.027154
6 28  0.570886  0.997552
6 29  0.586391  0.884298
6 30  0.587859  1.135354
7 8  0.515879  0.636208
7 9  0.593545  0.888319
7 10  0.596202  0.893808
7 11  0.557262  0.756625
7 12  0.587565  0.779242
7 13  0.596430  0.981839
7 14  0.595679  1.065990
7 15  0.595329  1.063252
7 16  0.562576  0.853195
7 17  0.561297  0.853179
7 18  0.562502  0.726223
7 19  0.569005  0.703123
7 20  0.568605  0.666296
7 21  0.557750  0.723962
7 22  0.284614  0.407657
7 23  0.514599  0.654139
7 24  0.596652  0.955541
7 25  0.556497  0.777399
7 26  0.595747  1.064033
7 27  0.608412  0.953635
7 28  0.607780  0.953598
7 29  0.593584  0.810282
7 30  0.595544  1.062425
8 9  0.586010  0.878042
8 10  0.590825  0.892033
8 11  0.554660  0.755683
8 12  0.582194  0.777103
8 13  0.590846  0.977957
8 14  0.590142  1.059847
8 15  0.589772  1.063906
8 16  0.557092  0.851002
8 17  0.556709  0.850635
8 18  0.557118  0.724070
8 19  0.563639  0.700985
8 20  0.563234  0.664154
8 21  0.555463  0.721257
8 22  0.513006  0.620683
8 23  0.283733  0.453645
8 24  0.591283  0.953397
8 25  0.548738  0.773784
8 26  0.589794  1.061806
8 27  0.603054  0.951521
8 28  0.601833  0.952311
8 29  0.588217  0.808142
8 30  0.590199  1.060284
9 10  0.623897  1.094423
9 11  0.602970  0.989923
9 12  0.615799  0.999706
9 13  0.615644  1.138000
9 14  0.620180  1.262816
9 15  0.619359  1.283086
9 16  0.590492  1.072543
9 17  0.567872  1.052198
9 18  0.590560  0.946741
9 19  0.597192  0.923913
9 20  0.596850  0.887199
9 21  0.555032  0.910818
9 22  0.595852  0.886784
9 23  0.595117  0.923355
9 24  0.624457  1.174590
9 25  0.602398  1.005494
9 26  0.607698  1.257508
9 27  0.636571  1.172752
9 28  0.404020  1.053321
9 29  0.621615  1.030519
9 30  0.621572  1.273766
10 11  0.615865  1.000285
10 12  0.602927  0.989578
10 13  0.615607  1.137772
10 14  0.619781  1.282824
10 15  0.619838  1.263452
10 16  0.568156  1.052284
10 17  0.590219  1.072771
10 18  0.555206  0.910848
10 19  0.595087  0.923224
10 20  0.595992  0.886921
10 21  0.590269  0.946899
10 22  0.596710  0.887341
10 23  0.597260  0.924333
10 24  0.624446  1.174746
10 25  0.621618  1.031214
10 26  0.621913  1.275258
10 27  0.403951  1.052523
10 28  0.636794  1.173805
10 29  0.602470  1.005167
10 30  0.607475  1.256276
11 12  0.607232  0.881612
11 13  0.615615  1.089023
11 14  0.614932  1.153006
11 15  0.614025  1.145788
11 16  0.581851  0.957789
11 17  0.580830  0.956204
11 18  0.582159  0.831053
11 19  0.588663  0.808041
11 20  0.588266  0.771254
11 21  0.556703  0.807081
11 22  0.548030  0.733656
11 23  0.552665  0.776762
11 24  0.615853  1.059671
11 25  0.386363  0.756483
11 26  0.615082  1.168056
11 27  0.627897  1.058064
11 28  0.605350  1.030661
11 29  0.613262  0.915038
11 30  0.615282  1.166564
12 13  0.615551  1.088519
12 14  0.614348  1.145146
12 15  0.614500  1.152948
12 16  0.581039  0.955649
12 17  0.581504  0.957438
12 18  0.556914  0.806599
12 19  0.552750  0.776222
12 20  0.547952  0.733019
12 21  0.581801  0.830629
12 22  0.588062  0.770813
12 23  0.588669  0.807878
12 24  0.615794  1.059228
12 25  0.613205  0.915153
12 26  0.615617  1.167638
12 27  0.605122  1.029314
12 28  0.628062  1.058540
12 29  0.386730  0.755662
12 30  0.614644  1.166097
13 14  0.592333  1.350108
13 15  0.592094  1.350086
13 16  0.590087  1.160965
13 17  0.589799  1.161120
13 18  0.590366  1.035421
13 19  0.597140  1.013906
13 20  0.597088  0.977305
13 21  0.590078  1.035444
13 22  0.596943  0.977308
13 23  0.597197  1.014185
13 24  0.582403  1.258403
13 25  0.621213  1.119721
13 26  0.536891  1.275799
13 27  0.633815  1.261927
13 28  0.634060  1.262850
13 29  0.621218  1.119189
13 30  0.534926  1.274466
14 15  0.593430  1.368959
14 16  0.564659  1.221288
14 17  0.587196  1.227701
14 18  0.589997  1.116353
14 19  0.596397  1.093554
14 20  0.596162  1.057153
14 21  0.589885  1.116769
14 22  0.596147  1.057522
14 23  0.596380  1.094201
14 24  0.537355  1.247830
14 25  0.620699  1.200419
14 26  0.589498  1.448069
14 27  0.627182  1.311678
14 28  0.632731  1.340367
14 29  0.621098  1.200131
14 30  0.560405  1.411134
15 16  0.587095  1.227988
15 17  0.564171  1.221603
15 18  0.589809  1.117121
15 19  0.595955  1.094291
15 20  0.595918  1.057887
15 21  0.589332  1.116731
15 22  0.595645  1.057531
15 23  0.596080  1.094207
15 24  0.537743  1.248035
15 25  0.620716  1.201052
15 26  0.559747  1.413417
15 27  0.632179  1.339776
15 28  0.626961  1.312811
15 29  0.620343  1.200230
15 30  0.589061  1.446917
16 17  0.555847  1.019898
16 18  0.552310  0.885217
16 19  0.563383  0.880565
16 20  0.563023  0.840957
16 21  0.556804  0.904283
16 22  0.563055  0.842833
16 23  0.563644  0.876343
16 24  0.575918  1.071647
16 25  0.588117  0.982147
16 26  0.583972  1.196648
16 27  0.577590  1.101579
16 28  0.602049  1.098281
16 29  0.586487  0.984433
16 30  0.582404  1.234250
17 18  0.556810  0.904356
17 19  0.563284  0.876174
17 20  0.562906  0.842925
17 21  0.551726  0.885312
17 22  0.562585  0.841045
17 23  0.563157  0.880950
17 24  0.575718  1.072107
17 25  0.586193  0.985054
17 26  0.582440  1.235715
17 27  0.601535  1.097553
17 28  0.577541  1.102677
17 29  0.587819  0.981704
17 30  0.583295  1.195070
18 19  0.558340  0.749988
18 20  0.556283  0.707842
18 21  0.556754  0.776918
18 22  0.563013  0.717486
18 23  0.563628  0.753414
18 24  0.591159  1.002271
18 25  0.588150  0.858969
18 26  0.590332  1.098754
18 27  0.577252  0.991700
18 28  0.603188  0.999949
18 29  0.565440  0.838151
18 30  0.587686  1.102472
19 20  0.521862  0.657274
19 21  0.563262  0.753157
19 22  0.569515  0.694376
19 23  0.570131  0.731644
19 24  0.597657  0.979302
19 25  0.594656  0.838635
19 26  0.597074  1.090854
19 27  0.603843  0.956373
19 28  0.609699  0.981998
19 29  0.564679  0.803811
19 30  0.596396  1.077633
20 21  0.562859  0.717504
20 22  0.569111  0.657564
20 23  0.569726  0.694654
20 24  0.597286  0.943290
20 25  0.594251  0.802256
20 26  0.596682  1.055098
20 27  0.604412  0.934336
20 28  0.609299  0.944543
20 29  0.565824  0.785834
20 30  0.596200  1.053051
21 22  0.555852  0.707867
21 23  0.558104  0.750291
21 24  0.590863  1.002351
21 25  0.565195  0.838766
21 26  0.587784  1.103900
21 27  0.602661  0.999066
21 28  0.577205  0.992676
21 29  0.587847  0.858438
21 30  0.589639  1.097274
22 23  0.521791  0.657604
22 24  0.597141  0.943286
22 25  0.565742  0.786450
22 26  0.596455  1.054598
22 27  0.608928  0.943622
22 28  0.604506  0.935272
22 29  0.594103  0.801699
22 30  0.596141  1.053564
23 24  0.597723  0.979535
23 25  0.564692  0.804589
23 26  0.596863  1.079403
23 27  0.609539  0.981356
23 28  0.604126  0.957466
23 29  0.594719  0.838357
23 30  0.596744  1.089644
24 25  0.622198  1.089383
24 26  0.592086  1.315499
24 27  0.632659  1.186151
24 28  0.632859  1.186800
24 29  0.622195  1.088869
24 30  0.591658  1.314054
25 26  0.619673  1.157168
25 27  0.634067  1.088313
25 28  0.620133  1.059398
25 29  0.619241  0.942621
25 30  0.621179  1.182962
26 27  0.634565  1.336371
26 28  0.624318  1.272153
26 29  0.621570  1.183785
26 30  0.595403  1.367908
27 28  0.648728  1.219125
27 29  0.619956  1.058079
27 30  0.623740  1.269725
28 29  0.634290  1.088671
28 30  0.634382  1.335799
29 30  0.619275  1.155360
