   -993.89640347
   -994.20849251     -994.07926538
0.00010663440971
2 2 2 2 2 2 2 2 2 2 2 2 2 0 0 0 0 0 0 0 0 0 0 0 0 0 
1  0.271910  0.589772
2  0.263345  0.465289
3  0.263555  0.444876
4  0.275218  0.353374
5  0.276803  0.358492
6  0.297627  0.590031
7  0.281280  0.391813
8  0.284261  0.422213
9  0.305804  0.746244
10  0.296910  0.704960
11  0.303177  0.472370
12  0.300767  0.656534
13  0.313528  0.530358
14  0.279441  0.599353
15  0.269018  0.464117
16  0.269100  0.464704
17  0.277659  0.347085
18  0.279971  0.363855
19  0.305205  0.709007
20  0.303131  0.465220
21  0.314455  0.542989
22  0.300079  0.600290
23  0.301693  0.626789
24  0.283632  0.386391
25  0.299063  0.735115
26  0.287787  0.448865
1 2  0.534288  1.022928
1 3  0.533155  1.019340
1 4  0.546997  0.942683
1 5  0.548263  0.942620
1 6  0.547298  1.144236
1 7  0.553156  0.973110
1 8  0.556135  1.009001
1 9  0.556500  1.237085
1 10  0.565962  1.284870
1 11  0.572373  1.027613
1 12  0.567446  1.193851
1 13  0.585213  1.111416
1 14  0.265361  1.016604
1 15  0.539312  1.051621
1 16  0.540607  1.047547
1 17  0.548968  0.935841
1 18  0.550206  0.952909
1 19  0.550747  1.280918
1 20  0.572906  1.053737
1 21  0.586194  1.130115
1 22  0.545462  1.152849
1 23  0.570997  1.208792
1 24  0.555369  0.975382
1 25  0.567641  1.301506
1 26  0.559598  1.037073
2 3  0.526884  0.908788
2 4  0.538554  0.818010
2 5  0.540138  0.820765
2 6  0.560548  1.037788
2 7  0.539674  0.840478
2 8  0.544715  0.883002
2 9  0.563981  1.178294
2 10  0.555239  1.166063
2 11  0.566504  0.930518
2 12  0.550377  1.055154
2 13  0.557443  0.965844
2 14  0.540868  1.062162
2 15  0.247207  0.719277
2 16  0.532332  0.928975
2 17  0.541002  0.812201
2 18  0.543249  0.828867
2 19  0.562145  1.169701
2 20  0.566217  0.929796
2 21  0.552946  0.981629
2 22  0.563198  1.063753
2 23  0.557074  1.088978
2 24  0.543352  0.849147
2 25  0.554489  1.173128
2 26  0.549877  0.905193
3 4  0.532970  0.781240
3 5  0.536637  0.798020
3 6  0.536899  1.011512
3 7  0.544827  0.833413
3 8  0.547800  0.861787
3 9  0.567469  1.155696
3 10  0.559696  1.125352
3 11  0.545590  0.892100
3 12  0.563674  1.097865
3 13  0.577011  0.970870
3 14  0.542534  1.038497
3 15  0.532355  0.908176
3 16  0.258146  0.706099
3 17  0.538092  0.790745
3 18  0.542300  0.804002
3 19  0.568082  1.151464
3 20  0.538962  0.882498
3 21  0.577577  0.986892
3 22  0.533388  1.005867
3 23  0.563771  1.069172
3 24  0.547157  0.830951
3 25  0.561422  1.177277
3 26  0.551199  0.893082
4 5  0.506098  0.676151
4 6  0.569682  0.930589
4 7  0.556497  0.744861
4 8  0.559478  0.774351
4 9  0.580880  1.095433
4 10  0.572023  1.050307
4 11  0.550604  0.807214
4 12  0.575848  1.005037
4 13  0.588739  0.880867
4 14  0.554292  0.951350
4 15  0.544235  0.817311
4 16  0.540556  0.816782
4 17  0.272762  0.458326
4 18  0.503537  0.668712
4 19  0.580084  1.061703
4 20  0.541553  0.780296
4 21  0.589620  0.896119
4 22  0.574675  0.952656
4 23  0.576780  0.979772
4 24  0.558834  0.739705
4 25  0.574024  1.087725
4 26  0.562967  0.802108
5 6  0.570030  0.926421
5 7  0.558081  0.750185
5 8  0.561061  0.780446
5 9  0.582545  1.103753
5 10  0.573623  1.059757
5 11  0.549895  0.805686
5 12  0.577415  1.005433
5 13  0.590325  0.885926
5 14  0.554755  0.956985
5 15  0.545784  0.822369
5 16  0.544567  0.819361
5 17  0.503203  0.660442
5 18  0.276831  0.483533
5 19  0.581713  1.066613
5 20  0.540786  0.783134
5 21  0.591256  0.901251
5 22  0.575281  0.958372
5 23  0.578484  0.984832
5 24  0.560423  0.744818
5 25  0.575793  1.092996
5 26  0.564576  0.807240
6 7  0.578893  0.981192
6 8  0.581821  1.008775
6 9  0.598028  1.330274
6 10  0.591040  1.257207
6 11  0.587339  1.046962
6 12  0.592043  1.176213
6 13  0.610761  1.096458
6 14  0.551494  1.151730
6 15  0.566521  1.052496
6 16  0.537194  1.017680
6 17  0.574670  0.936373
6 18  0.575533  0.953213
6 19  0.592838  1.269402
6 20  0.579652  1.026413
6 21  0.611845  1.130802
6 22  0.365693  1.073332
6 23  0.596930  1.213596
6 24  0.581081  0.975817
6 25  0.593534  1.318026
6 26  0.585090  1.037774
7 8  0.517633  0.773264
7 9  0.586642  1.114796
7 10  0.576372  1.081456
7 11  0.584451  0.861433
7 12  0.581884  1.043093
7 13  0.561396  0.908267
7 14  0.560435  0.990435
7 15  0.546214  0.853668
7 16  0.550348  0.856156
7 17  0.558927  0.738844
7 18  0.561239  0.755589
7 19  0.586280  1.099753
7 20  0.584409  0.856784
7 21  0.554260  0.892604
7 22  0.581137  0.991456
7 23  0.582484  1.017369
7 24  0.287112  0.553685
7 25  0.580019  1.125693
7 26  0.514981  0.795634
8 9  0.589608  1.148564
8 10  0.578516  1.089670
8 11  0.587431  0.892795
8 12  0.584832  1.076880
8 13  0.561504  0.918081
8 14  0.563518  1.020403
8 15  0.551751  0.878860
8 16  0.553233  0.886332
8 17  0.561898  0.769214
8 18  0.564223  0.785968
8 19  0.589312  1.129732
8 20  0.587384  0.887120
8 21  0.553685  0.921134
8 22  0.583999  1.021574
8 23  0.585492  1.046437
8 24  0.515087  0.768943
8 25  0.581528  1.155881
8 26  0.290950  0.656730
9 10  0.572931  1.371698
9 11  0.608638  1.190949
9 12  0.577012  1.371322
9 13  0.618366  1.271917
9 14  0.556844  1.322386
9 15  0.568924  1.204721
9 16  0.573889  1.207868
9 17  0.583120  1.092646
9 18  0.585505  1.109075
9 19  0.399485  1.335254
9 20  0.608793  1.209065
9 21  0.617074  1.278415
9 22  0.594950  1.312794
9 23  0.571487  1.317927
9 24  0.589275  1.131560
9 25  0.568928  1.440205
9 26  0.593343  1.192816
10 11  0.600005  1.172927
10 12  0.564857  1.327616
10 13  0.601734  1.181389
10 14  0.572872  1.280809
10 15  0.558560  1.140861
10 16  0.564803  1.167020
10 17  0.574427  1.051493
10 18  0.576865  1.068248
10 19  0.565182  1.363546
10 20  0.599816  1.168662
10 21  0.599543  1.240667
10 22  0.594386  1.299282
10 23  0.560615  1.290716
10 24  0.580079  1.090433
10 25  0.378424  1.304573
10 26  0.582647  1.152218
11 12  0.603726  1.119435
11 13  0.616700  1.001631
11 14  0.580173  1.070435
11 15  0.571901  0.935758
11 16  0.543772  0.904392
11 17  0.542974  0.779287
11 18  0.544000  0.798968
11 19  0.608214  1.179416
11 20  0.373355  0.782182
11 21  0.617486  1.014630
11 22  0.581907  1.045165
11 23  0.604271  1.097460
11 24  0.586808  0.858548
11 25  0.602113  1.205604
11 26  0.590954  0.920842
12 13  0.611593  1.146922
12 14  0.577106  1.248732
12 15  0.560692  1.117130
12 16  0.568786  1.117848
12 17  0.578373  1.003235
12 18  0.580673  1.019855
12 19  0.570100  1.317775
12 20  0.603233  1.119796
12 21  0.613286  1.195187
12 22  0.598962  1.252991
12 23  0.359464  1.112265
12 24  0.583959  1.041445
12 25  0.561405  1.336614
12 26  0.588160  1.101532
13 14  0.592799  1.127298
13 15  0.558032  0.967712
13 16  0.582280  0.994053
13 17  0.591169  0.877263
13 18  0.593495  0.893997
13 19  0.615708  1.229414
13 20  0.616503  0.994948
13 21  0.388412  0.935777
13 22  0.613442  1.128447
13 23  0.613837  1.154997
13 24  0.553907  0.871308
13 25  0.599471  1.255499
13 26  0.556205  0.938154
14 15  0.547171  1.031296
14 16  0.545312  1.052602
14 17  0.556849  0.946087
14 18  0.558751  0.954963
14 19  0.562157  1.213915
14 20  0.579526  1.031395
14 21  0.593590  1.134650
14 22  0.555343  1.160219
14 23  0.575815  1.183057
14 24  0.563042  0.980532
14 25  0.574967  1.323576
14 26  0.567182  1.046087
15 16  0.538093  0.927784
15 17  0.546668  0.810625
15 18  0.548979  0.824837
15 19  0.568490  1.141636
15 20  0.572135  0.923547
15 21  0.562196  0.978592
15 22  0.568478  1.046727
15 23  0.555830  1.034495
15 24  0.547490  0.838291
15 25  0.562003  1.194670
15 26  0.552854  0.909375
16 17  0.540405  0.794272
16 18  0.544121  0.822860
16 19  0.572250  1.140922
16 20  0.549832  0.905318
16 21  0.583467  0.999381
16 22  0.543574  1.032780
16 23  0.569812  1.082744
16 24  0.552722  0.847359
16 25  0.567237  1.165769
16 26  0.556866  0.905973
17 18  0.511056  0.675913
17 19  0.582766  1.053178
17 20  0.553052  0.793238
17 21  0.592110  0.887403
17 22  0.573572  0.934004
17 23  0.579215  0.969018
17 24  0.561291  0.733067
17 25  0.576643  1.075350
17 26  0.565446  0.794579
18 19  0.585135  1.071304
18 20  0.552715  0.800733
18 21  0.594422  0.904598
18 22  0.575150  0.941564
18 23  0.581545  0.982545
18 24  0.563600  0.750170
18 25  0.578973  1.096640
18 26  0.567756  0.812412
19 20  0.607847  1.148337
19 21  0.618537  1.246428
19 22  0.600580  1.303602
19 23  0.576731  1.315583
19 24  0.588434  1.076472
19 25  0.576216  1.360552
19 26  0.592565  1.139623
20 21  0.617578  1.007386
20 22  0.590513  1.052474
20 23  0.604630  1.087401
20 24  0.586758  0.849550
20 25  0.602081  1.193681
20 26  0.590913  0.912224
21 22  0.614094  1.116501
21 23  0.613127  1.126320
21 24  0.565308  0.917199
21 25  0.604424  1.211765
21 26  0.565976  0.944442
22 23  0.594164  1.153096
22 24  0.583685  0.985786
22 25  0.595566  1.292718
22 26  0.587785  1.042178
23 24  0.585214  1.012141
23 25  0.568142  1.316226
23 26  0.589230  1.069802
24 25  0.579738  1.098635
24 26  0.522873  0.792794
25 26  0.583537  1.132072
