   -993.89640347
   -994.20921862     -994.08100980
0.00006964816243
2 2 2 2 2 2 2 2 2 2 2 2 2 0 0 0 0 0 0 0 0 0 0 0 0 0 
1  0.274019  0.591964
2  0.265650  0.469587
3  0.265209  0.449829
4  0.275875  0.356136
5  0.277504  0.361165
6  0.300317  0.593347
7  0.282004  0.394033
8  0.284849  0.425774
9  0.307947  0.744482
10  0.299513  0.704012
11  0.304355  0.476774
12  0.303114  0.656807
13  0.314944  0.532612
14  0.281530  0.601354
15  0.271617  0.468790
16  0.270807  0.470182
17  0.278429  0.349480
18  0.280645  0.366383
19  0.307217  0.706674
20  0.304209  0.469391
21  0.315901  0.545985
22  0.302642  0.604001
23  0.304095  0.626922
24  0.284317  0.388450
25  0.301526  0.733945
26  0.288414  0.452103
1 2  0.538605  1.028604
1 3  0.536836  1.026284
1 4  0.549744  0.947613
1 5  0.551045  0.947233
1 6  0.551985  1.149578
1 7  0.555983  0.977204
1 8  0.558831  1.014648
1 9  0.560477  1.237760
1 10  0.570614  1.286213
1 11  0.575603  1.033286
1 12  0.571830  1.196476
1 13  0.588705  1.115626
1 14  0.269015  1.020338
1 15  0.543910  1.058508
1 16  0.544391  1.055249
1 17  0.551835  0.940337
1 18  0.552921  0.957616
1 19  0.554650  1.280964
1 20  0.576077  1.060112
1 21  0.589749  1.135208
1 22  0.550153  1.159360
1 23  0.575493  1.211345
1 24  0.558152  0.979629
1 25  0.572173  1.302945
1 26  0.562328  1.042447
2 3  0.530847  0.917993
2 4  0.541513  0.825063
2 5  0.543142  0.827441
2 6  0.565506  1.044906
2 7  0.542654  0.846696
2 8  0.547550  0.890674
2 9  0.568313  1.180467
2 10  0.560078  1.169439
2 11  0.569985  0.938671
2 12  0.554574  1.058936
2 13  0.561017  0.972333
2 14  0.545203  1.068506
2 15  0.250966  0.728078
2 16  0.536342  0.938665
2 17  0.544077  0.818890
2 18  0.546230  0.835686
2 19  0.566296  1.171687
2 20  0.569582  0.938247
2 21  0.556624  0.989263
2 22  0.568060  1.071781
2 23  0.561590  1.093356
2 24  0.546293  0.855532
2 25  0.559245  1.176649
2 26  0.552797  0.912817
3 4  0.535178  0.788438
3 5  0.538904  0.805508
3 6  0.541108  1.019433
3 7  0.547200  0.840368
3 8  0.550037  0.869788
3 9  0.571183  1.158323
3 10  0.563906  1.128484
3 11  0.548377  0.901159
3 12  0.567622  1.102969
3 13  0.580085  0.977803
3 14  0.546246  1.045526
3 15  0.536583  0.917739
3 16  0.260972  0.716635
3 17  0.540453  0.798139
3 18  0.544596  0.811497
3 19  0.571743  1.154142
3 20  0.541658  0.891942
3 21  0.580615  0.994837
3 22  0.537558  1.014963
3 23  0.567745  1.074071
3 24  0.549486  0.837948
3 25  0.565447  1.181101
3 26  0.553449  0.901244
4 5  0.507469  0.681877
4 6  0.572964  0.936313
4 7  0.557879  0.749792
4 8  0.560723  0.780468
4 9  0.583684  1.096161
4 10  0.575268  1.051535
4 11  0.552468  0.814306
4 12  0.578823  1.007902
4 13  0.590811  0.885622
4 14  0.557025  0.955994
4 15  0.547489  0.824741
4 16  0.542843  0.825047
4 17  0.274064  0.463787
4 18  0.504994  0.674527
4 19  0.582743  1.062113
4 20  0.543329  0.787703
4 21  0.591710  0.901869
4 22  0.577862  0.959093
4 23  0.579821  0.982671
4 24  0.560173  0.744525
4 25  0.577111  1.089319
4 26  0.564244  0.808103
5 6  0.573325  0.931737
5 7  0.559507  0.755063
5 8  0.562350  0.786648
5 9  0.585387  1.104640
5 10  0.576911  1.061292
5 11  0.551706  0.812618
5 12  0.580452  1.007853
5 13  0.592441  0.890554
5 14  0.557480  0.961622
5 15  0.549078  0.829710
5 16  0.546940  0.827519
5 17  0.504781  0.666012
5 18  0.278127  0.488882
5 19  0.584415  1.066925
5 20  0.542580  0.790446
5 21  0.593401  0.906911
5 22  0.578527  0.964764
5 23  0.581587  0.987636
5 24  0.561805  0.749548
5 25  0.578938  1.094496
5 26  0.565896  0.813146
6 7  0.582304  0.986721
6 8  0.585095  1.015421
6 9  0.602745  1.331852
6 10  0.596153  1.259205
6 11  0.591069  1.054245
6 12  0.596769  1.179183
6 13  0.614840  1.101166
6 14  0.556219  1.157535
6 15  0.571806  1.060530
6 16  0.541502  1.026898
6 17  0.578098  0.942067
6 18  0.578886  0.959072
6 19  0.597427  1.270683
6 20  0.583253  1.033811
6 21  0.615962  1.137111
6 22  0.370247  1.080687
6 23  0.601894  1.217197
6 24  0.584428  0.981194
6 25  0.598625  1.320267
6 26  0.588384  1.044315
7 8  0.519057  0.778951
7 9  0.589460  1.114900
7 10  0.579607  1.082400
7 11  0.586354  0.867796
7 12  0.584953  1.045512
7 13  0.563609  0.912829
7 14  0.563170  0.994656
7 15  0.549472  0.860569
7 16  0.552782  0.863839
7 17  0.560420  0.743456
7 18  0.562637  0.760333
7 19  0.588984  1.099680
7 20  0.586208  0.863160
7 21  0.556504  0.898355
7 22  0.584396  0.997370
7 23  0.585610  1.019679
7 24  0.288365  0.557771
7 25  0.583174  1.126744
7 26  0.516515  0.801747
8 9  0.592317  1.149804
8 10  0.581656  1.091370
8 11  0.589198  0.900575
8 12  0.587751  1.080690
8 13  0.563465  0.923662
8 14  0.566186  1.025890
8 15  0.554924  0.887132
8 16  0.555493  0.895343
8 17  0.563253  0.775165
8 18  0.565487  0.792052
8 19  0.591901  1.130978
8 20  0.589048  0.894835
8 21  0.555733  0.928324
8 22  0.587120  1.028822
8 23  0.588437  1.050061
8 24  0.516473  0.775083
8 25  0.584580  1.158325
8 26  0.292161  0.663370
9 10  0.577336  1.369159
9 11  0.611956  1.192787
9 12  0.581536  1.370164
9 13  0.621904  1.272503
9 14  0.560938  1.322967
9 15  0.573545  1.207455
9 16  0.577737  1.211611
9 17  0.585993  1.093278
9 18  0.588294  1.109849
9 19  0.403643  1.331989
9 20  0.612013  1.211483
9 21  0.620543  1.279409
9 22  0.599581  1.314943
9 23  0.576031  1.317566
9 24  0.592086  1.131886
9 25  0.573165  1.438661
9 26  0.596100  1.194300
10 11  0.603782  1.176230
10 12  0.569755  1.327664
10 13  0.605483  1.182105
10 14  0.577525  1.282168
10 15  0.563703  1.145107
10 16  0.569044  1.171567
10 17  0.577768  1.052925
10 18  0.580142  1.069817
10 19  0.569549  1.361806
10 20  0.603493  1.171861
10 21  0.603298  1.242586
10 22  0.599503  1.302057
10 23  0.565500  1.291000
10 24  0.583333  1.091523
10 25  0.383104  1.303121
10 26  0.585792  1.154574
11 12  0.607258  1.123860
11 13  0.619295  1.008245
11 14  0.583350  1.076844
11 15  0.575626  0.944828
11 16  0.546594  0.914702
11 17  0.544911  0.786453
11 18  0.545846  0.806269
11 19  0.611399  1.181506
11 20  0.375383  0.791384
11 21  0.620100  1.022024
11 22  0.585544  1.053273
11 23  0.607814  1.101943
11 24  0.588672  0.864999
11 25  0.605740  1.208849
11 26  0.592760  0.928470
12 13  0.615298  1.149392
12 14  0.581521  1.251284
12 15  0.565335  1.122013
12 16  0.572784  1.123330
12 17  0.581493  1.005900
12 18  0.583679  1.022653
12 19  0.574531  1.316794
12 20  0.606607  1.124162
12 21  0.617074  1.198598
12 22  0.603750  1.257140
12 23  0.363649  1.112985
12 24  0.586982  1.043740
12 25  0.566239  1.337154
12 26  0.591079  1.104936
13 14  0.596286  1.131518
13 15  0.561967  0.975001
13 16  0.585310  1.001791
13 17  0.593348  0.881905
13 18  0.595585  0.898774
13 19  0.619076  1.229262
13 20  0.618954  1.001366
13 21  0.391130  0.941372
13 22  0.617410  1.134406
13 23  0.617639  1.157434
13 24  0.556023  0.876104
13 25  0.603222  1.256531
13 26  0.558268  0.944103
14 15  0.551790  1.037341
14 16  0.549035  1.059826
14 17  0.559695  0.950463
14 18  0.561478  0.959141
14 19  0.565970  1.214208
14 20  0.582649  1.036741
14 21  0.597106  1.139261
14 22  0.559805  1.165473
14 23  0.580219  1.185511
14 24  0.565814  0.984390
14 25  0.579433  1.324541
14 26  0.569896  1.051295
15 16  0.542405  0.937918
15 17  0.550034  0.817695
15 18  0.552251  0.831729
15 19  0.572967  1.143793
15 20  0.575811  0.931938
15 21  0.566094  0.985844
15 22  0.573577  1.054483
15 23  0.560271  1.038342
15 24  0.550745  0.844854
15 25  0.567001  1.198169
15 26  0.556046  0.917222
16 17  0.542793  0.801720
16 18  0.546407  0.830738
16 19  0.575907  1.143473
16 20  0.552594  0.914536
16 21  0.586612  1.007419
16 22  0.547702  1.041581
16 23  0.573873  1.088095
16 24  0.555111  0.854702
16 25  0.571339  1.169006
16 26  0.559193  0.914146
17 18  0.512541  0.681176
17 19  0.585551  1.053052
17 20  0.554928  0.799792
17 21  0.594324  0.892565
17 22  0.576771  0.939652
17 23  0.582376  0.971423
17 24  0.562746  0.737471
17 25  0.579861  1.076107
17 26  0.566841  0.800036
18 19  0.587821  1.071418
18 20  0.554434  0.807323
18 21  0.596541  0.909864
18 22  0.578290  0.947207
18 23  0.584612  0.984795
18 24  0.564960  0.754747
18 25  0.582095  1.097941
18 26  0.569056  0.818154
19 20  0.610922  1.149289
19 21  0.621957  1.247223
19 22  0.605070  1.305025
19 23  0.581181  1.313864
19 24  0.591127  1.076000
19 25  0.580374  1.357511
19 26  0.595179  1.140282
20 21  0.620102  1.014531
20 22  0.594056  1.060145
20 23  0.608094  1.091608
20 24  0.588521  0.855554
20 25  0.605611  1.196380
20 26  0.592617  0.919455
21 22  0.618063  1.121994
21 23  0.616934  1.129156
21 24  0.567508  0.922377
21 25  0.608132  1.213163
21 26  0.568001  0.950401
22 23  0.598813  1.155988
22 24  0.586935  0.991567
22 25  0.600425  1.294890
22 26  0.590973  1.048824
23 24  0.588293  1.014337
23 25  0.572968  1.315700
23 26  0.592233  1.073132
24 25  0.582769  1.099179
24 26  0.524295  0.798037
25 26  0.586578  1.133433
