   -993.89640347
   -994.21027585     -994.08367966
0.00000366076961
2 2 2 2 2 2 2 2 2 2 2 2 2 0 0 0 0 0 0 0 0 0 0 0 0 0 
1  0.277270  0.594645
2  0.268679  0.476461
3  0.267582  0.459051
4  0.277129  0.362077
5  0.278569  0.367097
6  0.304078  0.600128
7  0.283216  0.400163
8  0.285755  0.433119
9  0.311258  0.738673
10  0.303588  0.701334
11  0.306445  0.485057
12  0.307026  0.655046
13  0.317178  0.538399
14  0.284841  0.603961
15  0.274890  0.476167
16  0.273256  0.479984
17  0.279708  0.354880
18  0.281736  0.372111
19  0.310420  0.701245
20  0.306250  0.477190
21  0.318196  0.550585
22  0.306390  0.610718
23  0.307947  0.624964
24  0.285557  0.394783
25  0.305693  0.731110
26  0.289208  0.459740
1 2  0.544715  1.037206
1 3  0.542365  1.037677
1 4  0.554238  0.956180
1 5  0.555324  0.955298
1 6  0.558782  1.158637
1 7  0.560442  0.985078
1 8  0.562985  1.024510
1 9  0.566551  1.236149
1 10  0.577784  1.286479
1 11  0.580829  1.042821
1 12  0.578774  1.197921
1 13  0.594145  1.123369
1 14  0.274893  1.024647
1 15  0.550274  1.068647
1 16  0.550048  1.067866
1 17  0.556329  0.948260
1 18  0.557114  0.965966
1 19  0.560926  1.278493
1 20  0.581330  1.070634
1 21  0.595237  1.142427
1 22  0.557080  1.170093
1 23  0.582570  1.212633
1 24  0.562517  0.988620
1 25  0.579468  1.303669
1 26  0.566355  1.052502
2 3  0.536247  0.933984
2 4  0.545787  0.837848
2 5  0.547227  0.839616
2 6  0.572180  1.057773
2 7  0.546852  0.858874
2 8  0.551463  0.904629
2 9  0.574491  1.181280
2 10  0.567134  1.173711
2 11  0.575100  0.952831
2 12  0.560849  1.063074
2 13  0.566150  0.984447
2 14  0.551382  1.078066
2 15  0.256182  0.742300
2 16  0.541774  0.955176
2 17  0.548382  0.831141
2 18  0.550299  0.848273
2 19  0.572459  1.173121
2 20  0.574578  0.952900
2 21  0.561793  1.001272
2 22  0.574801  1.085396
2 23  0.568225  1.098171
2 24  0.550489  0.868811
2 25  0.566451  1.181489
2 26  0.556619  0.927478
3 4  0.538735  0.802540
3 5  0.542268  0.820348
3 6  0.547147  1.034852
3 7  0.550771  0.855101
3 8  0.553296  0.885164
3 9  0.576758  1.160634
3 10  0.570266  1.133852
3 11  0.552723  0.918013
3 12  0.573850  1.110289
3 13  0.584681  0.992370
3 14  0.551883  1.057413
3 15  0.542171  0.934201
3 16  0.265004  0.736463
3 17  0.544022  0.812825
3 18  0.548033  0.826473
3 19  0.577294  1.158016
3 20  0.545938  0.909510
3 21  0.585203  1.008662
3 22  0.543657  1.031472
3 23  0.573959  1.081061
3 24  0.553100  0.853459
3 25  0.571852  1.187566
3 26  0.556570  0.918033
4 5  0.509736  0.694341
4 6  0.577870  0.948164
4 7  0.560342  0.761728
4 8  0.562881  0.793236
4 9  0.588260  1.095789
4 10  0.580576  1.053605
4 11  0.555940  0.828554
4 12  0.583944  1.011692
4 13  0.594294  0.896754
4 14  0.561581  0.964340
4 15  0.552018  0.838033
4 16  0.546468  0.840858
4 17  0.276402  0.476803
4 18  0.507328  0.687263
4 19  0.587177  1.062610
4 20  0.546663  0.802211
4 21  0.595233  0.912393
4 22  0.582829  0.971690
4 23  0.584830  0.986669
4 24  0.562649  0.756794
4 25  0.582495  1.092396
4 26  0.566251  0.821668
5 6  0.578053  0.942944
5 7  0.561782  0.767074
5 8  0.564320  0.799840
5 9  0.589766  1.104711
5 10  0.582009  1.064073
5 11  0.554921  0.826730
5 12  0.585415  1.010941
5 13  0.595735  0.901458
5 14  0.561727  0.970100
5 15  0.553385  0.843014
5 16  0.550432  0.843273
5 17  0.507127  0.678348
5 18  0.280061  0.501960
5 19  0.588630  1.067366
5 20  0.545741  0.804814
5 21  0.596761  0.917418
5 22  0.583329  0.977432
5 23  0.586501  0.991600
5 24  0.564096  0.761809
5 25  0.584153  1.097568
5 26  0.567734  0.826707
6 7  0.587266  0.999585
6 8  0.589764  1.029202
6 9  0.609685  1.332864
6 10  0.603667  1.262891
6 11  0.596668  1.068749
6 12  0.603795  1.183045
6 13  0.620817  1.112061
6 14  0.563221  1.168108
6 15  0.578810  1.074726
6 16  0.547644  1.043933
6 17  0.583109  0.954185
6 18  0.583741  0.971602
6 19  0.604283  1.272310
6 20  0.588777  1.048157
6 21  0.622014  1.148487
6 22  0.377222  1.095297
6 23  0.609309  1.222269
6 24  0.589385  0.994261
6 25  0.606461  1.324175
6 26  0.592849  1.058696
7 8  0.521064  0.792374
7 9  0.593975  1.114240
7 10  0.584746  1.085324
7 11  0.589653  0.881405
7 12  0.590080  1.049599
7 13  0.567223  0.924901
7 14  0.567574  1.003380
7 15  0.553872  0.874132
7 16  0.556434  0.879733
7 17  0.562895  0.754981
7 18  0.564923  0.772185
7 19  0.593348  1.100409
7 20  0.589462  0.877053
7 21  0.560143  0.909528
7 22  0.589305  1.010163
7 23  0.590635  1.023770
7 24  0.290632  0.571545
7 25  0.588523  1.129984
7 26  0.518488  0.816638
8 9  0.596535  1.150495
8 10  0.586626  1.094617
8 11  0.592190  0.915704
8 12  0.592572  1.086216
8 13  0.566695  0.936592
8 14  0.570380  1.035630
8 15  0.559103  0.901978
8 16  0.558791  0.912420
8 17  0.565405  0.787903
8 18  0.567470  0.805117
8 19  0.596013  1.132905
8 20  0.591992  0.909946
8 21  0.559006  0.940806
8 22  0.591668  1.042835
8 23  0.593155  1.055368
8 24  0.518581  0.789761
8 25  0.589588  1.162906
8 26  0.293590  0.679642
9 10  0.584068  1.361846
9 11  0.617323  1.193899
9 12  0.588742  1.363866
9 13  0.627401  1.272686
9 14  0.567433  1.320111
9 15  0.580010  1.209000
9 16  0.583470  1.215690
9 17  0.590521  1.092861
9 18  0.592636  1.109743
9 19  0.410203  1.322284
9 20  0.617349  1.213541
9 21  0.626001  1.278221
9 22  0.606502  1.316339
9 23  0.583137  1.312414
9 24  0.596618  1.132436
9 25  0.579867  1.431949
9 26  0.600204  1.196184
10 11  0.609937  1.181607
10 12  0.577543  1.324599
10 13  0.611433  1.184630
10 14  0.584814  1.283079
10 15  0.571070  1.150622
10 16  0.575423  1.178774
10 17  0.583071  1.055638
10 18  0.585304  1.072831
10 19  0.576245  1.356058
10 20  0.609595  1.176930
10 21  0.609404  1.244240
10 22  0.607273  1.306123
10 23  0.573202  1.288182
10 24  0.588601  1.095151
10 25  0.390641  1.299182
10 26  0.590596  1.159623
11 12  0.613246  1.130007
11 13  0.623617  1.022201
11 14  0.588683  1.087744
11 15  0.580905  0.960476
11 16  0.551062  0.933496
11 17  0.548296  0.800767
11 18  0.549052  0.820830
11 19  0.616675  1.184409
11 20  0.379242  0.809567
11 21  0.624465  1.034872
11 22  0.591173  1.068122
11 23  0.613628  1.108186
11 24  0.592000  0.879586
11 25  0.611975  1.214256
11 26  0.595642  0.944352
12 13  0.621390  1.153095
12 14  0.588698  1.252655
12 15  0.572174  1.127566
12 16  0.579100  1.131044
12 17  0.586669  1.009536
12 18  0.588674  1.026603
12 19  0.581511  1.311727
12 20  0.612412  1.130111
12 21  0.623221  1.201860
12 22  0.611207  1.262426
12 23  0.370630  1.109046
12 24  0.592087  1.048200
12 25  0.574095  1.335029
12 26  0.595753  1.110704
13 14  0.601766  1.139871
13 15  0.567383  0.988811
13 16  0.589914  1.017381
13 17  0.596849  0.893078
13 18  0.598909  0.910268
13 19  0.624341  1.229448
13 20  0.623216  1.014921
13 21  0.395230  0.952998
13 22  0.623366  1.146892
13 23  0.623696  1.161476
13 24  0.559594  0.888584
13 25  0.609435  1.259234
13 26  0.561342  0.958002
14 15  0.558203  1.046151
14 16  0.554603  1.071822
14 17  0.564251  0.958417
14 18  0.565830  0.966740
14 19  0.572049  1.213185
14 20  0.587894  1.045835
14 21  0.602672  1.145794
14 22  0.566555  1.173870
14 23  0.587219  1.186672
14 24  0.570361  0.992693
14 25  0.586716  1.324630
14 26  0.573999  1.061441
15 16  0.548120  0.955049
15 17  0.554580  0.830443
15 18  0.556604  0.844050
15 19  0.579220  1.145451
15 20  0.581123  0.946194
15 21  0.571546  0.997208
15 22  0.580463  1.067463
15 23  0.566577  1.042566
15 24  0.555258  0.857918
15 25  0.574390  1.202777
15 26  0.560118  0.932097
16 17  0.546481  0.815894
16 18  0.549894  0.846008
16 19  0.581464  1.147031
16 20  0.556930  0.931507
16 21  0.591339  1.021036
16 22  0.553837  1.057314
16 23  0.580097  1.095620
16 24  0.558782  0.870132
16 25  0.577833  1.174319
16 26  0.562414  0.930045
17 18  0.514867  0.692967
17 19  0.590028  1.052637
17 20  0.558384  0.813001
17 21  0.597895  0.902030
17 22  0.581658  0.950918
17 23  0.587505  0.974681
17 24  0.565263  0.749045
17 25  0.585290  1.077599
17 26  0.568914  0.812578
18 19  0.592115  1.071598
18 20  0.557607  0.820742
18 21  0.599924  0.919509
18 22  0.583060  0.958213
18 23  0.589555  0.987676
18 24  0.567289  0.766775
18 25  0.587327  1.100548
18 26  0.570941  0.831435
19 20  0.616140  1.150551
19 21  0.627389  1.246695
19 22  0.611891  1.306388
19 23  0.588269  1.307429
19 24  0.595555  1.076027
19 25  0.587113  1.350156
19 26  0.599184  1.141722
20 21  0.624436  1.026881
20 22  0.599667  1.074264
20 23  0.613943  1.097328
20 24  0.591799  0.869045
20 25  0.611806  1.200890
20 26  0.595445  0.934399
21 22  0.624080  1.131554
21 23  0.623036  1.131769
21 24  0.571181  0.933582
21 25  0.614292  1.215315
21 26  0.571187  0.962379
22 23  0.605790  1.159483
22 24  0.591905  1.004624
22 25  0.608010  1.298469
22 26  0.595519  1.062642
23 24  0.593381  1.018633
23 25  0.580639  1.312453
23 26  0.596895  1.078830
24 25  0.588022  1.101720
24 26  0.526228  0.811842
25 26  0.591565  1.136816
