  -1146.52254786
  -1146.88457202    -1146.75710925
0.00002685084939
2 2 2 2 2 2 2 2 2 2 2 2 2 2 2 0 0 0 0 0 0 0 0 0 0 0 0 0 0 0 
1  0.265995  0.542173
2  0.278611  0.433091
3  0.289434  0.492331
4  0.271306  0.543321
5  0.268830  0.421221
6  0.265884  0.318776
7  0.279232  0.306410
8  0.282246  0.302529
9  0.305879  0.599927
10  0.298403  0.592973
11  0.307487  0.664333
12  0.301916  0.466640
13  0.315460  0.681158
14  0.302041  0.363045
15  0.305272  0.663209
16  0.280993  0.582342
17  0.290005  0.495366
18  0.281985  0.440567
19  0.274014  0.566862
20  0.276352  0.433982
21  0.268634  0.312939
22  0.282645  0.315573
23  0.284203  0.301612
24  0.311648  0.663298
25  0.309124  0.677649
26  0.300034  0.585634
27  0.302917  0.366269
28  0.306218  0.603886
29  0.303937  0.460824
30  0.305561  0.617802
1 2  0.543647  0.962577
1 3  0.553953  1.002956
1 4  0.535268  1.077022
1 5  0.534265  0.949288
1 6  0.531827  0.857306
1 7  0.545225  0.848501
1 8  0.548238  0.844453
1 9  0.555151  1.060476
1 10  0.561857  1.096078
1 11  0.569047  1.171171
1 12  0.567821  1.007615
1 13  0.558502  1.172295
1 14  0.568022  0.902448
1 15  0.567360  1.201223
1 16  0.262678  0.947847
1 17  0.555873  1.034405
1 18  0.547287  0.981548
1 19  0.539323  1.098094
1 20  0.540253  0.975247
1 21  0.534393  0.854956
1 22  0.548625  0.857676
1 23  0.550188  0.843754
1 24  0.554861  1.179757
1 25  0.570119  1.204700
1 26  0.563254  1.125298
1 27  0.568910  0.908262
1 28  0.551613  1.138532
1 29  0.569430  1.001317
1 30  0.569839  1.146991
2 3  0.524761  0.895118
2 4  0.549813  0.971445
2 5  0.547425  0.850240
2 6  0.544493  0.751586
2 7  0.557842  0.739306
2 8  0.560857  0.735458
2 9  0.573646  0.996214
2 10  0.577005  1.024689
2 11  0.572296  1.091258
2 12  0.580501  0.896111
2 13  0.593121  1.088802
2 14  0.580650  0.796023
2 15  0.576604  1.067265
2 16  0.559285  1.013581
2 17  0.284289  0.715184
2 18  0.518488  0.842540
2 19  0.552186  0.998934
2 20  0.554953  0.866624
2 21  0.547235  0.745930
2 22  0.561237  0.748638
2 23  0.562804  0.734691
2 24  0.590054  1.094657
2 25  0.555935  1.069704
2 26  0.578431  1.017665
2 27  0.581521  0.799265
2 28  0.583063  1.030991
2 29  0.582491  0.893503
2 30  0.582783  1.049649
3 4  0.560715  1.033308
3 5  0.558244  0.908076
3 6  0.555311  0.809883
3 7  0.568665  0.798710
3 8  0.571679  0.794753
3 9  0.587544  1.044882
3 10  0.587814  1.073685
3 11  0.573274  1.099038
3 12  0.591325  0.957988
3 13  0.604346  1.158220
3 14  0.591473  0.854654
3 15  0.590540  1.150218
3 16  0.568352  1.072793
3 17  0.525181  0.928457
3 18  0.287478  0.720042
3 19  0.563334  1.057421
3 20  0.565695  0.925554
3 21  0.558039  0.805100
3 22  0.572072  0.807864
3 23  0.573629  0.793920
3 24  0.600778  1.153535
3 25  0.575029  1.136122
3 26  0.589240  1.076231
3 27  0.592350  0.858460
3 28  0.590833  1.094693
3 29  0.593369  0.952620
3 30  0.592527  1.102135
4 5  0.536972  0.956960
4 6  0.537099  0.861916
4 7  0.550420  0.846995
4 8  0.553499  0.845035
4 9  0.576967  1.139611
4 10  0.545628  1.096875
4 11  0.578454  1.181940
4 12  0.569343  0.978387
4 13  0.556632  1.180469
4 14  0.573117  0.901814
4 15  0.574571  1.156842
4 16  0.551595  1.114976
4 17  0.560591  1.037348
4 18  0.552976  0.982720
4 19  0.273366  0.944349
4 20  0.546778  0.970682
4 21  0.539754  0.855965
4 22  0.553580  0.858751
4 23  0.555443  0.844882
4 24  0.549685  1.159807
4 25  0.579677  1.216389
4 26  0.540555  1.095246
4 27  0.573461  0.909358
4 28  0.577399  1.144336
4 29  0.573494  1.003333
4 30  0.574896  1.158190
5 6  0.530077  0.728271
5 7  0.547937  0.727192
5 8  0.550860  0.721863
5 9  0.574665  1.010393
5 10  0.544190  0.987199
5 11  0.576300  1.082291
5 12  0.545112  0.866388
5 13  0.580101  1.068485
5 14  0.569255  0.780590
5 15  0.574032  1.080682
5 16  0.547939  1.002570
5 17  0.558827  0.915954
5 18  0.550788  0.861278
5 19  0.542007  0.982390
5 20  0.269416  0.641195
5 21  0.533582  0.732421
5 22  0.551163  0.735932
5 23  0.552293  0.722352
5 24  0.578389  1.083070
5 25  0.577740  1.097498
5 26  0.539421  0.974302
5 27  0.571279  0.785931
5 28  0.574807  1.024056
5 29  0.540811  0.848240
5 30  0.574344  1.038110
6 7  0.540998  0.620824
6 8  0.542028  0.613544
6 9  0.571687  0.916858
6 10  0.562411  0.905043
6 11  0.573316  0.981322
6 12  0.546874  0.768578
6 13  0.581250  0.995913
6 14  0.548498  0.663895
6 15  0.570844  0.981287
6 16  0.546642  0.900886
6 17  0.555889  0.814034
6 18  0.547868  0.759251
6 19  0.539776  0.885123
6 20  0.537298  0.750411
6 21  0.254576  0.371919
6 22  0.547536  0.632350
6 23  0.546347  0.617446
6 24  0.577088  0.981725
6 25  0.575000  0.996130
6 26  0.565115  0.903432
6 27  0.541557  0.657548
6 28  0.572030  0.922218
6 29  0.541188  0.753709
6 30  0.570873  0.935806
7 8  0.513965  0.566121
7 9  0.585110  0.906286
7 10  0.577346  0.897564
7 11  0.586718  0.970295
7 12  0.577072  0.763596
7 13  0.594666  0.986334
7 14  0.550832  0.641826
7 15  0.584504  0.968368
7 16  0.560219  0.888694
7 17  0.569220  0.801742
7 18  0.561212  0.746956
7 19  0.552820  0.873108
7 20  0.555239  0.739646
7 21  0.546673  0.617439
7 22  0.281820  0.358436
7 23  0.511237  0.559583
7 24  0.590820  0.969612
7 25  0.588316  0.983964
7 26  0.578311  0.891484
7 27  0.541967  0.635703
7 28  0.585449  0.910242
7 29  0.581813  0.766570
7 30  0.584655  0.924147
8 9  0.588121  0.902242
8 10  0.580582  0.895411
8 11  0.589728  0.966824
8 12  0.581827  0.765238
8 13  0.597694  0.982299
8 14  0.552529  0.639965
8 15  0.587512  0.965460
8 16  0.563223  0.884835
8 17  0.572246  0.797877
8 18  0.564229  0.743081
8 19  0.556202  0.869338
8 20  0.557699  0.735981
8 21  0.546775  0.612264
8 22  0.511045  0.567596
8 23  0.283292  0.331693
8 24  0.593892  0.965783
8 25  0.591360  0.980130
8 26  0.581862  0.887856
8 27  0.545388  0.631703
8 28  0.588460  0.906361
8 29  0.585442  0.762809
8 30  0.587654  0.920248
9 10  0.604159  1.174071
9 11  0.586736  1.228150
9 12  0.607754  1.064235
9 13  0.617885  1.238438
9 14  0.607912  0.962069
9 15  0.575687  1.246233
9 16  0.574258  1.179328
9 17  0.592842  1.088799
9 18  0.586553  1.039332
9 19  0.579664  1.162469
9 20  0.581979  1.032730
9 21  0.574418  0.912407
9 22  0.588513  0.915440
9 23  0.590050  0.901484
9 24  0.615855  1.258915
9 25  0.573697  1.194190
9 26  0.605516  1.182520
9 27  0.608778  0.965943
9 28  0.424145  1.095130
9 29  0.609805  1.059909
9 30  0.572066  1.193259
10 11  0.605711  1.225584
10 12  0.586218  1.042796
10 13  0.599320  1.260100
10 14  0.598519  0.941106
10 15  0.602892  1.238206
10 16  0.576719  1.172324
10 17  0.588199  1.086774
10 18  0.580150  1.032318
10 19  0.542912  1.125219
10 20  0.545385  0.995695
10 21  0.566449  0.905386
10 22  0.580095  0.907949
10 23  0.582222  0.894310
10 24  0.586207  1.209860
10 25  0.607499  1.266263
10 26  0.371995  1.066036
10 27  0.600605  0.958968
10 28  0.604474  1.192957
10 29  0.580351  1.021892
10 30  0.603521  1.206843
11 12  0.609370  1.126483
11 13  0.621845  1.338762
11 14  0.609524  1.024272
11 15  0.585360  1.262834
11 16  0.581963  1.239127
11 17  0.576281  1.123880
11 18  0.558281  1.065370
11 19  0.581226  1.227390
11 20  0.583532  1.096789
11 21  0.576093  0.976988
11 22  0.590125  0.979792
11 23  0.591690  0.965890
11 24  0.615305  1.314366
11 25  0.472951  1.289967
11 26  0.607447  1.245165
11 27  0.610341  1.030288
11 28  0.585714  1.255910
11 29  0.611192  1.123776
11 30  0.570927  1.204001
12 13  0.615496  1.125201
12 14  0.592405  0.816201
12 15  0.607007  1.112776
12 16  0.582587  1.046876
12 17  0.591803  0.961276
12 18  0.583892  0.906808
12 19  0.573705  1.032559
12 20  0.546065  0.860997
12 21  0.542014  0.752434
12 22  0.582703  0.781206
12 23  0.585470  0.767867
12 24  0.613222  1.128423
12 25  0.610731  1.142531
12 26  0.580737  1.021761
12 27  0.586451  0.815504
12 28  0.607983  1.069542
12 29  0.369246  0.760845
12 30  0.607231  1.083082
13 14  0.617478  1.043920
13 15  0.609301  1.280030
13 16  0.569007  1.224943
13 17  0.604602  1.174017
13 18  0.597370  1.120354
13 19  0.554048  1.200121
13 20  0.589183  1.113295
13 21  0.583662  0.993787
13 22  0.598065  0.996596
13 23  0.599660  0.982730
13 24  0.387234  1.251122
13 25  0.620344  1.347335
13 26  0.592216  1.221310
13 27  0.618158  1.046826
13 28  0.617075  1.267046
13 29  0.619051  1.140583
13 30  0.614060  1.295165
14 15  0.607235  1.022844
14 16  0.583008  0.945206
14 17  0.592019  0.858292
14 18  0.584019  0.803527
14 19  0.575225  0.929597
14 20  0.577770  0.795714
14 21  0.545468  0.651557
14 22  0.545309  0.642625
14 23  0.544218  0.625497
14 24  0.613323  1.025697
14 25  0.611125  1.040371
14 26  0.601512  0.948532
14 27  0.374549  0.532545
14 28  0.608205  0.966673
14 29  0.586498  0.803892
14 30  0.607595  0.980476
15 16  0.579577  1.208537
15 17  0.590380  1.156521
15 18  0.584938  1.094717
15 19  0.577049  1.225625
15 20  0.581495  1.095830
15 21  0.573369  0.975402
15 22  0.587705  0.978659
15 23  0.589264  0.964731
15 24  0.603987  1.310941
15 25  0.585344  1.330830
15 26  0.605028  1.245752
15 27  0.608187  1.029057
15 28  0.565992  1.194537
15 29  0.608581  1.122521
15 30  0.429130  1.185202
16 17  0.570062  1.071864
16 18  0.561429  0.997664
16 19  0.551854  1.138690
16 20  0.556590  0.999532
16 21  0.549603  0.893106
16 22  0.563637  0.897641
16 23  0.565192  0.883920
16 24  0.567246  1.192510
16 25  0.587185  1.241098
16 26  0.577977  1.125649
16 27  0.583906  0.946443
16 28  0.564147  1.091164
16 29  0.584763  1.041916
16 30  0.582833  1.186416
17 18  0.527679  0.907142
17 19  0.563813  1.047394
17 20  0.566345  0.926666
17 21  0.558635  0.808198
17 22  0.572649  0.810409
17 23  0.574208  0.796788
17 24  0.600611  1.129536
17 25  0.576226  1.118472
17 26  0.590007  1.078254
17 27  0.592920  0.860698
17 28  0.590535  1.093145
17 29  0.593921  0.950320
17 30  0.587568  1.058608
18 19  0.555943  1.006130
18 20  0.558323  0.869690
18 21  0.550606  0.753303
18 22  0.564628  0.756107
18 23  0.566186  0.742142
18 24  0.592706  1.083627
18 25  0.574854  1.108488
18 26  0.582007  1.021190
18 27  0.584900  0.806712
18 28  0.580242  1.010812
18 29  0.585903  0.899979
18 30  0.576751  1.029800
19 20  0.545980  0.993995
19 21  0.542483  0.879613
19 22  0.556499  0.878436
19 23  0.558140  0.867267
19 24  0.556450  1.184682
19 25  0.582178  1.201516
19 26  0.549265  1.109048
19 27  0.576564  0.926381
19 28  0.579380  1.154810
19 29  0.573594  0.993960
19 30  0.577509  1.148788
20 21  0.539995  0.736428
20 22  0.558829  0.749328
20 23  0.560428  0.734726
20 24  0.583456  1.063954
20 25  0.585444  1.109780
20 26  0.551500  0.986801
20 27  0.577205  0.796750
20 28  0.582548  1.030805
20 29  0.553394  0.874228
20 30  0.581829  1.045569
21 22  0.546220  0.623734
21 23  0.546440  0.607437
21 24  0.580209  0.974335
21 25  0.577748  0.989735
21 26  0.565866  0.891533
21 27  0.550699  0.660055
21 28  0.574756  0.915946
21 29  0.550838  0.757403
21 30  0.573846  0.930215
22 23  0.518634  0.573778
22 24  0.594230  0.977582
22 25  0.591764  0.991754
22 26  0.582332  0.897924
22 27  0.554571  0.651435
22 28  0.588856  0.918933
22 29  0.582003  0.765476
22 30  0.588206  0.932138
23 24  0.595825  0.963936
23 25  0.593323  0.978946
23 26  0.584139  0.887075
23 27  0.556072  0.644020
23 28  0.590415  0.905452
23 29  0.584786  0.757258
23 30  0.589762  0.919002
24 25  0.618610  1.322613
24 26  0.597583  1.235985
24 27  0.614471  1.028958
24 28  0.615742  1.254434
24 29  0.612955  1.100305
24 30  0.605839  1.197592
25 26  0.608892  1.236264
25 27  0.612038  1.040058
25 28  0.589956  1.225516
25 29  0.612974  1.128747
25 30  0.589315  1.243426
26 27  0.600781  0.936704
26 28  0.605897  1.158357
26 29  0.591190  1.030575
26 30  0.604943  1.197123
27 28  0.609134  0.968028
27 29  0.595538  0.811672
27 30  0.608415  0.981715
28 29  0.610116  1.062997
28 30  0.573969  1.207624
29 30  0.609370  1.064513
