  -1146.52254786
  -1146.88495578    -1146.75803439
0.00000914110864
2 2 2 2 2 2 2 2 2 2 2 2 2 2 2 0 0 0 0 0 0 0 0 0 0 0 0 0 0 0 
1  0.267192  0.543838
2  0.279121  0.433379
3  0.289904  0.492423
4  0.272290  0.545595
5  0.269630  0.424244
6  0.266666  0.321409
7  0.279490  0.308065
8  0.282517  0.303646
9  0.307127  0.599100
10  0.299444  0.596428
11  0.308342  0.661900
12  0.302767  0.470600
13  0.316865  0.682663
14  0.302477  0.365899
15  0.306680  0.662227
16  0.282268  0.583673
17  0.290505  0.495132
18  0.282513  0.440868
19  0.275028  0.569430
20  0.277220  0.436933
21  0.269444  0.315511
22  0.282903  0.317546
23  0.284494  0.302624
24  0.312962  0.664751
25  0.309973  0.675557
26  0.301053  0.589257
27  0.303326  0.369226
28  0.307385  0.602326
29  0.304788  0.464603
30  0.307030  0.617306
1 2  0.545327  0.964383
1 3  0.555605  1.004626
1 4  0.537397  1.080900
1 5  0.536229  0.953630
1 6  0.533801  0.861478
1 7  0.546679  0.851806
1 8  0.549705  0.847213
1 9  0.557355  1.061131
1 10  0.564029  1.100815
1 11  0.571058  1.170641
1 12  0.569864  1.013212
1 13  0.560990  1.175164
1 14  0.569652  0.906755
1 15  0.569936  1.201971
1 16  0.264812  0.950333
1 17  0.557570  1.035810
1 18  0.548980  0.983545
1 19  0.541509  1.102441
1 20  0.542267  0.979856
1 21  0.536400  0.859193
1 22  0.550073  0.861305
1 23  0.551671  0.846429
1 24  0.557342  1.183201
1 25  0.572154  1.204407
1 26  0.565464  1.130583
1 27  0.570515  0.912871
1 28  0.553848  1.138547
1 29  0.571476  1.006681
1 30  0.572481  1.148377
2 3  0.525656  0.895444
2 4  0.551300  0.973856
2 5  0.548729  0.853272
2 6  0.545784  0.754472
2 7  0.558610  0.741228
2 8  0.561637  0.736840
2 9  0.575350  0.995703
2 10  0.578552  1.028434
2 11  0.573690  1.089134
2 12  0.581856  0.900077
2 13  0.595011  1.090178
2 14  0.581595  0.799162
2 15  0.578481  1.066605
2 16  0.561067  1.015193
2 17  0.285155  0.715022
2 18  0.519504  0.843478
2 19  0.553648  1.001812
2 20  0.556331  0.869861
2 21  0.548557  0.748787
2 22  0.561999  0.750897
2 23  0.563601  0.735989
2 24  0.591861  1.096439
2 25  0.557311  1.068302
2 26  0.579922  1.021590
2 27  0.582438  0.802508
2 28  0.584734  1.029815
2 29  0.583848  0.897568
2 30  0.584754  1.049500
3 4  0.562169  1.035705
3 5  0.559509  0.910867
3 6  0.556565  0.812509
3 7  0.569393  0.800454
3 8  0.572420  0.795946
3 9  0.589241  1.044403
3 10  0.589326  1.076966
3 11  0.574622  1.097010
3 12  0.592641  0.961988
3 13  0.606213  1.159571
3 14  0.592379  0.857512
3 15  0.592409  1.149346
3 16  0.570049  1.074268
3 17  0.526140  0.929116
3 18  0.288379  0.720237
3 19  0.564817  1.060036
3 20  0.567025  0.928596
3 21  0.559316  0.807752
3 22  0.572795  0.809925
3 23  0.574384  0.795020
3 24  0.602553  1.155104
3 25  0.576353  1.134550
3 26  0.590694  1.079985
3 27  0.593229  0.861499
3 28  0.592466  1.093274
3 29  0.594691  0.956483
3 30  0.594462  1.101818
4 5  0.538699  0.962151
4 6  0.538862  0.866817
4 7  0.551654  0.850716
4 8  0.554749  0.848387
4 9  0.579186  1.141054
4 10  0.547609  1.102224
4 11  0.580279  1.181681
4 12  0.571109  0.983975
4 13  0.558899  1.184129
4 14  0.574539  0.906725
4 15  0.576901  1.157930
4 16  0.553827  1.118669
4 17  0.562007  1.039426
4 18  0.554469  0.985262
4 19  0.275317  0.949382
4 20  0.548608  0.975931
4 21  0.541543  0.860795
4 22  0.554800  0.862988
4 23  0.556720  0.848165
4 24  0.551949  1.164040
4 25  0.581502  1.216671
4 26  0.542564  1.101545
4 27  0.574826  0.914579
4 28  0.579543  1.145085
4 29  0.575322  1.009383
4 30  0.577356  1.159987
5 6  0.531627  0.733687
5 7  0.548995  0.731862
5 8  0.551932  0.725928
5 9  0.576711  1.012259
5 10  0.545971  0.993394
5 11  0.577953  1.082855
5 12  0.546719  0.873383
5 13  0.582218  1.072472
5 14  0.570476  0.786313
5 15  0.576235  1.082692
5 16  0.549970  1.006918
5 17  0.560127  0.918739
5 18  0.552115  0.864605
5 19  0.543799  0.987989
5 20  0.270876  0.647537
5 21  0.535186  0.738051
5 22  0.552226  0.740899
5 23  0.553358  0.726376
5 24  0.580497  1.087548
5 25  0.579379  1.098438
5 26  0.541225  0.981208
5 27  0.572479  0.791879
5 28  0.576759  1.025528
5 29  0.542433  0.855213
5 30  0.576612  1.040638
6 7  0.542029  0.625079
6 8  0.543070  0.617181
6 9  0.573693  0.918620
6 10  0.564202  0.910930
6 11  0.574932  0.981501
6 12  0.548488  0.775138
6 13  0.583437  0.999953
6 14  0.549716  0.669378
6 15  0.572964  0.982815
6 16  0.548692  0.904847
6 17  0.557170  0.816431
6 18  0.549178  0.762182
6 19  0.541569  0.890300
6 20  0.538933  0.756042
6 21  0.256041  0.377250
6 22  0.548571  0.636927
6 23  0.547416  0.621104
6 24  0.579155  0.985808
6 25  0.576627  0.996665
6 26  0.566899  0.909663
6 27  0.542769  0.663260
6 28  0.573966  0.923230
6 29  0.542840  0.760267
6 30  0.573091  0.937881
7 8  0.514478  0.569171
7 9  0.586614  0.907112
7 10  0.578646  0.902550
7 11  0.587829  0.969448
7 12  0.578173  0.768890
7 13  0.596325  0.989421
7 14  0.551543  0.646375
7 15  0.586170  0.968950
7 16  0.561749  0.891675
7 17  0.569970  0.803161
7 18  0.561993  0.748912
7 19  0.554069  0.877324
7 20  0.556365  0.744229
7 21  0.547738  0.621645
7 22  0.282283  0.362642
7 23  0.511786  0.562534
7 24  0.592387  0.972710
7 25  0.589419  0.983521
7 26  0.579566  0.896750
7 27  0.542641  0.640541
7 28  0.586874  0.910332
7 29  0.582918  0.772016
7 30  0.586359  0.925298
8 9  0.589636  0.902515
8 10  0.581890  0.899973
8 11  0.590850  0.965506
8 12  0.582930  0.770205
8 13  0.599368  0.984847
8 14  0.553235  0.644160
8 15  0.589189  0.965590
8 16  0.564762  0.887282
8 17  0.573015  0.798758
8 18  0.565024  0.744498
8 19  0.557485  0.873021
8 20  0.558808  0.740035
8 21  0.547849  0.615965
8 22  0.511574  0.570987
8 23  0.283849  0.334159
8 24  0.595476  0.968349
8 25  0.592480  0.979152
8 26  0.583153  0.892589
8 27  0.546064  0.635968
8 28  0.589894  0.905904
8 29  0.586559  0.767699
8 30  0.589373  0.920845
9 10  0.606442  1.176596
9 11  0.588791  1.225306
9 12  0.609848  1.067294
9 13  0.620513  1.239014
9 14  0.609594  0.964025
9 15  0.578211  1.244515
9 16  0.576648  1.179814
9 17  0.594576  1.087855
9 18  0.588320  1.038852
9 19  0.581907  1.164171
9 20  0.584073  1.034857
9 21  0.576470  0.914096
9 22  0.590017  0.916579
9 23  0.591581  0.901651
9 24  0.618397  1.259677
9 25  0.575756  1.192525
9 26  0.607786  1.185316
9 27  0.610431  0.968039
9 28  0.426326  1.092186
9 29  0.611904  1.062854
9 30  0.574605  1.192154
10 11  0.607597  1.226360
10 12  0.588051  1.049895
10 13  0.601642  1.264895
10 14  0.599979  0.946779
10 15  0.605299  1.240518
10 16  0.579021  1.177112
10 17  0.589736  1.090001
10 18  0.581687  1.036096
10 19  0.544949  1.131672
10 20  0.547278  1.002363
10 21  0.568284  0.911394
10 22  0.581373  0.913366
10 23  0.583555  0.898770
10 24  0.588464  1.214730
10 25  0.609387  1.267697
10 26  0.374067  1.073780
10 27  0.602051  0.965387
10 28  0.606679  1.194908
10 29  0.582193  1.029175
10 30  0.606013  1.209745
11 12  0.611074  1.127873
11 13  0.624085  1.338010
11 14  0.610812  1.024501
11 15  0.587583  1.260073
11 16  0.584069  1.238091
11 17  0.577643  1.121698
11 18  0.559670  1.063674
11 19  0.583078  1.227600
11 20  0.585248  1.097335
11 21  0.577755  0.977118
11 22  0.591237  0.979325
11 23  0.592835  0.964462
11 24  0.617418  1.313364
11 25  0.474596  1.285033
11 26  0.609317  1.246417
11 27  0.611598  1.030788
11 28  0.587714  1.251999
11 29  0.612880  1.125118
11 30  0.573161  1.202117
12 13  0.617698  1.130140
12 14  0.593673  0.822767
12 15  0.609256  1.115259
12 16  0.584708  1.052072
12 17  0.593139  0.964996
12 18  0.585273  0.911067
12 19  0.575565  1.039082
12 20  0.547755  0.868033
12 21  0.543696  0.759074
12 22  0.583807  0.787151
12 23  0.586606  0.772834
12 24  0.615374  1.133830
12 25  0.612412  1.144392
12 26  0.582557  1.029387
12 27  0.587688  0.822399
12 28  0.609999  1.071941
12 29  0.370895  0.769695
12 30  0.609547  1.086550
13 14  0.619318  1.048263
13 15  0.611968  1.280643
13 16  0.571639  1.228222
13 17  0.606480  1.175357
13 18  0.599304  1.122202
13 19  0.556413  1.204623
13 20  0.591437  1.117741
13 21  0.585853  0.997859
13 22  0.599726  1.000054
13 23  0.601355  0.985241
13 24  0.389878  1.254188
13 25  0.622561  1.346715
13 26  0.594540  1.226409
13 27  0.619969  1.051253
13 28  0.619621  1.267243
13 29  0.621293  1.145862
13 30  0.616863  1.296238
14 15  0.609067  1.024464
14 16  0.584713  0.949378
14 17  0.592950  0.860910
14 18  0.584984  0.806678
14 19  0.576646  0.935006
14 20  0.579063  0.801494
14 21  0.546710  0.657109
14 22  0.546007  0.647677
14 23  0.544938  0.629551
14 24  0.615073  1.029962
14 25  0.612401  1.041117
14 26  0.602962  0.955016
14 27  0.375351  0.539393
14 28  0.609801  0.967939
14 29  0.587757  0.810500
14 30  0.609499  0.982802
15 16  0.582249  1.209481
15 17  0.592278  1.155364
15 18  0.586859  1.094115
15 19  0.579469  1.227323
15 20  0.583767  1.097787
15 21  0.575575  0.976976
15 22  0.589348  0.979636
15 23  0.590948  0.964742
15 24  0.606646  1.311406
15 25  0.587515  1.327837
15 26  0.607437  1.248431
15 27  0.610004  1.031011
15 28  0.568403  1.193033
15 29  0.610821  1.125318
15 30  0.431871  1.183247
16 17  0.571828  1.072866
16 18  0.563215  0.999190
16 19  0.554061  1.142493
16 20  0.558699  1.003432
16 21  0.551685  0.896959
16 22  0.565168  0.900902
16 23  0.566757  0.886261
16 24  0.569687  1.194953
16 25  0.589304  1.240564
16 26  0.580206  1.130287
16 27  0.585588  0.950560
16 28  0.566395  1.091122
16 29  0.586879  1.046993
16 30  0.585537  1.187391
17 18  0.528616  0.907179
17 19  0.565318  1.049442
17 20  0.567709  0.929227
17 21  0.559943  0.810537
17 22  0.573407  0.812085
17 23  0.574999  0.797550
17 24  0.602408  1.130400
17 25  0.577585  1.116552
17 26  0.591521  1.081639
17 27  0.593829  0.863346
17 28  0.592180  1.091356
17 29  0.595270  0.953483
17 30  0.589532  1.058183
18 19  0.557481  1.009004
18 20  0.559716  0.872663
18 21  0.551939  0.756169
18 22  0.565414  0.758380
18 23  0.567006  0.743453
18 24  0.594522  1.085060
18 25  0.576277  1.106704
18 26  0.583554  1.024975
18 27  0.585836  0.809953
18 28  0.581922  1.009730
18 29  0.587280  0.904005
18 30  0.578648  1.029618
19 20  0.547804  0.999442
19 21  0.544304  0.884746
19 22  0.557764  0.882679
19 23  0.559438  0.870785
19 24  0.558694  1.188596
19 25  0.583999  1.201667
19 26  0.551256  1.114695
19 27  0.577986  0.931589
19 28  0.581525  1.155802
19 29  0.575400  0.999608
19 30  0.579940  1.150624
20 21  0.541650  0.741756
20 22  0.559955  0.754246
20 23  0.561587  0.738667
20 24  0.585558  1.067986
20 25  0.587158  1.110644
20 26  0.553312  0.993039
20 27  0.578459  0.802499
20 28  0.584579  1.032026
20 29  0.555054  0.881002
20 30  0.584163  1.047983
21 22  0.547274  0.628261
21 23  0.547531  0.610957
21 24  0.582330  0.978331
21 25  0.579402  0.990217
21 26  0.567649  0.897512
21 27  0.551918  0.665574
21 28  0.576707  0.916977
21 29  0.552487  0.763783
21 30  0.576038  0.932160
22 23  0.519164  0.577030
22 24  0.595796  0.980933
22 25  0.592869  0.991440
22 26  0.583613  0.903307
22 27  0.555250  0.656299
22 28  0.590277  0.919262
22 29  0.583105  0.770878
22 30  0.589933  0.933544
23 24  0.597428  0.966362
23 25  0.594461  0.977837
23 26  0.585446  0.891703
23 27  0.556781  0.648243
23 28  0.591870  0.904897
23 29  0.585904  0.761929
23 30  0.591522  0.919518
24 25  0.620747  1.322186
24 26  0.599829  1.241004
24 27  0.616191  1.033339
24 28  0.618194  1.254371
24 29  0.615060  1.105017
24 30  0.608457  1.198483
25 26  0.610740  1.237334
25 27  0.613296  1.040603
25 28  0.591945  1.222516
25 29  0.614668  1.129978
25 30  0.591553  1.241101
26 27  0.602194  0.942618
26 28  0.608075  1.160220
26 29  0.593003  1.037633
26 30  0.607400  1.200128
27 28  0.610710  0.969257
27 29  0.596785  0.818116
27 30  0.610285  0.984003
28 29  0.612129  1.065189
28 30  0.576497  1.205719
29 30  0.611687  1.067469
