   -841.26688990
   -841.53053550     -841.39323948
0.00017503336168
2 2 2 2 2 2 2 2 2 2 2 0 0 0 0 0 0 0 0 0 0 0 
1  0.299248  0.755506
2  0.299161  0.756212
3  0.298311  0.584495
4  0.279448  0.430479
5  0.298390  0.584285
6  0.275889  0.441592
7  0.276195  0.442091
8  0.279486  0.430784
9  0.264495  0.525721
10  0.264558  0.526536
11  0.271536  0.637549
12  0.275659  0.613536
13  0.268949  0.509489
14  0.268872  0.508825
15  0.281664  0.417047
16  0.279460  0.467094
17  0.279353  0.466570
18  0.281546  0.416423
19  0.299888  0.595803
20  0.300994  0.765063
21  0.300763  0.765274
22  0.299638  0.596132
1 2  0.582729  1.468953
1 3  0.587093  1.318267
1 4  0.576616  1.161889
1 5  0.595815  1.279834
1 6  0.571384  1.153671
1 7  0.575132  1.189510
1 8  0.578682  1.182893
1 9  0.541518  1.239589
1 10  0.562033  1.256557
1 11  0.544323  1.343670
1 12  0.541678  1.305863
1 13  0.567627  1.257978
1 14  0.538211  1.223526
1 15  0.580574  1.170327
1 16  0.577935  1.219319
1 17  0.577095  1.219551
1 18  0.580239  1.170329
1 19  0.598444  1.343209
1 20  0.364701  1.452310
1 21  0.576664  1.448781
1 22  0.580910  1.317004
2 3  0.595637  1.280770
2 4  0.578557  1.183314
2 5  0.587103  1.318771
2 6  0.574736  1.189786
2 7  0.571587  1.154695
2 8  0.576565  1.162753
2 9  0.561885  1.256443
2 10  0.541478  1.240975
2 11  0.544177  1.344214
2 12  0.541721  1.306541
2 13  0.538281  1.225069
2 14  0.567455  1.258003
2 15  0.580263  1.171654
2 16  0.577152  1.220767
2 17  0.577744  1.219501
2 18  0.580366  1.170410
2 19  0.581092  1.317177
2 20  0.576844  1.449123
2 21  0.364523  1.453187
2 22  0.598091  1.344219
3 4  0.546330  0.995321
3 5  0.596589  1.163742
3 6  0.544119  0.999234
3 7  0.574477  1.018446
3 8  0.577788  1.009557
3 9  0.543410  1.082159
3 10  0.562847  1.102146
3 11  0.568523  1.196850
3 12  0.573470  1.194425
3 13  0.567039  1.091678
3 14  0.540641  1.052731
3 15  0.579967  1.000654
3 16  0.577634  1.050049
3 17  0.538523  1.004463
3 18  0.538728  0.949440
3 19  0.597660  1.177112
3 20  0.580680  1.314535
3 21  0.598397  1.341726
3 22  0.366110  1.068395
4 5  0.577828  1.009008
4 6  0.508129  0.837159
4 7  0.555642  0.872157
4 8  0.558934  0.859222
4 9  0.538081  0.924005
4 10  0.543989  0.948051
4 11  0.550779  1.048832
4 12  0.554446  1.042354
4 13  0.548364  0.938946
4 14  0.544433  0.937987
4 15  0.561100  0.847230
4 16  0.558883  0.897155
4 17  0.505469  0.844589
4 18  0.276964  0.628893
4 19  0.579324  1.025217
4 20  0.579843  1.193527
4 21  0.579892  1.193180
4 22  0.539083  0.978931
5 6  0.574248  1.017703
5 7  0.544445  0.999665
5 8  0.546456  0.995676
5 9  0.562863  1.101103
5 10  0.543579  1.082640
5 11  0.568573  1.196575
5 12  0.573565  1.194208
5 13  0.540744  1.052873
5 14  0.567040  1.090833
5 15  0.538864  0.950211
5 16  0.538673  1.005144
5 17  0.577611  1.049324
5 18  0.579928  0.999828
5 19  0.366372  1.068705
5 20  0.598692  1.341322
5 21  0.580550  1.314427
5 22  0.597508  1.177240
6 7  0.552078  0.882216
6 8  0.555374  0.871957
6 9  0.536634  0.954807
6 10  0.540424  0.964753
6 11  0.547305  1.074805
6 12  0.551229  1.052664
6 13  0.544836  0.950192
6 14  0.543711  0.944210
6 15  0.557532  0.858342
6 16  0.555266  0.908149
6 17  0.275383  0.703530
6 18  0.504673  0.810572
6 19  0.575637  1.036011
6 20  0.575607  1.204236
6 21  0.575894  1.203939
6 22  0.536318  0.988585
7 8  0.508458  0.838264
7 9  0.540669  0.964478
7 10  0.537009  0.956135
7 11  0.547611  1.075340
7 12  0.551534  1.053132
7 13  0.544103  0.945370
7 14  0.545066  0.950032
7 15  0.505097  0.811007
7 16  0.275549  0.705346
7 17  0.555472  0.908124
7 18  0.557720  0.858219
7 19  0.536760  0.989071
7 20  0.576396  1.204215
7 21  0.575683  1.204946
7 22  0.575705  1.036835
8 9  0.543965  0.947524
8 10  0.538185  0.924821
8 11  0.550813  1.048997
8 12  0.554474  1.042632
8 13  0.544557  0.938971
8 14  0.548328  0.938592
8 15  0.277172  0.631127
8 16  0.505722  0.844869
8 17  0.558819  0.896935
8 18  0.561020  0.846913
8 19  0.539283  0.979128
8 20  0.580153  1.193250
8 21  0.579651  1.194012
8 22  0.579117  1.025847
9 10  0.528920  1.023816
9 11  0.531284  1.103240
9 12  0.535574  1.135017
9 13  0.532610  1.032329
9 14  0.250671  0.846680
9 15  0.546137  0.941821
9 16  0.543951  0.991638
9 17  0.542892  0.984301
9 18  0.542470  0.940863
9 19  0.564141  1.118849
9 20  0.535607  1.251214
9 21  0.564652  1.282873
9 22  0.537164  1.081783
10 11  0.531341  1.103919
10 12  0.535686  1.135797
10 13  0.250656  0.848180
10 14  0.532620  1.032507
10 15  0.542629  0.942297
10 16  0.543039  0.985605
10 17  0.543907  0.991922
10 18  0.546080  0.942014
10 19  0.537410  1.082137
10 20  0.564947  1.283438
10 21  0.535559  1.252004
10 22  0.563939  1.119980
11 12  0.267314  1.107345
11 13  0.536153  1.142803
11 14  0.536012  1.142135
11 15  0.552620  1.052743
11 16  0.550625  1.101159
11 17  0.550529  1.100669
11 18  0.552521  1.052130
11 19  0.571010  1.228800
11 20  0.539632  1.340718
11 21  0.539513  1.340916
11 22  0.570755  1.229114
12 13  0.539471  1.071896
12 14  0.539451  1.071235
12 15  0.557173  1.017831
12 16  0.554944  1.077698
12 17  0.554840  1.077196
12 18  0.557056  1.017370
12 19  0.573603  1.189328
12 20  0.549702  1.335851
12 21  0.549505  1.336123
12 22  0.573357  1.189643
13 14  0.537724  0.997928
13 15  0.544259  0.899318
13 16  0.543329  0.966470
13 17  0.548273  0.973824
13 18  0.550478  0.920798
13 19  0.547755  1.080212
13 20  0.567519  1.254516
13 21  0.546797  1.238384
13 22  0.568548  1.099280
14 15  0.550519  0.920715
14 16  0.548303  0.973672
14 17  0.543144  0.965370
14 18  0.544049  0.898338
14 19  0.568724  1.098300
14 20  0.546930  1.237738
14 21  0.567190  1.254067
14 22  0.547421  1.079849
15 16  0.513157  0.849715
15 17  0.561014  0.883045
15 18  0.563208  0.832843
15 19  0.550506  0.998768
15 20  0.582568  1.180222
15 21  0.579534  1.158385
15 22  0.581287  1.007829
16 17  0.558803  0.929421
16 18  0.561001  0.882956
16 19  0.549045  1.023082
16 20  0.580050  1.215165
16 21  0.575947  1.179262
16 22  0.579054  1.051686
17 18  0.512925  0.848520
17 19  0.579196  1.050918
17 20  0.576072  1.178843
17 21  0.579714  1.214899
17 22  0.548709  1.022635
18 19  0.581418  1.006946
18 20  0.579646  1.157786
18 21  0.582220  1.179832
18 22  0.550190  0.998148
19 20  0.598648  1.291150
19 21  0.590210  1.325040
19 22  0.599358  1.181513
20 21  0.586623  1.469577
20 22  0.590178  1.325147
21 22  0.598158  1.291670
