   -841.26688990
   -841.53218759     -841.39745581
0.00006098321113
2 2 2 2 2 2 2 2 2 2 2 0 0 0 0 0 0 0 0 0 0 0 
1  0.305440  0.761699
2  0.305374  0.761820
3  0.302767  0.585841
4  0.282122  0.435240
5  0.302827  0.586292
6  0.278657  0.447279
7  0.278872  0.447868
8  0.282091  0.435342
9  0.269266  0.533003
10  0.269324  0.533314
11  0.276505  0.641941
12  0.280614  0.619010
13  0.274084  0.516534
14  0.274102  0.516188
15  0.284410  0.420244
16  0.281995  0.472420
17  0.281933  0.472172
18  0.284310  0.419888
19  0.304160  0.597912
20  0.307064  0.771592
21  0.306903  0.771499
22  0.303949  0.597353
1 2  0.594629  1.480368
1 3  0.597182  1.324886
1 4  0.585210  1.171039
1 5  0.606141  1.285255
1 6  0.580088  1.162528
1 7  0.583957  1.200730
1 8  0.587452  1.193753
1 9  0.552009  1.251233
1 10  0.572756  1.269135
1 11  0.555223  1.353912
1 12  0.552841  1.320708
1 13  0.578855  1.271015
1 14  0.549432  1.238380
1 15  0.589483  1.179622
1 16  0.586534  1.230774
1 17  0.585752  1.231548
1 18  0.589125  1.180076
1 19  0.608841  1.352003
1 20  0.376481  1.465693
1 21  0.588377  1.461964
1 22  0.590953  1.324570
2 3  0.606011  1.284973
2 4  0.587418  1.193767
2 5  0.597191  1.325407
2 6  0.583677  1.200303
2 7  0.580232  1.163143
2 8  0.585111  1.171212
2 9  0.572637  1.268973
2 10  0.551975  1.251656
2 11  0.555142  1.353967
2 12  0.552816  1.320950
2 13  0.549470  1.238976
2 14  0.578805  1.270806
2 15  0.589158  1.180548
2 16  0.585770  1.231907
2 17  0.586416  1.230654
2 18  0.589319  1.179394
2 19  0.591088  1.325116
2 20  0.588455  1.462056
2 21  0.376250  1.465671
2 22  0.608564  1.351579
3 4  0.553461  1.001773
3 5  0.605462  1.166831
3 6  0.551194  1.006095
3 7  0.581590  1.023880
3 8  0.584838  1.014442
3 9  0.552095  1.091097
3 10  0.572065  1.109878
3 11  0.577624  1.201819
3 12  0.582815  1.201467
3 13  0.576621  1.100235
3 14  0.550047  1.062834
3 15  0.587158  1.005213
3 16  0.584576  1.056741
3 17  0.545490  1.013813
3 18  0.545831  0.956580
3 19  0.606338  1.180845
3 20  0.590770  1.322390
3 21  0.608899  1.349810
3 22  0.374311  1.071221
4 5  0.584930  1.014791
4 6  0.513618  0.847746
4 7  0.560990  0.882683
4 8  0.564212  0.868029
4 9  0.545195  0.934640
4 10  0.551429  0.958514
4 11  0.558394  1.056577
4 12  0.561941  1.052628
4 13  0.556175  0.950739
4 14  0.552148  0.950141
4 15  0.566518  0.855185
4 16  0.564091  0.907250
4 17  0.510909  0.857225
4 18  0.281664  0.637388
4 19  0.586274  1.032116
4 20  0.588524  1.204883
4 21  0.588644  1.203992
4 22  0.545962  0.986718
5 6  0.581435  1.023758
5 7  0.551428  1.007040
5 8  0.553505  1.002371
5 9  0.572066  1.110013
5 10  0.552223  1.091815
5 11  0.577690  1.202254
5 12  0.582877  1.201905
5 13  0.550028  1.063463
5 14  0.576699  1.100346
5 15  0.545952  0.957315
5 16  0.545606  1.014501
5 17  0.584572  1.056944
5 18  0.587119  1.005310
5 19  0.374490  1.072350
5 20  0.609110  1.350343
5 21  0.590684  1.322839
5 22  0.606190  1.180741
6 7  0.557518  0.893247
6 8  0.560744  0.882197
6 9  0.543890  0.966823
6 10  0.547955  0.976960
6 11  0.555024  1.084704
6 12  0.558908  1.063517
6 13  0.552738  0.962911
6 14  0.551609  0.957424
6 15  0.563033  0.867239
6 16  0.560531  0.919175
6 17  0.280073  0.714989
6 18  0.510370  0.821626
6 19  0.582639  1.043813
6 20  0.584328  1.216664
6 21  0.584670  1.215682
6 22  0.543186  0.997961
7 8  0.513765  0.848439
7 9  0.548111  0.977243
7 10  0.544178  0.967756
7 11  0.555238  1.085290
7 12  0.559131  1.064095
7 13  0.551813  0.958372
7 14  0.552972  0.963150
7 15  0.510676  0.822563
7 16  0.280122  0.715784
7 17  0.560685  0.919515
7 18  0.563148  0.867472
7 19  0.543519  0.998992
7 20  0.585049  1.216346
7 21  0.584376  1.217153
7 22  0.582644  1.043842
8 9  0.551340  0.958314
8 10  0.545216  0.935027
8 11  0.558362  1.056682
8 12  0.561916  1.052727
8 13  0.552110  0.950593
8 14  0.556164  0.950491
8 15  0.281770  0.638044
8 16  0.511027  0.857608
8 17  0.563998  0.907104
8 18  0.566386  0.854933
8 19  0.546085  0.987336
8 20  0.588780  1.204183
8 21  0.588331  1.204883
8 22  0.586031  1.031662
9 10  0.538410  1.036446
9 11  0.540562  1.114046
9 12  0.545205  1.148048
9 13  0.542363  1.046874
9 14  0.259263  0.860225
9 15  0.553656  0.952311
9 16  0.551257  1.004206
9 17  0.550161  0.997537
9 18  0.549859  0.951671
9 19  0.573166  1.128367
9 20  0.546389  1.266480
9 21  0.575537  1.296257
9 22  0.546142  1.091476
10 11  0.540630  1.114290
10 12  0.545298  1.148352
10 13  0.259179  0.860817
10 14  0.542432  1.046837
10 15  0.549987  0.952326
10 16  0.550271  0.998065
10 17  0.551254  1.004272
10 18  0.553615  0.952272
10 19  0.546366  1.092372
10 20  0.575758  1.296678
10 21  0.546352  1.266572
10 22  0.573006  1.128120
11 12  0.276874  1.116823
11 13  0.546110  1.154464
11 14  0.546112  1.154113
11 15  0.560152  1.060422
11 16  0.558127  1.110605
11 17  0.558069  1.110350
11 18  0.560059  1.060068
11 19  0.580180  1.235599
11 20  0.550619  1.354955
11 21  0.550546  1.354783
11 22  0.579960  1.235037
12 13  0.549087  1.083145
12 14  0.549125  1.082824
12 15  0.564881  1.025924
12 16  0.562431  1.088455
12 17  0.562364  1.088224
12 18  0.564781  1.025614
12 19  0.582561  1.196258
12 20  0.560362  1.347251
12 21  0.560240  1.347164
12 22  0.582339  1.195714
13 14  0.548079  1.010994
13 15  0.551788  0.909087
13 16  0.550754  0.978250
13 17  0.555983  0.986351
13 18  0.558373  0.930607
13 19  0.556801  1.089735
13 20  0.578454  1.267287
13 21  0.557617  1.250303
13 22  0.577988  1.107266
14 15  0.558491  0.930606
14 16  0.556063  0.986246
14 17  0.550709  0.977698
14 18  0.551696  0.908452
14 19  0.578217  1.107481
14 20  0.557788  1.250134
14 21  0.578298  1.266842
14 22  0.556609  1.088822
15 16  0.518381  0.858307
15 17  0.566333  0.891803
15 18  0.568717  0.839346
15 19  0.557527  1.004042
15 20  0.591351  1.190001
15 21  0.588148  1.166346
15 22  0.588331  1.011493
16 17  0.563907  0.939384
16 18  0.566296  0.891697
16 19  0.555647  1.029684
16 20  0.588608  1.225773
16 21  0.584365  1.188162
16 22  0.585879  1.056594
17 18  0.518238  0.857749
17 19  0.586028  1.056907
17 20  0.584462  1.188037
17 21  0.588385  1.225411
17 22  0.555383  1.028831
18 19  0.588443  1.011692
18 20  0.588213  1.166127
18 21  0.591091  1.189559
18 22  0.557247  1.003140
19 20  0.608692  1.296908
19 21  0.600125  1.332704
19 22  0.607922  1.184494
20 21  0.598256  1.481721
20 22  0.600080  1.332274
21 22  0.608323  1.296357
