   -841.26688990
   -841.53281578     -841.39912295
0.00000614424802
2 2 2 2 2 2 2 2 2 2 2 0 0 0 0 0 0 0 0 0 0 0 
1  0.308186  0.761869
2  0.308110  0.761936
3  0.304774  0.589289
4  0.283191  0.439699
5  0.304841  0.589517
6  0.279652  0.452064
7  0.279854  0.452485
8  0.283125  0.439672
9  0.271353  0.536217
10  0.271421  0.536394
11  0.278641  0.640879
12  0.282869  0.617534
13  0.276249  0.519314
14  0.276257  0.519215
15  0.285572  0.424420
16  0.282959  0.477597
17  0.282915  0.477500
18  0.285504  0.424179
19  0.306081  0.600910
20  0.309675  0.771918
21  0.309533  0.771780
22  0.305887  0.600580
1 2  0.599783  1.480815
1 3  0.601631  1.328128
1 4  0.588931  1.174944
1 5  0.610729  1.287597
1 6  0.583798  1.166193
1 7  0.587681  1.205169
1 8  0.591222  1.198193
1 9  0.556631  1.254305
1 10  0.577423  1.272286
1 11  0.559977  1.353602
1 12  0.557786  1.321284
1 13  0.583701  1.273988
1 14  0.554132  1.242032
1 15  0.593363  1.183814
1 16  0.590155  1.236098
1 17  0.589475  1.237085
1 18  0.593027  1.184542
1 19  0.613485  1.355378
1 20  0.381605  1.465703
1 21  0.593538  1.463693
1 22  0.595356  1.327826
2 3  0.610587  1.287450
2 4  0.591211  1.198281
2 5  0.601629  1.328392
2 6  0.587403  1.204850
2 7  0.583925  1.166641
2 8  0.588787  1.174960
2 9  0.577282  1.272215
2 10  0.556617  1.254586
2 11  0.559886  1.353609
2 12  0.557757  1.321450
2 13  0.554164  1.242332
2 14  0.583633  1.273969
2 15  0.593018  1.184850
2 16  0.589464  1.237246
2 17  0.590037  1.236064
2 18  0.593219  1.183640
2 19  0.595470  1.328126
2 20  0.593590  1.463743
2 21  0.381382  1.465590
2 22  0.613218  1.355121
3 4  0.556652  1.009589
3 5  0.609474  1.173461
3 6  0.554248  1.014133
3 7  0.584563  1.031016
3 8  0.587871  1.021570
3 9  0.556070  1.097502
3 10  0.576164  1.116217
3 11  0.581629  1.203832
3 12  0.587019  1.203495
3 13  0.580756  1.106499
3 14  0.554151  1.070008
3 15  0.590328  1.012808
3 16  0.587515  1.065327
3 17  0.548470  1.023153
3 18  0.549057  0.964838
3 19  0.610201  1.187365
3 20  0.595145  1.325989
3 21  0.613526  1.353756
3 22  0.377888  1.078444
4 5  0.588003  1.021824
4 6  0.515475  0.857069
4 7  0.563035  0.891734
4 8  0.566314  0.876446
4 9  0.548302  0.941646
4 10  0.554592  0.965412
4 11  0.561604  1.059334
4 12  0.565114  1.055711
4 13  0.559412  0.957923
4 14  0.555313  0.957644
4 15  0.568741  0.863794
4 16  0.566112  0.916863
4 17  0.512840  0.868028
4 18  0.283755  0.646971
4 19  0.589262  1.039548
4 20  0.592163  1.209674
4 21  0.592325  1.208574
4 22  0.549046  0.994874
5 6  0.584428  1.030820
5 7  0.554482  1.014690
5 8  0.556675  1.009829
5 9  0.576163  1.116260
5 10  0.556207  1.097869
5 11  0.581699  1.204091
5 12  0.587088  1.203713
5 13  0.554148  1.070201
5 14  0.580828  1.106629
5 15  0.549154  0.965254
5 16  0.548581  1.023485
5 17  0.587534  1.065456
5 18  0.590327  1.012796
5 19  0.378061  1.079049
5 20  0.613729  1.354113
5 21  0.595090  1.326177
5 22  0.610072  1.187264
6 7  0.559483  0.902330
6 8  0.562768  0.891287
6 9  0.546900  0.974403
6 10  0.551037  0.984618
6 11  0.558153  1.088370
6 12  0.562153  1.066737
6 13  0.555898  0.970435
6 14  0.554726  0.965293
6 15  0.565179  0.876188
6 16  0.562443  0.929130
6 17  0.281622  0.725890
6 18  0.512468  0.831593
6 19  0.585538  1.051558
6 20  0.587926  1.221803
6 21  0.588193  1.220697
6 22  0.546167  1.006476
7 8  0.515585  0.857466
7 9  0.551172  0.984878
7 10  0.547175  0.975045
7 11  0.558355  1.088799
7 12  0.562360  1.067153
7 13  0.554927  0.965818
7 14  0.556108  0.970756
7 15  0.512734  0.832246
7 16  0.281649  0.726288
7 17  0.562600  0.929454
7 18  0.565312  0.876368
7 19  0.546473  1.007129
7 20  0.588539  1.221247
7 21  0.587982  1.222081
7 22  0.585547  1.051648
8 9  0.554459  0.965226
8 10  0.548304  0.941804
8 11  0.561539  1.059320
8 12  0.565061  1.055684
8 13  0.555258  0.957723
8 14  0.559355  0.957797
8 15  0.283819  0.647312
8 16  0.512911  0.868139
8 17  0.566002  0.916739
8 18  0.568607  0.863527
8 19  0.549118  0.995149
8 20  0.592405  1.208684
8 21  0.591958  1.209506
8 22  0.589003  1.039193
9 10  0.542568  1.042251
9 11  0.544579  1.116291
9 12  0.549430  1.149969
9 13  0.546444  1.053049
9 14  0.262909  0.865939
9 15  0.556904  0.959638
9 16  0.554308  1.012516
9 17  0.553212  1.006170
9 18  0.553058  0.959180
9 19  0.577147  1.134591
9 20  0.551006  1.270672
9 21  0.580194  1.299795
9 22  0.550072  1.098571
10 11  0.544647  1.116457
10 12  0.549531  1.150142
10 13  0.262810  0.866088
10 14  0.546515  1.053126
10 15  0.553161  0.959585
10 16  0.553313  1.006421
10 17  0.554331  1.012596
10 18  0.556904  0.959574
10 19  0.550286  1.099123
10 20  0.580409  1.300132
10 21  0.551003  1.270600
10 22  0.577018  1.134438
11 12  0.281168  1.113012
11 13  0.550329  1.156360
11 14  0.550306  1.156259
11 15  0.563309  1.063658
11 16  0.561212  1.114573
11 17  0.561173  1.114471
11 18  0.563244  1.063422
11 19  0.584179  1.237618
11 20  0.555303  1.356008
11 21  0.555235  1.355805
11 22  0.583982  1.237283
12 13  0.553310  1.084689
12 14  0.553331  1.084576
12 15  0.568302  1.028333
12 16  0.565651  1.092103
12 17  0.565606  1.092017
12 18  0.568234  1.028113
12 19  0.586575  1.197559
12 20  0.565051  1.346672
12 21  0.564926  1.346520
12 22  0.586381  1.197217
13 14  0.552383  1.016471
13 15  0.555078  0.915534
13 16  0.553824  0.985928
13 17  0.559118  0.994300
13 18  0.561731  0.937227
13 19  0.560759  1.095427
13 20  0.583006  1.270207
13 21  0.562227  1.253201
13 22  0.582087  1.113156
14 15  0.561807  0.937354
14 16  0.559170  0.994288
14 17  0.553786  0.985769
14 18  0.555006  0.915225
14 19  0.582288  1.113397
14 20  0.562377  1.253292
14 21  0.582871  1.269941
14 22  0.560574  1.094971
15 16  0.520333  0.867664
15 17  0.568471  0.901260
15 18  0.571071  0.847662
15 19  0.560707  1.011206
15 20  0.595111  1.194476
15 21  0.591813  1.170027
15 22  0.591422  1.018270
16 17  0.565843  0.949162
16 18  0.568447  0.901119
16 19  0.558583  1.037419
16 20  0.592185  1.230674
16 21  0.587951  1.192167
16 22  0.588765  1.063826
17 18  0.520231  0.867382
17 19  0.588914  1.064058
17 20  0.588045  1.192203
17 21  0.591999  1.230408
17 22  0.558349  1.036938
18 19  0.591547  1.018369
18 20  0.591886  1.169958
18 21  0.594901  1.194102
18 22  0.560475  1.010641
19 20  0.613048  1.299297
19 21  0.604441  1.335706
19 22  0.611769  1.190667
20 21  0.603194  1.482327
20 22  0.604390  1.335519
21 22  0.612714  1.298861
