   -841.26688990
   -841.53283793     -841.39918889
0.00000430519316
2 2 2 2 2 2 2 2 2 2 2 0 0 0 0 0 0 0 0 0 0 0 
1  0.308298  0.761882
2  0.308220  0.761945
3  0.304858  0.589447
4  0.283243  0.439958
5  0.304924  0.589679
6  0.279686  0.452370
7  0.279887  0.452795
8  0.283176  0.439932
9  0.271442  0.536376
10  0.271508  0.536554
11  0.278737  0.640809
12  0.282969  0.617469
13  0.276337  0.519469
14  0.276347  0.519369
15  0.285626  0.424670
16  0.282988  0.477926
17  0.282945  0.477827
18  0.285559  0.424428
19  0.306166  0.601051
20  0.309784  0.771931
21  0.309640  0.771796
22  0.305974  0.600722
1 2  0.599989  1.480849
1 3  0.601815  1.328284
1 4  0.589090  1.175175
1 5  0.610917  1.287711
1 6  0.583946  1.166432
1 7  0.587828  1.205473
1 8  0.591383  1.198461
1 9  0.556822  1.254451
1 10  0.577613  1.272452
1 11  0.560175  1.353574
1 12  0.557991  1.321323
1 13  0.583896  1.274159
1 14  0.554326  1.242223
1 15  0.593528  1.184068
1 16  0.590290  1.236444
1 17  0.589616  1.237427
1 18  0.593191  1.184804
1 19  0.613681  1.355546
1 20  0.381821  1.465710
1 21  0.593741  1.463770
1 22  0.595544  1.327976
2 3  0.610776  1.287556
2 4  0.591372  1.198544
2 5  0.601810  1.328547
2 6  0.587549  1.205146
2 7  0.584071  1.166878
2 8  0.588944  1.175188
2 9  0.577473  1.272374
2 10  0.556805  1.254730
2 11  0.560084  1.353578
2 12  0.557961  1.321485
2 13  0.554354  1.242520
2 14  0.583830  1.274135
2 15  0.593180  1.185109
2 16  0.589603  1.237587
2 17  0.590171  1.236404
2 18  0.593384  1.183888
2 19  0.595655  1.328271
2 20  0.593794  1.463814
2 21  0.381595  1.465597
2 22  0.613414  1.355284
3 4  0.556791  1.010001
3 5  0.609641  1.173787
3 6  0.554377  1.014583
3 7  0.584679  1.031408
3 8  0.588005  1.021941
3 9  0.556239  1.097813
3 10  0.576335  1.116521
3 11  0.581801  1.203902
3 12  0.587199  1.203592
3 13  0.580926  1.106815
3 14  0.554319  1.070370
3 15  0.590466  1.013215
3 16  0.587625  1.065813
3 17  0.548593  1.023669
3 18  0.549195  0.965279
3 19  0.610366  1.187672
3 20  0.595330  1.326161
3 21  0.613715  1.353943
3 22  0.378046  1.078781
4 5  0.588137  1.022197
4 6  0.515545  0.857640
4 7  0.563119  0.892303
4 8  0.566417  0.876940
4 9  0.548444  0.942026
4 10  0.554731  0.965787
4 11  0.561753  1.059490
4 12  0.565257  1.055912
4 13  0.559552  0.958328
4 14  0.555453  0.958060
4 15  0.568846  0.864306
4 16  0.566193  0.917450
4 17  0.512910  0.868679
4 18  0.283867  0.647526
4 19  0.589399  1.039949
4 20  0.592320  1.209947
4 21  0.592483  1.208843
4 22  0.549185  0.995310
5 6  0.584544  1.031212
5 7  0.554608  1.015148
5 8  0.556812  1.010246
5 9  0.576335  1.116566
5 10  0.556372  1.098188
5 11  0.581869  1.204166
5 12  0.587267  1.203813
5 13  0.554313  1.070569
5 14  0.581000  1.106948
5 15  0.549290  0.965700
5 16  0.548701  1.024008
5 17  0.587645  1.065944
5 18  0.590464  1.013206
5 19  0.378218  1.079387
5 20  0.613920  1.354302
5 21  0.595271  1.326355
5 22  0.610237  1.187576
6 7  0.559549  0.902908
6 8  0.562852  0.891852
6 9  0.547023  0.974849
6 10  0.551157  0.985065
6 11  0.558283  1.088604
6 12  0.562287  1.066972
6 13  0.556019  0.970895
6 14  0.554850  0.965761
6 15  0.565266  0.876743
6 16  0.562499  0.929767
6 17  0.281668  0.726575
6 18  0.512544  0.832204
6 19  0.585656  1.052003
6 20  0.588067  1.222124
6 21  0.588327  1.221020
6 22  0.546294  1.006957
7 8  0.515653  0.858042
7 9  0.551293  0.985328
7 10  0.547294  0.975499
7 11  0.558484  1.089038
7 12  0.562493  1.067393
7 13  0.555047  0.966293
7 14  0.556231  0.971219
7 15  0.512808  0.832865
7 16  0.281693  0.726977
7 17  0.562657  0.930093
7 18  0.565400  0.876926
7 19  0.546597  1.007617
7 20  0.588674  1.221573
7 21  0.588120  1.222410
7 22  0.585665  1.052098
8 9  0.554600  0.965599
8 10  0.548443  0.942188
8 11  0.561686  1.059476
8 12  0.565202  1.055886
8 13  0.555394  0.958140
8 14  0.559496  0.958201
8 15  0.283928  0.647866
8 16  0.512979  0.868794
8 17  0.566084  0.917325
8 18  0.568712  0.864038
8 19  0.549254  0.995587
8 20  0.592564  1.208950
8 21  0.592112  1.209782
8 22  0.589141  1.039595
9 10  0.542743  1.042539
9 11  0.544757  1.116384
9 12  0.549616  1.150075
9 13  0.546607  1.053379
9 14  0.263074  0.866231
9 15  0.557047  0.960040
9 16  0.554426  1.013000
9 17  0.553332  1.006666
9 18  0.553199  0.959590
9 19  0.577320  1.134892
9 20  0.551200  1.270882
9 21  0.580387  1.299972
9 22  0.550242  1.098918
10 11  0.544823  1.116554
10 12  0.549715  1.150251
10 13  0.262974  0.866382
10 14  0.546679  1.053457
10 15  0.553298  0.959998
10 16  0.553429  1.006922
10 17  0.554448  1.013079
10 18  0.557045  0.959978
10 19  0.550452  1.099471
10 20  0.580601  1.300309
10 21  0.551193  1.270815
10 22  0.577191  1.134742
11 12  0.281368  1.112812
11 13  0.550510  1.156457
11 14  0.550490  1.156355
11 15  0.563449  1.063848
11 16  0.561338  1.114828
11 17  0.561301  1.114724
11 18  0.563385  1.063612
11 19  0.584358  1.237696
11 20  0.555502  1.356039
11 21  0.555432  1.355838
11 22  0.584162  1.237361
12 13  0.553489  1.084784
12 14  0.553514  1.084671
12 15  0.568455  1.028500
12 16  0.565780  1.092367
12 17  0.565736  1.092279
12 18  0.568388  1.028279
12 19  0.586750  1.197619
12 20  0.565248  1.346644
12 21  0.565121  1.346494
12 22  0.586558  1.197277
13 14  0.552559  1.016756
13 15  0.555220  0.915913
13 16  0.553943  0.986403
13 17  0.559234  0.994770
13 18  0.561873  0.937596
13 19  0.560928  1.095722
13 20  0.583190  1.270360
13 21  0.562413  1.253356
13 22  0.582261  1.113445
14 15  0.561951  0.937722
14 16  0.559287  0.994759
14 17  0.553909  0.986242
14 18  0.555152  0.915602
14 19  0.582463  1.113684
14 20  0.562567  1.253445
14 21  0.583056  1.270095
14 22  0.560747  1.095264
15 16  0.520400  0.868247
15 17  0.568553  0.901833
15 18  0.571180  0.848148
15 19  0.560847  1.011600
15 20  0.595271  1.194738
15 21  0.591967  1.170251
15 22  0.591561  1.018611
16 17  0.565900  0.949747
16 18  0.568529  0.901693
16 19  0.558707  1.037869
16 20  0.592325  1.230986
16 21  0.588089  1.192432
16 22  0.588880  1.064212
17 18  0.520301  0.867962
17 19  0.589028  1.064441
17 20  0.588186  1.192462
17 21  0.592138  1.230721
17 22  0.558475  1.037386
18 19  0.591686  1.018708
18 20  0.592044  1.170178
18 21  0.595060  1.194365
18 22  0.560618  1.011033
19 20  0.613234  1.299394
19 21  0.604624  1.335857
19 22  0.611941  1.190960
20 21  0.603392  1.482364
20 22  0.604575  1.335668
21 22  0.612899  1.298960
