  -1146.52124890
  -1146.88463722    -1146.76030225
0.00020832599516
2 2 2 2 2 2 2 2 2 2 2 2 2 2 2 0 0 0 0 0 0 0 0 0 0 0 0 0 0 0 
1  0.262250  0.422778
2  0.283098  0.423114
3  0.296765  0.481610
4  0.270148  0.356333
5  0.259526  0.289594
6  0.273671  0.284225
7  0.318656  0.605378
8  0.314423  0.686079
9  0.306641  0.687810
10  0.277183  0.286500
11  0.305098  0.614179
12  0.298491  0.410857
13  0.304069  0.818970
14  0.312036  0.484533
15  0.294824  0.310856
16  0.267823  0.426641
17  0.288923  0.452125
18  0.301863  0.494956
19  0.274107  0.349151
20  0.266532  0.306881
21  0.275777  0.285331
22  0.278901  0.287064
23  0.303759  0.789443
24  0.317103  0.665433
25  0.297689  0.413271
26  0.295851  0.311634
27  0.310109  0.715346
28  0.315629  0.510303
29  0.318626  0.607504
30  0.305892  0.596113
1 2  0.545205  0.839897
1 3  0.558750  0.890210
1 4  0.528602  0.765482
1 5  0.521614  0.712136
1 6  0.535873  0.706668
1 7  0.579434  1.007859
1 8  0.575361  1.080355
1 9  0.566174  1.106541
1 10  0.539371  0.709227
1 11  0.548290  0.971934
1 12  0.559361  0.829765
1 13  0.564044  1.225156
1 14  0.554626  0.884912
1 15  0.556919  0.732225
1 16  0.242437  0.631240
1 17  0.551092  0.874304
1 18  0.563694  0.916757
1 19  0.531415  0.769737
1 20  0.528714  0.728761
1 21  0.537796  0.707992
1 22  0.541089  0.709780
1 23  0.561608  1.205307
1 24  0.577949  1.085973
1 25  0.559185  0.831890
1 26  0.557549  0.734277
1 27  0.568777  1.119128
1 28  0.554615  0.908046
1 29  0.580278  1.028949
1 30  0.553546  1.016119
2 3  0.535838  0.873024
2 4  0.553243  0.779292
2 5  0.542621  0.712050
2 6  0.556769  0.707322
2 7  0.581490  0.970145
2 8  0.592110  1.102381
2 9  0.588142  1.088825
2 10  0.560280  0.709550
2 11  0.586441  1.016551
2 12  0.581576  0.832983
2 13  0.583346  1.233064
2 14  0.595011  0.898433
2 15  0.577920  0.733800
2 16  0.550858  0.849292
2 17  0.276305  0.648878
2 18  0.540388  0.880036
2 19  0.557161  0.772131
2 20  0.549598  0.729944
2 21  0.558872  0.708440
2 22  0.561994  0.710171
2 23  0.580853  1.202039
2 24  0.592095  1.071705
2 25  0.580690  0.836147
2 26  0.578948  0.734742
2 27  0.592318  1.136409
2 28  0.598643  0.932837
2 29  0.589331  1.027203
2 30  0.588751  1.018020
3 4  0.566911  0.835308
3 5  0.556290  0.771135
3 6  0.570436  0.765756
3 7  0.607564  1.060966
3 8  0.585151  1.080594
3 9  0.602340  1.164694
3 10  0.573948  0.768092
3 11  0.599924  1.063532
3 12  0.595252  0.891550
3 13  0.598251  1.278995
3 14  0.608722  0.962185
3 15  0.591588  0.792188
3 16  0.564198  0.907373
3 17  0.540535  0.893854
3 18  0.289877  0.747346
3 19  0.570822  0.830544
3 20  0.563289  0.788441
3 21  0.572539  0.766934
3 22  0.575664  0.768669
3 23  0.593881  1.253796
3 24  0.589523  1.139179
3 25  0.594410  0.894574
3 26  0.592616  0.793233
3 27  0.606427  1.192220
3 28  0.612374  0.991204
3 29  0.610722  1.080129
3 30  0.602197  1.075669
4 5  0.527172  0.643605
4 6  0.543438  0.639501
4 7  0.588797  0.960823
4 8  0.584552  1.034255
4 9  0.575861  1.038555
4 10  0.547225  0.642710
4 11  0.575070  0.962381
4 12  0.540968  0.739442
4 13  0.574075  1.159832
4 14  0.552307  0.825210
4 15  0.562563  0.663206
4 16  0.533085  0.780952
4 17  0.558987  0.808284
4 18  0.571913  0.851029
4 19  0.273462  0.474445
4 20  0.535860  0.660809
4 21  0.544689  0.640730
4 22  0.548537  0.642940
4 23  0.573871  1.144652
4 24  0.587091  1.021169
4 25  0.534508  0.737940
4 26  0.564649  0.667059
4 27  0.580087  1.070430
4 28  0.549593  0.831510
4 29  0.588593  0.963422
4 30  0.575589  0.951911
5 6  0.529229  0.569647
5 7  0.578167  0.893689
5 8  0.573944  0.975524
5 9  0.565908  0.972011
5 10  0.531022  0.569602
5 11  0.564581  0.903366
5 12  0.537325  0.678467
5 13  0.563587  1.105965
5 14  0.567505  0.764702
5 15  0.536081  0.584496
5 16  0.527238  0.715737
5 17  0.548407  0.741676
5 18  0.561379  0.784518
5 19  0.532874  0.636748
5 20  0.246753  0.332818
5 21  0.534421  0.573851
5 22  0.535006  0.573743
5 23  0.563068  1.078734
5 24  0.576626  0.954937
5 25  0.529484  0.680474
5 26  0.529464  0.576695
5 27  0.568619  1.004606
5 28  0.572647  0.798477
5 29  0.578096  0.897006
5 30  0.565414  0.885563
6 7  0.592326  0.889590
6 8  0.588094  0.969978
6 9  0.580292  0.971214
6 10  0.503842  0.525116
6 11  0.578763  0.898206
6 12  0.568971  0.689781
6 13  0.577739  1.102107
6 14  0.585610  0.768434
6 15  0.537623  0.565530
6 16  0.541158  0.710674
6 17  0.562582  0.736344
6 18  0.575523  0.779173
6 19  0.546566  0.632402
6 20  0.539104  0.589978
6 21  0.275009  0.301814
6 22  0.500897  0.521521
6 23  0.577430  1.073645
6 24  0.590756  0.949645
6 25  0.570367  0.696830
6 26  0.529178  0.556031
6 27  0.583727  0.999552
6 28  0.588584  0.793966
6 29  0.592270  0.891717
6 30  0.579525  0.880321
7 8  0.596135  1.260407
7 9  0.617254  1.243325
7 10  0.595837  0.891787
7 11  0.610416  1.150136
7 12  0.617080  1.014711
7 13  0.602959  1.405924
7 14  0.629842  1.067181
7 15  0.613479  0.915712
7 16  0.585909  1.030707
7 17  0.595257  1.054082
7 18  0.615290  1.091150
7 19  0.592648  0.954150
7 20  0.585139  0.912134
7 21  0.594424  0.890697
7 22  0.597546  0.892428
7 23  0.597440  1.342757
7 24  0.597151  1.230410
7 25  0.616163  1.017951
7 26  0.614508  0.916995
7 27  0.625875  1.313271
7 28  0.634183  1.114191
7 29  0.390292  1.063352
7 30  0.621128  1.198564
8 9  0.616621  1.361572
8 10  0.591605  0.972440
8 11  0.612234  1.240983
8 12  0.612899  1.092136
8 13  0.596104  1.400709
8 14  0.626107  1.166047
8 15  0.609246  0.996419
8 16  0.580915  1.110329
8 17  0.594187  1.115808
8 18  0.590000  1.170944
8 19  0.588437  1.034682
8 20  0.580953  0.992809
8 21  0.590194  0.971394
8 22  0.593321  0.973135
8 23  0.590391  1.436568
8 24  0.398739  1.212323
8 25  0.612075  1.098553
8 26  0.610267  0.997672
8 27  0.621487  1.379747
8 28  0.629715  1.193825
8 29  0.594763  1.250165
8 30  0.617480  1.276433
9 10  0.583803  0.973303
9 11  0.575990  1.276182
9 12  0.603358  1.076130
9 13  0.590461  1.397716
9 14  0.607112  1.114466
9 15  0.601458  0.998545
9 16  0.570269  1.094014
9 17  0.594658  1.137847
9 18  0.608007  1.177779
9 19  0.580585  1.036118
9 20  0.572179  0.994337
9 21  0.582412  0.973130
9 22  0.585449  0.974854
9 23  0.585869  1.442207
9 24  0.620671  1.332407
9 25  0.602944  1.100215
9 26  0.602294  0.999395
9 27  0.366985  1.282932
9 28  0.610893  1.194427
9 29  0.622479  1.289188
9 30  0.575526  1.226209
10 11  0.582272  0.900653
10 12  0.573867  0.694573
10 13  0.581250  1.104572
10 14  0.589004  0.769938
10 15  0.540360  0.567819
10 16  0.544927  0.713062
10 17  0.566092  0.738618
10 18  0.579037  0.781452
10 19  0.550977  0.635316
10 20  0.539481  0.589856
10 21  0.499830  0.520205
10 22  0.276131  0.299730
10 23  0.580924  1.075917
10 24  0.594276  0.951926
10 25  0.574309  0.699425
10 26  0.533082  0.558874
10 27  0.587108  1.001808
10 28  0.592029  0.796304
10 29  0.595783  0.893991
10 30  0.583062  0.882602
11 12  0.603463  1.023034
11 13  0.596267  1.409566
11 14  0.614036  1.078427
11 15  0.599909  0.923893
11 16  0.558743  1.037776
11 17  0.593782  1.064654
11 18  0.606444  1.106687
11 19  0.578717  0.962824
11 20  0.571623  0.920707
11 21  0.580845  0.899495
11 22  0.583990  0.901231
11 23  0.590766  1.357196
11 24  0.618849  1.273650
11 25  0.602591  1.025672
11 26  0.600899  0.925781
11 27  0.578804  1.269663
11 28  0.617913  1.116909
11 29  0.620326  1.218445
11 30  0.359996  1.075226
12 13  0.602387  1.207623
12 14  0.590587  0.873789
12 15  0.584340  0.714842
12 16  0.565459  0.833574
12 17  0.587245  0.862736
12 18  0.600265  0.905513
12 19  0.538544  0.728308
12 20  0.537340  0.695605
12 21  0.572831  0.695151
12 22  0.576910  0.697633
12 23  0.602058  1.198764
12 24  0.615517  1.075586
12 25  0.366107  0.646536
12 26  0.577448  0.707598
12 27  0.607174  1.125318
12 28  0.585741  0.888573
12 29  0.616837  1.017745
12 30  0.604147  1.005680
13 14  0.615398  1.290240
13 15  0.598891  1.129634
13 16  0.567670  1.237622
13 17  0.587323  1.259351
13 18  0.599342  1.294921
13 19  0.578124  1.167093
13 20  0.570407  1.125413
13 21  0.579846  1.104280
13 22  0.582962  1.106015
13 23  0.413519  1.512133
13 24  0.593137  1.440384
13 25  0.601580  1.230569
13 26  0.599844  1.130498
13 27  0.588222  1.496148
13 28  0.616067  1.321430
13 29  0.599142  1.376350
13 30  0.592635  1.367707
14 15  0.605710  0.793301
14 16  0.555853  0.886668
14 17  0.600852  0.936047
14 18  0.613883  0.978842
14 19  0.549862  0.797384
14 20  0.575738  0.789565
14 21  0.587371  0.769482
14 22  0.590242  0.771162
14 23  0.612499  1.267029
14 24  0.628841  1.147930
14 25  0.582187  0.866225
14 26  0.607712  0.796042
14 27  0.611056  1.196295
14 28  0.384403  0.843074
14 29  0.630560  1.090729
14 30  0.615553  1.075851
15 16  0.561937  0.737303
15 17  0.583747  0.762973
15 18  0.596683  0.805798
15 19  0.567097  0.658716
15 20  0.536122  0.593844
15 21  0.531152  0.557378
15 22  0.531604  0.556363
15 23  0.598508  1.100215
15 24  0.611908  0.976251
15 25  0.575541  0.709398
15 26  0.360883  0.403668
15 27  0.604799  1.026160
15 28  0.610262  0.821009
15 29  0.613448  0.918343
15 30  0.600661  0.906947
16 17  0.556528  0.872467
16 18  0.569303  0.906613
16 19  0.537785  0.764341
16 20  0.534148  0.733240
16 21  0.543565  0.711698
16 22  0.546665  0.713671
16 23  0.569158  1.201960
16 24  0.583300  1.063708
16 25  0.563550  0.836837
16 26  0.563527  0.737109
16 27  0.575106  1.137012
16 28  0.562033  0.914115
16 29  0.584789  1.015334
16 30  0.553190  0.959859
17 18  0.544580  0.913754
17 19  0.563026  0.801130
17 20  0.555452  0.757773
17 21  0.564700  0.737444
17 22  0.567824  0.739108
17 23  0.588291  1.226925
17 24  0.600511  1.110393
17 25  0.586598  0.863364
17 26  0.584773  0.763491
17 27  0.597114  1.136870
17 28  0.604385  0.949928
17 29  0.585070  0.990812
17 30  0.592695  1.025783
18 19  0.575968  0.842430
18 20  0.568394  0.801730
18 21  0.577640  0.780241
18 22  0.580764  0.782013
18 23  0.602567  1.265513
18 24  0.592035  1.072005
18 25  0.599546  0.907664
18 26  0.597713  0.806397
18 27  0.610593  1.204015
18 28  0.617366  1.000743
18 29  0.613224  1.076645
18 30  0.605584  1.057661
19 20  0.536918  0.652577
19 21  0.549294  0.633268
19 22  0.552780  0.635968
19 23  0.577723  1.126823
19 24  0.591195  1.009425
19 25  0.543804  0.735140
19 26  0.567091  0.656817
19 27  0.582762  1.058617
19 28  0.559460  0.844958
19 29  0.592727  0.956299
19 30  0.579841  0.940652
20 21  0.537394  0.587424
20 22  0.539300  0.587012
20 23  0.570276  1.091655
20 24  0.583628  0.972095
20 25  0.542109  0.693401
20 26  0.541963  0.600577
20 27  0.576237  1.013122
20 28  0.577555  0.804116
20 29  0.585141  0.912233
20 30  0.572374  0.902386
21 22  0.507149  0.526377
21 23  0.579536  1.074176
21 24  0.592879  0.950593
21 25  0.569894  0.693317
21 26  0.540386  0.567002
21 27  0.585877  1.000206
21 28  0.591266  0.795423
21 29  0.594402  0.892826
21 30  0.581666  0.881326
22 23  0.582660  1.075825
22 24  0.596003  0.952432
22 25  0.573978  0.696718
22 26  0.543759  0.569444
22 27  0.588994  1.001490
22 28  0.594348  0.796333
22 29  0.597527  0.894451
22 30  0.584787  0.883166
23 24  0.599726  1.368275
23 25  0.601270  1.180710
23 26  0.599610  1.101017
23 27  0.594731  1.391830
23 28  0.618495  1.280585
23 29  0.602604  1.371680
23 30  0.596897  1.367068
24 25  0.614774  1.075576
24 26  0.612953  0.976816
24 27  0.622129  1.369215
24 28  0.632286  1.170954
24 29  0.596192  1.242191
24 30  0.615140  1.203724
25 26  0.585196  0.719355
25 27  0.605782  1.101215
25 28  0.594183  0.897390
25 29  0.616257  1.017668
25 30  0.603451  1.008308
26 27  0.605931  1.026346
26 28  0.609787  0.818727
26 29  0.614476  0.918516
26 30  0.601732  0.906900
27 28  0.613182  1.151975
27 29  0.620623  1.260444
27 30  0.577894  1.279249
28 29  0.633395  1.091018
28 30  0.618641  1.085397
29 30  0.610519  1.138074
