  -1146.52124890
  -1146.88788341    -1146.76747563
0.00008469174965
2 2 2 2 2 2 2 2 2 2 2 2 2 2 2 0 0 0 0 0 0 0 0 0 0 0 0 0 0 0 
1  0.269744  0.442643
2  0.289331  0.431479
3  0.300052  0.488300
4  0.274892  0.376493
5  0.263758  0.304685
6  0.276185  0.292985
7  0.329614  0.602007
8  0.322742  0.681633
9  0.317338  0.691544
10  0.279556  0.293996
11  0.316302  0.618854
12  0.304175  0.441664
13  0.313360  0.801036
14  0.319425  0.506628
15  0.298313  0.321318
16  0.275916  0.446223
17  0.295095  0.458844
18  0.305558  0.500343
19  0.278730  0.370645
20  0.270954  0.324203
21  0.278239  0.293383
22  0.281203  0.294015
23  0.312655  0.774371
24  0.325691  0.660553
25  0.303250  0.444271
26  0.299525  0.321675
27  0.321377  0.720405
28  0.322856  0.531966
29  0.329079  0.603026
30  0.317036  0.596295
1 2  0.558861  0.867896
1 3  0.569446  0.914588
1 4  0.540525  0.802934
1 5  0.533302  0.747033
1 6  0.545860  0.734977
1 7  0.597459  1.023634
1 8  0.590872  1.092607
1 9  0.584197  1.130303
1 10  0.549220  0.736515
1 11  0.565058  0.991879
1 12  0.572439  0.879072
1 13  0.580751  1.225583
1 14  0.569042  0.925541
1 15  0.567876  0.761836
1 16  0.256346  0.671899
1 17  0.564739  0.900816
1 18  0.574779  0.942034
1 19  0.543473  0.811261
1 20  0.540603  0.765716
1 21  0.547676  0.735886
1 22  0.550871  0.736578
1 23  0.577940  1.209898
1 24  0.593911  1.101127
1 25  0.572221  0.882441
1 26  0.568647  0.764186
1 27  0.587572  1.144906
1 28  0.569515  0.951187
1 29  0.598127  1.044280
1 30  0.571288  1.036016
2 3  0.545396  0.888267
2 4  0.564218  0.807770
2 5  0.553085  0.735162
2 6  0.565516  0.724430
2 7  0.596982  0.973436
2 8  0.606476  1.106638
2 9  0.604600  1.099322
2 10  0.568886  0.725362
2 11  0.603492  1.029476
2 12  0.593484  0.871791
2 13  0.598328  1.222972
2 14  0.608551  0.927347
2 15  0.587643  0.752551
2 16  0.565180  0.877181
2 17  0.286729  0.662376
2 18  0.550665  0.895427
2 19  0.567998  0.801960
2 20  0.560221  0.755616
2 21  0.567563  0.724854
2 22  0.570523  0.725487
2 23  0.595668  1.194971
2 24  0.606950  1.075939
2 25  0.592419  0.875469
2 26  0.588854  0.753144
2 27  0.609600  1.150040
2 28  0.612044  0.962828
2 29  0.605349  1.030882
2 30  0.606090  1.026638
3 4  0.574941  0.861149
3 5  0.563808  0.792867
3 6  0.576236  0.781112
3 7  0.621685  1.064616
3 8  0.596252  1.082691
3 9  0.616079  1.174773
3 10  0.579607  0.782256
3 11  0.614151  1.073437
3 12  0.604220  0.928664
3 13  0.610864  1.268234
3 14  0.619353  0.989898
3 15  0.598364  0.809103
3 16  0.575476  0.933660
3 17  0.550435  0.909179
3 18  0.296202  0.758671
3 19  0.578687  0.858668
3 20  0.570990  0.812421
3 21  0.578284  0.781670
3 22  0.581249  0.782308
3 23  0.606107  1.246325
3 24  0.601113  1.140839
3 25  0.603222  0.932148
3 26  0.599575  0.809955
3 27  0.620933  1.203141
3 28  0.622884  1.019459
3 29  0.624561  1.083206
3 30  0.616497  1.082771
4 5  0.535921  0.678616
4 6  0.550641  0.667893
4 7  0.604494  0.977317
4 8  0.597607  1.047781
4 9  0.591146  1.061635
4 10  0.554300  0.670274
4 11  0.590992  0.985581
4 12  0.551165  0.788840
4 13  0.588041  1.159930
4 14  0.564484  0.867701
4 15  0.570534  0.692605
4 16  0.545895  0.820818
4 17  0.569879  0.835132
4 18  0.580290  0.876531
4 19  0.281986  0.519741
4 20  0.544917  0.697975
4 21  0.551758  0.668904
4 22  0.555538  0.670000
4 23  0.587469  1.149559
4 24  0.600365  1.036361
4 25  0.544706  0.790125
4 26  0.572980  0.697312
4 27  0.596049  1.095470
4 28  0.561902  0.873849
4 29  0.603761  0.979036
4 30  0.591457  0.972166
5 6  0.535708  0.592963
5 7  0.593349  0.904901
5 8  0.586491  0.986090
5 9  0.580757  0.988886
5 10  0.537292  0.591326
5 11  0.580003  0.922981
5 12  0.546816  0.722496
5 13  0.577107  1.102124
5 14  0.578718  0.799340
5 15  0.543492  0.610502
5 16  0.539525  0.750215
5 17  0.558794  0.763467
5 18  0.569297  0.804970
5 19  0.541659  0.672994
5 20  0.254186  0.367658
5 21  0.541039  0.596833
5 22  0.541417  0.595860
5 23  0.576160  1.078651
5 24  0.589444  0.965087
5 25  0.539126  0.727603
5 26  0.537398  0.602300
5 27  0.583954  1.024675
5 28  0.583981  0.835221
5 29  0.592764  0.907581
5 30  0.580788  0.900745
6 7  0.605796  0.894968
6 8  0.598926  0.973966
6 9  0.593496  0.983155
6 10  0.508828  0.542209
6 11  0.592478  0.911449
6 12  0.576872  0.727526
6 13  0.589543  1.092074
6 14  0.595492  0.799129
6 15  0.543527  0.585037
6 16  0.551732  0.738994
6 17  0.571255  0.751819
6 18  0.581722  0.793315
6 19  0.553581  0.662596
6 20  0.545929  0.615924
6 21  0.279354  0.321269
6 22  0.505962  0.538678
6 23  0.588838  1.067307
6 24  0.601848  0.953514
6 25  0.578389  0.736622
6 26  0.535315  0.575092
6 27  0.597495  1.013358
6 28  0.598254  0.824229
6 29  0.605212  0.895990
6 30  0.593137  0.889246
7 8  0.614391  1.253673
7 9  0.637924  1.245162
7 10  0.609167  0.895863
7 11  0.630549  1.151398
7 12  0.633711  1.041877
7 13  0.622886  1.386672
7 14  0.647984  1.084117
7 15  0.627925  0.922563
7 16  0.604882  1.046912
7 17  0.611617  1.057055
7 18  0.629974  1.094142
7 19  0.608194  0.972182
7 20  0.600486  0.926036
7 21  0.607832  0.895370
7 22  0.610795  0.896004
7 23  0.617062  1.328605
7 24  0.616266  1.225501
7 25  0.632613  1.045388
7 26  0.629138  0.923652
7 27  0.647612  1.315373
7 28  0.652328  1.132505
7 29  0.409183  1.052810
7 30  0.642606  1.195877
8 9  0.635282  1.361269
8 10  0.602297  0.975361
8 11  0.630827  1.241184
8 12  0.626902  1.117002
8 13  0.612876  1.381901
8 14  0.641696  1.182893
8 15  0.621054  1.002022
8 16  0.597223  1.125611
8 17  0.608732  1.119555
8 18  0.601891  1.171952
8 19  0.601332  1.051592
8 20  0.593693  1.005596
8 21  0.600970  0.974987
8 22  0.603939  0.975634
8 23  0.606796  1.420594
8 24  0.413959  1.203059
8 25  0.625943  1.124840
8 26  0.622253  1.003247
8 27  0.640969  1.380657
8 28  0.645213  1.210889
8 29  0.613174  1.245486
8 30  0.636553  1.272882
9 10  0.596860  0.983892
9 11  0.596982  1.285918
9 12  0.619556  1.106553
9 13  0.609196  1.386403
9 14  0.624200  1.136779
9 15  0.615635  1.012693
9 16  0.589019  1.118552
9 17  0.611320  1.148524
9 18  0.622345  1.186295
9 19  0.595859  1.061131
9 20  0.587127  1.015309
9 21  0.595565  0.984904
9 22  0.598416  0.985529
9 23  0.604345  1.433902
9 24  0.639877  1.331458
9 25  0.619140  1.134797
9 26  0.616623  1.013137
9 27  0.386831  1.292515
9 28  0.628506  1.219696
9 29  0.643328  1.288977
9 30  0.597154  1.234807
10 11  0.595847  0.912791
10 12  0.581746  0.731839
10 13  0.592913  1.093509
10 14  0.598723  0.799041
10 15  0.546231  0.586622
10 16  0.555397  0.740132
10 17  0.574624  0.752830
10 18  0.585097  0.794332
10 19  0.557929  0.664240
10 20  0.546122  0.614762
10 21  0.504918  0.537015
10 22  0.280320  0.316474
10 23  0.592185  1.068324
10 24  0.605230  0.954536
10 25  0.582193  0.737936
10 26  0.539073  0.576654
10 27  0.600701  1.014341
10 28  0.601529  0.825352
10 29  0.608589  0.897001
10 30  0.596562  0.890269
11 12  0.620332  1.057758
11 13  0.616605  1.397188
11 14  0.632379  1.103933
11 15  0.614596  0.938427
11 16  0.576912  1.061474
11 17  0.611100  1.076203
11 18  0.621199  1.117004
11 19  0.594601  0.988848
11 20  0.587245  0.942518
11 21  0.594479  0.912210
11 22  0.597487  0.912849
11 23  0.610815  1.350396
11 24  0.638343  1.274097
11 25  0.619331  1.060814
11 26  0.615753  0.940482
11 27  0.600851  1.283965
11 28  0.636188  1.143976
11 29  0.641428  1.219237
11 30  0.379881  1.077204
12 13  0.617318  1.215667
12 14  0.603285  0.925218
12 15  0.593078  0.755660
12 16  0.579193  0.883813
12 17  0.599053  0.900204
12 18  0.609592  0.941592
12 19  0.548875  0.781797
12 20  0.547256  0.744718
12 21  0.580902  0.734044
12 22  0.584834  0.735386
12 23  0.616611  1.214081
12 24  0.629768  1.101280
12 25  0.376762  0.715361
12 26  0.586483  0.748356
12 27  0.624071  1.160973
12 28  0.598441  0.939626
12 29  0.632917  1.043887
12 30  0.620948  1.036307
13 14  0.631971  1.294387
13 15  0.611672  1.121973
13 16  0.585098  1.239393
13 17  0.602512  1.248176
13 18  0.612212  1.283198
13 19  0.592010  1.170443
13 20  0.584067  1.124696
13 21  0.591598  1.094373
13 22  0.594551  1.095018
13 23  0.430210  1.481564
13 24  0.609640  1.421756
13 25  0.616421  1.243234
13 26  0.612783  1.122582
13 27  0.607778  1.487000
13 28  0.632432  1.325116
13 29  0.618627  1.357867
13 30  0.613027  1.354144
14 15  0.616346  0.825076
14 16  0.571468  0.929567
14 17  0.614391  0.964810
14 18  0.624967  1.006239
14 19  0.562014  0.841059
14 20  0.587423  0.828920
14 21  0.597174  0.799486
14 22  0.599817  0.800105
14 23  0.628426  1.273921
14 24  0.644817  1.165005
14 25  0.594879  0.918097
14 26  0.618726  0.828135
14 27  0.629420  1.223210
14 28  0.398896  0.892068
14 29  0.648378  1.108335
14 30  0.633988  1.098382
15 16  0.573479  0.767357
15 17  0.593407  0.780148
15 18  0.603866  0.821638
15 19  0.575121  0.690762
15 20  0.544036  0.622009
15 21  0.537025  0.576146
15 22  0.537377  0.574006
15 23  0.610892  1.095564
15 24  0.623980  0.981812
15 25  0.584407  0.750910
15 26  0.367486  0.427360
15 27  0.619525  1.041659
15 28  0.620937  0.853094
15 29  0.627384  0.924315
15 30  0.615262  0.917575
16 17  0.570702  0.898673
16 18  0.581027  0.929731
16 19  0.550206  0.802908
16 20  0.546632  0.770097
16 21  0.554116  0.739055
16 22  0.557042  0.740182
16 23  0.586035  1.204822
16 24  0.599690  1.075526
16 25  0.577032  0.886237
16 26  0.575273  0.766168
16 27  0.594259  1.162061
16 28  0.576814  0.953983
16 29  0.602832  1.029957
16 30  0.570120  0.975487
17 18  0.554547  0.925865
17 19  0.573819  0.829300
17 20  0.566043  0.781221
17 21  0.573333  0.752201
17 22  0.576297  0.752700
17 23  0.602906  1.218305
17 24  0.615082  1.112679
17 25  0.598323  0.900406
17 26  0.594617  0.780120
17 27  0.614080  1.146769
17 28  0.617696  0.976187
17 29  0.599949  0.992449
17 30  0.609631  1.032717
18 19  0.584284  0.868544
18 20  0.576510  0.824382
18 21  0.583796  0.793613
18 22  0.586761  0.794347
18 23  0.615127  1.256657
18 24  0.603453  1.072784
18 25  0.608802  0.943810
18 26  0.605081  0.821646
18 27  0.625354  1.214218
18 28  0.628257  1.026697
18 29  0.626970  1.077845
18 30  0.620140  1.062891
19 20  0.545747  0.691153
19 21  0.556306  0.662253
19 22  0.559675  0.664315
19 23  0.591166  1.130635
19 24  0.604396  1.024155
19 25  0.553710  0.785830
19 26  0.575114  0.687451
19 27  0.598471  1.083817
19 28  0.571427  0.888719
19 29  0.607798  0.973191
19 30  0.595610  0.961100
20 21  0.544021  0.612370
20 22  0.545701  0.610341
20 23  0.583588  1.092317
20 24  0.596633  0.984423
20 25  0.551711  0.739116
20 26  0.549720  0.628324
20 27  0.591855  1.032728
20 28  0.588758  0.840053
20 29  0.600003  0.924313
20 30  0.587931  0.919747
21 22  0.512075  0.542419
21 23  0.590893  1.066622
21 24  0.603928  0.953554
21 25  0.577675  0.730891
21 26  0.546373  0.585254
21 27  0.599603  1.012978
21 28  0.600929  0.825045
21 29  0.607316  0.896391
21 30  0.595272  0.889411
22 23  0.593857  1.067267
22 24  0.606892  0.954457
22 25  0.581617  0.733625
22 26  0.549669  0.587016
22 27  0.602562  1.012914
22 28  0.603857  0.824447
22 29  0.610280  0.896830
22 30  0.598231  0.890288
23 24  0.616513  1.351032
23 25  0.615664  1.191808
23 26  0.612178  1.095974
23 27  0.613596  1.382646
23 28  0.634473  1.287161
23 29  0.621702  1.354476
23 30  0.616748  1.353540
24 25  0.628924  1.100597
24 26  0.625213  0.981731
24 27  0.641371  1.369711
24 28  0.647954  1.187038
24 29  0.614681  1.234107
24 30  0.633953  1.200399
25 26  0.594146  0.760302
25 27  0.622330  1.131939
25 28  0.606614  0.948126
25 29  0.632257  1.043655
25 30  0.620126  1.039032
26 27  0.620857  1.041318
26 28  0.620424  0.849477
26 29  0.628599  0.923794
26 30  0.616544  0.916656
27 28  0.630609  1.174661
27 29  0.641277  1.262600
27 30  0.599431  1.286343
28 29  0.650794  1.105859
28 30  0.636777  1.106013
29 30  0.630231  1.134029
