  -1146.52124890
  -1146.88917277    -1146.77019626
0.00002446872992
2 2 2 2 2 2 2 2 2 2 2 2 2 2 2 0 0 0 0 0 0 0 0 0 0 0 0 0 0 0 
1  0.273635  0.453666
2  0.292012  0.431000
3  0.301969  0.485528
4  0.276776  0.389314
5  0.265167  0.313645
6  0.276810  0.298847
7  0.334168  0.601017
8  0.326637  0.675566
9  0.322506  0.694173
10  0.280217  0.298613
11  0.321594  0.622105
12  0.306438  0.460174
13  0.317480  0.791366
14  0.322697  0.519865
15  0.299467  0.327630
16  0.279912  0.456359
17  0.297731  0.458114
18  0.307557  0.497725
19  0.280705  0.383866
20  0.272369  0.334466
21  0.278867  0.299039
22  0.281875  0.298436
23  0.316675  0.766018
24  0.329506  0.654545
25  0.305534  0.462562
26  0.300633  0.327466
27  0.326501  0.723421
28  0.326238  0.544236
29  0.333573  0.601280
30  0.322350  0.598006
1 2  0.565388  0.878266
1 3  0.575199  0.922048
1 4  0.546192  0.825149
1 5  0.538594  0.766988
1 6  0.550376  0.751596
1 7  0.605686  1.032877
1 8  0.598474  1.096309
1 9  0.593182  1.143992
1 10  0.553750  0.752099
1 11  0.573014  1.003363
1 12  0.578553  0.907706
1 13  0.588590  1.226326
1 14  0.576080  0.948674
1 15  0.572911  0.778567
1 16  0.263589  0.694636
1 17  0.571265  0.911067
1 18  0.580575  0.950488
1 19  0.549283  0.835619
1 20  0.545904  0.786865
1 21  0.552142  0.752549
1 22  0.555416  0.752002
1 23  0.585778  1.212525
1 24  0.601487  1.106221
1 25  0.578374  0.911647
1 26  0.573586  0.781003
1 27  0.596596  1.159332
1 28  0.576783  0.975123
1 29  0.606452  1.053548
1 30  0.580016  1.048477
2 3  0.549808  0.884796
2 4  0.568782  0.820070
2 5  0.557172  0.743390
2 6  0.568821  0.729800
2 7  0.603531  0.972146
2 8  0.612996  1.100237
2 9  0.612185  1.101129
2 10  0.572228  0.729453
2 11  0.611270  1.032328
2 12  0.598423  0.889635
2 13  0.605041  1.212992
2 14  0.614451  0.939252
2 15  0.591476  0.758307
2 16  0.571855  0.886813
2 17  0.291346  0.658566
2 18  0.555500  0.894005
2 19  0.572637  0.814679
2 20  0.564298  0.765389
2 21  0.570868  0.730026
2 22  0.573869  0.729426
2 23  0.602340  1.186433
2 24  0.613481  1.070516
2 25  0.597323  0.893243
2 26  0.592644  0.758451
2 27  0.617242  1.152750
2 28  0.618059  0.974626
2 29  0.612351  1.028536
2 30  0.614048  1.027961
3 4  0.578742  0.870578
3 5  0.567133  0.799015
3 6  0.578779  0.784121
3 7  0.628021  1.060948
3 8  0.601907  1.075958
3 9  0.623028  1.174489
3 10  0.582186  0.784091
3 11  0.621235  1.073960
3 12  0.608403  0.944204
3 13  0.616956  1.257092
3 14  0.624522  0.999709
3 15  0.601434  0.812428
3 16  0.581314  0.941068
3 17  0.555120  0.907459
3 18  0.299656  0.750734
3 19  0.582539  0.869087
3 20  0.574313  0.819885
3 21  0.580825  0.784546
3 22  0.583834  0.783952
3 23  0.612027  1.236011
3 24  0.606804  1.132012
3 25  0.607387  0.947579
3 26  0.602602  0.812966
3 27  0.627961  1.203324
3 28  0.628181  1.028925
3 29  0.630959  1.079445
3 30  0.623663  1.081898
4 5  0.539132  0.700288
4 6  0.553124  0.686143
4 7  0.610929  0.988895
4 8  0.603377  1.053242
4 9  0.598081  1.076580
4 10  0.556841  0.687657
4 11  0.598173  1.000551
4 12  0.555238  0.819093
4 13  0.594004  1.161646
4 14  0.569729  0.893926
4 15  0.573479  0.710913
4 16  0.551756  0.843874
4 17  0.574378  0.847195
4 18  0.584124  0.886712
4 19  0.285525  0.548877
4 20  0.548182  0.720888
4 21  0.554224  0.687380
4 22  0.558082  0.687219
4 23  0.593370  1.153915
4 24  0.606025  1.043113
4 25  0.548847  0.821846
4 26  0.575953  0.715998
4 27  0.603028  1.111098
4 28  0.567321  0.899091
4 29  0.610097  0.990038
4 30  0.598644  0.986631
5 6  0.537704  0.607491
5 7  0.599301  0.912516
5 8  0.591787  0.988932
5 9  0.587302  0.999294
5 10  0.539322  0.604417
5 11  0.586697  0.935092
5 12  0.550367  0.748740
5 13  0.582632  1.100827
5 14  0.583247  0.820048
5 15  0.545993  0.626242
5 16  0.544923  0.769205
5 17  0.562821  0.771685
5 18  0.572698  0.811293
5 19  0.545011  0.694987
5 20  0.256704  0.388681
5 21  0.543055  0.611370
5 22  0.543475  0.609341
5 23  0.581544  1.079190
5 24  0.594667  0.967999
5 25  0.542761  0.755502
5 26  0.539913  0.617384
5 27  0.590386  1.036603
5 28  0.588749  0.856476
5 29  0.598646  0.914766
5 30  0.587512  0.911367
6 7  0.610975  0.899832
6 8  0.603446  0.973502
6 9  0.599284  0.991258
6 10  0.510177  0.553272
6 11  0.598394  0.920387
6 12  0.579695  0.750644
6 13  0.594288  1.087635
6 14  0.599387  0.818143
6 15  0.545318  0.597481
6 16  0.556324  0.754970
6 17  0.574508  0.756946
6 18  0.584338  0.796553
6 19  0.556141  0.681673
6 20  0.547948  0.631998
6 21  0.280576  0.335058
6 22  0.507341  0.549915
6 23  0.593483  1.064787
6 24  0.606283  0.953354
6 25  0.581296  0.760817
6 26  0.537081  0.586996
6 27  0.603235  1.022222
6 28  0.602218  0.842245
6 29  0.610318  0.900096
6 30  0.599061  0.896805
7 8  0.622386  1.246246
7 9  0.647268  1.247415
7 10  0.614383  0.899442
7 11  0.639490  1.153049
7 12  0.640529  1.059279
7 13  0.631521  1.377071
7 14  0.655689  1.095120
7 15  0.633630  0.927647
7 16  0.613365  1.056087
7 17  0.618574  1.055093
7 18  0.636542  1.091287
7 19  0.614685  0.984335
7 20  0.606428  0.935266
7 21  0.613007  0.900025
7 22  0.616016  0.899427
7 23  0.625637  1.320631
7 24  0.624433  1.220319
7 25  0.639412  1.062476
7 26  0.634801  0.928442
7 27  0.657171  1.317629
7 28  0.660230  1.143797
7 29  0.417458  1.048986
7 30  0.652197  1.196822
8 9  0.644008  1.358309
8 10  0.606853  0.973845
8 11  0.639544  1.238373
8 12  0.633061  1.128695
8 13  0.620536  1.370306
8 14  0.648790  1.189429
8 15  0.626101  1.001902
8 16  0.604968  1.129771
8 17  0.615307  1.114201
8 18  0.607790  1.163356
8 19  0.607173  1.058657
8 20  0.599001  1.009726
8 21  0.605487  0.974561
8 22  0.608504  0.973980
8 23  0.614336  1.407293
8 24  0.421095  1.190539
8 25  0.632108  1.136881
8 26  0.627255  1.002951
8 27  0.649845  1.378291
8 28  0.652460  1.217050
8 29  0.621373  1.239473
8 30  0.645638  1.268840
9 10  0.602686  0.990671
9 11  0.607238  1.292200
9 12  0.626838  1.125338
9 13  0.617757  1.381313
9 14  0.632068  1.150609
9 15  0.621952  1.021601
9 16  0.598196  1.131872
9 17  0.618989  1.150579
9 18  0.629485  1.186188
9 19  0.602965  1.076812
9 20  0.593612  1.028153
9 21  0.601360  0.993173
9 22  0.604230  0.992569
9 23  0.612954  1.429158
9 24  0.648765  1.328758
9 25  0.626588  1.155578
9 26  0.622872  1.021538
9 27  0.396334  1.299214
9 28  0.636896  1.234415
9 29  0.652898  1.290155
9 30  0.607499  1.240773
10 11  0.601798  0.920632
10 12  0.584625  0.754257
10 13  0.597694  1.088051
10 14  0.602653  0.816543
10 15  0.548116  0.598302
10 16  0.560054  0.754866
10 17  0.577910  0.756714
10 18  0.587748  0.796327
10 19  0.560570  0.682047
10 20  0.548185  0.629777
10 21  0.506290  0.548134
10 22  0.281613  0.327573
10 23  0.596864  1.064571
10 24  0.609701  0.953138
10 25  0.585123  0.760866
10 26  0.540903  0.587388
10 27  0.606467  1.021960
10 28  0.605491  0.842167
10 29  0.613731  0.899864
10 30  0.602531  0.896587
11 12  0.627875  1.078971
11 13  0.625869  1.391098
11 14  0.640857  1.119361
11 15  0.621039  0.947478
11 16  0.585599  1.074619
11 17  0.618996  1.078793
11 18  0.628405  1.117833
11 19  0.601851  1.005218
11 20  0.593953  0.955926
11 21  0.600387  0.921104
11 22  0.603450  0.920511
11 23  0.620032  1.346752
11 24  0.647355  1.271652
11 25  0.626874  1.082141
11 26  0.622132  0.949510
11 27  0.611236  1.292023
11 28  0.644786  1.159910
11 29  0.650910  1.220930
11 30  0.389172  1.080579
12 13  0.623640  1.221935
12 14  0.608637  0.956373
12 15  0.596393  0.780255
12 16  0.585423  0.912314
12 17  0.603882  0.917939
12 18  0.613812  0.957398
12 19  0.553118  0.814210
12 20  0.550872  0.774137
12 21  0.583792  0.758256
12 22  0.587750  0.758333
12 23  0.622878  1.223940
12 24  0.635828  1.113620
12 25  0.381251  0.757020
12 26  0.589768  0.772648
12 27  0.631420  1.182315
12 28  0.604019  0.969438
12 29  0.639627  1.060485
12 30  0.628502  1.056341
13 14  0.639301  1.298174
13 15  0.616946  1.118458
13 16  0.593097  1.239862
13 17  0.609295  1.238078
13 18  0.618235  1.271695
13 19  0.598100  1.173856
13 20  0.589557  1.125209
13 21  0.596346  1.090331
13 22  0.599340  1.089753
13 23  0.437933  1.464689
13 24  0.617166  1.407228
13 25  0.622786  1.251562
13 26  0.617993  1.118684
13 27  0.616551  1.481680
13 28  0.639742  1.327671
13 29  0.627148  1.347950
13 30  0.622348  1.347876
14 15  0.620680  0.844102
14 16  0.578804  0.953552
14 17  0.620250  0.977310
14 18  0.630233  1.016836
14 19  0.567322  0.867370
14 20  0.592068  0.852424
14 21  0.601046  0.818251
14 22  0.603685  0.817697
14 23  0.635632  1.278654
14 24  0.651871  1.172242
14 25  0.600330  0.948636
14 26  0.623087  0.847140
14 27  0.637599  1.239200
14 28  0.405503  0.921655
14 29  0.656118  1.119825
14 30  0.642552  1.113583
15 16  0.578529  0.783804
15 17  0.597197  0.785725
15 18  0.607017  0.825324
15 19  0.578242  0.710381
15 20  0.546582  0.638782
15 21  0.538812  0.588423
15 22  0.539235  0.585030
15 23  0.616051  1.093502
15 24  0.628944  0.982100
15 25  0.587770  0.775580
15 26  0.369788  0.442432
15 27  0.625789  1.050966
15 28  0.625450  0.871654
15 29  0.633032  0.928871
15 30  0.621701  0.925585
16 17  0.577298  0.907860
16 18  0.586959  0.936517
16 19  0.556080  0.824759
16 20  0.552037  0.790472
16 21  0.558742  0.754598
16 22  0.561700  0.754719
16 23  0.593873  1.206235
16 24  0.607333  1.078752
16 25  0.583251  0.913950
16 26  0.580367  0.781606
16 27  0.603305  1.175299
16 28  0.584056  0.975309
16 29  0.611116  1.037637
16 30  0.578154  0.984977
17 18  0.559001  0.922379
17 19  0.578429  0.841770
17 20  0.570089  0.790362
17 21  0.576598  0.757115
17 22  0.579606  0.756320
17 23  0.609481  1.209465
17 24  0.621468  1.106121
17 25  0.603239  0.917659
17 26  0.598362  0.785083
17 27  0.621598  1.148817
17 28  0.623652  0.986704
17 29  0.606448  0.990537
17 30  0.617408  1.033847
18 19  0.588258  0.878624
18 20  0.579921  0.831986
18 21  0.586423  0.796581
18 22  0.589431  0.796146
18 23  0.621188  1.246733
18 24  0.609078  1.065962
18 25  0.613086  0.959333
18 26  0.608188  0.824654
18 27  0.632355  1.214568
18 28  0.633619  1.035708
18 29  0.633304  1.073717
18 30  0.627351  1.062331
19 20  0.549058  0.714511
19 21  0.558880  0.680660
19 22  0.562310  0.681882
19 23  0.597120  1.134050
19 24  0.610183  1.030295
19 25  0.557875  0.816166
19 26  0.578117  0.705827
19 27  0.605414  1.099249
19 28  0.576893  0.914548
19 29  0.614263  0.984552
19 30  0.602900  0.975257
20 21  0.546013  0.628040
20 22  0.547756  0.624466
20 23  0.589018  1.093312
20 24  0.601850  0.988619
20 25  0.555299  0.765976
20 26  0.552169  0.644837
20 27  0.598354  1.044376
20 28  0.593435  0.860899
20 29  0.605897  0.932333
20 30  0.594652  0.931614
21 22  0.513444  0.553163
21 23  0.595541  1.063452
21 24  0.608371  0.953005
21 25  0.580533  0.753714
21 26  0.548118  0.596940
21 27  0.605351  1.021371
21 28  0.604933  0.842908
21 29  0.612438  0.900292
21 30  0.601214  0.896639
22 23  0.598549  1.062984
22 24  0.611378  0.952839
22 25  0.584515  0.755582
22 26  0.551527  0.597873
22 27  0.608354  1.019868
22 28  0.607903  0.840767
22 29  0.615445  0.899426
22 30  0.604218  0.896408
23 24  0.624032  1.340244
23 25  0.621916  1.199153
23 26  0.617307  1.093387
23 27  0.622071  1.378627
23 28  0.641793  1.291330
23 29  0.630130  1.345483
23 30  0.625915  1.347346
24 25  0.635023  1.112308
24 26  0.630134  0.981282
24 27  0.649959  1.367082
24 28  0.655088  1.192760
24 29  0.622614  1.226287
24 30  0.642705  1.196841
25 26  0.597465  0.784348
25 27  0.629572  1.150526
25 28  0.612116  0.977890
25 29  0.639036  1.060027
25 30  0.627711  1.058695
26 27  0.627080  1.050032
26 28  0.624808  0.866926
26 29  0.634197  0.927606
26 30  0.622966  0.923787
27 28  0.638445  1.187660
27 29  0.650533  1.264782
27 30  0.609596  1.291553
28 29  0.658538  1.115140
28 30  0.645363  1.119134
29 30  0.639130  1.133651
