  -1146.52124890
  -1146.88947764    -1146.77093680
0.00000871186065
2 2 2 2 2 2 2 2 2 2 2 2 2 2 2 0 0 0 0 0 0 0 0 0 0 0 0 0 0 0 
1  0.274631  0.456629
2  0.292571  0.431860
3  0.302314  0.486214
4  0.277358  0.392878
5  0.265483  0.316730
6  0.276981  0.301039
7  0.335279  0.600814
8  0.327556  0.674263
9  0.323751  0.694280
10  0.280423  0.300249
11  0.322896  0.622286
12  0.307028  0.465835
13  0.318510  0.788445
14  0.323584  0.523415
15  0.299800  0.329558
16  0.280981  0.459266
17  0.298293  0.458973
18  0.307954  0.498374
19  0.281288  0.387633
20  0.272681  0.337904
21  0.279035  0.301158
22  0.282072  0.300047
23  0.317670  0.763394
24  0.330416  0.653258
25  0.306142  0.468032
26  0.300958  0.329251
27  0.327741  0.723501
28  0.327136  0.547363
29  0.334661  0.600969
30  0.323640  0.597909
1 2  0.566929  0.881978
1 3  0.576517  0.925360
1 4  0.547738  0.831251
1 5  0.539905  0.773030
1 6  0.551543  0.756644
1 7  0.607726  1.035437
1 8  0.600348  1.097677
1 9  0.595406  1.147095
1 10  0.554946  0.756674
1 11  0.574953  1.005861
1 12  0.580128  0.916071
1 13  0.590580  1.226280
1 14  0.577919  0.954874
1 15  0.574239  0.783271
1 16  0.265540  0.700751
1 17  0.572825  0.914871
1 18  0.581909  0.954109
1 19  0.550857  0.842375
1 20  0.547213  0.793235
1 21  0.553299  0.757625
1 22  0.556599  0.756564
1 23  0.587769  1.212846
1 24  0.603367  1.107933
1 25  0.579971  0.920072
1 26  0.574876  0.785748
1 27  0.598827  1.162574
1 28  0.578687  0.981489
1 29  0.608534  1.056190
1 30  0.582175  1.051260
2 3  0.550615  0.886278
2 4  0.569921  0.824482
2 5  0.558044  0.747214
2 6  0.569551  0.732844
2 7  0.605117  0.972683
2 8  0.614458  1.099812
2 9  0.613945  1.101902
2 10  0.572993  0.731924
2 11  0.613119  1.033362
2 12  0.599568  0.896061
2 13  0.606609  1.210902
2 14  0.615877  0.943258
2 15  0.592368  0.761063
2 16  0.573485  0.890565
2 17  0.292373  0.660097
2 18  0.556432  0.895849
2 19  0.573768  0.819295
2 20  0.565157  0.769683
2 21  0.571592  0.733004
2 22  0.574620  0.731897
2 23  0.603875  1.184740
2 24  0.614949  1.070289
2 25  0.598460  0.899560
2 26  0.593526  0.761094
2 27  0.619001  1.153728
2 28  0.619503  0.978613
2 29  0.613975  1.029077
2 30  0.615898  1.028736
3 4  0.579669  0.874597
3 5  0.567792  0.802770
3 6  0.579294  0.786960
3 7  0.629462  1.061434
3 8  0.603180  1.075538
3 9  0.624604  1.175233
3 10  0.582736  0.786409
3 11  0.622890  1.074844
3 12  0.609337  0.950464
3 13  0.618358  1.255086
3 14  0.625745  1.003724
3 15  0.602111  0.814955
3 16  0.582680  0.944673
3 17  0.556010  0.909362
3 18  0.300385  0.751884
3 19  0.583458  0.873536
3 20  0.574967  0.823995
3 21  0.581334  0.787348
3 22  0.584373  0.786248
3 23  0.613361  1.234248
3 24  0.608036  1.131415
3 25  0.608330  0.953694
3 26  0.603271  0.815434
3 27  0.629545  1.204069
3 28  0.629422  1.032724
3 29  0.632395  1.079983
3 30  0.625280  1.082530
4 5  0.540012  0.706893
4 6  0.553872  0.691747
4 7  0.612619  0.992200
4 8  0.604876  1.055119
4 9  0.599874  1.080094
4 10  0.557627  0.692834
4 11  0.600051  1.004034
4 12  0.556386  0.827977
4 13  0.595600  1.161906
4 14  0.571203  0.901097
4 15  0.574375  0.716156
4 16  0.553405  0.850368
4 17  0.575513  0.851606
4 18  0.585086  0.890920
4 19  0.286563  0.556918
4 20  0.549070  0.727858
4 21  0.554960  0.693065
4 22  0.558863  0.692389
4 23  0.594938  1.154838
4 24  0.607489  1.045386
4 25  0.550021  0.831152
4 26  0.576858  0.721367
4 27  0.604839  1.114695
4 28  0.568818  0.905971
4 29  0.611765  0.993264
4 30  0.600519  0.990082
5 6  0.538188  0.612653
5 7  0.600723  0.915252
5 8  0.593019  0.990693
5 9  0.588856  1.002120
5 10  0.539840  0.608964
5 11  0.588313  0.938326
5 12  0.551261  0.757040
5 13  0.583978  1.100772
5 14  0.584416  0.826243
5 15  0.546618  0.631422
5 16  0.546305  0.775172
5 17  0.563688  0.775625
5 18  0.573410  0.815018
5 19  0.545904  0.701797
5 20  0.257288  0.395644
5 21  0.543538  0.616552
5 22  0.543979  0.614075
5 23  0.582837  1.079634
5 24  0.595895  0.969780
5 25  0.543663  0.764306
5 26  0.540545  0.622396
5 27  0.591907  1.039756
5 28  0.589959  0.862690
5 29  0.600042  0.917529
5 30  0.589116  0.914339
6 7  0.612256  0.901816
6 8  0.604536  0.974279
6 9  0.600697  0.993403
6 10  0.510551  0.557310
6 11  0.599865  0.922690
6 12  0.580450  0.758038
6 13  0.595488  1.086639
6 14  0.600445  0.823849
6 15  0.545833  0.601709
6 16  0.557548  0.760058
6 17  0.575231  0.759996
6 18  0.584898  0.799391
6 19  0.556879  0.687634
6 20  0.548430  0.637614
6 21  0.280892  0.340141
6 22  0.507714  0.554095
6 23  0.594650  1.064343
6 24  0.607356  0.954254
6 25  0.582075  0.768494
6 26  0.537588  0.591110
6 27  0.604644  1.024489
6 28  0.603282  0.847524
6 29  0.611563  0.901972
6 30  0.600517  0.898893
7 8  0.624276  1.244833
7 9  0.649548  1.247485
7 10  0.615699  0.900852
7 11  0.641679  1.153024
7 12  0.642230  1.064686
7 13  0.633636  1.374156
7 14  0.657664  1.098081
7 15  0.635071  0.929289
7 16  0.615528  1.058788
7 17  0.620200  1.055727
7 18  0.638052  1.091910
7 19  0.616385  0.987874
7 20  0.607842  0.938482
7 21  0.614281  0.901937
7 22  0.617317  0.900833
7 23  0.627724  1.318360
7 24  0.626377  1.219271
7 25  0.641114  1.067672
7 26  0.636236  0.930019
7 27  0.659495  1.317621
7 28  0.662228  1.146735
7 29  0.419451  1.048168
7 30  0.654520  1.196571
8 9  0.646079  1.357244
8 10  0.607977  0.974152
8 11  0.641674  1.237520
8 12  0.634569  1.132791
8 13  0.622416  1.367082
8 14  0.650574  1.191527
8 15  0.627352  1.002406
8 16  0.606925  1.131418
8 17  0.616794  1.114039
8 18  0.609091  1.162715
8 19  0.608649  1.061110
8 20  0.600233  1.011835
8 21  0.606569  0.975370
8 22  0.609618  0.974285
8 23  0.616150  1.403763
8 24  0.422915  1.188063
8 25  0.633638  1.140985
8 26  0.628498  1.003427
8 27  0.651974  1.377352
8 28  0.654258  1.218873
8 29  0.623301  1.238373
8 30  0.647813  1.267541
9 10  0.604137  0.992253
9 11  0.609715  1.292658
9 12  0.628641  1.130480
9 13  0.619825  1.379136
9 14  0.634054  1.153841
9 15  0.623528  1.023623
9 16  0.600506  1.135139
9 17  0.620766  1.151582
9 18  0.631118  1.186899
9 19  0.604779  1.080643
9 20  0.595135  1.031690
9 21  0.602773  0.995394
9 22  0.605665  0.994284
9 23  0.614999  1.426971
9 24  0.650891  1.327837
9 25  0.628446  1.161117
9 26  0.624442  1.023427
9 27  0.398681  1.299402
9 28  0.639003  1.237593
9 29  0.655219  1.290067
9 30  0.609987  1.241398
10 11  0.603304  0.922438
10 12  0.585412  0.761300
10 13  0.598929  1.086607
10 14  0.603745  0.821616
10 15  0.548675  0.602138
10 16  0.561328  0.759403
10 17  0.578668  0.759209
10 18  0.588346  0.798610
10 19  0.561360  0.687443
10 20  0.548701  0.634893
10 21  0.506666  0.552238
10 22  0.282013  0.331500
10 23  0.598061  1.063578
10 24  0.610815  0.953484
10 25  0.585931  0.767978
10 26  0.541444  0.590968
10 27  0.607900  1.023673
10 28  0.606573  0.846909
10 29  0.615014  0.901185
10 30  0.604021  0.898121
11 12  0.629761  1.084653
11 13  0.628155  1.388604
11 14  0.643018  1.122856
11 15  0.622674  0.949427
11 16  0.587815  1.077601
11 17  0.620861  1.079852
11 18  0.630078  1.118711
11 19  0.603737  1.009138
11 20  0.595568  0.959509
11 21  0.601848  0.923398
11 22  0.604947  0.922299
11 23  0.622300  1.344800
11 24  0.649546  1.270636
11 25  0.628772  1.087729
11 26  0.623751  0.951471
11 27  0.613772  1.292964
11 28  0.646964  1.163410
11 29  0.653220  1.220853
11 30  0.391477  1.080087
12 13  0.625250  1.223864
12 14  0.610070  0.965410
12 15  0.597286  0.787762
12 16  0.587073  0.920864
12 17  0.604992  0.924444
12 18  0.614783  0.963668
12 19  0.554284  0.823941
12 20  0.551753  0.783472
12 21  0.584553  0.766055
12 22  0.588531  0.765610
12 23  0.624461  1.226903
12 24  0.637333  1.117938
12 25  0.382426  0.769462
12 26  0.590655  0.780109
12 27  0.633252  1.188008
12 28  0.605477  0.978035
12 29  0.641289  1.065765
12 30  0.630379  1.061855
13 14  0.641200  1.298872
13 15  0.618308  1.117420
13 16  0.595191  1.239857
13 17  0.610862  1.236109
13 18  0.619657  1.269641
13 19  0.599708  1.174676
13 20  0.590881  1.125703
13 21  0.597544  1.089518
13 22  0.600563  1.088437
13 23  0.439904  1.459423
13 24  0.618995  1.403433
13 25  0.624417  1.254036
13 26  0.619345  1.117543
13 27  0.618631  1.479279
13 28  0.641630  1.327832
13 29  0.629226  1.345249
13 30  0.624642  1.345418
14 15  0.621871  0.849420
14 16  0.580769  0.960258
14 17  0.621683  0.981714
14 18  0.631517  1.021023
14 19  0.568794  0.874773
14 20  0.593264  0.859411
14 21  0.602092  0.823873
14 22  0.604747  0.822840
14 23  0.637482  1.279518
14 24  0.653655  1.174500
14 25  0.601789  0.957439
14 26  0.624293  0.852468
14 27  0.639682  1.242752
14 28  0.407304  0.929182
14 29  0.658084  1.123067
14 30  0.644711  1.117149
15 16  0.579900  0.788635
15 17  0.598092  0.788511
15 18  0.607748  0.827897
15 19  0.579151  0.716100
15 20  0.547203  0.644271
15 21  0.539328  0.592599
15 22  0.539772  0.588713
15 23  0.617377  1.092798
15 24  0.630189  0.982734
15 25  0.588695  0.783008
15 26  0.370420  0.447089
15 27  0.627362  1.052970
15 28  0.626674  0.876701
15 29  0.634453  0.930485
15 30  0.623313  0.927412
16 17  0.578907  0.911501
16 18  0.588406  0.939739
16 19  0.557702  0.831024
16 20  0.553419  0.796815
16 21  0.559980  0.759518
16 22  0.562964  0.759231
16 23  0.595902  1.206469
16 24  0.609254  1.080115
16 25  0.584908  0.922106
16 26  0.581759  0.786131
16 27  0.605592  1.178318
16 28  0.585980  0.981006
16 29  0.613211  1.040058
16 30  0.580104  0.987175
17 18  0.559861  0.923802
17 19  0.579571  0.846392
17 20  0.570960  0.794471
17 21  0.577327  0.760088
17 22  0.580365  0.758755
17 23  0.611029  1.207698
17 24  0.622925  1.105709
17 25  0.604404  0.923844
17 26  0.599247  0.787681
17 27  0.623354  1.149557
17 28  0.625091  0.990218
17 29  0.608026  0.991047
17 30  0.619252  1.034606
18 19  0.589239  0.882851
18 20  0.580629  0.836055
18 21  0.586988  0.799313
18 22  0.590026  0.798405
18 23  0.622605  1.244997
18 24  0.610385  1.065533
18 25  0.614091  0.965389
18 26  0.608910  0.827014
18 27  0.633989  1.215255
18 28  0.634908  1.039245
18 29  0.634767  1.074056
18 30  0.629034  1.062918
19 20  0.549943  0.721679
19 21  0.559626  0.686376
19 22  0.563087  0.687229
19 23  0.598684  1.134801
19 24  0.611676  1.032444
19 25  0.559041  0.825032
19 26  0.579008  0.711177
19 27  0.607183  1.102846
19 28  0.578384  0.921544
19 29  0.615929  0.987982
19 30  0.604772  0.978755
20 21  0.546489  0.633496
20 22  0.548264  0.629312
20 23  0.590326  1.093809
20 24  0.603069  0.990746
20 25  0.556208  0.774302
20 26  0.552779  0.650227
20 27  0.599896  1.047399
20 28  0.594622  0.866980
20 29  0.607294  0.935261
20 30  0.596252  0.934926
21 22  0.513809  0.557132
21 23  0.596704  1.062734
21 24  0.609450  0.953744
21 25  0.581305  0.760889
21 26  0.548614  0.600952
21 27  0.606758  1.023448
21 28  0.605999  0.848129
21 29  0.613694  0.902096
21 30  0.602671  0.898601
22 23  0.599741  1.061839
22 24  0.612486  0.953152
22 25  0.585306  0.762394
22 26  0.552072  0.601514
22 27  0.609792  1.021384
22 28  0.608998  0.845379
22 29  0.616731  0.900690
22 30  0.605705  0.897917
23 24  0.625888  1.337249
23 25  0.623511  1.201261
23 26  0.618626  1.092539
23 27  0.624113  1.376623
23 28  0.643663  1.291986
23 29  0.632182  1.342778
23 30  0.628162  1.344861
24 25  0.636541  1.116288
24 26  0.631369  0.981690
24 27  0.651991  1.365963
24 28  0.656874  1.194443
24 29  0.624492  1.224781
24 30  0.644828  1.195809
25 26  0.598375  0.791574
25 27  0.631381  1.155356
25 28  0.613569  0.986307
25 29  0.640733  1.065124
25 30  0.629602  1.063964
26 27  0.628643  1.051874
26 28  0.626002  0.871650
26 29  0.635608  0.928986
26 30  0.624580  0.925353
27 28  0.640412  1.190495
27 29  0.652787  1.264839
27 30  0.612061  1.291713
28 29  0.660494  1.117583
28 30  0.647528  1.121953
29 30  0.641282  1.133238
