  -1146.52124890
  -1146.88960764    -1146.77127043
0.00000318395406
2 2 2 2 2 2 2 2 2 2 2 2 2 2 2 0 0 0 0 0 0 0 0 0 0 0 0 0 0 0 
1  0.275122  0.458099
2  0.292811  0.432369
3  0.302471  0.486766
4  0.277645  0.394866
5  0.265642  0.318541
6  0.277056  0.302424
7  0.335795  0.600755
8  0.328006  0.673600
9  0.324327  0.694187
10  0.280517  0.301250
11  0.323504  0.622281
12  0.307335  0.468987
13  0.318975  0.786752
14  0.324019  0.525212
15  0.299961  0.330661
16  0.281488  0.460690
17  0.298526  0.459468
18  0.308137  0.498836
19  0.281580  0.389758
20  0.272847  0.339889
21  0.279113  0.302503
22  0.282169  0.301051
23  0.318119  0.761884
24  0.330867  0.652572
25  0.306438  0.471118
26  0.301121  0.330254
27  0.328322  0.723444
28  0.327567  0.548925
29  0.335176  0.600848
30  0.324243  0.597754
1 2  0.567651  0.883888
1 3  0.577159  0.927181
1 4  0.548501  0.834488
1 5  0.540554  0.776308
1 6  0.552109  0.759437
1 7  0.608707  1.036762
1 8  0.601272  1.098371
1 9  0.596462  1.148494
1 10  0.555528  0.759130
1 11  0.575883  1.007024
1 12  0.580918  0.920555
1 13  0.591518  1.226044
1 14  0.578823  0.957983
1 15  0.574891  0.785742
1 16  0.266492  0.703732
1 17  0.573552  0.916826
1 18  0.582559  0.956050
1 19  0.551638  0.845980
1 20  0.547869  0.796679
1 21  0.553860  0.760437
1 22  0.557181  0.759029
1 23  0.588704  1.212813
1 24  0.604288  1.108740
1 25  0.580754  0.924631
1 26  0.575521  0.788220
1 27  0.599894  1.164114
1 28  0.579610  0.984662
1 29  0.609540  1.057542
1 30  0.583201  1.052520
2 3  0.550943  0.887301
2 4  0.570445  0.826976
2 5  0.558439  0.749427
2 6  0.569865  0.734731
2 7  0.605852  0.973066
2 8  0.615142  1.099650
2 9  0.614745  1.102219
2 10  0.573327  0.733413
2 11  0.613962  1.033866
2 12  0.600112  0.899655
2 13  0.607310  1.209714
2 14  0.616542  0.945317
2 15  0.592768  0.762649
2 16  0.574234  0.892490
2 17  0.292801  0.661059
2 18  0.556826  0.897018
2 19  0.574294  0.821925
2 20  0.565541  0.772174
2 21  0.571907  0.734857
2 22  0.574952  0.733409
2 23  0.604558  1.183784
2 24  0.615639  1.070227
2 25  0.598982  0.903148
2 26  0.593927  0.762603
2 27  0.619806  1.154202
2 28  0.620167  0.980688
2 29  0.614727  1.029470
2 30  0.616741  1.029104
3 4  0.580112  0.876997
3 5  0.568107  0.805117
3 6  0.579526  0.788870
3 7  0.630126  1.061895
3 8  0.603808  1.075445
3 9  0.625338  1.175664
3 10  0.582988  0.787961
3 11  0.623664  1.075382
3 12  0.609802  0.954110
3 13  0.618994  1.254071
3 14  0.626334  1.005931
3 15  0.602429  0.816546
3 16  0.583319  0.946656
3 17  0.556372  0.910620
3 18  0.300686  0.752897
3 19  0.583900  0.876210
3 20  0.575287  0.826520
3 21  0.581566  0.789244
3 22  0.584625  0.787802
3 23  0.613969  1.233400
3 24  0.608641  1.131295
3 25  0.608776  0.957302
3 26  0.603591  0.816986
3 27  0.630283  1.204557
3 28  0.630009  1.034833
3 29  0.633072  1.080493
3 30  0.626032  1.082948
4 5  0.540450  0.710678
4 6  0.554232  0.695029
4 7  0.613419  0.994102
4 8  0.605612  1.056244
4 9  0.600717  1.081911
4 10  0.558008  0.695811
4 11  0.600946  1.005888
4 12  0.556975  0.832911
4 13  0.596340  1.161995
4 14  0.571925  0.904911
4 15  0.574814  0.719103
4 16  0.554197  0.853790
4 17  0.576024  0.854082
4 18  0.585543  0.893367
4 19  0.287096  0.561382
4 20  0.549519  0.731820
4 21  0.555317  0.696403
4 22  0.559247  0.695380
4 23  0.595669  1.155311
4 24  0.608210  1.046688
4 25  0.550601  0.836395
4 26  0.577305  0.724367
4 27  0.605699  1.116600
4 28  0.569547  0.909618
4 29  0.612568  0.995114
4 30  0.601411  0.991909
5 6  0.538424  0.615779
5 7  0.601396  0.916904
5 8  0.593624  0.991828
5 9  0.589589  1.003618
5 10  0.540095  0.611668
5 11  0.589079  0.940115
5 12  0.551737  0.761736
5 13  0.584601  1.100759
5 14  0.584995  0.829605
5 15  0.546927  0.634434
5 16  0.546971  0.778394
5 17  0.564060  0.777926
5 18  0.573750  0.817282
5 19  0.546354  0.705715
5 20  0.257575  0.399697
5 21  0.543775  0.619698
5 22  0.544228  0.616913
5 23  0.583436  1.079923
5 24  0.596505  0.970894
5 25  0.544122  0.769348
5 26  0.540859  0.625306
5 27  0.592631  1.041502
5 28  0.590544  0.866064
5 29  0.600720  0.919212
5 30  0.589879  0.915987
6 7  0.612847  0.903139
6 8  0.605060  0.974932
6 9  0.601347  0.994600
6 10  0.510717  0.559817
6 11  0.600548  0.924025
6 12  0.580828  0.762299
6 13  0.596027  1.086161
6 14  0.600955  0.827012
6 15  0.546078  0.604267
6 16  0.558122  0.762862
6 17  0.575533  0.761875
6 18  0.585149  0.801235
6 19  0.557239  0.691148
6 20  0.548670  0.640978
6 21  0.281037  0.343281
6 22  0.507886  0.556715
6 23  0.595173  1.064210
6 24  0.607880  0.954949
6 25  0.582447  0.772972
6 26  0.537834  0.593595
6 27  0.605298  1.025813
6 28  0.603786  0.850453
6 29  0.612147  0.903233
6 30  0.601191  0.900119
7 8  0.625166  1.244139
7 9  0.650604  1.247401
7 10  0.616310  0.901779
7 11  0.642703  1.152947
7 12  0.643058  1.067760
7 13  0.634601  1.372510
7 14  0.658609  1.099623
7 15  0.635747  0.930271
7 16  0.616548  1.060159
7 17  0.620942  1.056165
7 18  0.638755  1.092398
7 19  0.617191  0.989917
7 20  0.608527  0.940397
7 21  0.614870  0.903221
7 22  0.617921  0.901776
7 23  0.628677  1.317096
7 24  0.627291  1.218787
7 25  0.641915  1.070653
7 26  0.636916  0.930961
7 27  0.660579  1.317547
7 28  0.663166  1.148249
7 29  0.420399  1.047899
7 30  0.655602  1.196384
8 9  0.647048  1.356569
8 10  0.608522  0.974480
8 11  0.642694  1.236992
8 12  0.635326  1.135134
8 13  0.623306  1.365313
8 14  0.651448  1.192580
8 15  0.627963  1.002771
8 16  0.607862  1.132203
8 17  0.617479  1.114031
8 18  0.609727  1.162528
8 19  0.609374  1.062579
8 20  0.600849  1.013140
8 21  0.607096  0.976049
8 22  0.610166  0.974623
8 23  0.617019  1.401790
8 24  0.423795  1.186838
8 25  0.634384  1.143373
8 26  0.629111  1.003764
8 27  0.652987  1.376793
8 28  0.655129  1.219767
8 29  0.624220  1.237877
8 30  0.648853  1.266770
9 10  0.604807  0.993066
9 11  0.610874  1.292656
9 12  0.629510  1.133202
9 13  0.620771  1.377726
9 14  0.634999  1.155338
9 15  0.624264  1.024627
9 16  0.601585  1.136622
9 17  0.621561  1.152008
9 18  0.631876  1.187266
9 19  0.605639  1.082652
9 20  0.595862  1.033577
9 21  0.603426  0.996643
9 22  0.606330  0.995192
9 23  0.615936  1.425508
9 24  0.651898  1.327221
9 25  0.629320  1.164092
9 26  0.625178  1.024336
9 27  0.399775  1.299287
9 28  0.639987  1.239035
9 29  0.656301  1.289902
9 30  0.611136  1.241468
10 11  0.604006  0.923427
10 12  0.585813  0.765305
10 13  0.599488  1.085827
10 14  0.604276  0.824353
10 15  0.548940  0.604407
10 16  0.561932  0.761827
10 17  0.578988  0.760703
10 18  0.588620  0.800071
10 19  0.561749  0.690566
10 20  0.548958  0.637906
10 21  0.506839  0.554799
10 22  0.282207  0.333874
10 23  0.598604  1.063065
10 24  0.611361  0.953798
10 25  0.586320  0.772070
10 26  0.541707  0.593077
10 27  0.608573  1.024614
10 28  0.607090  0.849464
10 29  0.615619  0.902063
10 30  0.604716  0.898964
11 12  0.630673  1.087714
11 13  0.629206  1.387049
11 14  0.644052  1.124543
11 15  0.623442  0.950436
11 16  0.588846  1.078950
11 17  0.621703  1.080355
11 18  0.630859  1.119193
11 19  0.604642  1.011245
11 20  0.596342  0.961473
11 21  0.602528  0.924735
11 22  0.605651  0.923294
11 23  0.623333  1.343553
11 24  0.650594  1.269986
11 25  0.629671  1.090780
11 26  0.624516  0.952469
11 27  0.614943  1.293265
11 28  0.647991  1.165055
11 29  0.654303  1.220752
11 30  0.392558  1.079616
12 13  0.626016  1.224906
12 14  0.610784  0.970272
12 15  0.597738  0.791973
12 16  0.587882  0.925433
12 17  0.605518  0.928079
12 18  0.615262  0.967251
12 19  0.554885  0.829400
12 20  0.552230  0.788744
12 21  0.584939  0.770562
12 22  0.588932  0.769769
12 23  0.625216  1.228502
12 24  0.638091  1.120370
12 25  0.383025  0.776403
12 26  0.591110  0.784288
12 27  0.634141  1.191079
12 28  0.606200  0.982666
12 29  0.642094  1.068756
12 30  0.631288  1.064826
13 14  0.642090  1.299021
13 15  0.618934  1.116805
13 16  0.596157  1.239607
13 17  0.611554  1.234974
13 18  0.620300  1.268537
13 19  0.600461  1.175096
13 20  0.591500  1.125982
13 21  0.598086  1.089161
13 22  0.601125  1.087743
13 23  0.440835  1.456387
13 24  0.619861  1.401252
13 25  0.625175  1.255388
13 26  0.619973  1.116849
13 27  0.619605  1.477720
13 28  0.642506  1.327693
13 29  0.630188  1.343723
13 30  0.625693  1.343867
14 15  0.622455  0.852231
14 16  0.581713  0.963607
14 17  0.622342  0.984007
14 18  0.632134  1.023279
14 19  0.569522  0.878747
14 20  0.593864  0.863194
14 21  0.602602  0.826994
14 22  0.605267  0.825631
14 23  0.638348  1.279768
14 24  0.654534  1.175610
14 25  0.602499  0.962238
14 26  0.624888  0.855264
14 27  0.640671  1.244451
14 28  0.408192  0.932995
14 29  0.659027  1.124748
14 30  0.645738  1.118851
15 16  0.580555  0.791161
15 17  0.598487  0.790107
15 18  0.608089  0.829460
15 19  0.579601  0.719339
15 20  0.547519  0.647446
15 21  0.539578  0.595135
15 22  0.540034  0.590918
15 23  0.617988  1.092385
15 24  0.630801  0.983146
15 25  0.589141  0.787234
15 26  0.370739  0.449696
15 27  0.628103  1.054012
15 28  0.627262  0.879361
15 29  0.635128  0.931465
15 30  0.624070  0.928360
16 17  0.579636  0.913341
16 18  0.589092  0.941450
16 19  0.558487  0.834356
16 20  0.554093  0.800224
16 21  0.560566  0.762222
16 22  0.563566  0.761653
16 23  0.596842  1.206380
16 24  0.610190  1.080766
16 25  0.585701  0.926500
16 26  0.582429  0.788471
16 27  0.606670  1.179712
16 28  0.586899  0.983824
16 29  0.614210  1.041278
16 30  0.581032  0.988169
17 18  0.560208  0.924714
17 19  0.580095  0.849008
17 20  0.571354  0.796796
17 21  0.577638  0.761922
17 22  0.580695  0.760227
17 23  0.611712  1.206689
17 24  0.623602  1.105513
17 25  0.604931  0.927326
17 26  0.599643  0.789144
17 27  0.624152  1.149897
17 28  0.625753  0.992017
17 29  0.608761  0.991389
17 30  0.620086  1.034947
18 19  0.589713  0.885322
18 20  0.580976  0.838485
18 21  0.587248  0.801093
18 22  0.590305  0.799869
18 23  0.623248  1.244077
18 24  0.611033  1.065371
18 25  0.614571  0.968895
18 26  0.609255  0.828425
18 27  0.634760  1.215646
18 28  0.635516  1.041128
18 29  0.635451  1.074380
18 30  0.629821  1.063259
19 20  0.550394  0.725772
19 21  0.559994  0.689743
19 22  0.563475  0.690338
19 23  0.599418  1.135189
19 24  0.612418  1.033697
19 25  0.559625  0.830012
19 26  0.579456  0.714194
19 27  0.608027  1.104773
19 28  0.579110  0.925284
19 29  0.616735  0.989975
19 30  0.605668  0.980642
20 21  0.546733  0.636767
20 22  0.548527  0.632176
20 23  0.590940  1.094109
20 24  0.603681  0.992031
20 25  0.556678  0.779036
20 26  0.553095  0.653309
20 27  0.600641  1.049050
20 28  0.595205  0.870263
20 29  0.607972  0.936995
20 30  0.597020  0.936739
21 22  0.513982  0.559615
21 23  0.597231  1.062424
21 24  0.609979  0.954341
21 25  0.581677  0.765066
21 26  0.548861  0.603371
21 27  0.607416  1.024661
21 28  0.606507  0.851022
21 29  0.614287  0.903318
21 30  0.603352  0.899754
22 23  0.600287  1.061245
22 24  0.613033  0.953461
22 25  0.585695  0.766322
22 26  0.552344  0.603672
22 27  0.610470  1.022223
22 28  0.609527  0.847875
22 29  0.617343  0.901551
22 30  0.606405  0.898763
23 24  0.626771  1.335579
23 25  0.624253  1.202431
23 26  0.619238  1.092026
23 27  0.625066  1.375364
23 28  0.644528  1.292114
23 29  0.633132  1.341250
23 30  0.629194  1.343339
24 25  0.637288  1.118571
24 26  0.631983  0.981953
24 27  0.652959  1.365271
24 28  0.657747  1.195242
24 29  0.625385  1.224020
24 30  0.645847  1.195172
25 26  0.598824  0.795651
25 27  0.632240  1.157990
25 28  0.614270  0.990862
25 29  0.641548  1.068070
25 30  0.630498  1.066842
26 27  0.629386  1.052805
26 28  0.626583  0.874117
26 29  0.636285  0.929807
26 30  0.625346  0.926135
27 28  0.641347  1.191821
27 29  0.653852  1.264782
27 30  0.613214  1.291603
28 29  0.661426  1.118837
28 30  0.648552  1.123273
29 30  0.642301  1.132972
