  -1146.52329740
  -1146.89646971    -1146.78307449
0.00004861582113
2 2 2 2 2 2 2 2 2 2 2 2 2 2 2 0 0 0 0 0 0 0 0 0 0 0 0 0 0 0 
1  0.325981  0.542910
2  0.333887  0.615034
3  0.307662  0.451932
4  0.297802  0.406357
5  0.313670  0.370234
6  0.346258  0.568234
7  0.357653  0.640873
8  0.285349  0.319133
9  0.343830  0.653056
10  0.324271  0.804154
11  0.336609  0.742967
12  0.281313  0.299064
13  0.311528  0.351865
14  0.282541  0.308637
15  0.282297  0.296266
16  0.331709  0.564246
17  0.340277  0.631505
18  0.314110  0.475462
19  0.303895  0.429087
20  0.355720  0.636616
21  0.337675  0.720938
22  0.346888  0.653987
23  0.313794  0.364324
24  0.316276  0.382151
25  0.284947  0.312885
26  0.287763  0.324057
27  0.322276  0.764184
28  0.346691  0.573917
29  0.284066  0.300526
30  0.284482  0.296836
1 2  0.622494  1.132694
1 3  0.632842  0.978207
1 4  0.623133  0.940021
1 5  0.637918  0.909722
1 6  0.668499  1.081858
1 7  0.657048  1.096095
1 8  0.611146  0.861758
1 9  0.666648  1.162077
1 10  0.645624  1.325972
1 11  0.657616  1.280651
1 12  0.607226  0.841599
1 13  0.626349  0.869875
1 14  0.606380  0.846240
1 15  0.607359  0.838083
1 16  0.384550  0.940041
1 17  0.632451  1.131843
1 18  0.639759  1.017491
1 19  0.629828  0.971401
1 20  0.669499  1.176299
1 21  0.657150  1.241014
1 22  0.671651  1.194481
1 23  0.631006  0.903699
1 24  0.640773  0.922007
1 25  0.608862  0.854494
1 26  0.613686  0.865905
1 27  0.643552  1.296526
1 28  0.672124  1.115411
1 29  0.609992  0.843051
1 30  0.610044  0.839388
2 3  0.641004  1.063483
2 4  0.630914  1.007049
2 5  0.636054  0.950786
2 6  0.676951  1.152452
2 7  0.681742  1.228693
2 8  0.616312  0.921907
2 9  0.675660  1.262122
2 10  0.655791  1.386680
2 11  0.643247  1.235165
2 12  0.613774  0.909675
2 13  0.644296  0.965308
2 14  0.616236  0.921810
2 15  0.616105  0.909656
2 16  0.631599  1.136208
2 17  0.395631  1.088945
2 18  0.647894  1.088535
2 19  0.637325  1.043306
2 20  0.685672  1.240614
2 21  0.649196  1.325403
2 22  0.680226  1.261925
2 23  0.645881  0.976357
2 24  0.640304  0.994031
2 25  0.618805  0.927156
2 26  0.619212  0.938006
2 27  0.651097  1.360955
2 28  0.679850  1.186703
2 29  0.617461  0.915262
2 30  0.618312  0.911585
3 4  0.561447  0.828454
3 5  0.621307  0.821729
3 6  0.645093  1.001851
3 7  0.662296  1.066445
3 8  0.593007  0.770947
3 9  0.622110  1.028304
3 10  0.629688  1.230980
3 11  0.642860  1.191949
3 12  0.588973  0.750824
3 13  0.619144  0.800407
3 14  0.590195  0.759458
3 15  0.589955  0.747898
3 16  0.639037  1.015332
3 17  0.647852  1.081644
3 18  0.309468  0.680040
3 19  0.568364  0.848351
3 20  0.662842  1.087263
3 21  0.644575  1.167858
3 22  0.630189  1.098767
3 23  0.621315  0.816186
3 24  0.623934  0.833951
3 25  0.592504  0.764784
3 26  0.595393  0.775927
3 27  0.623642  1.207093
3 28  0.649606  1.019787
3 29  0.591710  0.752433
3 30  0.592118  0.748756
4 5  0.611425  0.773466
4 6  0.617932  0.921058
4 7  0.651741  1.025340
4 8  0.583140  0.724647
4 9  0.636037  1.053409
4 10  0.619195  1.205867
4 11  0.631829  1.132025
4 12  0.579109  0.705175
4 13  0.609299  0.756895
4 14  0.580341  0.714974
4 15  0.580099  0.702573
4 16  0.629463  0.970053
4 17  0.637620  1.037133
4 18  0.568860  0.849493
4 19  0.299795  0.588257
4 20  0.652766  1.042073
4 21  0.634026  1.125945
4 22  0.637561  1.049743
4 23  0.611588  0.770646
4 24  0.613967  0.788444
4 25  0.582709  0.719215
4 26  0.585476  0.730380
4 27  0.615115  1.162468
4 28  0.629670  0.975396
4 29  0.581841  0.706869
4 30  0.582269  0.703179
5 6  0.659690  0.932200
5 7  0.670727  1.006612
5 8  0.559201  0.651661
5 9  0.657371  1.022893
5 10  0.637902  1.168157
5 11  0.649047  1.092031
5 12  0.558521  0.643460
5 13  0.617461  0.715212
5 14  0.595054  0.677016
5 15  0.594005  0.663277
5 16  0.644320  0.931980
5 17  0.643654  0.998535
5 18  0.627769  0.845573
5 19  0.617439  0.799261
5 20  0.669288  1.006068
5 21  0.648548  1.090601
5 22  0.660542  1.023800
5 23  0.617827  0.725947
5 24  0.388452  0.549432
5 25  0.598263  0.682487
5 26  0.552664  0.655892
5 27  0.635222  1.133306
5 28  0.660264  0.944004
5 29  0.550108  0.631852
5 30  0.595944  0.665039
6 7  0.681930  1.135180
6 8  0.631553  0.886094
6 9  0.648806  1.192606
6 10  0.658388  1.363990
6 11  0.673150  1.276379
6 12  0.627547  0.866999
6 13  0.657543  0.915741
6 14  0.628768  0.876668
6 15  0.628549  0.864455
6 16  0.677418  1.130999
6 17  0.685719  1.197320
6 18  0.654773  1.036379
6 19  0.634608  0.991872
6 20  0.695850  1.202732
6 21  0.679938  1.282343
6 22  0.655245  1.189210
6 23  0.659949  0.932470
6 24  0.662454  0.950193
6 25  0.631092  0.881030
6 26  0.633911  0.892174
6 27  0.652359  1.297683
6 28  0.436946  0.985066
6 29  0.630281  0.868717
6 30  0.630718  0.865020
7 8  0.642915  0.959794
7 9  0.690119  1.241971
7 10  0.663956  1.420053
7 11  0.658087  1.363176
7 12  0.638932  0.939834
7 13  0.667567  0.979784
7 14  0.639867  0.947088
7 15  0.639854  0.936714
7 16  0.676657  1.201293
7 17  0.693269  1.259659
7 18  0.671106  1.114790
7 19  0.660786  1.068927
7 20  0.464179  1.119686
7 21  0.661373  1.323277
7 22  0.700469  1.289463
7 23  0.670067  1.004874
7 24  0.673785  1.021909
7 25  0.642096  0.953501
7 26  0.645359  0.964383
7 27  0.658977  1.369102
7 28  0.698108  1.212377
7 29  0.641669  0.941211
7 30  0.642061  0.937627
8 9  0.629164  0.971328
8 10  0.609594  1.115816
8 11  0.621495  1.050140
8 12  0.518158  0.572537
8 13  0.596067  0.670172
8 14  0.567797  0.626879
8 15  0.567417  0.614860
8 16  0.616961  0.882517
8 17  0.623173  0.949469
8 18  0.599391  0.794532
8 19  0.589119  0.748182
8 20  0.640948  0.955321
8 21  0.622244  1.039853
8 22  0.632186  0.972947
8 23  0.598785  0.682806
8 24  0.553003  0.663072
8 25  0.570204  0.631941
8 26  0.295793  0.386795
8 27  0.607562  1.083059
8 28  0.631873  0.892943
8 29  0.516105  0.574027
8 30  0.569717  0.615884
9 10  0.645674  1.350803
9 11  0.675030  1.381146
9 12  0.625139  0.951307
9 13  0.655103  0.997885
9 14  0.626321  0.958609
9 15  0.626113  0.948326
9 16  0.674285  1.214662
9 17  0.683495  1.277191
9 18  0.632386  1.120708
9 19  0.639838  1.069084
9 20  0.695977  1.284841
9 21  0.677840  1.354527
9 22  0.441417  1.161602
9 23  0.657226  1.017181
9 24  0.660074  1.034695
9 25  0.628577  0.965860
9 26  0.631577  0.976909
9 27  0.640946  1.390793
9 28  0.652927  1.194192
9 29  0.627884  0.953503
9 30  0.628281  0.949866
10 11  0.639513  1.420493
10 12  0.605555  1.098907
10 13  0.635337  1.150786
10 14  0.606651  1.106270
10 15  0.606526  1.097269
10 16  0.651314  1.356648
10 17  0.659060  1.415999
10 18  0.631814  1.269327
10 19  0.623305  1.223548
10 20  0.659318  1.403477
10 21  0.635852  1.496420
10 22  0.645490  1.430552
10 23  0.636940  1.167733
10 24  0.639737  1.184910
10 25  0.608973  1.116826
10 26  0.611925  1.127908
10 27  0.450764  1.453564
10 28  0.654888  1.340998
10 29  0.608326  1.104581
10 30  0.608739  1.100938
11 12  0.617657  1.036532
11 13  0.647885  1.094398
11 14  0.618983  1.047515
11 15  0.618862  1.036538
11 16  0.661089  1.280611
11 17  0.653216  1.362637
11 18  0.649834  1.212632
11 19  0.639050  1.170437
11 20  0.658885  1.342087
11 21  0.452571  1.338591
11 22  0.679756  1.377236
11 23  0.649371  1.105440
11 24  0.650150  1.124442
11 25  0.621486  1.055512
11 26  0.623674  1.066806
11 27  0.633370  1.479197
11 28  0.679727  1.310447
11 29  0.620569  1.043427
11 30  0.621075  1.039689
12 13  0.591232  0.648775
12 14  0.563588  0.607250
12 15  0.563058  0.594949
12 16  0.612934  0.862976
12 17  0.621106  0.930218
12 18  0.595378  0.774499
12 19  0.585158  0.728136
12 20  0.636922  0.935497
12 21  0.618863  1.019943
12 22  0.628159  0.952980
12 23  0.593233  0.661588
12 24  0.551735  0.644197
12 25  0.566126  0.611848
12 26  0.514858  0.576657
12 27  0.603585  1.063166
12 28  0.627925  0.872938
12 29  0.289525  0.333592
12 30  0.564868  0.595041
13 14  0.555925  0.626333
13 15  0.555741  0.619047
13 16  0.633552  0.912373
13 17  0.650496  0.981196
13 18  0.625466  0.827264
13 19  0.615402  0.780916
13 20  0.665679  0.988159
13 21  0.648199  1.071595
13 22  0.657972  1.005702
13 23  0.384959  0.507889
13 24  0.618489  0.725695
13 25  0.549150  0.624984
13 26  0.598995  0.675299
13 27  0.632672  1.115533
13 28  0.658078  0.925698
13 29  0.593804  0.650638
13 30  0.547209  0.607103
14 15  0.516840  0.560033
14 16  0.612168  0.871496
14 17  0.622749  0.939612
14 18  0.596506  0.784058
14 19  0.586357  0.737693
14 20  0.637584  0.944923
14 21  0.620193  1.029383
14 22  0.629179  0.962539
14 23  0.548496  0.632824
14 24  0.598344  0.690114
14 25  0.292713  0.362529
14 26  0.570215  0.632621
14 27  0.604589  1.072646
14 28  0.629049  0.882461
14 29  0.566436  0.609030
14 30  0.514446  0.559152
15 16  0.613627  0.860098
15 17  0.622461  0.927548
15 18  0.596366  0.771715
15 19  0.586157  0.725339
15 20  0.637904  0.932772
15 21  0.619922  1.017129
15 22  0.629141  0.950229
15 23  0.549548  0.621530
15 24  0.596263  0.676364
15 25  0.512901  0.561070
15 26  0.569966  0.620255
15 27  0.604564  1.060404
15 28  0.628940  0.870136
15 29  0.565422  0.595926
15 30  0.289145  0.322818
16 17  0.631827  1.165317
16 18  0.644874  1.019176
16 19  0.634796  0.981934
16 20  0.659717  1.106453
16 21  0.664513  1.279312
16 22  0.675099  1.178960
16 23  0.632810  0.897844
16 24  0.646238  0.941799
16 25  0.614022  0.869488
16 26  0.619238  0.887976
16 27  0.649039  1.305086
16 28  0.674229  1.105515
16 29  0.615681  0.864635
16 30  0.614848  0.858865
17 18  0.653746  1.102437
17 19  0.643252  1.042484
17 20  0.686463  1.236753
17 21  0.650544  1.227290
17 22  0.684875  1.278808
17 23  0.652972  0.993409
17 24  0.643355  0.972934
17 25  0.624994  0.943409
17 26  0.624576  0.940588
17 27  0.659742  1.366402
17 28  0.683497  1.169570
17 29  0.622290  0.926002
17 30  0.624675  0.927659
18 19  0.571804  0.872100
18 20  0.666618  1.081932
18 21  0.650162  1.193251
18 22  0.629976  1.044966
18 23  0.627837  0.835126
18 24  0.630352  0.856931
18 25  0.599045  0.786718
18 26  0.601868  0.799469
18 27  0.633608  1.213056
18 28  0.652079  1.028413
18 29  0.598173  0.775950
18 30  0.598586  0.771791
19 20  0.655495  1.040483
19 21  0.638626  1.128571
19 22  0.645039  1.075668
19 23  0.617643  0.791527
19 24  0.620106  0.806959
19 25  0.588837  0.741889
19 26  0.591644  0.751807
19 27  0.622991  1.187943
19 28  0.622398  0.942182
19 29  0.587953  0.729140
19 30  0.588376  0.725914
20 21  0.655503  1.333020
20 22  0.691193  1.234769
20 23  0.667599  0.984819
20 24  0.671388  1.012978
20 25  0.640285  0.945845
20 26  0.643395  0.960113
20 27  0.659953  1.376132
20 28  0.679638  1.134082
20 29  0.639738  0.937001
20 30  0.640057  0.932484
21 22  0.678506  1.362666
21 23  0.651228  1.084817
21 24  0.652404  1.079087
21 25  0.622447  1.031101
21 26  0.624938  1.032473
21 27  0.640069  1.376326
21 28  0.674230  1.254740
21 29  0.621456  1.016078
21 30  0.622106  1.016344
22 23  0.660360  1.009327
22 24  0.663008  1.035549
22 25  0.631774  0.963063
22 26  0.634631  0.977603
22 27  0.647739  1.318129
22 28  0.650347  1.195292
22 29  0.630946  0.954214
22 30  0.631347  0.949555
23 24  0.620505  0.737530
23 25  0.560670  0.642443
23 26  0.600387  0.687384
23 27  0.635515  1.122126
23 28  0.660174  0.932711
23 29  0.596055  0.662875
23 30  0.560981  0.633627
24 25  0.599704  0.693281
24 26  0.564559  0.667908
24 27  0.638496  1.140286
24 28  0.662680  0.948122
24 29  0.564267  0.657565
24 30  0.598615  0.676140
25 26  0.572613  0.636446
25 27  0.607049  1.070824
25 28  0.631596  0.886294
25 29  0.568688  0.613052
25 30  0.520614  0.564133
26 27  0.610016  1.081943
26 28  0.634396  0.895923
26 29  0.522573  0.578334
26 30  0.571973  0.620492
27 28  0.656968  1.329693
27 29  0.606319  1.061671
27 30  0.606707  1.058425
28 29  0.630727  0.873768
28 30  0.631160  0.870675
29 30  0.567983  0.596966
