  -1146.52329740
  -1146.89670290    -1146.78352522
0.00001587016520
2 2 2 2 2 2 2 2 2 2 2 2 2 2 2 0 0 0 0 0 0 0 0 0 0 0 0 0 0 0 
1  0.326627  0.544795
2  0.334692  0.617058
3  0.307804  0.451903
4  0.298018  0.406406
5  0.314774  0.372790
6  0.346721  0.567908
7  0.358215  0.641275
8  0.286182  0.321833
9  0.344150  0.652252
10  0.324606  0.802584
11  0.337068  0.742694
12  0.282097  0.300802
13  0.312381  0.354084
14  0.283161  0.310602
15  0.283080  0.297918
16  0.332374  0.565988
17  0.341106  0.633394
18  0.314245  0.475436
19  0.304131  0.429092
20  0.356267  0.636916
21  0.338130  0.720678
22  0.347215  0.653199
23  0.314671  0.366586
24  0.317362  0.384653
25  0.285580  0.314840
26  0.288560  0.326762
27  0.322622  0.762836
28  0.347133  0.573543
29  0.284834  0.302116
30  0.285257  0.298332
1 2  0.623948  1.136651
1 3  0.633619  0.979935
1 4  0.623982  0.941914
1 5  0.639656  0.914134
1 6  0.669565  1.083332
1 7  0.658121  1.097946
1 8  0.612621  0.866319
1 9  0.667591  1.162976
1 10  0.646591  1.326114
1 11  0.658718  1.282279
1 12  0.608655  0.845190
1 13  0.627787  0.873551
1 14  0.607603  0.849928
1 15  0.608766  0.841568
1 16  0.385837  0.944057
1 17  0.633967  1.135615
1 18  0.640533  1.019353
1 19  0.630709  0.973291
1 20  0.670655  1.178468
1 21  0.658255  1.242685
1 22  0.672617  1.195585
1 23  0.632527  0.907869
1 24  0.642504  0.926372
1 25  0.610118  0.858318
1 26  0.615128  0.870462
1 27  0.644541  1.297080
1 28  0.673207  1.116929
1 29  0.611404  0.846518
1 30  0.611458  0.842753
2 3  0.641938  1.065446
2 4  0.631919  1.009006
2 5  0.637855  0.954772
2 6  0.678194  1.154123
2 7  0.683085  1.231149
2 8  0.617865  0.926200
2 9  0.676757  1.263315
2 10  0.656922  1.387196
2 11  0.644414  1.236623
2 12  0.615305  0.913267
2 13  0.645948  0.969540
2 14  0.617662  0.925719
2 15  0.617691  0.913251
2 16  0.633112  1.139982
2 17  0.397228  1.093429
2 18  0.648833  1.090501
2 19  0.638358  1.045339
2 20  0.687017  1.242983
2 21  0.650442  1.327114
2 22  0.681356  1.263136
2 23  0.647567  0.980617
2 24  0.642184  0.998611
2 25  0.620242  0.931119
2 26  0.620729  0.942706
2 27  0.652247  1.361694
2 28  0.681086  1.188360
2 29  0.619027  0.918869
2 30  0.619889  0.915103
3 4  0.561777  0.828421
3 5  0.622551  0.824241
3 6  0.645676  1.001503
3 7  0.663002  1.066829
3 8  0.593982  0.773607
3 9  0.622562  1.027624
3 10  0.630171  1.229499
3 11  0.643456  1.191661
3 12  0.589899  0.752520
3 13  0.620139  0.802514
3 14  0.590955  0.761357
3 15  0.590880  0.749514
3 16  0.639837  1.017048
3 17  0.648822  1.083481
3 18  0.309771  0.679701
3 19  0.568745  0.848460
3 20  0.663525  1.087547
3 21  0.645170  1.167581
3 22  0.630658  1.097938
3 23  0.622331  0.818417
3 24  0.625162  0.836419
3 25  0.593276  0.766709
3 26  0.596331  0.778598
3 27  0.624128  1.205791
3 28  0.650191  1.019451
3 29  0.592619  0.753993
3 30  0.593034  0.750222
4 5  0.612742  0.775993
4 6  0.618582  0.920830
4 7  0.652512  1.025830
4 8  0.584187  0.727368
4 9  0.636564  1.052650
4 10  0.619741  1.204372
4 11  0.632488  1.131797
4 12  0.580108  0.706959
4 13  0.610368  0.759135
4 14  0.581176  0.716987
4 15  0.581098  0.704270
4 16  0.630344  0.971842
4 17  0.638652  1.039077
4 18  0.569216  0.849656
4 19  0.300227  0.588058
4 20  0.653530  1.042426
4 21  0.634683  1.125742
4 22  0.638105  1.049106
4 23  0.612682  0.772955
4 24  0.615263  0.790994
4 25  0.583556  0.721218
4 26  0.586484  0.733133
4 27  0.615678  1.161207
4 28  0.630322  0.975048
4 29  0.582824  0.708508
4 30  0.583258  0.704724
5 6  0.661251  0.934331
5 7  0.672389  1.009520
5 8  0.560910  0.656677
5 9  0.658788  1.024630
5 10  0.639339  1.169099
5 11  0.650595  1.094044
5 12  0.560211  0.647769
5 13  0.619377  0.719942
5 14  0.596770  0.681485
5 15  0.595874  0.667406
5 16  0.646082  0.936247
5 17  0.645556  1.003031
5 18  0.629008  0.848096
5 19  0.618774  0.801821
5 20  0.670940  1.008912
5 21  0.650108  1.092893
5 22  0.661972  1.025556
5 23  0.619797  0.730752
5 24  0.390356  0.555005
5 25  0.599991  0.686977
5 26  0.554391  0.661138
5 27  0.636669  1.134498
5 28  0.661806  0.946183
5 29  0.551815  0.635972
5 30  0.597821  0.669103
6 7  0.682847  1.135245
6 8  0.632849  0.888443
6 9  0.649541  1.191439
6 10  0.659187  1.362198
6 11  0.674045  1.275925
6 12  0.628792  0.868414
6 13  0.658853  0.917557
6 14  0.629848  0.878300
6 15  0.629796  0.865776
6 16  0.678541  1.132427
6 17  0.687000  1.198894
6 18  0.655372  1.036113
6 19  0.635298  0.991526
6 20  0.696826  1.202720
6 21  0.680852  1.281784
6 22  0.656022  1.188350
6 23  0.661293  0.934403
6 24  0.663999  0.952366
6 25  0.632185  0.882652
6 26  0.635165  0.894545
6 27  0.653169  1.296220
6 28  0.437800  0.984103
6 29  0.631510  0.869979
6 30  0.631954  0.866187
7 8  0.644309  0.962890
7 9  0.690954  1.241563
7 10  0.664847  1.418877
7 11  0.659098  1.363425
7 12  0.640276  0.941962
7 13  0.668968  0.982198
7 14  0.641038  0.949382
7 15  0.641195  0.938752
7 16  0.677840  1.203420
7 17  0.694659  1.261987
7 18  0.671801  1.115185
7 19  0.661581  1.069340
7 20  0.465199  1.120309
7 21  0.662391  1.323567
7 22  0.701357  1.289131
7 23  0.671516  1.007543
7 24  0.675434  1.024803
7 25  0.643279  0.955849
7 26  0.646718  0.967464
7 27  0.659880  1.368397
7 28  0.699089  1.212423
7 29  0.643001  0.943196
7 30  0.643394  0.939519
8 9  0.630315  0.973178
8 10  0.610760  1.116681
8 11  0.622776  1.052192
8 12  0.519852  0.577131
8 13  0.597741  0.675065
8 14  0.569247  0.631491
8 15  0.569032  0.619192
8 16  0.618458  0.886931
8 17  0.624727  0.954000
8 18  0.600356  0.797200
8 19  0.590179  0.750884
8 20  0.642326  0.958299
8 21  0.623507  1.042283
8 22  0.633347  0.974846
8 23  0.600483  0.687739
8 24  0.554739  0.668244
8 25  0.571669  0.636595
8 26  0.297213  0.392429
8 27  0.608737  1.084397
8 28  0.633138  0.895262
8 29  0.517727  0.578595
8 30  0.571322  0.620079
9 10  0.646306  1.348945
9 11  0.675785  1.380197
9 12  0.626243  0.952199
9 13  0.656273  0.999154
9 14  0.627258  0.959678
9 15  0.627215  0.949151
9 16  0.675262  1.215608
9 17  0.684639  1.278268
9 18  0.632840  1.119866
9 19  0.640398  1.068408
9 20  0.696836  1.284395
9 21  0.678615  1.353612
9 22  0.442111  1.159870
9 23  0.658414  1.018634
9 24  0.661478  1.036381
9 25  0.629523  0.967007
9 26  0.632694  0.978795
9 27  0.641602  1.388769
9 28  0.653690  1.193259
9 29  0.628971  0.954284
9 30  0.629375  0.950556
10 11  0.640268  1.419219
10 12  0.606671  1.098936
10 13  0.636521  1.151315
10 14  0.607601  1.106461
10 15  0.607642  1.097261
10 16  0.652322  1.356864
10 17  0.660217  1.416394
10 18  0.632276  1.267823
10 19  0.623874  1.222045
10 20  0.660207  1.402490
10 21  0.636601  1.494792
10 22  0.646135  1.428321
10 23  0.638157  1.168413
10 24  0.641157  1.185829
10 25  0.609937  1.117201
10 26  0.613054  1.129030
10 27  0.451460  1.450843
10 28  0.655666  1.339284
10 29  0.609430  1.104597
10 30  0.609849  1.100860
11 12  0.618889  1.037850
11 13  0.649197  1.096329
11 14  0.620059  1.049060
11 15  0.620104  1.037818
11 16  0.662221  1.282173
11 17  0.654502  1.364226
11 18  0.650425  1.212344
11 19  0.639733  1.170185
11 20  0.659900  1.342264
11 21  0.453469  1.338328
11 22  0.680536  1.376328
11 23  0.650712  1.107418
11 24  0.651698  1.126669
11 25  0.622579  1.057184
11 26  0.624910  1.069229
11 27  0.634123  1.477731
11 28  0.680633  1.309842
11 29  0.621798  1.044739
11 30  0.622309  1.040909
12 13  0.592854  0.652669
12 14  0.564989  0.610935
12 15  0.564620  0.598337
12 16  0.614378  0.866447
12 17  0.622727  0.933845
12 18  0.596294  0.776210
12 19  0.586177  0.729878
12 20  0.638252  0.937526
12 21  0.620111  1.021419
12 22  0.629268  0.953925
12 23  0.594898  0.665599
12 24  0.553389  0.648323
12 25  0.567542  0.615541
12 26  0.516453  0.581358
12 27  0.604715  1.063551
12 28  0.629148  0.874299
12 29  0.290795  0.337013
12 30  0.566430  0.598283
13 14  0.557336  0.630505
13 15  0.557158  0.622902
13 16  0.635080  0.916367
13 17  0.652175  0.985272
13 18  0.626450  0.829455
13 19  0.616492  0.783138
13 20  0.667094  0.990684
13 21  0.649512  1.073539
13 22  0.659141  1.007129
13 23  0.386537  0.512743
13 24  0.620419  0.730401
13 25  0.550536  0.629174
13 26  0.600636  0.680195
13 27  0.633873  1.116395
13 28  0.659373  0.927541
13 29  0.595434  0.654452
13 30  0.548585  0.610704
14 15  0.518216  0.563702
14 16  0.613442  0.875187
14 17  0.624195  0.943454
14 18  0.597257  0.785996
14 19  0.587209  0.739660
14 20  0.638746  0.947176
14 21  0.621268  1.031080
14 22  0.630123  0.963713
14 23  0.549910  0.637077
14 24  0.600042  0.694564
14 25  0.293697  0.366516
14 26  0.571629  0.637290
14 27  0.605550  1.073254
14 28  0.630105  0.884045
14 29  0.567823  0.612585
14 30  0.515790  0.562705
15 16  0.615066  0.863469
15 17  0.624072  0.931090
15 18  0.597284  0.773341
15 19  0.587173  0.726995
15 20  0.639232  0.934717
15 21  0.621159  1.018520
15 22  0.630253  0.951091
15 23  0.550966  0.625304
15 24  0.598134  0.680533
15 25  0.514301  0.564806
15 26  0.571543  0.624611
15 27  0.605694  1.060704
15 28  0.630163  0.871411
15 29  0.566978  0.599175
15 30  0.290456  0.325878
16 17  0.633325  1.169002
16 18  0.645668  1.020753
16 19  0.635680  0.983624
16 20  0.660784  1.108082
16 21  0.665631  1.280821
16 22  0.676063  1.179761
16 23  0.634292  0.901429
16 24  0.647981  0.946016
16 25  0.615274  0.872967
16 26  0.620700  0.892420
16 27  0.650030  1.305327
16 28  0.675289  1.106818
16 29  0.617112  0.867958
16 30  0.616254  0.862026
17 18  0.654697  1.104274
17 19  0.644296  1.044258
17 20  0.687816  1.238992
17 21  0.651734  1.228639
17 22  0.686002  1.279882
17 23  0.654672  0.997553
17 24  0.645181  0.976771
17 25  0.626458  0.947213
17 26  0.626130  0.944733
17 27  0.660901  1.367012
17 28  0.684734  1.171073
17 29  0.623794  0.929260
17 30  0.626276  0.931011
18 19  0.572146  0.872027
18 20  0.667303  1.082211
18 21  0.650754  1.192982
18 22  0.630432  1.044315
18 23  0.628850  0.837278
18 24  0.631573  0.859396
18 25  0.599813  0.788592
18 26  0.602801  0.802144
18 27  0.634093  1.211795
18 28  0.652640  1.028021
18 29  0.599076  0.777510
18 30  0.599495  0.773248
19 20  0.656265  1.040846
19 21  0.639298  1.128329
19 22  0.645589  1.074885
19 23  0.618755  0.793767
19 24  0.621425  0.809388
19 25  0.589707  0.743847
19 26  0.592677  0.754476
19 27  0.623574  1.186627
19 28  0.623032  0.941877
19 29  0.588956  0.730726
19 30  0.589386  0.727414
20 21  0.656487  1.333178
20 22  0.692027  1.234316
20 23  0.669012  0.987177
20 24  0.673021  1.015736
20 25  0.641458  0.948001
20 26  0.644739  0.963119
20 27  0.660840  1.375083
20 28  0.680537  1.134047
20 29  0.641053  0.938892
20 30  0.641374  0.934260
21 22  0.679258  1.361716
21 23  0.652560  1.086804
21 24  0.653936  1.081081
21 25  0.623535  1.032697
21 26  0.626183  1.034557
21 27  0.640829  1.375185
21 28  0.675099  1.254269
21 29  0.622664  1.017279
21 30  0.623335  1.017533
22 23  0.661562  1.010662
22 24  0.664418  1.037249
22 25  0.632731  0.964114
22 26  0.635755  0.979489
22 27  0.648394  1.316461
22 28  0.651076  1.194101
22 29  0.632041  0.954999
22 30  0.632447  0.950232
23 24  0.622431  0.742254
23 25  0.562071  0.646563
23 26  0.602051  0.692335
23 27  0.636730  1.122910
23 28  0.661487  0.934532
23 29  0.597687  0.666679
23 30  0.562435  0.637360
24 25  0.601418  0.697705
24 26  0.566215  0.672826
24 27  0.639928  1.141409
24 28  0.664203  0.950173
24 29  0.565941  0.661669
24 30  0.600461  0.680078
25 26  0.574042  0.641075
25 27  0.608025  1.071239
25 28  0.632669  0.887859
25 29  0.570087  0.616589
25 30  0.522023  0.567706
26 27  0.611159  1.083070
26 28  0.635633  0.898217
26 29  0.524216  0.582777
26 30  0.573543  0.624683
27 28  0.657762  1.328075
27 29  0.607432  1.061824
27 30  0.607826  1.058515
28 29  0.631935  0.874979
28 30  0.632375  0.871793
29 30  0.569521  0.600050
