  -1146.52329740
  -1146.89683856    -1146.78380125
0.00001313162164
2 2 2 2 2 2 2 2 2 2 2 2 2 2 2 0 0 0 0 0 0 0 0 0 0 0 0 0 0 0 
1  0.327049  0.545890
2  0.335154  0.618651
3  0.307891  0.451834
4  0.298152  0.406385
5  0.315310  0.374473
6  0.346997  0.567594
7  0.358568  0.641484
8  0.286546  0.323466
9  0.344366  0.651654
10  0.324853  0.801529
11  0.337360  0.742461
12  0.282511  0.301819
13  0.312889  0.355523
14  0.283633  0.312084
15  0.283534  0.298818
16  0.332815  0.567083
17  0.341570  0.634777
18  0.314337  0.475374
19  0.304270  0.429025
20  0.356616  0.637070
21  0.338409  0.720366
22  0.347427  0.652647
23  0.315182  0.368066
24  0.317879  0.386243
25  0.286039  0.316346
26  0.288949  0.328417
27  0.322849  0.761934
28  0.347405  0.573188
29  0.285257  0.303122
30  0.285732  0.299255
1 2  0.624836  1.139320
1 3  0.634125  0.980889
1 4  0.624531  0.942938
1 5  0.640608  0.916869
1 6  0.670236  1.084020
1 7  0.658800  1.098973
1 8  0.613406  0.869035
1 9  0.668211  1.163403
1 10  0.647245  1.326123
1 11  0.659431  1.283128
1 12  0.609491  0.847280
1 13  0.628672  0.875801
1 14  0.608470  0.852383
1 15  0.609630  0.843541
1 16  0.386679  0.946566
1 17  0.634884  1.138140
1 18  0.641041  1.020389
1 19  0.631270  0.974319
1 20  0.671395  1.179706
1 21  0.658963  1.243508
1 22  0.673245  1.196135
1 23  0.633459  0.910465
1 24  0.643439  0.929039
1 25  0.610992  0.860911
1 26  0.615937  0.873190
1 27  0.645189  1.297257
1 28  0.673899  1.117679
1 29  0.612247  0.848616
1 30  0.612349  0.844758
2 3  0.642481  1.066957
2 4  0.632503  1.010509
2 5  0.638791  0.957594
2 6  0.678911  1.155393
2 7  0.683882  1.232992
2 8  0.618650  0.929133
2 9  0.677410  1.264289
2 10  0.657625  1.387705
2 11  0.645106  1.237627
2 12  0.616156  0.915799
2 13  0.646913  0.972559
2 14  0.618595  0.928741
2 15  0.618607  0.915699
2 16  0.634044  1.142704
2 17  0.398137  1.096855
2 18  0.649386  1.092010
2 19  0.638954  1.046869
2 20  0.687828  1.244707
2 21  0.651164  1.328355
2 22  0.682025  1.264150
2 23  0.648541  0.983666
2 24  0.643157  1.001829
2 25  0.621162  0.934202
2 26  0.621543  0.945952
2 27  0.652931  1.362409
2 28  0.681815  1.189602
2 29  0.619906  0.921462
2 30  0.620824  0.917618
3 4  0.561964  0.828309
3 5  0.623175  0.825847
3 6  0.646032  1.001118
3 7  0.663448  1.066971
3 8  0.594434  0.775165
3 9  0.622872  1.027068
3 10  0.630512  1.228458
3 11  0.643833  1.191367
3 12  0.590401  0.753458
3 13  0.620733  0.803831
3 14  0.591515  0.762739
3 15  0.591421  0.750343
3 16  0.640358  1.018080
3 17  0.649374  1.084776
3 18  0.309946  0.679383
3 19  0.568961  0.848426
3 20  0.663961  1.087641
3 21  0.645537  1.167217
3 22  0.630955  1.097310
3 23  0.622925  0.819827
3 24  0.625767  0.837938
3 25  0.593818  0.768145
3 26  0.596805  0.780180
3 27  0.624443  1.204867
3 28  0.650552  1.019075
3 29  0.593128  0.754930
3 30  0.593596  0.751077
4 5  0.613410  0.777596
4 6  0.618979  0.920538
4 7  0.652996  1.026053
4 8  0.584684  0.728959
4 9  0.636904  1.052034
4 10  0.620120  1.203319
4 11  0.632901  1.131558
4 12  0.580655  0.707956
4 13  0.611008  0.760531
4 14  0.581781  0.718447
4 15  0.581686  0.705146
4 16  0.630917  0.972915
4 17  0.639241  1.040442
4 18  0.569436  0.849667
4 19  0.300481  0.587770
4 20  0.654012  1.042558
4 21  0.635090  1.125419
4 22  0.638453  1.048602
4 23  0.613326  0.774412
4 24  0.615911  0.792563
4 25  0.584147  0.722701
4 26  0.587001  0.734764
4 27  0.616032  1.160326
4 28  0.630723  0.974655
4 29  0.583380  0.709492
4 30  0.583864  0.705626
5 6  0.662060  0.935626
5 7  0.673276  1.011374
5 8  0.561737  0.659886
5 9  0.659538  1.025705
5 10  0.640123  1.169679
5 11  0.651415  1.095264
5 12  0.561071  0.650533
5 13  0.620397  0.723026
5 14  0.597776  0.684618
5 15  0.596856  0.669941
5 16  0.647055  0.939004
5 17  0.646550  1.006138
5 18  0.629635  0.849713
5 19  0.619445  0.803435
5 20  0.671824  1.010737
5 21  0.650925  1.094260
5 22  0.662719  1.026677
5 23  0.620834  0.733898
5 24  0.391329  0.558684
5 25  0.600981  0.690150
5 26  0.555249  0.664508
5 27  0.637429  1.135265
5 28  0.662612  0.947509
5 29  0.552673  0.638670
5 30  0.598833  0.671720
6 7  0.683416  1.135162
6 8  0.633488  0.889744
6 9  0.649998  1.190497
6 10  0.659708  1.360909
6 11  0.674597  1.275503
6 12  0.629482  0.869122
6 13  0.659632  0.918621
6 14  0.630595  0.879459
6 15  0.630525  0.866358
6 16  0.679254  1.133217
6 17  0.687734  1.199966
6 18  0.655742  1.035792
6 19  0.635707  0.991128
6 20  0.697432  1.202567
6 21  0.681404  1.281186
6 22  0.656503  1.187659
6 23  0.662082  0.935567
6 24  0.664790  0.953640
6 25  0.632920  0.883838
6 26  0.635824  0.895879
6 27  0.653674  1.295173
6 28  0.438319  0.983230
6 29  0.632207  0.870669
6 30  0.632703  0.866795
7 8  0.645026  0.964727
7 9  0.691499  1.241149
7 10  0.665442  1.417993
7 11  0.659739  1.363505
7 12  0.641043  0.943179
7 13  0.669819  0.983701
7 14  0.641856  0.951007
7 15  0.641999  0.939855
7 16  0.678597  1.204715
7 17  0.695475  1.263574
7 18  0.672245  1.115344
7 19  0.662073  1.069483
7 20  0.465851  1.120658
7 21  0.663034  1.323575
7 22  0.701918  1.288821
7 23  0.672382  1.009237
7 24  0.676304  1.026589
7 25  0.644091  0.957557
7 26  0.647459  0.969308
7 27  0.660459  1.367872
7 28  0.699694  1.212283
7 29  0.643776  0.944407
7 30  0.644220  0.940649
8 9  0.630896  0.974184
8 10  0.611371  1.117081
8 11  0.623426  1.053338
8 12  0.520653  0.579875
8 13  0.598609  0.678122
8 14  0.570083  0.634571
8 15  0.569849  0.621715
8 16  0.619262  0.889641
8 17  0.625533  0.957013
8 18  0.600808  0.798766
8 19  0.590676  0.752448
8 20  0.643038  0.960070
8 21  0.624144  1.043601
8 22  0.633921  0.975918
8 23  0.601353  0.690834
8 24  0.555573  0.671508
8 25  0.572492  0.639733
8 26  0.297894  0.395929
8 27  0.609327  1.085121
8 28  0.633770  0.896534
8 29  0.518510  0.581399
8 30  0.572159  0.622634
9 10  0.646763  1.347642
9 11  0.676276  1.379455
9 12  0.626873  0.952586
9 13  0.656994  0.999906
9 14  0.627945  0.960488
9 15  0.627884  0.949444
9 16  0.675914  1.216116
9 17  0.685314  1.279034
9 18  0.633149  1.119201
9 19  0.640754  1.067836
9 20  0.697395  1.283987
9 21  0.679112  1.352810
9 22  0.442554  1.158619
9 23  0.659140  1.019513
9 24  0.662211  1.037366
9 25  0.630196  0.967913
9 26  0.633298  0.979840
9 27  0.642038  1.387373
9 28  0.654169  1.192474
9 29  0.629609  0.954690
9 30  0.630065  0.950880
10 11  0.640764  1.418331
10 12  0.607331  1.098807
10 13  0.637271  1.151635
10 14  0.608317  1.106740
10 15  0.608342  1.097070
10 16  0.653007  1.356902
10 17  0.660921  1.416764
10 18  0.632613  1.266770
10 19  0.624258  1.220972
10 20  0.660802  1.401791
10 21  0.637092  1.493554
10 22  0.646583  1.426824
10 23  0.638916  1.168829
10 24  0.641916  1.186351
10 25  0.610639  1.117645
10 26  0.613686  1.129621
10 27  0.451914  1.449001
10 28  0.656180  1.338061
10 29  0.610101  1.104544
10 30  0.610571  1.100726
11 12  0.619590  1.038563
11 13  0.649994  1.097528
11 14  0.620821  1.050215
11 15  0.620849  1.038439
11 16  0.662958  1.283094
11 17  0.655246  1.365348
11 18  0.650808  1.212060
11 19  0.640158  1.169895
11 20  0.660544  1.342301
11 21  0.454018  1.337969
11 22  0.681041  1.375657
11 23  0.651519  1.108651
11 24  0.652509  1.128025
11 25  0.623329  1.058449
11 26  0.625584  1.070645
11 27  0.634600  1.476722
11 28  0.681195  1.309276
11 29  0.622515  1.045510
11 30  0.623074  1.041600
12 13  0.593767  0.655082
12 14  0.565872  0.613422
12 15  0.565484  0.600251
12 16  0.615231  0.868556
12 17  0.623598  0.936233
12 18  0.596797  0.777163
12 19  0.586729  0.730827
12 20  0.639014  0.938694
12 21  0.620805  1.022123
12 22  0.629893  0.954388
12 23  0.595819  0.668097
12 24  0.554228  0.650929
12 25  0.568413  0.618063
12 26  0.517245  0.584181
12 27  0.605356  1.063664
12 28  0.629833  0.874959
12 29  0.291504  0.339068
12 30  0.567322  0.600225
13 14  0.558260  0.633399
13 15  0.558001  0.625216
13 16  0.636028  0.918920
13 17  0.653146  0.988071
13 18  0.627046  0.830830
13 19  0.617138  0.784508
13 20  0.667954  0.992280
13 21  0.650300  1.074655
13 22  0.659860  1.008012
13 23  0.387540  0.516056
13 24  0.621434  0.733423
13 25  0.551408  0.632121
13 26  0.601529  0.683271
13 27  0.634605  1.116925
13 28  0.660153  0.928623
13 29  0.596364  0.656901
13 30  0.549422  0.612956
14 15  0.519095  0.566150
14 16  0.614337  0.877748
14 17  0.625131  0.946306
14 18  0.597815  0.787414
14 19  0.587818  0.741073
14 20  0.639566  0.948805
14 21  0.622019  1.032246
14 22  0.630804  0.964639
14 23  0.550814  0.640049
14 24  0.601028  0.697624
14 25  0.294437  0.369601
14 26  0.572489  0.640426
14 27  0.606246  1.073828
14 28  0.630847  0.885166
14 29  0.568718  0.615072
14 30  0.516670  0.565176
15 16  0.615956  0.865454
15 17  0.624990  0.933374
15 18  0.597829  0.774178
15 19  0.587764  0.727827
15 20  0.640034  0.935768
15 21  0.621892  1.019108
15 22  0.630919  0.951438
15 23  0.551795  0.627602
15 24  0.599107  0.683037
15 25  0.515172  0.567323
15 26  0.572384  0.627164
15 27  0.606375  1.060701
15 28  0.630887  0.871954
15 29  0.567858  0.601084
15 30  0.291299  0.327717
16 17  0.634231  1.171468
16 18  0.646197  1.021695
16 19  0.636251  0.984604
16 20  0.661463  1.109036
16 21  0.666349  1.281600
16 22  0.676691  1.180214
16 23  0.635203  0.903714
16 24  0.648934  0.948670
16 25  0.616140  0.875391
16 26  0.621527  0.895163
16 27  0.650683  1.305461
16 28  0.675978  1.107476
16 29  0.617974  0.870056
16 30  0.617142  0.863992
17 18  0.655244  1.105571
17 19  0.644888  1.045501
17 20  0.688613  1.240590
17 21  0.652413  1.229442
17 22  0.686660  1.280697
17 23  0.655643  1.000403
17 24  0.646101  0.979336
17 25  0.627380  0.950074
17 26  0.626944  0.947447
17 27  0.661581  1.367491
17 28  0.685440  1.172096
17 29  0.624637  0.931517
17 30  0.627215  0.933300
18 19  0.572349  0.871864
18 20  0.667741  1.082302
18 21  0.651127  1.192625
18 22  0.630737  1.043813
18 23  0.629452  0.838631
18 24  0.632182  0.860914
18 25  0.600363  0.789985
18 26  0.603281  0.803732
18 27  0.634418  1.210903
18 28  0.652993  1.027604
18 29  0.599591  0.778452
18 30  0.600060  0.774099
19 20  0.656751  1.040967
19 21  0.639708  1.128000
19 22  0.645934  1.074263
19 23  0.619404  0.795155
19 24  0.622080  0.810858
19 25  0.590304  0.745282
19 26  0.593204  0.756033
19 27  0.623940  1.185691
19 28  0.623428  0.941512
19 29  0.589517  0.731658
19 30  0.590000  0.728269
20 21  0.657107  1.333138
20 22  0.692564  1.233908
20 23  0.669862  0.988663
20 24  0.673884  1.017463
20 25  0.642258  0.949563
20 26  0.645476  0.964924
20 27  0.661411  1.374297
20 28  0.681098  1.133897
20 29  0.641823  0.940052
20 30  0.642191  0.935322
21 22  0.679731  1.360918
21 23  0.653348  1.087963
21 24  0.654724  1.082176
21 25  0.624271  1.033830
21 26  0.626846  1.035649
21 27  0.641310  1.374314
21 28  0.675633  1.253770
21 29  0.623360  1.017881
21 30  0.624088  1.018121
22 23  0.662281  1.011493
22 24  0.665144  1.038279
22 25  0.633399  0.964967
22 26  0.636355  0.980572
22 27  0.648827  1.315305
22 28  0.651526  1.193155
22 29  0.632676  0.955444
22 30  0.633131  0.950582
23 24  0.623436  0.745293
23 25  0.562976  0.649450
23 26  0.602944  0.695459
23 27  0.637465  1.123413
23 28  0.662265  0.935598
23 29  0.598612  0.669136
23 30  0.563297  0.639741
24 25  0.602388  0.700780
24 26  0.567039  0.675903
24 27  0.640671  1.142065
24 28  0.664989  0.951348
24 29  0.566810  0.664318
24 30  0.601445  0.682554
25 26  0.574888  0.644214
25 27  0.608707  1.071696
25 28  0.633398  0.888991
25 29  0.570966  0.619095
25 30  0.522934  0.570232
26 27  0.611774  1.083674
26 28  0.636293  0.899484
26 29  0.525043  0.585542
26 30  0.574403  0.627253
27 28  0.658261  1.326900
27 29  0.608082  1.061871
27 30  0.608525  1.058503
28 29  0.632628  0.875624
28 30  0.633121  0.872358
29 30  0.570414  0.601978
