  -1146.53385086
  -1146.90428412    -1146.78551679
0.00004265546116
2 2 2 2 2 2 2 2 2 2 2 2 2 2 2 0 0 0 0 0 0 0 0 0 0 0 0 0 0 0 
1  0.285567  0.504025
2  0.301177  0.474469
3  0.291544  0.430079
4  0.283140  0.399301
5  0.270865  0.309648
6  0.283557  0.298093
7  0.279365  0.298319
8  0.317378  0.622736
9  0.320830  0.504264
10  0.331823  0.595762
11  0.303840  0.330730
12  0.308460  0.448789
13  0.327875  0.700735
14  0.325284  0.658260
15  0.318991  0.803037
16  0.292526  0.509778
17  0.306659  0.503118
18  0.296925  0.447443
19  0.286500  0.384768
20  0.275413  0.305666
21  0.285692  0.298124
22  0.282706  0.305527
23  0.317622  0.770496
24  0.305070  0.338769
25  0.332623  0.593843
26  0.323560  0.526812
27  0.309535  0.453088
28  0.331232  0.672581
29  0.320266  0.645505
30  0.327530  0.668350
1 2  0.586530  0.975806
1 3  0.576759  0.920958
1 4  0.563866  0.879384
1 5  0.556201  0.808494
1 6  0.569105  0.801359
1 7  0.564901  0.801825
1 8  0.598704  1.115503
1 9  0.584982  0.981128
1 10  0.615720  1.074071
1 11  0.589371  0.834356
1 12  0.592077  0.942046
1 13  0.587991  1.100853
1 14  0.610023  1.158638
1 15  0.602669  1.267066
1 16  0.277288  0.801571
1 17  0.592154  1.005349
1 18  0.582013  0.950742
1 19  0.566686  0.887192
1 20  0.559859  0.809410
1 21  0.571230  0.802104
1 22  0.568260  0.809429
1 23  0.597355  1.265456
1 24  0.590477  0.842607
1 25  0.617622  1.095783
1 26  0.586026  1.008470
1 27  0.594282  0.953741
1 28  0.594048  1.172996
1 29  0.603147  1.133417
1 30  0.612777  1.166712
2 3  0.548555  0.873112
2 4  0.584313  0.873416
2 5  0.572039  0.784033
2 6  0.584733  0.772460
2 7  0.580540  0.772462
2 8  0.616284  1.065510
2 9  0.621762  0.967586
2 10  0.625181  1.047405
2 11  0.605014  0.804510
2 12  0.609614  0.920382
2 13  0.627593  1.169656
2 14  0.599849  1.052560
2 15  0.617696  1.259695
2 16  0.593642  0.982696
2 17  0.297916  0.744050
2 18  0.553894  0.886852
2 19  0.587615  0.859020
2 20  0.576589  0.780098
2 21  0.586859  0.772584
2 22  0.583851  0.779974
2 23  0.612146  1.229099
2 24  0.606202  0.813204
2 25  0.629327  1.061836
2 26  0.624552  1.000452
2 27  0.610531  0.927166
2 28  0.631951  1.142299
2 29  0.620781  1.117872
2 30  0.603765  1.134264
3 4  0.574682  0.827094
3 5  0.562406  0.739009
3 6  0.575101  0.728138
3 7  0.570908  0.728389
3 8  0.606706  1.033538
3 9  0.612196  0.925697
3 10  0.600490  0.965459
3 11  0.595383  0.760481
3 12  0.599996  0.878509
3 13  0.617125  1.105112
3 14  0.611325  1.082192
3 15  0.606136  1.222522
3 16  0.583601  0.939218
3 17  0.553870  0.897634
3 18  0.290495  0.645633
3 19  0.577952  0.814637
3 20  0.566956  0.735710
3 21  0.577231  0.728194
3 22  0.574237  0.735593
3 23  0.602753  1.190227
3 24  0.596601  0.768830
3 25  0.611071  1.020241
3 26  0.615093  0.956378
3 27  0.600976  0.882865
3 28  0.621601  1.101367
3 29  0.611514  1.074198
3 30  0.610923  1.083150
4 5  0.548505  0.697927
4 6  0.566473  0.695829
4 7  0.562355  0.696909
4 8  0.599715  1.020124
4 9  0.572321  0.881434
4 10  0.614931  0.991315
4 11  0.584893  0.727478
4 12  0.564540  0.819193
4 13  0.610721  1.078237
4 14  0.608406  1.055347
4 15  0.602019  1.184029
4 16  0.570213  0.907508
4 17  0.589701  0.902107
4 18  0.579915  0.846493
4 19  0.292008  0.555472
4 20  0.554477  0.702641
4 21  0.568020  0.696823
4 22  0.565408  0.704160
4 23  0.600643  1.168342
4 24  0.587745  0.737277
4 25  0.615539  0.992379
4 26  0.569966  0.889494
4 27  0.559396  0.821036
4 28  0.613814  1.070864
4 29  0.603049  1.042048
4 30  0.610601  1.066996
5 6  0.548245  0.600398
5 7  0.546021  0.603314
5 8  0.588204  0.932044
5 9  0.589418  0.810368
5 10  0.602682  0.904161
5 11  0.555364  0.624152
5 12  0.557235  0.736006
5 13  0.598721  1.005472
5 14  0.596144  0.967739
5 15  0.589849  1.109958
5 16  0.562161  0.819104
5 17  0.577522  0.812710
5 18  0.567779  0.757042
5 19  0.552844  0.691776
5 20  0.261098  0.344360
5 21  0.552766  0.604608
5 22  0.552578  0.613786
5 23  0.588418  1.079851
5 24  0.549460  0.622676
5 25  0.603472  0.903388
5 26  0.593591  0.834334
5 27  0.551279  0.738491
5 28  0.601872  0.982013
5 29  0.591079  0.954904
5 30  0.598394  0.977873
6 7  0.515615  0.551633
6 8  0.600904  0.920543
6 9  0.604263  0.802231
6 10  0.615377  0.893825
6 11  0.555432  0.600301
6 12  0.589913  0.743187
6 13  0.611425  0.997918
6 14  0.608839  0.955963
6 15  0.602544  1.099789
6 16  0.576031  0.807828
6 17  0.590206  0.801199
6 18  0.580476  0.745527
6 19  0.569188  0.682249
6 20  0.554747  0.600165
6 21  0.284463  0.319099
6 22  0.512912  0.553818
6 23  0.601173  1.068550
6 24  0.548144  0.598357
6 25  0.616165  0.891914
6 26  0.606707  0.824496
6 27  0.592397  0.750740
6 28  0.614782  0.970645
6 29  0.603778  0.943571
6 30  0.611071  0.966423
7 8  0.596662  0.919958
7 9  0.599714  0.801344
7 10  0.611180  0.894018
7 11  0.553035  0.600409
7 12  0.584037  0.739404
7 13  0.607226  0.998258
7 14  0.604642  0.955638
7 15  0.598339  1.099432
7 16  0.571865  0.808020
7 17  0.585987  0.801415
7 18  0.576270  0.745751
7 19  0.565461  0.682577
7 20  0.553616  0.602624
7 21  0.512613  0.547662
7 22  0.282599  0.336327
7 23  0.596926  1.068736
7 24  0.544892  0.599422
7 25  0.611926  0.892137
7 26  0.601843  0.824296
7 27  0.587645  0.750771
7 28  0.610596  0.970862
7 29  0.599354  0.943739
7 30  0.606824  0.966624
8 9  0.625520  1.069405
8 10  0.634556  1.155866
8 11  0.621023  0.950664
8 12  0.624428  1.060666
8 13  0.607780  1.299443
8 14  0.634146  1.222569
8 15  0.623536  1.401989
8 16  0.606689  1.115912
8 17  0.623350  1.123692
8 18  0.614005  1.068846
8 19  0.603530  1.005334
8 20  0.592732  0.928223
8 21  0.603020  0.920836
8 22  0.599804  0.928179
8 23  0.617320  1.354123
8 24  0.621964  0.961351
8 25  0.646222  1.214129
8 26  0.632721  1.147187
8 27  0.625610  1.074337
8 28  0.610552  1.242070
8 29  0.381856  1.134917
8 30  0.641454  1.285762
9 10  0.651254  1.075659
9 11  0.622011  0.827722
9 12  0.610282  0.936221
9 13  0.646557  1.191241
9 14  0.644998  1.143996
9 15  0.638605  1.302167
9 16  0.590823  0.992894
9 17  0.627317  1.006576
9 18  0.617747  0.951188
9 19  0.569276  0.850436
9 20  0.595403  0.808167
9 21  0.606137  0.802018
9 22  0.602514  0.808950
9 23  0.635343  1.267558
9 24  0.624983  0.842626
9 25  0.653261  1.096962
9 26  0.402952  0.886433
9 27  0.603559  0.920969
9 28  0.648393  1.170331
9 29  0.632755  1.147250
9 30  0.647698  1.170904
10 11  0.635645  0.925487
10 12  0.640190  1.043719
10 13  0.650269  1.243692
10 14  0.618411  1.226533
10 15  0.630218  1.380219
10 16  0.623728  1.103366
10 17  0.633104  1.090079
10 18  0.614827  1.038832
10 19  0.618188  0.979844
10 20  0.607233  0.901344
10 21  0.617505  0.893864
10 22  0.614483  0.901258
10 23  0.624448  1.321920
10 24  0.636835  0.934482
10 25  0.414275  1.037421
10 26  0.655209  1.121269
10 27  0.641068  1.047965
10 28  0.659747  1.263361
10 29  0.648272  1.238354
10 30  0.620041  1.227308
11 12  0.602025  0.770594
11 13  0.631696  1.031262
11 14  0.629103  0.987701
11 15  0.622782  1.133181
11 16  0.596222  0.840420
11 17  0.610458  0.833818
11 18  0.600753  0.778155
11 19  0.589770  0.714777
11 20  0.553395  0.611047
11 21  0.547540  0.588412
11 22  0.547483  0.599038
11 23  0.621281  1.101089
11 24  0.377473  0.457165
11 25  0.636406  0.924529
11 26  0.626484  0.857231
11 27  0.594974  0.768331
11 28  0.635015  1.003235
11 29  0.623606  0.976085
11 30  0.631274  0.999008
12 13  0.635943  1.135810
12 14  0.633624  1.097501
12 15  0.627080  1.226539
12 16  0.599956  0.955623
12 17  0.614877  0.951485
12 18  0.605215  0.895932
12 19  0.561849  0.803450
12 20  0.554214  0.729757
12 21  0.593507  0.746590
12 22  0.589689  0.753430
12 23  0.625951  1.217254
12 24  0.596217  0.772664
12 25  0.640684  1.041766
12 26  0.604655  0.938165
12 27  0.386413  0.731902
12 28  0.639558  1.120324
12 29  0.627414  1.092610
12 30  0.635631  1.116184
13 14  0.647858  1.348123
13 15  0.624605  1.395985
13 16  0.596748  1.206038
13 17  0.634017  1.197957
13 18  0.623602  1.146564
13 19  0.613915  1.084541
13 20  0.603100  1.006194
13 21  0.613565  0.998825
13 22  0.610578  1.006193
13 23  0.618976  1.437710
13 24  0.632881  1.039358
13 25  0.657519  1.289300
13 26  0.647055  1.218377
13 27  0.637324  1.152326
13 28  0.402399  1.251491
13 29  0.610833  1.292135
13 30  0.652428  1.348800
14 15  0.621185  1.372235
14 16  0.617431  1.162274
14 17  0.606318  1.152868
14 18  0.613591  1.088262
14 19  0.611738  1.042542
14 20  0.600695  0.963830
14 21  0.610960  0.956367
14 22  0.607922  0.963736
14 23  0.613480  1.390314
14 24  0.630248  0.996934
14 25  0.619037  1.217484
14 26  0.648141  1.183103
14 27  0.634510  1.110361
14 28  0.653448  1.311845
14 29  0.642342  1.298399
14 30  0.417015  1.187517
15 16  0.605493  1.302786
15 17  0.618821  1.289126
15 18  0.609751  1.238343
15 19  0.605400  1.186484
15 20  0.594348  1.108436
15 21  0.604673  1.101126
15 22  0.601626  1.108456
15 23  0.439373  1.485076
15 24  0.623885  1.141594
15 25  0.626641  1.349496
15 26  0.639374  1.321667
15 27  0.628361  1.253812
15 28  0.623166  1.439641
15 29  0.621166  1.407168
15 30  0.617329  1.435169
16 17  0.598905  1.009896
16 18  0.588989  0.942629
16 19  0.574007  0.875018
16 20  0.567792  0.812477
16 21  0.578195  0.807613
16 22  0.575193  0.815075
16 23  0.607814  1.244003
16 24  0.597553  0.848283
16 25  0.623287  1.077118
16 26  0.592701  1.009127
16 27  0.599553  0.955253
16 28  0.596179  1.081973
16 29  0.608490  1.143590
16 30  0.619068  1.174433
17 18  0.557434  0.916539
17 19  0.593154  0.887430
17 20  0.582068  0.808688
17 21  0.592350  0.801025
17 22  0.589364  0.807965
17 23  0.621261  1.252123
17 24  0.611724  0.840583
17 25  0.631467  1.070449
17 26  0.629892  1.014459
17 27  0.616160  0.951403
17 28  0.636196  1.169822
17 29  0.624396  1.109257
17 30  0.606343  1.079810
18 19  0.583424  0.830712
18 20  0.572335  0.752661
18 21  0.582616  0.745561
18 22  0.579631  0.752916
18 23  0.609548  1.207287
18 24  0.601993  0.785801
18 25  0.604847  0.975911
18 26  0.620241  0.964093
18 27  0.606449  0.900194
18 28  0.625524  1.092467
18 29  0.614573  1.071172
18 30  0.618727  1.108223
19 20  0.556009  0.681172
19 21  0.572054  0.682071
19 22  0.569011  0.689772
19 23  0.603978  1.141719
19 24  0.588957  0.721025
19 25  0.619095  0.976480
19 26  0.578612  0.892663
19 27  0.568251  0.811011
19 28  0.617470  1.043136
19 29  0.605645  1.028145
19 30  0.614004  1.050972
20 21  0.554415  0.596541
20 22  0.552686  0.605800
20 23  0.593016  1.075080
20 24  0.559436  0.626937
20 25  0.608024  0.898736
20 26  0.595858  0.828757
20 27  0.562456  0.738699
20 28  0.606631  0.975849
20 29  0.595611  0.950879
20 30  0.602930  0.973908
21 22  0.520227  0.558249
21 23  0.603307  1.067587
21 24  0.559349  0.610037
21 25  0.618310  0.891926
21 26  0.609077  0.824548
21 27  0.592308  0.746863
21 28  0.616915  0.970351
21 29  0.605915  0.942980
21 30  0.613217  0.965929
22 23  0.600308  1.073927
22 24  0.557162  0.614064
22 25  0.615319  0.899081
22 26  0.605695  0.829716
22 27  0.587955  0.749413
22 28  0.613923  0.977685
22 29  0.602868  0.948820
22 30  0.610226  0.972346
23 24  0.622627  1.107618
23 25  0.629677  1.348081
23 26  0.639805  1.289342
23 27  0.626742  1.199406
23 28  0.627468  1.350484
23 29  0.625256  1.386791
23 30  0.623430  1.348918
24 25  0.637667  0.931289
24 26  0.625528  0.855707
24 27  0.604309  0.779761
24 28  0.636277  1.011218
24 29  0.625082  0.979668
24 30  0.632569  1.004659
25 26  0.654509  1.092865
25 27  0.642047  1.045392
25 28  0.654168  1.214404
25 29  0.636752  1.172075
25 30  0.620069  1.228920
26 27  0.614680  0.957052
26 28  0.652776  1.187174
26 29  0.630159  1.102548
26 30  0.649799  1.169704
27 28  0.640340  1.116648
27 29  0.628004  1.081198
27 30  0.636922  1.108928
28 29  0.611954  1.293101
28 30  0.652744  1.331044
29 30  0.638920  1.243563
