  -1146.53385086
  -1146.90463532    -1146.78631476
0.00002155104033
2 2 2 2 2 2 2 2 2 2 2 2 2 2 2 0 0 0 0 0 0 0 0 0 0 0 0 0 0 0 
1  0.286683  0.506452
2  0.301628  0.474818
3  0.292188  0.430923
4  0.283740  0.403041
5  0.271232  0.312484
6  0.283729  0.299519
7  0.279574  0.300182
8  0.319028  0.623544
9  0.321787  0.507967
10  0.333100  0.595848
11  0.304187  0.332585
12  0.309098  0.454454
13  0.329329  0.699856
14  0.326376  0.657070
15  0.320146  0.800542
16  0.293776  0.512042
17  0.307107  0.503528
18  0.297573  0.448229
19  0.287107  0.388414
20  0.275813  0.308101
21  0.285869  0.299371
22  0.282900  0.307561
23  0.318659  0.768428
24  0.305403  0.340780
25  0.333844  0.593675
26  0.324560  0.530375
27  0.310181  0.458778
28  0.332633  0.671503
29  0.321953  0.646505
30  0.328636  0.666972
1 2  0.588089  0.978522
1 3  0.578489  0.924000
1 4  0.565535  0.885039
1 5  0.557681  0.813434
1 6  0.570392  0.805132
1 7  0.566226  0.806059
1 8  0.601424  1.118791
1 9  0.587011  0.986964
1 10  0.618096  1.076488
1 11  0.590833  0.838610
1 12  0.593807  0.949788
1 13  0.590129  1.101918
1 14  0.612200  1.159873
1 15  0.604905  1.267157
1 16  0.279492  0.806410
1 17  0.593710  1.008126
1 18  0.583739  0.953963
1 19  0.568403  0.893286
1 20  0.561336  0.814265
1 21  0.572521  0.805776
1 22  0.569569  0.813879
1 23  0.599474  1.265913
1 24  0.591915  0.847042
1 25  0.619955  1.098074
1 26  0.588169  1.014704
1 27  0.596034  0.961841
1 28  0.596419  1.174260
1 29  0.605930  1.137102
1 30  0.614997  1.167748
2 3  0.549614  0.874260
2 4  0.585363  0.877497
2 5  0.572857  0.787210
2 6  0.585356  0.774224
2 7  0.581201  0.774635
2 8  0.618353  1.066541
2 9  0.623155  0.971341
2 10  0.626879  1.047823
2 11  0.605812  0.806650
2 12  0.610701  0.926278
2 13  0.629476  1.169076
2 14  0.601360  1.051955
2 15  0.619314  1.257797
2 16  0.595338  0.985259
2 17  0.298763  0.744556
2 18  0.555048  0.888291
2 19  0.588671  0.863011
2 20  0.577440  0.782876
2 21  0.587487  0.774180
2 22  0.584492  0.782355
2 23  0.613617  1.227488
2 24  0.606982  0.815561
2 25  0.631000  1.062165
2 26  0.625986  1.004363
2 27  0.611605  0.933195
2 28  0.633800  1.141562
2 29  0.622902  1.119266
2 30  0.605296  1.133225
3 4  0.575926  0.831553
3 5  0.563416  0.742615
3 6  0.575916  0.730401
3 7  0.571761  0.731095
3 8  0.608953  1.035185
3 9  0.613779  0.930050
3 10  0.602273  0.966269
3 11  0.596373  0.763147
3 12  0.601277  0.884993
3 13  0.619165  1.104940
3 14  0.613042  1.081882
3 15  0.607905  1.220794
3 16  0.585461  0.942334
3 17  0.554981  0.899204
3 18  0.291679  0.647045
3 19  0.579195  0.819127
3 20  0.567999  0.738983
3 21  0.578052  0.730285
3 22  0.575071  0.738470
3 23  0.604425  1.189055
3 24  0.597575  0.771682
3 25  0.612917  1.020902
3 26  0.616737  0.960789
3 27  0.602258  0.889382
3 28  0.623603  1.101167
3 29  0.613838  1.076048
3 30  0.612679  1.082785
4 5  0.549437  0.704097
4 6  0.567244  0.700871
4 7  0.563164  0.702454
4 8  0.601944  1.024592
4 9  0.573898  0.888910
4 10  0.616809  0.995008
4 11  0.585815  0.732989
4 12  0.565759  0.828283
4 13  0.612772  1.080658
4 14  0.610096  1.057846
4 15  0.603766  1.184815
4 16  0.572075  0.913533
4 17  0.590739  0.906245
4 18  0.581140  0.851013
4 19  0.293117  0.563686
4 20  0.555473  0.708872
4 21  0.568776  0.701800
4 22  0.566204  0.709921
4 23  0.602274  1.169980
4 24  0.588670  0.743016
4 25  0.617341  0.995915
4 26  0.571608  0.896911
4 27  0.560648  0.830713
4 28  0.615817  1.073505
4 29  0.605323  1.046725
4 30  0.612305  1.069336
5 6  0.548773  0.604525
5 7  0.546586  0.607935
5 8  0.590218  0.935667
5 9  0.590718  0.816784
5 10  0.604325  0.906984
5 11  0.556064  0.628997
5 12  0.558209  0.744160
5 13  0.600542  1.007104
5 14  0.597600  0.969367
5 15  0.591369  1.110082
5 16  0.563743  0.824193
5 17  0.578336  0.815952
5 18  0.568794  0.760660
5 19  0.553814  0.698322
5 20  0.261799  0.350225
5 21  0.553310  0.608727
5 22  0.553134  0.618632
5 23  0.589817  1.080596
5 24  0.550166  0.627618
5 25  0.605057  0.906049
5 26  0.594945  0.840634
5 27  0.552285  0.747217
5 28  0.603624  0.983756
5 29  0.593133  0.958707
5 30  0.599867  0.979318
6 7  0.516004  0.555117
6 8  0.602725  0.922756
6 9  0.605389  0.807348
6 10  0.616826  0.895330
6 11  0.555967  0.603799
6 12  0.590706  0.750075
6 13  0.613051  0.998367
6 14  0.610102  0.956157
6 15  0.603870  1.098575
6 16  0.577454  0.811517
6 17  0.590822  0.803035
6 18  0.581292  0.747738
6 19  0.569947  0.687313
6 20  0.555312  0.604059
6 21  0.284808  0.322266
6 22  0.513297  0.557585
6 23  0.602383  1.067902
6 24  0.548663  0.601909
6 25  0.617552  0.893170
6 26  0.607875  0.829458
6 27  0.593211  0.757857
6 28  0.616356  0.970989
6 29  0.605640  0.945994
6 30  0.612346  0.966468
7 8  0.598518  0.922542
7 9  0.600872  0.806849
7 10  0.612666  0.895960
7 11  0.553586  0.604211
7 12  0.584872  0.746561
7 13  0.608889  0.999158
7 14  0.605942  0.956204
7 15  0.599701  1.098598
7 16  0.573325  0.812139
7 17  0.586637  0.803687
7 18  0.577121  0.748398
7 19  0.566281  0.688077
7 20  0.554223  0.606907
7 21  0.513018  0.551095
7 22  0.282973  0.340854
7 23  0.598174  1.068519
7 24  0.545438  0.603389
7 25  0.613347  0.893827
7 26  0.603035  0.829690
7 27  0.588494  0.758345
7 28  0.612206  0.971642
7 29  0.601244  0.946597
7 30  0.608131  0.967103
8 9  0.627948  1.073303
8 10  0.637134  1.156494
8 11  0.623018  0.953175
8 12  0.626685  1.066806
8 13  0.610803  1.299603
8 14  0.636745  1.222153
8 15  0.626209  1.400361
8 16  0.609569  1.119258
8 17  0.625434  1.124958
8 18  0.616296  1.070453
8 19  0.605774  1.009725
8 20  0.594783  0.931444
8 21  0.604848  0.922890
8 22  0.601642  0.931017
8 23  0.619943  1.353264
8 24  0.623939  0.964164
8 25  0.649004  1.214831
8 26  0.635322  1.151545
8 27  0.627897  1.080750
8 28  0.613520  1.242439
8 29  0.384837  1.136359
8 30  0.644166  1.285282
9 10  0.653448  1.079034
9 11  0.623289  0.832994
9 12  0.611854  0.945474
9 13  0.648951  1.193963
9 14  0.647003  1.146145
9 15  0.640690  1.303332
9 16  0.593039  0.999064
9 17  0.628705  1.010688
9 18  0.619351  0.955682
9 19  0.570869  0.857858
9 20  0.596747  0.814205
9 21  0.607268  0.806948
9 22  0.603651  0.814657
9 23  0.637322  1.269137
9 24  0.626266  0.848353
9 25  0.655437  1.100524
9 26  0.404912  0.894657
9 27  0.605155  0.930085
9 28  0.650725  1.173018
9 29  0.635356  1.151905
9 30  0.649736  1.173245
10 11  0.637268  0.927340
10 12  0.642103  1.049430
10 13  0.652888  1.243191
10 14  0.620657  1.225521
10 15  0.632640  1.377996
10 16  0.626222  1.105746
10 17  0.634832  1.090775
10 18  0.616719  1.039694
10 19  0.620056  0.983535
10 20  0.608910  0.903851
10 21  0.618959  0.895194
10 22  0.615949  0.903373
10 23  0.626786  1.320363
10 24  0.638443  0.936574
10 25  0.416582  1.036967
10 26  0.657483  1.124934
10 27  0.642991  1.053667
10 28  0.662400  1.262489
10 29  0.651131  1.239472
10 30  0.622379  1.226449
11 12  0.602975  0.778071
11 13  0.633496  1.032216
11 14  0.630541  0.988271
11 15  0.624282  1.132515
11 16  0.597811  0.844536
11 17  0.611250  0.836081
11 18  0.601748  0.780794
11 19  0.590713  0.720265
11 20  0.554139  0.615427
11 21  0.548075  0.591600
11 22  0.548023  0.603021
11 23  0.622665  1.100867
11 24  0.378179  0.461833
11 25  0.637977  0.926214
11 26  0.627829  0.862658
11 27  0.595931  0.775926
11 28  0.636760  1.004007
11 29  0.625629  0.978936
11 30  0.632725  0.999479
12 13  0.638020  1.140167
12 14  0.635352  1.101623
12 15  0.628847  1.228908
12 16  0.601833  0.963522
12 17  0.615940  0.957543
12 18  0.606491  0.902361
12 19  0.563112  0.813003
12 20  0.555230  0.738020
12 21  0.594317  0.753505
12 22  0.590516  0.761149
12 23  0.627621  1.220762
12 24  0.597153  0.780376
12 25  0.642531  1.047197
12 26  0.606278  0.947152
12 27  0.387732  0.744611
12 28  0.641593  1.124873
12 29  0.629736  1.099178
12 30  0.637360  1.120436
13 14  0.650341  1.346208
13 15  0.627099  1.393776
13 16  0.599258  1.207344
13 17  0.635907  1.197459
13 18  0.625665  1.146501
13 19  0.615976  1.087275
13 20  0.604937  1.007738
13 21  0.615197  0.999190
13 22  0.612226  1.007340
13 23  0.621378  1.435147
13 24  0.634664  1.040484
13 25  0.660169  1.288378
13 26  0.649493  1.221153
13 27  0.639419  1.157092
13 28  0.405057  1.249392
13 29  0.613965  1.292976
13 30  0.654961  1.346848
14 15  0.623323  1.369374
14 16  0.619753  1.163315
14 17  0.607859  1.152064
14 18  0.615339  1.088075
14 19  0.613439  1.044985
14 20  0.602186  0.965065
14 21  0.612228  0.956422
14 22  0.609201  0.964574
14 23  0.615553  1.387379
14 24  0.631667  0.997748
14 25  0.621300  1.216578
14 26  0.650214  1.185487
14 27  0.636234  1.114831
14 28  0.655907  1.309824
14 29  0.645080  1.298320
14 30  0.419059  1.184983
15 16  0.607849  1.302669
15 17  0.620400  1.287214
15 18  0.611548  1.236696
15 19  0.607159  1.187609
15 20  0.595899  1.108359
15 21  0.606005  1.099874
15 22  0.602971  1.107982
15 23  0.441540  1.480724
15 24  0.625367  1.141101
15 25  0.629013  1.347290
15 26  0.641503  1.322684
15 27  0.630157  1.256911
15 28  0.625683  1.436510
15 29  0.623886  1.406167
15 30  0.619476  1.431592
16 17  0.600597  1.012518
16 18  0.590857  0.945443
16 19  0.575830  0.880476
16 20  0.569440  0.816969
16 21  0.579622  0.811090
16 22  0.576637  0.819344
16 23  0.610055  1.244352
16 24  0.599135  0.852541
16 25  0.625705  1.079123
16 26  0.594919  1.014713
16 27  0.601418  0.962928
16 28  0.598360  1.082765
16 29  0.611374  1.146959
16 30  0.621399  1.175312
17 18  0.558485  0.917665
17 19  0.594208  0.891475
17 20  0.582915  0.811526
17 21  0.592975  0.802664
17 22  0.590005  0.810338
17 23  0.622757  1.250687
17 24  0.612504  0.842903
17 25  0.633129  1.070727
17 26  0.631325  1.018068
17 27  0.617253  0.957307
17 28  0.638035  1.169142
17 29  0.626498  1.110547
17 30  0.607888  1.079156
18 19  0.584679  0.835051
18 20  0.573382  0.755832
18 21  0.583442  0.747595
18 22  0.580473  0.755734
18 23  0.611211  1.206003
18 24  0.602974  0.788560
18 25  0.606577  0.976405
18 26  0.621874  0.968193
18 27  0.607743  0.906658
18 28  0.627513  1.092117
18 29  0.616864  1.072912
18 30  0.620461  1.107670
19 20  0.556981  0.686947
19 21  0.572838  0.686898
19 22  0.569812  0.695413
19 23  0.605615  1.142888
19 24  0.589870  0.726633
19 25  0.620921  0.979861
19 26  0.580236  0.899932
19 27  0.569482  0.820098
19 28  0.619474  1.045390
19 29  0.607907  1.032673
19 30  0.615716  1.053171
20 21  0.554987  0.600142
20 22  0.553273  0.610239
20 23  0.594452  1.075329
20 24  0.560155  0.631559
20 25  0.609643  0.900939
20 26  0.597218  0.834644
20 27  0.563476  0.746611
20 28  0.608431  0.977017
20 29  0.597693  0.954301
20 30  0.604433  0.974953
21 22  0.520604  0.561737
21 23  0.604521  1.066659
21 24  0.559879  0.613534
21 25  0.619707  0.893005
21 26  0.610251  0.829340
21 27  0.593112  0.753613
21 28  0.618493  0.970478
21 29  0.607776  0.945185
21 30  0.614500  0.965747
22 23  0.601537  1.073685
22 24  0.557688  0.618100
22 25  0.616732  0.900930
22 26  0.606886  0.835184
22 27  0.588778  0.756720
22 28  0.615516  0.978591
22 29  0.604746  0.951705
22 30  0.611525  0.972849
23 24  0.623995  1.107498
23 25  0.631965  1.346031
23 26  0.641820  1.290756
23 27  0.628400  1.202195
23 28  0.629817  1.348344
23 29  0.627853  1.385663
23 30  0.625483  1.346224
24 25  0.639217  0.933037
24 26  0.626826  0.860918
24 27  0.605258  0.787312
24 28  0.638008  1.012139
24 29  0.627099  0.982477
24 30  0.634006  1.005137
25 26  0.656681  1.095908
25 27  0.643909  1.050878
25 28  0.656689  1.213494
25 29  0.639317  1.172805
25 30  0.622255  1.227518
26 27  0.616289  0.966034
26 28  0.655150  1.189597
26 29  0.632631  1.106495
26 30  0.651862  1.171504
27 28  0.642373  1.120930
27 29  0.630296  1.087402
27 30  0.638675  1.112802
28 29  0.614961  1.293294
28 30  0.655196  1.328716
29 30  0.641551  1.243239
