  -1146.53385086
  -1146.90480780    -1146.78672477
0.00001627601801
2 2 2 2 2 2 2 2 2 2 2 2 2 2 2 0 0 0 0 0 0 0 0 0 0 0 0 0 0 0 
1  0.287240  0.507864
2  0.301903  0.475060
3  0.292503  0.431441
4  0.284016  0.405138
5  0.271437  0.314058
6  0.283829  0.300304
7  0.279684  0.301242
8  0.319865  0.624034
9  0.322286  0.509911
10  0.333756  0.595955
11  0.304368  0.333569
12  0.309427  0.457540
13  0.330064  0.699467
14  0.326929  0.656335
15  0.320693  0.799022
16  0.294349  0.513131
17  0.307370  0.503863
18  0.297923  0.448685
19  0.287393  0.390393
20  0.276016  0.309458
21  0.285973  0.300074
22  0.283002  0.308718
23  0.319188  0.767201
24  0.305583  0.341852
25  0.334499  0.593762
26  0.325033  0.532261
27  0.310522  0.461794
28  0.333389  0.670875
29  0.322781  0.646976
30  0.329171  0.666432
1 2  0.588918  0.980141
1 3  0.579345  0.925770
1 4  0.566350  0.888256
1 5  0.558443  0.816239
1 6  0.571050  0.807284
1 7  0.566894  0.808500
1 8  0.602791  1.120735
1 9  0.588042  0.990165
1 10  0.619295  1.077923
1 11  0.591570  0.840989
1 12  0.594682  0.954077
1 13  0.591195  1.102592
1 14  0.613302  1.160540
1 15  0.605996  1.267085
1 16  0.280596  0.809036
1 17  0.594528  1.009835
1 18  0.584616  0.955835
1 19  0.569247  0.896692
1 20  0.562070  0.817030
1 21  0.573182  0.807889
1 22  0.570228  0.816441
1 23  0.600547  1.266137
1 24  0.592654  0.849525
1 25  0.621154  1.099586
1 26  0.589215  1.018145
1 27  0.596930  0.966254
1 28  0.597637  1.174992
1 29  0.607304  1.139099
1 30  0.616082  1.168591
2 3  0.550139  0.874993
2 4  0.585913  0.879833
2 5  0.573337  0.789021
2 6  0.585732  0.775245
2 7  0.581586  0.775913
2 8  0.619446  1.067226
2 9  0.623924  0.973355
2 10  0.627788  1.048171
2 11  0.606268  0.807839
2 12  0.611306  0.929531
2 13  0.630479  1.168911
2 14  0.602177  1.051596
2 15  0.620152  1.256646
2 16  0.596184  0.986555
2 17  0.299259  0.745087
2 18  0.555658  0.889158
2 19  0.589229  0.865227
2 20  0.577919  0.784473
2 21  0.587865  0.775125
2 22  0.584865  0.783754
2 23  0.614414  1.226573
2 24  0.607434  0.816874
2 25  0.631929  1.062572
2 26  0.626723  1.006492
2 27  0.612206  0.936445
2 28  0.634829  1.141178
2 29  0.623987  1.120003
2 30  0.606090  1.132933
3 4  0.576516  0.834094
3 5  0.563936  0.744661
3 6  0.576331  0.731698
3 7  0.572186  0.732672
3 8  0.610091  1.036173
3 9  0.614589  0.932382
3 10  0.603191  0.966819
3 11  0.596869  0.764629
3 12  0.601922  0.888582
3 13  0.620194  1.104989
3 14  0.613894  1.081682
3 15  0.608758  1.219760
3 16  0.586317  0.943945
3 17  0.555551  0.900223
3 18  0.292321  0.647928
3 19  0.579791  0.821622
3 20  0.568517  0.740856
3 21  0.578469  0.731505
3 22  0.575485  0.740144
3 23  0.605262  1.188366
3 24  0.598069  0.773271
3 25  0.613866  1.021495
3 26  0.617524  0.963192
3 27  0.602908  0.892902
3 28  0.624662  1.101072
3 29  0.614984  1.077037
3 30  0.613533  1.082857
4 5  0.549902  0.707536
4 6  0.567620  0.703683
4 7  0.563549  0.705576
4 8  0.603049  1.027141
4 9  0.574683  0.892972
4 10  0.617739  0.997137
4 11  0.586262  0.736025
4 12  0.566358  0.833272
4 13  0.613777  1.082108
4 14  0.610923  1.059174
4 15  0.604588  1.185133
4 16  0.572930  0.916728
4 17  0.591276  0.908668
4 18  0.581760  0.853563
4 19  0.293652  0.568174
4 20  0.555947  0.712355
4 21  0.569141  0.704594
4 22  0.566584  0.713170
4 23  0.603077  1.170837
4 24  0.589120  0.746180
4 25  0.618259  0.998083
4 26  0.572373  0.900982
4 27  0.561264  0.835987
4 28  0.616850  1.074962
4 29  0.606421  1.049258
4 30  0.613115  1.070878
5 6  0.549076  0.606803
5 7  0.546897  0.610519
5 8  0.591259  0.937722
5 9  0.591407  0.820234
5 10  0.605185  0.908606
5 11  0.556442  0.631642
5 12  0.558730  0.748608
5 13  0.601482  1.008111
5 14  0.598356  0.970194
5 15  0.592121  1.110008
5 16  0.564487  0.826851
5 17  0.578804  0.817856
5 18  0.569348  0.762688
5 19  0.554300  0.701910
5 20  0.262171  0.353474
5 21  0.553620  0.611022
5 22  0.553440  0.621351
5 23  0.590549  1.080931
5 24  0.550546  0.630330
5 25  0.605917  0.907705
5 26  0.595617  0.844043
5 27  0.552827  0.751933
5 28  0.604572  0.984693
5 29  0.594168  0.960733
5 30  0.600607  0.980345
6 7  0.516205  0.557075
6 8  0.603660  0.924018
6 9  0.605986  0.810069
6 10  0.617582  0.896218
6 11  0.556251  0.605692
6 12  0.591128  0.753833
6 13  0.613885  0.998706
6 14  0.610754  0.956181
6 15  0.604517  1.097756
6 16  0.578128  0.813391
6 17  0.591184  0.804155
6 18  0.581740  0.748979
6 19  0.570325  0.690076
6 20  0.555615  0.606220
6 21  0.285000  0.324041
6 22  0.513496  0.559715
6 23  0.603013  1.067456
6 24  0.548948  0.603843
6 25  0.618304  0.894040
6 26  0.608446  0.832115
6 27  0.593649  0.761658
6 28  0.617213  0.971143
6 29  0.606568  0.947249
6 30  0.612979  0.966712
7 8  0.599463  0.924042
7 9  0.601480  0.809818
7 10  0.613430  0.897124
7 11  0.553882  0.606301
7 12  0.585302  0.750495
7 13  0.609732  0.999781
7 14  0.606603  0.956463
7 15  0.600357  1.098019
7 16  0.574007  0.814284
7 17  0.587005  0.805081
7 18  0.577578  0.749915
7 19  0.566675  0.691113
7 20  0.554534  0.609318
7 21  0.513230  0.553047
7 22  0.283154  0.343451
7 23  0.598811  1.068346
7 24  0.545738  0.605580
7 25  0.614106  0.894973
7 26  0.603611  0.832621
7 27  0.588943  0.762434
7 28  0.613072  0.972071
7 29  0.602177  0.948126
7 30  0.608768  0.967621
8 9  0.629190  1.075411
8 10  0.638454  1.156961
8 11  0.624035  0.954571
8 12  0.627841  1.070203
8 13  0.612300  1.299834
8 14  0.638067  1.221917
8 15  0.627553  1.399365
8 16  0.610969  1.120985
8 17  0.626519  1.125808
8 18  0.617481  1.071405
8 19  0.606888  1.012158
8 20  0.595824  0.933280
8 21  0.605789  0.924082
8 22  0.602576  0.932662
8 23  0.621299  1.352773
8 24  0.624948  0.965725
8 25  0.650439  1.215443
8 26  0.636606  1.153914
8 27  0.629075  1.084213
8 28  0.615057  1.242610
8 29  0.386319  1.137054
8 30  0.645539  1.285289
9 10  0.654582  1.080891
9 11  0.623954  0.835768
9 12  0.612667  0.950450
9 13  0.650174  1.195454
9 14  0.648032  1.147188
9 15  0.641716  1.303752
9 16  0.594118  1.002218
9 17  0.629453  1.012967
9 18  0.620199  0.958085
9 19  0.571665  0.861846
9 20  0.597443  0.817461
9 21  0.607870  0.809583
9 22  0.604241  0.817738
9 23  0.638327  1.269824
9 24  0.626944  0.851375
9 25  0.656593  1.102565
9 26  0.405916  0.898973
9 27  0.605994  0.934933
9 28  0.651976  1.174384
9 29  0.636652  1.154296
9 30  0.650754  1.174658
10 11  0.638102  0.928384
10 12  0.643086  1.052599
10 13  0.654249  1.243037
10 14  0.621780  1.224965
10 15  0.633864  1.376653
10 16  0.627440  1.106958
10 17  0.635755  1.091312
10 18  0.617711  1.040256
10 19  0.620991  0.985604
10 20  0.609770  0.905311
10 21  0.619716  0.896002
10 22  0.616701  0.904635
10 23  0.627981  1.319477
10 24  0.639279  0.937751
10 25  0.417818  1.036977
10 26  0.658610  1.126935
10 27  0.643986  1.056749
10 28  0.663799  1.262024
10 29  0.652554  1.240080
10 30  0.623521  1.226258
11 12  0.603466  0.782121
11 13  0.634410  1.032800
11 14  0.631273  0.988467
11 15  0.625009  1.131967
11 16  0.598564  0.846609
11 17  0.611691  0.837398
11 18  0.602278  0.782234
11 19  0.591176  0.723224
11 20  0.554522  0.617831
11 21  0.548362  0.593347
11 22  0.548312  0.605218
11 23  0.623369  1.100622
11 24  0.378529  0.464336
11 25  0.638814  0.927285
11 26  0.628482  0.865534
11 27  0.596440  0.779963
11 28  0.637697  1.004361
11 29  0.626629  0.980389
11 30  0.633436  0.999922
12 13  0.639075  1.142622
12 14  0.636232  1.103768
12 15  0.629712  1.230013
12 16  0.602732  0.967676
12 17  0.616514  0.960954
12 18  0.607163  0.905891
12 19  0.563729  0.818222
12 20  0.555748  0.742567
12 21  0.594747  0.757297
12 22  0.590947  0.765403
12 23  0.628479  1.222581
12 24  0.597647  0.784552
12 25  0.643514  1.050324
12 26  0.607084  0.952027
12 27  0.388386  0.751456
12 28  0.642676  1.127314
12 29  0.630897  1.102689
12 30  0.638212  1.122961
13 14  0.651576  1.345163
13 15  0.628353  1.392434
13 16  0.600452  1.207981
13 17  0.636899  1.197396
13 18  0.626728  1.146587
13 19  0.616992  1.088851
13 20  0.605868  1.008698
13 21  0.616035  0.999501
13 22  0.613062  1.008104
13 23  0.622589  1.433757
13 24  0.635579  1.041163
13 25  0.661549  1.288134
13 26  0.650705  1.222726
13 27  0.640491  1.159698
13 28  0.406384  1.248209
13 29  0.615489  1.293442
13 30  0.656218  1.346080
14 15  0.624385  1.367621
14 16  0.620880  1.163667
14 17  0.608653  1.151663
14 18  0.616231  1.087916
14 19  0.614276  1.046221
14 20  0.602942  0.965682
14 21  0.612883  0.956389
14 22  0.609850  0.964993
14 23  0.616596  1.385614
14 24  0.632396  0.998082
14 25  0.622451  1.216154
14 26  0.651223  1.186645
14 27  0.637118  1.117095
14 28  0.657200  1.308614
14 29  0.646450  1.298115
14 30  0.420106  1.183806
15 16  0.608941  1.302323
15 17  0.621197  1.286126
15 18  0.612433  1.235679
15 19  0.607989  1.188048
15 20  0.596646  1.108186
15 21  0.606655  1.099053
15 22  0.603617  1.107610
15 23  0.442590  1.478070
15 24  0.626088  1.140649
15 25  0.630211  1.346134
15 26  0.642504  1.323035
15 27  0.631044  1.258362
15 28  0.626959  1.434628
15 29  0.625257  1.405419
15 30  0.620522  1.429720
16 17  0.601425  1.013903
16 18  0.591762  0.946859
16 19  0.576677  0.883308
16 20  0.570218  0.819294
16 21  0.580299  0.812862
16 22  0.577314  0.821574
16 23  0.611138  1.244341
16 24  0.599889  0.854690
16 25  0.626927  1.080273
16 26  0.595961  1.017556
16 27  0.602315  0.966888
16 28  0.599434  1.083028
16 29  0.612755  1.148569
16 30  0.622497  1.175856
17 18  0.559036  0.918423
17 19  0.594755  0.893784
17 20  0.583381  0.813215
17 21  0.593341  0.803690
17 22  0.590370  0.811783
17 23  0.623567  1.249897
17 24  0.612947  0.844246
17 25  0.634033  1.071144
17 26  0.632061  1.020054
17 27  0.617858  0.960535
17 28  0.639050  1.168848
17 29  0.627575  1.111271
17 30  0.608677  1.079049
18 19  0.585315  0.837433
18 20  0.573935  0.757617
18 21  0.583895  0.748754
18 22  0.580924  0.757346
18 23  0.612085  1.205232
18 24  0.603503  0.790066
18 25  0.607512  0.976879
18 26  0.622692  0.970388
18 27  0.608434  0.910124
18 28  0.628598  1.091934
18 29  0.618018  1.073816
18 30  0.621336  1.107589
19 20  0.557459  0.690108
19 21  0.573228  0.689542
19 22  0.570199  0.698525
19 23  0.606427  1.143441
19 24  0.590326  0.729659
19 25  0.621860  0.981873
19 26  0.581007  0.903837
19 27  0.570100  0.824951
19 28  0.620512  1.046560
19 29  0.609005  1.035065
19 30  0.616535  1.054586
20 21  0.555295  0.602151
20 22  0.553578  0.612732
20 23  0.595185  1.075386
20 24  0.560532  0.634092
20 25  0.610501  0.902344
20 26  0.597870  0.837828
20 27  0.564005  0.750854
20 28  0.609391  0.977640
20 29  0.598723  0.956126
20 30  0.605171  0.975764
21 22  0.520801  0.563718
21 23  0.605154  1.066072
21 24  0.560167  0.615445
21 25  0.620465  0.893795
21 26  0.610827  0.831919
21 27  0.593545  0.757227
21 28  0.619353  0.970527
21 29  0.608707  0.946338
21 30  0.615138  0.965880
22 23  0.602168  1.073486
22 24  0.557976  0.620327
22 25  0.617487  0.902164
22 26  0.607461  0.838154
22 27  0.589216  0.760655
22 28  0.616373  0.979089
22 29  0.605675  0.953246
22 30  0.612161  0.973368
23 24  0.624703  1.107313
23 25  0.633171  1.344994
23 26  0.642805  1.291393
23 27  0.629259  1.203564
23 28  0.631082  1.347036
23 29  0.629168  1.384903
23 30  0.626510  1.344891
24 25  0.640049  0.934138
24 26  0.627464  0.863680
24 27  0.605759  0.791322
24 28  0.638943  1.012577
24 29  0.628105  0.983907
24 30  0.634720  1.005575
25 26  0.657787  1.097651
25 27  0.644901  1.053963
25 28  0.658074  1.213135
25 29  0.640620  1.173250
25 30  0.623349  1.227097
26 27  0.617088  0.970799
26 28  0.656369  1.190814
26 29  0.633830  1.108484
26 30  0.652831  1.172592
27 28  0.643464  1.123151
27 29  0.631446  1.090618
27 30  0.639546  1.115030
28 29  0.616473  1.293277
28 30  0.656442  1.327614
29 30  0.642862  1.243141
