  -1146.53385086
  -1146.90490239    -1146.78695277
0.00001157859784
2 2 2 2 2 2 2 2 2 2 2 2 2 2 2 0 0 0 0 0 0 0 0 0 0 0 0 0 0 0 
1  0.287565  0.508703
2  0.302038  0.475173
3  0.292675  0.431690
4  0.284179  0.406309
5  0.271544  0.315010
6  0.283866  0.300810
7  0.279732  0.301901
8  0.320302  0.624339
9  0.322567  0.511149
10  0.334159  0.595911
11  0.304470  0.334175
12  0.309622  0.459272
13  0.330496  0.699261
14  0.327212  0.655878
15  0.320995  0.798168
16  0.294698  0.513897
17  0.307497  0.504037
18  0.298115  0.448892
19  0.287557  0.391517
20  0.276122  0.310284
21  0.286017  0.300522
22  0.283052  0.309446
23  0.319496  0.766480
24  0.305675  0.342491
25  0.334870  0.593638
26  0.325315  0.533456
27  0.310715  0.463511
28  0.333819  0.670532
29  0.323228  0.647315
30  0.329460  0.666047
1 2  0.589372  0.981075
1 3  0.579832  0.926758
1 4  0.566828  0.890101
1 5  0.558874  0.817917
1 6  0.571411  0.808600
1 7  0.567266  0.809976
1 8  0.603539  1.121895
1 9  0.588635  0.992136
1 10  0.620013  1.078668
1 11  0.591997  0.842422
1 12  0.595194  0.956536
1 13  0.591823  1.103045
1 14  0.613900  1.160922
1 15  0.606616  1.267103
1 16  0.281231  0.810735
1 17  0.594979  1.010819
1 18  0.585124  0.956882
1 19  0.569736  0.898663
1 20  0.562487  0.818693
1 21  0.573551  0.809175
1 22  0.570602  0.818003
1 23  0.601176  1.266295
1 24  0.593070  0.851003
1 25  0.621841  1.100306
1 26  0.589828  1.020252
1 27  0.597444  0.968805
1 28  0.598332  1.175457
1 29  0.608069  1.140337
1 30  0.616692  1.169038
2 3  0.550415  0.875348
2 4  0.586211  0.881116
2 5  0.573579  0.790083
2 6  0.585903  0.775860
2 7  0.581768  0.776669
2 8  0.620020  1.067645
2 9  0.624338  0.974593
2 10  0.628312  1.048255
2 11  0.606505  0.808533
2 12  0.611635  0.931331
2 13  0.631042  1.168805
2 14  0.602590  1.051337
2 15  0.620596  1.255976
2 16  0.596667  0.987409
2 17  0.299506  0.745281
2 18  0.555977  0.889584
2 19  0.589527  0.866462
2 20  0.578160  0.785410
2 21  0.588044  0.775686
2 22  0.585047  0.784594
2 23  0.614856  1.226034
2 24  0.607661  0.817625
2 25  0.632435  1.062608
2 26  0.627136  1.007801
2 27  0.612524  0.938274
2 28  0.635394  1.140955
2 29  0.624559  1.120467
2 30  0.606510  1.132662
3 4  0.576852  0.835466
3 5  0.564216  0.745831
3 6  0.576541  0.732450
3 7  0.572406  0.733579
3 8  0.610694  1.036726
3 9  0.615038  0.933786
3 10  0.603744  0.966996
3 11  0.597143  0.765470
3 12  0.602289  0.890553
3 13  0.620786  1.104966
3 14  0.614347  1.081485
3 15  0.609228  1.219137
3 16  0.586822  0.944961
3 17  0.555848  0.900753
3 18  0.292654  0.648322
3 19  0.580125  0.822996
3 20  0.568796  0.741929
3 21  0.578685  0.732202
3 22  0.575707  0.741120
3 23  0.605744  1.187915
3 24  0.598334  0.774159
3 25  0.614401  1.021614
3 26  0.617978  0.964638
3 27  0.603271  0.894862
3 28  0.625252  1.100989
3 29  0.615604  1.077624
3 30  0.613995  1.082784
4 5  0.550164  0.709525
4 6  0.567820  0.705318
4 7  0.563760  0.707386
4 8  0.603643  1.028594
4 9  0.575133  0.895386
4 10  0.618305  0.998214
4 11  0.586520  0.737774
4 12  0.566708  0.836080
4 13  0.614371  1.082937
4 14  0.611369  1.059876
4 15  0.605049  1.185310
4 16  0.573439  0.918672
4 17  0.591564  0.910009
4 18  0.582108  0.854942
4 19  0.293969  0.570709
4 20  0.556215  0.714370
4 21  0.569340  0.706209
4 22  0.566798  0.715066
4 23  0.603544  1.171278
4 24  0.589372  0.747988
4 25  0.618789  0.999129
4 26  0.572826  0.903412
4 27  0.561613  0.838959
4 28  0.617441  1.075782
4 29  0.607025  1.050750
4 30  0.613567  1.071659
5 6  0.549219  0.608212
5 7  0.547050  0.612102
5 8  0.591803  0.938973
5 9  0.591783  0.822386
5 10  0.605695  0.909479
5 11  0.556644  0.633250
5 12  0.559030  0.751172
5 13  0.602021  1.008749
5 14  0.598746  0.970684
5 15  0.592530  1.110028
5 16  0.564925  0.828565
5 17  0.579037  0.818980
5 18  0.569646  0.763847
5 19  0.554567  0.704006
5 20  0.262370  0.355446
5 21  0.553772  0.612433
5 22  0.553597  0.623024
5 23  0.590962  1.081156
5 24  0.550743  0.631963
5 25  0.606395  0.908531
5 26  0.596002  0.846165
5 27  0.553126  0.754672
5 28  0.605105  0.985297
5 29  0.594721  0.962014
5 30  0.601003  0.980908
6 7  0.516285  0.558309
6 8  0.604133  0.924822
6 9  0.606304  0.811809
6 10  0.618021  0.896677
6 11  0.556394  0.606879
6 12  0.591357  0.755999
6 13  0.614354  0.998968
6 14  0.611074  0.956215
6 15  0.604855  1.097353
6 16  0.578513  0.814661
6 17  0.591347  0.804834
6 18  0.581968  0.749691
6 19  0.570519  0.691704
6 20  0.555757  0.607565
6 21  0.285088  0.325161
6 22  0.513581  0.561063
6 23  0.603357  1.067239
6 24  0.549081  0.605032
6 25  0.618711  0.894420
6 26  0.608766  0.833808
6 27  0.593878  0.763883
6 28  0.617680  0.971304
6 29  0.607052  0.948092
6 30  0.613304  0.966831
7 8  0.599947  0.924975
7 9  0.601811  0.811694
7 10  0.613880  0.897736
7 11  0.554036  0.607597
7 12  0.585544  0.752759
7 13  0.610212  1.000203
7 14  0.606934  0.956623
7 15  0.600707  1.097747
7 16  0.574403  0.815706
7 17  0.587177  0.805913
7 18  0.577816  0.750780
7 19  0.566890  0.692894
7 20  0.554688  0.610799
7 21  0.513319  0.554270
7 22  0.283239  0.345065
7 23  0.599165  1.068280
7 24  0.545882  0.606916
7 25  0.614522  0.895506
7 26  0.603936  0.834464
7 27  0.589185  0.764816
7 28  0.613549  0.972386
7 29  0.602666  0.949121
7 30  0.609101  0.967892
8 9  0.629866  1.076729
8 10  0.639186  1.157151
8 11  0.624575  0.955434
8 12  0.628465  1.072142
8 13  0.613142  1.299999
8 14  0.638760  1.221797
8 15  0.628254  1.398830
8 16  0.611749  1.122131
8 17  0.627078  1.126303
8 18  0.618110  1.071920
8 19  0.607484  1.013567
8 20  0.596368  0.934404
8 21  0.606271  0.924834
8 22  0.603061  0.933692
8 23  0.622021  1.352470
8 24  0.625474  0.966668
8 25  0.651217  1.215640
8 26  0.637316  1.155408
8 27  0.629706  1.086210
8 28  0.615903  1.242747
8 29  0.387129  1.137580
8 30  0.646256  1.285242
9 10  0.655247  1.081935
9 11  0.624331  0.837516
9 12  0.613129  0.953394
9 13  0.650877  1.196445
9 14  0.648582  1.147850
9 15  0.642296  1.304132
9 16  0.594751  1.004287
9 17  0.629859  1.014380
9 18  0.620672  0.959531
9 19  0.572111  0.864256
9 20  0.597826  0.819501
9 21  0.608196  0.811263
9 22  0.604567  0.819694
9 23  0.638901  1.270298
9 24  0.627316  0.853255
9 25  0.657243  1.103686
9 26  0.406494  0.901708
9 27  0.606461  0.937834
9 28  0.652689  1.175295
9 29  0.637367  1.155864
9 30  0.651321  1.175512
10 11  0.638606  0.928913
10 12  0.643681  1.054273
10 13  0.655059  1.242854
10 14  0.622427  1.224505
10 15  0.634568  1.375807
10 16  0.628183  1.107682
10 17  0.636286  1.091501
10 18  0.618294  1.040413
10 19  0.621551  0.986681
10 20  0.610279  0.906090
10 21  0.620162  0.896405
10 22  0.617151  0.905317
10 23  0.628694  1.318849
10 24  0.639774  0.938346
10 25  0.418528  1.036747
10 26  0.659293  1.128092
10 27  0.644584  1.058399
10 28  0.664625  1.261674
10 29  0.653360  1.240382
10 30  0.624190  1.225979
11 12  0.603754  0.784445
11 13  0.634943  1.033191
11 14  0.631658  0.988581
11 15  0.625413  1.131711
11 16  0.599013  0.847981
11 17  0.611918  0.838177
11 18  0.602572  0.783046
11 19  0.591438  0.724951
11 20  0.554730  0.619296
11 21  0.548508  0.594440
11 22  0.548468  0.606589
11 23  0.623774  1.100505
11 24  0.378710  0.465871
11 25  0.639287  0.927766
11 26  0.628865  0.867340
11 27  0.596728  0.782302
11 28  0.638228  1.004623
11 29  0.627173  0.981333
11 30  0.633825  1.000140
12 13  0.639696  1.144014
12 14  0.636709  1.104926
12 15  0.630202  1.230622
12 16  0.603272  0.970165
12 17  0.616826  0.962855
12 18  0.607543  0.907823
12 19  0.564086  0.821161
12 20  0.556050  0.745180
12 21  0.594985  0.759477
12 22  0.591190  0.767871
12 23  0.628980  1.223567
12 24  0.597927  0.786928
12 25  0.644078  1.051912
12 26  0.607549  0.954913
12 27  0.388759  0.755366
12 28  0.643299  1.128694
12 29  0.631542  1.104736
12 30  0.638691  1.124299
13 14  0.652259  1.344547
13 15  0.629059  1.391664
13 16  0.601165  1.208502
13 17  0.637456  1.197359
13 18  0.627347  1.146597
13 19  0.617588  1.089762
13 20  0.606400  1.009313
13 21  0.616511  0.999741
13 22  0.613544  1.008623
13 23  0.623294  1.432944
13 24  0.636103  1.041594
13 25  0.662351  1.287842
13 26  0.651415  1.223749
13 27  0.641114  1.161196
13 28  0.407162  1.247622
13 29  0.616356  1.293779
13 30  0.656929  1.345591
14 15  0.624952  1.366615
14 16  0.621509  1.163967
14 17  0.609055  1.151383
14 18  0.616709  1.087745
14 19  0.614723  1.046885
14 20  0.603332  0.966049
14 21  0.613210  0.956380
14 22  0.610180  0.965263
14 23  0.617168  1.384544
14 24  0.632771  0.998263
14 25  0.623100  1.215704
14 26  0.651780  1.187390
14 27  0.637591  1.118349
14 28  0.657899  1.307904
14 29  0.647175  1.298039
14 30  0.420679  1.182986
15 16  0.609588  1.302264
15 17  0.621624  1.285527
15 18  0.612925  1.235060
15 19  0.608453  1.188311
15 20  0.597053  1.108152
15 21  0.607001  1.098645
15 22  0.603967  1.107478
15 23  0.443201  1.476557
15 24  0.626480  1.140431
15 25  0.630884  1.345329
15 26  0.643074  1.323339
15 27  0.631537  1.259203
15 28  0.627681  1.433572
15 29  0.625985  1.405071
15 30  0.621081  1.428596
16 17  0.601894  1.014824
16 18  0.592293  0.947736
16 19  0.577181  0.885054
16 20  0.570671  0.820815
16 21  0.580692  0.814062
16 22  0.577712  0.823055
16 23  0.611784  1.244442
16 24  0.600329  0.856087
16 25  0.627638  1.080880
16 26  0.596581  1.019432
16 27  0.602848  0.969287
16 28  0.600064  1.083306
16 29  0.613535  1.149697
16 30  0.623128  1.176237
17 18  0.559320  0.918790
17 19  0.595044  0.895080
17 20  0.583613  0.814212
17 21  0.593512  0.804304
17 22  0.590546  0.812651
17 23  0.624004  1.249403
17 24  0.613165  0.845016
17 25  0.634521  1.071211
17 26  0.632469  1.021262
17 27  0.618177  0.962346
17 28  0.639611  1.168683
17 29  0.628149  1.111726
17 30  0.609086  1.078901
18 19  0.585671  0.838729
18 20  0.574233  0.758629
18 21  0.584131  0.749408
18 22  0.581166  0.758279
18 23  0.612584  1.204725
18 24  0.603787  0.790897
18 25  0.608042  0.976945
18 26  0.623159  0.971696
18 27  0.608819  0.912044
18 28  0.629206  1.091786
18 29  0.618647  1.074354
18 30  0.621810  1.107416
19 20  0.557724  0.691957
19 21  0.573436  0.691091
19 22  0.570413  0.700362
19 23  0.606896  1.143730
19 24  0.590578  0.731405
19 25  0.622395  0.982840
19 26  0.581457  0.906172
19 27  0.570451  0.827725
19 28  0.621106  1.047237
19 29  0.609604  1.036488
19 30  0.616987  1.055311
20 21  0.555446  0.603394
20 22  0.553733  0.614275
20 23  0.595598  1.075448
20 24  0.560727  0.635616
20 25  0.610977  0.903021
20 26  0.598247  0.839821
20 27  0.564301  0.753318
20 28  0.609927  0.978056
20 29  0.599275  0.957289
20 30  0.605565  0.976201
21 22  0.520889  0.564967
21 23  0.605506  1.065761
21 24  0.560308  0.616613
21 25  0.620880  0.894118
21 26  0.611152  0.833556
21 27  0.593779  0.759326
21 28  0.619827  0.970616
21 29  0.609197  0.947110
21 30  0.615471  0.965924
22 23  0.602525  1.073410
22 24  0.558120  0.621695
22 25  0.617907  0.902759
22 26  0.607795  0.840035
22 27  0.589456  0.762951
22 28  0.616852  0.979456
22 29  0.606171  0.954253
22 30  0.612499  0.973645
23 24  0.625103  1.107212
23 25  0.633856  1.344221
23 26  0.643386  1.291860
23 27  0.629753  1.204310
23 28  0.631798  1.346299
23 29  0.629884  1.384500
23 30  0.627089  1.344031
24 25  0.640510  0.934618
24 26  0.627828  0.865395
24 27  0.606037  0.793633
24 28  0.639465  1.012870
24 29  0.628645  0.984823
24 30  0.635100  1.005771
25 26  0.658420  1.098589
25 27  0.645463  1.055545
25 28  0.658846  1.212790
25 29  0.641334  1.173417
25 30  0.623972  1.226619
26 27  0.617550  0.973633
26 28  0.657071  1.191642
26 29  0.634513  1.109791
26 30  0.653385  1.173264
27 28  0.644081  1.124427
27 29  0.632077  1.092525
27 30  0.640027  1.116220
28 29  0.617317  1.293346
28 30  0.657123  1.326920
29 30  0.643570  1.243075
