  -1146.53385086
  -1146.90507752    -1146.78740158
0.00000301951360
2 2 2 2 2 2 2 2 2 2 2 2 2 2 2 0 0 0 0 0 0 0 0 0 0 0 0 0 0 0 
1  0.288217  0.510369
2  0.302206  0.475764
3  0.292985  0.432391
4  0.284538  0.408978
5  0.271738  0.317277
6  0.283968  0.301992
7  0.279852  0.303470
8  0.321169  0.624917
9  0.323135  0.513589
10  0.334916  0.596048
11  0.304659  0.335499
12  0.310014  0.463263
13  0.331323  0.698656
14  0.327725  0.655109
15  0.321605  0.796214
16  0.295376  0.515386
17  0.307668  0.504679
18  0.298445  0.449535
19  0.287919  0.394115
20  0.276327  0.312268
21  0.286123  0.301589
22  0.283169  0.311128
23  0.320077  0.764845
24  0.305867  0.343852
25  0.335593  0.593659
26  0.325866  0.535738
27  0.311093  0.467483
28  0.334646  0.669738
29  0.324119  0.647918
30  0.329984  0.665382
1 2  0.590187  0.983270
1 3  0.580775  0.928884
1 4  0.567820  0.894084
1 5  0.559720  0.821601
1 6  0.572166  0.811380
1 7  0.568039  0.813164
1 8  0.605034  1.124184
1 9  0.589826  0.996035
1 10  0.621412  1.080392
1 11  0.592837  0.845386
1 12  0.596221  0.961937
1 13  0.593047  1.103769
1 14  0.615042  1.161814
1 15  0.607860  1.266891
1 16  0.282503  0.814000
1 17  0.595801  1.013068
1 18  0.586078  0.959196
1 19  0.570749  0.902941
1 20  0.563314  0.822340
1 21  0.574308  0.811905
1 22  0.571371  0.821343
1 23  0.602375  1.266395
1 24  0.593910  0.854030
1 25  0.623206  1.102013
1 26  0.591040  1.024393
1 27  0.598469  0.974435
1 28  0.599700  1.176259
1 29  0.609598  1.142776
1 30  0.617861  1.170042
2 3  0.550811  0.876606
2 4  0.586736  0.884372
2 5  0.573940  0.792931
2 6  0.586172  0.777621
2 7  0.582056  0.778778
2 8  0.621078  1.068726
2 9  0.625069  0.977326
2 10  0.629218  1.048954
2 11  0.606860  0.810380
2 12  0.612194  0.935791
2 13  0.632042  1.168764
2 14  0.603302  1.051219
2 15  0.621393  1.254780
2 16  0.597512  0.989436
2 17  0.299826  0.746427
2 18  0.556442  0.891077
2 19  0.590053  0.869639
2 20  0.578533  0.787982
2 21  0.588315  0.777342
2 22  0.585322  0.786866
2 23  0.615606  1.225108
2 24  0.608013  0.819574
2 25  0.633333  1.063321
2 26  0.627845  1.010680
2 27  0.613046  0.942831
2 28  0.636391  1.140763
2 29  0.625606  1.121691
2 30  0.607199  1.132601
3 4  0.577521  0.838719
3 5  0.564720  0.748713
3 6  0.576952  0.734324
3 7  0.572836  0.735847
3 8  0.611859  1.037970
3 9  0.615902  0.936692
3 10  0.604780  0.967737
3 11  0.597642  0.767459
3 12  0.602993  0.895223
3 13  0.621900  1.104963
3 14  0.615161  1.081419
3 15  0.610142  1.217851
3 16  0.587788  0.947157
3 17  0.556305  0.902349
3 18  0.293237  0.649593
3 19  0.580784  0.826296
3 20  0.569309  0.744611
3 21  0.579101  0.733968
3 22  0.576132  0.743501
3 23  0.606628  1.187036
3 24  0.598837  0.776219
3 25  0.615424  1.022338
3 26  0.618837  0.967624
3 27  0.603945  0.899514
3 28  0.626369  1.100920
3 29  0.616806  1.078933
3 30  0.614832  1.082960
4 5  0.550705  0.714136
4 6  0.568281  0.709071
4 7  0.564239  0.711576
4 8  0.604854  1.031788
4 9  0.576064  0.900518
4 10  0.619420  1.000922
4 11  0.587055  0.741706
4 12  0.567448  0.842478
4 13  0.615555  1.084700
4 14  0.612238  1.061743
4 15  0.606012  1.185694
4 16  0.574477  0.922842
4 17  0.592090  0.913304
4 18  0.582778  0.858253
4 19  0.294652  0.576463
4 20  0.556772  0.719061
4 21  0.569792  0.709942
4 22  0.567278  0.719414
4 23  0.604479  1.172294
4 24  0.589918  0.752014
4 25  0.619854  1.001803
4 26  0.573752  0.908492
4 27  0.562346  0.845851
4 28  0.618626  1.077647
4 29  0.608264  1.053979
4 30  0.614447  1.073642
5 6  0.549516  0.611543
5 7  0.547365  0.615869
5 8  0.592863  0.941808
5 9  0.592533  0.827013
5 10  0.606645  0.911794
5 11  0.557020  0.636960
5 12  0.559601  0.757133
5 13  0.603043  1.010161
5 14  0.599451  0.972163
5 15  0.593333  1.110154
5 16  0.565769  0.832314
5 17  0.579402  0.821883
5 18  0.570165  0.766754
5 19  0.555118  0.708915
5 20  0.262753  0.360072
5 21  0.554072  0.615793
5 22  0.553908  0.626962
5 23  0.591732  1.081772
5 24  0.551122  0.635714
5 25  0.607313  0.910809
5 26  0.596742  0.850656
5 27  0.553703  0.761096
5 28  0.606111  0.986760
5 29  0.595807  0.964860
5 30  0.601720  0.982499
6 7  0.516488  0.561221
6 8  0.605099  0.926561
6 9  0.606973  0.815423
6 10  0.618878  0.897989
6 11  0.556690  0.609560
6 12  0.591843  0.761007
6 13  0.615284  0.999458
6 14  0.611688  0.956586
6 15  0.605567  1.096452
6 16  0.579294  0.817331
6 17  0.591617  0.806656
6 18  0.582398  0.751515
6 19  0.570971  0.695483
6 20  0.556061  0.610760
6 21  0.285300  0.327772
6 22  0.513787  0.564212
6 23  0.604041  1.066780
6 24  0.549377  0.607692
6 25  0.619534  0.895620
6 26  0.609417  0.837253
6 27  0.594355  0.769038
6 28  0.618609  0.971687
6 29  0.608044  0.949873
6 30  0.613928  0.967346
7 8  0.600932  0.927043
7 9  0.602502  0.815660
7 10  0.614754  0.899434
7 11  0.554346  0.610574
7 12  0.586056  0.758012
7 13  0.611158  1.001094
7 14  0.607567  0.957307
7 15  0.601436  1.097175
7 16  0.575201  0.818758
7 17  0.587458  0.808121
7 18  0.578262  0.752990
7 19  0.567374  0.697059
7 20  0.555012  0.614347
7 21  0.513534  0.557190
7 22  0.283429  0.348810
7 23  0.599863  1.068203
7 24  0.546194  0.609954
7 25  0.615360  0.897091
7 26  0.604599  0.838294
7 27  0.589680  0.770371
7 28  0.614496  0.973156
7 29  0.603670  0.951287
7 30  0.609735  0.968791
8 9  0.631207  1.079314
8 10  0.640597  1.157669
8 11  0.625634  0.957236
8 12  0.629712  1.076486
8 13  0.614763  1.300109
8 14  0.640093  1.221636
8 15  0.629665  1.397549
8 16  0.613279  1.124399
8 17  0.628106  1.127552
8 18  0.619307  1.073151
8 19  0.608702  1.016702
8 20  0.597441  0.936952
8 21  0.607242  0.926477
8 22  0.604037  0.935948
8 23  0.623426  1.351678
8 24  0.626527  0.968605
8 25  0.652749  1.216274
8 26  0.638705  1.158260
8 27  0.630952  1.090702
8 28  0.617531  1.242947
8 29  0.388695  1.138454
8 30  0.647644  1.285210
9 10  0.656545  1.084212
9 11  0.625076  0.841072
9 12  0.614064  0.959772
9 13  0.652254  1.198178
9 14  0.649640  1.149269
9 15  0.643459  1.304623
9 16  0.595996  1.008384
9 17  0.630587  1.017468
9 18  0.621569  0.962621
9 19  0.573048  0.869399
9 20  0.598592  0.823871
9 21  0.608870  0.814754
9 22  0.605243  0.823798
9 23  0.640038  1.271023
9 24  0.628075  0.857062
9 25  0.658534  1.106161
9 26  0.407648  0.907048
9 27  0.607392  0.944155
9 28  0.654068  1.177001
9 29  0.638788  1.158884
9 30  0.652392  1.177298
10 11  0.639549  0.930294
10 12  0.644823  1.058374
10 13  0.656596  1.242507
10 14  0.623596  1.223930
10 15  0.635935  1.374072
10 16  0.629603  1.109337
10 17  0.637219  1.092409
10 18  0.619369  1.041201
10 19  0.622653  0.989411
10 20  0.611241  0.908198
10 21  0.621023  0.897605
10 22  0.618021  0.907131
10 23  0.630028  1.317688
10 24  0.640722  0.939841
10 25  0.419921  1.036783
10 26  0.660601  1.130529
10 27  0.645724  1.062442
10 28  0.666184  1.261084
10 29  0.654937  1.241139
10 30  0.625412  1.225805
11 12  0.604327  0.789744
11 13  0.635958  1.033891
11 14  0.632357  0.989049
11 15  0.626210  1.131067
11 16  0.599878  0.850793
11 17  0.612272  0.840140
11 18  0.603091  0.785012
11 19  0.591982  0.728869
11 20  0.555122  0.622709
11 21  0.548802  0.596933
11 22  0.548778  0.609693
11 23  0.624538  1.100189
11 24  0.379072  0.469150
11 25  0.640200  0.929110
11 26  0.629604  0.870954
11 27  0.597289  0.787647
11 28  0.639242  1.005150
11 29  0.628244  0.983256
11 30  0.634532  1.000795
12 13  0.640903  1.147101
12 14  0.637613  1.107882
12 15  0.631191  1.232082
12 16  0.604337  0.975627
12 17  0.617362  0.967475
12 18  0.608247  0.912435
12 19  0.564839  0.827996
12 20  0.556640  0.751314
12 21  0.595481  0.764538
12 22  0.591698  0.773561
12 23  0.629952  1.225871
12 24  0.598503  0.792318
12 25  0.645197  1.055858
12 26  0.608479  0.961106
12 27  0.389510  0.764260
12 28  0.644515  1.131868
12 29  0.632826  1.109269
12 30  0.639594  1.127600
13 14  0.653548  1.343275
13 15  0.630454  1.389832
13 16  0.602546  1.209297
13 17  0.638457  1.197409
13 18  0.628485  1.146663
13 19  0.618776  1.091737
13 20  0.607419  1.010685
13 21  0.617445  1.000197
13 22  0.614489  1.009693
13 23  0.624639  1.430948
13 24  0.637118  1.042349
13 25  0.663885  1.287328
13 26  0.652779  1.225526
13 27  0.642316  1.164534
13 28  0.408665  1.246048
13 29  0.618029  1.294267
13 30  0.658264  1.344557
14 15  0.626042  1.364568
14 16  0.622698  1.164683
14 17  0.609741  1.151269
14 18  0.617556  1.087791
14 19  0.615596  1.048696
14 20  0.604051  0.967256
14 21  0.613828  0.956675
14 22  0.610800  0.966170
14 23  0.618227  1.382388
14 24  0.633472  0.998848
14 25  0.624278  1.215275
14 26  0.652820  1.188923
14 27  0.638467  1.121532
14 28  0.659222  1.306552
14 29  0.648568  1.297940
14 30  0.421713  1.181661
15 16  0.610839  1.301888
15 17  0.622402  1.284374
15 18  0.613855  1.233823
15 19  0.609420  1.188934
15 20  0.597863  1.108170
15 21  0.607717  1.097752
15 22  0.604691  1.107193
15 23  0.444398  1.473123
15 24  0.627279  1.139831
15 25  0.632207  1.343782
15 26  0.644220  1.323601
15 27  0.632521  1.261164
15 28  0.629079  1.431108
15 29  0.627443  1.404062
15 30  0.622159  1.426233
16 17  0.602735  1.016895
16 18  0.593287  0.949648
16 19  0.578203  0.888840
16 20  0.571554  0.824124
16 21  0.581476  0.816585
16 22  0.578509  0.826198
16 23  0.613019  1.244393
16 24  0.601199  0.858920
16 25  0.629028  1.082342
16 26  0.597791  1.023038
16 27  0.603884  0.974552
16 28  0.601302  1.083740
16 29  0.615081  1.151859
16 30  0.624311  1.177070
17 18  0.559746  0.920027
17 19  0.595575  0.898307
17 20  0.583988  0.816828
17 21  0.593788  0.805988
17 22  0.590834  0.814890
17 23  0.624774  1.248552
17 24  0.613527  0.846914
17 25  0.635403  1.071861
17 26  0.633194  1.023875
17 27  0.618725  0.966779
17 28  0.640613  1.168530
17 29  0.629220  1.112854
17 30  0.609809  1.078926
18 19  0.586362  0.841885
18 20  0.574767  0.761195
18 21  0.584566  0.751115
18 22  0.581613  0.760602
18 23  0.613495  1.203735
18 24  0.604308  0.792860
18 25  0.609052  0.977520
18 26  0.624024  0.974378
18 27  0.609529  0.916651
18 28  0.630343  1.091603
18 29  0.619862  1.075567
18 30  0.622653  1.107390
19 20  0.558280  0.696294
19 21  0.573904  0.694698
19 22  0.570893  0.704608
19 23  0.607832  1.144393
19 24  0.591120  0.735331
19 25  0.623479  0.985384
19 26  0.582371  0.911107
19 27  0.571180  0.834083
19 28  0.622294  1.048832
19 29  0.610830  1.039602
19 30  0.617869  1.057191
20 21  0.555758  0.606368
20 22  0.554058  0.617913
20 23  0.596383  1.075687
20 24  0.561114  0.639105
20 25  0.611904  0.904963
20 26  0.598986  0.844016
20 27  0.564873  0.759075
20 28  0.610958  0.979091
20 29  0.600368  0.959873
20 30  0.606289  0.977508
21 22  0.521093  0.567883
21 23  0.606192  1.065093
21 24  0.560611  0.619227
21 25  0.621708  0.895202
21 26  0.611808  0.836890
21 27  0.594253  0.764212
21 28  0.620760  0.970846
21 29  0.610190  0.948742
21 30  0.616098  0.966273
22 23  0.603222  1.073262
22 24  0.558429  0.624755
22 25  0.618746  0.904444
22 26  0.608467  0.843911
22 27  0.589951  0.768265
22 28  0.617796  0.980295
22 29  0.607177  0.956415
22 30  0.613139  0.974504
23 24  0.625875  1.106909
23 25  0.635165  1.342720
23 26  0.644505  1.292516
23 27  0.630699  1.206068
23 28  0.633173  1.344559
23 29  0.631294  1.383497
23 30  0.628169  1.342313
24 25  0.641422  0.935909
24 26  0.628557  0.868786
24 27  0.606600  0.798879
24 28  0.640482  1.013427
24 29  0.629729  0.986655
24 30  0.635813  1.006337
25 26  0.659669  1.100579
25 27  0.646561  1.059515
25 28  0.660355  1.212216
25 29  0.642734  1.173904
25 30  0.625122  1.226025
26 27  0.618452  0.979729
26 28  0.658433  1.193077
26 29  0.635856  1.112246
26 30  0.654429  1.174608
27 28  0.645273  1.127381
27 29  0.633328  1.096758
27 30  0.640926  1.119195
28 29  0.618952  1.293317
28 30  0.658424  1.325552
29 30  0.644946  1.243038
