  -1146.53385086
  -1146.90509204    -1146.78743989
0.00000254343466
2 2 2 2 2 2 2 2 2 2 2 2 2 2 2 0 0 0 0 0 0 0 0 0 0 0 0 0 0 0 
1  0.288283  0.510521
2  0.302222  0.475848
3  0.293011  0.432483
4  0.284572  0.409253
5  0.271757  0.317521
6  0.283979  0.302123
7  0.279863  0.303641
8  0.321247  0.624960
9  0.323193  0.513824
10  0.334992  0.596068
11  0.304676  0.335636
12  0.310050  0.463681
13  0.331399  0.698577
14  0.327776  0.655042
15  0.321663  0.796018
16  0.295446  0.515524
17  0.307683  0.504765
18  0.298472  0.449622
19  0.287953  0.394387
20  0.276348  0.312483
21  0.286134  0.301707
22  0.283179  0.311310
23  0.320133  0.764677
24  0.305884  0.343992
25  0.335668  0.593667
26  0.325923  0.535959
27  0.311129  0.467897
28  0.334720  0.669643
29  0.324199  0.647965
30  0.330036  0.665319
1 2  0.590268  0.983500
1 3  0.580864  0.929100
1 4  0.567917  0.894477
1 5  0.559805  0.821972
1 6  0.572242  0.811656
1 7  0.568115  0.813482
1 8  0.605175  1.124384
1 9  0.589947  0.996403
1 10  0.621553  1.080558
1 11  0.592920  0.845671
1 12  0.596321  0.962482
1 13  0.593163  1.103818
1 14  0.615156  1.161900
1 15  0.607981  1.266859
1 16  0.282633  0.814295
1 17  0.595881  1.013301
1 18  0.586167  0.959436
1 19  0.570849  0.903366
1 20  0.563399  0.822706
1 21  0.574385  0.812175
1 22  0.571447  0.821676
1 23  0.602495  1.266385
1 24  0.593992  0.854321
1 25  0.623345  1.102175
1 26  0.591163  1.024783
1 27  0.598569  0.975000
1 28  0.599828  1.176307
1 29  0.609742  1.142994
1 30  0.617978  1.170133
2 3  0.550843  0.876777
2 4  0.586785  0.884729
2 5  0.573975  0.793258
2 6  0.586199  0.777834
2 7  0.582082  0.779027
2 8  0.621175  1.068842
2 9  0.625143  0.977613
2 10  0.629309  1.049051
2 11  0.606894  0.810591
2 12  0.612245  0.936278
2 13  0.632134  1.168767
2 14  0.603373  1.051234
2 15  0.621468  1.254683
2 16  0.597597  0.989653
2 17  0.299855  0.746600
2 18  0.556482  0.891275
2 19  0.590103  0.869993
2 20  0.578570  0.788280
2 21  0.588342  0.777544
2 22  0.585346  0.787132
2 23  0.615677  1.225035
2 24  0.608045  0.819798
2 25  0.633424  1.063422
2 26  0.627916  1.010986
2 27  0.613094  0.943329
2 28  0.636481  1.140757
2 29  0.625701  1.121825
2 30  0.607267  1.132624
3 4  0.577581  0.839072
3 5  0.564765  0.749037
3 6  0.576989  0.734546
3 7  0.572873  0.736111
3 8  0.611963  1.038101
3 9  0.615985  0.936992
3 10  0.604882  0.967836
3 11  0.597685  0.767683
3 12  0.603055  0.895730
3 13  0.622001  1.104965
3 14  0.615237  1.081443
3 15  0.610226  1.217742
3 16  0.587880  0.947388
3 17  0.556343  0.902554
3 18  0.293287  0.649775
3 19  0.580843  0.826660
3 20  0.569356  0.744918
3 21  0.579137  0.734179
3 22  0.576167  0.743776
3 23  0.606710  1.186966
3 24  0.598881  0.776451
3 25  0.615524  1.022440
3 26  0.618920  0.967938
3 27  0.604005  0.900019
3 28  0.626468  1.100920
3 29  0.616913  1.079074
3 30  0.614910  1.083003
4 5  0.550758  0.714621
4 6  0.568326  0.709466
4 7  0.564284  0.712017
4 8  0.604964  1.032100
4 9  0.576156  0.901031
4 10  0.619530  1.001208
4 11  0.587106  0.742111
4 12  0.567518  0.843142
4 13  0.615665  1.084869
4 14  0.612323  1.061948
4 15  0.606103  1.185741
4 16  0.574580  0.923256
4 17  0.592140  0.913662
4 18  0.582837  0.858616
4 19  0.294720  0.577054
4 20  0.556827  0.719555
4 21  0.569836  0.710335
4 22  0.567322  0.719871
4 23  0.604569  1.172399
4 24  0.589968  0.752428
4 25  0.619961  1.002083
4 26  0.573845  0.909001
4 27  0.562416  0.846568
4 28  0.618735  1.077826
4 29  0.608377  1.054297
4 30  0.614533  1.073852
5 6  0.549546  0.611906
5 7  0.547395  0.616278
5 8  0.592960  0.942095
5 9  0.592609  0.827485
5 10  0.606740  0.912051
5 11  0.557057  0.637354
5 12  0.559655  0.757763
5 13  0.603138  1.010303
5 14  0.599520  0.972339
5 15  0.593410  1.110183
5 16  0.565855  0.832697
5 17  0.579436  0.822214
5 18  0.570211  0.767086
5 19  0.555171  0.709437
5 20  0.262792  0.360568
5 21  0.554103  0.616159
5 22  0.553937  0.627388
5 23  0.591807  1.081847
5 24  0.551159  0.636113
5 25  0.607407  0.911060
5 26  0.596817  0.851116
5 27  0.553757  0.761778
5 28  0.606203  0.986909
5 29  0.595906  0.965150
5 30  0.601791  0.982680
6 7  0.516507  0.561541
6 8  0.605187  0.926733
6 9  0.607042  0.815789
6 10  0.618965  0.898139
6 11  0.556719  0.609848
6 12  0.591890  0.761538
6 13  0.615370  0.999501
6 14  0.611750  0.956646
6 15  0.605636  1.096374
6 16  0.579374  0.817601
6 17  0.591642  0.806874
6 18  0.582436  0.751734
6 19  0.571015  0.695886
6 20  0.556093  0.611110
6 21  0.285321  0.328060
6 22  0.513806  0.564558
6 23  0.604108  1.066743
6 24  0.549405  0.607977
6 25  0.619618  0.895759
6 26  0.609484  0.837604
6 27  0.594401  0.769584
6 28  0.618695  0.971723
6 29  0.608135  0.950052
6 30  0.613991  0.967415
7 8  0.601021  0.927249
7 9  0.602572  0.816062
7 10  0.614841  0.899623
7 11  0.554376  0.610891
7 12  0.586104  0.758569
7 13  0.611245  1.001178
7 14  0.607628  0.957398
7 15  0.601505  1.097131
7 16  0.575281  0.819067
7 17  0.587481  0.808378
7 18  0.578300  0.753248
7 19  0.567419  0.697502
7 20  0.555044  0.614733
7 21  0.513554  0.557512
7 22  0.283444  0.349216
7 23  0.599930  1.068206
7 24  0.546224  0.610277
7 25  0.615445  0.897269
7 26  0.604666  0.838685
7 27  0.589726  0.770958
7 28  0.614582  0.973233
7 29  0.603760  0.951506
7 30  0.609797  0.968899
8 9  0.631333  1.079551
8 10  0.640731  1.157713
8 11  0.625730  0.957405
8 12  0.629824  1.076925
8 13  0.614912  1.300088
8 14  0.640218  1.221616
8 15  0.629794  1.397407
8 16  0.613425  1.124601
8 17  0.628198  1.127685
8 18  0.619413  1.073283
8 19  0.608813  1.017012
8 20  0.597540  0.937208
8 21  0.607331  0.926638
8 22  0.604124  0.936173
8 23  0.623554  1.351582
8 24  0.626621  0.968787
8 25  0.652894  1.216327
8 26  0.638837  1.158522
8 27  0.631065  1.091152
8 28  0.617679  1.242937
8 29  0.388839  1.138510
8 30  0.647773  1.285195
9 10  0.656676  1.084440
9 11  0.625150  0.841422
9 12  0.614157  0.960420
9 13  0.652387  1.198328
9 14  0.649748  1.149414
9 15  0.643573  1.304662
9 16  0.596123  1.008772
9 17  0.630659  1.017790
9 18  0.621654  0.962946
9 19  0.573141  0.869917
9 20  0.598670  0.824315
9 21  0.608939  0.815106
9 22  0.605311  0.824214
9 23  0.640152  1.271081
9 24  0.628150  0.857438
9 25  0.658666  1.106407
9 26  0.407767  0.907560
9 27  0.607485  0.944797
9 28  0.654199  1.177148
9 29  0.638922  1.159164
9 30  0.652500  1.177473
10 11  0.639642  0.930440
10 12  0.644935  1.058809
10 13  0.656743  1.242458
10 14  0.623712  1.223889
10 15  0.636068  1.373902
10 16  0.629747  1.109497
10 17  0.637310  1.092528
10 18  0.619473  1.041310
10 19  0.622761  0.989704
10 20  0.611338  0.908430
10 21  0.621109  0.897744
10 22  0.618106  0.907333
10 23  0.630160  1.317573
10 24  0.640815  0.940001
10 25  0.420064  1.036806
10 26  0.660733  1.130772
10 27  0.645837  1.062869
10 28  0.666333  1.261016
10 29  0.655085  1.241207
10 30  0.625532  1.225798
11 12  0.604381  0.790297
11 13  0.636051  1.033947
11 14  0.632426  0.989109
11 15  0.626285  1.131007
11 16  0.599965  0.851068
11 17  0.612304  0.840362
11 18  0.603136  0.785236
11 19  0.592034  0.729277
11 20  0.555160  0.623074
11 21  0.548831  0.597200
11 22  0.548807  0.610023
11 23  0.624611  1.100157
11 24  0.379107  0.469485
11 25  0.640293  0.929254
11 26  0.629678  0.871311
11 27  0.597342  0.788204
11 28  0.639334  1.005192
11 29  0.628341  0.983440
11 30  0.634602  1.000868
12 13  0.641013  1.147410
12 14  0.637700  1.108209
12 15  0.631283  1.232244
12 16  0.604442  0.976182
12 17  0.617411  0.967978
12 18  0.608308  0.912939
12 19  0.564910  0.828714
12 20  0.556696  0.751966
12 21  0.595527  0.765075
12 22  0.591744  0.774164
12 23  0.630044  1.226116
12 24  0.598556  0.792881
12 25  0.645308  1.056279
12 26  0.608571  0.961738
12 27  0.389583  0.765180
12 28  0.644625  1.132189
12 29  0.632942  1.109728
12 30  0.639680  1.127953
13 14  0.653670  1.343141
13 15  0.630583  1.389631
13 16  0.602678  1.209346
13 17  0.638548  1.197421
13 18  0.628587  1.146675
13 19  0.618885  1.091929
13 20  0.607514  1.010820
13 21  0.617531  1.000236
13 22  0.614575  1.009796
13 23  0.624765  1.430725
13 24  0.637211  1.042410
13 25  0.664034  1.287263
13 26  0.652910  1.225678
13 27  0.642426  1.164867
13 28  0.408805  1.245858
13 29  0.618182  1.294285
13 30  0.658390  1.344439
14 15  0.626150  1.364375
14 16  0.622818  1.164757
14 17  0.609807  1.151290
14 18  0.617634  1.087829
14 19  0.615681  1.048900
14 20  0.604123  0.967404
14 21  0.613890  0.956727
14 22  0.610859  0.966285
14 23  0.618332  1.382178
14 24  0.633540  0.998921
14 25  0.624397  1.215248
14 26  0.652925  1.189080
14 27  0.638552  1.121878
14 28  0.659345  1.306412
14 29  0.648698  1.297927
14 30  0.421815  1.181546
15 16  0.610964  1.301839
15 17  0.622474  1.284280
15 18  0.613940  1.233722
15 19  0.609511  1.189008
15 20  0.597941  1.108187
15 21  0.607786  1.097674
15 22  0.604759  1.107178
15 23  0.444515  1.472774
15 24  0.627354  1.139774
15 25  0.632338  1.343631
15 26  0.644333  1.323618
15 27  0.632615  1.261377
15 28  0.629209  1.430846
15 29  0.627576  1.403947
15 30  0.622266  1.425998
16 17  0.602818  1.017113
16 18  0.593382  0.949850
16 19  0.578305  0.889221
16 20  0.571644  0.824460
16 21  0.581556  0.816838
16 22  0.578588  0.826516
16 23  0.613141  1.244377
16 24  0.601286  0.859197
16 25  0.629170  1.082487
16 26  0.597915  1.023382
16 27  0.603987  0.975085
16 28  0.601419  1.083764
16 29  0.615228  1.152052
16 30  0.624431  1.177148
17 18  0.559779  0.920194
17 19  0.595623  0.898665
17 20  0.584023  0.817128
17 21  0.593813  0.806190
17 22  0.590859  0.815148
17 23  0.624847  1.248485
17 24  0.613559  0.847126
17 25  0.635492  1.071949
17 26  0.633267  1.024150
17 27  0.618775  0.967260
17 28  0.640703  1.168522
17 29  0.629316  1.112976
17 30  0.609880  1.078949
18 19  0.586423  0.842234
18 20  0.574815  0.761489
18 21  0.584605  0.751322
18 22  0.581650  0.760872
18 23  0.613579  1.203654
18 24  0.604352  0.793082
18 25  0.609152  0.977604
18 26  0.624106  0.974657
18 27  0.609592  0.917153
18 28  0.630443  1.091592
18 29  0.619970  1.075698
18 30  0.622731  1.107413
19 20  0.558334  0.696754
19 21  0.573949  0.695082
19 22  0.570937  0.705059
19 23  0.607922  1.144467
19 24  0.591171  0.735740
19 25  0.623587  0.985656
19 26  0.582462  0.911605
19 27  0.571249  0.834746
19 28  0.622402  1.048990
19 29  0.610942  1.039913
19 30  0.617955  1.057396
20 21  0.555791  0.606692
20 22  0.554089  0.618307
20 23  0.596461  1.075722
20 24  0.561152  0.639475
20 25  0.611999  0.905179
20 26  0.599062  0.844445
20 27  0.564928  0.759682
20 28  0.611054  0.979195
20 29  0.600469  0.960135
20 30  0.606362  0.977658
21 22  0.521111  0.568203
21 23  0.606259  1.065034
21 24  0.560639  0.619507
21 25  0.621793  0.895329
21 26  0.611875  0.837228
21 27  0.594299  0.764729
21 28  0.620845  0.970865
21 29  0.610280  0.948905
21 30  0.616161  0.966323
22 23  0.603288  1.073256
22 24  0.558457  0.625080
22 25  0.618830  0.904632
22 26  0.608534  0.844305
22 27  0.589997  0.768826
22 28  0.617880  0.980377
22 29  0.607267  0.956633
22 30  0.613201  0.974606
23 24  0.625948  1.106880
23 25  0.635295  1.342569
23 26  0.644617  1.292571
23 27  0.630789  1.206254
23 28  0.633300  1.344370
23 29  0.631424  1.383383
23 30  0.628276  1.342146
24 25  0.641513  0.936045
24 26  0.628629  0.869121
24 27  0.606652  0.799427
24 28  0.640574  1.013471
24 29  0.629826  0.986830
24 30  0.635882  1.006400
25 26  0.659797  1.100780
25 27  0.646670  1.059935
25 28  0.660500  1.212147
25 29  0.642868  1.173946
25 30  0.625237  1.225975
26 27  0.618542  0.980350
26 28  0.658563  1.193199
26 29  0.635982  1.112476
26 30  0.654534  1.174741
27 28  0.645381  1.127679
27 29  0.633441  1.097187
27 30  0.641013  1.119518
28 29  0.619101  1.293286
28 30  0.658546  1.325404
29 30  0.645074  1.243027
