  -1146.54373552
  -1146.90707703    -1146.77735028
0.00018839568556
2 2 2 2 2 2 2 2 2 2 2 2 2 2 2 0 0 0 0 0 0 0 0 0 0 0 0 0 0 0 
1  0.275449  0.561963
2  0.259621  0.397661
3  0.270690  0.461604
4  0.273249  0.351792
5  0.286572  0.390235
6  0.310849  0.610060
7  0.312476  0.457045
8  0.306657  0.478142
9  0.295962  0.529070
10  0.299203  0.574378
11  0.304980  0.530964
12  0.282691  0.373553
13  0.280808  0.353420
14  0.304098  0.697538
15  0.294777  0.617772
16  0.280000  0.540612
17  0.266443  0.400752
18  0.275503  0.448005
19  0.276925  0.366588
20  0.290158  0.393241
21  0.305694  0.514486
22  0.303759  0.672469
23  0.314103  0.476144
24  0.300259  0.557761
25  0.299269  0.552272
26  0.314797  0.636654
27  0.283287  0.348229
28  0.306489  0.456703
29  0.297696  0.654796
30  0.285784  0.392397
1 2  0.534258  0.939276
1 3  0.542392  0.988587
1 4  0.548688  0.912961
1 5  0.561996  0.945619
1 6  0.562257  1.146247
1 7  0.587711  1.014793
1 8  0.581950  1.025429
1 9  0.570370  1.080052
1 10  0.568959  1.096982
1 11  0.580180  1.073262
1 12  0.558102  0.933694
1 13  0.556231  0.910516
1 14  0.558609  1.178370
1 15  0.567357  1.173390
1 16  0.267091  0.916819
1 17  0.540396  0.961649
1 18  0.545616  1.008065
1 19  0.552259  0.928071
1 20  0.565358  0.954531
1 21  0.580899  1.074484
1 22  0.552210  1.209878
1 23  0.589391  1.036455
1 24  0.573043  1.114802
1 25  0.574573  1.111427
1 26  0.560993  1.154037
1 27  0.558603  0.909831
1 28  0.581542  1.017372
1 29  0.570566  1.196468
1 30  0.561149  0.953555
2 3  0.530294  0.851477
2 4  0.532869  0.748905
2 5  0.546191  0.786615
2 6  0.569996  0.996180
2 7  0.552719  0.831545
2 8  0.566277  0.872427
2 9  0.555573  0.925935
2 10  0.545003  0.924702
2 11  0.564599  0.926430
2 12  0.539497  0.767942
2 13  0.535732  0.740215
2 14  0.559336  1.076304
2 15  0.550323  1.012702
2 16  0.538086  0.937262
2 17  0.241170  0.566208
2 18  0.534868  0.845105
2 19  0.536546  0.764083
2 20  0.549775  0.790676
2 21  0.565276  0.911526
2 22  0.556942  1.065613
2 23  0.549598  0.848866
2 24  0.550183  0.952363
2 25  0.558798  0.949238
2 26  0.574254  1.033084
2 27  0.539114  0.743123
2 28  0.566097  0.853975
2 29  0.551230  1.033141
2 30  0.544263  0.783727
3 4  0.543124  0.807681
3 5  0.555918  0.838443
3 6  0.555228  1.030332
3 7  0.583153  0.916598
3 8  0.561019  0.891190
3 9  0.562612  0.988152
3 10  0.569455  1.018464
3 11  0.571314  0.973782
3 12  0.553366  0.834550
3 13  0.551486  0.813595
3 14  0.574334  1.141471
3 15  0.565243  1.077273
3 16  0.545385  1.000390
3 17  0.536844  0.861750
3 18  0.259662  0.693463
3 19  0.547475  0.827627
3 20  0.559671  0.854414
3 21  0.570149  0.970103
3 22  0.573951  1.130803
3 23  0.584713  0.937179
3 24  0.570496  1.017700
3 25  0.564226  0.991935
3 26  0.556259  1.068351
3 27  0.553970  0.809687
3 28  0.566228  0.915653
3 29  0.568289  1.113857
3 30  0.556473  0.853722
4 5  0.516754  0.710584
4 6  0.583347  0.952247
4 7  0.585723  0.808266
4 8  0.569856  0.810031
4 9  0.562937  0.867294
4 10  0.572434  0.923919
4 11  0.565213  0.875664
4 12  0.555939  0.725243
4 13  0.554057  0.705178
4 14  0.577294  1.048592
4 15  0.568005  0.968051
4 16  0.553188  0.892052
4 17  0.539691  0.752413
4 18  0.548608  0.799378
4 19  0.265765  0.472433
4 20  0.515372  0.699059
4 21  0.557725  0.837600
4 22  0.576904  1.023674
4 23  0.587340  0.827793
4 24  0.573472  0.909234
4 25  0.568706  0.902063
4 26  0.587659  0.987978
4 27  0.556534  0.699989
4 28  0.576984  0.806709
4 29  0.570870  1.006047
4 30  0.559027  0.744117
5 6  0.596991  0.994836
5 7  0.599047  0.846862
5 8  0.585719  0.845278
5 9  0.578653  0.916287
5 10  0.585769  0.961772
5 11  0.568019  0.883673
5 12  0.569262  0.763674
5 13  0.567380  0.743448
5 14  0.590654  1.084540
5 15  0.581342  1.007266
5 16  0.566436  0.930232
5 17  0.553013  0.790771
5 18  0.560801  0.837819
5 19  0.515146  0.709813
5 20  0.277848  0.529146
5 21  0.560813  0.877429
5 22  0.590299  1.061816
5 23  0.600674  0.866172
5 24  0.586829  0.947534
5 25  0.582751  0.933021
5 26  0.601188  1.026001
5 27  0.569859  0.738417
5 28  0.590247  0.845226
5 29  0.584260  1.044316
5 30  0.572355  0.782530
6 7  0.622876  1.051456
6 8  0.613615  1.067163
6 9  0.595809  1.108174
6 10  0.603655  1.130849
6 11  0.614592  1.138960
6 12  0.593457  0.981376
6 13  0.591635  0.963168
6 14  0.607829  1.300008
6 15  0.601503  1.193246
6 16  0.562354  1.106971
6 17  0.577150  1.009760
6 18  0.556868  1.029449
6 19  0.587449  0.976113
6 20  0.600807  1.002508
6 21  0.612647  1.116014
6 22  0.601782  1.248735
6 23  0.624792  1.084916
6 24  0.609578  1.165392
6 25  0.597568  1.150901
6 26  0.381688  1.128394
6 27  0.594011  0.957972
6 28  0.614949  1.063454
6 29  0.605740  1.259651
6 30  0.596418  1.001804
7 8  0.619129  0.934067
7 9  0.608404  0.983796
7 10  0.609071  1.008586
7 11  0.617455  0.987340
7 12  0.558848  0.798096
7 13  0.559372  0.792091
7 14  0.615696  1.151574
7 15  0.598668  1.036652
7 16  0.592317  0.996460
7 17  0.554614  0.832802
7 18  0.587933  0.904623
7 19  0.589386  0.823488
7 20  0.602633  0.850111
7 21  0.618132  0.970951
7 22  0.612866  1.122442
7 23  0.385894  0.769921
7 24  0.611093  1.012631
7 25  0.611557  1.008483
7 26  0.627093  1.092391
7 27  0.552002  0.761165
7 28  0.618965  0.913406
7 29  0.598288  1.105780
7 30  0.553006  0.807425
8 9  0.567872  0.994050
8 10  0.605787  1.044309
8 11  0.584226  0.983415
8 12  0.589345  0.851395
8 13  0.587463  0.831023
8 14  0.610659  1.168732
8 15  0.601370  1.094288
8 16  0.586190  1.017359
8 17  0.573083  0.878444
8 18  0.571027  0.923415
8 19  0.580652  0.842557
8 20  0.593714  0.869548
8 21  0.579683  0.951635
8 22  0.610262  1.148814
8 23  0.620759  0.953818
8 24  0.606900  1.034955
8 25  0.566485  0.984294
8 26  0.618650  1.109829
8 27  0.589942  0.826249
8 28  0.367498  0.750932
8 29  0.604328  1.131619
8 30  0.592440  0.870292
9 10  0.594944  1.100155
9 11  0.575130  1.017284
9 12  0.578645  0.900618
9 13  0.576767  0.881210
9 14  0.599046  1.200406
9 15  0.590383  1.133050
9 16  0.575806  1.067834
9 17  0.562278  0.929232
9 18  0.565395  0.953323
9 19  0.569467  0.893783
9 20  0.582765  0.912181
9 21  0.569700  1.010077
9 22  0.599157  1.198284
9 23  0.609835  1.004353
9 24  0.595550  1.085568
9 25  0.371876  0.943313
9 26  0.597408  1.155060
9 27  0.579235  0.877102
9 28  0.563137  0.939818
9 29  0.592848  1.181014
9 30  0.581683  0.921007
10 11  0.604175  1.102302
10 12  0.581707  0.947189
10 13  0.579849  0.924743
10 14  0.574727  1.251686
10 15  0.559771  1.166425
10 16  0.576311  1.110331
10 17  0.555700  0.971765
10 18  0.574230  1.020895
10 19  0.576088  0.940529
10 20  0.589359  0.967073
10 21  0.604721  1.087462
10 22  0.568237  1.197829
10 23  0.611268  1.046559
10 24  0.356870  0.967612
10 25  0.597873  1.125044
10 26  0.612560  1.208096
10 27  0.582080  0.921742
10 28  0.605679  1.030135
10 29  0.557380  1.179458
10 30  0.584699  0.964096
11 12  0.587670  0.903580
11 13  0.585788  0.883379
11 14  0.608990  1.209345
11 15  0.599741  1.144456
11 16  0.584755  1.069584
11 17  0.571381  0.931041
11 18  0.574582  0.972957
11 19  0.561632  0.867204
11 20  0.563212  0.895488
11 21  0.399788  0.910300
11 22  0.608693  1.200542
11 23  0.619045  1.006347
11 24  0.605093  1.087291
11 25  0.570643  1.046234
11 26  0.615483  1.158735
11 27  0.588267  0.879034
11 28  0.580022  0.948662
11 29  0.602578  1.183334
11 30  0.590758  0.922993
12 13  0.515529  0.685471
12 14  0.586364  1.057589
12 15  0.574928  0.968858
12 16  0.562589  0.913619
12 17  0.547729  0.768807
12 18  0.558188  0.821361
12 19  0.559608  0.740074
12 20  0.572846  0.766716
12 21  0.588380  0.887775
12 22  0.586260  1.045288
12 23  0.551721  0.805871
12 24  0.582586  0.929533
12 25  0.581913  0.925397
12 26  0.597253  1.009628
12 27  0.512782  0.678252
12 28  0.589178  0.830093
12 29  0.578568  1.027675
12 30  0.288383  0.535546
13 14  0.584530  1.036736
13 15  0.574026  0.962167
13 16  0.560589  0.893728
13 17  0.543173  0.751544
13 18  0.556290  0.801270
13 19  0.557730  0.719963
13 20  0.570964  0.746605
13 21  0.586502  0.867729
13 22  0.584416  1.025426
13 23  0.552433  0.787587
13 24  0.580650  0.910477
13 25  0.580068  0.905422
13 26  0.595456  0.989703
13 27  0.285268  0.461276
13 28  0.587294  0.810004
13 29  0.578216  1.007373
13 30  0.512622  0.698934
14 15  0.570712  1.251448
14 16  0.555882  1.212022
14 17  0.564690  1.093142
14 18  0.579090  1.142369
14 19  0.580868  1.063379
14 20  0.594181  1.089814
14 21  0.609749  1.208995
14 22  0.398845  1.262739
14 23  0.614841  1.165775
14 24  0.570417  1.206441
14 25  0.602846  1.245793
14 26  0.605922  1.297146
14 27  0.587266  1.045354
14 28  0.610458  1.152622
14 29  0.567081  1.309392
14 30  0.589616  1.088798
15 16  0.571908  1.139132
15 17  0.554667  0.997246
15 18  0.570189  1.064134
15 19  0.571612  0.983811
15 20  0.584922  1.010416
15 21  0.600355  1.130443
15 22  0.564166  1.247730
15 23  0.597489  1.088565
15 24  0.555077  1.128912
15 25  0.593370  1.167297
15 26  0.607067  1.249806
15 27  0.577707  0.965497
15 28  0.601247  1.073557
15 29  0.369276  1.133786
15 30  0.578630  1.009441
16 17  0.545215  0.922830
16 18  0.551626  0.961753
16 19  0.556909  0.906649
16 20  0.570138  0.929162
16 21  0.585443  1.041329
16 22  0.562275  1.143858
16 23  0.593795  1.013612
16 24  0.574511  1.067693
16 25  0.577699  1.083208
16 26  0.569465  1.155926
16 27  0.563262  0.886136
16 28  0.586372  0.988779
16 29  0.574007  1.188882
16 30  0.565737  0.931873
17 18  0.541928  0.842980
17 19  0.543367  0.766766
17 20  0.556598  0.792984
17 21  0.572136  0.913977
17 22  0.565310  1.057755
17 23  0.559399  0.853180
17 24  0.550828  0.913075
17 25  0.565700  0.952209
17 26  0.580577  1.026077
17 27  0.544732  0.740889
17 28  0.572931  0.855283
17 29  0.559463  1.052276
17 30  0.548498  0.790282
18 19  0.551266  0.808747
18 20  0.563971  0.828504
18 21  0.576292  0.947464
18 22  0.578687  1.110587
18 23  0.589587  0.922402
18 24  0.575376  0.993511
18 25  0.570464  0.997795
18 26  0.563256  1.046845
18 27  0.558778  0.795758
18 28  0.563422  0.860485
18 29  0.572913  1.100462
18 30  0.561270  0.840075
19 20  0.522614  0.728000
19 21  0.568510  0.871780
19 22  0.580614  1.037474
19 23  0.591025  0.841716
19 24  0.577158  0.921487
19 25  0.569263  0.899586
19 26  0.590761  0.990518
19 27  0.560212  0.714727
19 28  0.571749  0.801602
19 29  0.574595  1.018409
19 30  0.562708  0.758639
20 21  0.572080  0.873093
20 22  0.593886  1.063856
20 23  0.604258  0.868923
20 24  0.590404  0.948793
20 25  0.584647  0.942264
20 26  0.604308  1.024706
20 27  0.573445  0.741397
20 28  0.588739  0.827597
20 29  0.587840  1.047078
20 30  0.575941  0.785535
21 22  0.609362  1.171155
21 23  0.619795  0.989694
21 24  0.605938  1.070784
21 25  0.580611  1.023860
21 26  0.619074  1.147962
21 27  0.588981  0.862008
21 28  0.585484  0.949738
21 29  0.603375  1.163692
21 30  0.591478  0.905873
22 23  0.616819  1.142311
22 24  0.575911  1.217720
22 25  0.601766  1.193741
22 26  0.611474  1.295068
22 27  0.586647  1.008812
22 28  0.610148  1.126288
22 29  0.574918  1.253990
22 30  0.589053  1.050438
23 24  0.611675  1.008410
23 25  0.613326  1.023550
23 26  0.628349  1.092073
23 27  0.563914  0.807731
23 28  0.620589  0.931831
23 29  0.602604  1.078955
23 30  0.563545  0.827778
24 25  0.599181  1.103505
24 26  0.607707  1.136496
24 27  0.583409  0.905335
24 28  0.606693  1.009069
24 29  0.562694  1.176267
24 30  0.585800  0.947780
25 26  0.602619  1.141962
25 27  0.582552  0.898868
25 28  0.569096  0.991350
25 29  0.596552  1.184932
25 30  0.585043  0.941281
26 27  0.598047  0.983943
26 28  0.617586  1.074605
26 29  0.607755  1.240263
26 30  0.600468  1.023336
27 28  0.589774  0.804785
27 29  0.578451  0.990241
27 30  0.520415  0.698447
28 29  0.604126  1.109595
28 30  0.592271  0.848879
29 30  0.580323  1.015254
