  -1146.54373552
  -1146.91140528    -1146.78712299
0.00002163560759
2 2 2 2 2 2 2 2 2 2 2 2 2 2 2 0 0 0 0 0 0 0 0 0 0 0 0 0 0 0 
1  0.284390  0.565867
2  0.268697  0.408966
3  0.280992  0.488016
4  0.279793  0.367179
5  0.291260  0.407190
6  0.323822  0.633016
7  0.318196  0.461410
8  0.316929  0.498926
9  0.307825  0.551494
10  0.311333  0.569353
11  0.312959  0.549521
12  0.285621  0.381353
13  0.283895  0.358303
14  0.314769  0.685078
15  0.306294  0.614022
16  0.289411  0.547326
17  0.275866  0.413172
18  0.286159  0.475376
19  0.283269  0.382668
20  0.294937  0.408939
21  0.313460  0.533164
22  0.314182  0.662972
23  0.319599  0.477728
24  0.312408  0.551382
25  0.311032  0.576822
26  0.327969  0.656969
27  0.286150  0.354712
28  0.316806  0.473576
29  0.309098  0.650052
30  0.288655  0.399832
1 2  0.551853  0.952789
1 3  0.561141  1.016597
1 4  0.564167  0.932104
1 5  0.575617  0.964053
1 6  0.583771  1.172334
1 7  0.602279  1.022600
1 8  0.601156  1.048401
1 9  0.590803  1.105463
1 10  0.589486  1.097585
1 11  0.597052  1.092420
1 12  0.569974  0.945151
1 13  0.568245  0.918495
1 14  0.577137  1.173366
1 15  0.587438  1.173633
1 16  0.284484  0.926175
1 17  0.558420  0.978062
1 18  0.565025  1.039427
1 19  0.567428  0.947994
1 20  0.578865  0.974141
1 21  0.597533  1.097148
1 22  0.571350  1.205957
1 23  0.603769  1.041870
1 24  0.594020  1.113227
1 25  0.595201  1.139842
1 26  0.583487  1.183182
1 27  0.570299  0.920159
1 28  0.600729  1.038182
1 29  0.590630  1.197129
1 30  0.572926  0.964623
2 3  0.549653  0.887414
2 4  0.548488  0.775304
2 5  0.559954  0.813817
2 6  0.591868  1.029599
2 7  0.567170  0.847484
2 8  0.585624  0.903113
2 9  0.576514  0.959600
2 10  0.564066  0.929442
2 11  0.581654  0.955274
2 12  0.551373  0.786673
2 13  0.547564  0.755774
2 14  0.578479  1.074392
2 15  0.570620  1.020354
2 16  0.556126  0.955367
2 17  0.256361  0.586601
2 18  0.554532  0.883741
2 19  0.551965  0.791442
2 20  0.563629  0.817622
2 21  0.582110  0.941449
2 22  0.576156  1.067224
2 23  0.563981  0.863155
2 24  0.570357  0.956538
2 25  0.579611  0.985081
2 26  0.596446  1.064742
2 27  0.550938  0.760965
2 28  0.585483  0.882104
2 29  0.571779  1.041420
2 30  0.556133  0.802953
3 4  0.559677  0.848148
3 5  0.570638  0.878251
3 6  0.577806  1.076871
3 7  0.599173  0.946917
3 8  0.579424  0.930875
3 9  0.584495  1.036951
3 10  0.591799  1.038698
3 11  0.589025  1.015838
3 12  0.566595  0.868556
3 13  0.564871  0.844307
3 14  0.595266  1.154700
3 15  0.587005  1.099969
3 16  0.564887  1.033581
3 17  0.556398  0.900556
3 18  0.277772  0.749536
3 19  0.564076  0.869817
3 20  0.574515  0.896469
3 21  0.587971  1.014842
3 22  0.594616  1.147791
3 23  0.600497  0.965166
3 24  0.592766  1.037708
3 25  0.586385  1.043854
3 26  0.579559  1.116609
3 27  0.567119  0.842561
3 28  0.585710  0.958553
3 29  0.589973  1.135163
3 30  0.569643  0.887522
4 5  0.527898  0.743826
4 6  0.602461  0.987082
4 7  0.597984  0.827388
4 8  0.585295  0.843227
4 9  0.580477  0.902435
4 10  0.591073  0.932987
4 11  0.579534  0.909674
4 12  0.565412  0.748284
4 13  0.563688  0.725437
4 14  0.594460  1.051255
4 15  0.586025  0.978515
4 16  0.569060  0.914120
4 17  0.555657  0.780195
4 18  0.565771  0.841859
4 19  0.276726  0.505116
4 20  0.527130  0.733245
4 21  0.572083  0.872997
4 22  0.593732  1.029574
4 23  0.599349  0.844743
4 24  0.592111  0.918218
4 25  0.586590  0.941777
4 26  0.607237  1.023637
4 27  0.565933  0.721851
4 28  0.593541  0.838710
4 29  0.588707  1.016671
4 30  0.568421  0.766922
5 6  0.614471  1.032603
5 7  0.609454  0.867845
5 8  0.600073  0.880182
5 9  0.594964  0.955164
5 10  0.602579  0.972150
5 11  0.580167  0.916388
5 12  0.576880  0.788371
5 13  0.575154  0.765071
5 14  0.606013  1.088092
5 15  0.597537  1.020375
5 16  0.580368  0.953883
5 17  0.567119  0.820087
5 18  0.575916  0.882076
5 19  0.526696  0.746236
5 20  0.286129  0.563987
5 21  0.573267  0.914551
5 22  0.605348  1.069263
5 23  0.610856  0.884688
5 24  0.603663  0.958086
5 25  0.599106  0.974059
5 26  0.618990  1.062987
5 27  0.577406  0.761842
5 28  0.605087  0.879153
5 29  0.600332  1.056524
5 30  0.579908  0.806901
6 7  0.641449  1.075890
6 8  0.636620  1.107433
6 9  0.619526  1.148100
6 10  0.627000  1.145367
6 11  0.635427  1.180148
6 12  0.609346  1.011342
6 13  0.607687  0.991010
6 14  0.631096  1.309848
6 15  0.625103  1.209644
6 16  0.584962  1.140757
6 17  0.599516  1.045201
6 18  0.580374  1.080458
6 19  0.606619  1.015128
6 20  0.618545  1.040910
6 21  0.632998  1.156344
6 22  0.624960  1.263302
6 23  0.643175  1.109576
6 24  0.634191  1.182631
6 25  0.621762  1.198008
6 26  0.406261  1.174868
6 27  0.609740  0.987359
6 28  0.638054  1.103373
6 29  0.629848  1.277861
6 30  0.612085  1.032145
7 8  0.635120  0.958669
7 9  0.625979  1.009494
7 10  0.626714  1.008307
7 11  0.631152  1.010227
7 12  0.567366  0.809537
7 13  0.568455  0.801330
7 14  0.631978  1.143486
7 15  0.614936  1.035885
7 16  0.607382  1.007356
7 17  0.569575  0.850609
7 18  0.604291  0.936348
7 19  0.601423  0.843906
7 20  0.613128  0.870145
7 21  0.631599  0.993993
7 22  0.628786  1.117393
7 23  0.396637  0.774176
7 24  0.628920  1.010986
7 25  0.628910  1.037435
7 26  0.645918  1.117171
7 27  0.560741  0.773665
7 28  0.635001  0.934643
7 29  0.614927  1.105228
7 30  0.561581  0.820878
8 9  0.589252  1.037693
8 10  0.628184  1.058057
8 11  0.602186  1.021930
8 12  0.602547  0.879925
8 13  0.600821  0.856432
8 14  0.631599  1.176823
8 15  0.623146  1.111273
8 16  0.605859  1.044829
8 17  0.592751  0.911586
8 18  0.590659  0.971016
8 19  0.596832  0.879024
8 20  0.608610  0.906164
8 21  0.597387  0.993674
8 22  0.630937  1.160106
8 23  0.636527  0.976201
8 24  0.629310  1.049352
8 25  0.587955  1.032407
8 26  0.641893  1.151228
8 27  0.603071  0.853501
8 28  0.385860  0.787292
8 29  0.625986  1.147718
8 30  0.605578  0.898495
9 10  0.618804  1.116739
9 11  0.593883  1.054656
9 12  0.593432  0.929494
9 13  0.591712  0.907898
9 14  0.621292  1.206730
9 15  0.613652  1.147615
9 16  0.596988  1.096933
9 17  0.583536  0.964094
9 18  0.587842  1.004150
9 19  0.587243  0.932062
9 20  0.599290  0.949994
9 21  0.588095  1.053104
9 22  0.621381  1.211583
9 23  0.627081  1.028417
9 24  0.619492  1.101765
9 25  0.392711  0.992835
9 26  0.621739  1.197108
9 27  0.593951  0.905981
9 28  0.584532  0.982008
9 29  0.615996  1.198837
9 30  0.596364  0.950812
10 11  0.624265  1.115813
10 12  0.596730  0.949859
10 13  0.595047  0.924641
10 14  0.597344  1.236558
10 15  0.582905  1.159323
10 16  0.597582  1.112676
10 17  0.576219  0.978424
10 18  0.596821  1.043311
10 19  0.594542  0.951570
10 20  0.606266  0.977717
10 21  0.624594  1.101220
10 22  0.590442  1.188815
10 23  0.628803  1.043889
10 24  0.378661  0.952118
10 25  0.621676  1.144683
10 26  0.637314  1.224116
10 27  0.597008  0.923065
10 28  0.628117  1.042006
10 29  0.580642  1.175087
10 30  0.599575  0.966271
11 12  0.598579  0.929197
11 13  0.596853  0.906040
11 14  0.627596  1.211340
11 15  0.619227  1.158133
11 16  0.602040  1.094943
11 17  0.588741  0.961977
11 18  0.593044  1.018655
11 19  0.575901  0.903342
11 20  0.575669  0.930973
11 21  0.414365  0.949241
11 22  0.627081  1.209806
11 23  0.632485  1.026527
11 24  0.625153  1.099613
11 25  0.589355  1.092302
11 26  0.636417  1.196205
11 27  0.599107  0.904046
11 28  0.598024  0.986891
11 29  0.621893  1.197381
11 30  0.601602  0.948945
12 13  0.521675  0.698112
12 14  0.599863  1.051240
12 15  0.589149  0.970624
12 16  0.574838  0.927903
12 17  0.560024  0.789400
12 18  0.571772  0.856505
12 19  0.568860  0.763938
12 20  0.580547  0.790198
12 21  0.599071  0.914212
12 22  0.599595  1.043697
12 23  0.560222  0.817271
12 24  0.597581  0.930699
12 25  0.596545  0.957691
12 26  0.613106  1.037679
12 27  0.518882  0.694751
12 28  0.602421  0.854753
12 29  0.592760  1.030824
12 30  0.293716  0.550037
13 14  0.598162  1.028309
13 15  0.588242  0.962356
13 16  0.572913  0.905316
13 17  0.555467  0.768824
13 18  0.570020  0.833509
13 19  0.567153  0.740917
13 20  0.578826  0.767173
13 21  0.597355  0.891264
13 22  0.597885  1.020906
13 23  0.561343  0.795806
13 24  0.595762  0.908882
13 25  0.594910  0.934835
13 26  0.611575  1.014857
13 27  0.290902  0.471477
13 28  0.600693  0.831749
13 29  0.592608  1.007451
13 30  0.518911  0.713862
14 15  0.591357  1.235053
14 16  0.575730  1.208122
14 17  0.584495  1.093031
14 18  0.600319  1.157337
14 19  0.597731  1.067021
14 20  0.609544  1.093059
14 21  0.628170  1.215384
14 22  0.419131  1.239853
14 23  0.630794  1.155190
14 24  0.592828  1.193362
14 25  0.625199  1.258365
14 26  0.629593  1.306729
14 27  0.600769  1.039450
14 28  0.631402  1.157125
14 29  0.587221  1.298018
14 30  0.603154  1.083927
15 16  0.592606  1.143440
15 17  0.575658  1.007881
15 18  0.592342  1.087446
15 19  0.589383  0.996127
15 20  0.601197  1.022379
15 21  0.619602  1.145527
15 22  0.584699  1.240368
15 23  0.613938  1.085984
15 24  0.578197  1.124092
15 25  0.616455  1.188269
15 26  0.631518  1.266536
15 27  0.591942  0.968105
15 28  0.623063  1.086776
15 29  0.390424  1.124541
15 30  0.592816  1.013250
16 17  0.563721  0.940121
16 18  0.571299  0.993074
16 19  0.572659  0.929335
16 20  0.584317  0.949595
16 21  0.602574  1.064137
16 22  0.580931  1.142922
16 23  0.608622  1.021492
16 24  0.595388  1.069826
16 25  0.598346  1.113027
16 26  0.591783  1.182237
16 27  0.575524  0.898637
16 28  0.606098  1.011271
16 29  0.594303  1.190790
16 30  0.578021  0.945818
17 18  0.561989  0.880984
17 19  0.559130  0.794951
17 20  0.570799  0.820160
17 21  0.589324  0.944407
17 22  0.584582  1.059858
17 23  0.573672  0.867195
17 24  0.570047  0.917775
17 25  0.586884  0.989123
17 26  0.602916  1.057626
17 27  0.556828  0.759037
17 28  0.592669  0.883481
17 29  0.580166  1.060314
17 30  0.560550  0.809696
18 19  0.568010  0.850939
18 20  0.579152  0.868246
18 21  0.594143  0.990842
18 22  0.599676  1.127413
18 23  0.605743  0.950965
18 24  0.598123  1.014038
18 25  0.592638  1.049710
18 26  0.586203  1.091550
18 27  0.572295  0.829301
18 28  0.582075  0.898326
18 29  0.594936  1.123171
18 30  0.574799  0.874777
19 20  0.533768  0.760669
19 21  0.582476  0.906499
19 22  0.597334  1.043388
19 23  0.602860  0.858422
19 24  0.595608  0.929688
19 25  0.586527  0.936923
19 26  0.609902  1.022598
19 27  0.569417  0.737206
19 28  0.587242  0.832128
19 29  0.592289  1.027820
19 30  0.571921  0.781755
20 21  0.584284  0.905673
20 22  0.609094  1.069526
20 23  0.614534  0.885867
20 24  0.607325  0.957026
20 25  0.600752  0.981874
20 26  0.622135  1.058565
20 27  0.581086  0.763501
20 28  0.603386  0.858173
20 29  0.604008  1.057900
20 30  0.583591  0.808642
21 22  0.627506  1.176697
21 23  0.633056  1.009823
21 24  0.625828  1.083230
21 25  0.599129  1.062410
21 26  0.639857  1.186517
21 27  0.599609  0.886567
21 28  0.603187  0.985108
21 29  0.622530  1.175996
21 30  0.602114  0.931244
22 23  0.632612  1.134545
22 24  0.598380  1.203582
22 25  0.623616  1.204095
22 26  0.634630  1.305110
22 27  0.599857  1.004627
22 28  0.630883  1.133617
22 29  0.595367  1.238994
22 30  0.602297  1.046638
23 24  0.629142  1.004422
23 25  0.630572  1.048031
23 26  0.646877  1.110866
23 27  0.572549  0.815771
23 28  0.636401  0.949818
23 29  0.618661  1.076358
23 30  0.571892  0.836772
24 25  0.622961  1.120218
24 26  0.631208  1.147696
24 27  0.598408  0.905405
24 28  0.629155  1.018387
24 29  0.585612  1.167476
24 30  0.600795  0.948828
25 26  0.626290  1.180713
25 27  0.597174  0.929045
25 28  0.590491  1.033259
25 29  0.619573  1.199373
25 30  0.599669  0.971384
26 27  0.614071  1.010636
26 28  0.640792  1.108891
26 29  0.631505  1.253726
26 30  0.616498  1.049878
27 28  0.602953  0.828079
27 29  0.592307  0.990513
27 30  0.526288  0.712126
28 29  0.625830  1.121626
28 30  0.605458  0.873157
29 30  0.594411  1.016101
