  -1146.54373552
  -1146.91154107    -1146.78749176
0.00001442299306
2 2 2 2 2 2 2 2 2 2 2 2 2 2 2 0 0 0 0 0 0 0 0 0 0 0 0 0 0 0 
1  0.284741  0.565711
2  0.268934  0.409926
3  0.281404  0.488866
4  0.279991  0.367916
5  0.291413  0.408061
6  0.324283  0.633610
7  0.318391  0.462324
8  0.317322  0.499552
9  0.308214  0.552295
10  0.311762  0.569088
11  0.313233  0.550348
12  0.285669  0.382370
13  0.283994  0.359317
14  0.315124  0.684482
15  0.306775  0.613837
16  0.289776  0.547176
17  0.276139  0.414229
18  0.286570  0.476277
19  0.283457  0.383543
20  0.295080  0.409796
21  0.313760  0.533885
22  0.314537  0.662381
23  0.319779  0.478624
24  0.312874  0.551042
25  0.311423  0.577670
26  0.328428  0.657554
27  0.286249  0.355638
28  0.317193  0.474150
29  0.309555  0.649864
30  0.288691  0.400786
1 2  0.552428  0.953461
1 3  0.561872  1.017270
1 4  0.564715  0.932678
1 5  0.576121  0.964643
1 6  0.584557  1.172784
1 7  0.602825  1.023291
1 8  0.601898  1.048831
1 9  0.591527  1.106080
1 10  0.590255  1.097270
1 11  0.597674  1.092971
1 12  0.570373  0.945990
1 13  0.568694  0.919249
1 14  0.577813  1.172828
1 15  0.588234  1.173299
1 16  0.285192  0.925656
1 17  0.559027  0.978966
1 18  0.565781  1.040182
1 19  0.567960  0.948708
1 20  0.579346  0.974846
1 21  0.598175  1.097727
1 22  0.572041  1.205332
1 23  0.604293  1.042611
1 24  0.594835  1.112784
1 25  0.595937  1.140533
1 26  0.584310  1.183871
1 27  0.570734  0.920923
1 28  0.601465  1.038603
1 29  0.591423  1.196933
1 30  0.573313  0.965398
2 3  0.550301  0.889116
2 4  0.548923  0.776979
2 5  0.560345  0.815568
2 6  0.592553  1.031087
2 7  0.567596  0.849288
2 8  0.586254  0.904611
2 9  0.577141  0.961352
2 10  0.564681  0.929978
2 11  0.582166  0.956987
2 12  0.551664  0.788630
2 13  0.547905  0.757644
2 14  0.579060  1.074688
2 15  0.571330  1.021131
2 16  0.556713  0.956183
2 17  0.256826  0.588650
2 18  0.555163  0.885602
2 19  0.552390  0.793275
2 20  0.564007  0.819434
2 21  0.582645  0.943126
2 22  0.576733  1.067595
2 23  0.564400  0.865073
2 24  0.571029  0.957135
2 25  0.580230  0.986886
2 26  0.597140  1.066278
2 27  0.551274  0.762871
2 28  0.586106  0.883632
2 29  0.572468  1.042227
2 30  0.556409  0.804880
3 4  0.560281  0.849670
3 5  0.571193  0.879845
3 6  0.578647  1.078260
3 7  0.599781  0.948641
3 8  0.580143  0.932078
3 9  0.585284  1.038598
3 10  0.592637  1.039268
3 11  0.589694  1.017434
3 12  0.567055  0.870403
3 13  0.565381  0.846111
3 14  0.596031  1.154956
3 15  0.587898  1.100650
3 16  0.565664  1.034296
3 17  0.557064  0.902463
3 18  0.278493  0.751261
3 19  0.564676  0.871527
3 20  0.575056  0.898174
3 21  0.588683  1.016403
3 22  0.595380  1.148064
3 23  0.601090  0.966910
3 24  0.593626  1.038235
3 25  0.587183  1.045622
3 26  0.580428  1.118142
3 27  0.567631  0.844333
3 28  0.586473  0.959947
3 29  0.590841  1.135820
3 30  0.570091  0.889319
4 5  0.528228  0.745486
4 6  0.603111  0.988238
4 7  0.598376  0.828983
4 8  0.585858  0.844496
4 9  0.581057  0.903863
4 10  0.591697  0.933382
4 11  0.580001  0.911247
4 12  0.565658  0.750023
4 13  0.563984  0.727187
4 14  0.595012  1.051378
4 15  0.586700  0.978977
4 16  0.569613  0.914710
4 17  0.556128  0.781987
4 18  0.566380  0.843485
4 19  0.277056  0.506864
4 20  0.527465  0.734994
4 21  0.572574  0.874537
4 22  0.594276  1.029725
4 23  0.599724  0.846373
4 24  0.592771  0.918612
4 25  0.587167  0.943359
4 26  0.607886  1.024962
4 27  0.566230  0.723513
4 28  0.594118  0.840017
4 29  0.589352  1.017220
4 30  0.568652  0.768612
5 6  0.615080  1.033968
5 7  0.609802  0.869593
5 8  0.600611  0.881595
5 9  0.595503  0.956820
5 10  0.603162  0.972667
5 11  0.580593  0.917978
5 12  0.577081  0.790253
5 13  0.575406  0.766931
5 14  0.606522  1.088313
5 15  0.598170  1.021052
5 16  0.580867  0.954609
5 17  0.567545  0.822011
5 18  0.576466  0.883846
5 19  0.527041  0.748132
5 20  0.286419  0.565854
5 21  0.573716  0.916214
5 22  0.605853  1.069543
5 23  0.611189  0.886452
5 24  0.604281  0.958610
5 25  0.599651  0.975787
5 26  0.619599  1.064425
5 27  0.577658  0.763637
5 28  0.605619  0.880605
5 29  0.600940  1.057205
5 30  0.580097  0.808723
6 7  0.642104  1.077229
6 8  0.637464  1.108559
6 9  0.620340  1.149293
6 10  0.627811  1.145636
6 11  0.636161  1.181558
6 12  0.609853  1.012913
6 13  0.608244  0.992613
6 14  0.631894  1.309830
6 15  0.626008  1.210010
6 16  0.585787  1.141435
6 17  0.600248  1.046852
6 18  0.581231  1.082016
6 19  0.607258  1.016597
6 20  0.619148  1.042347
6 21  0.633750  1.157588
6 22  0.625767  1.263418
6 23  0.643812  1.111066
6 24  0.635092  1.182915
6 25  0.622592  1.199421
6 26  0.407171  1.176053
6 27  0.610296  0.988872
6 28  0.638897  1.104553
6 29  0.630767  1.278277
6 30  0.612565  1.033684
7 8  0.635709  0.960165
7 9  0.626565  1.011157
7 10  0.627337  1.008878
7 11  0.631622  1.011963
7 12  0.567629  0.811493
7 13  0.568758  0.803311
7 14  0.632528  1.143815
7 15  0.615590  1.036564
7 16  0.607932  1.008116
7 17  0.570032  0.852645
7 18  0.604899  0.938162
7 19  0.601803  0.845691
7 20  0.613466  0.871911
7 21  0.632092  0.995625
7 22  0.629321  1.117694
7 23  0.397007  0.776226
7 24  0.629576  1.011591
7 25  0.629484  1.039197
7 26  0.646567  1.118671
7 27  0.561032  0.775471
7 28  0.635584  0.936128
7 29  0.615554  1.105923
7 30  0.561818  0.822760
8 9  0.589991  1.039145
8 10  0.629007  1.058338
8 11  0.602832  1.023378
8 12  0.602987  0.881561
8 13  0.601313  0.858042
8 14  0.632348  1.176838
8 15  0.624020  1.111717
8 16  0.606618  1.045308
8 17  0.593415  0.913266
8 18  0.591428  0.972510
8 19  0.597405  0.880520
8 20  0.609142  0.907654
8 21  0.598064  0.995147
8 22  0.631683  1.160142
8 23  0.637100  0.977722
8 24  0.630168  1.049640
8 25  0.588698  1.034059
8 26  0.642733  1.152467
8 27  0.603563  0.855050
8 28  0.386540  0.788414
8 29  0.626835  1.148156
8 30  0.606006  0.900071
9 10  0.619619  1.117250
9 11  0.594518  1.056102
9 12  0.593869  0.931213
9 13  0.592200  0.909660
9 14  0.622025  1.206796
9 15  0.614517  1.148052
9 16  0.597734  1.097589
9 17  0.584195  0.965951
9 18  0.588641  1.005940
9 19  0.587815  0.933741
9 20  0.599817  0.951653
9 21  0.588740  1.054706
9 22  0.622127  1.211822
9 23  0.627646  1.030115
9 24  0.620347  1.102235
9 25  0.393438  0.994507
9 26  0.622568  1.198458
9 27  0.594438  0.907704
9 28  0.585266  0.983563
9 29  0.616837  1.199460
9 30  0.596782  0.952560
10 11  0.624967  1.116383
10 12  0.597207  0.950604
10 13  0.595576  0.925343
10 14  0.598133  1.235762
10 15  0.583784  1.158996
10 16  0.598371  1.112311
10 17  0.576889  0.979196
10 18  0.597649  1.043965
10 19  0.595156  0.952178
10 20  0.606838  0.978305
10 21  0.625320  1.101681
10 22  0.591215  1.188203
10 23  0.629409  1.044562
10 24  0.379463  0.951290
10 25  0.622502  1.145269
10 26  0.638177  1.224470
10 27  0.597535  0.923723
10 28  0.628932  1.042312
10 29  0.581485  1.174858
10 30  0.600036  0.966958
11 12  0.598901  0.930978
11 13  0.597226  0.907803
11 14  0.628224  1.211345
11 15  0.619982  1.158705
11 16  0.602673  1.095636
11 17  0.589283  0.963859
11 18  0.593724  1.020378
11 19  0.576355  0.905133
11 20  0.576083  0.932720
11 21  0.414884  0.950916
11 22  0.627711  1.210057
11 23  0.632937  1.028249
11 24  0.625893  1.100103
11 25  0.589987  1.094112
11 26  0.637141  1.197551
11 27  0.599481  0.905793
11 28  0.598671  0.988418
11 29  0.622623  1.198028
11 30  0.601911  0.950719
12 13  0.521808  0.700161
12 14  0.600267  1.051537
12 15  0.589686  0.971302
12 16  0.575249  0.928755
12 17  0.560346  0.791470
12 18  0.572231  0.858419
12 19  0.569092  0.765829
12 20  0.580736  0.792071
12 21  0.599418  0.915944
12 22  0.599999  1.044124
12 23  0.560453  0.819196
12 24  0.598091  0.931369
12 25  0.596976  0.959549
12 26  0.613598  1.039273
12 27  0.519018  0.696737
12 28  0.602854  0.856342
12 29  0.593257  1.031658
12 30  0.293802  0.552274
13 14  0.598616  1.028584
13 15  0.588813  0.963102
13 16  0.573356  0.906178
13 17  0.555834  0.770904
13 18  0.570529  0.835420
13 19  0.567438  0.742806
13 20  0.579066  0.769042
13 21  0.597753  0.892994
13 22  0.598334  1.021327
13 23  0.561617  0.797721
13 24  0.596324  0.909553
13 25  0.595398  0.936692
13 26  0.612126  1.016448
13 27  0.291119  0.473733
13 28  0.601178  0.833335
13 29  0.593161  1.008263
13 30  0.519035  0.715861
14 15  0.592123  1.234256
14 16  0.576446  1.207495
14 17  0.585113  1.093486
14 18  0.601085  1.157647
14 19  0.598260  1.067303
14 20  0.610038  1.093321
14 21  0.628825  1.215520
14 22  0.419851  1.238554
14 23  0.631315  1.155482
14 24  0.593631  1.192664
14 25  0.625945  1.258654
14 26  0.630402  1.306868
14 27  0.601220  1.039781
14 28  0.632143  1.157102
14 29  0.587969  1.297487
14 30  0.603547  1.084295
15 16  0.593431  1.143236
15 17  0.576403  1.008794
15 18  0.593234  1.088163
15 19  0.590046  0.996815
15 20  0.601821  1.023050
15 21  0.620382  1.146076
15 22  0.585474  1.239842
15 23  0.614569  1.086657
15 24  0.579101  1.123776
15 25  0.617321  1.188950
15 26  0.632454  1.266945
15 27  0.592518  0.968832
15 28  0.623931  1.087170
15 29  0.391276  1.124197
15 30  0.593327  1.014024
16 17  0.564344  0.940907
16 18  0.572046  0.993796
16 19  0.573210  0.930055
16 20  0.584823  0.950200
16 21  0.603240  1.064650
16 22  0.581615  1.142381
16 23  0.609162  1.022189
16 24  0.596206  1.069456
16 25  0.599070  1.113678
16 26  0.592596  1.182669
16 27  0.575989  0.899340
16 28  0.606848  1.011682
16 29  0.595097  1.190464
16 30  0.578422  0.946608
17 18  0.562672  0.882836
17 19  0.559591  0.796854
17 20  0.571214  0.821992
17 21  0.589898  0.946133
17 22  0.585207  1.060263
17 23  0.574114  0.869051
17 24  0.570718  0.918355
17 25  0.587548  0.991025
17 26  0.603639  1.059191
17 27  0.557205  0.760928
17 28  0.593329  0.885041
17 29  0.580889  1.061193
17 30  0.560861  0.811700
18 19  0.568605  0.852648
18 20  0.579693  0.869871
18 21  0.594837  0.992400
18 22  0.600438  1.127717
18 23  0.606335  0.952734
18 24  0.598996  1.014621
18 25  0.593434  1.051456
18 26  0.587032  1.092940
18 27  0.572805  0.831099
18 28  0.582795  0.899545
18 29  0.595804  1.123895
18 30  0.575246  0.876622
19 20  0.534076  0.762448
19 21  0.582960  0.908095
19 22  0.597879  1.043626
19 23  0.603228  0.860093
19 24  0.596259  0.930106
19 25  0.587098  0.938502
19 26  0.610533  1.023795
19 27  0.569705  0.739000
19 28  0.587791  0.833481
19 29  0.592930  1.028330
19 30  0.572145  0.783541
20 21  0.584732  0.907187
20 22  0.609593  1.069765
20 23  0.614856  0.887580
20 24  0.607932  0.957461
20 25  0.601278  0.983563
20 26  0.622732  1.059896
20 27  0.581328  0.765273
20 28  0.603913  0.859532
20 29  0.604605  1.058552
20 30  0.583769  0.810449
21 22  0.628161  1.176668
21 23  0.633536  1.011429
21 24  0.626591  1.083622
21 25  0.599794  1.063800
21 26  0.640607  1.187806
21 27  0.600008  0.888157
21 28  0.603853  0.986439
21 29  0.623286  1.176434
21 30  0.602450  0.932861
22 23  0.633147  1.134871
22 24  0.599203  1.202712
22 25  0.624346  1.204214
22 26  0.635423  1.305082
22 27  0.600312  1.004845
22 28  0.631624  1.133604
22 29  0.596115  1.238199
22 30  0.602690  1.046889
23 24  0.629788  1.004922
23 25  0.631143  1.049675
23 26  0.647516  1.112146
23 27  0.572838  0.817653
23 28  0.636968  0.951250
23 29  0.619280  1.077047
23 30  0.572122  0.838629
24 25  0.623812  1.120696
24 26  0.632051  1.147921
24 27  0.598973  0.905978
24 28  0.630008  1.018579
24 29  0.586488  1.167072
24 30  0.601298  0.949441
25 26  0.627088  1.181913
25 27  0.597663  0.930756
25 28  0.591222  1.034692
25 29  0.620414  1.199801
25 30  0.600095  0.973054
26 27  0.614627  1.012147
26 28  0.641626  1.109935
26 29  0.632378  1.254094
26 30  0.616996  1.051343
27 28  0.603439  0.829571
27 29  0.592849  0.991168
27 30  0.526413  0.714031
28 29  0.626674  1.122006
28 30  0.605880  0.874680
29 30  0.594916  1.016730
