  -1146.54373552
  -1146.91177454    -1146.78813818
0.00000271234627
2 2 2 2 2 2 2 2 2 2 2 2 2 2 2 0 0 0 0 0 0 0 0 0 0 0 0 0 0 0 
1  0.285431  0.566163
2  0.269501  0.412195
3  0.282108  0.490202
4  0.280345  0.369200
5  0.291705  0.409458
6  0.325188  0.635110
7  0.318803  0.463990
8  0.317974  0.500379
9  0.308950  0.553116
10  0.312611  0.569339
11  0.313752  0.551023
12  0.285801  0.384544
13  0.284193  0.360907
14  0.315859  0.684129
15  0.307585  0.614064
16  0.290497  0.547697
17  0.276746  0.416381
18  0.287294  0.477623
19  0.283806  0.384928
20  0.295402  0.411132
21  0.314271  0.534512
22  0.315264  0.662110
23  0.320174  0.480088
24  0.313718  0.551034
25  0.312171  0.578636
26  0.329296  0.658737
27  0.286441  0.357336
28  0.317842  0.474839
29  0.310390  0.650254
30  0.288803  0.403335
1 2  0.553654  0.955861
1 3  0.563225  1.018989
1 4  0.565756  0.934400
1 5  0.577101  0.966244
1 6  0.586118  1.174650
1 7  0.603916  1.025270
1 8  0.603239  1.050025
1 9  0.592906  1.107310
1 10  0.591764  1.098014
1 11  0.598882  1.093914
1 12  0.571195  0.948553
1 13  0.569584  0.921103
1 14  0.579155  1.173131
1 15  0.589690  1.173981
1 16  0.286611  0.926453
1 17  0.560300  0.981583
1 18  0.567191  1.042000
1 19  0.568984  0.950536
1 20  0.580323  0.976644
1 21  0.599351  1.098844
1 22  0.573426  1.205709
1 23  0.605366  1.044512
1 24  0.596358  1.113305
1 25  0.597361  1.141951
1 26  0.585893  1.185970
1 27  0.571577  0.923074
1 28  0.602805  1.039755
1 29  0.592915  1.198058
1 30  0.574117  0.968331
2 3  0.551568  0.892443
2 4  0.549842  0.780468
2 5  0.561203  0.819018
2 6  0.593999  1.034667
2 7  0.568552  0.853128
2 8  0.587471  0.907478
2 9  0.578441  0.964439
2 10  0.565974  0.932071
2 11  0.583252  0.959761
2 12  0.552366  0.793020
2 13  0.548674  0.761324
2 14  0.580335  1.076381
2 15  0.572697  1.023635
2 16  0.557959  0.958982
2 17  0.257819  0.593197
2 18  0.556426  0.889223
2 19  0.553305  0.796926
2 20  0.564895  0.823037
2 21  0.583718  0.946017
2 22  0.578007  1.069586
2 23  0.565331  0.868949
2 24  0.572380  0.959328
2 25  0.581541  0.990120
2 26  0.598572  1.069723
2 27  0.552025  0.766848
2 28  0.587317  0.886589
2 29  0.573860  1.045018
2 30  0.557088  0.809711
3 4  0.561323  0.852183
3 5  0.572180  0.882376
3 6  0.580201  1.080901
3 7  0.600898  0.951554
3 8  0.581369  0.933814
3 9  0.586706  1.040774
3 10  0.594186  1.040739
3 11  0.590890  1.019366
3 12  0.567891  0.873856
3 13  0.566284  0.848900
3 14  0.597465  1.155942
3 15  0.589409  1.102241
3 16  0.567082  1.036179
3 17  0.558348  0.905959
3 18  0.279781  0.753790
3 19  0.565731  0.874238
3 20  0.576060  0.900849
3 21  0.589874  1.018374
3 22  0.596798  1.149164
3 23  0.602188  0.969708
3 24  0.595137  1.039604
3 25  0.588630  1.048181
3 26  0.581982  1.120944
3 27  0.568528  0.847359
3 28  0.587758  0.961895
3 29  0.592377  1.137534
3 30  0.570905  0.893190
4 5  0.528791  0.748271
4 6  0.604356  0.990680
4 7  0.599141  0.831759
4 8  0.586840  0.846471
4 9  0.582138  0.905790
4 10  0.592888  0.934715
4 11  0.580874  0.913212
4 12  0.566142  0.753425
4 13  0.564535  0.730056
4 14  0.596103  1.052273
4 15  0.587854  0.980239
4 16  0.570679  0.916510
4 17  0.557088  0.785420
4 18  0.567456  0.846101
4 19  0.277628  0.509769
4 20  0.528110  0.737928
4 21  0.573437  0.876625
4 22  0.595341  1.030741
4 23  0.600464  0.849112
4 24  0.593954  0.919877
4 25  0.588257  0.945608
4 26  0.609093  1.027434
4 27  0.566769  0.726495
4 28  0.595114  0.841986
4 29  0.590520  1.018891
4 30  0.569104  0.772442
5 6  0.616262  1.036667
5 7  0.610506  0.872559
5 8  0.601546  0.883703
5 9  0.596516  0.959018
5 10  0.604301  0.974097
5 11  0.581406  0.919914
5 12  0.577504  0.793812
5 13  0.575897  0.769858
5 14  0.607550  1.089237
5 15  0.599268  1.022661
5 16  0.581845  0.956545
5 17  0.568442  0.825556
5 18  0.577458  0.886590
5 19  0.527654  0.751248
5 20  0.286971  0.568834
5 21  0.574525  0.918374
5 22  0.606866  1.070666
5 23  0.611876  0.889309
5 24  0.605416  0.959988
5 25  0.600693  0.978210
5 26  0.620755  1.066993
5 27  0.578139  0.766731
5 28  0.606558  0.882701
5 29  0.602066  1.058991
5 30  0.580497  0.812666
6 7  0.643421  1.079974
6 8  0.639011  1.110656
6 9  0.621890  1.151325
6 10  0.629410  1.147100
6 11  0.637576  1.183726
6 12  0.610894  1.016478
6 13  0.609343  0.995702
6 14  0.633497  1.310938
6 15  0.627650  1.211542
6 16  0.587423  1.143858
6 17  0.601755  1.050503
6 18  0.582835  1.085084
6 19  0.608499  1.019489
6 20  0.620373  1.045178
6 21  0.635130  1.159640
6 22  0.627371  1.264729
6 23  0.645103  1.114036
6 24  0.636795  1.184455
6 25  0.624191  1.201855
6 26  0.408928  1.178767
6 27  0.611379  0.992050
6 28  0.640435  1.106795
6 29  0.632497  1.280154
6 30  0.613543  1.037711
7 8  0.636772  0.962550
7 9  0.627715  1.013513
7 10  0.628599  1.010689
7 11  0.632554  1.014298
7 12  0.568209  0.815315
7 13  0.569390  0.806699
7 14  0.633668  1.145127
7 15  0.616769  1.038247
7 16  0.609051  1.010278
7 17  0.570999  0.856590
7 18  0.606035  0.941173
7 19  0.602554  0.848733
7 20  0.614201  0.874911
7 21  0.633005  0.997925
7 22  0.630423  1.119049
7 23  0.397765  0.779735
7 24  0.630826  1.013289
7 25  0.630626  1.041836
7 26  0.647840  1.121525
7 27  0.561655  0.779026
7 28  0.636645  0.938475
7 29  0.616760  1.107951
7 30  0.562365  0.827140
8 9  0.591305  1.040811
8 10  0.630507  1.059231
8 11  0.603955  1.024926
8 12  0.603771  0.884546
8 13  0.602163  0.860392
8 14  0.633734  1.177281
8 15  0.625478  1.112776
8 16  0.607992  1.046664
8 17  0.594664  0.916249
8 18  0.592735  0.974600
8 19  0.598398  0.882720
8 20  0.610115  0.909832
8 21  0.599177  0.996904
8 22  0.633052  1.160699
8 23  0.638147  0.980012
8 24  0.631661  1.050469
8 25  0.590020  1.036257
8 26  0.644233  1.154553
8 27  0.604406  0.857572
8 28  0.387713  0.789775
8 29  0.628320  1.149374
8 30  0.606767  0.903445
9 10  0.621194  1.118293
9 11  0.595729  1.057490
9 12  0.594734  0.933922
9 13  0.593131  0.911927
9 14  0.623476  1.207066
9 15  0.616057  1.148755
9 16  0.599175  1.098930
9 17  0.585531  0.968928
9 18  0.590092  1.008376
9 19  0.588892  0.935951
9 20  0.600872  0.953885
9 21  0.589920  1.056321
9 22  0.623588  1.212434
9 23  0.628767  1.032406
9 24  0.621934  1.103063
9 25  0.394823  0.996265
9 26  0.624125  1.200429
9 27  0.595366  0.910218
9 28  0.586563  0.985408
9 29  0.618394  1.200708
9 30  0.597617  0.955917
10 11  0.626330  1.117319
10 12  0.598188  0.953013
10 13  0.596623  0.927127
10 14  0.599693  1.235695
10 15  0.585403  1.159691
10 16  0.599925  1.113155
10 17  0.578292  0.981537
10 18  0.599183  1.045601
10 19  0.596341  0.953807
10 20  0.608010  0.979887
10 21  0.626678  1.102561
10 22  0.592753  1.188619
10 23  0.630645  1.046344
10 24  0.381013  0.951254
10 25  0.624103  1.146498
10 26  0.639841  1.225953
10 27  0.598572  0.925649
10 28  0.630426  1.043268
10 29  0.583119  1.175935
10 30  0.600988  0.969734
11 12  0.599552  0.933654
11 13  0.597944  0.909870
11 14  0.629477  1.211342
11 15  0.621311  1.159491
11 16  0.603897  1.096872
11 17  0.590404  0.966687
11 18  0.594948  1.022409
11 19  0.577216  0.907392
11 20  0.576926  0.934866
11 21  0.415864  0.952357
11 22  0.628955  1.210494
11 23  0.633838  1.030397
11 24  0.627253  1.100778
11 25  0.591191  1.096009
11 26  0.638493  1.199352
11 27  0.600193  0.908159
11 28  0.599800  0.990068
11 29  0.623969  1.199122
11 30  0.602539  0.953932
12 13  0.522113  0.703957
12 14  0.601132  1.053033
12 15  0.590639  0.973320
12 16  0.576099  0.931395
12 17  0.561086  0.795817
12 18  0.573084  0.861932
12 19  0.569557  0.769385
12 20  0.581185  0.795579
12 21  0.600059  0.918734
12 22  0.600853  1.046031
12 23  0.561003  0.823010
12 24  0.599059  0.933514
12 25  0.597845  0.962676
12 26  0.614556  1.042603
12 27  0.519323  0.701022
12 28  0.603632  0.859204
12 29  0.594211  1.034236
12 30  0.294039  0.557333
13 14  0.599546  1.029564
13 15  0.589804  0.964756
13 16  0.574240  0.908286
13 17  0.556631  0.774665
13 18  0.571457  0.838349
13 19  0.567980  0.745781
13 20  0.579583  0.771969
13 21  0.598463  0.895203
13 22  0.599249  1.022647
13 23  0.562234  0.800954
13 24  0.597364  0.911125
13 25  0.596347  0.939245
13 26  0.613178  1.019200
13 27  0.291523  0.477297
13 28  0.602027  0.835611
13 29  0.594191  1.010227
13 30  0.519331  0.720446
14 15  0.593547  1.233948
14 16  0.577876  1.207874
14 17  0.586435  1.095279
14 18  0.602529  1.158670
14 19  0.599325  1.068342
14 20  0.611081  1.094309
14 21  0.630069  1.215828
14 22  0.421332  1.237851
14 23  0.632413  1.156574
14 24  0.595170  1.192749
14 25  0.627426  1.259339
14 26  0.631990  1.307860
14 27  0.602141  1.041129
14 28  0.633518  1.157447
14 29  0.589390  1.297956
14 30  0.604390  1.086500
15 16  0.594925  1.144242
15 17  0.577812  1.011319
15 18  0.594763  1.089726
15 19  0.591186  0.998425
15 20  0.602953  1.024616
15 21  0.621691  1.146957
15 22  0.586906  1.240228
15 23  0.615725  1.088299
15 24  0.580711  1.124390
15 25  0.618871  1.190178
15 26  0.634123  1.268360
15 27  0.593511  0.970746
15 28  0.625389  1.088097
15 29  0.392823  1.125016
15 30  0.594231  1.016821
16 17  0.565641  0.943310
16 18  0.573452  0.995579
16 19  0.574278  0.931959
16 20  0.585867  0.951816
16 21  0.604472  1.065683
16 22  0.582967  1.142768
16 23  0.610273  1.024089
16 24  0.597735  1.070098
16 25  0.600478  1.115047
16 26  0.594170  1.184337
16 27  0.576904  0.901419
16 28  0.608219  1.012876
16 29  0.596593  1.191358
16 30  0.579257  0.949622
17 18  0.564000  0.886069
17 19  0.560545  0.800322
17 20  0.572143  0.825262
17 21  0.591016  0.948789
17 22  0.586515  1.061988
17 23  0.575089  0.872594
17 24  0.572024  0.920161
17 25  0.588901  0.994145
17 26  0.605092  1.062327
17 27  0.558015  0.764641
17 28  0.594584  0.887697
17 29  0.582320  1.063765
17 30  0.561585  0.816373
18 19  0.569669  0.855288
18 20  0.580725  0.872352
18 21  0.596045  0.994308
18 22  0.601875  1.128777
18 23  0.607453  0.955473
18 24  0.600560  1.015951
18 25  0.594887  1.053785
18 26  0.588551  1.095249
18 27  0.573721  0.834072
18 28  0.584043  0.901224
18 29  0.597359  1.125658
18 30  0.576081  0.880492
19 20  0.534666  0.765274
19 21  0.583822  0.910094
19 22  0.598955  1.044664
19 23  0.603970  0.862702
19 24  0.597443  0.931263
19 25  0.588193  0.940641
19 26  0.611725  1.025960
19 27  0.570244  0.742059
19 28  0.588767  0.835452
19 29  0.594104  1.029738
19 30  0.572604  0.787349
20 21  0.585566  0.909068
20 22  0.610645  1.070738
20 23  0.615573  0.890281
20 24  0.609097  0.958612
20 25  0.602327  0.985839
20 26  0.623916  1.062209
20 27  0.581843  0.768282
20 28  0.604873  0.861487
20 29  0.605758  1.060258
20 30  0.584204  0.814329
21 22  0.629400  1.176759
21 23  0.634443  1.013514
21 24  0.627938  1.084263
21 25  0.601029  1.065271
21 26  0.641973  1.189608
21 27  0.600711  0.890323
21 28  0.604967  0.987849
21 29  0.624632  1.177296
21 30  0.603072  0.935865
22 23  0.634256  1.136048
22 24  0.600764  1.202520
22 25  0.625796  1.204641
22 26  0.636979  1.305948
22 27  0.601229  1.005990
22 28  0.633000  1.134020
22 29  0.597562  1.238050
22 30  0.603530  1.048780
23 24  0.631034  1.006327
23 25  0.632290  1.051901
23 26  0.648770  1.114350
23 27  0.573446  0.820956
23 28  0.638011  0.953305
23 29  0.620476  1.078752
23 30  0.572660  0.842528
24 25  0.625394  1.121589
24 26  0.633626  1.148938
24 27  0.600010  0.907654
24 28  0.631501  1.019158
24 29  0.588103  1.167661
24 30  0.602256  0.951967
25 26  0.628606  1.183747
25 27  0.598598  0.933220
25 28  0.592535  1.036359
25 29  0.621988  1.200674
25 30  0.600953  0.976156
26 27  0.615682  1.015006
26 28  0.643140  1.111613
26 29  0.634007  1.255483
26 30  0.617982  1.054849
27 28  0.604280  0.831941
27 29  0.593855  0.992989
27 30  0.526691  0.718268
28 29  0.628157  1.123076
28 30  0.606641  0.877910
29 30  0.595878  1.019137
