   -993.87907487
   -994.20051368     -994.08307162
0.00022651623556
2 2 2 2 2 2 2 2 2 2 2 2 2 0 0 0 0 0 0 0 0 0 0 0 0 0 
1  0.324359  0.746789
2  0.311369  0.787761
3  0.286369  0.321249
4  0.331963  0.621521
5  0.329998  0.620067
6  0.281160  0.324863
7  0.342435  0.622958
8  0.313389  0.371769
9  0.330966  0.539281
10  0.289034  0.377457
11  0.301740  0.421714
12  0.272666  0.384557
13  0.313119  0.532395
14  0.317436  0.563643
15  0.281512  0.400049
16  0.308057  0.448204
17  0.294640  0.397811
18  0.325145  0.711631
19  0.331581  0.547470
20  0.316183  0.388649
21  0.310022  0.749574
22  0.335364  0.617919
23  0.340488  0.628185
24  0.335087  0.632842
25  0.282913  0.329525
26  0.287537  0.316976
1 2  0.616041  1.407247
1 3  0.610658  1.060930
1 4  0.651775  1.352749
1 5  0.629853  1.243798
1 6  0.605304  1.064411
1 7  0.632161  1.350006
1 8  0.637490  1.117074
1 9  0.646941  1.258233
1 10  0.611598  1.112426
1 11  0.625092  1.166000
1 12  0.594654  1.092802
1 13  0.632673  1.273615
1 14  0.634338  1.282042
1 15  0.600350  1.144330
1 16  0.631577  1.190346
1 17  0.617845  1.143065
1 18  0.432379  1.325124
1 19  0.652582  1.287416
1 20  0.638917  1.133091
1 21  0.610440  1.466385
1 22  0.637311  1.350200
1 23  0.632178  1.334998
1 24  0.655807  1.359548
1 25  0.607250  1.075993
1 26  0.611820  1.063595
2 3  0.597724  1.104495
2 4  0.622733  1.310334
2 5  0.639132  1.376619
2 6  0.592430  1.105484
2 7  0.634887  1.386279
2 8  0.624312  1.157446
2 9  0.631570  1.320651
2 10  0.598158  1.162553
2 11  0.610894  1.186275
2 12  0.583896  1.160703
2 13  0.620291  1.302221
2 14  0.624681  1.340564
2 15  0.591606  1.184030
2 16  0.613221  1.226970
2 17  0.601534  1.177247
2 18  0.611786  1.467971
2 19  0.628312  1.298672
2 20  0.626607  1.175268
2 21  0.426324  1.414327
2 22  0.641850  1.384407
2 23  0.630449  1.377569
2 24  0.623095  1.394553
2 25  0.594180  1.116936
2 26  0.598900  1.104595
3 4  0.618328  0.942051
3 5  0.616010  0.935005
3 6  0.519353  0.601888
3 7  0.628750  0.944052
3 8  0.560275  0.663030
3 9  0.617329  0.860199
3 10  0.575403  0.698501
3 11  0.588108  0.742813
3 12  0.553759  0.696012
3 13  0.598596  0.852920
3 14  0.603411  0.883869
3 15  0.562515  0.718101
3 16  0.594417  0.769417
3 17  0.580993  0.719022
3 18  0.611333  1.032717
3 19  0.617924  0.868623
3 20  0.556040  0.667601
3 21  0.596381  1.070663
3 22  0.621077  0.938858
3 23  0.626807  0.949228
3 24  0.621443  0.954016
3 25  0.514381  0.601630
3 26  0.295763  0.381539
4 5  0.660439  1.236399
4 6  0.613104  0.944160
4 7  0.664443  1.198593
4 8  0.645152  0.988715
4 9  0.622545  1.131928
4 10  0.615742  0.992732
4 11  0.605038  0.974863
4 12  0.604450  1.005060
4 13  0.642671  1.127317
4 14  0.648498  1.182314
4 15  0.613416  1.020373
4 16  0.614820  1.061711
4 17  0.618804  1.006580
4 18  0.653618  1.313746
4 19  0.626475  1.134012
4 20  0.647937  1.009857
4 21  0.618867  1.345225
4 22  0.666858  1.233646
4 23  0.669074  1.244638
4 24  0.416946  1.103630
4 25  0.614788  0.950890
4 26  0.619486  0.938431
5 6  0.610723  0.940464
5 7  0.663262  1.215109
5 8  0.641401  0.984607
5 9  0.658536  1.132723
5 10  0.618623  0.987038
5 11  0.631389  1.039456
5 12  0.577192  0.940882
5 13  0.605101  1.124260
5 14  0.613154  1.137145
5 15  0.589034  1.014584
5 16  0.637981  1.066927
5 17  0.624376  1.017204
5 18  0.633640  1.318851
5 19  0.661051  1.165323
5 20  0.642606  1.004873
5 21  0.635586  1.350178
5 22  0.392804  1.089508
5 23  0.666794  1.236074
5 24  0.664660  1.246722
5 25  0.612813  0.948660
5 26  0.617132  0.936670
6 7  0.623437  0.946318
6 8  0.558369  0.667570
6 9  0.612118  0.864060
6 10  0.570193  0.702292
6 11  0.582896  0.745914
6 12  0.550183  0.703660
6 13  0.592530  0.853012
6 14  0.597078  0.887192
6 15  0.561100  0.722839
6 16  0.589174  0.773006
6 17  0.575768  0.722633
6 18  0.606286  1.036280
6 19  0.612652  0.872234
6 20  0.550816  0.668963
6 21  0.591085  1.074162
6 22  0.616280  0.942246
6 23  0.621249  0.952806
6 24  0.616142  0.957568
6 25  0.292295  0.409326
6 26  0.516204  0.596632
7 8  0.654196  0.980541
7 9  0.654474  1.094297
7 10  0.628444  0.980735
7 11  0.641625  1.023223
7 12  0.613804  1.000232
7 13  0.634081  1.075492
7 14  0.649937  1.182847
7 15  0.623529  1.019552
7 16  0.649991  1.069568
7 17  0.636359  1.019943
7 18  0.634504  1.294339
7 19  0.668505  1.167805
7 20  0.657748  1.011263
7 21  0.630671  1.336637
7 22  0.673456  1.227661
7 23  0.436752  1.087807
7 24  0.673732  1.249883
7 25  0.625002  0.952263
7 26  0.629914  0.939757
8 9  0.644163  0.905197
8 10  0.602408  0.747323
8 11  0.615098  0.791278
8 12  0.569634  0.740613
8 13  0.614857  0.876741
8 14  0.621559  0.932142
8 15  0.576879  0.756651
8 16  0.621400  0.819885
8 17  0.608028  0.769531
8 18  0.636986  1.081849
8 19  0.644932  0.919090
8 20  0.391796  0.568918
8 21  0.622393  1.120532
8 22  0.646037  0.987519
8 23  0.652920  0.999674
8 24  0.648250  1.004370
8 25  0.551333  0.659204
8 26  0.551196  0.642161
9 10  0.596048  0.870709
9 11  0.624392  0.944466
9 12  0.603278  0.915478
9 13  0.641386  1.044207
9 14  0.648046  1.101181
9 15  0.612358  0.938714
9 16  0.633266  0.979045
9 17  0.610710  0.931973
9 18  0.652489  1.244322
9 19  0.407970  0.926492
9 20  0.647122  0.927741
9 21  0.626332  1.255849
9 22  0.665760  1.154998
9 23  0.665904  1.165268
9 24  0.628517  1.136749
9 25  0.613822  0.868699
9 26  0.618485  0.856168
10 11  0.546873  0.768196
10 12  0.561659  0.758400
10 13  0.601776  0.901584
10 14  0.606439  0.940633
10 15  0.570455  0.777326
10 16  0.553476  0.790551
10 17  0.283416  0.524175
10 18  0.613068  1.087811
10 19  0.606345  0.920159
10 20  0.605216  0.766054
10 21  0.594495  1.120286
10 22  0.624170  0.994805
10 23  0.628835  1.004925
10 24  0.616955  0.999890
10 25  0.571930  0.706941
10 26  0.576562  0.694399
11 12  0.574376  0.805810
11 13  0.614317  0.942232
11 14  0.619032  0.984540
11 15  0.583246  0.821515
11 16  0.297645  0.617293
11 17  0.552721  0.784294
11 18  0.626174  1.129463
11 19  0.628484  0.962706
11 20  0.617883  0.810267
11 21  0.605604  1.163249
11 22  0.637049  1.038551
11 23  0.641845  1.048697
11 24  0.612918  1.047133
11 25  0.584623  0.751178
11 26  0.589269  0.738659
12 13  0.581799  0.910074
12 14  0.587795  0.938606
12 15  0.255452  0.534179
12 16  0.580712  0.832487
12 17  0.567196  0.782185
12 18  0.592408  1.094158
12 19  0.604117  0.931464
12 20  0.569702  0.756484
12 21  0.581615  1.131052
12 22  0.586637  0.997509
12 23  0.612863  1.010130
12 24  0.607714  1.016253
12 25  0.554563  0.711894
12 26  0.555342  0.698290
13 14  0.364992  0.937239
13 15  0.591762  0.922574
13 16  0.621043  0.979748
13 17  0.607728  0.929729
13 18  0.631095  1.220041
13 19  0.644344  1.078314
13 20  0.621107  0.918291
13 21  0.619000  1.272438
13 22  0.613542  1.106459
13 23  0.644301  1.157350
13 24  0.647353  1.162627
13 25  0.594246  0.860605
13 26  0.600183  0.848495
14 15  0.594753  0.955620
14 16  0.624841  0.995560
14 17  0.611581  0.951047
14 18  0.637798  1.269955
14 19  0.645945  1.079514
14 20  0.621218  0.917995
14 21  0.622949  1.288730
14 22  0.611857  1.149966
14 23  0.635657  1.101749
14 24  0.649818  1.161327
14 25  0.598035  0.884966
14 26  0.603741  0.878913
15 16  0.589526  0.847561
15 17  0.576088  0.793307
15 18  0.603768  1.072780
15 19  0.612662  0.937537
15 20  0.577847  0.770260
15 21  0.591332  1.139759
15 22  0.589210  0.950555
15 23  0.620513  1.019136
15 24  0.616369  1.031686
15 25  0.560131  0.725058
15 26  0.563751  0.709115
16 17  0.556567  0.812249
16 18  0.631956  1.157229
16 19  0.631475  0.976107
16 20  0.624196  0.833428
16 21  0.615287  1.170527
16 22  0.642967  1.063018
16 23  0.645862  1.049919
16 24  0.613077  1.003341
16 25  0.590965  0.776502
16 26  0.595593  0.764841
17 18  0.617668  1.095787
17 19  0.600481  0.893084
17 20  0.610795  0.783884
17 21  0.602148  1.144774
17 22  0.629476  1.003120
17 23  0.631694  1.002733
17 24  0.624337  1.022299
17 25  0.577551  0.727259
17 26  0.582176  0.714737
18 19  0.648093  1.229129
18 20  0.641076  1.099056
18 21  0.617051  1.356749
18 22  0.635750  1.212889
18 23  0.629577  1.318501
18 24  0.655217  1.331586
18 25  0.607860  1.036201
18 26  0.612616  1.023988
19 20  0.647511  0.928782
19 21  0.631023  1.291027
19 22  0.664278  1.135559
19 23  0.651929  1.102400
19 24  0.624181  1.145624
19 25  0.614477  0.876585
19 26  0.619114  0.864382
20 21  0.625702  1.134344
20 22  0.649507  0.998404
20 23  0.654756  0.998577
20 24  0.651022  1.014500
20 25  0.562473  0.686532
20 26  0.565381  0.678712
21 22  0.642752  1.343134
21 23  0.631392  1.349673
21 24  0.625066  1.283040
21 25  0.592828  1.071961
21 26  0.597538  1.062586
22 23  0.666762  1.214533
22 24  0.668648  1.244934
22 25  0.617871  0.945308
22 26  0.622616  0.931454
23 24  0.665350  1.206586
23 25  0.623147  0.954332
23 26  0.627948  0.944685
24 25  0.617973  0.959101
24 26  0.622619  0.948751
25 26  0.521757  0.602334
