   -993.87907487
   -994.20274223     -994.08821149
0.00014791730759
2 2 2 2 2 2 2 2 2 2 2 2 2 0 0 0 0 0 0 0 0 0 0 0 0 0 
1  0.331941  0.745738
2  0.318461  0.780589
3  0.288337  0.328238
4  0.338916  0.624290
5  0.338077  0.633054
6  0.283490  0.333610
7  0.352159  0.629752
8  0.317162  0.379137
9  0.338748  0.541827
10  0.293559  0.383129
11  0.305111  0.427276
12  0.278038  0.400541
13  0.322339  0.547552
14  0.326637  0.574896
15  0.287066  0.415660
16  0.311428  0.452482
17  0.299414  0.402774
18  0.332330  0.715590
19  0.339650  0.548354
20  0.319726  0.395382
21  0.316816  0.748371
22  0.343512  0.629448
23  0.350516  0.629238
24  0.342403  0.634725
25  0.285253  0.338838
26  0.289388  0.324474
1 2  0.630137  1.402338
1 3  0.620180  1.065724
1 4  0.665999  1.355147
1 5  0.644287  1.253725
1 6  0.615170  1.070983
1 7  0.649256  1.356338
1 8  0.648817  1.123299
1 9  0.661900  1.259736
1 10  0.623376  1.116364
1 11  0.635891  1.170486
1 12  0.607359  1.104703
1 13  0.649234  1.287703
1 14  0.650935  1.292694
1 15  0.613531  1.159010
1 16  0.642455  1.193137
1 17  0.630034  1.147057
1 18  0.446144  1.330132
1 19  0.668015  1.287430
1 20  0.649988  1.138780
1 21  0.624184  1.466651
1 22  0.652871  1.360909
1 23  0.649921  1.337814
1 24  0.670601  1.360786
1 25  0.617168  1.084192
1 26  0.621225  1.070007
2 3  0.606778  1.103399
2 4  0.635731  1.306073
2 5  0.654204  1.383058
2 6  0.601819  1.105663
2 7  0.651633  1.385322
2 8  0.635139  1.157399
2 9  0.646383  1.316579
2 10  0.609538  1.161051
2 11  0.621287  1.184033
2 12  0.596343  1.168513
2 13  0.636253  1.308232
2 14  0.640798  1.344629
2 15  0.604245  1.192208
2 16  0.623623  1.224797
2 17  0.613220  1.174969
2 18  0.625898  1.467944
2 19  0.643411  1.294797
2 20  0.637160  1.174784
2 21  0.439053  1.407086
2 22  0.657016  1.389411
2 23  0.647572  1.373905
2 24  0.636576  1.390478
2 25  0.603581  1.119002
2 26  0.607842  1.104879
3 4  0.627251  0.951675
3 5  0.626026  0.954059
3 6  0.523810  0.617770
3 7  0.640435  0.957794
3 8  0.566072  0.677825
3 9  0.627078  0.869652
3 10  0.581895  0.711100
3 11  0.593447  0.755330
3 12  0.560828  0.717927
3 13  0.609739  0.874882
3 14  0.614557  0.901950
3 15  0.569873  0.740774
3 16  0.599746  0.780678
3 17  0.587724  0.730969
3 18  0.620438  1.043632
3 19  0.627939  0.876486
3 20  0.561674  0.681849
3 21  0.605140  1.076425
3 22  0.631173  0.957328
3 23  0.638760  0.957212
3 24  0.630716  0.962877
3 25  0.518915  0.619690
3 26  0.299187  0.397290
4 5  0.675199  1.251707
4 6  0.622384  0.955180
4 7  0.680337  1.206248
4 8  0.655849  0.998011
4 9  0.636754  1.136299
4 10  0.627040  1.001051
4 11  0.614504  0.981856
4 12  0.616732  1.023677
4 13  0.658552  1.141872
4 14  0.664617  1.196475
4 15  0.625925  1.038433
4 16  0.624985  1.068678
4 17  0.630551  1.015274
4 18  0.667643  1.320749
4 19  0.641474  1.140259
4 20  0.658413  1.019372
4 21  0.631766  1.348221
4 22  0.681898  1.247373
4 23  0.685965  1.248818
4 24  0.429970  1.107636
4 25  0.624048  0.962953
4 26  0.628281  0.948682
5 6  0.621079  0.961448
5 7  0.680382  1.234049
5 8  0.653058  1.004436
5 9  0.673947  1.147156
5 10  0.631071  1.004782
5 11  0.642751  1.057614
5 12  0.588930  0.964424
5 13  0.621783  1.152183
5 14  0.630471  1.163139
5 15  0.601915  1.043246
5 16  0.649407  1.083985
5 17  0.637164  1.035156
5 18  0.648604  1.335646
5 19  0.677079  1.179278
5 20  0.654263  1.024803
5 21  0.650269  1.361653
5 22  0.407781  1.115882
5 23  0.684779  1.250898
5 24  0.680004  1.261023
5 25  0.623213  0.970785
5 26  0.627043  0.957110
6 7  0.635454  0.961545
6 8  0.564377  0.684011
6 9  0.622227  0.875329
6 10  0.577047  0.716700
6 11  0.588597  0.760045
6 12  0.557766  0.727621
6 13  0.603953  0.876114
6 14  0.608440  0.906993
6 15  0.568895  0.747207
6 16  0.594852  0.786023
6 17  0.582856  0.736338
6 18  0.615793  1.048942
6 19  0.623011  0.881851
6 20  0.556761  0.685081
6 21  0.600207  1.081652
6 22  0.626733  0.962417
6 23  0.633475  0.962510
6 24  0.625752  0.968178
6 25  0.296377  0.429218
6 26  0.520599  0.614449
7 8  0.667515  0.993429
7 9  0.670090  1.102152
7 10  0.642281  0.992919
7 11  0.654443  1.034509
7 12  0.628787  1.022720
7 13  0.650932  1.092590
7 14  0.668137  1.200941
7 15  0.638789  1.041764
7 16  0.663006  1.080759
7 17  0.650793  1.031710
7 18  0.651558  1.306929
7 19  0.685714  1.175773
7 20  0.670952  1.024778
7 21  0.647460  1.343829
7 22  0.691159  1.246705
7 23  0.453869  1.094852
7 24  0.690574  1.258932
7 25  0.636975  0.968299
7 26  0.641462  0.953992
8 9  0.655663  0.914478
8 10  0.610697  0.760120
8 11  0.622235  0.803753
8 12  0.578430  0.763871
8 13  0.627150  0.897231
8 14  0.634250  0.950759
8 15  0.586345  0.779980
8 16  0.628539  0.831530
8 17  0.616574  0.781857
8 18  0.647850  1.093152
8 19  0.656774  0.927332
8 20  0.398544  0.584627
8 21  0.632924  1.126569
8 22  0.657956  1.006458
8 23  0.666616  1.008095
8 24  0.659323  1.013625
8 25  0.557500  0.676400
8 26  0.556930  0.657528
9 10  0.607066  0.877546
9 11  0.635246  0.952311
9 12  0.616349  0.933385
9 13  0.657870  1.060816
9 14  0.664970  1.115113
9 15  0.625652  0.956822
9 16  0.644460  0.986813
9 17  0.622699  0.938758
9 18  0.667208  1.250736
9 19  0.422493  0.927462
9 20  0.658449  0.937018
9 21  0.640763  1.258987
9 22  0.681566  1.169169
9 23  0.683272  1.168996
9 24  0.643705  1.143781
9 25  0.623926  0.880536
9 26  0.628112  0.866187
10 11  0.554923  0.779322
10 12  0.571535  0.779616
10 13  0.615411  0.921980
10 14  0.620153  0.957570
10 15  0.580492  0.798600
10 16  0.561794  0.802135
10 17  0.291315  0.531820
10 18  0.624582  1.097476
10 19  0.618405  0.926277
10 20  0.613283  0.778458
10 21  0.605718  1.124609
10 22  0.636741  1.012021
10 23  0.643273  1.011625
10 24  0.628853  1.008249
10 25  0.578787  0.721920
10 26  0.582933  0.707563
11 12  0.583107  0.827274
11 13  0.626813  0.961256
11 14  0.631567  1.001377
11 15  0.592168  0.842609
11 16  0.304036  0.625319
11 17  0.561321  0.796329
11 18  0.636662  1.138563
11 19  0.639910  0.969690
11 20  0.624783  0.822561
11 21  0.615887  1.168159
11 22  0.648553  1.055458
11 23  0.655152  1.055346
11 24  0.623211  1.054542
11 25  0.590314  0.766043
11 26  0.594485  0.751711
12 13  0.596125  0.941308
12 14  0.602349  0.966057
12 15  0.264593  0.566292
12 16  0.589442  0.852664
12 17  0.577306  0.803113
12 18  0.605033  1.114038
12 19  0.617502  0.948293
12 20  0.578705  0.779757
12 21  0.593775  1.145436
12 22  0.599322  1.025017
12 23  0.628236  1.026841
12 24  0.620401  1.033836
12 25  0.562221  0.737166
12 26  0.562541  0.721910
13 14  0.380743  0.963977
13 15  0.606470  0.953519
13 16  0.633596  0.999215
13 17  0.621713  0.949865
13 18  0.647457  1.239184
13 19  0.661574  1.094458
13 20  0.633622  0.940163
13 21  0.634763  1.285546
13 22  0.630836  1.134695
13 23  0.662745  1.173813
13 24  0.663786  1.179768
13 25  0.605713  0.884963
13 26  0.611234  0.870954
14 15  0.609322  0.982887
14 16  0.637298  1.009407
14 17  0.625406  0.967303
14 18  0.654036  1.285235
14 19  0.662663  1.091354
14 20  0.633251  0.933774
14 21  0.638607  1.296798
14 22  0.628646  1.173089
14 23  0.652688  1.111151
14 24  0.665963  1.171817
14 25  0.609418  0.904342
14 26  0.614678  0.897204
15 16  0.598440  0.867398
15 17  0.586396  0.813183
15 18  0.616304  1.089271
15 19  0.626210  0.953306
15 20  0.586575  0.792467
15 21  0.603651  1.152840
15 22  0.600988  0.972426
15 23  0.636038  1.035730
15 24  0.629180  1.049087
15 25  0.567867  0.749413
15 26  0.570960  0.731263
16 17  0.564895  0.821883
16 18  0.642366  1.165375
16 19  0.642577  0.981295
16 20  0.631102  0.843801
16 21  0.625427  1.173289
16 22  0.654423  1.078538
16 23  0.658974  1.054845
16 24  0.622702  1.008533
16 25  0.596674  0.789734
16 26  0.600815  0.776499
17 18  0.629258  1.103324
17 19  0.611855  0.897603
17 20  0.619105  0.795361
17 21  0.613478  1.148196
17 22  0.642237  1.018290
17 23  0.646048  1.008993
17 24  0.636251  1.029762
17 25  0.584665  0.741547
17 26  0.588801  0.727160
18 19  0.662683  1.233438
18 20  0.651779  1.109714
18 21  0.630383  1.357891
18 22  0.649998  1.226356
18 23  0.646675  1.323995
18 24  0.669456  1.337273
18 25  0.617322  1.048383
18 26  0.621613  1.034432
19 20  0.659078  0.935784
19 21  0.645827  1.291101
19 22  0.680053  1.146853
19 23  0.668165  1.104303
19 24  0.639182  1.148705
19 25  0.624883  0.886757
19 26  0.629034  0.872737
20 21  0.635950  1.139419
20 22  0.661036  1.016162
20 23  0.668138  1.004936
20 24  0.661829  1.022102
20 25  0.568310  0.702752
20 26  0.570943  0.693567
21 22  0.657569  1.353015
21 23  0.648084  1.350030
21 24  0.638283  1.283335
21 25  0.601914  1.078315
21 26  0.606169  1.067770
22 23  0.684296  1.226838
22 24  0.683858  1.258093
22 25  0.628325  0.965642
22 26  0.632593  0.949807
23 24  0.681980  1.210060
23 25  0.635474  0.964198
23 26  0.639819  0.953134
24 25  0.627619  0.969464
24 26  0.631785  0.957802
25 26  0.526120  0.619334
