   -993.87907487
   -994.20554634     -994.09436594
0.00000496406298
2 2 2 2 2 2 2 2 2 2 2 2 2 0 0 0 0 0 0 0 0 0 0 0 0 0 
1  0.340733  0.742935
2  0.326832  0.768117
3  0.290385  0.346652
4  0.348121  0.624645
5  0.348887  0.647884
6  0.286229  0.357381
7  0.365181  0.635382
8  0.322503  0.397024
9  0.350058  0.547874
10  0.299444  0.394998
11  0.308956  0.436465
12  0.285067  0.426594
13  0.335807  0.567755
14  0.340324  0.595740
15  0.294373  0.440702
16  0.315529  0.462395
17  0.305658  0.414551
18  0.340907  0.712470
19  0.350879  0.553268
20  0.325343  0.413732
21  0.325040  0.737613
22  0.354286  0.639740
23  0.362759  0.634128
24  0.351237  0.635198
25  0.288059  0.363173
26  0.291449  0.342854
1 2  0.646174  1.391829
1 3  0.631024  1.078492
1 4  0.683551  1.353788
1 5  0.662313  1.264797
1 6  0.626654  1.088810
1 7  0.671026  1.360295
1 8  0.662909  1.138245
1 9  0.681123  1.262505
1 10  0.637544  1.123618
1 11  0.648353  1.176857
1 12  0.622840  1.124248
1 13  0.671315  1.305391
1 14  0.673501  1.312039
1 15  0.629357  1.181227
1 16  0.655289  1.199973
1 17  0.644834  1.156012
1 18  0.463431  1.328535
1 19  0.687920  1.289695
1 20  0.664350  1.154008
1 21  0.640028  1.455892
1 22  0.672187  1.368766
1 23  0.671342  1.342608
1 24  0.688072  1.360004
1 25  0.628751  1.105547
1 26  0.632066  1.085472
2 3  0.617177  1.107158
2 4  0.652353  1.296418
2 5  0.673233  1.386683
2 6  0.612876  1.113281
2 7  0.672751  1.379419
2 8  0.648718  1.162054
2 9  0.666030  1.310469
2 10  0.623672  1.159925
2 11  0.633535  1.181656
2 12  0.611707  1.180875
2 13  0.657522  1.313897
2 14  0.662733  1.353325
2 15  0.619776  1.204689
2 16  0.635914  1.222606
2 17  0.627894  1.174516
2 18  0.641765  1.455194
2 19  0.662997  1.289645
2 20  0.650926  1.180490
2 21  0.454907  1.386069
2 22  0.675939  1.388706
2 23  0.668185  1.369816
2 24  0.653073  1.379900
2 25  0.614678  1.130628
2 26  0.618270  1.110666
3 4  0.638499  0.970006
3 5  0.638893  0.984898
3 6  0.528763  0.660237
3 7  0.655483  0.981624
3 8  0.573937  0.716299
3 9  0.640440  0.893828
3 10  0.589829  0.741116
3 11  0.599338  0.782835
3 12  0.569881  0.759902
3 13  0.625176  0.913079
3 14  0.630239  0.940813
3 15  0.579176  0.784485
3 16  0.605845  0.808981
3 17  0.595941  0.761145
3 18  0.631036  1.058832
3 19  0.641132  0.899741
3 20  0.569754  0.719935
3 21  0.615413  1.083977
3 22  0.643915  0.985996
3 23  0.652992  0.980304
3 24  0.641563  0.981708
3 25  0.524053  0.665594
3 26  0.302923  0.438853
4 5  0.694593  1.266518
4 6  0.634311  0.977841
4 7  0.701275  1.212233
4 8  0.670245  1.014518
4 9  0.656114  1.143115
4 10  0.641852  1.013654
4 11  0.627196  0.990960
4 12  0.632794  1.049845
4 13  0.680440  1.159344
4 14  0.687239  1.217808
4 15  0.642414  1.063357
4 16  0.638299  1.078908
4 17  0.646091  1.028529
4 18  0.685251  1.319292
4 19  0.661578  1.148243
4 20  0.673140  1.038044
4 21  0.648723  1.338974
4 22  0.701772  1.257803
4 23  0.707167  1.254692
4 24  0.447547  1.107793
4 25  0.635943  0.987568
4 26  0.639509  0.967378
5 6  0.634594  0.998097
5 7  0.703337  1.254590
5 8  0.669008  1.036360
5 9  0.695404  1.166508
5 10  0.647408  1.029210
5 11  0.657188  1.081030
5 12  0.604730  0.996998
5 13  0.645059  1.188220
5 14  0.655008  1.200655
5 15  0.619229  1.082932
5 16  0.664304  1.108295
5 17  0.654044  1.061761
5 18  0.667615  1.347427
5 19  0.698958  1.199172
5 20  0.670500  1.058103
5 21  0.669159  1.367102
5 22  0.428357  1.143166
5 23  0.707723  1.271766
5 24  0.699553  1.276103
5 25  0.636794  1.009680
5 26  0.639855  0.990230
6 7  0.651125  0.990140
6 8  0.572498  0.726947
6 9  0.636263  0.905061
6 10  0.585671  0.752275
6 11  0.595177  0.792487
6 12  0.567523  0.775516
6 13  0.620067  0.918438
6 14  0.624717  0.951352
6 15  0.578921  0.795920
6 16  0.601574  0.819667
6 17  0.591757  0.771850
6 18  0.627108  1.069468
6 19  0.636861  0.910415
6 20  0.565376  0.728200
6 21  0.611097  1.094471
6 22  0.640178  0.996297
6 23  0.648341  0.990880
6 24  0.637196  0.992330
6 25  0.301141  0.483201
6 26  0.525677  0.659955
7 8  0.685564  1.013991
7 9  0.691677  1.111831
7 10  0.660607  1.009894
7 11  0.671003  1.048635
7 12  0.648596  1.054127
7 13  0.673635  1.112739
7 14  0.693435  1.227387
7 15  0.659077  1.072301
7 16  0.680041  1.096473
7 17  0.669935  1.049050
7 18  0.673625  1.312088
7 19  0.709169  1.186346
7 20  0.689457  1.048804
7 21  0.668620  1.341717
7 22  0.714788  1.264151
7 23  0.477370  1.103860
7 24  0.712208  1.265711
7 25  0.652719  0.998018
7 26  0.656483  0.977792
8 9  0.672171  0.936792
8 10  0.621888  0.789143
8 11  0.631388  0.829720
8 12  0.590398  0.807548
8 13  0.644897  0.930779
8 14  0.653080  0.989529
8 15  0.598819  0.823294
8 16  0.637927  0.859314
8 17  0.628159  0.811512
8 18  0.661738  1.107597
8 19  0.673335  0.950123
8 20  0.409106  0.628054
8 21  0.646310  1.133564
8 22  0.673892  1.034647
8 23  0.684095  1.030889
8 24  0.673402  1.031956
8 25  0.565860  0.719577
8 26  0.564696  0.694936
9 10  0.622769  0.893055
9 11  0.649971  0.967389
9 12  0.634502  0.964084
9 13  0.681706  1.085589
9 14  0.689810  1.142218
9 15  0.644176  0.987859
9 16  0.659945  1.003812
9 17  0.639830  0.956088
9 18  0.686864  1.253726
9 19  0.443593  0.935666
9 20  0.675370  0.961412
9 21  0.660467  1.256141
9 22  0.703494  1.185688
9 23  0.706042  1.179986
9 24  0.663613  1.152959
9 25  0.637955  0.910799
9 26  0.641415  0.890534
10 11  0.564277  0.800547
10 12  0.584366  0.816184
10 13  0.634470  0.953288
10 14  0.639711  0.990224
10 15  0.593560  0.835493
10 16  0.572133  0.826043
10 17  0.302611  0.553356
10 18  0.638805  1.106268
10 19  0.635218  0.942550
10 20  0.624783  0.808666
10 21  0.619830  1.125911
10 22  0.653253  1.034190
10 23  0.661317  1.028300
10 24  0.643706  1.021344
10 25  0.587430  0.758089
10 26  0.590829  0.737798
11 12  0.593937  0.862331
11 13  0.643868  0.988415
11 14  0.648957  1.031432
11 15  0.603308  0.876634
11 16  0.311769  0.642681
11 17  0.571721  0.819495
11 18  0.649021  1.144442
11 19  0.655076  0.984581
11 20  0.634203  0.850083
11 21  0.627820  1.166942
11 22  0.663152  1.074599
11 23  0.671165  1.069541
11 24  0.635969  1.064006
11 25  0.596870  0.799539
11 26  0.600348  0.779266
12 13  0.616245  0.988023
12 14  0.622951  1.012876
12 15  0.277599  0.620104
12 16  0.600558  0.888386
12 17  0.590439  0.840911
12 18  0.620332  1.136940
12 19  0.635664  0.979180
12 20  0.591187  0.824761
12 21  0.608898  1.160648
12 22  0.616178  1.061274
12 23  0.647480  1.057566
12 24  0.636247  1.059883
12 25  0.572036  0.787414
12 26  0.571609  0.766633
13 14  0.405359  1.006856
13 15  0.627137  0.998850
13 16  0.651038  1.029374
13 17  0.641408  0.981810
13 18  0.669589  1.257094
13 19  0.686131  1.119782
13 20  0.652467  0.978767
13 21  0.656307  1.295209
13 22  0.655045  1.166468
13 23  0.687153  1.198808
13 24  0.685895  1.200608
13 25  0.621874  0.929306
13 26  0.626679  0.909146
14 15  0.629923  1.029299
14 16  0.654815  1.037353
14 17  0.645026  0.999016
14 18  0.676132  1.303207
14 19  0.686597  1.115855
14 20  0.651226  0.967854
14 21  0.659857  1.304046
14 22  0.652083  1.205119
14 23  0.674770  1.131292
14 24  0.687719  1.189604
14 25  0.625726  0.946886
14 26  0.630256  0.935482
15 16  0.609795  0.902099
15 17  0.599843  0.848617
15 18  0.631762  1.108218
15 19  0.644521  0.981916
15 20  0.598993  0.835353
15 21  0.619153  1.166523
15 22  0.616807  1.000275
15 23  0.655393  1.065480
15 24  0.645141  1.074348
15 25  0.577960  0.797520
15 26  0.580378  0.772564
16 17  0.574868  0.843467
16 18  0.654929  1.172203
16 19  0.657454  0.995917
16 20  0.640779  0.870598
16 21  0.637782  1.173275
16 22  0.669064  1.098034
16 23  0.674958  1.068934
16 24  0.635167  1.017961
16 25  0.603574  0.823116
16 26  0.606969  0.804560
17 18  0.643594  1.110603
17 19  0.627676  0.911841
17 20  0.630924  0.824561
17 21  0.627849  1.148958
17 22  0.658867  1.038282
17 23  0.663971  1.025052
17 24  0.651025  1.042185
17 25  0.593714  0.777638
17 26  0.597106  0.757193
18 19  0.681726  1.235447
18 20  0.665949  1.124766
18 21  0.646121  1.347568
18 22  0.668002  1.234747
18 23  0.667445  1.327058
18 24  0.686275  1.335462
18 25  0.628652  1.067108
18 26  0.632251  1.047318
19 20  0.675746  0.957194
19 21  0.665279  1.285638
19 22  0.701275  1.161059
19 23  0.689204  1.112809
19 24  0.658052  1.154365
19 25  0.638902  0.915877
19 26  0.642321  0.895906
20 21  0.649654  1.146109
20 22  0.677202  1.043882
20 23  0.685701  1.025016
20 24  0.676121  1.038823
20 25  0.576766  0.746036
20 26  0.579211  0.732502
21 22  0.676328  1.354176
21 23  0.668213  1.344903
21 24  0.654582  1.275752
21 25  0.612880  1.088257
21 26  0.616428  1.073187
22 23  0.706536  1.242514
22 24  0.702924  1.268468
22 25  0.641857  0.999037
22 26  0.645455  0.976855
23 24  0.702013  1.215942
23 25  0.650452  0.992299
23 26  0.654070  0.976099
24 25  0.639233  0.992334
24 26  0.642664  0.975970
25 26  0.531149  0.662430
