   -993.89028990
   -994.20471677     -994.07702624
0.00002132540045
2 2 2 2 2 2 2 2 2 2 2 2 2 0 0 0 0 0 0 0 0 0 0 0 0 0 
1  0.269671  0.541264
2  0.278917  0.445707
3  0.287889  0.492602
4  0.273941  0.520147
5  0.265120  0.402500
6  0.276638  0.352270
7  0.279131  0.345375
8  0.317129  0.678695
9  0.306389  0.670447
10  0.305237  0.616316
11  0.311628  0.699454
12  0.310586  0.626841
13  0.300658  0.414720
14  0.276428  0.538226
15  0.282745  0.469417
16  0.290314  0.488503
17  0.278434  0.518017
18  0.271877  0.427876
19  0.278879  0.354435
20  0.281085  0.340731
21  0.311489  0.681556
22  0.304912  0.616540
23  0.320307  0.696780
24  0.310968  0.588475
25  0.309664  0.695747
26  0.301611  0.412863
1 2  0.547695  0.974656
1 3  0.556135  1.002324
1 4  0.539206  1.019595
1 5  0.534610  0.941361
1 6  0.546240  0.890220
1 7  0.548702  0.886274
1 8  0.565955  1.172083
1 9  0.572522  1.206825
1 10  0.573331  1.143462
1 11  0.577091  1.208727
1 12  0.561477  1.077181
1 13  0.570150  0.943759
1 14  0.259696  0.895452
1 15  0.552261  1.008686
1 16  0.558566  1.028094
1 17  0.543152  1.057056
1 18  0.541431  0.966345
1 19  0.548209  0.895433
1 20  0.550674  0.881744
1 21  0.574533  1.212435
1 22  0.573775  1.149650
1 23  0.565816  1.209750
1 24  0.565727  1.126695
1 25  0.575246  1.211313
1 26  0.570587  0.953606
2 3  0.523491  0.909965
2 4  0.552839  0.964312
2 5  0.544012  0.844031
2 6  0.555553  0.797755
2 7  0.558047  0.790257
2 8  0.595140  1.098757
2 9  0.577936  1.079727
2 10  0.584063  1.058018
2 11  0.574973  1.135121
2 12  0.580034  1.040517
2 13  0.579569  0.858867
2 14  0.555187  0.982360
2 15  0.273534  0.701845
2 16  0.521258  0.890348
2 17  0.557201  0.962839
2 18  0.550617  0.873109
2 19  0.557777  0.800014
2 20  0.559968  0.786351
2 21  0.565145  1.088187
2 22  0.583427  1.060946
2 23  0.598783  1.140394
2 24  0.587987  1.031571
2 25  0.585239  1.139365
2 26  0.580522  0.858311
3 4  0.561799  0.999267
3 5  0.552997  0.893891
3 6  0.564526  0.843838
3 7  0.567020  0.837824
3 8  0.604524  1.156743
3 9  0.589692  1.156383
3 10  0.593114  1.104490
3 11  0.576228  1.140290
3 12  0.590615  1.068270
3 13  0.588544  0.903541
3 14  0.562794  1.029212
3 15  0.521374  0.914906
3 16  0.280851  0.763086
3 17  0.566038  1.009256
3 18  0.559742  0.919911
3 19  0.566748  0.846847
3 20  0.568961  0.833226
3 21  0.568082  1.142069
3 22  0.592643  1.107333
3 23  0.608018  1.186971
3 24  0.596020  1.079297
3 25  0.595294  1.175457
3 26  0.589494  0.905066
4 5  0.536322  0.918179
4 6  0.550100  0.866634
4 7  0.552920  0.865211
4 8  0.562460  1.174986
4 9  0.579111  1.180895
4 10  0.551658  1.096697
4 11  0.585242  1.188667
4 12  0.584314  1.120358
4 13  0.571822  0.914397
4 14  0.545596  1.056153
4 15  0.556477  0.988516
4 16  0.563866  1.007368
4 17  0.280668  0.863116
4 18  0.544900  0.940687
4 19  0.551366  0.873773
4 20  0.554456  0.859908
4 21  0.585253  1.197818
4 22  0.545646  1.095594
4 23  0.559598  1.172424
4 24  0.584438  1.106001
4 25  0.583367  1.211612
4 26  0.574044  0.932578
5 6  0.537586  0.746836
5 7  0.538245  0.732735
5 8  0.577928  1.047902
5 9  0.571239  1.058018
5 10  0.548651  0.984054
5 11  0.576726  1.098103
5 12  0.575671  1.026813
5 13  0.546751  0.801906
5 14  0.541353  0.938875
5 15  0.547706  0.871403
5 16  0.555409  0.890540
5 17  0.542725  0.913676
5 18  0.256266  0.602857
5 19  0.542991  0.753749
5 20  0.542590  0.741594
5 21  0.576309  1.082693
5 22  0.541469  0.996388
5 23  0.582913  1.097687
5 24  0.576077  0.990223
5 25  0.573629  1.096738
5 26  0.540529  0.789283
6 7  0.509167  0.658438
6 8  0.593652  1.029758
6 9  0.582998  1.018551
6 10  0.578207  0.946838
6 11  0.588261  1.046453
6 12  0.587217  0.977006
6 13  0.546338  0.741168
6 14  0.552710  0.890188
6 15  0.559330  0.821552
6 16  0.566912  0.840612
6 17  0.553643  0.869289
6 18  0.547313  0.777655
6 19  0.279849  0.468918
6 20  0.506284  0.649605
6 21  0.588127  1.033277
6 22  0.580386  0.968490
6 23  0.596160  1.047260
6 24  0.587531  0.940433
6 25  0.586255  1.047535
6 26  0.538126  0.723832
7 8  0.596018  1.016988
7 9  0.585489  1.010645
7 10  0.582224  0.949038
7 11  0.590754  1.042090
7 12  0.589709  0.971859
7 13  0.548665  0.738582
7 14  0.555496  0.883328
7 15  0.561807  0.814679
7 16  0.569410  0.833768
7 17  0.557189  0.862253
7 18  0.546765  0.771436
7 19  0.505718  0.652764
7 20  0.279860  0.439936
7 21  0.590598  1.026523
7 22  0.583421  0.961612
7 23  0.598508  1.041135
7 24  0.590078  0.933638
7 25  0.588593  1.040666
7 26  0.540902  0.718440
8 9  0.611999  1.274977
8 10  0.602998  1.265310
8 11  0.627606  1.369466
8 12  0.624792  1.269118
8 13  0.616411  1.079910
8 14  0.568478  1.187474
8 15  0.599425  1.145823
8 16  0.607314  1.165098
8 17  0.560580  1.147607
8 18  0.586083  1.104602
8 19  0.595498  1.031412
8 20  0.597355  1.018464
8 21  0.624428  1.346385
8 22  0.595050  1.242777
8 23  0.395401  1.284420
8 24  0.625611  1.260373
8 25  0.615507  1.365161
8 26  0.618502  1.091019
9 10  0.609778  1.243047
9 11  0.591090  1.303295
9 12  0.579728  1.279122
9 13  0.607031  1.084001
9 14  0.577670  1.180108
9 15  0.585752  1.137761
9 16  0.594188  1.146064
9 17  0.584583  1.185075
9 18  0.577115  1.096715
9 19  0.585263  1.024437
9 20  0.587348  1.010823
9 21  0.585123  1.314205
9 22  0.610026  1.282252
9 23  0.614461  1.357061
9 24  0.574748  1.201132
9 25  0.380984  1.258878
9 26  0.607719  1.082654
10 11  0.616508  1.278338
10 12  0.615668  1.234055
10 13  0.595877  1.021053
10 14  0.580776  1.146971
10 15  0.587490  1.084262
10 16  0.595311  1.103097
10 17  0.549991  1.094319
10 18  0.548717  1.021534
10 19  0.582556  0.970212
10 20  0.585751  0.956826
10 21  0.616573  1.292311
10 22  0.377833  1.120333
10 23  0.598016  1.257270
10 24  0.615950  1.201749
10 25  0.613615  1.307023
10 26  0.588911  1.009104
11 12  0.595846  1.284512
11 13  0.612285  1.110399
11 14  0.581653  1.228305
11 15  0.570763  1.128083
11 16  0.569467  1.153245
11 17  0.589855  1.213241
11 18  0.583246  1.125655
11 19  0.590501  1.053313
11 20  0.592703  1.039837
11 21  0.411830  1.296353
11 22  0.616407  1.310570
11 23  0.627557  1.381020
11 24  0.591690  1.244495
11 25  0.586173  1.347685
11 26  0.613097  1.111291
12 13  0.611232  1.033444
12 14  0.572742  1.161649
12 15  0.591081  1.092566
12 16  0.598152  1.113181
12 17  0.588532  1.141786
12 18  0.582454  1.053442
12 19  0.589401  0.980875
12 20  0.591656  0.967342
12 21  0.589109  1.256288
12 22  0.615225  1.239268
12 23  0.628151  1.315186
12 24  0.375691  1.074364
12 25  0.578649  1.267513
12 26  0.612115  1.038910
13 14  0.576244  0.952446
13 15  0.583404  0.883845
13 16  0.590956  0.902834
13 17  0.577062  0.932205
13 18  0.546609  0.815114
13 19  0.539770  0.730222
13 20  0.540159  0.713430
13 21  0.612031  1.095258
13 22  0.587795  1.012187
13 23  0.620715  1.110890
13 24  0.611526  1.002490
13 25  0.610130  1.109699
13 26  0.370691  0.654313
14 15  0.558071  0.996432
14 16  0.565060  0.996744
14 17  0.550062  1.017654
14 18  0.548089  0.963832
14 19  0.555269  0.889159
14 20  0.557433  0.878709
14 21  0.583570  1.193923
14 22  0.579081  1.143348
14 23  0.574059  1.186511
14 24  0.566323  1.043797
14 25  0.582493  1.227908
14 26  0.577866  0.940164
15 16  0.528557  0.929971
15 17  0.561153  0.986271
15 18  0.554584  0.890783
15 19  0.561623  0.823614
15 20  0.563829  0.809053
15 21  0.577037  1.133091
15 22  0.587562  1.078615
15 23  0.601983  1.134006
15 24  0.583561  1.028831
15 25  0.584421  1.115112
15 26  0.584347  0.880351
16 17  0.568720  0.995979
16 18  0.562172  0.915088
16 19  0.569191  0.842026
16 20  0.571398  0.829128
16 21  0.579040  1.129041
16 22  0.595210  1.102112
16 23  0.609981  1.169945
16 24  0.593081  1.029263
16 25  0.593949  1.175406
16 26  0.591919  0.898201
17 18  0.546399  0.941514
17 19  0.556624  0.864858
17 20  0.559254  0.858145
17 21  0.589562  1.173819
17 22  0.555247  1.093478
17 23  0.569602  1.193885
17 24  0.589208  1.087185
17 25  0.586350  1.203647
17 26  0.576801  0.911576
18 19  0.545506  0.774507
18 20  0.546506  0.752866
18 21  0.583322  1.102155
18 22  0.553720  0.999369
18 23  0.587369  1.084669
18 24  0.582803  1.014177
18 25  0.581142  1.101188
18 26  0.552543  0.824043
19 20  0.512854  0.656792
19 21  0.590366  1.031713
19 22  0.579816  0.950403
19 23  0.599024  1.050539
19 24  0.589844  0.941019
19 25  0.588527  1.047172
19 26  0.549180  0.739312
20 21  0.592572  1.019656
20 22  0.583044  0.943860
20 23  0.601200  1.031239
20 24  0.592048  0.928961
20 25  0.590731  1.031363
20 26  0.551999  0.731908
21 22  0.615984  1.260110
21 23  0.630346  1.365811
21 24  0.597170  1.237416
21 25  0.595814  1.304993
21 26  0.613097  1.092619
22 23  0.606741  1.276780
22 24  0.615683  1.198793
22 25  0.612395  1.261043
22 26  0.597294  1.022015
23 24  0.628632  1.253300
23 25  0.617520  1.299001
23 26  0.619944  1.093435
24 25  0.580929  1.262022
24 26  0.612569  0.995305
25 26  0.611236  1.106489
