   -993.89028990
   -994.20493802     -994.07764395
0.00000688593083
2 2 2 2 2 2 2 2 2 2 2 2 2 0 0 0 0 0 0 0 0 0 0 0 0 0 
1  0.270499  0.542528
2  0.279381  0.446641
3  0.288237  0.493439
4  0.274557  0.521412
5  0.265519  0.404801
6  0.276813  0.354589
7  0.279387  0.347054
8  0.317937  0.679924
9  0.307301  0.670076
10  0.305945  0.618692
11  0.312300  0.698267
12  0.311480  0.626525
13  0.301074  0.416665
14  0.277288  0.539625
15  0.283179  0.470356
16  0.290690  0.489290
17  0.279081  0.519527
18  0.272294  0.430326
19  0.279069  0.356710
20  0.281340  0.342398
21  0.312149  0.680445
22  0.305589  0.618887
23  0.321090  0.697636
24  0.311861  0.588141
25  0.310597  0.695363
26  0.302017  0.414663
1 2  0.548972  0.976716
1 3  0.557298  1.004298
1 4  0.540605  1.022013
1 5  0.535836  0.944908
1 6  0.547240  0.893633
1 7  0.549779  0.889188
1 8  0.567515  1.174371
1 9  0.574241  1.207760
1 10  0.574835  1.146965
1 11  0.578560  1.208927
1 12  0.563018  1.077924
1 13  0.571391  0.946670
1 14  0.261190  0.897759
1 15  0.553524  1.010874
1 16  0.559733  1.030178
1 17  0.544612  1.059848
1 18  0.542676  0.970024
1 19  0.549213  0.898962
1 20  0.551747  0.884658
1 21  0.576012  1.212618
1 22  0.575272  1.153296
1 23  0.567402  1.212172
1 24  0.567353  1.127583
1 25  0.576995  1.212520
1 26  0.571781  0.956675
2 3  0.524206  0.911710
2 4  0.553916  0.966498
2 5  0.544867  0.847002
2 6  0.556192  0.800987
2 7  0.558766  0.792787
2 8  0.596394  1.100469
2 9  0.579284  1.080197
2 10  0.585233  1.061223
2 11  0.576112  1.134870
2 12  0.581346  1.041042
2 13  0.580447  0.861648
2 14  0.556509  0.984677
2 15  0.274285  0.703714
2 16  0.522059  0.892494
2 17  0.558300  0.965288
2 18  0.551477  0.876489
2 19  0.558426  0.803220
2 20  0.560676  0.788952
2 21  0.566263  1.088330
2 22  0.584538  1.064234
2 23  0.600010  1.142209
2 24  0.589332  1.032196
2 25  0.586621  1.139942
2 26  0.581389  0.861038
3 4  0.562760  1.001119
3 5  0.553740  0.896976
3 6  0.565049  0.846926
3 7  0.567623  0.840340
3 8  0.605669  1.158587
3 9  0.590924  1.156799
3 10  0.594170  1.107656
3 11  0.577268  1.140053
3 12  0.591844  1.068898
3 13  0.589306  0.906118
3 14  0.563961  1.031477
3 15  0.522130  0.917143
3 16  0.281522  0.764709
3 17  0.567000  1.011646
3 18  0.560506  0.923181
3 19  0.567279  0.849954
3 20  0.569559  0.835729
3 21  0.569092  1.142007
3 22  0.593661  1.110489
3 23  0.609144  1.188664
3 24  0.597248  1.079838
3 25  0.596579  1.176024
3 26  0.590248  0.907692
4 5  0.537308  0.921691
4 6  0.550887  0.870042
4 7  0.553786  0.868139
4 8  0.563872  1.177433
4 9  0.580598  1.181755
4 10  0.552929  1.100105
4 11  0.586515  1.188615
4 12  0.585822  1.121237
4 13  0.572825  0.917289
4 14  0.547070  1.058843
4 15  0.557513  0.990719
4 16  0.564823  1.009462
4 17  0.281815  0.865688
4 18  0.545921  0.944456
4 19  0.552147  0.877307
4 20  0.555329  0.862811
4 21  0.586514  1.198049
4 22  0.546913  1.099651
4 23  0.561008  1.174950
4 24  0.585953  1.106955
4 25  0.584900  1.212494
4 26  0.575061  0.935647
5 6  0.538157  0.751286
5 7  0.538898  0.736479
5 8  0.579101  1.051035
5 9  0.572549  1.059608
5 10  0.549751  0.988377
5 11  0.577795  1.099118
5 12  0.576961  1.028746
5 13  0.547527  0.806185
5 14  0.542611  0.942543
5 15  0.548514  0.874638
5 16  0.556187  0.893620
5 17  0.543760  0.917524
5 18  0.256976  0.607826
5 19  0.543578  0.758315
5 20  0.543230  0.745584
5 21  0.577349  1.083892
5 22  0.542532  1.001208
5 23  0.584093  1.100843
5 24  0.577369  0.992181
5 25  0.574925  1.098663
5 26  0.541305  0.793494
6 7  0.509574  0.662541
6 8  0.594636  1.033269
6 9  0.584082  1.020298
6 10  0.579097  0.950981
6 11  0.589107  1.047261
6 12  0.588283  0.978896
6 13  0.546954  0.745426
6 14  0.553722  0.893887
6 15  0.559924  0.824808
6 16  0.567450  0.843715
6 17  0.554443  0.873115
6 18  0.547906  0.782418
6 19  0.280186  0.474063
6 20  0.506702  0.653905
6 21  0.588962  1.034462
6 22  0.581239  0.973164
6 23  0.597111  1.050356
6 24  0.588596  0.942411
6 25  0.587360  1.049457
6 26  0.538733  0.728104
7 8  0.597085  1.019746
7 9  0.586658  1.011730
7 10  0.583179  0.952792
7 11  0.591680  1.042452
7 12  0.590856  0.973209
7 13  0.549363  0.742375
7 14  0.556609  0.886392
7 15  0.562479  0.817297
7 16  0.570035  0.836234
7 17  0.558095  0.865415
7 18  0.547429  0.775588
7 19  0.506144  0.657039
7 20  0.280355  0.443827
7 21  0.591511  1.027083
7 22  0.584345  0.965638
7 23  0.599519  1.043651
7 24  0.591221  0.934982
7 25  0.589767  1.041953
7 26  0.541568  0.722096
8 9  0.613593  1.275610
8 10  0.604425  1.268804
8 11  0.629073  1.369634
8 12  0.626479  1.269928
8 13  0.617597  1.082822
8 14  0.570138  1.190399
8 15  0.600651  1.148020
8 16  0.608497  1.167121
8 17  0.562016  1.150710
8 18  0.587306  1.108276
8 19  0.596490  1.034845
8 20  0.598378  1.021342
8 21  0.625861  1.346439
8 22  0.596464  1.246457
8 23  0.397049  1.286623
8 24  0.627300  1.261391
8 25  0.617177  1.365981
8 26  0.619709  1.094047
9 10  0.611359  1.244771
9 11  0.592585  1.302031
9 12  0.581440  1.278515
9 13  0.608358  1.085557
9 14  0.579432  1.181514
9 15  0.587092  1.138363
9 16  0.595469  1.146589
9 17  0.586125  1.186218
9 18  0.578394  1.098808
9 19  0.586364  1.026333
9 20  0.588511  1.012111
9 21  0.586605  1.313068
9 22  0.611616  1.284293
9 23  0.616099  1.357531
9 24  0.576435  1.201037
9 25  0.382680  1.257866
9 26  0.609039  1.084086
10 11  0.617876  1.279122
10 12  0.617259  1.236043
10 13  0.596960  1.025211
10 14  0.582333  1.150780
10 15  0.588596  1.087584
10 16  0.596382  1.106240
10 17  0.551306  1.098687
10 18  0.549820  1.026512
10 19  0.583454  0.974872
10 20  0.586707  0.960869
10 21  0.617936  1.293612
10 22  0.379172  1.125459
10 23  0.599430  1.260561
10 24  0.617543  1.203780
10 25  0.615257  1.309059
10 26  0.589983  1.013242
11 12  0.597351  1.283336
11 13  0.613372  1.111081
11 14  0.583172  1.228546
11 15  0.571856  1.128186
11 16  0.570514  1.153067
11 17  0.591165  1.213642
11 18  0.584319  1.126930
11 19  0.591361  1.054380
11 20  0.593627  1.040310
11 21  0.413068  1.293948
11 22  0.617751  1.311766
11 23  0.628979  1.380669
11 24  0.593216  1.243413
11 25  0.587681  1.346598
11 26  0.614172  1.111908
12 13  0.612541  1.034801
12 14  0.574375  1.162669
12 15  0.592394  1.093223
12 16  0.599417  1.113690
12 17  0.590077  1.142989
12 18  0.583764  1.055543
12 19  0.590474  0.982828
12 20  0.592802  0.968687
12 21  0.590611  1.255372
12 22  0.616778  1.241277
12 23  0.629809  1.315925
12 24  0.377250  1.073309
12 25  0.580369  1.267435
12 26  0.613408  1.040389
13 14  0.577481  0.955792
13 15  0.584252  0.886725
13 16  0.591748  0.905559
13 17  0.578119  0.935669
13 18  0.547408  0.819639
13 19  0.540403  0.734574
13 20  0.540830  0.717200
13 21  0.613106  1.096088
13 22  0.588854  1.016427
13 23  0.621905  1.113688
13 24  0.612823  1.004099
13 25  0.611480  1.111261
13 26  0.371473  0.658728
14 15  0.559349  0.998615
14 16  0.566272  0.998751
14 17  0.551526  1.020426
14 18  0.549364  0.967673
14 19  0.556319  0.892646
14 20  0.558544  0.881770
14 21  0.585061  1.194310
14 22  0.580577  1.146950
14 23  0.575648  1.188574
14 24  0.567837  1.044514
14 25  0.584260  1.228973
14 26  0.579130  0.943083
15 16  0.529279  0.931658
15 17  0.562229  0.988724
15 18  0.555427  0.893803
15 19  0.562246  0.826812
15 20  0.564517  0.811551
15 21  0.578138  1.132937
15 22  0.588671  1.081761
15 23  0.603169  1.135319
15 24  0.584849  1.029373
15 25  0.585775  1.115627
15 26  0.585184  0.882961
16 17  0.569742  0.998037
16 18  0.562961  0.918269
16 19  0.569757  0.845013
16 20  0.572029  0.831579
16 21  0.580097  1.128836
16 22  0.596263  1.105207
16 23  0.611132  1.171337
16 24  0.594344  1.029852
16 25  0.595214  1.175741
16 26  0.592700  0.900585
17 18  0.547433  0.945423
17 19  0.557455  0.868411
17 20  0.560150  0.861296
17 21  0.590853  1.174039
17 22  0.556532  1.097080
17 23  0.571016  1.196204
17 24  0.590748  1.088321
17 25  0.587863  1.204647
17 26  0.577830  0.914633
18 19  0.546113  0.779087
18 20  0.547183  0.756714
18 21  0.584398  1.103317
18 22  0.554795  1.003699
18 23  0.588533  1.087627
18 24  0.584110  1.016259
18 25  0.582486  1.102851
18 26  0.553335  0.828328
19 20  0.513282  0.660870
19 21  0.591215  1.032582
19 22  0.580676  0.954493
19 23  0.599995  1.053642
19 24  0.590927  0.942841
19 25  0.589647  1.048912
19 26  0.549794  0.743367
20 21  0.593486  1.020078
20 22  0.583955  0.947531
20 23  0.602238  1.033597
20 24  0.593196  0.930287
20 25  0.591919  1.032412
20 26  0.552687  0.735527
21 22  0.617310  1.260946
21 23  0.631772  1.365720
21 24  0.598675  1.236277
21 25  0.597334  1.303796
21 26  0.614163  1.093271
22 23  0.608130  1.279954
22 24  0.617239  1.200747
22 25  0.613966  1.262739
22 26  0.598338  1.026047
23 24  0.630299  1.253741
23 25  0.619109  1.299434
23 26  0.621098  1.095815
24 25  0.582652  1.261405
24 26  0.613868  0.996564
25 26  0.612574  1.107867
