   -993.89028990
   -994.20498913     -994.07779060
0.00000338844274
2 2 2 2 2 2 2 2 2 2 2 2 2 0 0 0 0 0 0 0 0 0 0 0 0 0 
1  0.270712  0.542827
2  0.279480  0.446937
3  0.288338  0.493676
4  0.274722  0.521851
5  0.265619  0.405481
6  0.276862  0.355316
7  0.279450  0.347565
8  0.318150  0.680245
9  0.307535  0.669920
10  0.306128  0.619417
11  0.312465  0.697866
12  0.311710  0.626383
13  0.301193  0.417246
14  0.277502  0.539938
15  0.283281  0.470630
16  0.290799  0.489526
17  0.279255  0.520024
18  0.272400  0.431059
19  0.279119  0.357441
20  0.281410  0.342919
21  0.312313  0.680060
22  0.305766  0.619603
23  0.321297  0.697859
24  0.312092  0.587987
25  0.310829  0.695220
26  0.302132  0.415194
1 2  0.549279  0.977286
1 3  0.557614  1.004804
1 4  0.540973  1.022717
1 5  0.536148  0.945883
1 6  0.547502  0.894608
1 7  0.550051  0.889989
1 8  0.567922  1.174936
1 9  0.574682  1.207919
1 10  0.575223  1.147952
1 11  0.578930  1.208861
1 12  0.563412  1.078048
1 13  0.571722  0.947464
1 14  0.261570  0.898268
1 15  0.553841  1.011449
1 16  0.560044  1.030725
1 17  0.544996  1.060649
1 18  0.542994  0.971052
1 19  0.549470  0.899990
1 20  0.552025  0.885472
1 21  0.576383  1.212549
1 22  0.575659  1.154322
1 23  0.567814  1.212778
1 24  0.567770  1.127713
1 25  0.577436  1.212775
1 26  0.572102  0.957508
2 3  0.524375  0.912234
2 4  0.554179  0.967231
2 5  0.545063  0.847874
2 6  0.556340  0.802003
2 7  0.558928  0.793560
2 8  0.596704  1.100961
2 9  0.579619  1.080306
2 10  0.585515  1.062214
2 11  0.576380  1.134767
2 12  0.581670  1.041176
2 13  0.580664  0.862484
2 14  0.556822  0.985287
2 15  0.274450  0.704290
2 16  0.522254  0.893142
2 17  0.558570  0.966079
2 18  0.551672  0.877516
2 19  0.558573  0.804246
2 20  0.560840  0.789769
2 21  0.566526  1.088337
2 22  0.584805  1.065244
2 23  0.600310  1.142737
2 24  0.589659  1.032350
2 25  0.586950  1.140105
2 26  0.581602  0.861861
3 4  0.563026  1.001715
3 5  0.553941  0.897871
3 6  0.565199  0.847866
3 7  0.567788  0.841088
3 8  0.605978  1.159072
3 9  0.591254  1.156872
3 10  0.594454  1.108600
3 11  0.577541  1.139928
3 12  0.592174  1.069025
3 13  0.589526  0.906864
3 14  0.564266  1.032037
3 15  0.522322  0.917783
3 16  0.281704  0.765208
3 17  0.567262  1.012395
3 18  0.560713  0.924146
3 19  0.567428  0.850922
3 20  0.569730  0.836485
3 21  0.569359  1.141919
3 22  0.593936  1.111430
3 23  0.609451  1.189129
3 24  0.597578  1.079933
3 25  0.596914  1.176154
3 26  0.590464  0.908457
4 5  0.537567  0.922796
4 6  0.551102  0.871151
4 7  0.554015  0.869085
4 8  0.564247  1.178177
4 9  0.580984  1.182028
4 10  0.553265  1.101190
4 11  0.586842  1.188608
4 12  0.586217  1.121518
4 13  0.573101  0.918212
4 14  0.547449  1.059603
4 15  0.557777  0.991430
4 16  0.565084  1.010147
4 17  0.282128  0.866602
4 18  0.546191  0.945642
4 19  0.552356  0.878477
4 20  0.555565  0.863765
4 21  0.586839  1.198129
4 22  0.547248  1.100921
4 23  0.561382  1.175701
4 24  0.586351  1.107245
4 25  0.585293  1.212788
4 26  0.575339  0.936619
5 6  0.538307  0.752649
5 7  0.539064  0.737599
5 8  0.579406  1.051921
5 9  0.572884  1.060039
5 10  0.550039  0.989681
5 11  0.578061  1.099373
5 12  0.577291  1.029268
5 13  0.547737  0.807455
5 14  0.542925  0.943529
5 15  0.548710  0.875591
5 16  0.556396  0.894534
5 17  0.544034  0.918713
5 18  0.257154  0.609328
5 19  0.543728  0.759727
5 20  0.543396  0.746794
5 21  0.577606  1.084193
5 22  0.542810  1.002646
5 23  0.584400  1.101746
5 24  0.577700  0.992706
5 25  0.575249  1.099205
5 26  0.541512  0.794742
6 7  0.509679  0.663811
6 8  0.594898  1.034309
6 9  0.584365  1.020807
6 10  0.579328  0.952267
6 11  0.589321  1.047477
6 12  0.588563  0.979441
6 13  0.547128  0.746733
6 14  0.553981  0.894921
6 15  0.560072  0.825809
6 16  0.567605  0.844677
6 17  0.554661  0.874340
6 18  0.548061  0.783878
6 19  0.280275  0.475687
6 20  0.506815  0.655248
6 21  0.589175  1.034798
6 22  0.581465  0.974608
6 23  0.597365  1.051290
6 24  0.588874  0.942982
6 25  0.587640  1.050039
6 26  0.538905  0.729409
7 8  0.597363  1.020533
7 9  0.586956  1.012019
7 10  0.583424  0.953942
7 11  0.591908  1.042525
7 12  0.591149  0.973574
7 13  0.549552  0.743516
7 14  0.556887  0.887212
7 15  0.562639  0.818081
7 16  0.570206  0.836979
7 17  0.558335  0.866417
7 18  0.547596  0.776839
7 19  0.506254  0.658373
7 20  0.280487  0.445023
7 21  0.591738  1.027207
7 22  0.584583  0.966864
7 23  0.599781  1.044381
7 24  0.591515  0.935338
7 25  0.590061  1.042318
7 26  0.541750  0.723189
8 9  0.614006  1.275734
8 10  0.604795  1.269813
8 11  0.629447  1.369590
8 12  0.626919  1.270077
8 13  0.617920  1.083645
8 14  0.570560  1.191115
8 15  0.600961  1.148625
8 16  0.608818  1.167683
8 17  0.562399  1.151602
8 18  0.587624  1.109327
8 19  0.596750  1.035882
8 20  0.598652  1.022179
8 21  0.626225  1.346369
8 22  0.596834  1.247511
8 23  0.397488  1.287212
8 24  0.627737  1.261595
8 25  0.617603  1.366152
8 26  0.620034  1.094898
9 10  0.611769  1.245253
9 11  0.592966  1.301591
9 12  0.581877  1.278241
9 13  0.608711  1.085979
9 14  0.579878  1.181787
9 15  0.587430  1.138491
9 16  0.595812  1.146712
9 17  0.586530  1.186558
9 18  0.578727  1.099391
9 19  0.586648  1.026905
9 20  0.588813  1.012474
9 21  0.586985  1.312606
9 22  0.612028  1.284869
9 23  0.616521  1.357595
9 24  0.576867  1.200894
9 25  0.383102  1.257505
9 26  0.609387  1.084463
10 11  0.618221  1.279346
10 12  0.617669  1.236609
10 13  0.597247  1.026472
10 14  0.582727  1.151825
10 15  0.588869  1.088582
10 16  0.596671  1.107191
10 17  0.551658  1.100029
10 18  0.550109  1.028011
10 19  0.583688  0.976330
10 20  0.586958  0.962114
10 21  0.618282  1.293965
10 22  0.379523  1.127042
10 23  0.599798  1.261526
10 24  0.617954  1.204352
10 25  0.615674  1.309652
10 26  0.590269  1.014496
11 12  0.597736  1.282891
11 13  0.613656  1.111244
11 14  0.583543  1.228472
11 15  0.572123  1.128163
11 16  0.570788  1.152967
11 17  0.591500  1.213761
11 18  0.584585  1.127265
11 19  0.591575  1.054703
11 20  0.593862  1.040426
11 21  0.413381  1.293129
11 22  0.618090  1.312092
11 23  0.629340  1.380492
11 24  0.593601  1.242984
11 25  0.588063  1.346175
11 26  0.614452  1.112040
12 13  0.612890  1.035161
12 14  0.574785  1.162822
12 15  0.592725  1.093370
12 16  0.599755  1.113796
12 17  0.590485  1.143345
12 18  0.584101  1.056127
12 19  0.590751  0.983416
12 20  0.593102  0.969065
12 21  0.590994  1.254998
12 22  0.617179  1.241847
12 23  0.630239  1.316056
12 24  0.377645  1.072907
12 25  0.580803  1.267327
12 26  0.613751  1.040782
13 14  0.577807  0.956687
13 15  0.584473  0.887578
13 16  0.591975  0.906371
13 17  0.578408  0.936749
13 18  0.547624  0.820995
13 19  0.540579  0.735927
13 20  0.541020  0.718348
13 21  0.613388  1.096283
13 22  0.589138  1.017718
13 23  0.622228  1.114490
13 24  0.613169  1.004530
13 25  0.611830  1.111699
13 26  0.371693  0.660051
14 15  0.559663  0.999170
14 16  0.566594  0.999258
14 17  0.551905  1.021197
14 18  0.549685  0.968716
14 19  0.556584  0.893632
14 20  0.558826  0.882601
14 21  0.585435  1.194267
14 22  0.580959  1.147943
14 23  0.576057  1.189065
14 24  0.568223  1.044609
14 25  0.584700  1.229160
14 26  0.579458  0.943852
15 16  0.529459  0.932154
15 17  0.562505  0.989498
15 18  0.555632  0.894679
15 19  0.562398  0.827811
15 20  0.564689  0.812309
15 21  0.578410  1.132835
15 22  0.588950  1.082713
15 23  0.603473  1.135696
15 24  0.585179  1.029484
15 25  0.586113  1.115749
15 26  0.585400  0.883721
16 17  0.570026  0.998696
16 18  0.563174  0.919213
16 19  0.569916  0.845951
16 20  0.572207  0.832335
16 21  0.580376  1.128721
16 22  0.596549  1.106144
16 23  0.611446  1.171715
16 24  0.594680  1.029973
16 25  0.595545  1.175820
16 26  0.592924  0.901283
17 18  0.547706  0.946642
17 19  0.557678  0.869567
17 20  0.560393  0.862306
17 21  0.591189  1.174096
17 22  0.556876  1.098208
17 23  0.571393  1.196909
17 24  0.591154  1.088657
17 25  0.588250  1.204961
17 26  0.578114  0.915587
18 19  0.546270  0.780508
18 20  0.547360  0.757887
18 21  0.584668  1.103628
18 22  0.555076  1.005012
18 23  0.588838  1.088466
18 24  0.584446  1.016824
18 25  0.582823  1.103324
18 26  0.553548  0.829602
19 20  0.513393  0.662161
19 21  0.591428  1.032817
19 22  0.580902  0.955771
19 23  0.600252  1.054589
19 24  0.591207  0.943377
19 25  0.589928  1.049449
19 26  0.549964  0.744628
20 21  0.593720  1.020168
20 22  0.584197  0.948665
20 23  0.602515  1.034290
20 24  0.593496  0.930652
20 25  0.592221  1.032715
20 26  0.552880  0.736626
21 22  0.617648  1.261177
21 23  0.632138  1.365615
21 24  0.599062  1.235828
21 25  0.597719  1.303388
21 26  0.614442  1.093409
22 23  0.608492  1.280880
22 24  0.617642  1.201295
22 25  0.614366  1.263232
22 26  0.598618  1.027261
23 24  0.630734  1.253792
23 25  0.619512  1.299519
23 26  0.621409  1.096487
24 25  0.583085  1.261132
24 26  0.614214  0.996885
25 26  0.612921  1.108245
