   -993.89028990
   -994.20499736     -994.07781419
0.00000353311652
2 2 2 2 2 2 2 2 2 2 2 2 2 0 0 0 0 0 0 0 0 0 0 0 0 0 
1  0.270750  0.542883
2  0.279498  0.446993
3  0.288357  0.493723
4  0.274752  0.521901
5  0.265637  0.405631
6  0.276872  0.355462
7  0.279464  0.347669
8  0.318188  0.680309
9  0.307576  0.669878
10  0.306160  0.619557
11  0.312494  0.697788
12  0.311750  0.626350
13  0.301212  0.417363
14  0.277541  0.539996
15  0.283298  0.470682
16  0.290819  0.489569
17  0.279287  0.520090
18  0.272419  0.431218
19  0.279130  0.357585
20  0.281423  0.343026
21  0.312342  0.679986
22  0.305796  0.619742
23  0.321334  0.697904
24  0.312131  0.587952
25  0.310869  0.695177
26  0.302151  0.415302
1 2  0.549334  0.977393
1 3  0.557671  1.004903
1 4  0.541038  1.022820
1 5  0.536203  0.946089
1 6  0.547549  0.894800
1 7  0.550102  0.890148
1 8  0.567994  1.175050
1 9  0.574759  1.207936
1 10  0.575290  1.148138
1 11  0.578995  1.208848
1 12  0.563481  1.078066
1 13  0.571779  0.947622
1 14  0.261638  0.898364
1 15  0.553895  1.011558
1 16  0.560100  1.030827
1 17  0.545063  1.060772
1 18  0.543050  0.971266
1 19  0.549517  0.900190
1 20  0.552076  0.885635
1 21  0.576448  1.212534
1 22  0.575726  1.154520
1 23  0.567886  1.212887
1 24  0.567842  1.127729
1 25  0.577513  1.212808
1 26  0.572157  0.957672
2 3  0.524403  0.912336
2 4  0.554225  0.967337
2 5  0.545098  0.848056
2 6  0.556367  0.802203
2 7  0.558960  0.793713
2 8  0.596759  1.101058
2 9  0.579677  1.080314
2 10  0.585565  1.062405
2 11  0.576428  1.134746
2 12  0.581727  1.041197
2 13  0.580701  0.862647
2 14  0.556878  0.985402
2 15  0.274477  0.704399
2 16  0.522288  0.893263
2 17  0.558619  0.966201
2 18  0.551707  0.877731
2 19  0.558601  0.804447
2 20  0.560870  0.789933
2 21  0.566573  1.088336
2 22  0.584851  1.065439
2 23  0.600364  1.142840
2 24  0.589716  1.032373
2 25  0.587008  1.140120
2 26  0.581638  0.862023
3 4  0.563073  1.001799
3 5  0.553976  0.898062
3 6  0.565227  0.848053
3 7  0.567820  0.841239
3 8  0.606034  1.159172
3 9  0.591311  1.156875
3 10  0.594504  1.108783
3 11  0.577590  1.139904
3 12  0.592232  1.069044
3 13  0.589564  0.907015
3 14  0.564321  1.032145
3 15  0.522353  0.917906
3 16  0.281735  0.765302
3 17  0.567308  1.012512
3 18  0.560750  0.924351
3 19  0.567456  0.851113
3 20  0.569762  0.836639
3 21  0.569407  1.141904
3 22  0.593984  1.111614
3 23  0.609506  1.189222
3 24  0.597635  1.079946
3 25  0.596973  1.176167
3 26  0.590501  0.908610
4 5  0.537613  0.922994
4 6  0.551141  0.871338
4 7  0.554058  0.869239
4 8  0.564313  1.178287
4 9  0.581051  1.182037
4 10  0.553324  1.101372
4 11  0.586899  1.188580
4 12  0.586286  1.121533
4 13  0.573149  0.918363
4 14  0.547515  1.059713
4 15  0.557823  0.991533
4 16  0.565131  1.010243
4 17  0.282186  0.866709
4 18  0.546238  0.945854
4 19  0.552395  0.878671
4 20  0.555608  0.863922
4 21  0.586896  1.198111
4 22  0.547307  1.101131
4 23  0.561448  1.175819
4 24  0.586420  1.107261
4 25  0.585361  1.212797
4 26  0.575387  0.936778
5 6  0.538334  0.752935
5 7  0.539097  0.737836
5 8  0.579460  1.052109
5 9  0.572942  1.060125
5 10  0.550088  0.989945
5 11  0.578107  1.099439
5 12  0.577348  1.029381
5 13  0.547774  0.807722
5 14  0.542980  0.943735
5 15  0.548743  0.875792
5 16  0.556434  0.894726
5 17  0.544082  0.918929
5 18  0.257187  0.609657
5 19  0.543756  0.760020
5 20  0.543426  0.747052
5 21  0.577650  1.084269
5 22  0.542858  1.002944
5 23  0.584454  1.101939
5 24  0.577757  0.992819
5 25  0.575305  1.099313
5 26  0.541547  0.795007
6 7  0.509701  0.664067
6 8  0.594946  1.034518
6 9  0.584415  1.020897
6 10  0.579370  0.952519
6 11  0.589359  1.047522
6 12  0.588612  0.979544
6 13  0.547159  0.746997
6 14  0.554028  0.895124
6 15  0.560098  0.826007
6 16  0.567634  0.844866
6 17  0.554701  0.874552
6 18  0.548089  0.784183
6 19  0.280293  0.476014
6 20  0.506836  0.655520
6 21  0.589213  1.034869
6 22  0.581505  0.974894
6 23  0.597412  1.051478
6 24  0.588922  0.943092
6 25  0.587690  1.050142
6 26  0.538935  0.729670
7 8  0.597415  1.020691
7 9  0.587011  1.012069
7 10  0.583470  0.954168
7 11  0.591951  1.042545
7 12  0.591203  0.973644
7 13  0.549586  0.743747
7 14  0.556939  0.887374
7 15  0.562669  0.818237
7 16  0.570241  0.837126
7 17  0.558381  0.866586
7 18  0.547628  0.777104
7 19  0.506277  0.658639
7 20  0.280513  0.445272
7 21  0.591780  1.027237
7 22  0.584627  0.967107
7 23  0.599832  1.044529
7 24  0.591568  0.935407
7 25  0.590115  1.042380
7 26  0.541783  0.723411
8 9  0.614077  1.275745
8 10  0.604861  1.270011
8 11  0.629513  1.369583
8 12  0.626996  1.270106
8 13  0.617975  1.083810
8 14  0.570634  1.191246
8 15  0.601015  1.148743
8 16  0.608876  1.167791
8 17  0.562466  1.151752
8 18  0.587680  1.109549
8 19  0.596798  1.036088
8 20  0.598702  1.022350
8 21  0.626290  1.346357
8 22  0.596898  1.247715
8 23  0.397568  1.287328
8 24  0.627813  1.261630
8 25  0.617677  1.366172
8 26  0.620091  1.095070
9 10  0.611839  1.245340
9 11  0.593032  1.301495
9 12  0.581952  1.278169
9 13  0.608771  1.086053
9 14  0.579956  1.181824
9 15  0.587487  1.138503
9 16  0.595872  1.146721
9 17  0.586600  1.186582
9 18  0.578784  1.099509
9 19  0.586699  1.027006
9 20  0.588866  1.012538
9 21  0.587049  1.312505
9 22  0.612099  1.284969
9 23  0.616596  1.357597
9 24  0.576941  1.200848
9 25  0.383177  1.257406
9 26  0.609446  1.084529
10 11  0.618281  1.279389
10 12  0.617739  1.236711
10 13  0.597297  1.026723
10 14  0.582796  1.152025
10 15  0.588915  1.088774
10 16  0.596722  1.107372
10 17  0.551720  1.100256
10 18  0.550159  1.028318
10 19  0.583731  0.976614
10 20  0.587003  0.962361
10 21  0.618341  1.294034
10 22  0.379586  1.127345
10 23  0.599863  1.261710
10 24  0.618024  1.204456
10 25  0.615746  1.309752
10 26  0.590319  1.014742
11 12  0.597802  1.282799
11 13  0.613704  1.111282
11 14  0.583608  1.228456
11 15  0.572169  1.128157
11 16  0.570837  1.152945
11 17  0.591560  1.213755
11 18  0.584631  1.127348
11 19  0.591615  1.054769
11 20  0.593904  1.040456
11 21  0.413433  1.292972
11 22  0.618148  1.312156
11 23  0.629403  1.380459
11 24  0.593666  1.242895
11 25  0.588129  1.346078
11 26  0.614500  1.112070
12 13  0.612949  1.035229
12 14  0.574856  1.162842
12 15  0.592781  1.093391
12 16  0.599815  1.113808
12 17  0.590557  1.143379
12 18  0.584159  1.056252
12 19  0.590801  0.983527
12 20  0.593155  0.969139
12 21  0.591059  1.254920
12 22  0.617248  1.241953
12 23  0.630315  1.316076
12 24  0.377716  1.072821
12 25  0.580877  1.267285
12 26  0.613809  1.040857
13 14  0.577862  0.956862
13 15  0.584510  0.887746
13 16  0.592015  0.906530
13 17  0.578459  0.936933
13 18  0.547661  0.821279
13 19  0.540611  0.736195
13 20  0.541053  0.718581
13 21  0.613436  1.096326
13 22  0.589186  1.017973
13 23  0.622284  1.114653
13 24  0.613226  1.004613
13 25  0.611890  1.111774
13 26  0.371731  0.660319
14 15  0.559718  0.999275
14 16  0.566652  0.999354
14 17  0.551972  1.021315
14 18  0.549741  0.968934
14 19  0.556633  0.893823
14 20  0.558877  0.882767
14 21  0.585500  1.194259
14 22  0.581025  1.148132
14 23  0.576129  1.189165
14 24  0.568290  1.044622
14 25  0.584777  1.229179
14 26  0.579514  0.944004
15 16  0.529489  0.932248
15 17  0.562554  0.989617
15 18  0.555666  0.894862
15 19  0.562426  0.828006
15 20  0.564720  0.812461
15 21  0.578457  1.132815
15 22  0.588998  1.082900
15 23  0.603527  1.135772
15 24  0.585234  1.029501
15 25  0.586171  1.115759
15 26  0.585436  0.883869
16 17  0.570077  0.998792
16 18  0.563212  0.919410
16 19  0.569947  0.846132
16 20  0.572241  0.832485
16 21  0.580425  1.128697
16 22  0.596599  1.106323
16 23  0.611503  1.171791
16 24  0.594740  1.029988
16 25  0.595604  1.175819
16 26  0.592963  0.901421
17 18  0.547755  0.946865
17 19  0.557720  0.869764
17 20  0.560437  0.862479
17 21  0.591248  1.174084
17 22  0.556936  1.098404
17 23  0.571460  1.197015
17 24  0.591224  1.088686
17 25  0.588318  1.204982
17 26  0.578164  0.915748
18 19  0.546299  0.780803
18 20  0.547393  0.758136
18 21  0.584715  1.103704
18 22  0.555125  1.005279
18 23  0.588892  1.088646
18 24  0.584503  1.016946
18 25  0.582882  1.103417
18 26  0.553585  0.829870
19 20  0.513416  0.662420
19 21  0.591467  1.032865
19 22  0.580942  0.956023
19 23  0.600300  1.054776
19 24  0.591257  0.943478
19 25  0.589979  1.049542
19 26  0.549995  0.744882
20 21  0.593762  1.020191
20 22  0.584241  0.948891
20 23  0.602566  1.034434
20 24  0.593549  0.930724
20 25  0.592275  1.032766
20 26  0.552914  0.736851
21 22  0.617706  1.261222
21 23  0.632202  1.365594
21 24  0.599127  1.235735
21 25  0.597786  1.303295
21 26  0.614489  1.093442
22 23  0.608556  1.281063
22 24  0.617711  1.201395
22 25  0.614434  1.263320
22 26  0.598666  1.027504
23 24  0.630809  1.253803
23 25  0.619582  1.299523
23 26  0.621464  1.096621
24 25  0.583159  1.261060
24 26  0.614272  0.996947
25 26  0.612980  1.108307
