   -993.89047465
   -994.20149645     -994.06578200
0.00007360487829
2 2 2 2 2 2 2 2 2 2 2 2 2 0 0 0 0 0 0 0 0 0 0 0 0 0 
1  0.279743  0.573072
2  0.278747  0.571873
3  0.265878  0.324020
4  0.274584  0.312163
5  0.276902  0.308163
6  0.272677  0.394598
7  0.302088  0.526444
8  0.298246  0.508129
9  0.272942  0.362337
10  0.305683  0.850275
11  0.293792  0.729637
12  0.295464  0.374683
13  0.291245  0.740544
14  0.284369  0.594380
15  0.282071  0.584062
16  0.271533  0.320124
17  0.277079  0.319144
18  0.279441  0.307994
19  0.303397  0.534468
20  0.304862  0.820914
21  0.297045  0.375171
22  0.295333  0.750519
23  0.300231  0.529855
24  0.274605  0.347999
25  0.297228  0.722567
26  0.274754  0.397870
1 2  0.514420  1.114649
1 3  0.545603  0.896539
1 4  0.554313  0.882395
1 5  0.556642  0.879869
1 6  0.552397  0.966483
1 7  0.581207  1.067452
1 8  0.577763  1.068634
1 9  0.552675  0.930246
1 10  0.563874  1.377869
1 11  0.566310  1.222810
1 12  0.575158  0.944816
1 13  0.565474  1.288134
1 14  0.271996  0.991595
1 15  0.512459  1.101940
1 16  0.551254  0.893005
1 17  0.556696  0.892077
1 18  0.559166  0.880990
1 19  0.582358  1.105006
1 20  0.553178  1.340664
1 21  0.576554  0.947951
1 22  0.573670  1.310795
1 23  0.579949  1.101030
1 24  0.554266  0.920599
1 25  0.574328  1.288050
1 26  0.554409  0.969965
2 3  0.544614  0.891674
2 4  0.553325  0.883383
2 5  0.555647  0.878576
2 6  0.551306  0.959165
2 7  0.580526  1.087507
2 8  0.576518  1.051081
2 9  0.551644  0.933507
2 10  0.563542  1.379091
2 11  0.566741  1.273403
2 12  0.574200  0.945785
2 13  0.562790  1.231519
2 14  0.512630  1.106486
2 15  0.270545  0.982481
2 16  0.550246  0.891745
2 17  0.555813  0.890898
2 18  0.558188  0.879790
2 19  0.582108  1.103957
2 20  0.554343  1.338446
2 21  0.575735  0.946743
2 22  0.571014  1.314313
2 23  0.578429  1.099278
2 24  0.553236  0.919565
2 25  0.574643  1.284606
2 26  0.553093  0.969120
3 4  0.535945  0.631433
3 5  0.536452  0.623235
3 6  0.538390  0.716965
3 7  0.538155  0.832994
3 8  0.562569  0.820951
3 9  0.538421  0.686135
3 10  0.571454  1.168745
3 11  0.559155  1.052404
3 12  0.540196  0.680280
3 13  0.557068  1.054309
3 14  0.550189  0.918175
3 15  0.547869  0.907803
3 16  0.261598  0.393088
3 17  0.541817  0.640968
3 18  0.541873  0.629624
3 19  0.532869  0.829651
3 20  0.570717  1.144229
3 21  0.535603  0.671067
3 22  0.561170  1.073763
3 23  0.563697  0.852961
3 24  0.539287  0.671228
3 25  0.562953  1.045846
3 26  0.540412  0.721558
4 5  0.505281  0.580345
4 6  0.547223  0.705860
4 7  0.571381  0.825647
4 8  0.572728  0.819427
4 9  0.547472  0.672874
4 10  0.580216  1.159828
4 11  0.568097  1.034780
4 12  0.542447  0.661199
4 13  0.565804  1.052339
4 14  0.558823  0.906405
4 15  0.556636  0.896118
4 16  0.544909  0.630308
4 17  0.273340  0.376570
4 18  0.502705  0.573015
4 19  0.576172  0.846166
4 20  0.579126  1.132692
4 21  0.534803  0.652475
4 22  0.569871  1.062217
4 23  0.574562  0.841579
4 24  0.549144  0.660110
4 25  0.570968  1.034477
4 26  0.549307  0.709966
5 6  0.549530  0.702658
5 7  0.575644  0.828802
5 8  0.575007  0.813053
5 9  0.549782  0.670051
5 10  0.582577  1.158239
5 11  0.570631  1.035398
5 12  0.544761  0.660978
5 13  0.568138  1.046131
5 14  0.561261  0.902455
5 15  0.558972  0.892133
5 16  0.544483  0.625425
5 17  0.501996  0.578518
5 18  0.273235  0.351670
5 19  0.579377  0.841955
5 20  0.581678  1.128822
5 21  0.536954  0.647671
5 22  0.572197  1.058346
5 23  0.576412  0.837813
5 24  0.551318  0.656040
5 25  0.573957  1.030632
5 26  0.551651  0.705964
6 7  0.573499  0.915979
6 8  0.535204  0.872828
6 9  0.499418  0.719971
6 10  0.577834  1.215116
6 11  0.566211  1.117567
6 12  0.568094  0.764083
6 13  0.561953  1.108934
6 14  0.556852  0.987986
6 15  0.554211  0.978017
6 16  0.544022  0.714370
6 17  0.549749  0.713674
6 18  0.552089  0.702493
6 19  0.575718  0.924987
6 20  0.577056  1.213396
6 21  0.569531  0.769677
6 22  0.565918  1.143827
6 23  0.527930  0.885777
6 24  0.495605  0.702538
6 25  0.569850  1.114697
6 26  0.275797  0.580764
7 8  0.591077  1.011400
7 9  0.572622  0.873062
7 10  0.606338  1.351844
7 11  0.586026  1.167439
7 12  0.582465  0.885869
7 13  0.592296  1.256414
7 14  0.585651  1.118159
7 15  0.584107  1.108118
7 16  0.537160  0.819694
7 17  0.577058  0.844855
7 18  0.580624  0.833934
7 19  0.357213  0.909931
7 20  0.603295  1.336098
7 21  0.575377  0.881806
7 22  0.595737  1.258285
7 23  0.590513  1.034461
7 24  0.574643  0.873367
7 25  0.590371  1.245649
7 26  0.576518  0.919907
8 9  0.535023  0.855975
8 10  0.602990  1.342854
8 11  0.591144  1.221942
8 12  0.593346  0.880444
8 13  0.582037  1.172359
8 14  0.582590  1.100669
8 15  0.579804  1.089976
8 16  0.566963  0.827138
8 17  0.575190  0.826779
8 18  0.577004  0.815954
8 19  0.590397  1.022107
8 20  0.599951  1.317892
8 21  0.594907  0.882124
8 22  0.584968  1.254882
8 23  0.364251  0.904323
8 24  0.526710  0.816439
8 25  0.594178  1.220655
8 26  0.527410  0.868719
9 10  0.578333  1.192640
9 11  0.566589  1.076914
9 12  0.568340  0.734567
9 13  0.563172  1.098080
9 14  0.557132  0.956195
9 15  0.554821  0.945966
9 16  0.543194  0.681552
9 17  0.550001  0.681439
9 18  0.552122  0.670164
9 19  0.574315  0.895696
9 20  0.577773  1.181900
9 21  0.569716  0.737328
9 22  0.567896  1.111196
9 23  0.528096  0.852107
9 24  0.277061  0.484468
9 25  0.570068  1.083912
9 26  0.495887  0.719107
10 11  0.574441  1.500583
10 12  0.600930  1.209758
10 13  0.571402  1.503158
10 14  0.559027  1.388324
10 15  0.557487  1.374309
10 16  0.577187  1.169754
10 17  0.582457  1.168919
10 18  0.585009  1.157975
10 19  0.605473  1.372296
10 20  0.396505  1.626663
10 21  0.602432  1.224403
10 22  0.568755  1.539440
10 23  0.602801  1.368366
10 24  0.580252  1.197146
10 25  0.570308  1.499911
10 26  0.579912  1.245876
11 12  0.588306  1.093835
11 13  0.549136  1.437513
11 14  0.575275  1.315455
11 15  0.574436  1.303012
11 16  0.565168  1.049219
11 17  0.569991  1.048495
11 18  0.573012  1.037523
11 19  0.587733  1.260300
11 20  0.567744  1.488065
11 21  0.589588  1.104263
11 22  0.547312  1.392882
11 23  0.592283  1.246016
11 24  0.568319  1.076688
11 25  0.343752  1.357286
11 26  0.568498  1.124316
12 13  0.586617  1.110136
12 14  0.579513  0.968748
12 15  0.577433  0.958431
12 16  0.539379  0.666380
12 17  0.536232  0.660125
12 18  0.536653  0.645650
12 19  0.575319  0.888918
12 20  0.599962  1.194620
12 21  0.365987  0.565689
12 22  0.590779  1.124588
12 23  0.595484  0.903618
12 24  0.569903  0.722569
12 25  0.591461  1.096696
12 26  0.570027  0.772456
13 14  0.574072  1.321346
13 15  0.570666  1.316177
13 16  0.562722  1.059995
13 17  0.568287  1.059100
13 18  0.570627  1.048166
13 19  0.592773  1.256376
13 20  0.563348  1.493847
13 21  0.588276  1.115048
13 22  0.340588  1.399890
13 23  0.583415  1.266621
13 24  0.565520  1.087521
13 25  0.547204  1.383829
13 26  0.563966  1.137229
14 15  0.521157  1.145943
14 16  0.555873  0.914136
14 17  0.561423  0.910113
14 18  0.563798  0.900713
14 19  0.586966  1.093067
14 20  0.566856  1.363156
14 21  0.581356  0.965845
14 22  0.573209  1.320752
14 23  0.584269  1.111838
14 24  0.558961  0.939099
14 25  0.573894  1.229217
14 26  0.559093  0.991322
15 16  0.553592  0.901339
15 17  0.559139  0.902656
15 18  0.561507  0.890770
15 19  0.585004  1.106283
15 20  0.566122  1.365305
15 21  0.579098  0.958713
15 22  0.569654  1.246955
15 23  0.581674  1.080059
15 24  0.556617  0.931212
15 25  0.571737  1.272668
15 26  0.556707  0.972666
16 17  0.542854  0.633706
16 18  0.544037  0.619178
16 19  0.544747  0.836830
16 20  0.576243  1.137380
16 21  0.545633  0.675785
16 22  0.566792  1.063701
16 23  0.569884  0.839650
16 24  0.545612  0.667744
16 25  0.567954  1.041432
16 26  0.546027  0.716512
17 18  0.509793  0.587087
17 19  0.574768  0.839049
17 20  0.581861  1.136050
17 21  0.546142  0.666481
17 22  0.572366  1.069410
17 23  0.577230  0.848568
17 24  0.551661  0.665859
17 25  0.573927  1.033722
17 26  0.551822  0.716130
18 19  0.578464  0.835458
18 20  0.584277  1.128664
18 21  0.549017  0.661993
18 22  0.574755  1.056665
18 23  0.579551  0.834983
18 24  0.554023  0.655653
18 25  0.576535  1.027542
18 26  0.554173  0.705743
19 20  0.606487  1.328620
19 21  0.586314  0.893292
19 22  0.597744  1.275143
19 23  0.593823  1.042012
19 24  0.575478  0.870291
19 25  0.589484  1.165229
19 26  0.576483  0.928540
20 21  0.601658  1.181622
20 22  0.575461  1.481605
20 23  0.604003  1.331916
20 24  0.579139  1.153391
20 25  0.577997  1.472072
20 26  0.579094  1.191534
21 22  0.592243  1.121118
21 23  0.596655  0.902171
21 24  0.571540  0.721542
21 25  0.593105  1.086581
21 26  0.571728  0.768560
22 23  0.586546  1.192143
22 24  0.568394  1.092105
22 25  0.554958  1.437483
22 26  0.567687  1.115293
23 24  0.539066  0.864290
23 25  0.596536  1.235566
23 26  0.539222  0.890517
24 25  0.571703  1.062259
24 26  0.502790  0.710374
25 26  0.571721  1.116818
