  -1146.53975808
  -1146.90915754    -1146.79311167
0.00001203787207
2 2 2 2 2 2 2 2 2 2 2 2 2 2 2 0 0 0 0 0 0 0 0 0 0 0 0 0 0 0 
1  0.274703  0.472889
2  0.273310  0.401821
3  0.283316  0.369679
4  0.283375  0.373511
5  0.286114  0.360953
6  0.315734  0.584208
7  0.316826  0.680364
8  0.285850  0.342192
9  0.312521  0.627106
10  0.313558  0.620933
11  0.310377  0.545506
12  0.320642  0.435093
13  0.317318  0.476370
14  0.321307  0.738639
15  0.309152  0.492565
16  0.314985  0.671966
17  0.286201  0.496893
18  0.283615  0.438327
19  0.287296  0.372906
20  0.285995  0.381969
21  0.321355  0.731419
22  0.316600  0.475567
23  0.319741  0.436628
24  0.318816  0.628727
25  0.311987  0.469355
26  0.318571  0.600434
27  0.288998  0.336546
28  0.314454  0.598074
29  0.311831  0.559371
30  0.286404  0.358902
1 2  0.547946  0.873096
1 3  0.556992  0.831125
1 4  0.557611  0.842706
1 5  0.560781  0.829391
1 6  0.589369  1.046312
1 7  0.589854  1.149586
1 8  0.560531  0.813735
1 9  0.565782  1.024737
1 10  0.586873  1.060616
1 11  0.583522  1.014926
1 12  0.595229  0.899051
1 13  0.588866  0.937159
1 14  0.592907  1.180327
1 15  0.562915  0.905584
1 16  0.588476  1.130353
1 17  0.260177  0.750095
1 18  0.558284  0.910070
1 19  0.560195  0.845201
1 20  0.560414  0.853480
1 21  0.591105  1.198725
1 22  0.585956  0.944459
1 23  0.594004  0.909170
1 24  0.573029  1.097885
1 25  0.568591  0.937461
1 26  0.593093  1.070203
1 27  0.563632  0.809356
1 28  0.587844  1.069379
1 29  0.584924  1.018923
1 30  0.560827  0.831605
2 3  0.556623  0.771289
2 4  0.556679  0.773767
2 5  0.556442  0.759205
2 6  0.568287  0.930234
2 7  0.588544  1.055791
2 8  0.554121  0.734259
2 9  0.584655  1.018304
2 10  0.584008  1.018829
2 11  0.583574  0.938145
2 12  0.574879  0.815786
2 13  0.590596  0.873575
2 14  0.591253  1.125598
2 15  0.582434  0.893400
2 16  0.587151  1.072327
2 17  0.559449  0.897714
2 18  0.261903  0.600499
2 19  0.560532  0.774615
2 20  0.559150  0.783651
2 21  0.588334  1.124592
2 22  0.589819  0.877033
2 23  0.572815  0.821649
2 24  0.592020  1.028484
2 25  0.585283  0.870847
2 26  0.571355  0.996972
2 27  0.557583  0.735560
2 28  0.585406  0.991804
2 29  0.584626  0.960489
2 30  0.558526  0.757410
3 4  0.522645  0.707297
3 5  0.569427  0.729383
3 6  0.599045  0.953523
3 7  0.599855  1.046518
3 8  0.569163  0.711156
3 9  0.595744  0.989756
3 10  0.596869  0.985770
3 11  0.588003  0.903591
3 12  0.603957  0.803857
3 13  0.578610  0.828835
3 14  0.604545  1.097712
3 15  0.584947  0.840307
3 16  0.598174  1.040694
3 17  0.567730  0.866002
3 18  0.566856  0.807866
3 19  0.280438  0.493026
3 20  0.520033  0.711732
3 21  0.604655  1.100309
3 22  0.568406  0.813214
3 23  0.602980  0.806210
3 24  0.601839  0.997946
3 25  0.592468  0.838223
3 26  0.601750  0.969772
3 27  0.572314  0.706200
3 28  0.597587  0.967308
3 29  0.593782  0.925694
3 30  0.569709  0.728530
4 5  0.569487  0.733606
4 6  0.599091  0.955747
4 7  0.599603  1.041190
4 8  0.569222  0.714840
4 9  0.595818  0.999162
4 10  0.596928  0.993247
4 11  0.586102  0.893186
4 12  0.604016  0.808498
4 13  0.578754  0.830359
4 14  0.604582  1.100765
4 15  0.586824  0.855544
4 16  0.597383  1.044891
4 17  0.569354  0.869165
4 18  0.566793  0.811678
4 19  0.520920  0.706051
4 20  0.279606  0.509085
4 21  0.604578  1.104055
4 22  0.569086  0.817190
4 23  0.603023  0.810046
4 24  0.602147  1.001662
4 25  0.594062  0.840302
4 26  0.601638  0.973557
4 27  0.572368  0.710029
4 28  0.597635  0.971164
4 29  0.592033  0.932134
4 30  0.569778  0.732365
5 6  0.601560  0.944193
5 7  0.602907  1.039539
5 8  0.524061  0.660730
5 9  0.598511  0.983238
5 10  0.596977  0.963530
5 11  0.596488  0.904887
5 12  0.569757  0.764401
5 13  0.603431  0.837112
5 14  0.606827  1.082608
5 15  0.595263  0.850946
5 16  0.600789  1.032227
5 17  0.571921  0.857638
5 18  0.568637  0.796285
5 19  0.573401  0.733804
5 20  0.572109  0.742867
5 21  0.607062  1.091820
5 22  0.602657  0.836424
5 23  0.562033  0.758401
5 24  0.604300  0.989308
5 25  0.598034  0.830185
5 26  0.604529  0.960103
5 27  0.520130  0.652792
5 28  0.598639  0.957815
5 29  0.597875  0.920150
5 30  0.295880  0.481329
6 7  0.624482  1.205942
6 8  0.601334  0.922758
6 9  0.617616  1.162298
6 10  0.593189  1.176736
6 11  0.625583  1.113161
6 12  0.633865  1.002850
6 13  0.632855  1.047591
6 14  0.616687  1.302003
6 15  0.624670  1.070458
6 16  0.628864  1.252319
6 17  0.601326  1.078083
6 18  0.583164  1.017986
6 19  0.602855  0.956743
6 20  0.601471  0.965733
6 21  0.605179  1.252723
6 22  0.632295  1.058749
6 23  0.633140  1.018862
6 24  0.632621  1.208218
6 25  0.627550  1.052524
6 26  0.395835  1.057862
6 27  0.604284  0.920222
6 28  0.592668  1.155563
6 29  0.626996  1.141726
6 30  0.601895  0.941481
7 8  0.602637  1.017830
7 9  0.596669  1.283666
7 10  0.625232  1.289459
7 11  0.614364  1.145734
7 12  0.637004  1.108778
7 13  0.632231  1.135145
7 14  0.614775  1.343926
7 15  0.625229  1.170974
7 16  0.378795  1.236974
7 17  0.600448  1.157631
7 18  0.598600  1.116929
7 19  0.603982  1.052563
7 20  0.601828  1.061771
7 21  0.614363  1.382520
7 22  0.630761  1.154365
7 23  0.636292  1.116128
7 24  0.596243  1.239848
7 25  0.628198  1.146256
7 26  0.631792  1.276458
7 27  0.605604  1.016585
7 28  0.629335  1.269290
7 29  0.617739  1.237031
7 30  0.603134  1.038635
8 9  0.598334  0.968735
8 10  0.597864  0.957375
8 11  0.596224  0.885179
8 12  0.571019  0.756476
8 13  0.603168  0.818408
8 14  0.606724  1.067775
8 15  0.594999  0.833917
8 16  0.600467  1.013760
8 17  0.571943  0.838979
8 18  0.565168  0.778096
8 19  0.573146  0.715067
8 20  0.571835  0.724124
8 21  0.607121  1.073327
8 22  0.602396  0.817697
8 23  0.559870  0.737471
8 24  0.604439  0.970667
8 25  0.597816  0.811486
8 26  0.603942  0.942238
8 27  0.294790  0.427475
8 28  0.599793  0.938791
8 29  0.597567  0.901445
8 30  0.520391  0.658515
9 10  0.618021  1.182835
9 11  0.622181  1.169647
9 12  0.632313  1.041071
9 13  0.629457  1.088723
9 14  0.616622  1.335238
9 15  0.619870  1.084905
9 16  0.593530  1.255716
9 17  0.580959  1.119392
9 18  0.595879  1.063088
9 19  0.599399  0.999531
9 20  0.598376  1.008206
9 21  0.605383  1.306558
9 22  0.628482  1.101567
9 23  0.632009  1.062973
9 24  0.380479  1.133046
9 25  0.621920  1.095073
9 26  0.629459  1.221818
9 27  0.601337  0.963447
9 28  0.625127  1.221326
9 29  0.623827  1.180151
9 30  0.598509  0.985646
10 11  0.623675  1.163387
10 12  0.623482  1.013014
10 13  0.630774  1.089350
10 14  0.610713  1.298110
10 15  0.622570  1.095060
10 16  0.626796  1.282501
10 17  0.597823  1.115835
10 18  0.592312  1.042965
10 19  0.600689  0.993382
10 20  0.599460  1.002424
10 21  0.609518  1.323141
10 22  0.630082  1.095435
10 23  0.621933  1.052593
10 24  0.628823  1.245639
10 25  0.625176  1.088837
10 26  0.589798  1.165674
10 27  0.602201  0.956697
10 28  0.390780  1.094246
10 29  0.625347  1.177482
10 30  0.598151  0.979224
11 12  0.630999  0.979372
11 13  0.601840  0.992298
11 14  0.630401  1.248245
11 15  0.585712  1.020330
11 16  0.616010  1.214879
11 17  0.594531  1.028659
11 18  0.593244  0.983066
11 19  0.596179  0.915202
11 20  0.593495  0.926857
11 21  0.629662  1.273330
11 22  0.594750  0.991752
11 23  0.629949  0.981768
11 24  0.628577  1.168373
11 25  0.582210  0.968776
11 26  0.627920  1.144092
11 27  0.599318  0.881962
11 28  0.624528  1.141133
11 29  0.365094  0.946121
11 30  0.596770  0.904252
12 13  0.637953  0.908014
12 14  0.641097  1.168384
12 15  0.629781  0.922770
12 16  0.635565  1.106322
12 17  0.606246  0.931637
12 18  0.580820  0.852910
12 19  0.607862  0.807900
12 20  0.606568  0.816956
12 21  0.637906  1.160318
12 22  0.637240  0.910437
12 23  0.401048  0.698628
12 24  0.638869  1.063175
12 25  0.632524  0.904193
12 26  0.635767  1.030614
12 27  0.564407  0.731475
12 28  0.626775  1.031098
12 29  0.632435  0.994055
12 30  0.560626  0.753262
13 14  0.638521  1.212522
13 15  0.601179  0.944898
13 16  0.629990  1.147115
13 17  0.597871  0.968851
13 18  0.600774  0.914262
13 19  0.573205  0.815568
13 20  0.572087  0.825444
13 21  0.637483  1.205632
13 22  0.413666  0.817293
13 23  0.637054  0.912761
13 24  0.635263  1.103701
13 25  0.597626  0.911548
13 26  0.635728  1.075741
13 27  0.606278  0.812865
13 28  0.631765  1.073458
13 29  0.597424  1.009905
13 30  0.603692  0.835174
14 15  0.630265  1.213994
14 16  0.606453  1.363495
14 17  0.602951  1.230016
14 18  0.598888  1.169532
14 19  0.608581  1.110747
14 20  0.607197  1.119694
14 21  0.465347  1.427592
14 22  0.636762  1.212024
14 23  0.637064  1.168011
14 24  0.618500  1.334051
14 25  0.632641  1.205880
14 26  0.615536  1.305971
14 27  0.610218  1.074960
14 28  0.603081  1.277202
14 29  0.630821  1.293503
14 30  0.607457  1.097048
15 16  0.623478  1.159762
15 17  0.575460  0.984408
15 18  0.592758  0.930383
15 19  0.593518  0.864636
15 20  0.593709  0.871232
15 21  0.629684  1.221419
15 22  0.594937  0.936157
15 23  0.628797  0.928880
15 24  0.624852  1.119560
15 25  0.366051  0.786474
15 26  0.627647  1.091698
15 27  0.598127  0.829053
15 28  0.623278  1.089137
15 29  0.581681  1.003372
15 30  0.595492  0.851327
16 17  0.599274  1.164443
16 18  0.596944  1.077218
16 19  0.601913  1.042339
16 20  0.600280  1.041147
16 21  0.617417  1.351230
16 22  0.629501  1.121233
16 23  0.633906  1.095842
16 24  0.599075  1.277094
16 25  0.626103  1.139422
16 26  0.625058  1.197370
16 27  0.603964  1.006258
16 28  0.620065  1.237101
16 29  0.612686  1.146073
16 30  0.601341  1.030355
17 18  0.569729  0.933985
17 19  0.572259  0.857825
17 20  0.571569  0.875016
17 21  0.604603  1.192729
17 22  0.599067  0.959811
17 23  0.605822  0.924880
17 24  0.579190  1.038198
17 25  0.574758  0.908746
17 26  0.604002  1.092919
17 27  0.575177  0.832107
17 28  0.599412  1.065448
17 29  0.595888  1.053545
17 30  0.572571  0.851037
18 19  0.570908  0.810797
18 20  0.569602  0.817660
18 21  0.602131  1.148730
18 22  0.600180  0.908377
18 23  0.582359  0.851772
18 24  0.601412  1.061104
18 25  0.595569  0.907054
18 26  0.577330  0.966151
18 27  0.567016  0.764674
18 28  0.594855  1.027975
18 29  0.595291  0.983895
18 30  0.565564  0.792413
19 20  0.528264  0.718880
19 21  0.608553  1.094075
19 22  0.581192  0.830933
19 23  0.607037  0.808920
19 24  0.605978  0.993760
19 25  0.591240  0.820597
19 26  0.605860  0.972710
19 27  0.576292  0.708897
19 28  0.601747  0.968323
19 29  0.592315  0.921355
19 30  0.573698  0.730776
20 21  0.607170  1.100905
20 22  0.580607  0.836598
20 23  0.605735  0.818456
20 24  0.604649  1.008353
20 25  0.590751  0.839628
20 26  0.604526  0.977707
20 27  0.574991  0.717875
20 28  0.600427  0.979629
20 29  0.589907  0.913357
20 30  0.572398  0.740252
21 22  0.637733  1.204109
21 23  0.639639  1.163323
21 24  0.619803  1.307758
21 25  0.633189  1.186094
21 26  0.618311  1.284860
21 27  0.609969  1.058327
21 28  0.615225  1.296979
21 29  0.631428  1.256585
21 30  0.606937  1.074956
22 23  0.636330  0.908234
22 24  0.635188  1.093686
22 25  0.604154  0.923566
22 26  0.634937  1.063468
22 27  0.605598  0.812030
22 28  0.630861  1.062603
22 29  0.603602  0.999567
22 30  0.603004  0.834185
23 24  0.637553  1.045350
23 25  0.631711  0.902588
23 26  0.636557  1.025549
23 27  0.572701  0.751336
23 28  0.622479  0.988074
23 29  0.631528  0.993003
23 30  0.570469  0.764488
24 25  0.629116  1.068676
24 26  0.630115  1.209462
24 27  0.607762  0.964080
24 28  0.624868  1.160231
24 29  0.629813  1.185085
24 30  0.605053  0.980757
25 26  0.630373  1.067646
25 27  0.600983  0.805273
25 28  0.626293  1.055690
25 29  0.588376  1.010307
25 30  0.598389  0.826242
26 27  0.607243  0.932332
26 28  0.594236  1.169471
26 29  0.629594  1.131655
26 30  0.604372  0.957006
27 28  0.601847  0.931354
27 29  0.600828  0.894381
27 30  0.526955  0.653649
28 29  0.625636  1.150224
28 30  0.598208  0.942704
29 30  0.598233  0.917558
