  -1146.53975808
  -1146.90932020    -1146.79358175
0.00000306978060
2 2 2 2 2 2 2 2 2 2 2 2 2 2 2 0 0 0 0 0 0 0 0 0 0 0 0 0 0 0 
1  0.275276  0.474739
2  0.273670  0.403196
3  0.283474  0.371994
4  0.283513  0.375959
5  0.286215  0.361984
6  0.316296  0.584463
7  0.317501  0.680519
8  0.285996  0.342943
9  0.313085  0.627200
10  0.314199  0.620720
11  0.310919  0.548243
12  0.320965  0.436288
13  0.317657  0.477949
14  0.321875  0.736409
15  0.309603  0.495205
16  0.315640  0.672407
17  0.286814  0.498701
18  0.283963  0.439626
19  0.287459  0.375199
20  0.286141  0.384407
21  0.321917  0.729534
22  0.316941  0.477019
23  0.320061  0.437705
24  0.319388  0.628471
25  0.312426  0.471909
26  0.319160  0.600261
27  0.289157  0.337298
28  0.315080  0.598206
29  0.312391  0.562049
30  0.286509  0.359946
1 2  0.548877  0.876281
1 3  0.557728  0.835059
1 4  0.558323  0.846897
1 5  0.561451  0.832118
1 6  0.590489  1.048352
1 7  0.591094  1.151624
1 8  0.561246  0.816300
1 9  0.566748  1.026282
1 10  0.588066  1.062177
1 11  0.584631  1.019480
1 12  0.596124  0.901948
1 13  0.589772  0.940475
1 14  0.594023  1.179979
1 15  0.563899  0.909365
1 16  0.589696  1.132814
1 17  0.261183  0.753841
1 18  0.559205  0.913188
1 19  0.560911  0.849348
1 20  0.561135  0.857762
1 21  0.592231  1.198718
1 22  0.586851  0.947779
1 23  0.594894  0.912098
1 24  0.574114  1.099382
1 25  0.569568  0.941829
1 26  0.594252  1.071885
1 27  0.564356  0.811958
1 28  0.589029  1.071378
1 29  0.586050  1.023572
1 30  0.561483  0.834494
2 3  0.557141  0.774968
2 4  0.557175  0.777482
2 5  0.556910  0.761606
2 6  0.569130  0.931524
2 7  0.589572  1.057179
2 8  0.554633  0.736319
2 9  0.585566  1.019654
2 10  0.585004  1.019962
2 11  0.584470  0.942021
2 12  0.575546  0.818192
2 13  0.591293  0.876332
2 14  0.592173  1.124770
2 15  0.583242  0.897387
2 16  0.588154  1.074162
2 17  0.560420  0.900867
2 18  0.262480  0.603236
2 19  0.561043  0.778281
2 20  0.559632  0.787463
2 21  0.589232  1.124122
2 22  0.590514  0.879855
2 23  0.573463  0.824226
2 24  0.592950  1.029606
2 25  0.586081  0.874763
2 26  0.572253  0.998145
2 27  0.558091  0.737709
2 28  0.586387  0.993419
2 29  0.585534  0.964548
2 30  0.558991  0.759842
3 4  0.522897  0.712040
3 5  0.569686  0.732615
3 6  0.599764  0.956084
3 7  0.600683  1.048888
3 8  0.569467  0.714160
3 9  0.596466  0.992014
3 10  0.597668  0.987710
3 11  0.588688  0.908386
3 12  0.604439  0.807325
3 13  0.579116  0.832763
3 14  0.605269  1.097514
3 15  0.585554  0.844883
3 16  0.598985  1.043409
3 17  0.568482  0.870126
3 18  0.567355  0.811473
3 19  0.280755  0.498119
3 20  0.520327  0.716841
3 21  0.605373  1.100724
3 22  0.568915  0.817096
3 23  0.603450  0.809599
3 24  0.602570  0.999988
3 25  0.593058  0.843112
3 26  0.602494  0.971897
3 27  0.572631  0.709265
3 28  0.598348  0.969750
3 29  0.594498  0.930683
3 30  0.569970  0.731886
4 5  0.569725  0.737002
4 6  0.599791  0.958376
4 7  0.600419  1.043509
4 8  0.569505  0.717951
4 9  0.596514  1.001639
4 10  0.597706  0.995450
4 11  0.586796  0.897897
4 12  0.604477  0.812138
4 13  0.579241  0.834406
4 14  0.605287  1.100660
4 15  0.587411  0.860417
4 16  0.598161  1.047766
4 17  0.570104  0.873411
4 18  0.567258  0.815421
4 19  0.521211  0.711149
4 20  0.279847  0.514454
4 21  0.605272  1.104602
4 22  0.569568  0.821212
4 23  0.603473  0.813566
4 24  0.602855  1.003828
4 25  0.594639  0.845331
4 26  0.602338  0.975821
4 27  0.572665  0.713228
4 28  0.598392  0.973717
4 29  0.592729  0.937277
4 30  0.570021  0.735855
5 6  0.602223  0.945469
5 7  0.603682  1.040723
5 8  0.524295  0.662577
5 9  0.599179  0.984311
5 10  0.597728  0.964238
5 11  0.597130  0.908586
5 12  0.570198  0.766662
5 13  0.603871  0.839713
5 14  0.607498  1.081356
5 15  0.595815  0.854462
5 16  0.601543  1.033677
5 17  0.572615  0.860471
5 18  0.569087  0.798628
5 19  0.573663  0.737125
5 20  0.572356  0.746332
5 21  0.607720  1.090973
5 22  0.603091  0.838907
5 23  0.562468  0.760646
5 24  0.604949  0.990076
5 25  0.598566  0.833771
5 26  0.605218  0.960964
5 27  0.520374  0.654758
5 28  0.599357  0.958981
5 29  0.598532  0.923850
5 30  0.296055  0.483578
6 7  0.625672  1.206470
6 8  0.602044  0.923734
6 9  0.618661  1.162550
6 10  0.594355  1.176693
6 11  0.626684  1.116056
6 12  0.634754  1.004152
6 13  0.633754  1.049186
6 14  0.617802  1.300211
6 15  0.625668  1.073256
6 16  0.630074  1.253083
6 17  0.602500  1.080148
6 18  0.584024  1.019494
6 19  0.603573  0.959268
6 20  0.602157  0.968408
6 21  0.606277  1.251671
6 22  0.633198  1.060455
6 23  0.634013  1.020236
6 24  0.633730  1.208290
6 25  0.628546  1.055309
6 26  0.396905  1.057597
6 27  0.605003  0.921231
6 28  0.593831  1.156238
6 29  0.628110  1.144661
6 30  0.602557  0.942782
7 8  0.603457  1.018665
7 9  0.597894  1.283975
7 10  0.626470  1.289335
7 11  0.615504  1.147966
7 12  0.637997  1.109989
7 13  0.633238  1.136715
7 14  0.615915  1.342246
7 15  0.626346  1.173749
7 16  0.380054  1.237380
7 17  0.601727  1.159846
7 18  0.599608  1.118410
7 19  0.604819  1.054986
7 20  0.602628  1.064359
7 21  0.615545  1.381051
7 22  0.631770  1.155964
7 23  0.637280  1.117359
7 24  0.597492  1.240507
7 25  0.629307  1.148939
7 26  0.633037  1.276527
7 27  0.606411  1.017496
7 28  0.630604  1.269669
7 29  0.618931  1.239810
7 30  0.603914  1.039816
8 9  0.599040  0.969586
8 10  0.598646  0.957903
8 11  0.596911  0.888539
8 12  0.571502  0.758509
8 13  0.603652  0.820727
8 14  0.607434  1.066244
8 15  0.595595  0.837261
8 16  0.601244  1.014950
8 17  0.572700  0.841534
8 18  0.565652  0.780164
8 19  0.573454  0.718109
8 20  0.572126  0.727310
8 21  0.607825  1.072197
8 22  0.602877  0.819900
8 23  0.560342  0.739450
8 24  0.605153  0.971152
8 25  0.598399  0.814790
8 26  0.604671  0.942818
8 27  0.295079  0.429152
8 28  0.600560  0.939663
8 29  0.598258  0.904870
8 30  0.520632  0.660477
9 10  0.619179  1.182868
9 11  0.623281  1.172477
9 12  0.633200  1.042213
9 13  0.630361  1.090284
9 14  0.617734  1.333367
9 15  0.620883  1.087379
9 16  0.594753  1.256705
9 17  0.582062  1.121180
9 18  0.596791  1.064491
9 19  0.600125  1.001901
9 20  0.599084  1.010699
9 21  0.606497  1.305297
9 22  0.629383  1.103117
9 23  0.632887  1.064153
9 24  0.381622  1.132593
9 25  0.622887  1.097713
9 26  0.630588  1.221830
9 27  0.602056  0.964287
9 28  0.626309  1.221632
9 29  0.624945  1.182950
9 30  0.599157  0.986779
10 11  0.624847  1.165875
10 12  0.624418  1.013803
10 13  0.631750  1.090546
10 14  0.611847  1.296197
10 15  0.623661  1.097267
10 16  0.628062  1.282845
10 17  0.599062  1.117462
10 18  0.593299  1.044264
10 19  0.601472  0.995464
10 20  0.600242  1.004630
10 21  0.610652  1.321236
10 22  0.631059  1.096682
10 23  0.622871  1.053460
10 24  0.630021  1.245257
10 25  0.626268  1.091152
10 26  0.591003  1.165943
10 27  0.602997  0.957229
10 28  0.391949  1.093981
10 29  0.626545  1.179908
10 30  0.598887  0.980061
11 12  0.631862  0.983246
11 13  0.602679  0.996516
11 14  0.631504  1.248570
11 15  0.586644  1.025612
11 16  0.617167  1.218002
11 17  0.595680  1.033337
11 18  0.594112  0.987107
11 19  0.596883  0.920236
11 20  0.594182  0.932047
11 21  0.630766  1.274190
11 22  0.595593  0.996018
11 23  0.630794  0.985572
11 24  0.629685  1.170884
11 25  0.583127  0.974351
11 26  0.629047  1.146666
11 27  0.600011  0.885448
11 28  0.625693  1.143960
11 29  0.366091  0.951939
11 30  0.597415  0.908027
12 13  0.638615  0.910624
12 14  0.641987  1.167403
12 15  0.630554  0.926462
12 16  0.636541  1.107963
12 17  0.607162  0.934641
12 18  0.581455  0.855546
12 19  0.608336  0.811388
12 20  0.607030  0.820586
12 21  0.638773  1.159599
12 22  0.637903  0.913080
12 23  0.401614  0.701191
12 24  0.639754  1.064124
12 25  0.633282  0.907942
12 26  0.636666  1.031707
12 27  0.564895  0.733553
12 28  0.627705  1.032426
12 29  0.633311  0.997916
12 30  0.561069  0.755631
13 14  0.639428  1.211895
13 15  0.601956  0.949145
13 16  0.630977  1.149139
13 17  0.598803  0.972255
13 18  0.601453  0.917135
13 19  0.573716  0.819546
13 20  0.572576  0.829576
13 21  0.638359  1.205325
13 22  0.414295  0.820874
13 23  0.637714  0.915414
13 24  0.636167  1.105026
13 25  0.598393  0.915867
13 26  0.636653  1.077153
13 27  0.606773  0.815197
13 28  0.632730  1.075176
13 29  0.598295  1.014245
13 30  0.604130  0.837798
14 15  0.631284  1.214193
14 16  0.607606  1.362113
14 17  0.604126  1.229639
14 18  0.599794  1.168657
14 19  0.609311  1.110799
14 20  0.607907  1.119888
14 21  0.466520  1.423222
14 22  0.637649  1.211260
14 23  0.637931  1.166859
14 24  0.619616  1.331917
14 25  0.633649  1.206205
14 26  0.616662  1.303870
14 27  0.610941  1.073485
14 28  0.604212  1.275596
14 29  0.631946  1.293970
14 30  0.608125  1.095867
15 16  0.624580  1.162814
15 17  0.576468  0.988785
15 18  0.593556  0.934303
15 19  0.594128  0.869587
15 20  0.594306  0.876340
15 21  0.630699  1.222173
15 22  0.595717  0.940421
15 23  0.629560  0.932600
15 24  0.625840  1.121938
15 25  0.366875  0.792108
15 26  0.628685  1.094140
15 27  0.598736  0.832445
15 28  0.624358  1.091899
15 29  0.582637  1.009014
15 30  0.596034  0.855011
16 17  0.600536  1.166733
16 18  0.597943  1.078808
16 19  0.602724  1.044988
16 20  0.601085  1.043768
16 21  0.618581  1.349981
16 22  0.630495  1.123006
16 23  0.634879  1.097203
16 24  0.600297  1.277360
16 25  0.627187  1.142405
16 26  0.626257  1.197839
16 27  0.604780  1.007404
16 28  0.621225  1.237539
16 29  0.613791  1.148439
16 30  0.602101  1.031836
17 18  0.570686  0.937065
17 19  0.573039  0.861674
17 20  0.572331  0.879148
17 21  0.605754  1.192749
17 22  0.600019  0.962941
17 23  0.606756  0.927643
17 24  0.580203  1.039444
17 25  0.575758  0.912361
17 26  0.605196  1.094529
17 27  0.575945  0.834629
17 28  0.600637  1.067344
17 29  0.597051  1.058008
17 30  0.573284  0.853736
18 19  0.571418  0.814369
18 20  0.570094  0.821249
18 21  0.603036  1.148211
18 22  0.600867  0.910935
18 23  0.583011  0.853980
18 24  0.602330  1.062080
18 25  0.596353  0.910889
18 26  0.578199  0.967036
18 27  0.567536  0.766647
18 28  0.595826  1.029360
18 29  0.596197  0.987580
18 30  0.566023  0.794744
19 20  0.528533  0.723605
19 21  0.609277  1.094196
19 22  0.581708  0.834702
19 23  0.607520  0.812253
19 24  0.606715  0.995621
19 25  0.591842  0.825084
19 26  0.606612  0.974819
19 27  0.576614  0.711896
19 28  0.602537  0.970638
19 29  0.593020  0.926112
19 30  0.573965  0.734012
20 21  0.607873  1.101109
20 22  0.581102  0.840511
20 23  0.606201  0.821966
20 24  0.605358  1.010449
20 25  0.591335  0.844415
20 26  0.605262  0.979830
20 27  0.575296  0.721003
20 28  0.601198  0.982189
20 29  0.590627  0.918014
20 30  0.572648  0.743670
21 22  0.638634  1.203702
21 23  0.640514  1.162544
21 24  0.620900  1.306066
21 25  0.634189  1.186524
21 26  0.619416  1.283184
21 27  0.610685  1.057119
21 28  0.616361  1.295441
21 29  0.632545  1.257186
21 30  0.607600  1.074016
22 23  0.636990  0.910596
22 24  0.636101  1.094795
22 25  0.604923  0.927629
22 26  0.635861  1.064556
22 27  0.606098  0.814230
22 28  0.631822  1.063974
22 29  0.604471  1.003612
22 30  0.603449  0.836666
23 24  0.638438  1.046067
23 25  0.632468  0.906110
23 26  0.637467  1.026344
23 27  0.573192  0.753257
23 28  0.623391  0.989077
23 29  0.632406  0.996673
23 30  0.570906  0.766643
24 25  0.630128  1.070715
24 26  0.631206  1.208938
24 27  0.608487  0.964575
24 28  0.626024  1.160345
24 29  0.630934  1.187509
24 30  0.605731  0.981480
25 26  0.631388  1.069983
25 27  0.601581  0.808540
25 28  0.627357  1.058232
25 29  0.589316  1.015458
25 30  0.598933  0.829705
26 27  0.607994  0.932878
26 28  0.595426  1.169371
26 29  0.630737  1.134021
26 30  0.605066  0.957868
27 28  0.602623  0.932212
27 29  0.601547  0.897727
27 30  0.527206  0.655518
28 29  0.626805  1.152960
28 30  0.598944  0.943786
29 30  0.598897  0.921239
