   -841.25224367
   -841.51401959     -841.37172783
0.00005286657390
2 2 2 2 2 2 2 2 2 2 2 0 0 0 0 0 0 0 0 0 0 0 
1  0.272021  0.424390
2  0.296050  0.589334
3  0.300840  0.767578
4  0.277224  0.416095
5  0.298551  0.756182
6  0.272429  0.418217
7  0.293781  0.572367
8  0.275509  0.548934
9  0.277459  0.561514
10  0.276099  0.406260
11  0.267869  0.643496
12  0.273828  0.653613
13  0.279845  0.537343
14  0.277876  0.557485
15  0.300198  0.764047
16  0.301530  0.760483
17  0.295128  0.581421
18  0.278861  0.396015
19  0.274616  0.410463
20  0.279745  0.420802
21  0.273691  0.409765
22  0.298218  0.615312
1 2  0.565608  0.980503
1 3  0.571272  1.172022
1 4  0.549052  0.837185
1 5  0.570484  1.162232
1 6  0.497691  0.808246
1 7  0.532822  0.976706
1 8  0.547474  0.966317
1 9  0.549421  0.984727
1 10  0.547627  0.829070
1 11  0.539732  1.065201
1 12  0.545613  1.076045
1 13  0.551854  0.960974
1 14  0.549857  0.980738
1 15  0.571891  1.185878
1 16  0.573228  1.181860
1 17  0.525547  0.961571
1 18  0.549711  0.819463
1 19  0.493716  0.782975
1 20  0.551480  0.844424
1 21  0.272172  0.626215
1 22  0.568597  1.038503
2 3  0.587760  1.320852
2 4  0.538654  0.980073
2 5  0.593473  1.284823
2 6  0.566851  0.992966
2 7  0.582701  1.138983
2 8  0.571343  1.128281
2 9  0.573465  1.145291
2 10  0.538451  0.979137
2 11  0.563112  1.213332
2 12  0.569609  1.236807
2 13  0.575538  1.123855
2 14  0.572935  1.144127
2 15  0.595256  1.345251
2 16  0.582996  1.316469
2 17  0.578479  1.143856
2 18  0.531406  0.943898
2 19  0.570407  0.997367
2 20  0.531571  0.970864
2 21  0.568197  0.998179
2 22  0.362670  1.092246
3 4  0.574966  1.145878
3 5  0.584891  1.483019
3 6  0.570330  1.146893
3 7  0.585875  1.312365
3 8  0.571349  1.244251
3 9  0.575169  1.294557
3 10  0.575227  1.156025
3 11  0.539355  1.361500
3 12  0.539007  1.352241
3 13  0.579851  1.298224
3 14  0.576710  1.318041
3 15  0.578353  1.466531
3 16  0.356087  1.452701
3 17  0.581438  1.316800
3 18  0.579348  1.161508
3 19  0.573503  1.176129
3 20  0.578730  1.186767
3 21  0.574170  1.174824
3 22  0.584438  1.349247
4 5  0.575548  1.166523
4 6  0.549514  0.822925
4 7  0.569681  0.978531
4 8  0.552629  0.955781
4 9  0.554649  0.973499
4 10  0.505083  0.788768
4 11  0.544976  1.055481
4 12  0.550946  1.067897
4 13  0.557026  0.952776
4 14  0.554786  0.972636
4 15  0.576779  1.178296
4 16  0.576954  1.174982
4 17  0.572075  0.994823
4 18  0.502603  0.762859
4 19  0.551502  0.826192
4 20  0.279124  0.621431
4 21  0.550656  0.825047
4 22  0.531877  0.992021
5 6  0.570912  1.170444
5 7  0.591823  1.298734
5 8  0.545843  1.272609
5 9  0.547703  1.278512
5 10  0.574578  1.158950
5 11  0.545487  1.345811
5 12  0.544707  1.354375
5 13  0.539466  1.232589
5 14  0.539312  1.257755
5 15  0.368888  1.455037
5 16  0.577373  1.452989
5 17  0.593557  1.332315
5 18  0.577271  1.150800
5 19  0.572943  1.164722
5 20  0.577693  1.175137
5 21  0.571890  1.163689
5 22  0.595688  1.362894
6 7  0.532320  0.969423
6 8  0.547868  0.957560
6 9  0.549821  0.973817
6 10  0.548336  0.822017
6 11  0.539892  1.055540
6 12  0.544972  1.070433
6 13  0.552078  0.954792
6 14  0.550300  0.974743
6 15  0.572286  1.180167
6 16  0.572273  1.176623
6 17  0.524024  0.951392
6 18  0.550964  0.813362
6 19  0.275433  0.623738
6 20  0.551787  0.838615
6 21  0.495103  0.783300
6 22  0.570372  1.031212
7 8  0.569225  1.115983
7 9  0.571113  1.108886
7 10  0.567544  0.951832
7 11  0.559802  1.163746
7 12  0.564881  1.221055
7 13  0.572887  1.106973
7 14  0.571386  1.127122
7 15  0.593782  1.331180
7 16  0.580783  1.301939
7 17  0.357486  1.035961
7 18  0.571063  0.967599
7 19  0.525457  0.941283
7 20  0.573241  0.990387
7 21  0.524222  0.936112
7 22  0.579443  1.158497
8 9  0.506747  1.076380
8 10  0.551552  0.950446
8 11  0.538951  1.167956
8 12  0.548116  1.193183
8 13  0.503865  1.030996
8 14  0.274664  0.936666
8 15  0.538056  1.249667
8 16  0.575336  1.302610
8 17  0.570225  1.127702
8 18  0.554339  0.944197
8 19  0.550093  0.958562
8 20  0.554973  0.968866
8 21  0.549146  0.957810
8 22  0.572744  1.161289
9 10  0.553536  0.958817
9 11  0.539100  1.137107
9 12  0.547319  1.210012
9 13  0.274703  0.923179
9 14  0.503134  1.053055
9 15  0.540316  1.269033
9 16  0.578122  1.314038
9 17  0.571801  1.139820
9 18  0.556317  0.956609
9 19  0.551884  0.971097
9 20  0.557170  0.981539
9 21  0.551142  0.970532
9 22  0.575398  1.173142
10 11  0.543859  1.033074
10 12  0.549671  1.058288
10 13  0.555940  0.942698
10 14  0.553932  0.962921
10 15  0.576100  1.168673
10 16  0.577271  1.164697
10 17  0.569740  0.986801
10 18  0.276731  0.582425
10 19  0.550471  0.816136
10 20  0.502485  0.777779
10 21  0.548738  0.815145
10 22  0.531521  0.978880
11 12  0.262749  1.154365
11 13  0.544196  1.176506
11 14  0.544626  1.190398
11 15  0.540532  1.355851
11 16  0.534119  1.337025
11 17  0.560774  1.219652
11 18  0.546514  1.038095
11 19  0.541169  1.052826
11 20  0.547519  1.062120
11 21  0.541218  1.051822
11 22  0.565866  1.251925
12 13  0.546920  1.126363
12 14  0.546100  1.192891
12 15  0.551344  1.358015
12 16  0.545479  1.366996
12 17  0.566707  1.178728
12 18  0.552610  1.036754
12 19  0.547912  1.055921
12 20  0.553433  1.071505
12 21  0.547262  1.060727
12 22  0.570706  1.248370
13 14  0.511011  1.067080
13 15  0.551891  1.264965
13 16  0.577328  1.266992
13 17  0.574866  1.096605
13 18  0.558682  0.927422
13 19  0.554428  0.942246
13 20  0.559530  0.955298
13 21  0.553507  0.946230
13 22  0.577967  1.147808
14 15  0.549441  1.275187
14 16  0.574053  1.244857
14 17  0.572944  1.135662
14 18  0.556678  0.950721
14 19  0.552453  0.961215
14 20  0.557499  0.968339
14 21  0.551539  0.960775
14 22  0.575770  1.156083
15 16  0.587968  1.479705
15 17  0.594463  1.309142
15 18  0.578966  1.157238
15 19  0.574717  1.172188
15 20  0.579684  1.176202
15 21  0.573785  1.157273
15 22  0.596902  1.307329
16 17  0.588010  1.318177
16 18  0.578158  1.142445
16 19  0.572923  1.136181
16 20  0.577738  1.141434
16 21  0.573054  1.152674
16 22  0.589699  1.329833
17 18  0.571188  0.952674
17 19  0.535708  0.967577
17 20  0.572936  0.994859
17 21  0.536191  0.968837
17 22  0.585209  1.168422
18 19  0.553236  0.804347
18 20  0.509624  0.784780
18 21  0.552017  0.803720
18 22  0.543583  0.994830
19 20  0.554263  0.822093
19 21  0.501096  0.789242
19 22  0.570818  1.014845
20 21  0.553205  0.827322
20 22  0.543694  1.005296
21 22  0.569079  0.991538
