   -841.25224367
   -841.51434437     -841.37253288
0.00003878423101
2 2 2 2 2 2 2 2 2 2 2 0 0 0 0 0 0 0 0 0 0 0 
1  0.273343  0.435396
2  0.297682  0.601538
3  0.301754  0.765664
4  0.278496  0.426042
5  0.298844  0.743368
6  0.273790  0.427494
7  0.295160  0.584254
8  0.275675  0.539472
9  0.277651  0.551563
10  0.277377  0.417683
11  0.268210  0.635602
12  0.274242  0.645300
13  0.280029  0.528027
14  0.278051  0.547859
15  0.300525  0.751355
16  0.302411  0.759295
17  0.296385  0.593379
18  0.280239  0.407491
19  0.275996  0.419237
20  0.281071  0.430505
21  0.275088  0.420616
22  0.299735  0.627092
1 2  0.568516  1.001707
1 3  0.573459  1.180495
1 4  0.551640  0.858096
1 5  0.572097  1.159669
1 6  0.500094  0.828438
1 7  0.535252  0.998563
1 8  0.548959  0.967796
1 9  0.550928  0.985727
1 10  0.550216  0.851242
1 11  0.541387  1.068082
1 12  0.547342  1.078615
1 13  0.553359  0.962636
1 14  0.551350  0.982077
1 15  0.573524  1.184104
1 16  0.575417  1.191389
1 17  0.527825  0.983562
1 18  0.552421  0.841959
1 19  0.496205  0.802217
1 20  0.554127  0.865078
1 21  0.274706  0.650684
1 22  0.571419  1.061188
2 3  0.590213  1.330620
2 4  0.541242  1.002016
2 5  0.595376  1.284190
2 6  0.569825  1.013495
2 7  0.585660  1.162049
2 8  0.573137  1.131188
2 9  0.575287  1.147580
2 10  0.541017  1.001843
2 11  0.565072  1.217295
2 12  0.571649  1.240661
2 13  0.577353  1.126729
2 14  0.574732  1.146715
2 15  0.597208  1.344740
2 16  0.585460  1.326299
2 17  0.581358  1.167417
2 18  0.534060  0.966324
2 19  0.573397  1.018277
2 20  0.534157  0.991484
2 21  0.571224  1.021166
2 22  0.365482  1.118919
3 4  0.577048  1.152167
3 5  0.586091  1.470074
3 6  0.572527  1.152777
3 7  0.588093  1.321465
3 8  0.572419  1.235443
3 9  0.576260  1.283749
3 10  0.577341  1.164653
3 11  0.540638  1.352522
3 12  0.540349  1.344436
3 13  0.580949  1.287428
3 14  0.577792  1.307103
3 15  0.579595  1.454175
3 16  0.357877  1.449157
3 17  0.583626  1.325778
3 18  0.581616  1.170853
3 19  0.575762  1.182885
3 20  0.580897  1.194417
3 21  0.576457  1.183492
3 22  0.586866  1.357931
4 5  0.577107  1.163661
4 6  0.552139  0.841466
4 7  0.572302  0.999448
4 8  0.554060  0.956115
4 9  0.556108  0.973287
4 10  0.507698  0.810309
4 11  0.546585  1.057265
4 12  0.552627  1.069525
4 13  0.558478  0.953381
4 14  0.556214  0.972923
4 15  0.578356  1.175509
4 16  0.579043  1.183594
4 17  0.574592  1.016638
4 18  0.505181  0.783869
4 19  0.554150  0.844886
4 20  0.281253  0.643271
4 21  0.553320  0.845783
4 22  0.534388  1.012521
5 6  0.572564  1.166761
5 7  0.593484  1.297605
5 8  0.546307  1.251550
5 9  0.548212  1.257534
5 10  0.576143  1.157179
5 11  0.546116  1.327336
5 12  0.545419  1.334899
5 13  0.539951  1.211865
5 14  0.539796  1.236637
5 15  0.369555  1.426506
5 16  0.578555  1.441175
5 17  0.595103  1.331448
5 18  0.578945  1.149363
5 19  0.574609  1.160675
5 20  0.579294  1.171994
5 21  0.573573  1.161637
5 22  0.597497  1.361873
6 7  0.534846  0.990576
6 8  0.549392  0.957266
6 9  0.551370  0.973088
6 10  0.550968  0.842648
6 11  0.541581  1.056855
6 12  0.546715  1.071380
6 13  0.553615  0.954743
6 14  0.551836  0.974372
6 15  0.573966  1.176727
6 16  0.574491  1.184580
6 17  0.526451  0.971687
6 18  0.553706  0.834045
6 19  0.277618  0.642999
6 20  0.554470  0.857569
6 21  0.497569  0.802924
6 22  0.573232  1.052192
7 8  0.570769  1.118479
7 9  0.572685  1.111013
7 10  0.570140  0.973048
7 11  0.561497  1.167227
7 12  0.566673  1.224589
7 13  0.574433  1.109561
7 14  0.572937  1.129353
7 15  0.595482  1.330342
7 16  0.583047  1.311495
7 17  0.360063  1.062886
7 18  0.573790  0.990919
7 19  0.527932  0.961093
7 20  0.575931  1.011863
7 21  0.526676  0.957788
7 22  0.582339  1.181533
8 9  0.507086  1.057520
8 10  0.552993  0.952318
8 11  0.539457  1.151671
8 12  0.548696  1.175840
8 13  0.504222  1.013171
8 14  0.274985  0.914574
8 15  0.538563  1.229080
8 16  0.576381  1.292528
8 17  0.571646  1.130170
8 18  0.555884  0.946159
8 19  0.551637  0.957851
8 20  0.556448  0.969075
8 21  0.550708  0.959161
8 22  0.574420  1.163625
9 10  0.555007  0.959844
9 11  0.539625  1.122181
9 12  0.547918  1.192314
9 13  0.275054  0.900993
9 14  0.503506  1.034821
9 15  0.540853  1.247663
9 16  0.579191  1.303387
9 17  0.573238  1.141846
9 18  0.557886  0.958059
9 19  0.553447  0.969905
9 20  0.558686  0.981259
9 21  0.552730  0.971396
9 22  0.577107  1.174981
10 11  0.545476  1.035534
10 12  0.551347  1.061279
10 13  0.557402  0.944732
10 14  0.555386  0.964667
10 15  0.577703  1.167311
10 16  0.579411  1.174676
10 17  0.572241  1.010107
10 18  0.279145  0.608351
10 19  0.553129  0.836284
10 20  0.505062  0.798634
10 21  0.551426  0.837420
10 22  0.533952  1.000698
11 12  0.263433  1.135222
11 13  0.544719  1.159774
11 14  0.545142  1.173307
11 15  0.541203  1.336836
11 16  0.535382  1.330059
11 17  0.562377  1.223652
11 18  0.548220  1.041564
11 19  0.542877  1.053680
11 20  0.549183  1.063914
11 21  0.542953  1.054698
11 22  0.567720  1.255842
12 13  0.547517  1.111565
12 14  0.546686  1.175760
12 15  0.552086  1.339673
12 16  0.546791  1.358070
12 17  0.568358  1.181906
12 18  0.554401  1.038898
12 19  0.549685  1.056281
12 20  0.555166  1.072626
12 21  0.549062  1.063040
12 22  0.572622  1.251667
13 14  0.511357  1.048473
13 15  0.552429  1.244514
13 16  0.578372  1.257430
13 17  0.576306  1.099403
13 18  0.560243  0.929191
13 19  0.555992  0.941729
13 20  0.561034  0.955496
13 21  0.555087  0.947711
13 22  0.579667  1.150321
14 15  0.549949  1.254552
14 16  0.575093  1.236615
14 17  0.574375  1.138022
14 18  0.558225  0.952532
14 19  0.554005  0.960234
14 20  0.558991  0.968267
14 21  0.553109  0.961855
14 22  0.577459  1.158520
15 16  0.589177  1.467642
15 17  0.596034  1.308275
15 18  0.580664  1.155620
15 19  0.576421  1.168153
15 20  0.581325  1.173285
15 21  0.575506  1.154634
15 22  0.598729  1.306732
16 17  0.590091  1.328080
16 18  0.580307  1.151995
16 19  0.575130  1.142320
16 20  0.579849  1.148154
16 21  0.575247  1.161674
16 22  0.592046  1.340011
17 18  0.573765  0.973850
17 19  0.538143  0.988195
17 20  0.575469  1.015740
17 21  0.538582  0.990444
17 22  0.587943  1.190896
18 19  0.555987  0.824536
18 20  0.512370  0.806370
18 21  0.554785  0.825703
18 22  0.546077  1.016901
19 20  0.556961  0.839963
19 21  0.503627  0.808990
19 22  0.573685  1.034604
20 21  0.555922  0.847831
20 22  0.546274  1.026457
21 22  0.571953  1.012050
