   -841.25224367
   -841.51455381     -841.37302284
0.00002956750060
2 2 2 2 2 2 2 2 2 2 2 0 0 0 0 0 0 0 0 0 0 0 
1  0.274341  0.441070
2  0.298801  0.607904
3  0.302368  0.765052
4  0.279456  0.431392
5  0.299051  0.736842
6  0.274609  0.432306
7  0.296164  0.590204
8  0.275797  0.534742
9  0.277771  0.546646
10  0.278339  0.423500
11  0.268464  0.631939
12  0.274495  0.641401
13  0.280158  0.523340
14  0.278176  0.542979
15  0.300725  0.744931
16  0.303003  0.758958
17  0.297289  0.599425
18  0.281216  0.413281
19  0.276841  0.423771
20  0.282074  0.435847
21  0.276212  0.426434
22  0.300817  0.633234
1 2  0.570610  1.012819
1 3  0.575023  1.185236
1 4  0.553596  0.869068
1 5  0.573301  1.158505
1 6  0.501825  0.838869
1 7  0.536993  1.009630
1 8  0.550079  0.968695
1 9  0.552043  0.986458
1 10  0.552168  0.862602
1 11  0.542635  1.069996
1 12  0.548591  1.080329
1 13  0.554486  0.963612
1 14  0.552473  0.982857
1 15  0.574712  1.183332
1 16  0.576995  1.196585
1 17  0.529463  0.994852
1 18  0.554404  0.853429
1 19  0.497974  0.812228
1 20  0.556125  0.876075
1 21  0.276516  0.663222
1 22  0.573496  1.072952
2 3  0.591872  1.336069
2 4  0.543082  1.013377
2 5  0.596691  1.284046
2 6  0.571757  1.024226
2 7  0.587740  1.173876
2 8  0.574376  1.132910
2 9  0.576525  1.149059
2 10  0.542868  1.013511
2 11  0.566435  1.219824
2 12  0.573018  1.243105
2 13  0.578603  1.128403
2 14  0.575968  1.148208
2 15  0.598527  1.344701
2 16  0.587158  1.331709
2 17  0.583368  1.179521
2 18  0.535886  0.977858
2 19  0.575350  1.029135
2 20  0.536003  1.002601
2 21  0.573444  1.033320
2 22  0.367472  1.132769
3 4  0.578551  1.155924
3 5  0.586916  1.463847
3 6  0.573927  1.156192
3 7  0.589670  1.326291
3 8  0.573149  1.231343
3 9  0.576988  1.278698
3 10  0.578861  1.169398
3 11  0.541531  1.348578
3 12  0.541237  1.341163
3 13  0.581691  1.282352
3 14  0.578532  1.301906
3 15  0.580415  1.448283
3 16  0.359091  1.448018
3 17  0.585162  1.330720
3 18  0.583188  1.175909
3 19  0.577211  1.186749
3 20  0.582462  1.199089
3 21  0.578180  1.188582
3 22  0.588568  1.362792
4 5  0.578266  1.162431
4 6  0.553916  0.851283
4 7  0.574244  1.010344
4 8  0.555137  0.956619
4 9  0.557185  0.973626
4 10  0.509614  0.821727
4 11  0.547797  1.058847
4 12  0.553840  1.070946
4 13  0.559565  0.954031
4 14  0.557289  0.973380
4 15  0.579505  1.174420
4 16  0.580546  1.188538
4 17  0.576445  1.027950
4 18  0.507094  0.794945
4 19  0.555956  0.854760
4 20  0.282888  0.654924
4 21  0.555404  0.856933
4 22  0.536163  1.023459
5 6  0.573591  1.165001
5 7  0.594689  1.296957
5 8  0.546645  1.240896
5 9  0.548550  1.246945
5 10  0.577309  1.156278
5 11  0.546577  1.318194
5 12  0.545882  1.325362
5 13  0.540292  1.201404
5 14  0.540145  1.225924
5 15  0.369963  1.411995
5 16  0.579361  1.435441
5 17  0.596213  1.330988
5 18  0.580132  1.148588
5 19  0.575653  1.158685
5 20  0.580489  1.170802
5 21  0.574893  1.160894
5 22  0.598788  1.361525
6 7  0.536553  1.001282
6 8  0.550331  0.957279
6 9  0.552307  0.972939
6 10  0.552745  0.853252
6 11  0.542645  1.057944
6 12  0.547770  1.072281
6 13  0.554559  0.954865
6 14  0.552781  0.974296
6 15  0.574979  1.175108
6 16  0.575891  1.188986
6 17  0.528054  0.982169
6 18  0.555504  0.844618
6 19  0.278885  0.652785
6 20  0.556291  0.867713
6 21  0.499348  0.813248
6 22  0.575122  1.063101
7 8  0.571897  1.119743
7 9  0.573809  1.112150
7 10  0.572066  0.983754
7 11  0.562740  1.169234
7 12  0.567933  1.226639
7 13  0.575560  1.110841
7 14  0.574070  1.130416
7 15  0.596683  1.329878
7 16  0.584665  1.316575
7 17  0.361855  1.076311
7 18  0.575751  1.002637
7 19  0.529597  0.971163
7 20  0.577922  1.023075
7 21  0.528469  0.969078
7 22  0.584424  1.193352
8 9  0.507316  1.048105
8 10  0.554074  0.953363
8 11  0.539830  1.143782
8 12  0.549072  1.167428
8 13  0.504471  1.004283
8 14  0.275212  0.903436
8 15  0.538906  1.218751
8 16  0.577100  1.287744
8 17  0.572674  1.131476
8 18  0.556984  0.947195
8 19  0.552604  0.957648
8 20  0.557565  0.969674
8 21  0.551952  0.960233
8 22  0.575620  1.165045
9 10  0.556089  0.960521
9 11  0.539996  1.114996
9 12  0.548290  1.183758
9 13  0.275305  0.889903
9 14  0.503751  1.025762
9 15  0.541177  1.237021
9 16  0.579902  1.298378
9 17  0.574255  1.142996
9 18  0.558983  0.958894
9 19  0.554407  0.969519
9 20  0.559808  0.981669
9 21  0.553973  0.972283
9 22  0.578311  1.176209
10 11  0.546690  1.037138
10 12  0.552550  1.063150
10 13  0.558493  0.945832
10 14  0.556474  0.965585
10 15  0.578865  1.166669
10 16  0.580947  1.180028
10 17  0.574095  1.021933
10 18  0.280772  0.621381
10 19  0.554934  0.846618
10 20  0.507010  0.809749
10 21  0.553516  0.849060
10 22  0.535683  1.012054
11 12  0.263883  1.126246
11 13  0.545101  1.151645
11 14  0.545521  1.164987
11 15  0.541662  1.327610
11 16  0.536257  1.327137
11 17  0.563536  1.226015
11 18  0.549443  1.043642
11 19  0.543950  1.054543
11 20  0.550437  1.065572
11 21  0.544327  1.056802
11 22  0.569053  1.258330
12 13  0.547899  1.104361
12 14  0.547064  1.167372
12 15  0.552540  1.330599
12 16  0.547658  1.354090
12 17  0.569505  1.183816
12 18  0.555630  1.040334
12 19  0.550770  1.056835
12 20  0.556418  1.073957
12 21  0.550428  1.064845
12 22  0.573949  1.253822
13 14  0.511602  1.039051
13 15  0.552764  1.234153
13 16  0.579085  1.252863
13 17  0.577339  1.100846
13 18  0.561349  0.930116
13 19  0.556966  0.941566
13 20  0.562163  0.956076
13 21  0.556338  0.948815
13 22  0.580876  1.151812
14 15  0.550282  1.244085
14 16  0.575799  1.232665
14 17  0.575405  1.139217
14 18  0.559324  0.953424
14 19  0.554974  0.959824
14 20  0.560114  0.968622
14 21  0.554358  0.962722
14 22  0.578665  1.159918
15 16  0.589969  1.461773
15 17  0.597131  1.307868
15 18  0.581834  1.154803
15 19  0.577461  1.166228
15 20  0.582520  1.172164
15 21  0.576827  1.153626
15 22  0.600001  1.306582
16 17  0.591564  1.333343
16 18  0.581793  1.157043
16 19  0.576527  1.145782
16 20  0.581376  1.152121
16 21  0.576895  1.166798
16 22  0.593677  1.345551
17 18  0.575606  0.984588
17 19  0.539813  0.998632
17 20  0.577355  1.026765
17 21  0.540315  1.001619
17 22  0.589898  1.202472
18 19  0.557803  0.834826
18 20  0.514370  0.817807
18 21  0.556876  0.837144
18 22  0.547882  1.028243
19 20  0.558806  0.849536
19 21  0.505520  0.819436
19 22  0.575600  1.044925
20 21  0.558044  0.858954
20 22  0.548085  1.037524
21 22  0.574122  1.022983
