   -841.25224367
   -841.51467731     -841.37336119
0.00002342689144
2 2 2 2 2 2 2 2 2 2 2 0 0 0 0 0 0 0 0 0 0 0 
1  0.274887  0.445888
2  0.299438  0.613510
3  0.302760  0.764139
4  0.279995  0.435986
5  0.299186  0.730966
6  0.275157  0.436132
7  0.296775  0.595113
8  0.275865  0.530446
9  0.277845  0.542171
10  0.278860  0.429204
11  0.268633  0.628361
12  0.274672  0.637534
13  0.280233  0.519133
14  0.278245  0.538602
15  0.300859  0.739015
16  0.303387  0.758423
17  0.297838  0.604472
18  0.281781  0.419061
19  0.277422  0.427403
20  0.282624  0.440364
21  0.276805  0.431142
22  0.301417  0.638682
1 2  0.571782  1.022355
1 3  0.575940  1.188882
1 4  0.554678  0.878451
1 5  0.573982  1.157154
1 6  0.502852  0.847403
1 7  0.538008  1.018847
1 8  0.550691  0.969197
1 9  0.552661  0.986786
1 10  0.553232  0.872989
1 11  0.543344  1.071143
1 12  0.549313  1.081233
1 13  0.555106  0.964214
1 14  0.553087  0.983283
1 15  0.575390  1.182199
1 16  0.577916  1.200728
1 17  0.530390  1.004295
1 18  0.555521  0.864034
1 19  0.499033  0.820536
1 20  0.557220  0.885389
1 21  0.277568  0.673791
1 22  0.574631  1.083171
2 3  0.592853  1.340485
2 4  0.544104  1.023387
2 5  0.597454  1.283818
2 6  0.572934  1.033230
2 7  0.588973  1.183961
2 8  0.575080  1.134301
2 9  0.577236  1.150217
2 10  0.543892  1.024309
2 11  0.567234  1.221709
2 12  0.573829  1.244835
2 13  0.579316  1.129800
2 14  0.576672  1.149443
2 15  0.599301  1.344402
2 16  0.588179  1.336234
2 17  0.584547  1.189898
2 18  0.536928  0.988563
2 19  0.576560  1.038357
2 20  0.537014  1.012122
2 21  0.574667  1.043606
2 22  0.368623  1.145124
3 4  0.579434  1.158809
3 5  0.587441  1.457835
3 6  0.574842  1.158490
3 7  0.590644  1.329921
3 8  0.573600  1.227274
3 9  0.577450  1.273787
3 10  0.579730  1.173769
3 11  0.542102  1.344466
3 12  0.541812  1.337490
3 13  0.582157  1.277423
3 14  0.578993  1.296875
3 15  0.580944  1.442484
3 16  0.359871  1.446331
3 17  0.586107  1.334401
3 18  0.584130  1.180643
3 19  0.578170  1.189415
3 20  0.583378  1.202621
3 21  0.579159  1.192259
3 22  0.589565  1.366754
4 5  0.578933  1.161139
4 6  0.554999  0.859388
4 7  0.575378  1.019447
4 8  0.555738  0.956849
4 9  0.557797  0.973661
4 10  0.510684  0.832161
4 11  0.548502  1.059746
4 12  0.554552  1.071666
4 13  0.560178  0.954407
4 14  0.557886  0.973583
4 15  0.580161  1.173091
4 16  0.581445  1.192518
4 17  0.577525  1.037542
4 18  0.508144  0.805145
4 19  0.557075  0.862972
4 20  0.283887  0.665153
4 21  0.556535  0.866212
4 22  0.537159  1.032908
5 6  0.574272  1.162894
5 7  0.595430  1.295968
5 8  0.546850  1.231227
5 9  0.548769  1.237344
5 10  0.577962  1.155915
5 11  0.546880  1.309708
5 12  0.546199  1.316365
5 13  0.540507  1.191940
5 14  0.540354  1.216261
5 15  0.370251  1.398726
5 16  0.579884  1.430045
5 17  0.596896  1.330179
5 18  0.580830  1.148456
5 19  0.576366  1.156450
5 20  0.581162  1.169438
5 21  0.575613  1.159696
5 22  0.599526  1.361118
6 7  0.537622  1.010040
6 8  0.550945  0.956768
6 9  0.552927  0.972290
6 10  0.553810  0.862760
6 11  0.543353  1.058175
6 12  0.548481  1.072232
6 13  0.555177  0.954483
6 14  0.553396  0.973739
6 15  0.575659  1.173028
6 16  0.576813  1.192221
6 17  0.529054  0.990616
6 18  0.556616  0.854187
6 19  0.279770  0.660781
6 20  0.557389  0.876042
6 21  0.500359  0.821577
6 22  0.576262  1.072348
7 8  0.572575  1.120405
7 9  0.574494  1.112720
7 10  0.573175  0.993357
7 11  0.563508  1.170410
7 12  0.568720  1.227691
7 13  0.576242  1.111561
7 14  0.574749  1.130942
7 15  0.597426  1.328891
7 16  0.585656  1.320484
7 17  0.362950  1.087570
7 18  0.576911  1.013303
7 19  0.530604  0.979292
7 20  0.579075  1.032450
7 21  0.529501  0.978290
7 22  0.585629  1.203441
8 9  0.507452  1.039544
8 10  0.554660  0.954737
8 11  0.540064  1.136375
8 12  0.549316  1.159456
8 13  0.504618  0.996223
8 14  0.275357  0.893376
8 15  0.539114  1.209239
8 16  0.577551  1.283155
8 17  0.573292  1.132220
8 18  0.557617  0.948652
8 19  0.553252  0.956980
8 20  0.558175  0.969882
8 21  0.552611  0.960635
8 22  0.576283  1.166204
9 10  0.556684  0.961539
9 11  0.540237  1.108227
9 12  0.548541  1.175648
9 13  0.275445  0.879866
9 14  0.503898  1.017522
9 15  0.541391  1.227196
9 16  0.580359  1.293578
9 17  0.574873  1.143592
9 18  0.559623  0.960156
9 19  0.555058  0.968677
9 20  0.560433  0.981703
9 21  0.554641  0.972507
9 22  0.578988  1.177187
10 11  0.547377  1.038740
10 12  0.553236  1.064933
10 13  0.559088  0.947293
10 14  0.557063  0.966889
10 15  0.579518  1.166412
10 16  0.581838  1.185073
10 17  0.575168  1.032652
10 18  0.281785  0.634313
10 19  0.556035  0.855931
10 20  0.508047  0.819815
10 21  0.554637  0.859476
10 22  0.536645  1.022517
11 12  0.264202  1.117423
11 13  0.545344  1.144054
11 14  0.545758  1.157228
11 15  0.541966  1.318832
11 16  0.536823  1.323989
11 17  0.564254  1.227481
11 18  0.550167  1.045791
11 19  0.544684  1.054591
11 20  0.551152  1.066511
11 21  0.545086  1.057899
11 22  0.569818  1.260210
12 13  0.548151  1.097553
12 14  0.547309  1.159469
12 15  0.552852  1.322011
12 16  0.548228  1.349950
12 17  0.570224  1.184884
12 18  0.556371  1.041781
12 19  0.551516  1.056558
12 20  0.557141  1.074478
12 21  0.551190  1.065588
12 22  0.574718  1.255367
13 14  0.511743  1.030570
13 15  0.552982  1.224705
13 16  0.579537  1.248536
13 17  0.577963  1.101797
13 18  0.561988  0.931504
13 19  0.557622  0.941003
13 20  0.562787  0.956291
13 21  0.557006  0.949295
13 22  0.581551  1.153088
14 15  0.550486  1.234518
14 16  0.576243  1.228891
14 17  0.576023  1.139912
14 18  0.559954  0.954806
14 19  0.555623  0.959033
14 20  0.560730  0.968689
14 21  0.555019  0.963017
14 22  0.579332  1.161133
15 16  0.590489  1.456107
15 17  0.597810  1.307036
15 18  0.582529  1.154472
15 19  0.578172  1.163910
15 20  0.583199  1.170803
15 21  0.577555  1.152106
15 22  0.600731  1.306314
16 17  0.592478  1.337494
16 18  0.582685  1.161909
16 19  0.577473  1.148241
16 20  0.582267  1.155225
16 21  0.577835  1.170693
16 22  0.594633  1.350244
17 18  0.576698  0.994356
17 19  0.540841  1.007231
17 20  0.578443  1.035971
17 21  0.541315  1.010774
17 22  0.591034  1.212408
18 19  0.558949  0.844213
18 20  0.515495  0.828297
18 21  0.558032  0.847463
18 22  0.548891  1.038851
19 20  0.559934  0.857406
19 21  0.506607  0.827818
19 22  0.576775  1.053662
20 21  0.559185  0.868159
20 22  0.549085  1.047290
21 22  0.575303  1.032195
