   -993.89711508
   -994.20946370     -994.07676946
0.00001674835968
2 2 2 2 2 2 2 2 2 2 2 2 2 0 0 0 0 0 0 0 0 0 0 0 0 0 
1  0.271111  0.578648
2  0.270680  0.592661
3  0.269839  0.465900
4  0.264842  0.498244
5  0.279113  0.391303
6  0.282196  0.384560
7  0.279419  0.404337
8  0.276668  0.406037
9  0.303621  0.682450
10  0.303762  0.657173
11  0.303408  0.506881
12  0.301928  0.526394
13  0.299357  0.725275
14  0.274586  0.547433
15  0.275433  0.590720
16  0.274348  0.444941
17  0.271281  0.525366
18  0.282560  0.411747
19  0.284520  0.371220
20  0.281072  0.391091
21  0.279498  0.412336
22  0.304123  0.683712
23  0.304637  0.523048
24  0.301802  0.747250
25  0.305009  0.658364
26  0.302865  0.520108
1 2  0.536479  1.109087
1 3  0.535898  1.001759
1 4  0.535836  1.072785
1 5  0.550097  0.967614
1 6  0.553089  0.950544
1 7  0.550437  0.981845
1 8  0.547701  0.977433
1 9  0.572560  1.233120
1 10  0.549159  1.200178
1 11  0.572803  1.067912
1 12  0.572888  1.083490
1 13  0.547710  1.259334
1 14  0.267772  0.959301
1 15  0.542083  1.164935
1 16  0.541002  1.021850
1 17  0.542133  1.099615
1 18  0.553279  0.987912
1 19  0.554780  0.949119
1 20  0.552151  0.969119
1 21  0.550354  0.990041
1 22  0.574498  1.255991
1 23  0.575268  1.098881
1 24  0.543544  1.282071
1 25  0.544169  1.187488
1 26  0.573259  1.096653
2 3  0.540315  1.032911
2 4  0.533008  1.078309
2 5  0.549751  0.980764
2 6  0.552854  0.969389
2 7  0.549941  0.996039
2 8  0.546855  0.990530
2 9  0.547933  1.233393
2 10  0.572051  1.222388
2 11  0.574054  1.093096
2 12  0.569849  1.077358
2 13  0.546269  1.273680
2 14  0.541103  1.136258
2 15  0.269887  1.026306
2 16  0.544083  1.035822
2 17  0.541213  1.107449
2 18  0.553234  1.003535
2 19  0.555181  0.963277
2 20  0.551141  0.981962
2 21  0.548593  1.003834
2 22  0.543023  1.225203
2 23  0.575040  1.113550
2 24  0.541665  1.296380
2 25  0.575002  1.245245
2 26  0.571805  1.110856
3 4  0.534639  0.961125
3 5  0.544800  0.848154
3 6  0.545800  0.828313
3 7  0.549257  0.869833
3 8  0.546506  0.869672
3 9  0.573407  1.140179
3 10  0.550123  1.091198
3 11  0.553093  0.949267
3 12  0.571755  0.983434
3 13  0.567414  1.171899
3 14  0.539823  1.011662
3 15  0.544256  1.054478
3 16  0.260102  0.696151
3 17  0.541110  0.989983
3 18  0.551345  0.871970
3 19  0.550655  0.835858
3 20  0.550892  0.856705
3 21  0.549300  0.877765
3 22  0.573667  1.147018
3 23  0.547201  0.954778
3 24  0.571008  1.208471
3 25  0.544681  1.089382
3 26  0.572679  0.984782
4 5  0.543937  0.887254
4 6  0.547030  0.882433
4 7  0.538248  0.875327
4 8  0.537341  0.893264
4 9  0.545447  1.141092
4 10  0.568263  1.143607
4 11  0.568196  0.996083
4 12  0.547170  0.999775
4 13  0.560837  1.170314
4 14  0.539056  1.042632
4 15  0.539556  1.078982
4 16  0.539185  0.942235
4 17  0.256599  0.830647
4 18  0.547213  0.909455
4 19  0.549311  0.869217
4 20  0.542515  0.888388
4 21  0.543306  0.904973
4 22  0.539520  1.146092
4 23  0.569207  1.019761
4 24  0.564492  1.241250
4 25  0.568637  1.153801
4 26  0.540654  0.987455
5 6  0.514158  0.740881
5 7  0.558530  0.794280
5 8  0.555780  0.795817
5 9  0.582641  1.064557
5 10  0.578746  1.019178
5 11  0.552590  0.873682
5 12  0.581038  0.917203
5 13  0.578123  1.111298
5 14  0.553341  0.937148
5 15  0.554541  0.981359
5 16  0.552280  0.831839
5 17  0.550218  0.916200
5 18  0.280506  0.576623
5 19  0.511202  0.716793
5 20  0.560165  0.782239
5 21  0.558610  0.803448
5 22  0.583042  1.073868
5 23  0.544488  0.872949
5 24  0.579955  1.136986
5 25  0.582681  1.049193
5 26  0.581935  0.911046
6 7  0.561614  0.788446
6 8  0.558863  0.789144
6 9  0.585779  1.060845
6 10  0.583507  1.025970
6 11  0.554474  0.871191
6 12  0.584124  0.908991
6 13  0.581476  1.108156
6 14  0.555908  0.931390
6 15  0.557597  0.974516
6 16  0.552503  0.828129
6 17  0.553440  0.909567
6 18  0.511668  0.747254
6 19  0.281993  0.517800
6 20  0.563266  0.775527
6 21  0.561693  0.796718
6 22  0.586310  1.067410
6 23  0.547103  0.866497
6 24  0.583616  1.130342
6 25  0.586487  1.041830
6 26  0.585041  0.904309
7 8  0.509512  0.775442
7 9  0.580625  1.067143
7 10  0.583120  1.053798
7 11  0.582824  0.909065
7 12  0.551029  0.910538
7 13  0.578574  1.115911
7 14  0.553995  0.951146
7 15  0.554468  0.992633
7 16  0.553740  0.849001
7 17  0.546466  0.928573
7 18  0.561936  0.815858
7 19  0.563931  0.775441
7 20  0.278998  0.569927
7 21  0.506234  0.765986
7 22  0.582866  1.086661
7 23  0.583955  0.926903
7 24  0.580410  1.149915
7 25  0.584288  1.061549
7 26  0.543470  0.882325
8 9  0.576307  1.054007
8 10  0.580373  1.052766
8 11  0.580072  0.912395
8 12  0.548215  0.908688
8 13  0.575933  1.129230
8 14  0.551044  0.952778
8 15  0.550626  0.995304
8 16  0.550986  0.850635
8 17  0.546691  0.927090
8 18  0.559216  0.817561
8 19  0.561188  0.777122
8 20  0.506615  0.754121
8 21  0.279248  0.600727
8 22  0.579541  1.088870
8 23  0.581247  0.928619
8 24  0.577854  1.151171
8 25  0.581671  1.063203
8 26  0.539597  0.879822
9 10  0.604518  1.273083
9 11  0.606840  1.184043
9 12  0.594142  1.193588
9 13  0.587986  1.378786
9 14  0.577506  1.224638
9 15  0.546849  1.221579
9 16  0.577724  1.125281
9 17  0.545235  1.171086
9 18  0.585947  1.092854
9 19  0.588122  1.052951
9 20  0.584091  1.072555
9 21  0.581349  1.093799
9 22  0.372214  1.276003
9 23  0.607607  1.202717
9 24  0.582536  1.377919
9 25  0.607708  1.333249
9 26  0.587307  1.171551
10 11  0.595551  1.148569
10 12  0.605660  1.179117
10 13  0.588660  1.354364
10 14  0.546876  1.158682
10 15  0.578400  1.242620
10 16  0.547119  1.066384
10 17  0.573934  1.179395
10 18  0.584657  1.068245
10 19  0.587591  1.027753
10 20  0.584748  1.047349
10 21  0.583250  1.068280
10 22  0.607067  1.333396
10 23  0.589443  1.150681
10 24  0.583290  1.350872
10 25  0.374895  1.217587
10 26  0.606161  1.174795
11 12  0.605324  1.027980
11 13  0.600725  1.188982
11 14  0.577431  1.052338
11 15  0.578587  1.095758
11 16  0.551044  0.918461
11 17  0.574386  1.030787
11 18  0.546963  0.879102
11 19  0.546906  0.834341
11 20  0.584418  0.897612
11 21  0.582881  0.918750
11 22  0.606851  1.188080
11 23  0.376121  0.890679
11 24  0.604460  1.250667
11 25  0.588726  1.135662
11 26  0.606256  1.025882
12 13  0.600252  1.222518
12 14  0.575711  1.071980
12 15  0.575254  1.115264
12 16  0.576249  0.970283
12 17  0.546601  1.017760
12 18  0.584459  0.937649
12 19  0.586432  0.897307
12 20  0.542162  0.871359
12 21  0.542305  0.897856
12 22  0.586701  1.179263
12 23  0.606558  1.048241
12 24  0.603528  1.270683
12 25  0.606547  1.182135
12 26  0.372405  0.912103
13 14  0.543862  1.227784
13 15  0.544318  1.269967
13 16  0.573090  1.166776
13 17  0.568272  1.246554
13 18  0.580997  1.135473
13 19  0.583512  1.095410
13 20  0.579670  1.114974
13 21  0.578416  1.135560
13 22  0.580811  1.359246
13 23  0.603225  1.244819
13 24  0.374080  1.403043
13 25  0.582724  1.336005
13 26  0.602028  1.242767
14 15  0.544196  1.082744
14 16  0.543551  0.958661
14 17  0.545685  1.069243
14 18  0.556982  0.958024
14 19  0.558970  0.911743
14 20  0.555588  0.937726
14 21  0.554037  0.952554
14 22  0.575673  1.208974
14 23  0.577001  1.056863
14 24  0.553013  1.252601
14 25  0.553468  1.178763
14 26  0.577334  1.050019
15 16  0.549653  1.017390
15 17  0.542997  1.104879
15 18  0.557938  1.000344
15 19  0.559928  0.957500
15 20  0.556228  0.981091
15 21  0.554223  0.991193
15 22  0.552306  1.233146
15 23  0.580011  1.108897
15 24  0.552574  1.295327
15 25  0.577436  1.227433
15 26  0.575083  1.070153
16 17  0.545579  0.967700
16 18  0.551499  0.849635
16 19  0.552112  0.798873
16 20  0.555418  0.835774
16 21  0.553843  0.855419
16 22  0.578405  1.123844
16 23  0.557381  0.945783
16 24  0.573654  1.174666
16 25  0.555496  1.079600
16 26  0.577201  0.958773
17 18  0.553814  0.931928
17 19  0.555787  0.895956
17 20  0.545938  0.889849
17 21  0.545616  0.928311
17 22  0.551225  1.158169
17 23  0.575843  1.035367
17 24  0.569296  1.209379
17 25  0.575815  1.164148
17 26  0.552570  1.019140
18 19  0.519080  0.748361
18 20  0.563631  0.801151
18 21  0.562058  0.822870
18 22  0.586577  1.083893
18 23  0.556878  0.899911
18 24  0.583934  1.146834
18 25  0.582911  1.034763
18 26  0.585420  0.931244
19 20  0.565591  0.761845
19 21  0.564017  0.782490
19 22  0.588596  1.049799
19 23  0.558504  0.878234
19 24  0.586201  1.117678
19 25  0.586178  1.014933
19 26  0.587383  0.890558
20 21  0.513465  0.770165
20 22  0.581808  1.054098
20 23  0.585706  0.911639
20 24  0.582720  1.126894
20 25  0.586044  1.041952
20 26  0.554159  0.892088
21 22  0.579317  1.062640
21 23  0.584130  0.934775
21 24  0.581181  1.157921
21 25  0.584473  1.062374
21 26  0.551424  0.903141
22 23  0.608530  1.196544
22 24  0.591597  1.393377
22 25  0.605913  1.271530
22 26  0.596470  1.191550
23 24  0.604010  1.216883
23 25  0.598093  1.153485
23 26  0.607487  1.037788
24 25  0.592466  1.362843
24 26  0.603256  1.235840
25 26  0.607830  1.175568
