   -993.89711508
   -994.20954682     -994.07700350
0.00001120790765
2 2 2 2 2 2 2 2 2 2 2 2 2 0 0 0 0 0 0 0 0 0 0 0 0 0 
1  0.271374  0.578714
2  0.270953  0.592650
3  0.270036  0.466573
4  0.265035  0.498816
5  0.279170  0.391909
6  0.282312  0.385098
7  0.279513  0.404817
8  0.276740  0.406582
9  0.303960  0.682507
10  0.304067  0.657448
11  0.303578  0.507571
12  0.302140  0.526936
13  0.299660  0.725201
14  0.274870  0.547567
15  0.275712  0.590731
16  0.274555  0.445566
17  0.271487  0.526015
18  0.282606  0.412411
19  0.284637  0.371688
20  0.281172  0.391557
21  0.279575  0.412868
22  0.304444  0.683830
23  0.304795  0.523667
24  0.302109  0.747143
25  0.305309  0.658640
26  0.303066  0.520580
1 2  0.536993  1.109220
1 3  0.536344  1.002445
1 4  0.536290  1.073421
1 5  0.550416  0.968278
1 6  0.553470  0.951078
1 7  0.550789  0.982381
1 8  0.548035  0.977978
1 9  0.573140  1.233253
1 10  0.549707  1.200554
1 11  0.573228  1.068601
1 12  0.573363  1.084007
1 13  0.548258  1.259347
1 14  0.268269  0.959280
1 15  0.542622  1.165051
1 16  0.541465  1.022554
1 17  0.542602  1.100316
1 18  0.553591  0.988632
1 19  0.555144  0.949661
1 20  0.552512  0.969651
1 21  0.550689  0.990645
1 22  0.575077  1.256205
1 23  0.575685  1.099574
1 24  0.544098  1.282210
1 25  0.544718  1.188053
1 26  0.573707  1.097211
2 3  0.540781  1.033488
2 4  0.533457  1.078836
2 5  0.550079  0.981337
2 6  0.553243  0.969847
2 7  0.550305  0.996506
2 8  0.547198  0.991032
2 9  0.548513  1.233471
2 10  0.572603  1.222652
2 11  0.574495  1.093746
2 12  0.570315  1.077796
2 13  0.546835  1.273640
2 14  0.541659  1.136418
2 15  0.270396  1.026045
2 16  0.544533  1.036458
2 17  0.541687  1.108124
2 18  0.553553  1.004183
2 19  0.555571  0.963733
2 20  0.551514  0.982395
2 21  0.548927  1.004353
2 22  0.543593  1.225515
2 23  0.575471  1.114162
2 24  0.542246  1.296464
2 25  0.575567  1.245532
2 26  0.572276  1.111330
3 4  0.535027  0.962344
3 5  0.545048  0.849396
3 6  0.546110  0.829432
3 7  0.549548  0.870983
3 8  0.546775  0.870862
3 9  0.573942  1.140893
3 10  0.550612  1.092084
3 11  0.553455  0.950582
3 12  0.572164  0.984560
3 13  0.567897  1.172442
3 14  0.540296  1.012475
3 15  0.544706  1.055185
3 16  0.260460  0.697479
3 17  0.541513  0.991297
3 18  0.551587  0.873309
3 19  0.550965  0.837001
3 20  0.551190  0.857843
3 21  0.549572  0.878967
3 22  0.574183  1.147801
3 23  0.547557  0.956136
3 24  0.571507  1.209036
3 25  0.545170  1.090383
3 26  0.573079  0.985921
4 5  0.544184  0.888382
4 6  0.547338  0.883539
4 7  0.538537  0.876301
4 8  0.537602  0.894335
4 9  0.545982  1.141691
4 10  0.568757  1.144411
4 11  0.568556  0.997221
4 12  0.547557  1.000857
4 13  0.561317  1.170717
4 14  0.539529  1.043324
4 15  0.540025  1.079596
4 16  0.539585  0.943432
4 17  0.256900  0.831881
4 18  0.547441  0.910690
4 19  0.549618  0.870256
4 20  0.542803  0.889431
4 21  0.543576  0.906080
4 22  0.540039  1.146862
4 23  0.569557  1.020946
4 24  0.564989  1.241741
4 25  0.569117  1.154660
4 26  0.541035  0.988549
5 6  0.514314  0.742067
5 7  0.558680  0.795329
5 8  0.555909  0.796927
5 9  0.583033  1.065112
5 10  0.579110  1.019927
5 11  0.552839  0.874961
5 12  0.581306  0.918349
5 13  0.578483  1.111795
5 14  0.553681  0.937878
5 15  0.554878  0.981974
5 16  0.552544  0.833074
5 17  0.550469  0.917455
5 18  0.280610  0.577956
5 19  0.511367  0.717968
5 20  0.560321  0.783310
5 21  0.558744  0.804585
5 22  0.583416  1.074590
5 23  0.544713  0.874233
5 24  0.580313  1.137477
5 25  0.583037  1.050080
5 26  0.582189  0.912125
6 7  0.561823  0.789457
6 8  0.559052  0.790188
6 9  0.586232  1.061367
6 10  0.583920  1.026711
6 11  0.554756  0.872421
6 12  0.584452  0.910031
6 13  0.581894  1.108607
6 14  0.556298  0.932068
6 15  0.557994  0.975058
6 16  0.552821  0.829297
6 17  0.553758  0.910752
6 18  0.511818  0.748566
6 19  0.282195  0.518939
6 20  0.563483  0.776531
6 21  0.561886  0.797787
6 22  0.586749  1.068065
6 23  0.547369  0.867718
6 24  0.584037  1.130764
6 25  0.586902  1.042637
6 26  0.585355  0.905318
7 8  0.509667  0.776500
7 9  0.581055  1.067623
7 10  0.583517  1.054473
7 11  0.583087  0.910184
7 12  0.551352  0.911556
7 13  0.578974  1.116253
7 14  0.554372  0.951759
7 15  0.554842  0.993101
7 16  0.554040  0.850106
7 17  0.546761  0.929707
7 18  0.562073  0.817000
7 19  0.564142  0.776388
7 20  0.279186  0.570974
7 21  0.506398  0.767122
7 22  0.583278  1.087256
7 23  0.584204  0.928001
7 24  0.580795  1.150300
7 25  0.584681  1.062305
7 26  0.543762  0.883378
8 9  0.576720  1.054485
8 10  0.580747  1.053469
8 11  0.580313  0.913624
8 12  0.548510  0.909768
8 13  0.576309  1.129700
8 14  0.551393  0.953461
8 15  0.550967  0.995856
8 16  0.551263  0.851803
8 17  0.546968  0.928291
8 18  0.559333  0.818768
8 19  0.561377  0.778133
8 20  0.506779  0.755237
8 21  0.279400  0.601876
8 22  0.579932  1.089540
8 23  0.581474  0.929782
8 24  0.578226  1.151595
8 25  0.582043  1.064021
8 26  0.539878  0.880926
9 10  0.605133  1.273349
9 11  0.607348  1.184783
9 12  0.594662  1.194137
9 13  0.588583  1.378786
9 14  0.578124  1.224854
9 15  0.547442  1.221897
9 16  0.578264  1.125963
9 17  0.545773  1.171859
9 18  0.586328  1.093572
9 19  0.588578  1.053474
9 20  0.584529  1.073076
9 21  0.581764  1.094394
9 22  0.372833  1.276131
9 23  0.608093  1.203407
9 24  0.583142  1.377939
9 25  0.608343  1.333628
9 26  0.587825  1.172048
10 11  0.596015  1.149470
10 12  0.606176  1.179939
10 13  0.589232  1.354558
10 14  0.547443  1.159265
10 15  0.578978  1.242929
10 16  0.547618  1.067310
10 17  0.574427  1.180331
10 18  0.585007  1.069189
10 19  0.588010  1.028492
10 20  0.585153  1.048092
10 21  0.583631  1.069085
10 22  0.607692  1.333832
10 23  0.589894  1.151547
10 24  0.583871  1.351150
10 25  0.375463  1.218136
10 26  0.606666  1.175550
11 12  0.605705  1.029116
11 13  0.601186  1.189401
11 14  0.577878  1.053160
11 15  0.579035  1.096462
11 16  0.551416  0.919846
11 17  0.574755  1.032120
11 18  0.547189  0.880518
11 19  0.547185  0.835558
11 20  0.584686  0.898768
11 21  0.583126  0.919971
11 22  0.607331  1.188899
11 23  0.376399  0.892152
11 24  0.604934  1.251264
11 25  0.589192  1.136608
11 26  0.606628  1.027040
12 13  0.600752  1.222890
12 14  0.576191  1.072677
12 15  0.575743  1.115833
12 16  0.576669  0.971447
12 17  0.547001  1.019024
12 18  0.584714  0.938854
12 19  0.586759  0.898315
12 20  0.542472  0.872464
12 21  0.542601  0.899000
12 22  0.587212  1.179888
12 23  0.606928  1.049399
12 24  0.604043  1.271140
12 25  0.607053  1.182957
12 26  0.372784  0.913244
13 14  0.544445  1.228032
13 15  0.544888  1.270073
13 16  0.573595  1.167322
13 17  0.568779  1.247159
13 18  0.581334  1.136065
13 19  0.583932  1.095798
13 20  0.580059  1.115375
13 21  0.578795  1.136009
13 22  0.581397  1.359389
13 23  0.603685  1.245376
13 24  0.374704  1.402771
13 25  0.583303  1.336285
13 26  0.602529  1.243184
14 15  0.544738  1.082936
14 16  0.544026  0.959355
14 17  0.546173  1.070023
14 18  0.557312  0.958815
14 19  0.559372  0.912309
14 20  0.555970  0.938327
14 21  0.554397  0.953143
14 22  0.576251  1.209209
14 23  0.577430  1.057556
14 24  0.553594  1.252660
14 25  0.554022  1.179161
14 26  0.577818  1.050544
15 16  0.550140  1.017974
15 17  0.543466  1.105518
15 18  0.558262  1.001003
15 19  0.560325  0.957941
15 20  0.556606  0.981564
15 21  0.554577  0.991686
15 22  0.552879  1.233309
15 23  0.580448  1.109518
15 24  0.553149  1.295289
15 25  0.577987  1.227685
15 26  0.575550  1.070599
16 17  0.545991  0.968954
16 18  0.551751  0.850907
16 19  0.552434  0.799910
16 20  0.555727  0.836864
16 21  0.554128  0.856546
16 22  0.578933  1.124576
16 23  0.557741  0.946996
16 24  0.574144  1.175108
16 25  0.555984  1.080452
16 26  0.577609  0.959798
17 18  0.554064  0.933131
17 19  0.556108  0.897064
17 20  0.546249  0.890877
17 21  0.545897  0.929459
17 22  0.551751  1.158849
17 23  0.576204  1.036470
17 24  0.569795  1.209826
17 25  0.576317  1.164997
17 26  0.552960  1.020230
18 19  0.519230  0.749539
18 20  0.563778  0.802238
18 21  0.562181  0.824034
18 22  0.586943  1.084544
18 23  0.557102  0.901140
18 24  0.584289  1.147335
18 25  0.583263  1.035563
18 26  0.585667  0.932373
19 20  0.565808  0.762772
19 21  0.564212  0.783457
19 22  0.589033  1.050321
19 23  0.558774  0.879335
19 24  0.586624  1.118038
19 25  0.586582  1.015608
19 26  0.587701  0.891481
20 21  0.513641  0.771204
20 22  0.582218  1.054604
20 23  0.585964  0.912676
20 24  0.583129  1.127200
20 25  0.586445  1.042636
20 26  0.554478  0.893013
21 22  0.579710  1.063170
21 23  0.584366  0.935924
21 24  0.581564  1.158350
21 25  0.584848  1.063083
21 26  0.551712  0.904132
22 23  0.609011  1.197280
22 24  0.592186  1.393423
22 25  0.606511  1.271854
22 26  0.596966  1.192115
23 24  0.604468  1.217240
23 25  0.598544  1.154334
23 26  0.607846  1.038787
24 25  0.593036  1.363036
24 26  0.603748  1.236135
25 26  0.608330  1.176320
