   -993.89711508
   -994.20959301     -994.07712965
0.00000825816265
2 2 2 2 2 2 2 2 2 2 2 2 2 0 0 0 0 0 0 0 0 0 0 0 0 0 
1  0.271525  0.578763
2  0.271111  0.592645
3  0.270149  0.466934
4  0.265141  0.499130
5  0.279217  0.392292
6  0.282360  0.385447
7  0.279601  0.405037
8  0.276796  0.406892
9  0.304149  0.682479
10  0.304234  0.657568
11  0.303672  0.507973
12  0.302249  0.527180
13  0.299822  0.725164
14  0.275023  0.547636
15  0.275885  0.590716
16  0.274671  0.445952
17  0.271591  0.526360
18  0.282647  0.412859
19  0.284692  0.372011
20  0.281263  0.391797
21  0.279639  0.413159
22  0.304602  0.683837
23  0.304890  0.524042
24  0.302265  0.747053
25  0.305481  0.658768
26  0.303186  0.520762
1 2  0.537290  1.109294
1 3  0.536602  1.002829
1 4  0.536547  1.073780
1 5  0.550615  0.968703
1 6  0.553670  0.951443
1 7  0.551024  0.982642
1 8  0.548240  0.978292
1 9  0.573470  1.233274
1 10  0.550015  1.200738
1 11  0.573466  1.069005
1 12  0.573622  1.084244
1 13  0.548557  1.259351
1 14  0.268561  0.959300
1 15  0.542941  1.165108
1 16  0.541730  1.022995
1 17  0.542859  1.100701
1 18  0.553783  0.989120
1 19  0.555339  0.950036
1 20  0.552751  0.969939
1 21  0.550898  0.990989
1 22  0.575383  1.256270
1 23  0.575926  1.100000
1 24  0.544399  1.282288
1 25  0.545034  1.188350
1 26  0.573965  1.097458
2 3  0.541051  1.033805
2 4  0.533715  1.079138
2 5  0.550284  0.981691
2 6  0.553449  0.970145
2 7  0.550551  0.996719
2 8  0.547410  0.991317
2 9  0.548839  1.233455
2 10  0.572916  1.222761
2 11  0.574746  1.094132
2 12  0.570574  1.077986
2 13  0.547150  1.273618
2 14  0.541969  1.136503
2 15  0.270697  1.025889
2 16  0.544790  1.036852
2 17  0.541946  1.108488
2 18  0.553752  1.004621
2 19  0.555785  0.964047
2 20  0.551762  0.982618
2 21  0.549141  1.004638
2 22  0.543905  1.225634
2 23  0.575723  1.114532
2 24  0.542561  1.296474
2 25  0.575894  1.245672
2 26  0.572551  1.111515
3 4  0.535246  0.963002
3 5  0.545208  0.850118
3 6  0.546269  0.830089
3 7  0.549749  0.871563
3 8  0.546944  0.871514
3 9  0.574243  1.141217
3 10  0.550884  1.092530
3 11  0.553652  0.951326
3 12  0.572386  0.985106
3 13  0.568164  1.172726
3 14  0.540557  1.012913
3 15  0.544975  1.055546
3 16  0.260666  0.698271
3 17  0.541731  0.991998
3 18  0.551740  0.874124
3 19  0.551131  0.837688
3 20  0.551392  0.858445
3 21  0.549745  0.879619
3 22  0.574455  1.148170
3 23  0.547760  0.956914
3 24  0.571771  1.209314
3 25  0.545449  1.090911
3 26  0.573312  0.986459
4 5  0.544337  0.889046
4 6  0.547491  0.884200
4 7  0.538728  0.876803
4 8  0.537762  0.894935
4 9  0.546276  1.141956
4 10  0.569030  1.144828
4 11  0.568755  0.997856
4 12  0.547765  1.001400
4 13  0.561583  1.170934
4 14  0.539791  1.043692
4 15  0.540300  1.079921
4 16  0.539808  0.944131
4 17  0.257085  0.832513
4 18  0.547582  0.911451
4 19  0.549779  0.870893
4 20  0.542995  0.889989
4 21  0.543744  0.906690
4 22  0.540299  1.147240
4 23  0.569757  1.021633
4 24  0.565251  1.241984
4 25  0.569380  1.155107
4 26  0.541248  0.989085
5 6  0.514397  0.742824
5 7  0.558816  0.795905
5 8  0.556012  0.797589
5 9  0.583268  1.065395
5 10  0.579326  1.020344
5 11  0.552993  0.875733
5 12  0.581463  0.918974
5 13  0.578694  1.112123
5 14  0.553883  0.938321
5 15  0.555098  0.982341
5 16  0.552708  0.833844
5 17  0.550616  0.918181
5 18  0.280679  0.578879
5 19  0.511463  0.718736
5 20  0.560458  0.783932
5 21  0.558855  0.805257
5 22  0.583620  1.074976
5 23  0.544865  0.875020
5 24  0.580510  1.137765
5 25  0.583258  1.050592
5 26  0.582354  0.912688
6 7  0.561959  0.790021
6 8  0.559155  0.790820
6 9  0.586468  1.061643
6 10  0.584129  1.027137
6 11  0.554901  0.873175
6 12  0.584608  0.910599
6 13  0.582103  1.108910
6 14  0.556487  0.932487
6 15  0.558215  0.975387
6 16  0.552983  0.830033
6 17  0.553910  0.911445
6 18  0.511895  0.749431
6 19  0.282315  0.519681
6 20  0.563621  0.777119
6 21  0.561998  0.798425
6 22  0.586955  1.068421
6 23  0.547511  0.868477
6 24  0.584242  1.131014
6 25  0.587119  1.043111
6 26  0.585521  0.905847
7 8  0.509805  0.777046
7 9  0.581328  1.067785
7 10  0.583772  1.054772
7 11  0.583269  0.910777
7 12  0.551555  0.912024
7 13  0.579225  1.116406
7 14  0.554612  0.952046
7 15  0.555105  0.993293
7 16  0.554244  0.850712
7 17  0.546948  0.930274
7 18  0.562200  0.817666
7 19  0.564285  0.776929
7 20  0.279351  0.571498
7 21  0.506541  0.767704
7 22  0.583521  1.087482
7 23  0.584383  0.928595
7 24  0.581029  1.150432
7 25  0.584939  1.062657
7 26  0.543969  0.883838
8 9  0.576965  1.054700
8 10  0.580968  1.053823
8 11  0.580462  0.914335
8 12  0.548681  0.910313
8 13  0.576527  1.129973
8 14  0.551599  0.953841
8 15  0.551184  0.996149
8 16  0.551431  0.852499
8 17  0.547129  0.928949
8 18  0.559428  0.819524
8 19  0.561488  0.778765
8 20  0.506922  0.755848
8 21  0.279504  0.602524
8 22  0.580146  1.089861
8 23  0.581622  0.930468
8 24  0.578435  1.151806
8 25  0.582271  1.064457
8 26  0.540059  0.881472
9 10  0.605476  1.273391
9 11  0.607631  1.185157
9 12  0.594948  1.194334
9 13  0.588908  1.378735
9 14  0.578461  1.224908
9 15  0.547791  1.221984
9 16  0.578569  1.126317
9 17  0.546061  1.172218
9 18  0.586554  1.093989
9 19  0.588823  1.053768
9 20  0.584805  1.073290
9 21  0.582015  1.094660
9 22  0.373162  1.276087
9 23  0.608369  1.203758
9 24  0.583462  1.377857
9 25  0.608703  1.333753
9 26  0.588121  1.172199
10 11  0.596267  1.149964
10 12  0.606451  1.180303
10 13  0.589545  1.354650
10 14  0.547755  1.159564
10 15  0.579312  1.243048
10 16  0.547892  1.067840
10 17  0.574686  1.180800
10 18  0.585215  1.069758
10 19  0.588230  1.028932
10 20  0.585408  1.048454
10 21  0.583861  1.069494
10 22  0.608015  1.333986
10 23  0.590145  1.152027
10 24  0.584186  1.351234
10 25  0.375790  1.218401
10 26  0.606954  1.175852
11 12  0.605908  1.029707
11 13  0.601436  1.189648
11 14  0.578120  1.053632
11 15  0.579299  1.096849
11 16  0.551618  0.920681
11 17  0.574951  1.032865
11 18  0.547332  0.881392
11 19  0.547330  0.836313
11 20  0.584867  0.899410
11 21  0.583280  0.920666
11 22  0.607575  1.189311
11 23  0.376585  0.893033
11 24  0.605183  1.251584
11 25  0.589443  1.137131
11 26  0.606840  1.027624
12 13  0.601016  1.223041
12 14  0.576437  1.072998
12 15  0.576024  1.116071
12 16  0.576895  0.972072
12 17  0.547207  1.019667
12 18  0.584863  0.939546
12 19  0.586922  0.898882
12 20  0.542672  0.873000
12 21  0.542782  0.899568
12 22  0.587471  1.180132
12 23  0.607131  1.050017
12 24  0.604306  1.271308
12 25  0.607336  1.183332
12 26  0.372993  0.913745
13 14  0.544754  1.228174
13 15  0.545217  1.270111
13 16  0.573868  1.167672
13 17  0.569045  1.247479
13 18  0.581529  1.136474
13 19  0.584149  1.096076
13 20  0.580297  1.115581
13 21  0.579018  1.136257
13 22  0.581700  1.359409
13 23  0.603942  1.245722
13 24  0.375041  1.402608
13 25  0.583621  1.336404
13 26  0.602808  1.243342
14 15  0.545050  1.083016
14 16  0.544286  0.959774
14 17  0.546430  1.070435
14 18  0.557504  0.959327
14 19  0.559579  0.912683
14 20  0.556212  0.938637
14 21  0.554612  0.953455
14 22  0.576550  1.209285
14 23  0.577670  1.057963
14 24  0.553894  1.252642
14 25  0.554333  1.179354
14 26  0.578089  1.050750
15 16  0.550427  1.018312
15 17  0.543733  1.105842
15 18  0.558474  1.001420
15 19  0.560552  0.958218
15 20  0.556868  0.981788
15 21  0.554810  0.991933
15 22  0.553200  1.233325
15 23  0.580715  1.109873
15 24  0.553466  1.295212
15 25  0.578312  1.227767
15 26  0.575835  1.070751
16 17  0.546210  0.969666
16 18  0.551907  0.851730
16 19  0.552607  0.800578
16 20  0.555932  0.837489
16 21  0.554307  0.857200
16 22  0.579206  1.124962
16 23  0.557942  0.947739
16 24  0.574404  1.175361
16 25  0.556264  1.080939
16 26  0.577844  0.960312
17 18  0.554208  0.933848
17 19  0.556267  0.897726
17 20  0.546445  0.891416
17 21  0.546066  0.930073
17 22  0.552010  1.159160
17 23  0.576403  1.037085
17 24  0.570052  1.210023
17 25  0.576593  1.165440
17 26  0.553179  1.020739
18 19  0.519313  0.750334
18 20  0.563909  0.802893
18 21  0.562285  0.824748
18 22  0.587140  1.084906
18 23  0.557250  0.901926
18 24  0.584489  1.147659
18 25  0.583476  1.036034
18 26  0.585827  0.932997
19 20  0.565954  0.763331
19 21  0.564330  0.784050
19 22  0.589244  1.050615
19 23  0.558925  0.880046
19 24  0.586834  1.118268
19 25  0.586803  1.016010
19 26  0.587875  0.891976
20 21  0.513789  0.771754
20 22  0.582457  1.054802
20 23  0.586150  0.913258
20 24  0.583376  1.127312
20 25  0.586708  1.042976
20 26  0.554691  0.893436
21 22  0.579931  1.063404
21 23  0.584524  0.936587
21 24  0.581783  1.158554
21 25  0.585081  1.063435
21 26  0.551901  0.904597
22 23  0.609264  1.197659
22 24  0.592481  1.393359
22 25  0.606827  1.271926
22 26  0.597232  1.192298
23 24  0.604714  1.217422
23 25  0.598801  1.154813
23 26  0.608060  1.039291
24 25  0.593346  1.363101
24 26  0.604014  1.236171
25 26  0.608621  1.176632
