   -993.89711508
   -994.20967264     -994.07736028
0.00000340216209
2 2 2 2 2 2 2 2 2 2 2 2 2 0 0 0 0 0 0 0 0 0 0 0 0 0 
1  0.271828  0.578862
2  0.271409  0.592667
3  0.270367  0.467639
4  0.265346  0.499778
5  0.279317  0.393056
6  0.282477  0.386111
7  0.279722  0.405567
8  0.276885  0.407545
9  0.304493  0.682489
10  0.304545  0.657858
11  0.303869  0.508730
12  0.302466  0.527729
13  0.300143  0.725033
14  0.275323  0.547802
15  0.276205  0.590701
16  0.274894  0.446660
17  0.271807  0.527109
18  0.282745  0.413677
19  0.284824  0.372600
20  0.281394  0.392344
21  0.279732  0.413774
22  0.304929  0.683905
23  0.305087  0.524769
24  0.302579  0.746910
25  0.305789  0.659030
26  0.303401  0.521203
1 2  0.537874  1.109473
1 3  0.537106  1.003570
1 4  0.537054  1.074525
1 5  0.551017  0.969557
1 6  0.554092  0.952121
1 7  0.551442  0.983258
1 8  0.548629  0.978930
1 9  0.574093  1.233373
1 10  0.550607  1.201155
1 11  0.573953  1.069785
1 12  0.574142  1.084760
1 13  0.549164  1.259331
1 14  0.269121  0.959388
1 15  0.543559  1.165237
1 16  0.542247  1.023812
1 17  0.543376  1.101531
1 18  0.554184  0.990029
1 19  0.555754  0.950732
1 20  0.553182  0.970584
1 21  0.551288  0.991712
1 22  0.576006  1.256465
1 23  0.576420  1.100834
1 24  0.545004  1.282454
1 25  0.545632  1.188955
1 26  0.574463  1.098026
2 3  0.541564  1.034421
2 4  0.534204  1.079782
2 5  0.550678  0.982433
2 6  0.553865  0.970725
2 7  0.550967  0.997270
2 8  0.547797  0.991946
2 9  0.549447  1.233512
2 10  0.573499  1.223059
2 11  0.575240  1.094882
2 12  0.571075  1.078470
2 13  0.547751  1.273565
2 14  0.542564  1.136732
2 15  0.271259  1.025645
2 16  0.545279  1.037612
2 17  0.542454  1.109306
2 18  0.554148  1.005454
2 19  0.556214  0.964648
2 20  0.552190  0.983169
2 21  0.549514  1.005274
2 22  0.544508  1.225960
2 23  0.576217  1.115282
2 24  0.543166  1.296549
2 25  0.576492  1.245983
2 26  0.573061  1.111995
3 4  0.535665  0.964313
3 5  0.545525  0.851549
3 6  0.546607  0.831348
3 7  0.550087  0.872798
3 8  0.547251  0.872817
3 9  0.574804  1.141902
3 10  0.551400  1.093452
3 11  0.554056  0.952743
3 12  0.572821  0.986227
3 13  0.568686  1.173230
3 14  0.541068  1.013795
3 15  0.545481  1.056262
3 16  0.261058  0.699777
3 17  0.542164  0.993444
3 18  0.552055  0.875659
3 19  0.551475  0.838989
3 20  0.551741  0.859695
3 21  0.550050  0.880943
3 22  0.574998  1.148939
3 23  0.548162  0.958454
3 24  0.572297  1.209879
3 25  0.545970  1.091964
3 26  0.573746  0.987593
4 5  0.544640  0.890361
4 6  0.547812  0.885508
4 7  0.539057  0.877903
4 8  0.538057  0.896199
4 9  0.546830  1.142578
4 10  0.569548  1.145730
4 11  0.569155  0.999070
4 12  0.548173  1.002563
4 13  0.562098  1.171324
4 14  0.540297  1.044486
4 15  0.540820  1.080598
4 16  0.540236  0.945488
4 17  0.257435  0.833914
4 18  0.547865  0.912917
4 19  0.550113  0.872131
4 20  0.543320  0.891192
4 21  0.544042  0.907971
4 22  0.540826  1.148048
4 23  0.570158  1.023003
4 24  0.565768  1.242518
4 25  0.569872  1.156037
4 26  0.541646  0.990269
5 6  0.514582  0.744312
5 7  0.559035  0.797127
5 8  0.556200  0.798922
5 9  0.583709  1.066002
5 10  0.579740  1.021213
5 11  0.553301  0.877234
5 12  0.581779  0.920286
5 13  0.579121  1.112714
5 14  0.554282  0.939245
5 15  0.555517  0.983087
5 16  0.553030  0.835325
5 17  0.550911  0.919694
5 18  0.280828  0.580635
5 19  0.511667  0.720226
5 20  0.560683  0.785242
5 21  0.559047  0.806634
5 22  0.584043  1.075805
5 23  0.545165  0.876589
5 24  0.580911  1.138381
5 25  0.583663  1.051621
5 26  0.582666  0.913895
6 7  0.562197  0.791206
6 8  0.559361  0.792064
6 9  0.586926  1.062217
6 10  0.584547  1.028001
6 11  0.555223  0.874601
6 12  0.584943  0.911756
6 13  0.582540  1.109424
6 14  0.556885  0.933323
6 15  0.558653  0.976022
6 16  0.553318  0.831412
6 17  0.554243  0.912857
6 18  0.512087  0.751059
6 19  0.282560  0.521093
6 20  0.563869  0.778329
6 21  0.562207  0.799702
6 22  0.587399  1.069154
6 23  0.547824  0.869947
6 24  0.584675  1.131522
6 25  0.587539  1.044032
6 26  0.585851  0.906955
7 8  0.510006  0.778268
7 9  0.581788  1.068269
7 10  0.584204  1.055500
7 11  0.583587  0.911986
7 12  0.551911  0.913099
7 13  0.579672  1.116728
7 14  0.555032  0.952744
7 15  0.555548  0.993789
7 16  0.554588  0.851953
7 17  0.547275  0.931564
7 18  0.562413  0.819013
7 19  0.564538  0.778049
7 20  0.279599  0.572688
7 21  0.506749  0.769000
7 22  0.583965  1.088079
7 23  0.584690  0.929853
7 24  0.581448  1.150831
7 25  0.585364  1.063456
7 26  0.544307  0.884935
8 9  0.577397  1.055221
8 10  0.581364  1.054565
8 11  0.580749  0.915738
8 12  0.549005  0.911494
8 13  0.576937  1.130500
8 14  0.551978  0.954667
8 15  0.551577  0.996785
8 16  0.551739  0.853861
8 17  0.547435  0.930365
8 18  0.559612  0.820992
8 19  0.561709  0.780005
8 20  0.507130  0.757172
8 21  0.279670  0.603887
8 22  0.580563  1.090589
8 23  0.581904  0.931851
8 24  0.578835  1.152299
8 25  0.582669  1.065369
8 26  0.540376  0.882683
9 10  0.606107  1.273575
9 11  0.608176  1.185931
9 12  0.595483  1.194852
9 13  0.589526  1.378626
9 14  0.579098  1.225112
9 15  0.548431  1.222229
9 16  0.579136  1.127031
9 17  0.546613  1.173068
9 18  0.586991  1.094813
9 19  0.589299  1.054369
9 20  0.585276  1.073846
9 21  0.582452  1.095292
9 22  0.373800  1.276122
9 23  0.608898  1.204509
9 24  0.584075  1.377799
9 25  0.609352  1.334080
9 26  0.588657  1.172655
10 11  0.596762  1.150953
10 12  0.606978  1.181149
10 13  0.590138  1.354806
10 14  0.548345  1.160225
10 15  0.579936  1.243350
10 16  0.548412  1.068884
10 17  0.575193  1.181859
10 18  0.585622  1.070871
10 19  0.588669  1.029808
10 20  0.585846  1.049296
10 21  0.584264  1.070398
10 22  0.608649  1.334400
10 23  0.590638  1.153037
10 24  0.584774  1.351490
10 25  0.376393  1.218973
10 26  0.607478  1.176589
11 12  0.606321  1.030875
11 13  0.601942  1.190057
11 14  0.578609  1.054556
11 15  0.579816  1.097588
11 16  0.552025  0.922258
11 17  0.575358  1.034365
11 18  0.547632  0.883042
11 19  0.547650  0.837731
11 20  0.585190  0.900711
11 21  0.583567  0.922041
11 22  0.608084  1.190147
11 23  0.376949  0.894717
11 24  0.605694  1.252215
11 25  0.589937  1.138142
11 26  0.607252  1.028820
12 13  0.601540  1.223350
12 14  0.576935  1.073735
12 15  0.576557  1.116620
12 16  0.577337  0.973314
12 17  0.547621  1.021079
12 18  0.585178  0.940914
12 19  0.587269  0.900023
12 20  0.543019  0.874218
12 21  0.543106  0.900819
12 22  0.587989  1.180742
12 23  0.607547  1.051293
12 24  0.604833  1.271737
12 25  0.607861  1.184148
12 26  0.373409  0.914859
13 14  0.545367  1.228418
13 15  0.545839  1.270137
13 16  0.574405  1.168247
13 17  0.569580  1.248124
13 18  0.581935  1.137161
13 19  0.584600  1.096522
13 20  0.580728  1.116005
13 21  0.579427  1.136731
13 22  0.582306  1.359435
13 23  0.604461  1.246334
13 24  0.375719  1.402273
13 25  0.584213  1.336605
13 26  0.603340  1.243676
14 15  0.545652  1.083220
14 16  0.544794  0.960567
14 17  0.546946  1.071354
14 18  0.557903  0.960308
14 19  0.560013  0.913395
14 20  0.556639  0.939352
14 21  0.555005  0.954120
14 22  0.577152  1.209511
14 23  0.578150  1.058776
14 24  0.554494  1.252691
14 25  0.554916  1.179775
14 26  0.578603  1.051273
15 16  0.550969  1.018914
15 17  0.544251  1.106563
15 18  0.558889  1.002190
15 19  0.561005  0.958717
15 20  0.557314  0.982317
15 21  0.555220  0.992478
15 22  0.553823  1.233434
15 23  0.581232  1.110565
15 24  0.554079  1.295111
15 25  0.578908  1.227963
15 26  0.576357  1.071153
16 17  0.546646  0.971085
16 18  0.552232  0.853242
16 19  0.552965  0.801803
16 20  0.556286  0.838742
16 21  0.554624  0.858459
16 22  0.579755  1.125718
16 23  0.558354  0.949135
16 24  0.574919  1.175835
16 25  0.556779  1.081860
16 26  0.578283  0.961334
17 18  0.554518  0.935234
17 19  0.556612  0.899053
17 20  0.546794  0.892618
17 21  0.546376  0.931403
17 22  0.552547  1.159882
17 23  0.576815  1.038326
17 24  0.570567  1.210491
17 25  0.577117  1.166377
17 26  0.553598  1.021891
18 19  0.519511  0.751804
18 20  0.564137  0.804171
18 21  0.562475  0.826113
18 22  0.587563  1.085592
18 23  0.557554  0.903414
18 24  0.584907  1.148268
18 25  0.583887  1.036931
18 26  0.586139  0.934244
19 20  0.566216  0.764452
19 21  0.564555  0.785189
19 22  0.589700  1.051177
19 23  0.559260  0.881383
19 24  0.587278  1.118711
19 25  0.587231  1.016780
19 26  0.588222  0.892982
20 21  0.514004  0.772959
20 22  0.582907  1.055326
20 23  0.586478  0.914453
20 24  0.583821  1.127634
20 25  0.587147  1.043688
20 26  0.555054  0.894414
21 22  0.580347  1.063951
21 23  0.584815  0.937925
21 24  0.582190  1.159029
21 25  0.585479  1.064134
21 26  0.552223  0.905649
22 23  0.609792  1.198465
22 24  0.593083  1.393304
22 25  0.607439  1.272126
22 26  0.597749  1.192794
23 24  0.605214  1.217793
23 25  0.599297  1.155758
23 26  0.608470  1.040317
24 25  0.593931  1.363249
24 26  0.604528  1.236359
25 26  0.609143  1.177347
