   -993.90094506
   -994.21543907     -994.09057271
0.00021624888155
2 2 2 2 2 2 2 2 2 2 2 2 2 0 0 0 0 0 0 0 0 0 0 0 0 0 
1  0.263152  0.408734
2  0.263213  0.409633
3  0.303123  0.626523
4  0.300170  0.676555
5  0.303146  0.625555
6  0.282427  0.354869
7  0.300196  0.677962
8  0.282399  0.375994
9  0.313877  0.450915
10  0.282143  0.374837
11  0.281917  0.353201
12  0.307602  0.830400
13  0.313621  0.449932
14  0.273427  0.455625
15  0.273442  0.456806
16  0.306819  0.804671
17  0.312320  0.452916
18  0.312540  0.454120
19  0.299765  0.640093
20  0.307514  0.660594
21  0.285973  0.345207
22  0.285524  0.344104
23  0.300105  0.640966
24  0.282506  0.371163
25  0.282262  0.370150
26  0.307418  0.659488
1 2  0.526302  0.816068
1 3  0.565317  1.022736
1 4  0.560845  1.081188
1 5  0.547444  0.972962
1 6  0.545574  0.762920
1 7  0.562163  1.057568
1 8  0.545537  0.781979
1 9  0.576943  0.851489
1 10  0.542457  0.779390
1 11  0.540339  0.750511
1 12  0.568013  1.219324
1 13  0.558592  0.838468
1 14  0.244342  0.637485
1 15  0.536584  0.864791
1 16  0.564099  1.203892
1 17  0.555898  0.843351
1 18  0.575551  0.862396
1 19  0.560831  1.037443
1 20  0.570584  1.066822
1 21  0.549096  0.753849
1 22  0.543920  0.750253
1 23  0.562632  1.047628
1 24  0.545554  0.779696
1 25  0.544227  0.774566
1 26  0.550417  1.064177
2 3  0.547465  0.974593
2 4  0.562188  1.056975
2 5  0.565408  1.022715
2 6  0.540900  0.752908
2 7  0.560909  1.083485
2 8  0.542779  0.781390
2 9  0.558903  0.840319
2 10  0.545341  0.781707
2 11  0.545125  0.762152
2 12  0.568052  1.220018
2 13  0.576747  0.851373
2 14  0.536630  0.864513
2 15  0.244405  0.639986
2 16  0.564224  1.204731
2 17  0.575391  0.862100
2 18  0.556228  0.845433
2 19  0.562344  1.047675
2 20  0.550559  1.066189
2 21  0.544436  0.752275
2 22  0.548709  0.753645
2 23  0.561227  1.039078
2 24  0.544529  0.776466
2 25  0.545372  0.779585
2 26  0.570549  1.066622
3 4  0.596268  1.233349
3 5  0.596440  1.196465
3 6  0.585317  0.975610
3 7  0.568142  1.275806
3 8  0.585323  1.000906
3 9  0.614534  1.059087
3 10  0.585166  0.997232
3 11  0.585025  0.979197
3 12  0.592630  1.424095
3 13  0.616050  1.054002
3 14  0.576250  1.079512
3 15  0.561600  1.080131
3 16  0.579118  1.352421
3 17  0.615345  1.078111
3 18  0.613491  1.077396
3 19  0.601638  1.259972
3 20  0.374960  1.179646
3 21  0.588697  0.971143
3 22  0.588573  0.970305
3 23  0.567181  1.232918
3 24  0.585470  0.995828
3 25  0.585191  0.996109
3 26  0.608964  1.277299
4 5  0.568126  1.273505
4 6  0.582574  1.025789
4 7  0.596310  1.342133
4 8  0.582545  1.049871
4 9  0.613744  1.121219
4 10  0.579720  1.028779
4 11  0.580882  1.022406
4 12  0.585887  1.416280
4 13  0.604046  1.077548
4 14  0.568723  1.107610
4 15  0.572212  1.130273
4 16  0.585226  1.448690
4 17  0.601205  1.124580
4 18  0.612482  1.129484
4 19  0.365908  1.207530
4 20  0.604394  1.328612
4 21  0.586079  1.021333
4 22  0.585443  1.019842
4 23  0.598679  1.306567
4 24  0.582628  1.047057
4 25  0.580844  1.045967
4 26  0.565515  1.253762
5 6  0.585557  0.979888
5 7  0.596309  1.233757
5 8  0.585443  0.997418
5 9  0.616328  1.054058
5 10  0.585090  0.998815
5 11  0.584832  0.973084
5 12  0.592694  1.423203
5 13  0.614319  1.057272
5 14  0.561630  1.077951
5 15  0.576286  1.079707
5 16  0.579092  1.351820
5 17  0.613292  1.075239
5 18  0.615586  1.078343
5 19  0.566901  1.231289
5 20  0.609068  1.277425
5 21  0.589047  0.970435
5 22  0.588275  0.969074
5 23  0.601985  1.259880
5 24  0.585459  0.996146
5 25  0.585250  0.993847
5 26  0.374771  1.177260
6 7  0.581415  1.025357
6 8  0.516681  0.688115
6 9  0.559991  0.786821
6 10  0.564569  0.728225
6 11  0.564343  0.706991
6 12  0.589742  1.167508
6 13  0.596047  0.804083
6 14  0.555780  0.810358
6 15  0.551835  0.809428
6 16  0.589190  1.158704
6 17  0.594692  0.807657
6 18  0.548326  0.763716
6 19  0.582059  0.994360
6 20  0.589529  1.014899
6 21  0.289544  0.459347
6 22  0.567950  0.698943
6 23  0.582123  0.994117
6 24  0.513082  0.683485
6 25  0.564686  0.724962
6 26  0.589743  1.013990
7 8  0.579986  1.031130
7 9  0.604302  1.079768
7 10  0.582315  1.050159
7 11  0.582090  1.025629
7 12  0.585871  1.417029
7 13  0.613514  1.121670
7 14  0.572243  1.130506
7 15  0.568762  1.110014
7 16  0.585321  1.450242
7 17  0.612295  1.129694
7 18  0.601450  1.127172
7 19  0.598386  1.307091
7 20  0.565644  1.255899
7 21  0.585918  1.022344
7 22  0.585656  1.021642
7 23  0.366149  1.210272
7 24  0.581113  1.048382
7 25  0.582409  1.047453
7 26  0.604330  1.328897
8 9  0.559011  0.795169
8 10  0.564541  0.749389
8 11  0.564316  0.727730
8 12  0.589544  1.183653
8 13  0.596019  0.825736
8 14  0.555607  0.831377
8 15  0.554896  0.828896
8 16  0.588880  1.179357
8 17  0.594635  0.828758
8 18  0.551192  0.787936
8 19  0.581937  1.015346
8 20  0.589813  1.035023
8 21  0.512581  0.675190
8 22  0.567919  0.720050
8 23  0.580822  1.015615
8 24  0.290174  0.520226
8 25  0.564661  0.746072
8 26  0.589452  1.034869
9 10  0.596018  0.825566
9 11  0.595793  0.803419
9 12  0.620770  1.272704
9 13  0.627479  0.897311
9 14  0.587009  0.906009
9 15  0.564142  0.884848
9 16  0.617167  1.249049
9 17  0.626185  0.903550
9 18  0.388615  0.745586
9 19  0.613603  1.090067
9 20  0.617737  1.103641
9 21  0.554170  0.753276
9 22  0.599372  0.794913
9 23  0.606600  1.090218
9 24  0.549364  0.777265
9 25  0.596106  0.820910
9 26  0.620851  1.108995
10 11  0.515971  0.685359
10 12  0.589299  1.182748
10 13  0.558500  0.792989
10 14  0.554625  0.826578
10 15  0.555364  0.831402
10 16  0.588631  1.178222
10 17  0.550688  0.785596
10 18  0.594598  0.828803
10 19  0.580220  1.013593
10 20  0.589297  1.034826
10 21  0.568111  0.719996
10 22  0.511962  0.672976
10 23  0.582029  1.015064
10 24  0.564649  0.745928
10 25  0.289859  0.517803
10 26  0.589460  1.032767
11 12  0.589243  1.166149
11 13  0.559272  0.784136
11 14  0.551296  0.806562
11 15  0.555288  0.809873
11 16  0.588679  1.157059
11 17  0.547663  0.761009
11 18  0.594405  0.807192
11 19  0.581272  0.991608
11 20  0.589338  1.013436
11 21  0.567890  0.698379
11 22  0.289177  0.456650
11 23  0.581901  0.993568
11 24  0.564421  0.724307
11 25  0.512375  0.680766
11 26  0.588908  1.012134
12 13  0.620514  1.271753
12 14  0.575416  1.276738
12 15  0.575466  1.277904
12 16  0.452334  1.602121
12 17  0.616322  1.275235
12 18  0.616557  1.276416
12 19  0.577122  1.396429
12 20  0.593259  1.452640
12 21  0.593519  1.174950
12 22  0.593069  1.173860
12 23  0.577337  1.397258
12 24  0.589964  1.200392
12 25  0.589718  1.199399
12 26  0.593182  1.451594
13 14  0.563852  0.882671
13 15  0.586753  0.906209
13 16  0.616943  1.248090
13 17  0.388364  0.743034
13 18  0.626148  0.903770
13 19  0.606017  1.088353
13 20  0.620665  1.109132
13 21  0.599565  0.795033
13 22  0.553471  0.751290
13 23  0.613686  1.089953
13 24  0.596095  0.820940
13 25  0.548889  0.775458
13 26  0.617363  1.101592
14 15  0.546774  0.910627
14 16  0.577984  1.230531
14 17  0.565726  0.886149
14 18  0.585856  0.900086
14 19  0.570127  1.085219
14 20  0.580175  1.110922
14 21  0.559396  0.799985
14 22  0.553536  0.787537
14 23  0.572213  1.062971
14 24  0.555918  0.822931
14 25  0.551381  0.820265
14 26  0.557979  1.029354
15 16  0.578007  1.231588
15 17  0.585653  0.900066
15 18  0.565956  0.888500
15 19  0.571912  1.063199
15 20  0.558090  1.031116
15 21  0.553986  0.789685
15 22  0.558962  0.800050
15 23  0.570470  1.087248
15 24  0.551638  0.822398
15 25  0.555690  0.823080
15 26  0.580094  1.110950
16 17  0.617835  1.250673
16 18  0.618063  1.251794
16 19  0.588758  1.403791
16 20  0.593936  1.389735
16 21  0.592594  1.137978
16 22  0.592139  1.136919
16 23  0.589062  1.404344
16 24  0.588726  1.156791
16 25  0.588478  1.155894
16 26  0.593798  1.388750
17 18  0.624820  0.901507
17 19  0.601547  1.039208
17 20  0.619023  1.091035
17 21  0.598292  0.797798
17 22  0.560972  0.776522
17 23  0.611733  1.078128
17 24  0.594825  0.823876
17 25  0.558924  0.792358
17 26  0.618145  1.100376
18 19  0.611627  1.078362
18 20  0.618459  1.102617
18 21  0.561594  0.778841
18 22  0.598064  0.797904
18 23  0.602075  1.040953
18 24  0.559371  0.794586
18 25  0.594801  0.824066
18 26  0.619151  1.091028
19 20  0.599882  1.220349
19 21  0.585718  0.983452
19 22  0.584098  0.981609
19 23  0.591283  1.237218
19 24  0.582225  1.010705
19 25  0.579705  0.994818
19 26  0.569367  1.268873
20 21  0.593144  0.998067
20 22  0.593020  1.003116
20 23  0.569744  1.270871
20 24  0.589493  1.027605
20 25  0.589659  1.022699
20 26  0.609059  1.303284
21 22  0.571496  0.688744
21 23  0.584897  0.983587
21 24  0.519772  0.675076
21 25  0.568234  0.714514
21 26  0.593372  1.003139
22 23  0.585611  0.983240
22 24  0.568030  0.714426
22 25  0.519133  0.672956
22 26  0.592601  0.995985
23 24  0.580288  0.996616
23 25  0.582322  1.010570
23 26  0.600138  1.220021
24 25  0.564768  0.740553
24 26  0.589806  1.022631
25 26  0.589154  1.025559
