   -993.90094506
   -994.21732036     -994.09501051
0.00012692232335
2 2 2 2 2 2 2 2 2 2 2 2 2 0 0 0 0 0 0 0 0 0 0 0 0 0 
1  0.267425  0.422275
2  0.267467  0.422487
3  0.308741  0.627944
4  0.306332  0.680244
5  0.308739  0.627435
6  0.284317  0.359757
7  0.306223  0.680474
8  0.284783  0.381578
9  0.316986  0.457645
10  0.284616  0.380763
11  0.283880  0.358605
12  0.312418  0.824658
13  0.316833  0.457278
14  0.278463  0.466421
15  0.278482  0.466633
16  0.311939  0.804194
17  0.315333  0.459034
18  0.315465  0.459535
19  0.305817  0.643748
20  0.313422  0.660572
21  0.287641  0.350400
22  0.287245  0.349654
23  0.305982  0.643773
24  0.284683  0.377087
25  0.284486  0.376447
26  0.313383  0.660288
1 2  0.534812  0.842211
1 3  0.575075  1.036989
1 4  0.571090  1.098440
1 5  0.556364  0.984758
1 6  0.551737  0.781288
1 7  0.572352  1.071383
1 8  0.552192  0.800606
1 9  0.584314  0.870590
1 10  0.549111  0.798507
1 11  0.546359  0.768481
1 12  0.577029  1.225908
1 13  0.565648  0.858584
1 14  0.252064  0.662305
1 15  0.545894  0.887976
1 16  0.573598  1.216435
1 17  0.563240  0.863488
1 18  0.582726  0.881361
1 19  0.571174  1.054808
1 20  0.580756  1.079924
1 21  0.555027  0.772575
1 22  0.549858  0.769357
1 23  0.572728  1.064027
1 24  0.551976  0.799156
1 25  0.550691  0.794479
1 26  0.559797  1.078417
2 3  0.556412  0.985351
2 4  0.572481  1.071258
2 5  0.575110  1.036748
2 6  0.546834  0.769772
2 7  0.571015  1.098898
2 8  0.549326  0.799507
2 9  0.565825  0.859189
2 10  0.552067  0.799998
2 11  0.551341  0.780346
2 12  0.577066  1.226004
2 13  0.584201  0.870433
2 14  0.545917  0.887976
2 15  0.252149  0.662874
2 16  0.573645  1.216626
2 17  0.582634  0.881074
2 18  0.563450  0.864205
2 19  0.572592  1.064215
2 20  0.559879  1.078919
2 21  0.550316  0.770330
2 22  0.554671  0.772042
2 23  0.571380  1.055020
2 24  0.550928  0.795328
2 25  0.551819  0.798732
2 26  0.580757  1.079852
3 4  0.607499  1.238230
3 5  0.606824  1.199060
3 6  0.592806  0.981445
3 7  0.579298  1.280231
3 8  0.593292  1.007764
3 9  0.623197  1.066631
3 10  0.593248  1.004224
3 11  0.592602  0.986034
3 12  0.602990  1.420881
3 13  0.624831  1.061362
3 14  0.586837  1.091506
3 15  0.571439  1.091229
3 16  0.589685  1.356564
3 17  0.623972  1.085694
3 18  0.622037  1.084649
3 19  0.613139  1.265425
3 20  0.385792  1.179424
3 21  0.595977  0.977693
3 22  0.595863  0.977254
3 23  0.578358  1.238913
3 24  0.593220  1.002958
3 25  0.592960  1.003791
3 26  0.620352  1.279786
4 5  0.579411  1.279440
4 6  0.590618  1.033602
4 7  0.608044  1.348063
4 8  0.591090  1.058931
4 9  0.622978  1.130946
4 10  0.588263  1.036986
4 11  0.588830  1.031132
4 12  0.596408  1.414702
4 13  0.612921  1.086716
4 14  0.579933  1.122792
4 15  0.583248  1.143845
4 16  0.596075  1.452911
4 17  0.610256  1.134252
4 18  0.621578  1.138575
4 19  0.376983  1.214811
4 20  0.616241  1.332922
4 21  0.593870  1.030162
4 22  0.593294  1.028994
4 23  0.610607  1.313097
4 24  0.590946  1.056580
4 25  0.589097  1.055954
4 26  0.577399  1.262251
5 6  0.593038  0.986671
5 7  0.607376  1.237898
5 8  0.593413  1.004516
5 9  0.624973  1.061202
5 10  0.593124  1.006459
5 11  0.592369  0.979837
5 12  0.603014  1.420408
5 13  0.623063  1.065783
5 14  0.571410  1.090536
5 15  0.586854  1.091232
5 16  0.589641  1.356095
5 17  0.621892  1.083655
5 18  0.624102  1.085685
5 19  0.578249  1.238368
5 20  0.620394  1.279597
5 21  0.596258  0.977488
5 22  0.595565  0.976436
5 23  0.613299  1.264943
5 24  0.593157  1.003917
5 25  0.593020  1.001810
5 26  0.385681  1.178545
6 7  0.589156  1.032431
6 8  0.521048  0.698625
6 9  0.565197  0.798660
6 10  0.568932  0.738726
6 11  0.568195  0.717091
6 12  0.596389  1.165674
6 13  0.601149  0.816167
6 14  0.562664  0.826034
6 15  0.558603  0.824202
6 16  0.596191  1.163106
6 17  0.599565  0.818672
6 18  0.553191  0.774806
6 19  0.589931  1.002916
6 20  0.597305  1.019753
6 21  0.292779  0.469596
6 22  0.571561  0.709377
6 23  0.589828  1.001653
6 24  0.517373  0.695432
6 25  0.568800  0.736142
6 26  0.597523  1.019675
7 8  0.588327  1.037909
7 9  0.612968  1.087320
7 10  0.590815  1.058363
7 11  0.590072  1.032722
7 12  0.596324  1.414705
7 13  0.622714  1.130817
7 14  0.583120  1.143866
7 15  0.579847  1.123185
7 16  0.596052  1.453237
7 17  0.621345  1.138299
7 18  0.610298  1.134990
7 19  0.610339  1.313264
7 20  0.577331  1.262675
7 21  0.593587  1.029970
7 22  0.593367  1.029648
7 23  0.376980  1.215228
7 24  0.589193  1.056823
7 25  0.590639  1.056175
7 26  0.616098  1.332872
8 9  0.564326  0.807568
8 10  0.569398  0.760632
8 11  0.568661  0.738395
8 12  0.596688  1.182167
8 13  0.601614  0.838663
8 14  0.562952  0.847745
8 15  0.562246  0.844350
8 16  0.596398  1.184469
8 17  0.599998  0.840461
8 18  0.556389  0.799633
8 19  0.590299  1.024517
8 20  0.598085  1.040462
8 21  0.516808  0.687243
8 22  0.572019  0.731176
8 23  0.588905  1.023936
8 24  0.294056  0.532492
8 25  0.569268  0.757945
8 26  0.597689  1.041263
9 10  0.601600  0.838217
9 11  0.600864  0.815390
9 12  0.628644  1.273814
9 13  0.633800  0.910606
9 14  0.595078  0.923531
9 15  0.572273  0.901574
9 16  0.625343  1.255061
9 17  0.632304  0.916401
9 18  0.394256  0.758137
9 19  0.622751  1.100470
9 20  0.626823  1.110715
9 21  0.559041  0.765834
9 22  0.604184  0.807184
9 23  0.615387  1.099765
9 24  0.554638  0.790851
9 25  0.601423  0.833928
9 26  0.629836  1.116592
10 11  0.520500  0.696730
10 12  0.596518  1.181464
10 13  0.563998  0.806409
10 14  0.562062  0.843352
10 15  0.562804  0.847144
10 16  0.596223  1.183669
10 17  0.556057  0.798322
10 18  0.599963  0.840148
10 19  0.588564  1.023105
10 20  0.597570  1.040735
10 21  0.572248  0.731108
10 22  0.516337  0.685737
10 23  0.590302  1.023734
10 24  0.569299  0.757769
10 25  0.293852  0.531026
10 26  0.597880  1.039377
11 12  0.595946  1.164666
11 13  0.564666  0.797154
11 14  0.558121  0.822827
11 15  0.562246  0.825096
11 16  0.595755  1.161968
11 17  0.552678  0.773298
11 18  0.599259  0.818023
11 19  0.589223  1.000492
11 20  0.597131  1.018812
11 21  0.571520  0.708971
11 22  0.292480  0.468081
11 23  0.589658  1.001797
11 24  0.568559  0.735630
11 25  0.516786  0.693646
11 26  0.596826  1.018325
12 13  0.628492  1.273448
12 14  0.585389  1.281903
12 15  0.585427  1.282158
12 16  0.462665  1.596654
12 17  0.624211  1.275323
12 18  0.624357  1.275835
12 19  0.587626  1.397048
12 20  0.603715  1.448950
12 21  0.599994  1.174379
12 22  0.599595  1.173635
12 23  0.587754  1.397069
12 24  0.596933  1.200583
12 25  0.596734  1.199954
12 26  0.603700  1.448693
13 14  0.572083  0.900966
13 15  0.594939  0.923379
13 16  0.625175  1.254678
13 17  0.394062  0.757198
13 18  0.632283  0.916534
13 19  0.615045  1.099371
13 20  0.629722  1.116512
13 21  0.604426  0.807562
13 22  0.558494  0.764775
13 23  0.622764  1.100129
13 24  0.601467  0.834198
13 25  0.554311  0.789972
13 26  0.626620  1.110077
14 15  0.556842  0.931283
14 16  0.588045  1.239518
14 17  0.573452  0.902641
14 18  0.593811  0.915522
14 19  0.581093  1.100193
14 20  0.591045  1.121751
14 21  0.566099  0.815794
14 22  0.560056  0.802924
14 23  0.583035  1.075071
14 24  0.563126  0.838976
14 25  0.558452  0.836799
14 26  0.567592  1.038057
15 16  0.588069  1.239794
15 17  0.593696  0.915248
15 18  0.573601  0.903362
15 19  0.582881  1.075255
15 20  0.567633  1.038398
15 21  0.560463  0.803834
15 22  0.565721  0.815260
15 23  0.581275  1.100399
15 24  0.558666  0.837626
15 25  0.562948  0.838556
15 26  0.591024  1.121645
16 17  0.625858  1.256348
16 18  0.625999  1.256809
16 19  0.599891  1.406513
16 20  0.604598  1.390085
16 21  0.599322  1.141639
16 22  0.598923  1.140894
16 23  0.600057  1.406493
16 24  0.595898  1.160599
16 25  0.595698  1.159995
16 26  0.604542  1.389813
17 18  0.630751  0.912302
17 19  0.610049  1.047202
17 20  0.627881  1.096222
17 21  0.602974  0.809054
17 22  0.565819  0.788422
17 23  0.620523  1.085931
17 24  0.600013  0.835898
17 25  0.564030  0.804850
17 26  0.627092  1.106948
18 19  0.620493  1.086431
18 20  0.627268  1.107752
18 21  0.566286  0.789638
18 22  0.602709  0.808808
18 23  0.610339  1.047628
18 24  0.564349  0.805956
18 25  0.599949  0.835761
18 26  0.627978  1.096398
19 20  0.611294  1.223591
19 21  0.593440  0.992012
19 22  0.591731  0.990358
19 23  0.602202  1.242979
19 24  0.590448  1.020243
19 25  0.587849  1.003566
19 26  0.580904  1.274479
20 21  0.600716  1.002750
20 22  0.600642  1.008478
20 23  0.581068  1.274801
20 24  0.597509  1.033129
20 25  0.597758  1.028151
20 26  0.620571  1.304320
21 22  0.574885  0.699323
21 23  0.592302  0.991144
21 24  0.523744  0.686250
21 25  0.572127  0.725762
21 26  0.600998  1.008947
22 23  0.593208  0.991290
22 24  0.571927  0.725654
22 25  0.523202  0.684882
22 26  0.600275  1.001760
23 24  0.588213  1.004222
23 25  0.590415  1.019632
23 26  0.611400  1.223349
24 25  0.569168  0.752550
24 26  0.597914  1.028518
25 26  0.597276  1.032245
