   -993.90094506
   -994.21958472     -994.10065982
0.00000364510501
2 2 2 2 2 2 2 2 2 2 2 2 2 0 0 0 0 0 0 0 0 0 0 0 0 0 
1  0.273825  0.439579
2  0.273840  0.439898
3  0.317034  0.631288
4  0.315800  0.684810
5  0.316990  0.631129
6  0.286226  0.372615
7  0.315769  0.684976
8  0.286699  0.397699
9  0.321456  0.470673
10  0.286516  0.397190
11  0.285744  0.371585
12  0.319715  0.810679
13  0.321286  0.470135
14  0.284891  0.482973
15  0.284891  0.483153
16  0.319308  0.794415
17  0.319629  0.471231
18  0.319786  0.471809
19  0.315650  0.649368
20  0.321635  0.660494
21  0.289751  0.363257
22  0.289305  0.362577
23  0.315677  0.649647
24  0.286587  0.393499
25  0.286373  0.392988
26  0.321599  0.660363
1 2  0.547546  0.876657
1 3  0.589459  1.056913
1 4  0.586852  1.120516
1 5  0.569271  1.001337
1 6  0.560031  0.811267
1 7  0.587957  1.090985
1 8  0.560491  0.833020
1 9  0.595143  0.899241
1 10  0.557383  0.831481
1 11  0.554590  0.797336
1 12  0.590470  1.228379
1 13  0.576148  0.888044
1 14  0.262536  0.696185
1 15  0.558698  0.921431
1 16  0.587134  1.224232
1 17  0.573744  0.893684
1 18  0.593357  0.910913
1 19  0.587339  1.078315
1 20  0.595342  1.096834
1 21  0.563477  0.802721
1 22  0.558185  0.799715
1 23  0.588652  1.087291
1 24  0.560127  0.832854
1 25  0.558943  0.828372
1 26  0.573650  1.095379
2 3  0.569334  1.001736
2 4  0.588003  1.091090
2 5  0.589430  1.057069
2 6  0.555079  0.798616
2 7  0.586834  1.121001
2 8  0.557584  0.832301
2 9  0.576322  0.888842
2 10  0.560322  0.832830
2 11  0.559564  0.810559
2 12  0.590483  1.228643
2 13  0.594987  0.899016
2 14  0.558713  0.921568
2 15  0.262559  0.696801
2 16  0.587149  1.224536
2 17  0.593214  0.910655
2 18  0.573948  0.894582
2 19  0.588637  1.087328
2 20  0.573689  1.095828
2 21  0.558651  0.800727
2 22  0.563044  0.802359
2 23  0.587379  1.078889
2 24  0.559172  0.829199
2 25  0.559927  0.832662
2 26  0.595320  1.097017
3 4  0.624425  1.246653
3 5  0.622219  1.205644
3 6  0.603016  0.996857
3 7  0.596494  1.288853
3 8  0.603451  1.026800
3 9  0.635933  1.082109
3 10  0.603443  1.023331
3 11  0.602741  1.002325
3 12  0.618415  1.412088
3 13  0.637455  1.075614
3 14  0.601513  1.111098
3 15  0.585211  1.110437
3 16  0.605109  1.355573
3 17  0.636496  1.101262
3 18  0.634507  1.100554
3 19  0.631123  1.275164
3 20  0.400906  1.179670
3 21  0.606313  0.993787
3 22  0.606141  0.993438
3 23  0.595948  1.250393
3 24  0.603364  1.022474
3 25  0.603001  1.023583
3 26  0.636589  1.283870
4 5  0.596491  1.288537
4 6  0.601991  1.049619
4 7  0.626153  1.356461
4 8  0.602467  1.079125
4 9  0.636774  1.147338
4 10  0.599593  1.055503
4 11  0.599996  1.047677
4 12  0.612095  1.407448
4 13  0.626116  1.101441
4 14  0.595855  1.145592
4 15  0.598896  1.165092
4 16  0.612145  1.449855
4 17  0.623809  1.150850
4 18  0.635324  1.155321
4 19  0.394212  1.224278
4 20  0.633632  1.338288
4 21  0.605312  1.047503
4 22  0.604757  1.046299
4 23  0.629405  1.323535
4 24  0.602286  1.077314
4 25  0.600349  1.077072
4 26  0.595057  1.273479
5 6  0.603179  1.003192
5 7  0.624351  1.246671
5 8  0.603583  1.023669
5 9  0.637581  1.075965
5 10  0.603223  1.026134
5 11  0.602491  0.995706
5 12  0.618385  1.411942
5 13  0.635721  1.081487
5 14  0.585161  1.110097
5 15  0.601469  1.111118
5 16  0.605084  1.355458
5 17  0.634303  1.099816
5 18  0.636610  1.101677
5 19  0.595895  1.249948
5 20  0.636582  1.283840
5 21  0.606545  0.993958
5 22  0.605822  0.992947
5 23  0.631108  1.275280
5 24  0.603172  1.023933
5 25  0.603106  1.021803
5 26  0.400795  1.179329
6 7  0.600441  1.048817
6 8  0.524947  0.727268
6 9  0.571922  0.825378
6 10  0.572737  0.767100
6 11  0.571965  0.742376
6 12  0.605534  1.162510
6 13  0.607511  0.841566
6 14  0.570967  0.855399
6 15  0.566831  0.853704
6 16  0.605453  1.166133
6 17  0.605692  0.843712
6 18  0.559675  0.800990
6 19  0.601501  1.021259
6 20  0.607383  1.032500
6 21  0.296417  0.497785
6 22  0.575530  0.735137
6 23  0.601344  1.020055
6 24  0.521350  0.726817
6 25  0.572577  0.765510
6 26  0.607605  1.032503
7 8  0.599743  1.056109
7 9  0.626261  1.102120
7 10  0.602252  1.078783
7 11  0.601478  1.048792
7 12  0.612067  1.407564
7 13  0.636572  1.147002
7 14  0.598866  1.165080
7 15  0.595825  1.145914
7 16  0.612119  1.450050
7 17  0.635135  1.154912
7 18  0.623950  1.151584
7 19  0.629346  1.323419
7 20  0.595065  1.273749
7 21  0.605173  1.047143
7 22  0.604833  1.046990
7 23  0.394246  1.224794
7 24  0.600539  1.077748
7 25  0.602041  1.076969
7 26  0.633567  1.338321
8 9  0.570784  0.836686
8 10  0.573211  0.792285
8 11  0.572439  0.766589
8 12  0.605870  1.181728
8 13  0.607982  0.867593
8 14  0.571144  0.880368
8 15  0.570543  0.877008
8 16  0.605611  1.190706
8 17  0.606133  0.868730
8 18  0.562786  0.828981
8 19  0.601973  1.045919
8 20  0.608193  1.056399
8 21  0.521026  0.718467
8 22  0.575990  0.760192
8 23  0.600401  1.045803
8 24  0.297458  0.567624
8 25  0.573072  0.790562
8 26  0.607656  1.057368
9 10  0.607969  0.867622
9 11  0.607200  0.841082
9 12  0.640367  1.273056
9 13  0.642710  0.935179
9 14  0.605850  0.953091
9 15  0.582873  0.931961
9 16  0.636978  1.257706
9 17  0.641070  0.941604
9 18  0.402426  0.787007
9 19  0.637051  1.119137
9 20  0.639354  1.124182
9 21  0.565800  0.792550
9 22  0.610651  0.833129
9 23  0.629188  1.118603
9 24  0.561136  0.821172
9 25  0.607734  0.863464
9 26  0.642441  1.129771
10 11  0.524338  0.725778
10 12  0.605687  1.181261
10 13  0.570429  0.835632
10 14  0.570359  0.876330
10 15  0.570959  0.880039
10 16  0.605426  1.190203
10 17  0.562421  0.827880
10 18  0.606106  0.868800
10 19  0.600179  1.045014
10 20  0.607507  1.056991
10 21  0.576253  0.760363
10 22  0.520484  0.717361
10 23  0.601816  1.045691
10 24  0.573102  0.790564
10 25  0.297219  0.566596
10 26  0.607974  1.055764
11 12  0.605054  1.161595
11 13  0.571326  0.823821
11 14  0.566337  0.852486
11 15  0.570485  0.854550
11 16  0.604971  1.165113
11 17  0.559107  0.799513
11 18  0.605367  0.843261
11 19  0.600837  1.018764
11 20  0.607160  1.031607
11 21  0.575495  0.734788
11 22  0.296052  0.496418
11 23  0.601048  1.020513
11 24  0.572309  0.764991
11 25  0.520700  0.725285
11 26  0.606865  1.031345
12 13  0.640197  1.272504
12 14  0.598967  1.284831
12 15  0.598966  1.285008
12 16  0.477517  1.573438
12 17  0.635467  1.273354
12 18  0.635628  1.273921
12 19  0.603754  1.393654
12 20  0.619012  1.437646
12 21  0.609382  1.173194
12 22  0.608936  1.172518
12 23  0.603779  1.393894
12 24  0.606061  1.202916
12 25  0.605846  1.202412
12 26  0.618983  1.437500
13 14  0.582693  0.931240
13 15  0.605677  0.952734
13 16  0.636800  1.257184
13 17  0.402204  0.785795
13 18  0.641056  0.941645
13 19  0.628971  1.117783
13 20  0.642304  1.129367
13 21  0.610927  0.833271
13 22  0.565196  0.791365
13 23  0.636908  1.118880
13 24  0.607777  0.863436
13 25  0.560779  0.820218
13 26  0.639153  1.123522
14 15  0.569639  0.964138
14 16  0.601653  1.245927
14 17  0.583806  0.930591
14 18  0.604521  0.942690
14 19  0.597172  1.122872
14 20  0.605488  1.137821
14 21  0.574620  0.844931
14 22  0.568570  0.830795
14 23  0.598926  1.095777
14 24  0.571442  0.870651
14 25  0.566703  0.868985
14 26  0.580620  1.051091
15 16  0.601653  1.246110
15 17  0.604364  0.942305
15 18  0.583971  0.931336
15 19  0.598898  1.095677
15 20  0.580654  1.051338
15 21  0.569003  0.831604
15 22  0.574173  0.844423
15 23  0.597197  1.123316
15 24  0.566911  0.869650
15 25  0.571228  0.870317
15 26  0.605452  1.137863
16 17  0.637482  1.258740
16 18  0.637636  1.259290
16 19  0.616299  1.402458
16 20  0.619698  1.383646
16 21  0.608729  1.142483
16 22  0.608282  1.141803
16 23  0.616323  1.402677
16 24  0.605112  1.164199
16 25  0.604898  1.163731
16 26  0.619665  1.383519
17 18  0.639352  0.935190
17 19  0.623323  1.062008
17 20  0.640213  1.106583
17 21  0.609379  0.833929
17 22  0.572446  0.814479
17 23  0.634321  1.102198
17 24  0.606214  0.864443
17 25  0.570298  0.833452
17 26  0.639550  1.118795
18 19  0.634449  1.102476
18 20  0.639742  1.119491
18 21  0.572996  0.815715
18 22  0.609090  0.833830
18 23  0.623497  1.062733
18 24  0.570658  0.834534
18 25  0.606157  0.864510
18 26  0.640333  1.106989
19 20  0.628495  1.230048
19 21  0.605381  1.009760
19 22  0.603452  1.008115
19 23  0.620071  1.253584
19 24  0.602167  1.042144
19 25  0.599484  1.023712
19 26  0.598465  1.281453
20 21  0.611051  1.014383
20 22  0.610884  1.021061
20 23  0.598516  1.281854
20 24  0.607571  1.048682
20 25  0.607841  1.043195
20 26  0.636212  1.303898
21 22  0.579052  0.724696
21 23  0.603927  1.009084
21 24  0.527849  0.715456
21 25  0.576121  0.754482
21 26  0.611295  1.021623
22 23  0.604963  1.009372
22 24  0.575889  0.754312
22 25  0.527245  0.714279
22 26  0.610569  1.013608
23 24  0.599726  1.024486
23 25  0.601981  1.041914
23 26  0.628486  1.230162
24 25  0.572957  0.784864
24 26  0.608019  1.043579
25 26  0.607323  1.048067
