  -1146.51816755
  -1146.86958550    -1146.72021097
0.00024851020627
2 2 2 2 2 2 2 2 2 2 2 2 2 2 2 0 0 0 0 0 0 0 0 0 0 0 0 0 0 0 
1  0.254669  0.335847
2  0.256885  0.329257
3  0.256184  0.549299
4  0.257900  0.427095
5  0.270028  0.525896
6  0.271425  0.536292
7  0.268709  0.398709
8  0.272467  0.410214
9  0.278996  0.504450
10  0.262087  0.445509
11  0.289099  0.521605
12  0.277026  0.480858
13  0.280047  0.617513
14  0.287622  0.691359
15  0.265586  0.428291
16  0.257893  0.339405
17  0.260166  0.339407
18  0.261334  0.553973
19  0.262527  0.426767
20  0.272278  0.528991
21  0.274550  0.527499
22  0.271727  0.414109
23  0.273622  0.397573
24  0.289124  0.691210
25  0.281558  0.616688
26  0.266447  0.451837
27  0.281275  0.513953
28  0.267389  0.421095
29  0.289822  0.516800
30  0.278102  0.488200
1 2  0.472719  0.640996
1 3  0.510830  0.884453
1 4  0.512563  0.762169
1 5  0.524684  0.859463
1 6  0.526090  0.871271
1 7  0.523374  0.733802
1 8  0.527128  0.745865
1 9  0.533491  0.836226
1 10  0.511062  0.759028
1 11  0.543755  0.854094
1 12  0.512065  0.795622
1 13  0.534128  0.942337
1 14  0.542237  1.024666
1 15  0.516956  0.760246
1 16  0.236835  0.446759
1 17  0.469778  0.632775
1 18  0.515982  0.889344
1 19  0.517107  0.762401
1 20  0.526827  0.864410
1 21  0.529203  0.862984
1 22  0.526388  0.749788
1 23  0.528290  0.733297
1 24  0.543495  1.026185
1 25  0.535307  0.951526
1 26  0.518937  0.786845
1 27  0.535922  0.849104
1 28  0.521144  0.751577
1 29  0.544421  0.852315
1 30  0.504414  0.794840
2 3  0.513063  0.874570
2 4  0.514734  0.755434
2 5  0.526908  0.853804
2 6  0.528307  0.863130
2 7  0.525588  0.727050
2 8  0.529343  0.738779
2 9  0.535489  0.825636
2 10  0.514127  0.766087
2 11  0.545975  0.850399
2 12  0.515722  0.796687
2 13  0.536611  0.940962
2 14  0.544501  1.019528
2 15  0.517009  0.740172
2 16  0.470351  0.629749
2 17  0.235115  0.429197
2 18  0.518194  0.882726
2 19  0.519096  0.755831
2 20  0.529151  0.857918
2 21  0.531433  0.856392
2 22  0.528608  0.743224
2 23  0.530461  0.726706
2 24  0.545938  1.019744
2 25  0.538432  0.945270
2 26  0.522569  0.778197
2 27  0.537727  0.842671
2 28  0.521792  0.749351
2 29  0.546632  0.845812
2 30  0.507515  0.784911
3 4  0.514025  0.973821
3 5  0.522370  1.056858
3 6  0.521907  1.032304
3 7  0.524871  0.945504
3 8  0.528643  0.957274
3 9  0.534197  1.035996
3 10  0.517696  0.992266
3 11  0.545197  1.068149
3 12  0.533126  1.022038
3 13  0.507307  1.135882
3 14  0.523022  1.199503
3 15  0.521725  0.964153
3 16  0.514011  0.888247
3 17  0.516291  0.888187
3 18  0.244311  0.935950
3 19  0.518692  0.974866
3 20  0.527436  1.069078
3 21  0.527415  1.073911
3 22  0.527700  0.962233
3 23  0.529759  0.945935
3 24  0.518872  1.190336
3 25  0.500818  1.098224
3 26  0.522445  0.996126
3 27  0.535564  1.060709
3 28  0.523518  0.968865
3 29  0.545594  1.063914
3 30  0.534268  1.035716
4 5  0.527923  0.950700
4 6  0.529313  0.961987
4 7  0.522377  0.816069
4 8  0.524425  0.812562
4 9  0.507694  0.908712
4 10  0.519863  0.868220
4 11  0.525390  0.922955
4 12  0.534648  0.897953
4 13  0.537515  1.039730
4 14  0.545503  1.110767
4 15  0.522148  0.844935
4 16  0.515644  0.766276
4 17  0.517635  0.766260
4 18  0.519178  0.979892
4 19  0.248615  0.647553
4 20  0.530178  0.954810
4 21  0.532441  0.953456
4 22  0.528670  0.834843
4 23  0.528580  0.823724
4 24  0.547009  1.115668
4 25  0.539337  1.042315
4 26  0.524317  0.878187
4 27  0.502905  0.892989
4 28  0.522479  0.847075
4 29  0.519227  0.899659
4 30  0.535553  0.914304
5 6  0.495260  1.028358
5 7  0.538734  0.923836
5 8  0.542495  0.935313
5 9  0.548939  1.026180
5 10  0.531883  0.960853
5 11  0.559116  1.043872
5 12  0.547012  1.004223
5 13  0.545496  1.091171
5 14  0.530053  1.187649
5 15  0.535596  0.953070
5 16  0.527826  0.864882
5 17  0.530184  0.864922
5 18  0.530408  1.071289
5 19  0.532553  0.951472
5 20  0.265082  0.879799
5 21  0.492211  0.984371
5 22  0.541736  0.939254
5 23  0.543643  0.922887
5 24  0.523023  1.148052
5 25  0.549758  1.138920
5 26  0.535774  0.976704
5 27  0.551080  1.038126
5 28  0.537371  0.946181
5 29  0.559824  1.040915
5 30  0.547850  1.012751
6 7  0.540132  0.933653
6 8  0.543892  0.945468
6 9  0.550322  1.030749
6 10  0.533467  0.979731
6 11  0.560516  1.055402
6 12  0.548446  1.014224
6 13  0.548637  1.132302
6 14  0.531331  1.191783
6 15  0.536999  0.958221
6 16  0.529308  0.875327
6 17  0.531590  0.875270
6 18  0.529240  1.087144
6 19  0.533950  0.961867
6 20  0.492247  0.993322
6 21  0.264656  0.884456
6 22  0.543107  0.949581
6 23  0.545035  0.933241
6 24  0.522982  1.161018
6 25  0.552213  1.145331
6 26  0.537643  0.986874
6 27  0.552272  1.048045
6 28  0.538793  0.956428
6 29  0.561163  1.051191
6 30  0.549436  1.023154
7 8  0.495324  0.776573
7 9  0.543018  0.880042
7 10  0.530791  0.843062
7 11  0.531531  0.899191
7 12  0.545725  0.879041
7 13  0.548609  1.013283
7 14  0.556323  1.087955
7 15  0.534211  0.823768
7 16  0.526599  0.737965
7 17  0.528863  0.737974
7 18  0.529837  0.951665
7 19  0.530116  0.820339
7 20  0.540981  0.927050
7 21  0.543219  0.925560
7 22  0.263592  0.596778
7 23  0.492004  0.741146
7 24  0.557795  1.088380
7 25  0.549678  1.014407
7 26  0.535116  0.850194
7 27  0.548358  0.911997
7 28  0.535962  0.819584
7 29  0.521695  0.859630
7 30  0.546669  0.886492
8 9  0.548713  0.905839
8 10  0.534551  0.854646
8 11  0.534447  0.906315
8 12  0.549464  0.887522
8 13  0.552489  1.026163
8 14  0.560086  1.097922
8 15  0.537902  0.832925
8 16  0.530352  0.749472
8 17  0.532573  0.749459
8 18  0.533768  0.963132
8 19  0.531219  0.835832
8 20  0.544743  0.938486
8 21  0.547009  0.937017
8 22  0.491700  0.758513
8 23  0.264151  0.586090
8 24  0.561588  1.099649
8 25  0.553907  1.025879
8 26  0.538906  0.861655
8 27  0.552896  0.920580
8 28  0.539371  0.830961
8 29  0.526150  0.876444
8 30  0.550407  0.897897
9 10  0.540126  0.942400
9 11  0.552432  1.008564
9 12  0.555277  0.981977
9 13  0.552748  1.102738
9 14  0.566436  1.187208
9 15  0.536326  0.901094
9 16  0.536874  0.843223
9 17  0.538641  0.843208
9 18  0.537861  1.056132
9 19  0.504922  0.880881
9 20  0.551187  1.031725
9 21  0.553047  1.029943
9 22  0.548548  0.917802
9 23  0.551876  0.899241
9 24  0.567789  1.192350
9 25  0.551619  1.115017
9 26  0.544243  0.950272
9 27  0.321889  0.868940
9 28  0.536573  0.920816
9 29  0.545075  0.981775
9 30  0.553579  0.984990
10 11  0.551146  0.956494
10 12  0.517639  0.899027
10 13  0.532233  1.012617
10 14  0.548800  1.120402
10 15  0.499780  0.864454
10 16  0.517815  0.784076
10 17  0.521365  0.781065
10 18  0.523259  0.995336
10 19  0.524580  0.871555
10 20  0.533663  0.973434
10 21  0.536453  0.972011
10 22  0.533767  0.859200
10 23  0.535680  0.842772
10 24  0.549954  1.134285
10 25  0.534461  1.059057
10 26  0.291218  0.740894
10 27  0.541805  0.952026
10 28  0.497653  0.830864
10 29  0.551847  0.961121
10 30  0.512420  0.900342
11 12  0.566039  0.994054
11 13  0.568460  1.123841
11 14  0.576707  1.207541
11 15  0.554321  0.948330
11 16  0.546887  0.860652
11 17  0.549176  0.860710
11 18  0.549913  1.073429
11 19  0.523290  0.904839
11 20  0.561368  1.048752
11 21  0.563554  1.047323
11 22  0.525737  0.885644
11 23  0.524987  0.864197
11 24  0.578120  1.208894
11 25  0.569428  1.135278
11 26  0.555443  0.972199
11 27  0.545841  0.993329
11 28  0.556107  0.941902
11 29  0.355097  0.908530
11 30  0.567197  1.008487
12 13  0.555801  1.090065
12 14  0.564463  1.155005
12 15  0.518813  0.878633
12 16  0.506030  0.788068
12 17  0.510751  0.787321
12 18  0.538329  1.033075
12 19  0.538865  0.906727
12 20  0.549019  1.008539
12 21  0.551473  1.007130
12 22  0.548670  0.894482
12 23  0.550507  0.878014
12 24  0.565822  1.168415
12 25  0.555167  1.092150
12 26  0.515521  0.900594
12 27  0.554871  0.987537
12 28  0.514294  0.864522
12 29  0.566839  0.996380
12 30  0.352043  0.855393
13 14  0.553298  1.280284
13 15  0.544797  1.041939
13 16  0.537117  0.955946
13 17  0.540197  0.956171
13 18  0.505791  1.107127
13 19  0.542452  1.042907
13 20  0.550450  1.142794
13 21  0.553787  1.137875
13 22  0.551019  1.030405
13 23  0.553473  1.014208
13 24  0.545785  1.251558
13 25  0.321741  1.117738
13 26  0.537575  1.065517
13 27  0.551390  1.124398
13 28  0.545772  1.033483
13 29  0.568622  1.131305
13 30  0.554646  1.099984
14 15  0.553153  1.108103
14 16  0.545211  1.029904
14 17  0.547700  1.029982
14 18  0.521288  1.189613
14 19  0.550137  1.115490
14 20  0.523062  1.152768
14 21  0.524244  1.151753
14 22  0.559327  1.103717
14 23  0.561241  1.087486
14 24  0.352322  1.303155
14 25  0.546553  1.253410
14 26  0.552867  1.140787
14 27  0.568783  1.201809
14 28  0.554981  1.110100
14 29  0.577387  1.204219
14 30  0.565367  1.175812
15 16  0.522499  0.762010
15 17  0.523468  0.766964
15 18  0.526891  0.980530
15 19  0.525589  0.854028
15 20  0.537835  0.956395
15 21  0.540108  0.954786
15 22  0.537237  0.842124
15 23  0.538808  0.825586
15 24  0.554695  1.116968
15 25  0.545408  1.039303
15 26  0.498779  0.843677
15 27  0.537575  0.938891
15 28  0.293087  0.683159
15 29  0.555075  0.944194
15 30  0.513089  0.875339
16 17  0.477936  0.654358
16 18  0.519196  0.892626
16 19  0.520409  0.765563
16 20  0.530151  0.865930
16 21  0.532433  0.866098
16 22  0.529615  0.752466
16 23  0.531507  0.736827
16 24  0.546966  1.027924
16 25  0.538733  0.943914
16 26  0.518389  0.767707
16 27  0.538856  0.849487
16 28  0.520921  0.756366
16 29  0.547699  0.853077
16 30  0.516324  0.806577
17 18  0.521491  0.888954
17 19  0.522608  0.764699
17 20  0.532438  0.867148
17 21  0.534710  0.864440
17 22  0.531890  0.752528
17 23  0.533781  0.736186
17 24  0.549286  1.029333
17 25  0.541297  0.950180
17 26  0.520513  0.782502
17 27  0.540903  0.844096
17 28  0.521677  0.742440
17 29  0.549977  0.855810
17 30  0.519373  0.812662
18 19  0.523778  0.977691
18 20  0.528191  1.066088
18 21  0.529533  1.027596
18 22  0.533024  0.964888
18 23  0.534937  0.949148
18 24  0.528365  1.202026
18 25  0.513278  1.140972
18 26  0.526833  1.003229
18 27  0.541245  1.047161
18 28  0.528679  0.963609
18 29  0.551023  1.067955
18 30  0.539328  1.034357
19 20  0.534801  0.953908
19 21  0.537062  0.952709
19 22  0.529005  0.832631
19 23  0.529554  0.800662
19 24  0.551627  1.110649
19 25  0.543549  1.039865
19 26  0.528819  0.874788
19 27  0.513484  0.914645
19 28  0.528290  0.835671
19 29  0.529376  0.917386
19 30  0.540311  0.903828
20 21  0.500060  1.025928
20 22  0.544003  0.942214
20 23  0.545899  0.925938
20 24  0.533781  1.185113
20 25  0.548829  1.092081
20 26  0.538401  0.968956
20 27  0.553501  1.039924
20 28  0.539642  0.949180
20 29  0.562095  1.042927
20 30  0.550320  1.013804
21 22  0.546274  0.940035
21 23  0.548170  0.923966
21 24  0.535794  1.181999
21 25  0.552531  1.125291
21 26  0.540892  0.977851
21 27  0.555696  1.031230
21 28  0.541920  0.943576
21 29  0.564361  1.042199
21 30  0.552637  1.012873
22 23  0.498992  0.780164
22 24  0.560839  1.102807
22 25  0.553093  1.026640
22 26  0.538173  0.864530
22 27  0.547947  0.901799
22 28  0.539043  0.832943
22 29  0.534302  0.902090
22 30  0.549822  0.901718
23 24  0.562738  1.085531
23 25  0.555128  1.013134
23 26  0.540066  0.848584
23 27  0.551091  0.900208
23 28  0.540940  0.813968
23 29  0.536598  0.892431
23 30  0.551710  0.882599
24 25  0.556681  1.275818
24 26  0.554360  1.121632
24 27  0.570012  1.193391
24 28  0.556449  1.100693
24 29  0.578927  1.203459
24 30  0.567006  1.160424
25 26  0.536356  1.014445
25 27  0.556523  1.113469
25 28  0.548128  1.035397
25 29  0.570599  1.119784
25 30  0.558289  1.094661
26 27  0.546648  0.960838
26 28  0.505314  0.864256
26 29  0.556248  0.960025
26 30  0.523465  0.909029
27 28  0.538924  0.902069
27 29  0.556609  1.014419
27 30  0.558496  0.997132
28 29  0.556648  0.935981
28 30  0.522333  0.874727
29 30  0.567820  0.996612
