  -1146.51816755
  -1146.87260069    -1146.72968427
0.00016213627638
2 2 2 2 2 2 2 2 2 2 2 2 2 2 2 0 0 0 0 0 0 0 0 0 0 0 0 0 0 0 
1  0.262534  0.467190
2  0.262059  0.454470
3  0.259883  0.383439
4  0.261565  0.445441
5  0.272641  0.358509
6  0.273850  0.359292
7  0.270825  0.380072
8  0.274299  0.393073
9  0.285469  0.563817
10  0.269296  0.601658
11  0.292076  0.500638
12  0.284540  0.706688
13  0.286287  0.539838
14  0.291057  0.448859
15  0.272752  0.618163
16  0.265713  0.476552
17  0.265564  0.469816
18  0.265236  0.384039
19  0.266419  0.449969
20  0.274709  0.361694
21  0.276832  0.355767
22  0.273906  0.390767
23  0.275659  0.378507
24  0.292581  0.450659
25  0.288136  0.546289
26  0.274123  0.598161
27  0.287569  0.574997
28  0.274380  0.613369
29  0.292794  0.494562
30  0.285163  0.701240
1 2  0.485063  0.897750
1 3  0.522389  0.849580
1 4  0.524089  0.910951
1 5  0.535154  0.822846
1 6  0.536376  0.825019
1 7  0.533354  0.845315
1 8  0.536825  0.859748
1 9  0.547749  1.019850
1 10  0.525762  1.015355
1 11  0.554598  0.960857
1 12  0.526553  1.136992
1 13  0.548158  0.980782
1 14  0.553532  0.913342
1 15  0.531599  1.075303
1 16  0.245079  0.744973
1 17  0.482099  0.887652
1 18  0.527737  0.850770
1 19  0.528877  0.916281
1 20  0.537106  0.828571
1 21  0.539339  0.822708
1 22  0.536429  0.857460
1 23  0.538193  0.845344
1 24  0.554808  0.917175
1 25  0.549772  1.011190
1 26  0.534315  1.062534
1 27  0.550072  1.039962
1 28  0.535876  1.069850
1 29  0.555259  0.960662
1 30  0.518537  1.129892
2 3  0.521931  0.832221
2 4  0.523550  0.895775
2 5  0.534691  0.811711
2 6  0.535902  0.811083
2 7  0.532877  0.831919
2 8  0.536347  0.845203
2 9  0.547066  0.995250
2 10  0.526096  1.036101
2 11  0.554125  0.953874
2 12  0.527830  1.140514
2 13  0.547989  0.982636
2 14  0.553108  0.902034
2 15  0.529064  1.026452
2 16  0.482082  0.883120
2 17  0.244348  0.722317
2 18  0.527268  0.837944
2 19  0.528095  0.903641
2 20  0.536749  0.815934
2 21  0.538891  0.809988
2 22  0.535963  0.844790
2 23  0.537691  0.832607
2 24  0.554547  0.904567
2 25  0.550181  0.998963
2 26  0.535273  1.047008
2 27  0.549150  1.027162
2 28  0.533811  1.065596
2 29  0.554774  0.948117
2 30  0.519447  1.111616
3 4  0.521383  0.826821
3 5  0.528313  0.735146
3 6  0.527703  0.726073
3 7  0.530676  0.761703
3 8  0.534171  0.775190
3 9  0.544130  0.932280
3 10  0.528547  0.982357
3 11  0.551850  0.883279
3 12  0.544332  1.082751
3 13  0.517347  0.902250
3 14  0.529825  0.811016
3 15  0.532595  0.986195
3 16  0.525525  0.859498
3 17  0.525371  0.852662
3 18  0.250992  0.544450
3 19  0.526279  0.833042
3 20  0.533494  0.740934
3 21  0.533272  0.737862
3 22  0.533528  0.773986
3 23  0.535483  0.761778
3 24  0.525696  0.800291
3 25  0.511242  0.891206
3 26  0.533818  0.979689
3 27  0.545423  0.957501
3 28  0.534233  0.995354
3 29  0.552244  0.877565
3 30  0.545038  1.083120
4 5  0.534200  0.803034
4 6  0.535400  0.804381
4 7  0.527849  0.815579
4 8  0.529640  0.813952
4 9  0.517445  0.980309
4 10  0.530692  1.040939
4 11  0.531768  0.920948
4 12  0.545774  1.128789
4 13  0.547354  0.980944
4 14  0.552594  0.888579
4 15  0.532922  1.040549
4 16  0.527092  0.921109
4 17  0.526686  0.914381
4 18  0.526749  0.829111
4 19  0.255356  0.695448
4 20  0.536274  0.806888
4 21  0.538389  0.801037
4 22  0.534402  0.830795
4 23  0.534240  0.823076
4 24  0.554126  0.895404
4 25  0.549558  0.989081
4 26  0.535659  1.041553
4 27  0.512772  0.977481
4 28  0.533220  1.056933
4 29  0.525591  0.901612
4 30  0.546255  1.143432
5 6  0.500378  0.682691
5 7  0.543463  0.738345
5 8  0.546940  0.751412
5 9  0.558008  0.920442
5 10  0.541654  0.952288
5 11  0.564701  0.857159
5 12  0.557127  1.062905
5 13  0.554024  0.878778
5 14  0.535914  0.784094
5 15  0.545367  0.975829
5 16  0.538230  0.834744
5 17  0.538183  0.828071
5 18  0.536793  0.738777
5 19  0.539058  0.808259
5 20  0.269610  0.487220
5 21  0.497284  0.661722
5 22  0.546525  0.749200
5 23  0.548292  0.736952
5 24  0.528905  0.765853
5 25  0.558858  0.904343
5 26  0.545931  0.956179
5 27  0.559986  0.933052
5 28  0.546955  0.971373
5 29  0.565415  0.852832
5 30  0.557484  1.059028
6 7  0.544672  0.738643
6 8  0.548148  0.752100
6 9  0.559183  0.916819
6 10  0.543079  0.958173
6 11  0.565913  0.859061
6 12  0.558381  1.064878
6 13  0.557080  0.889925
6 14  0.537033  0.786168
6 15  0.546589  0.972109
6 16  0.539550  0.835565
6 17  0.539414  0.828809
6 18  0.535403  0.741831
6 19  0.540268  0.809065
6 20  0.497296  0.667632
6 21  0.268725  0.476281
6 22  0.547693  0.749978
6 23  0.549491  0.737740
6 24  0.528671  0.765685
6 25  0.561137  0.903811
6 26  0.547772  0.957112
6 27  0.560893  0.933851
6 28  0.548191  0.972087
6 29  0.566550  0.853629
6 30  0.558914  1.059846
7 8  0.499456  0.739981
7 9  0.551292  0.919851
7 10  0.540116  0.978763
7 11  0.536506  0.860531
7 12  0.555350  1.085389
7 13  0.556915  0.916351
7 14  0.561873  0.828309
7 15  0.543483  0.991836
7 16  0.536533  0.856185
7 17  0.536377  0.849446
7 18  0.535822  0.763928
7 19  0.536062  0.825915
7 20  0.545525  0.741695
7 21  0.547608  0.735776
7 22  0.267424  0.547169
7 23  0.496369  0.708878
7 24  0.563369  0.830510
7 25  0.558235  0.925842
7 26  0.544887  0.977551
7 27  0.556685  0.954428
7 28  0.545080  0.992794
7 29  0.526752  0.825535
7 30  0.555825  1.080209
8 9  0.556701  0.945613
8 10  0.543590  0.993527
8 11  0.539122  0.869093
8 12  0.558807  1.092886
8 13  0.560554  0.932117
8 14  0.565353  0.839877
8 15  0.546881  1.000822
8 16  0.540003  0.869199
8 17  0.539795  0.862391
8 18  0.539511  0.776937
8 19  0.536911  0.841945
8 20  0.549004  0.754678
8 21  0.551121  0.748772
8 22  0.495988  0.725669
8 23  0.267715  0.542829
8 24  0.566879  0.843439
8 25  0.562319  0.938516
8 26  0.548398  0.990508
8 27  0.560965  0.965283
8 28  0.548155  1.005486
8 29  0.531004  0.843016
8 30  0.559273  1.092961
9 10  0.553791  1.146778
9 11  0.561563  1.050565
9 12  0.569239  1.258624
9 13  0.564622  1.079012
9 14  0.576320  1.007849
9 15  0.549710  1.113407
9 16  0.551169  1.038161
9 17  0.550487  1.031216
9 18  0.548167  0.947070
9 19  0.515083  0.969509
9 20  0.560074  0.925068
9 21  0.561747  0.919210
9 22  0.557092  0.953802
9 23  0.560289  0.940232
9 24  0.577712  1.013545
9 25  0.564295  1.096605
9 26  0.558372  1.150608
9 27  0.333477  1.014222
9 28  0.550118  1.172221
9 29  0.554215  1.023233
9 30  0.567240  1.251472
10 11  0.561325  1.084194
10 12  0.531952  1.258702
10 13  0.545140  1.063264
10 14  0.559384  1.040818
10 15  0.513272  1.204099
10 16  0.532801  1.075157
10 17  0.533862  1.064718
10 18  0.534365  0.984071
10 19  0.535655  1.049340
10 20  0.543188  0.962788
10 21  0.545946  0.957107
10 22  0.543121  0.991613
10 23  0.544926  0.979570
10 24  0.560638  1.051093
10 25  0.548155  1.144436
10 26  0.305177  1.080148
10 27  0.555224  1.163393
10 28  0.510659  1.155719
10 29  0.562026  1.093781
10 30  0.526082  1.251753
11 12  0.576535  1.190222
11 13  0.577492  1.021891
11 14  0.583118  0.947297
11 15  0.564431  1.115102
11 16  0.557669  0.975966
11 17  0.557551  0.969399
11 18  0.556792  0.884267
11 19  0.530064  0.911946
11 20  0.566777  0.862080
11 21  0.568810  0.856208
11 22  0.530827  0.847311
11 23  0.529897  0.830478
11 24  0.584547  0.950653
11 25  0.578935  1.045355
11 26  0.566095  1.096345
11 27  0.555005  1.038519
11 28  0.566109  1.112230
11 29  0.360770  0.859405
11 30  0.577238  1.198270
12 13  0.569444  1.228095
12 14  0.575379  1.139172
12 15  0.532815  1.264570
12 16  0.520542  1.139778
12 17  0.522827  1.129690
12 18  0.549765  1.089139
12 19  0.550316  1.153575
12 20  0.558957  1.067605
12 21  0.561262  1.061816
12 22  0.558342  1.096142
12 23  0.560036  1.084059
12 24  0.576782  1.154854
12 25  0.569122  1.241190
12 26  0.530002  1.253593
12 27  0.568845  1.268095
12 28  0.527875  1.269331
12 29  0.577325  1.197565
12 30  0.364986  1.344378
13 14  0.562624  0.974314
13 15  0.558169  1.148382
13 16  0.551217  1.014056
13 17  0.551837  1.007648
13 18  0.515999  0.888841
13 19  0.552559  0.987166
13 20  0.559034  0.900957
13 21  0.562280  0.894021
13 22  0.559302  0.930072
13 23  0.561718  0.917761
13 24  0.555273  0.960259
13 25  0.333946  0.953884
13 26  0.551468  1.134807
13 27  0.563605  1.100367
13 28  0.558954  1.138273
13 29  0.577860  1.032894
13 30  0.567982  1.229254
14 15  0.563727  1.057643
14 16  0.556445  0.924720
14 17  0.556499  0.918085
14 18  0.528376  0.796376
14 19  0.557466  0.898136
14 20  0.528840  0.767754
14 21  0.529720  0.759956
14 22  0.564939  0.839397
14 23  0.566714  0.827147
14 24  0.358751  0.746743
14 25  0.556229  0.966202
14 26  0.563964  1.045926
14 27  0.578511  1.022932
14 28  0.565411  1.060917
14 29  0.583792  0.942778
14 30  0.575849  1.147727
15 16  0.537341  1.083723
15 17  0.535842  1.085443
15 18  0.537950  1.000775
15 19  0.536741  1.066216
15 20  0.547398  0.979286
15 21  0.549513  0.973391
15 22  0.546574  1.008194
15 23  0.547888  0.995926
15 24  0.565310  1.067485
15 25  0.559039  1.148116
15 26  0.511994  1.156446
15 27  0.551102  1.188758
15 28  0.306341  1.115326
15 29  0.565195  1.110967
15 30  0.526622  1.265755
16 17  0.490469  0.921946
16 18  0.530921  0.859367
16 19  0.532115  0.925045
16 20  0.540396  0.835288
16 21  0.542532  0.830922
16 22  0.539612  0.864820
16 23  0.541365  0.854632
16 24  0.558233  0.924401
16 25  0.553098  0.994780
16 26  0.533420  1.019097
16 27  0.552898  1.040517
16 28  0.535313  1.080260
16 29  0.558494  0.964538
16 30  0.530390  1.141816
17 18  0.530791  0.848031
17 19  0.531880  0.913870
17 20  0.540261  0.830576
17 21  0.542387  0.823120
17 22  0.539465  0.858277
17 23  0.541215  0.846302
17 24  0.558132  0.918959
17 25  0.553230  1.004743
17 26  0.533035  1.048731
17 27  0.552517  1.018807
17 28  0.533677  1.032375
17 29  0.558347  0.963234
17 30  0.531362  1.146019
18 19  0.531564  0.831752
18 20  0.534205  0.738354
18 21  0.535403  0.723090
18 22  0.539085  0.772812
18 23  0.540869  0.761452
18 24  0.535401  0.812864
18 25  0.523781  0.908588
18 26  0.538332  0.979356
18 27  0.551152  0.942608
18 28  0.539571  0.984207
18 29  0.557871  0.877623
18 30  0.550294  1.079085
19 20  0.541123  0.810778
19 21  0.543236  0.805239
19 22  0.534774  0.832410
19 23  0.535216  0.805587
19 24  0.558967  0.894874
19 25  0.553892  0.992649
19 26  0.540353  1.042881
19 27  0.523388  0.990562
19 28  0.539097  1.036564
19 29  0.535910  0.919226
19 30  0.551200  1.126187
20 21  0.504832  0.683085
20 22  0.548613  0.752213
20 23  0.550368  0.740054
20 24  0.539526  0.786723
20 25  0.557444  0.887454
20 26  0.548446  0.951578
20 27  0.562218  0.935604
20 28  0.549051  0.974532
20 29  0.567497  0.854692
20 30  0.559792  1.059820
21 22  0.550735  0.745802
21 23  0.552490  0.734006
21 24  0.541361  0.784027
21 25  0.561152  0.893497
21 26  0.550831  0.951650
21 27  0.564262  0.924803
21 28  0.551190  0.964831
21 29  0.569615  0.849685
21 30  0.561972  1.056102
22 23  0.503360  0.737335
22 24  0.566470  0.840847
22 25  0.561767  0.931966
22 26  0.548026  0.985242
22 27  0.556068  0.940634
22 28  0.548201  0.999840
22 29  0.539425  0.858613
22 30  0.559060  1.090633
23 24  0.568229  0.827492
23 25  0.563713  0.924234
23 26  0.549779  0.975737
23 27  0.559035  0.941145
23 28  0.549968  0.984260
23 29  0.541656  0.851019
23 30  0.560799  1.074290
24 25  0.566432  0.981053
24 26  0.565451  1.037723
24 27  0.579703  1.019068
24 28  0.566847  1.054294
24 29  0.585354  0.943628
24 30  0.577503  1.134855
25 26  0.550203  1.062897
25 27  0.568500  1.098469
25 28  0.561706  1.152159
25 29  0.579992  1.023048
25 30  0.571772  1.227158
26 27  0.560595  1.157188
26 28  0.518762  1.197879
26 29  0.566888  1.076971
26 30  0.537814  1.248620
27 28  0.551932  1.115547
27 29  0.565589  1.057112
27 30  0.571815  1.261044
28 29  0.566538  1.103743
28 30  0.535963  1.246788
29 30  0.577849  1.178923
