  -1146.51816755
  -1146.87390243    -1146.73484034
0.00013641008406
2 2 2 2 2 2 2 2 2 2 2 2 2 2 2 0 0 0 0 0 0 0 0 0 0 0 0 0 0 0 
1  0.265483  0.507175
2  0.265442  0.491677
3  0.261464  0.355797
4  0.262966  0.421789
5  0.273357  0.335193
6  0.274583  0.333049
7  0.271761  0.351289
8  0.275042  0.363173
9  0.288495  0.556917
10  0.273646  0.648071
11  0.293445  0.450909
12  0.288351  0.762516
13  0.289725  0.538207
14  0.292243  0.411103
15  0.276749  0.663997
16  0.268698  0.516846
17  0.269050  0.507852
18  0.266906  0.355680
19  0.267835  0.427284
20  0.275425  0.338970
21  0.277671  0.331159
22  0.274807  0.358641
23  0.276533  0.350500
24  0.293806  0.412474
25  0.291419  0.545003
26  0.278171  0.644328
27  0.290599  0.568384
28  0.278497  0.661179
29  0.294115  0.444239
30  0.289164  0.754222
1 2  0.490328  0.973635
1 3  0.526923  0.862039
1 4  0.528438  0.927318
1 5  0.538815  0.839090
1 6  0.540055  0.838607
1 7  0.537238  0.856601
1 8  0.540516  0.869943
1 9  0.553755  1.051794
1 10  0.532920  1.089723
1 11  0.558915  0.951432
1 12  0.533224  1.226160
1 13  0.554528  1.013996
1 14  0.557664  0.915118
1 15  0.538432  1.158305
1 16  0.249588  0.835674
1 17  0.487486  0.964508
1 18  0.532355  0.862486
1 19  0.533247  0.933485
1 20  0.540760  0.845906
1 21  0.543127  0.838165
1 22  0.540277  0.865446
1 23  0.542016  0.857421
1 24  0.558975  0.919138
1 25  0.556054  1.049449
1 26  0.541228  1.147106
1 27  0.556058  1.072876
1 28  0.542853  1.155962
1 29  0.559517  0.950554
1 30  0.525081  1.219544
2 3  0.526896  0.841893
2 4  0.528333  0.908196
2 5  0.538789  0.825688
2 6  0.540018  0.822260
2 7  0.537195  0.840072
2 8  0.540472  0.852112
2 9  0.553457  1.020756
2 10  0.533567  1.114935
2 11  0.558878  0.941630
2 12  0.534976  1.229731
2 13  0.554807  1.016664
2 14  0.557678  0.901764
2 15  0.536238  1.098609
2 16  0.487475  0.959563
2 17  0.249366  0.808253
2 18  0.532318  0.846891
2 19  0.532888  0.918145
2 20  0.540846  0.830483
2 21  0.543112  0.822678
2 22  0.540247  0.849992
2 23  0.541942  0.841906
2 24  0.559156  0.903713
2 25  0.556842  1.034532
2 26  0.542596  1.129426
2 27  0.555527  1.057402
2 28  0.541191  1.149288
2 29  0.559464  0.935215
2 30  0.526634  1.198626
3 4  0.524364  0.775598
3 5  0.530520  0.685329
3 6  0.529914  0.676270
3 7  0.533190  0.705599
3 8  0.536493  0.717890
3 9  0.548629  0.898685
3 10  0.534472  1.001423
3 11  0.554798  0.806256
3 12  0.549720  1.111531
3 13  0.522231  0.874495
3 14  0.532468  0.747607
3 15  0.538177  1.005764
3 16  0.530096  0.872247
3 17  0.530440  0.863160
3 18  0.253661  0.476885
3 19  0.529271  0.782891
3 20  0.535762  0.691597
3 21  0.535592  0.685136
3 22  0.536006  0.714320
3 23  0.537944  0.706218
3 24  0.528494  0.737758
3 25  0.516065  0.867350
3 26  0.539434  0.998634
3 27  0.549945  0.923452
3 28  0.539920  1.015728
3 29  0.555112  0.799854
3 30  0.550617  1.108761
4 5  0.536313  0.756273
4 6  0.537532  0.754621
4 7  0.530065  0.764617
4 8  0.531690  0.765388
4 9  0.521928  0.948875
4 10  0.536436  1.064276
4 11  0.534491  0.850367
4 12  0.550987  1.158833
4 13  0.552145  0.956291
4 14  0.555173  0.827730
4 15  0.538288  1.060741
4 16  0.531464  0.937681
4 17  0.531537  0.928788
4 18  0.529822  0.777247
4 19  0.257863  0.639519
4 20  0.538390  0.760629
4 21  0.540624  0.752871
4 22  0.536662  0.776377
4 23  0.536465  0.771274
4 24  0.556752  0.833897
4 25  0.554222  0.963758
4 26  0.541103  1.063942
4 27  0.517238  0.953048
4 28  0.538698  1.081278
4 29  0.528304  0.832711
4 30  0.551648  1.172946
5 6  0.501860  0.631013
5 7  0.545115  0.686304
5 8  0.548398  0.698268
5 9  0.561755  0.890603
5 10  0.546708  0.975233
5 11  0.566788  0.784391
5 12  0.561643  1.095176
5 13  0.558075  0.856867
5 14  0.537797  0.721945
5 15  0.550077  0.998573
5 16  0.541921  0.851798
5 17  0.542384  0.842865
5 18  0.539142  0.688044
5 19  0.541188  0.762363
5 20  0.270866  0.431021
5 21  0.498918  0.616648
5 22  0.548141  0.693811
5 23  0.549879  0.685671
5 24  0.530846  0.709101
5 25  0.562841  0.879792
5 26  0.550691  0.979133
5 27  0.563720  0.903184
5 28  0.551771  0.995874
5 29  0.567456  0.779340
5 30  0.562197  1.088853
6 7  0.546341  0.683764
6 8  0.549624  0.696049
6 9  0.562937  0.884698
6 10  0.548157  0.978179
6 11  0.568016  0.783290
6 12  0.562923  1.094968
6 13  0.561158  0.863395
6 14  0.539027  0.722603
6 15  0.551319  0.992721
6 16  0.543269  0.849705
6 17  0.543632  0.840704
6 18  0.537769  0.686744
6 19  0.542414  0.760246
6 20  0.498810  0.622007
6 21  0.270029  0.413990
6 22  0.549324  0.691665
6 23  0.551096  0.683533
6 24  0.530659  0.705379
6 25  0.565128  0.876972
6 26  0.552562  0.977166
6 27  0.564622  0.901214
6 28  0.553028  0.993744
6 29  0.568603  0.777214
6 30  0.563652  1.086788
7 8  0.501082  0.679224
7 9  0.555124  0.888612
7 10  0.545401  0.996628
7 11  0.538724  0.781863
7 12  0.560097  1.112703
7 13  0.561264  0.886366
7 14  0.563994  0.762034
7 15  0.548411  1.009021
7 16  0.540453  0.867806
7 17  0.540798  0.858813
7 18  0.538403  0.706864
7 19  0.538361  0.775492
7 20  0.547176  0.690236
7 21  0.549379  0.682430
7 22  0.269004  0.473913
7 23  0.498246  0.654658
7 24  0.565523  0.763665
7 25  0.562415  0.895900
7 26  0.549871  0.995051
7 27  0.560616  0.919175
7 28  0.550119  1.012026
7 29  0.529023  0.751830
7 30  0.560727  1.104684
8 9  0.560374  0.909941
8 10  0.548683  1.010465
8 11  0.541244  0.790371
8 12  0.563361  1.119050
8 13  0.564725  0.900954
8 14  0.567281  0.772671
8 15  0.551622  1.016917
8 16  0.543734  0.879700
8 17  0.544019  0.870649
8 18  0.541920  0.718782
8 19  0.539008  0.789159
8 20  0.550460  0.702108
8 21  0.552701  0.694313
8 22  0.497708  0.668382
8 23  0.269118  0.473055
8 24  0.568847  0.775517
8 25  0.566330  0.907415
8 26  0.553186  1.006921
8 27  0.564708  0.929639
8 28  0.552983  1.023659
8 29  0.533098  0.767197
8 30  0.564001  1.116363
9 10  0.561136  1.185455
9 11  0.565829  0.996634
9 12  0.576069  1.304524
9 13  0.570557  1.069747
9 14  0.580483  0.964366
9 15  0.556634  1.143637
9 16  0.557178  1.071054
9 17  0.556975  1.062017
9 18  0.552676  0.911902
9 19  0.519608  0.946660
9 20  0.563795  0.895486
9 21  0.565575  0.887899
9 22  0.560985  0.914877
9 23  0.564142  0.906007
9 24  0.581964  0.968560
9 25  0.570292  1.085234
9 26  0.565473  1.187930
9 27  0.338976  0.997016
9 28  0.557228  1.212854
9 29  0.558473  0.971790
9 30  0.574287  1.296033
10 11  0.567042  1.082839
10 12  0.539508  1.351371
10 13  0.552876  1.099389
10 14  0.564885  1.049082
10 15  0.520863  1.292204
10 16  0.539990  1.160132
10 17  0.541555  1.148099
10 18  0.540372  1.002469
10 19  0.541425  1.072846
10 20  0.548219  0.986605
10 21  0.551133  0.979025
10 22  0.548361  1.006103
10 23  0.550150  0.998132
10 24  0.566168  1.059606
10 25  0.555829  1.189059
10 26  0.312514  1.183192
10 27  0.562638  1.201487
10 28  0.518005  1.243966
10 29  0.567684  1.090562
10 30  0.533806  1.345807
11 12  0.581704  1.197837
11 13  0.582239  0.972346
11 14  0.585674  0.860211
11 15  0.569777  1.111857
11 16  0.562012  0.966779
11 17  0.562390  0.957956
11 18  0.559792  0.806387
11 19  0.532847  0.844350
11 20  0.568863  0.789785
11 21  0.571016  0.782003
11 22  0.533065  0.769626
11 23  0.532148  0.757591
11 24  0.587117  0.863174
11 25  0.583574  0.994888
11 26  0.571508  1.093423
11 27  0.559278  0.988270
11 28  0.571577  1.110785
11 29  0.363054  0.741921
11 30  0.582606  1.202449
12 13  0.576615  1.278935
12 14  0.580354  1.156937
12 15  0.540154  1.353101
12 16  0.527057  1.232703
12 17  0.530064  1.220538
12 18  0.555244  1.116908
12 19  0.555531  1.186852
12 20  0.563469  1.100859
12 21  0.565907  1.093203
12 22  0.563046  1.120197
12 23  0.564703  1.112177
12 24  0.581825  1.173183
12 25  0.576255  1.293900
12 26  0.537331  1.350107
12 27  0.575639  1.315723
12 28  0.535341  1.370109
12 29  0.582460  1.204015
12 30  0.371229  1.462698
13 14  0.567138  0.935109
13 15  0.565523  1.192012
13 16  0.557649  1.052321
13 17  0.558755  1.043691
13 18  0.521001  0.863828
13 19  0.557400  0.962432
13 20  0.563155  0.876607
13 21  0.566516  0.868440
13 22  0.563566  0.896500
13 23  0.566013  0.888234
13 24  0.559878  0.925429
13 25  0.339952  0.949119
13 26  0.559042  1.178961
13 27  0.569741  1.088906
13 28  0.566503  1.181926
13 29  0.582607  0.981514
13 30  0.575448  1.279038
14 15  0.568903  1.067134
14 16  0.560600  0.927427
14 17  0.561177  0.918502
14 18  0.531169  0.734093
14 19  0.560061  0.838022
14 20  0.530784  0.711762
14 21  0.531773  0.701716
14 22  0.567027  0.769664
14 23  0.568776  0.761510
14 24  0.360964  0.656672
14 25  0.560669  0.931870
14 26  0.569191  1.054592
14 27  0.582714  0.978803
14 28  0.570718  1.071402
14 29  0.586282  0.855129
14 30  0.581057  1.163607
15 16  0.544242  1.168168
15 17  0.543227  1.167803
15 18  0.543599  1.018455
15 19  0.542128  1.089540
15 20  0.552099  1.002404
15 21  0.554343  0.994695
15 22  0.551471  1.022135
15 23  0.552737  1.013988
15 24  0.570537  1.075571
15 25  0.566327  1.190553
15 26  0.518922  1.242709
15 27  0.558083  1.227555
15 28  0.313724  1.218431
15 29  0.570491  1.106996
15 30  0.534194  1.362133
16 17  0.495791  0.998898
16 18  0.535578  0.871443
16 19  0.536511  0.942750
16 20  0.544096  0.852367
16 21  0.546356  0.846395
16 22  0.543498  0.873115
16 23  0.545225  0.867030
16 24  0.562444  0.926066
16 25  0.559352  1.028310
16 26  0.540323  1.092815
16 27  0.558910  1.072907
16 28  0.542268  1.165383
16 29  0.562801  0.955048
16 30  0.537237  1.228206
17 18  0.535946  0.858108
17 19  0.536770  0.927765
17 20  0.544463  0.845968
17 21  0.546713  0.836816
17 22  0.543852  0.864169
17 23  0.545574  0.856266
17 24  0.562844  0.919163
17 25  0.559960  1.039868
17 26  0.540293  1.127923
17 27  0.559015  1.044875
17 28  0.541096  1.106388
17 29  0.563153  0.951243
17 30  0.538715  1.232844
18 19  0.534652  0.780921
18 20  0.536505  0.688084
18 21  0.537827  0.674196
18 22  0.541654  0.712817
18 23  0.543411  0.705401
18 24  0.538200  0.748399
18 25  0.528592  0.880188
18 26  0.544040  0.997325
18 27  0.555776  0.909168
18 28  0.545349  1.005169
18 29  0.560861  0.799280
18 30  0.555944  1.104634
19 20  0.543254  0.765531
19 21  0.545489  0.758137
19 22  0.536971  0.778463
19 23  0.537435  0.759735
19 24  0.561607  0.834706
19 25  0.558530  0.969264
19 26  0.545809  1.067089
19 27  0.527855  0.959692
19 28  0.544586  1.059312
19 29  0.538610  0.849056
19 30  0.556611  1.154987
20 21  0.506430  0.633248
20 22  0.550230  0.697414
20 23  0.551957  0.689379
20 24  0.541417  0.725270
20 25  0.561351  0.866399
20 26  0.553199  0.974738
20 27  0.565960  0.906538
20 28  0.553881  0.999769
20 29  0.569535  0.781815
20 30  0.564506  1.089685
21 22  0.552476  0.689234
21 23  0.554203  0.681507
21 24  0.543467  0.721839
21 25  0.565162  0.868472
21 26  0.555716  0.972781
21 27  0.568133  0.894679
21 28  0.556146  0.988950
21 29  0.571777  0.774871
21 30  0.566809  1.084949
22 23  0.505115  0.674758
22 24  0.568593  0.770852
22 25  0.565925  0.899244
22 26  0.552974  0.999542
22 27  0.559898  0.907299
22 28  0.553215  1.015851
22 29  0.541583  0.777702
22 30  0.563962  1.111946
23 24  0.570328  0.761779
23 25  0.567857  0.895212
23 26  0.554701  0.994266
23 27  0.562779  0.908184
23 28  0.554960  1.004795
23 29  0.543856  0.772676
23 30  0.565672  1.099978
24 25  0.570881  0.942001
24 26  0.570690  1.045622
24 27  0.583887  0.975827
24 28  0.572171  1.065526
24 29  0.587895  0.855450
24 30  0.582721  1.149838
25 26  0.557466  1.098823
25 27  0.574334  1.089919
25 28  0.569039  1.197760
25 29  0.584540  0.973469
25 30  0.578966  1.275420
26 27  0.567614  1.195371
26 28  0.526148  1.287401
26 29  0.572247  1.074831
26 30  0.545272  1.339154
27 28  0.558990  1.147026
27 29  0.569799  1.002949
27 30  0.578804  1.304263
28 29  0.571939  1.101792
28 30  0.543663  1.335068
29 30  0.583148  1.183181
