  -1146.51816755
  -1146.87637793    -1146.74081170
0.00006822402914
2 2 2 2 2 2 2 2 2 2 2 2 2 2 2 0 0 0 0 0 0 0 0 0 0 0 0 0 0 0 
1  0.274397  0.513701
2  0.273169  0.498692
3  0.264610  0.356662
4  0.265298  0.433526
5  0.274529  0.334042
6  0.275789  0.329371
7  0.273302  0.350870
8  0.276332  0.364257
9  0.296572  0.580420
10  0.284340  0.653993
11  0.296175  0.450138
12  0.298101  0.761390
13  0.297626  0.563461
14  0.294400  0.408792
15  0.286259  0.671331
16  0.277732  0.524735
17  0.276773  0.514886
18  0.270397  0.358628
19  0.270284  0.437282
20  0.276583  0.338133
21  0.278910  0.328374
22  0.276441  0.357708
23  0.277935  0.350784
24  0.295922  0.410733
25  0.299161  0.571899
26  0.289002  0.650997
27  0.298441  0.590633
28  0.287951  0.666671
29  0.296706  0.442448
30  0.298772  0.752668
1 2  0.505064  0.986200
1 3  0.538981  0.869359
1 4  0.539681  0.945549
1 5  0.548895  0.844155
1 6  0.550172  0.841341
1 7  0.547690  0.862637
1 8  0.550718  0.877573
1 9  0.570692  1.081753
1 10  0.552024  1.104347
1 11  0.570562  0.957050
1 12  0.550888  1.232287
1 13  0.571294  1.045615
1 14  0.568728  0.919246
1 15  0.556296  1.172110
1 16  0.262919  0.845364
1 17  0.502542  0.976796
1 18  0.544765  0.872000
1 19  0.544614  0.949985
1 20  0.550803  0.851615
1 21  0.553280  0.841932
1 22  0.550819  0.871082
1 23  0.552331  0.864251
1 24  0.569991  0.924001
1 25  0.572686  1.082941
1 26  0.560797  1.160708
1 27  0.572804  1.101814
1 28  0.560990  1.168824
1 29  0.571005  0.955400
1 30  0.542481  1.224548
2 3  0.537772  0.849655
2 4  0.538382  0.926472
2 5  0.547685  0.831599
2 6  0.548951  0.825622
2 7  0.546459  0.846364
2 8  0.549484  0.859904
2 9  0.569205  1.050774
2 10  0.551436  1.127996
2 11  0.569331  0.947972
2 12  0.551849  1.235307
2 13  0.570393  1.049090
2 14  0.567555  0.906493
2 15  0.552859  1.113654
2 16  0.502663  0.973243
2 17  0.261666  0.819950
2 18  0.543498  0.856923
2 19  0.543026  0.935206
2 20  0.549733  0.836664
2 21  0.552079  0.826922
2 22  0.549609  0.856110
2 23  0.551058  0.849227
2 24  0.568999  0.909046
2 25  0.572299  1.068493
2 26  0.560969  1.143403
2 27  0.571066  1.086743
2 28  0.558191  1.161973
2 29  0.569768  0.940549
2 30  0.543255  1.204606
3 4  0.529820  0.788005
3 5  0.534746  0.685084
3 6  0.534187  0.673968
3 7  0.537860  0.705650
3 8  0.540924  0.719679
3 9  0.559563  0.920589
3 10  0.548287  1.008037
3 11  0.560633  0.806178
3 12  0.562611  1.111943
3 13  0.533047  0.899818
3 14  0.537818  0.747092
3 15  0.550814  1.013951
3 16  0.542273  0.881043
3 17  0.541260  0.871132
3 18  0.259588  0.478505
3 19  0.534849  0.793716
3 20  0.540040  0.691914
3 21  0.539924  0.683113
3 22  0.540731  0.714226
3 23  0.542476  0.707372
3 24  0.533909  0.738305
3 25  0.527104  0.897728
3 26  0.553403  1.006216
3 27  0.560576  0.946542
3 28  0.552518  1.022122
3 29  0.560731  0.798894
3 30  0.563359  1.108177
4 5  0.539813  0.766526
4 6  0.541060  0.762684
4 7  0.533868  0.775546
4 8  0.535244  0.777411
4 9  0.532543  0.982259
4 10  0.549433  1.081343
4 11  0.539570  0.861151
4 12  0.563043  1.167604
4 13  0.562214  0.992126
4 14  0.559666  0.835676
4 15  0.550076  1.077430
4 16  0.542842  0.957241
4 17  0.541525  0.947581
4 18  0.535631  0.791778
4 19  0.262240  0.662883
4 20  0.541871  0.771522
4 21  0.544202  0.761804
4 22  0.540615  0.787495
4 23  0.540161  0.783330
4 24  0.561141  0.843915
4 25  0.564244  1.001141
4 26  0.554246  1.082193
4 27  0.527734  0.988471
4 28  0.550462  1.098509
4 29  0.533269  0.844648
4 30  0.563577  1.183150
5 6  0.504254  0.626033
5 7  0.547827  0.684720
5 8  0.550860  0.698146
5 9  0.570990  0.912908
5 10  0.558552  0.979261
5 11  0.570689  0.781912
5 12  0.572547  1.092373
5 13  0.566981  0.880055
5 14  0.541124  0.717871
5 15  0.560755  1.004896
5 16  0.552114  0.858557
5 17  0.551285  0.848759
5 18  0.543776  0.690113
5 19  0.544771  0.771203
5 20  0.273106  0.427647
5 21  0.501464  0.614461
5 22  0.550929  0.691730
5 23  0.552449  0.684803
5 24  0.534231  0.708238
5 25  0.571782  0.905563
5 26  0.562648  0.984696
5 27  0.572660  0.924083
5 28  0.562415  1.000137
5 29  0.571212  0.776410
5 30  0.572964  1.086182
6 7  0.549087  0.679554
6 8  0.552119  0.693449
6 9  0.572193  0.903986
6 10  0.560050  0.980192
6 11  0.571948  0.778654
6 12  0.573872  1.090329
6 13  0.570147  0.884438
6 14  0.542528  0.717144
6 15  0.562036  0.996653
6 16  0.553508  0.853948
6 17  0.552560  0.844088
6 18  0.542438  0.685933
6 19  0.546067  0.766561
6 20  0.501317  0.619434
6 21  0.272452  0.405308
6 22  0.552134  0.687054
6 23  0.553695  0.680141
6 24  0.534102  0.701719
6 25  0.574044  0.900414
6 26  0.564596  0.980200
6 27  0.573449  0.919755
6 28  0.563686  0.995549
6 29  0.572374  0.771751
6 30  0.574457  1.081608
7 8  0.503915  0.679631
7 9  0.564540  0.910671
7 10  0.557633  1.002175
7 11  0.542932  0.781035
7 12  0.571389  1.111162
7 13  0.570654  0.910799
7 14  0.567686  0.759221
7 15  0.559456  1.015363
7 16  0.551020  0.875308
7 17  0.550057  0.865456
7 18  0.543319  0.709365
7 19  0.542338  0.785382
7 20  0.549872  0.688978
7 21  0.552132  0.679227
7 22  0.271925  0.471249
7 23  0.501311  0.656428
7 24  0.569167  0.761480
7 25  0.571566  0.922214
7 26  0.562242  1.001298
7 27  0.569964  0.941025
7 28  0.561095  1.017133
7 29  0.533201  0.751392
7 30  0.571857  1.102766
8 9  0.569607  0.933410
8 10  0.560662  1.017483
8 11  0.545377  0.790653
8 12  0.574405  1.118365
8 13  0.573897  0.927232
8 14  0.570726  0.770991
8 15  0.562416  1.024236
8 16  0.554055  0.888684
8 17  0.552998  0.878792
8 18  0.546670  0.722813
8 19  0.542699  0.800276
8 20  0.552911  0.702351
8 21  0.555225  0.692614
8 22  0.500757  0.670969
8 23  0.271649  0.473747
8 24  0.572249  0.774863
8 25  0.575355  0.934986
8 26  0.565314  1.014657
8 27  0.573809  0.953090
8 28  0.563654  1.030275
8 29  0.537074  0.768138
8 30  0.574875  1.115947
9 10  0.579726  1.215593
9 11  0.576434  1.019726
9 12  0.593808  1.326556
9 13  0.584992  1.114356
9 14  0.590626  0.985026
9 15  0.573882  1.171691
9 16  0.574280  1.102543
9 17  0.572739  1.092634
9 18  0.563893  0.938261
9 19  0.530404  0.981878
9 20  0.573002  0.917927
9 21  0.574748  0.908603
9 22  0.570655  0.937461
9 23  0.573583  0.929923
9 24  0.592066  0.990098
9 25  0.584571  1.129912
9 26  0.584298  1.218084
9 27  0.353176  1.045419
9 28  0.574649  1.241583
9 29  0.569096  0.994624
9 30  0.591907  1.318233
10 11  0.580436  1.087474
10 12  0.558817  1.356668
10 13  0.571079  1.127679
10 14  0.577668  1.052067
10 15  0.538987  1.306045
10 16  0.559510  1.174368
10 17  0.559773  1.161487
10 18  0.554534  1.011337
10 19  0.554568  1.088582
10 20  0.560051  0.991746
10 21  0.563057  0.982206
10 22  0.560696  1.011117
10 23  0.562251  1.004345
10 24  0.579019  1.063889
10 25  0.574153  1.221864
10 26  0.330634  1.193978
10 27  0.581124  1.229862
10 28  0.535935  1.255162
10 29  0.580970  1.094849
10 30  0.552928  1.352441
11 12  0.594166  1.195672
11 13  0.592716  0.993667
11 14  0.590554  0.856711
11 15  0.581992  1.118352
11 16  0.573736  0.974033
11 17  0.572820  0.964337
11 18  0.565849  0.808499
11 19  0.538080  0.855544
11 20  0.572748  0.788188
11 21  0.574949  0.778450
11 22  0.537439  0.769420
11 23  0.536382  0.758717
11 24  0.591934  0.860692
11 25  0.593835  1.021048
11 26  0.585079  1.099481
11 27  0.569822  1.010909
11 28  0.583752  1.115586
11 29  0.368085  0.738479
11 30  0.594940  1.200453
12 13  0.594074  1.301784
12 14  0.592233  1.152677
12 15  0.558843  1.359278
12 16  0.544670  1.239694
12 17  0.546768  1.226708
12 18  0.568463  1.118817
12 19  0.567702  1.195774
12 20  0.574354  1.098957
12 21  0.576888  1.089346
12 22  0.574408  1.118228
12 23  0.575817  1.111401
12 24  0.593727  1.170566
12 25  0.593571  1.319989
12 26  0.556676  1.358236
12 27  0.593160  1.337123
12 28  0.554087  1.377852
12 29  0.594797  1.201431
12 30  0.387059  1.458020
13 14  0.577217  0.957535
13 15  0.582830  1.225357
13 16  0.574576  1.085554
13 17  0.574368  1.076060
13 18  0.532464  0.894475
13 19  0.567711  0.996542
13 20  0.572246  0.901032
13 21  0.575632  0.891080
13 22  0.572848  0.920718
13 23  0.575229  0.913503
13 24  0.570032  0.950306
13 25  0.354495  1.002860
13 26  0.577668  1.210871
13 27  0.583907  1.130993
13 28  0.583748  1.212079
13 29  0.592894  1.005022
13 30  0.592701  1.302919
14 15  0.580530  1.071680
14 16  0.571757  0.933081
14 17  0.571051  0.923270
14 18  0.536942  0.736410
14 19  0.564613  0.845742
14 20  0.534120  0.710605
14 21  0.535235  0.698382
14 22  0.570827  0.766414
14 23  0.572334  0.759487
14 24  0.365104  0.650978
14 25  0.570699  0.957926
14 26  0.582214  1.059034
14 27  0.592648  0.998601
14 28  0.582331  1.074694
14 29  0.591012  0.851072
14 30  0.592835  1.159977
15 16  0.562536  1.184128
15 17  0.560260  1.182354
15 18  0.556602  1.028701
15 19  0.554042  1.106880
15 20  0.562780  1.008780
15 21  0.565071  0.999221
15 22  0.562596  1.028574
15 23  0.563589  1.021645
15 24  0.582163  1.081245
15 25  0.583457  1.223923
15 26  0.536896  1.255704
15 27  0.575310  1.256906
15 28  0.330188  1.230346
15 29  0.582575  1.112623
15 30  0.552991  1.372172
16 17  0.510805  1.012710
16 18  0.548095  0.882093
16 19  0.547988  0.960656
16 20  0.554277  0.858973
16 21  0.556621  0.851300
16 22  0.554162  0.879902
16 23  0.555656  0.875221
16 24  0.573592  0.932141
16 25  0.576044  1.062233
16 26  0.559612  1.108936
16 27  0.575756  1.102731
16 28  0.560109  1.178454
16 29  0.574425  0.961021
16 30  0.554849  1.234979
17 18  0.547159  0.867935
17 19  0.546940  0.944314
17 20  0.553337  0.852190
17 21  0.555671  0.841012
17 22  0.553206  0.869980
17 23  0.554695  0.863342
17 24  0.572679  0.924480
17 25  0.575398  1.073760
17 26  0.558322  1.141499
17 27  0.574513  1.073639
17 28  0.557668  1.119822
17 29  0.573458  0.956576
17 30  0.555480  1.238375
18 19  0.540532  0.793646
18 20  0.541067  0.690204
18 21  0.542493  0.674707
18 22  0.546751  0.714310
18 23  0.548289  0.708468
18 24  0.543845  0.750541
18 25  0.539523  0.908517
18 26  0.558341  1.006621
18 27  0.566797  0.931566
18 28  0.558266  1.013678
18 29  0.566887  0.800088
18 30  0.569026  1.106560
19 20  0.546864  0.774411
19 21  0.549174  0.765313
19 22  0.541012  0.787316
19 23  0.541220  0.769676
19 24  0.566164  0.841672
19 25  0.568501  1.005282
19 26  0.559072  1.083438
19 27  0.538340  0.989686
19 28  0.556447  1.072564
19 29  0.543650  0.857588
19 30  0.568652  1.162186
20 21  0.508858  0.629518
20 22  0.553022  0.695602
20 23  0.554516  0.688794
20 24  0.544701  0.722188
20 25  0.570110  0.891471
20 26  0.565172  0.979727
20 27  0.574950  0.927941
20 28  0.564480  1.004470
20 29  0.573285  0.778750
20 30  0.575253  1.086597
21 22  0.555348  0.685352
21 23  0.556842  0.678971
21 24  0.546940  0.717747
21 25  0.574025  0.891950
21 26  0.567776  0.976354
21 27  0.577201  0.913543
21 28  0.566842  0.991797
21 29  0.575608  0.770145
21 30  0.577648  1.080716
22 23  0.508142  0.673913
22 24  0.572333  0.768123
22 25  0.575237  0.924401
22 26  0.565436  1.005216
22 27  0.569168  0.927581
22 28  0.564305  1.020071
22 29  0.545731  0.775310
22 30  0.575204  1.109582
23 24  0.573843  0.760010
23 25  0.576959  0.922361
23 26  0.566929  1.001253
23 27  0.571852  0.929661
23 28  0.565818  1.009996
23 29  0.547992  0.771361
23 30  0.576683  1.098398
24 25  0.580870  0.966990
24 26  0.583588  1.050048
24 27  0.593652  0.995473
24 28  0.583696  1.068678
24 29  0.592576  0.851715
24 30  0.594409  1.145523
25 26  0.575722  1.129333
25 27  0.588254  1.134894
25 28  0.586139  1.230747
25 29  0.594730  0.995569
25 30  0.596090  1.299300
26 27  0.586122  1.224681
26 28  0.544183  1.299747
26 29  0.585644  1.079367
26 30  0.564595  1.344668
27 28  0.576097  1.172898
27 29  0.580092  1.023446
27 30  0.596173  1.324849
28 29  0.583956  1.105462
28 30  0.562172  1.340038
29 30  0.595328  1.179751
