  -1146.53416012
  -1146.89962723    -1146.77431613
0.00015871784308
2 2 2 2 2 2 2 2 2 2 2 2 2 2 2 0 0 0 0 0 0 0 0 0 0 0 0 0 0 0 
1  0.293353  0.601962
2  0.296947  0.542828
3  0.283534  0.474413
4  0.279416  0.289873
5  0.276196  0.287813
6  0.301804  0.382369
7  0.321335  0.666576
8  0.276152  0.305704
9  0.312698  0.750789
10  0.308803  0.840814
11  0.288194  0.346275
12  0.304595  0.328734
13  0.273368  0.281163
14  0.293113  0.317179
15  0.307547  0.703701
16  0.297836  0.619466
17  0.312036  0.702430
18  0.301875  0.565721
19  0.288672  0.496522
20  0.282576  0.293167
21  0.280290  0.294654
22  0.304155  0.332227
23  0.315130  0.741242
24  0.304459  0.392122
25  0.275422  0.282026
26  0.292385  0.367853
27  0.296403  0.314699
28  0.308386  0.806994
29  0.321316  0.660380
30  0.278076  0.307431
1 2  0.588425  1.104945
1 3  0.575324  1.052324
1 4  0.572670  0.891684
1 5  0.569235  0.888485
1 6  0.594664  0.982106
1 7  0.601557  1.188652
1 8  0.569368  0.907344
1 9  0.599375  1.293519
1 10  0.591970  1.426207
1 11  0.574255  0.924412
1 12  0.596713  0.924936
1 13  0.566638  0.882996
1 14  0.586095  0.918083
1 15  0.567470  1.276479
1 16  0.329581  1.081008
1 17  0.569925  1.239099
1 18  0.594428  1.163996
1 19  0.581822  1.096191
1 20  0.575803  0.895027
1 21  0.572827  0.896240
1 22  0.595640  0.933544
1 23  0.604453  1.335474
1 24  0.597189  0.987794
1 25  0.568733  0.883602
1 26  0.578788  0.967329
1 27  0.589464  0.916420
1 28  0.587170  1.364851
1 29  0.610333  1.258220
1 30  0.571406  0.907863
2 3  0.536708  0.983939
2 4  0.576361  0.832611
2 5  0.573139  0.830168
2 6  0.598723  0.924708
2 7  0.610391  1.169595
2 8  0.573093  0.848420
2 9  0.584184  1.188849
2 10  0.602866  1.362448
2 11  0.585060  0.882342
2 12  0.601532  0.869998
2 13  0.570312  0.823914
2 14  0.590055  0.859654
2 15  0.603402  1.238315
2 16  0.594015  1.158700
2 17  0.608543  1.238004
2 18  0.291140  0.899079
2 19  0.540415  0.999077
2 20  0.579503  0.835982
2 21  0.577170  0.837457
2 22  0.601021  0.875007
2 23  0.585568  1.272383
2 24  0.601378  0.934341
2 25  0.572362  0.824809
2 26  0.588965  0.910374
2 27  0.593349  0.857499
2 28  0.599094  1.326414
2 29  0.614077  1.195264
2 30  0.574998  0.850108
3 4  0.562949  0.764209
3 5  0.559729  0.762213
3 6  0.585265  0.850165
3 7  0.585823  1.067005
3 8  0.559668  0.778172
3 9  0.589877  1.218638
3 10  0.587098  1.295791
3 11  0.571692  0.819114
3 12  0.588123  0.802048
3 13  0.556893  0.755009
3 14  0.576641  0.790224
3 15  0.589403  1.144802
3 16  0.581172  1.091709
3 17  0.594473  1.174072
3 18  0.540329  1.000165
3 19  0.279965  0.764429
3 20  0.566098  0.767568
3 21  0.563795  0.769054
3 22  0.587677  0.806613
3 23  0.588616  1.190637
3 24  0.587766  0.866308
3 25  0.558928  0.756422
3 26  0.575840  0.842085
3 27  0.579923  0.789085
3 28  0.585653  1.269806
3 29  0.594685  1.131581
3 30  0.561508  0.781782
4 5  0.511213  0.535358
4 6  0.580894  0.670997
4 7  0.600745  0.956397
4 8  0.555535  0.595371
4 9  0.592109  1.040165
4 10  0.588205  1.129122
4 11  0.563102  0.631801
4 12  0.560614  0.596865
4 13  0.552689  0.570966
4 14  0.565395  0.599117
4 15  0.586937  0.992341
4 16  0.577205  0.909274
4 17  0.591400  0.992264
4 18  0.581270  0.855582
4 19  0.568072  0.786384
4 20  0.271877  0.300027
4 21  0.508949  0.535813
4 22  0.551232  0.590574
4 23  0.594522  1.031094
4 24  0.583022  0.681390
4 25  0.554508  0.571606
4 26  0.570452  0.656348
4 27  0.572769  0.601945
4 28  0.587801  1.096839
4 29  0.600697  0.950222
4 30  0.557453  0.597272
5 6  0.577867  0.669671
5 7  0.597513  0.954213
5 8  0.552340  0.593306
5 9  0.588876  1.037310
5 10  0.584955  1.126849
5 11  0.557604  0.625990
5 12  0.559802  0.596568
5 13  0.549532  0.568903
5 14  0.563328  0.598934
5 15  0.583707  0.990882
5 16  0.573362  0.906987
5 17  0.588230  0.990190
5 18  0.577996  0.853509
5 19  0.564829  0.784324
5 20  0.508706  0.532915
5 21  0.269941  0.304912
5 22  0.549605  0.590040
5 23  0.591190  1.029000
5 24  0.580582  0.679821
5 25  0.551572  0.569802
5 26  0.565601  0.653597
5 27  0.571386  0.601177
5 28  0.584491  1.094739
5 29  0.597362  0.948148
5 30  0.554264  0.595235
6 7  0.622787  1.038948
6 8  0.538846  0.650614
6 9  0.614423  1.130477
6 10  0.609839  1.193171
6 11  0.589554  0.728137
6 12  0.605177  0.709267
6 13  0.538924  0.641132
6 14  0.587437  0.687811
6 15  0.600302  1.037432
6 16  0.599264  0.996183
6 17  0.604168  1.082799
6 18  0.603629  0.947540
6 19  0.590209  0.878683
6 20  0.583525  0.674871
6 21  0.582004  0.676846
6 22  0.603369  0.712493
6 23  0.616869  1.121887
6 24  0.364028  0.581438
6 25  0.531024  0.630973
6 26  0.593580  0.747440
6 27  0.589552  0.691301
6 28  0.607777  1.187960
6 29  0.622929  1.041855
6 30  0.531073  0.656271
7 8  0.597395  0.969979
7 9  0.598940  1.380101
7 10  0.605041  1.478369
7 11  0.609010  1.005946
7 12  0.625828  0.992124
7 13  0.594670  0.947155
7 14  0.614414  0.981308
7 15  0.620845  1.309276
7 16  0.614816  1.281212
7 17  0.630043  1.358907
7 18  0.618378  1.222732
7 19  0.599492  1.158952
7 20  0.603873  0.959703
7 21  0.601476  0.961175
7 22  0.625340  0.998721
7 23  0.598589  1.365083
7 24  0.625596  1.057534
7 25  0.596728  0.948524
7 26  0.613107  1.033910
7 27  0.617718  0.981230
7 28  0.600143  1.419149
7 29  0.396480  1.162185
7 30  0.599300  0.973647
8 9  0.588836  1.054282
8 10  0.584770  1.132694
8 11  0.564281  0.651614
8 12  0.580631  0.634331
8 13  0.502845  0.544758
8 14  0.568573  0.621706
8 15  0.581420  0.993679
8 16  0.573955  0.923770
8 17  0.585630  1.007210
8 18  0.577963  0.871265
8 19  0.564653  0.802159
8 20  0.558665  0.598817
8 21  0.556407  0.600331
8 22  0.580263  0.637815
8 23  0.591274  1.046511
8 24  0.532971  0.665228
8 25  0.499341  0.544458
8 26  0.568489  0.673278
8 27  0.572299  0.620120
8 28  0.583863  1.112398
8 29  0.597287  0.965747
8 30  0.280234  0.363040
9 10  0.597436  1.471965
9 11  0.600458  1.083798
9 12  0.617223  1.077514
9 13  0.586061  1.030917
9 14  0.605798  1.067838
9 15  0.616363  1.437261
9 16  0.606694  1.362118
9 17  0.621165  1.426647
9 18  0.586989  1.303515
9 19  0.590712  1.217827
9 20  0.595248  1.043932
9 21  0.592857  1.045380
9 22  0.616620  1.082885
9 23  0.403659  1.346072
9 24  0.617057  1.140943
9 25  0.588113  1.032679
9 26  0.604248  1.117852
9 27  0.609092  1.065410
9 28  0.590318  1.515888
9 29  0.596935  1.369310
9 30  0.590765  1.057780
10 11  0.596282  1.178429
10 12  0.613316  1.169342
10 13  0.582071  1.117088
10 14  0.601868  1.155141
10 15  0.593614  1.411598
10 16  0.591495  1.412165
10 17  0.593338  1.510189
10 18  0.604314  1.381764
10 19  0.591629  1.324708
10 20  0.591377  1.133946
10 21  0.588995  1.135371
10 22  0.612411  1.172647
10 23  0.593038  1.539526
10 24  0.610895  1.231281
10 25  0.584124  1.122752
10 26  0.599905  1.206658
10 27  0.605006  1.155232
10 28  0.417490  1.531075
10 29  0.601351  1.446849
10 30  0.586258  1.147927
11 12  0.567489  0.652249
11 13  0.561388  0.627018
11 14  0.546791  0.638399
11 15  0.595361  1.049232
11 16  0.578637  0.963107
11 17  0.599800  1.046012
11 18  0.589615  0.911755
11 19  0.576722  0.842651
11 20  0.569280  0.637924
11 21  0.565493  0.638831
11 22  0.560954  0.652269
11 23  0.602331  1.086962
11 24  0.591788  0.735774
11 25  0.563550  0.628187
11 26  0.328725  0.501069
11 27  0.543564  0.623961
11 28  0.595296  1.152102
11 29  0.608763  1.006233
11 30  0.566200  0.653416
12 13  0.577640  0.609563
12 14  0.572645  0.623080
12 15  0.612051  1.031169
12 16  0.600441  0.947570
12 17  0.616233  1.030888
12 18  0.606388  0.894413
12 19  0.593250  0.825228
12 20  0.554063  0.589213
12 21  0.554679  0.593632
12 22  0.391409  0.464014
12 23  0.619497  1.069878
12 24  0.606492  0.718919
12 25  0.579341  0.610078
12 26  0.563954  0.669636
12 27  0.569537  0.612682
12 28  0.612465  1.135459
12 29  0.625764  0.989043
12 30  0.582621  0.636057
13 14  0.564931  0.597204
13 15  0.579829  0.980417
13 16  0.571181  0.900289
13 17  0.584981  0.983358
13 18  0.575212  0.846835
13 19  0.561981  0.777664
13 20  0.555548  0.573970
13 21  0.553554  0.575728
13 22  0.576888  0.612727
13 23  0.588490  1.022282
13 24  0.531684  0.640168
13 25  0.275454  0.299002
13 26  0.565721  0.648942
13 27  0.567881  0.594006
13 28  0.581648  1.088093
13 29  0.594618  0.941444
13 30  0.499370  0.544926
14 15  0.600165  1.014019
14 16  0.590592  0.936316
14 17  0.604133  1.019337
14 18  0.594983  0.882863
14 19  0.581754  0.813662
14 20  0.572885  0.607991
14 21  0.572054  0.610293
14 22  0.565520  0.618236
14 23  0.608238  1.058330
14 24  0.589400  0.704342
14 25  0.566574  0.597400
14 26  0.544867  0.648543
14 27  0.331700  0.392675
14 28  0.601193  1.123917
14 29  0.614397  0.977494
14 30  0.570926  0.624381
15 16  0.569528  1.256543
15 17  0.351238  1.271644
15 18  0.608926  1.261346
15 19  0.595179  1.197146
15 20  0.590068  0.996820
15 21  0.587834  0.998241
15 22  0.611198  1.035467
15 23  0.619225  1.417838
15 24  0.602392  1.093546
15 25  0.582588  0.985495
15 26  0.599257  1.066949
15 27  0.602950  1.018142
15 28  0.589696  1.480165
15 29  0.625840  1.354862
15 30  0.583224  1.010345
16 17  0.574687  1.289628
16 18  0.597640  1.139278
16 19  0.584568  1.089092
16 20  0.580249  0.912313
16 21  0.577689  0.911946
16 22  0.600499  0.943869
16 23  0.605658  1.293226
16 24  0.601798  1.009004
16 25  0.573146  0.901081
16 26  0.581282  0.953932
16 27  0.593700  0.933054
16 28  0.596042  1.409573
16 29  0.604542  1.196586
16 30  0.575760  0.926359
17 18  0.612518  1.258968
17 19  0.598621  1.160276
17 20  0.594571  0.994541
17 21  0.592267  0.996566
17 22  0.616113  1.033558
17 23  0.622498  1.428544
17 24  0.605849  1.041423
17 25  0.585994  0.979192
17 26  0.603895  1.069334
17 27  0.607977  1.012187
17 28  0.598394  1.384485
17 29  0.625139  1.297220
17 30  0.587620  0.993266
18 19  0.544834  1.026331
18 20  0.584449  0.858727
18 21  0.582161  0.859576
18 22  0.606016  0.895677
18 23  0.590738  1.194248
18 24  0.606289  0.957243
18 25  0.577293  0.847700
18 26  0.594134  0.923749
18 27  0.598270  0.879994
18 28  0.606813  1.351139
18 29  0.615464  1.183703
18 30  0.579942  0.873080
19 20  0.571247  0.789637
19 21  0.568960  0.791135
19 22  0.592816  0.827455
19 23  0.597230  1.230394
19 24  0.593023  0.880514
19 25  0.564083  0.777524
19 26  0.580990  0.861628
19 27  0.585066  0.810045
19 28  0.591170  1.280703
19 29  0.589053  1.075935
19 30  0.566725  0.801330
20 21  0.517323  0.544595
20 22  0.563378  0.604343
20 23  0.597700  1.033777
20 24  0.586621  0.683941
20 25  0.557900  0.575123
20 26  0.568973  0.655360
20 27  0.571337  0.599618
20 28  0.590938  1.098586
20 29  0.603883  0.953521
20 30  0.560607  0.600418
21 22  0.562642  0.605701
21 23  0.595399  1.034039
21 24  0.584547  0.686189
21 25  0.555669  0.576632
21 26  0.565405  0.653185
21 27  0.569431  0.602255
21 28  0.588616  1.099570
21 29  0.601578  0.954666
21 30  0.558350  0.601936
22 23  0.619202  1.070328
22 24  0.607189  0.722507
22 25  0.579256  0.613992
22 26  0.572151  0.676173
22 27  0.576005  0.624470
22 28  0.612433  1.138709
22 29  0.625340  0.988841
22 30  0.582097  0.639521
23 24  0.619484  1.130878
23 25  0.590547  1.023036
23 26  0.606949  1.091659
23 27  0.611509  1.055767
23 28  0.600821  1.439185
23 29  0.600162  1.361631
23 30  0.593189  1.047479
24 25  0.543748  0.651890
24 26  0.596337  0.759578
24 27  0.592028  0.694897
24 28  0.611812  1.167865
24 29  0.625381  1.041071
24 30  0.544014  0.662554
25 26  0.567629  0.649666
25 27  0.569958  0.595331
25 28  0.583716  1.085513
25 29  0.596699  0.941021
25 30  0.506154  0.546665
26 27  0.552767  0.657131
26 28  0.599863  1.165865
26 29  0.612944  1.017743
26 30  0.570361  0.675169
27 28  0.604744  1.120119
27 29  0.617666  0.973004
27 30  0.573492  0.620967
28 29  0.604387  1.437739
28 30  0.586282  1.102586
29 30  0.599305  0.964508
