  -1146.53416012
  -1146.90101579    -1146.77717268
0.00007598157154
2 2 2 2 2 2 2 2 2 2 2 2 2 2 2 0 0 0 0 0 0 0 0 0 0 0 0 0 0 0 
1  0.298202  0.609842
2  0.298376  0.538423
3  0.285674  0.471616
4  0.280507  0.296864
5  0.277499  0.294950
6  0.305648  0.395013
7  0.325133  0.660893
8  0.279193  0.311266
9  0.315989  0.741453
10  0.311787  0.833015
11  0.292185  0.365194
12  0.306788  0.339457
13  0.276536  0.284609
14  0.295496  0.331389
15  0.311762  0.708624
16  0.302910  0.628694
17  0.316141  0.706051
18  0.303313  0.561567
19  0.290861  0.493773
20  0.283708  0.299721
21  0.281572  0.302131
22  0.306186  0.343168
23  0.318395  0.731903
24  0.308231  0.404461
25  0.278612  0.285642
26  0.296226  0.386320
27  0.298652  0.326502
28  0.311560  0.798468
29  0.325263  0.656066
30  0.281118  0.313112
1 2  0.594599  1.108240
1 3  0.582174  1.057835
1 4  0.578591  0.906474
1 5  0.575317  0.903024
1 6  0.603336  1.002647
1 7  0.609146  1.190635
1 8  0.577257  0.920764
1 9  0.607120  1.291175
1 10  0.599664  1.425660
1 11  0.582597  0.947612
1 12  0.603657  0.942457
1 13  0.574660  0.894289
1 14  0.593307  0.940276
1 15  0.576403  1.290033
1 16  0.338742  1.099145
1 17  0.578950  1.250728
1 18  0.600650  1.167850
1 19  0.588831  1.101424
1 20  0.581763  0.909428
1 21  0.578914  0.911569
1 22  0.602488  0.952343
1 23  0.612393  1.334334
1 24  0.605786  1.007612
1 25  0.576777  0.895074
1 26  0.587263  0.993857
1 27  0.596528  0.935973
1 28  0.595094  1.365137
1 29  0.618840  1.262041
1 30  0.579293  0.921328
2 3  0.540202  0.976916
2 4  0.578881  0.835162
2 5  0.575872  0.832739
2 6  0.603987  0.932889
2 7  0.615469  1.160578
2 8  0.577561  0.849562
2 9  0.588758  1.178133
2 10  0.607297  1.351363
2 11  0.590467  0.895894
2 12  0.605151  0.876034
2 13  0.574908  0.822939
2 14  0.593866  0.869491
2 15  0.608909  1.238848
2 16  0.600468  1.163647
2 17  0.614053  1.237200
2 18  0.293856  0.888416
2 19  0.544171  0.993155
2 20  0.582056  0.838124
2 21  0.579863  0.840520
2 22  0.604464  0.881519
2 23  0.590215  1.258874
2 24  0.606576  0.942204
2 25  0.576978  0.824018
2 26  0.594188  0.924367
2 27  0.597027  0.864877
2 28  0.603645  1.314445
2 29  0.619488  1.187057
2 30  0.579463  0.851359
3 4  0.566180  0.768341
3 5  0.563172  0.766550
3 6  0.591230  0.859580
3 7  0.591289  1.059842
3 8  0.564842  0.780844
3 9  0.595276  1.206851
3 10  0.592110  1.285775
3 11  0.577815  0.835196
3 12  0.592453  0.809703
3 13  0.562197  0.755702
3 14  0.581163  0.801274
3 15  0.595562  1.147145
3 16  0.588366  1.098249
3 17  0.600636  1.175056
3 18  0.544049  0.994410
3 19  0.283673  0.756878
3 20  0.569363  0.771318
3 21  0.567205  0.773727
3 22  0.591843  0.814743
3 23  0.594070  1.179792
3 24  0.593652  0.875839
3 25  0.564258  0.757241
3 26  0.581801  0.857707
3 27  0.584312  0.798072
3 28  0.590833  1.258868
3 29  0.600613  1.124477
3 30  0.566675  0.784664
4 5  0.513687  0.550292
4 6  0.585799  0.690066
4 7  0.605634  0.957654
4 8  0.559662  0.607807
4 9  0.596491  1.037584
4 10  0.592275  1.127449
4 11  0.568008  0.657304
4 12  0.563872  0.614843
4 13  0.556946  0.581396
4 14  0.568754  0.619457
4 15  0.592234  1.003493
4 16  0.583356  0.925452
4 17  0.596582  1.002859
4 18  0.583793  0.858409
4 19  0.571350  0.790618
4 20  0.273926  0.316621
4 21  0.511507  0.551250
4 22  0.554424  0.608520
4 23  0.598874  1.028730
4 24  0.587879  0.700709
4 25  0.558762  0.582195
4 26  0.575341  0.681554
4 27  0.576088  0.620865
4 28  0.592065  1.095273
4 29  0.605733  0.952876
4 30  0.561582  0.609930
5 6  0.582995  0.689195
5 7  0.602607  0.955627
5 8  0.556682  0.605906
5 9  0.593464  1.034597
5 10  0.589226  1.125314
5 11  0.562692  0.650972
5 12  0.563202  0.614711
5 13  0.554000  0.579469
5 14  0.566902  0.619875
5 15  0.589214  1.002560
5 16  0.579664  0.923313
5 17  0.593638  1.000923
5 18  0.580723  0.856481
5 19  0.568317  0.788705
5 20  0.511309  0.547569
5 21  0.272242  0.322720
5 22  0.552966  0.607994
5 23  0.595736  1.026775
5 24  0.585651  0.699254
5 25  0.556059  0.580554
5 26  0.570684  0.679318
5 27  0.574908  0.620007
5 28  0.588959  1.093314
5 29  0.602601  0.950951
5 30  0.558610  0.608051
6 7  0.630409  1.045511
6 8  0.545446  0.668775
6 9  0.621545  1.133570
6 10  0.616599  1.196094
6 11  0.597364  0.759512
6 12  0.611156  0.732228
6 13  0.545675  0.657839
6 14  0.593422  0.712106
6 15  0.607926  1.050937
6 16  0.608151  1.017599
6 17  0.611933  1.099154
6 18  0.608900  0.955918
6 19  0.596235  0.888555
6 20  0.588498  0.694097
6 21  0.587120  0.696918
6 22  0.609232  0.736133
6 23  0.623976  1.125004
6 24  0.370594  0.609159
6 25  0.537694  0.647853
6 26  0.601253  0.778040
6 27  0.595619  0.716187
6 28  0.614719  1.191972
6 29  0.630694  1.050092
6 30  0.537836  0.675572
7 8  0.604229  0.969842
7 9  0.605758  1.366255
7 10  0.611857  1.466819
7 11  0.616694  1.018537
7 12  0.631797  0.996444
7 13  0.601631  0.944985
7 14  0.620591  0.989410
7 15  0.628608  1.309836
7 16  0.623368  1.285063
7 17  0.637814  1.357332
7 18  0.623639  1.213578
7 19  0.605342  1.150696
7 20  0.608797  0.960552
7 21  0.606546  0.962944
7 22  0.631163  1.003940
7 23  0.605468  1.352019
7 24  0.633175  1.064090
7 25  0.603709  0.946450
7 26  0.620727  1.046592
7 27  0.623764  0.987311
7 28  0.607168  1.406486
7 29  0.403411  1.153083
7 30  0.606137  0.973612
8 9  0.595167  1.050337
8 10  0.590765  1.129696
8 11  0.571318  0.675939
8 12  0.585861  0.650613
8 13  0.508399  0.553445
8 14  0.573962  0.641174
8 15  0.588531  1.003214
8 16  0.582058  0.938481
8 17  0.592664  1.016385
8 18  0.582419  0.872637
8 19  0.569863  0.804966
8 20  0.562834  0.610930
8 21  0.560729  0.613371
8 22  0.585331  0.654314
8 23  0.597578  1.042682
8 24  0.539656  0.683923
8 25  0.505018  0.553363
8 26  0.575370  0.697288
8 27  0.577559  0.637464
8 28  0.590037  1.109421
8 29  0.604241  0.966955
8 30  0.284991  0.373937
9 10  0.603230  1.458824
9 11  0.607666  1.090972
9 12  0.622693  1.078601
9 13  0.592519  1.024978
9 14  0.611469  1.072602
9 15  0.623720  1.433475
9 16  0.614925  1.362359
9 17  0.628451  1.421417
9 18  0.591659  1.290353
9 19  0.596241  1.207250
9 20  0.599664  1.041134
9 21  0.597412  1.043492
9 22  0.621916  1.084431
9 23  0.409701  1.328287
9 24  0.624122  1.143795
9 25  0.594594  1.026953
9 26  0.611299  1.126789
9 27  0.614630  1.067829
9 28  0.596475  1.499661
9 29  0.603860  1.357349
9 30  0.597097  1.054071
10 11  0.603195  1.187010
10 12  0.618485  1.172211
10 13  0.588205  1.112752
10 14  0.607229  1.159739
10 15  0.600588  1.410206
10 16  0.599514  1.414842
10 17  0.600334  1.506649
10 18  0.608640  1.370588
10 19  0.596699  1.314397
10 20  0.595493  1.132669
10 21  0.593272  1.135007
10 22  0.617414  1.175698
10 23  0.598991  1.524055
10 24  0.617589  1.235685
10 25  0.590295  1.118561
10 26  0.606639  1.217135
10 27  0.610219  1.159163
10 28  0.423740  1.517295
10 29  0.608212  1.436560
10 30  0.592261  1.145800
11 12  0.573324  0.681978
11 13  0.568548  0.649314
11 14  0.553068  0.672596
11 15  0.603537  1.072664
11 16  0.587497  0.991333
11 17  0.607891  1.068127
11 18  0.594998  0.926448
11 19  0.582876  0.858761
11 20  0.574365  0.663196
11 21  0.570684  0.665347
11 22  0.566758  0.682291
11 23  0.609516  1.096373
11 24  0.599522  0.766489
11 25  0.570734  0.650717
11 26  0.335429  0.543883
11 27  0.549703  0.654254
11 28  0.602449  1.162341
11 29  0.616621  1.020707
11 30  0.573237  0.677985
12 13  0.582984  0.623710
12 14  0.577218  0.648617
12 15  0.618447  1.046326
12 16  0.607599  0.967502
12 17  0.622515  1.045191
12 18  0.610014  0.900958
12 19  0.597631  0.833186
12 20  0.557433  0.606368
12 21  0.558139  0.611600
12 22  0.395366  0.491088
12 23  0.624935  1.071217
12 24  0.612474  0.741961
12 25  0.584709  0.624400
12 26  0.569755  0.699014
12 27  0.574015  0.635089
12 28  0.617787  1.137588
12 29  0.631890  0.995414
12 30  0.587850  0.652431
13 14  0.570415  0.614843
13 15  0.587142  0.988838
13 16  0.579421  0.912962
13 17  0.592254  0.990409
13 18  0.579806  0.846122
13 19  0.567336  0.778360
13 20  0.559824  0.583964
13 21  0.557993  0.586651
13 22  0.582086  0.627121
13 23  0.594923  1.016390
13 24  0.538386  0.656501
13 25  0.279934  0.304476
13 26  0.572733  0.670849
13 27  0.573246  0.609299
13 28  0.587984  1.083007
13 29  0.601724  0.940566
13 30  0.504937  0.553747
14 15  0.606699  1.030478
14 16  0.597981  0.959505
14 17  0.610594  1.037149
14 18  0.598804  0.892889
14 19  0.586324  0.825098
14 20  0.576359  0.628890
14 21  0.575696  0.631848
14 22  0.569948  0.643266
14 23  0.613886  1.063138
14 24  0.595405  0.730955
14 25  0.572117  0.615253
14 26  0.551036  0.680509
14 27  0.336134  0.423211
14 28  0.606700  1.129516
14 29  0.620726  0.987334
14 30  0.576317  0.644219
15 16  0.578846  1.270962
15 17  0.358641  1.282126
15 18  0.614565  1.262118
15 19  0.601461  1.199476
15 20  0.595385  1.008274
15 21  0.593326  1.010603
15 22  0.617462  1.051289
15 23  0.626633  1.414001
15 24  0.610249  1.110982
15 25  0.589978  0.994031
15 26  0.607275  1.089947
15 27  0.609373  1.034858
15 28  0.596859  1.477061
15 29  0.633912  1.355747
15 30  0.590397  1.020936
16 17  0.583753  1.302811
16 18  0.603997  1.143605
16 19  0.591679  1.095480
16 20  0.586432  0.928022
16 21  0.583992  0.928108
16 22  0.607518  0.962637
16 23  0.613619  1.292015
16 24  0.610611  1.030503
16 25  0.581404  0.913939
16 26  0.589406  0.976895
16 27  0.600974  0.954093
16 28  0.604159  1.409591
16 29  0.612600  1.200854
16 30  0.583866  0.941269
17 18  0.617969  1.258267
17 19  0.604777  1.161391
17 20  0.599796  1.004094
17 21  0.597639  1.007355
17 22  0.622246  1.047733
17 23  0.629680  1.423539
17 24  0.613316  1.053835
17 25  0.593219  0.986327
17 26  0.611789  1.091216
17 27  0.614286  1.025760
17 28  0.605378  1.382058
17 29  0.632977  1.297630
17 30  0.594631  1.001460
18 19  0.548399  1.019290
18 20  0.587019  0.861085
18 21  0.584879  0.862655
18 22  0.609481  0.901968
18 23  0.595254  1.183739
18 24  0.611494  0.965336
18 25  0.581919  0.847155
18 26  0.599386  0.936957
18 27  0.601956  0.887635
18 28  0.611429  1.339713
18 29  0.620704  1.175957
18 30  0.584421  0.874596
19 20  0.574568  0.793392
19 21  0.572431  0.795861
19 22  0.597034  0.835340
19 23  0.602638  1.218487
19 24  0.598979  0.889679
19 25  0.569456  0.778423
19 26  0.587007  0.877097
19 27  0.589503  0.818763
19 28  0.596410  1.270426
19 29  0.594646  1.070211
19 30  0.571953  0.804110
20 21  0.519829  0.559518
20 22  0.566505  0.622203
20 23  0.602094  1.030760
20 24  0.591488  0.702277
20 25  0.562213  0.585285
20 26  0.573787  0.680062
20 27  0.574611  0.617277
20 28  0.595237  1.095837
20 29  0.608959  0.955727
20 30  0.564770  0.612554
21 22  0.565858  0.624235
21 23  0.599936  1.031523
21 24  0.589577  0.705762
21 25  0.560137  0.587719
21 26  0.570312  0.677938
21 27  0.572877  0.621253
21 28  0.593054  1.097600
21 29  0.606799  0.957780
21 30  0.562673  0.615029
22 23  0.624471  1.071297
22 24  0.612916  0.745374
22 25  0.584459  0.628539
22 26  0.577788  0.705080
22 27  0.580332  0.647801
22 28  0.617621  1.141032
22 29  0.631295  0.994690
22 30  0.587164  0.656134
23 24  0.626504  1.133809
23 25  0.596999  1.017311
23 26  0.613936  1.098622
23 27  0.617015  1.058223
23 28  0.606943  1.425840
23 29  0.607047  1.348698
23 30  0.599492  1.043756
24 25  0.550494  0.668447
24 26  0.603930  0.790312
24 27  0.597677  0.716667
24 28  0.618711  1.170200
24 29  0.633106  1.048635
24 30  0.550612  0.680423
25 26  0.574657  0.671748
25 27  0.575336  0.610742
25 28  0.590063  1.080686
25 29  0.603818  0.940377
25 30  0.511681  0.555576
26 27  0.558834  0.688579
26 28  0.606797  1.174096
26 29  0.620616  1.030892
26 30  0.577244  0.699286
27 28  0.610157  1.122362
27 29  0.623849  0.980059
27 30  0.578750  0.638273
28 29  0.611525  1.426771
28 30  0.592470  1.099030
29 30  0.606289  0.965740
