  -1146.53416012
  -1146.90307321    -1146.78139788
0.00003166182499
2 2 2 2 2 2 2 2 2 2 2 2 2 2 2 0 0 0 0 0 0 0 0 0 0 0 0 0 0 0 
1  0.307670  0.625031
2  0.300226  0.527799
3  0.288243  0.466078
4  0.282251  0.312271
5  0.279514  0.311647
6  0.312143  0.415476
7  0.330699  0.653292
8  0.283674  0.319394
9  0.320280  0.720903
10  0.316702  0.814981
11  0.300028  0.409307
12  0.310246  0.363899
13  0.281280  0.291989
14  0.299664  0.362538
15  0.318233  0.711770
16  0.312201  0.643742
17  0.322661  0.706306
18  0.305383  0.550811
19  0.293559  0.487483
20  0.285504  0.315083
21  0.283690  0.319908
22  0.309639  0.366990
23  0.322547  0.713613
24  0.314912  0.424364
25  0.283357  0.292340
26  0.303980  0.430383
27  0.302894  0.353573
28  0.316201  0.782819
29  0.330652  0.647632
30  0.285812  0.321293
1 2  0.605729  1.112905
1 3  0.594017  1.067833
1 4  0.589757  0.936910
1 5  0.586692  0.933868
1 6  0.619251  1.038097
1 7  0.622695  1.197178
1 8  0.591192  0.944033
1 9  0.620251  1.285023
1 10  0.613851  1.422092
1 11  0.598074  0.998243
1 12  0.616359  0.979000
1 13  0.588869  0.916787
1 14  0.606838  0.986311
1 15  0.592519  1.309384
1 16  0.355472  1.130499
1 17  0.595094  1.267534
1 18  0.612098  1.172610
1 19  0.600975  1.110540
1 20  0.592966  0.939851
1 21  0.590331  0.944471
1 22  0.615313  0.991487
1 23  0.625846  1.331752
1 24  0.621895  1.042233
1 25  0.590983  0.917002
1 26  0.603667  1.052920
1 27  0.610192  0.977912
1 28  0.609086  1.366840
1 29  0.633323  1.269305
1 30  0.593440  0.944682
2 3  0.544553  0.960564
2 4  0.582475  0.839889
2 5  0.579733  0.838441
2 6  0.612329  0.942580
2 7  0.622783  1.143600
2 8  0.583890  0.847055
2 9  0.594768  1.153135
2 10  0.614109  1.325136
2 11  0.600113  0.927748
2 12  0.610451  0.889032
2 13  0.581502  0.819659
2 14  0.599878  0.889892
2 15  0.617134  1.231466
2 16  0.611493  1.168374
2 17  0.622406  1.227154
2 18  0.297492  0.863151
2 19  0.548906  0.978266
2 20  0.585686  0.842839
2 21  0.583793  0.847643
2 22  0.609754  0.894656
2 23  0.596229  1.230260
2 24  0.615097  0.951358
2 25  0.583567  0.820088
2 26  0.603724  0.957665
2 27  0.603117  0.881259
2 28  0.610136  1.289678
2 29  0.626764  1.169049
2 30  0.585990  0.848865
3 4  0.570494  0.778033
3 5  0.567755  0.777690
3 6  0.600275  0.873801
3 7  0.598830  1.049141
3 8  0.571882  0.783406
3 9  0.602115  1.181136
3 10  0.599498  1.263352
3 11  0.588203  0.873579
3 12  0.598476  0.827940
3 13  0.569503  0.757628
3 14  0.587896  0.826025
3 15  0.604347  1.145426
3 16  0.600200  1.107920
3 17  0.609595  1.170117
3 18  0.548893  0.980040
3 19  0.288347  0.741287
3 20  0.573714  0.781118
3 21  0.571872  0.785938
3 22  0.597868  0.832991
3 23  0.600865  1.157862
3 24  0.602827  0.890188
3 25  0.571571  0.758397
3 26  0.592120  0.896064
3 27  0.591114  0.819550
3 28  0.598031  1.238195
3 29  0.608430  1.110720
3 30  0.573894  0.787304
4 5  0.517626  0.584000
4 6  0.593994  0.724592
4 7  0.612942  0.965291
4 8  0.565877  0.631127
4 9  0.602522  1.031983
4 10  0.598924  1.122949
4 11  0.577388  0.715948
4 12  0.569196  0.655469
4 13  0.563418  0.604170
4 14  0.574502  0.663972
4 15  0.600441  1.020300
4 16  0.594352  0.955782
4 17  0.604842  1.018465
4 18  0.587588  0.863037
4 19  0.575772  0.799712
4 20  0.277232  0.353351
4 21  0.515664  0.586560
4 22  0.559788  0.647936
4 23  0.604755  1.025801
4 24  0.596219  0.736046
4 25  0.565222  0.604269
4 26  0.584785  0.740595
4 27  0.582046  0.663678
4 28  0.598449  1.094933
4 29  0.612834  0.959772
4 30  0.568016  0.633508
5 6  0.591481  0.725739
5 7  0.610173  0.964604
5 8  0.563176  0.630517
5 9  0.599752  1.029566
5 10  0.596124  1.121983
5 11  0.572227  0.709025
5 12  0.568704  0.656502
5 13  0.560755  0.603510
5 14  0.572937  0.666693
5 15  0.597682  1.021488
5 16  0.590841  0.955007
5 17  0.602168  1.017800
5 18  0.584763  0.862393
5 19  0.572999  0.799087
5 20  0.515434  0.581811
5 21  0.276073  0.363305
5 22  0.558572  0.648435
5 23  0.601850  1.025116
5 24  0.594328  0.735773
5 25  0.562810  0.603938
5 26  0.580401  0.740348
5 27  0.581132  0.663608
5 28  0.595613  1.094255
5 29  0.609938  0.959139
5 30  0.565312  0.632923
6 7  0.642463  1.057635
6 8  0.555936  0.697571
6 9  0.632318  1.133559
6 10  0.627935  1.197045
6 11  0.611647  0.823702
6 12  0.620969  0.776214
6 13  0.556210  0.686225
6 14  0.603426  0.758262
6 15  0.620151  1.069277
6 16  0.623886  1.052558
6 17  0.624724  1.120015
6 18  0.617455  0.965487
6 19  0.605334  0.902698
6 20  0.596696  0.729935
6 21  0.595711  0.735064
6 22  0.619122  0.780422
6 23  0.634615  1.127040
6 24  0.382903  0.654031
6 25  0.548093  0.675203
6 26  0.615467  0.841679
6 27  0.606130  0.764205
6 28  0.625855  1.196619
6 29  0.642556  1.062008
6 30  0.548366  0.704768
7 8  0.614264  0.970479
7 9  0.615249  1.339351
7 10  0.622444  1.444148
7 11  0.629874  1.053442
7 12  0.640783  1.011474
7 13  0.611923  0.944897
7 14  0.630302  1.011769
7 15  0.640302  1.307748
7 16  0.637766  1.292946
7 17  0.649758  1.350782
7 18  0.631265  1.196452
7 19  0.613393  1.137087
7 20  0.616133  0.968225
7 21  0.614177  0.973029
7 22  0.640172  1.020089
7 23  0.615134  1.329423
7 24  0.645388  1.076260
7 25  0.614018  0.945539
7 26  0.633938  1.082622
7 27  0.633570  1.006656
7 28  0.617467  1.386045
7 29  0.413490  1.137647
7 30  0.616355  0.974154
8 9  0.603933  1.037891
8 10  0.600110  1.119545
8 11  0.583638  0.727848
8 12  0.593785  0.683170
8 13  0.517057  0.568413
8 14  0.582555  0.680014
8 15  0.599242  1.013788
8 16  0.595821  0.961674
8 17  0.603610  1.024748
8 18  0.588952  0.869956
8 19  0.576998  0.806788
8 20  0.569103  0.634404
8 21  0.567320  0.639271
8 22  0.593257  0.686226
8 23  0.606207  1.032479
8 24  0.550219  0.712505
8 25  0.513692  0.567539
8 26  0.587601  0.749465
8 27  0.586247  0.672611
8 28  0.599138  1.101899
8 29  0.614080  0.966602
8 30  0.292664  0.388457
9 10  0.611961  1.430015
9 11  0.619642  1.110265
9 12  0.630412  1.081472
9 13  0.601553  1.011716
9 14  0.619912  1.082870
9 15  0.634260  1.417763
9 16  0.628371  1.357458
9 17  0.639155  1.402865
9 18  0.598037  1.259529
9 19  0.603295  1.182747
9 20  0.605739  1.035897
9 21  0.603769  1.040641
9 22  0.629617  1.087566
9 23  0.417758  1.291442
9 24  0.635078  1.143004
9 25  0.603631  1.013102
9 26  0.623180  1.149897
9 27  0.623166  1.074221
9 28  0.605059  1.465631
9 29  0.613418  1.331613
9 30  0.606079  1.041628
10 11  0.615755  1.208273
10 12  0.626833  1.178382
10 13  0.597826  1.102131
10 14  0.616290  1.169580
10 15  0.611461  1.400022
10 16  0.613655  1.414587
10 17  0.611587  1.490421
10 18  0.615595  1.343504
10 19  0.604274  1.290695
10 20  0.602203  1.129882
10 21  0.600278  1.134614
10 22  0.625733  1.181276
10 23  0.607601  1.490080
10 24  0.629112  1.237418
10 25  0.599952  1.107219
10 26  0.619245  1.242759
10 27  0.619355  1.167982
10 28  0.432919  1.487817
10 29  0.618552  1.412928
10 30  0.601834  1.135938
11 12  0.584394  0.750202
11 13  0.581129  0.700632
11 14  0.565088  0.749940
11 15  0.617767  1.118914
11 16  0.603748  1.050247
11 17  0.622188  1.111858
11 18  0.604823  0.959659
11 19  0.593398  0.896420
11 20  0.583945  0.722273
11 21  0.580579  0.727535
11 22  0.578039  0.750992
11 23  0.621401  1.121837
11 24  0.614011  0.829582
11 25  0.583315  0.701538
11 26  0.349176  0.640570
11 27  0.561932  0.724686
11 28  0.614874  1.190378
11 29  0.629759  1.055982
11 30  0.585765  0.730260
12 13  0.591140  0.655411
12 14  0.584831  0.705299
12 15  0.628367  1.072968
12 16  0.620317  1.007097
12 17  0.632507  1.069716
12 18  0.615525  0.914579
12 19  0.603789  0.851295
12 20  0.562819  0.646146
12 21  0.563802  0.653551
12 22  0.402022  0.549830
12 23  0.632513  1.077246
12 24  0.622568  0.786335
12 25  0.592917  0.655540
12 26  0.580912  0.768182
12 27  0.581787  0.686630
12 28  0.625833  1.146185
12 29  0.640736  1.011344
12 30  0.595993  0.685022
13 14  0.579204  0.653267
13 15  0.598197  0.999313
13 16  0.593450  0.935412
13 17  0.603462  0.997945
13 18  0.586611  0.842735
13 19  0.574772  0.779442
13 20  0.566316  0.606662
13 21  0.564844  0.611798
13 22  0.590276  0.658310
13 23  0.603814  1.005470
13 24  0.549020  0.683923
13 25  0.288106  0.316733
13 26  0.585223  0.722299
13 27  0.582226  0.643773
13 28  0.597367  1.074728
13 29  0.611853  0.939495
13 30  0.513834  0.568864
14 15  0.617251  1.059392
14 16  0.611408  1.005170
14 17  0.621161  1.068387
14 18  0.605037  0.913195
14 19  0.593175  0.849882
14 20  0.582297  0.675703
14 21  0.581950  0.680540
14 22  0.577652  0.698142
14 23  0.622206  1.075831
14 24  0.606081  0.782633
14 25  0.581065  0.653157
14 26  0.563120  0.754687
14 27  0.344102  0.490588
14 28  0.615520  1.144758
14 29  0.630271  1.009892
14 30  0.585143  0.683499
15 16  0.594923  1.290536
15 17  0.370485  1.288021
15 18  0.623076  1.254770
15 19  0.610502  1.196656
15 20  0.603647  1.026734
15 21  0.601914  1.031434
15 22  0.627377  1.078089
15 23  0.637167  1.400539
15 24  0.623132  1.134231
15 25  0.601124  1.003787
15 26  0.621426  1.136448
15 27  0.620032  1.064966
15 28  0.607721  1.465743
15 29  0.645649  1.351167
15 30  0.601412  1.032246
16 17  0.599648  1.319800
16 18  0.615167  1.147995
16 19  0.603465  1.104719
16 20  0.597471  0.958216
16 21  0.595309  0.959520
16 22  0.620050  0.998145
16 23  0.626509  1.287687
16 24  0.626528  1.065381
16 25  0.595429  0.935785
16 26  0.604510  1.026475
16 27  0.614396  0.996091
16 28  0.617847  1.407669
16 29  0.625822  1.207025
16 30  0.597834  0.964542
17 18  0.626474  1.248022
17 19  0.613772  1.156614
17 20  0.608104  1.018249
17 21  0.606254  1.024618
17 22  0.632203  1.071078
17 23  0.640179  1.406924
17 24  0.625599  1.069216
17 25  0.604262  0.993424
17 26  0.625973  1.134941
17 27  0.624971  1.049248
17 28  0.616093  1.371575
17 29  0.644586  1.292688
17 30  0.605507  1.009023
18 19  0.553092  1.002082
18 20  0.590883  0.865615
18 21  0.589062  0.869193
18 22  0.614987  0.914084
18 23  0.601275  1.160752
18 24  0.620241  0.974338
18 25  0.588734  0.843099
18 26  0.609169  0.968335
18 27  0.608256  0.903883
18 28  0.618146  1.315442
18 29  0.628006  1.158214
18 30  0.591183  0.872009
19 20  0.579062  0.802310
19 21  0.577245  0.807329
19 22  0.603175  0.852146
19 23  0.609446  1.194239
19 24  0.608331  0.902667
19 25  0.576892  0.778985
19 26  0.597434  0.914675
19 27  0.596433  0.838839
19 28  0.603665  1.250175
19 29  0.602086  1.058124
19 30  0.579333  0.805911
20 21  0.523933  0.594385
20 22  0.571906  0.662314
20 23  0.608039  1.027369
20 24  0.599916  0.736211
20 25  0.568738  0.607336
20 26  0.583085  0.738609
20 27  0.580496  0.657896
20 28  0.601664  1.093824
20 29  0.616142  0.962530
20 30  0.571249  0.635921
21 22  0.571425  0.666081
21 23  0.606188  1.029692
21 24  0.598363  0.742836
21 25  0.566997  0.612189
21 26  0.579858  0.736569
21 27  0.579111  0.665374
21 28  0.599776  1.097716
21 29  0.614289  0.966959
21 30  0.569482  0.640843
22 23  0.632031  1.075619
22 24  0.622903  0.788289
22 25  0.592621  0.658996
22 26  0.588726  0.771574
22 27  0.588037  0.699954
22 28  0.625678  1.148955
22 29  0.640073  1.008260
22 30  0.595298  0.688119
23 24  0.637319  1.135505
23 25  0.605897  1.005709
23 26  0.625735  1.119857
23 27  0.625385  1.066840
23 28  0.615328  1.399802
23 29  0.616196  1.323097
23 30  0.608332  1.033656
24 25  0.561286  0.695565
24 26  0.618299  0.854003
24 27  0.607894  0.758658
24 28  0.629939  1.173317
24 29  0.645161  1.059588
24 30  0.561459  0.708531
25 26  0.587152  0.722485
25 27  0.584183  0.644374
25 28  0.599419  1.072007
25 29  0.613940  0.938873
25 30  0.520594  0.570081
26 27  0.570822  0.761767
26 28  0.619051  1.197732
26 29  0.633563  1.065027
26 30  0.589681  0.751425
27 28  0.619025  1.131512
27 29  0.633452  0.997821
27 30  0.587623  0.673218
28 29  0.621752  1.405791
28 30  0.601755  1.091281
29 30  0.616359  0.965533
