  -1146.53416012
  -1146.90359803    -1146.78260918
0.00001906136516
2 2 2 2 2 2 2 2 2 2 2 2 2 2 2 0 0 0 0 0 0 0 0 0 0 0 0 0 0 0 
1  0.310069  0.629852
2  0.300647  0.523404
3  0.288756  0.463574
4  0.282820  0.320120
5  0.280206  0.319942
6  0.314155  0.423218
7  0.331966  0.650088
8  0.285135  0.321551
9  0.321256  0.712345
10  0.317822  0.806427
11  0.302532  0.427353
12  0.311387  0.374753
13  0.282631  0.293912
14  0.301391  0.377528
15  0.319882  0.711053
16  0.314581  0.648767
17  0.324304  0.703927
18  0.305807  0.546586
19  0.294130  0.484486
20  0.286115  0.322892
21  0.284415  0.328741
22  0.310798  0.377487
23  0.323533  0.706203
24  0.316865  0.431549
25  0.284866  0.294320
26  0.306388  0.448829
27  0.304653  0.367013
28  0.317296  0.775099
29  0.331842  0.644236
30  0.287239  0.323060
1 2  0.608524  1.113619
1 3  0.596897  1.070285
1 4  0.592713  0.949479
1 5  0.589763  0.946493
1 6  0.623646  1.050573
1 7  0.625995  1.198530
1 8  0.595050  0.951008
1 9  0.623494  1.281350
1 10  0.617309  1.418318
1 11  0.602396  1.017796
1 12  0.619831  0.993372
1 13  0.592615  0.923519
1 14  0.610930  1.005964
1 15  0.596566  1.313751
1 16  0.359907  1.140399
1 17  0.599188  1.270971
1 18  0.614899  1.173346
1 19  0.603942  1.112454
1 20  0.595973  0.952386
1 21  0.593410  0.958081
1 22  0.618821  1.006828
1 23  0.629208  1.329408
1 24  0.626238  1.054105
1 25  0.594887  0.923828
1 26  0.608222  1.075958
1 27  0.614340  0.995948
1 28  0.612576  1.364977
1 29  0.636824  1.270943
1 30  0.597261  0.951315
2 3  0.545427  0.953481
2 4  0.583465  0.843321
2 5  0.580845  0.842190
2 6  0.614760  0.945874
2 7  0.624442  1.136454
2 8  0.585773  0.844820
2 9  0.596157  1.142541
2 10  0.615667  1.313129
2 11  0.603028  0.940920
2 12  0.612008  0.895141
2 13  0.583275  0.817184
2 14  0.602023  0.900421
2 15  0.619190  1.226435
2 16  0.614270  1.169139
2 17  0.624465  1.220586
2 18  0.298334  0.853004
2 19  0.549910  0.971557
2 20  0.586709  0.846239
2 21  0.584917  0.852064
2 22  0.611330  0.900727
2 23  0.597640  1.218560
2 24  0.617468  0.954103
2 25  0.585495  0.817673
2 26  0.606523  0.971666
2 27  0.605298  0.890262
2 28  0.611653  1.278172
2 29  0.628382  1.161652
2 30  0.587836  0.846225
3 4  0.571575  0.783279
3 5  0.568959  0.783469
3 6  0.602792  0.878804
3 7  0.600531  1.044404
3 8  0.573851  0.783068
3 9  0.603596  1.170157
3 10  0.601121  1.252809
3 11  0.591212  0.889040
3 12  0.600125  0.835954
3 13  0.571363  0.757083
3 14  0.590133  0.838123
3 15  0.606475  1.142600
3 16  0.603093  1.110503
3 17  0.611722  1.165370
3 18  0.549844  0.973962
3 19  0.289368  0.734312
3 20  0.574830  0.786408
3 21  0.573099  0.792248
3 22  0.599541  0.840966
3 23  0.602372  1.148655
3 24  0.605265  0.894863
3 25  0.573586  0.757872
3 26  0.595040  0.911920
3 27  0.593381  0.830455
3 28  0.599636  1.228229
3 29  0.610118  1.104901
3 30  0.575816  0.786566
4 5  0.518908  0.600783
4 6  0.596561  0.739491
4 7  0.614776  0.969830
4 8  0.567902  0.641050
4 9  0.604066  1.031084
4 10  0.600611  1.121372
4 11  0.580388  0.741335
4 12  0.570949  0.674454
4 13  0.565332  0.613940
4 14  0.576743  0.685660
4 15  0.602659  1.026579
4 16  0.597289  0.968550
4 17  0.607058  1.023891
4 18  0.588576  0.866644
4 19  0.576905  0.804547
4 20  0.278322  0.371866
4 21  0.517048  0.604253
4 22  0.561565  0.666357
4 23  0.606304  1.026211
4 24  0.598731  0.751108
4 25  0.567289  0.614088
4 26  0.587745  0.766700
4 27  0.584364  0.685126
4 28  0.600112  1.094993
4 29  0.614580  0.964169
4 30  0.570013  0.643118
5 6  0.594176  0.741443
5 7  0.612123  0.969631
5 8  0.565329  0.640882
5 9  0.601414  1.028810
5 10  0.597926  1.120832
5 11  0.575340  0.733948
5 12  0.570551  0.675975
5 13  0.562798  0.613725
5 14  0.575306  0.689365
5 15  0.600017  1.028619
5 16  0.593858  0.968274
5 17  0.604505  1.023676
5 18  0.585863  0.866446
5 19  0.574252  0.804368
5 20  0.516821  0.598949
5 21  0.277326  0.383235
5 22  0.560465  0.667175
5 23  0.603508  1.025967
5 24  0.596972  0.751221
5 25  0.565013  0.614211
5 26  0.583485  0.767217
5 27  0.583573  0.685291
5 28  0.597390  1.094761
5 29  0.611795  0.963984
5 30  0.567431  0.642982
6 7  0.645740  1.061972
6 8  0.559280  0.707856
6 9  0.635302  1.132793
6 10  0.631049  1.195866
6 11  0.616144  0.849315
6 12  0.624071  0.794335
6 13  0.559345  0.696063
6 14  0.606881  0.778291
6 15  0.623627  1.074593
6 16  0.628266  1.065143
6 17  0.628347  1.125414
6 18  0.619889  0.968958
6 19  0.607895  0.907435
6 20  0.599303  0.745519
6 21  0.598451  0.751607
6 22  0.622292  0.798652
6 23  0.637606  1.127324
6 24  0.386802  0.670540
6 25  0.551256  0.684897
6 26  0.619876  0.867572
6 27  0.609786  0.785622
6 28  0.628954  1.196589
6 29  0.645748  1.066306
6 30  0.551652  0.714536
7 8  0.616989  0.969494
7 9  0.617406  1.327957
7 10  0.624881  1.433471
7 11  0.633567  1.067688
7 12  0.643164  1.018278
7 13  0.614536  0.943652
7 14  0.633288  1.023039
7 15  0.643160  1.304771
7 16  0.641300  1.294962
7 17  0.652656  1.345557
7 18  0.632961  1.189455
7 19  0.615209  1.131001
7 20  0.617993  0.972771
7 21  0.616138  0.978595
7 22  0.642606  1.027341
7 23  0.617376  1.319997
7 24  0.648595  1.080204
7 25  0.616796  0.944316
7 26  0.637593  1.097624
7 27  0.636595  1.016802
7 28  0.619866  1.376231
7 29  0.415813  1.131180
7 30  0.619037  0.972719
8 9  0.606370  1.031554
8 10  0.602674  1.113328
8 11  0.587601  0.747936
8 12  0.596379  0.696175
8 13  0.519693  0.572507
8 14  0.585715  0.696989
8 15  0.602260  1.015215
8 16  0.599659  0.968893
8 17  0.606703  1.024491
8 18  0.590833  0.867868
8 19  0.579006  0.805941
8 20  0.571175  0.644364
8 21  0.569502  0.650257
8 22  0.595877  0.698872
8 23  0.608654  1.027220
8 24  0.553620  0.722193
8 25  0.516426  0.571390
8 26  0.591467  0.770061
8 27  0.589458  0.688181
8 28  0.601686  1.096341
8 29  0.616719  0.965353
8 30  0.295037  0.390853
9 10  0.613973  1.417067
9 11  0.623067  1.118404
9 12  0.632510  1.083366
9 13  0.603881  1.005125
9 14  0.622610  1.089118
9 15  0.636838  1.409221
9 16  0.631714  1.354217
9 17  0.641750  1.392718
9 18  0.599435  1.246906
9 19  0.604842  1.172060
9 20  0.607317  1.035119
9 21  0.605439  1.040876
9 22  0.631749  1.089439
9 23  0.419737  1.276247
9 24  0.638004  1.141594
9 25  0.606115  1.006528
9 26  0.626528  1.159625
9 27  0.625901  1.079023
9 28  0.607068  1.450058
9 29  0.615578  1.320819
9 30  0.608483  1.034833
10 11  0.619315  1.216016
10 12  0.629078  1.180572
10 13  0.600284  1.095730
10 14  0.619134  1.174461
10 15  0.614155  1.393307
10 16  0.617155  1.412349
10 17  0.614336  1.480121
10 18  0.617144  1.331398
10 19  0.605951  1.279440
10 20  0.603933  1.129060
10 21  0.602107  1.134804
10 22  0.628000  1.183127
10 23  0.609636  1.474911
10 24  0.632168  1.236009
10 25  0.602579  1.100640
10 26  0.622749  1.252517
10 27  0.622224  1.172727
10 28  0.435105  1.472937
10 29  0.620880  1.402115
10 30  0.604363  1.129158
11 12  0.587961  0.778978
11 13  0.584979  0.720557
11 14  0.569224  0.783504
11 15  0.621898  1.135789
11 16  0.608370  1.073105
11 17  0.626322  1.127432
11 18  0.607712  0.973425
11 19  0.596467  0.911398
11 20  0.587039  0.747948
11 21  0.583792  0.754540
11 22  0.581708  0.779673
11 23  0.624836  1.132337
11 24  0.618465  0.854516
11 25  0.587325  0.721563
11 26  0.353564  0.680577
11 27  0.566166  0.755735
11 28  0.618447  1.200559
11 29  0.633422  1.070424
11 30  0.589694  0.750064
12 13  0.593616  0.668141
12 14  0.587684  0.731585
12 15  0.631152  1.082587
12 16  0.623791  1.022991
12 17  0.635284  1.078125
12 18  0.617082  0.921173
12 19  0.605501  0.859131
12 20  0.564628  0.664797
12 21  0.565718  0.673087
12 22  0.404193  0.575939
12 23  0.634629  1.080626
12 24  0.625658  0.804355
12 25  0.595568  0.668386
12 26  0.584472  0.797615
12 27  0.584719  0.710960
12 28  0.628052  1.149230
12 29  0.643072  1.018761
12 30  0.598558  0.697629
13 14  0.582231  0.670127
13 15  0.601092  1.000613
13 16  0.597179  0.942380
13 17  0.606424  0.997427
13 18  0.588383  0.840430
13 19  0.576683  0.778365
13 20  0.568274  0.616386
13 21  0.566922  0.622554
13 22  0.592800  0.670739
13 23  0.606150  0.999984
13 24  0.552134  0.693060
13 25  0.290871  0.319997
13 26  0.588980  0.742664
13 27  0.585358  0.659171
13 28  0.599810  1.068927
13 29  0.614396  0.938023
13 30  0.516567  0.572433
14 15  0.620598  1.071251
14 16  0.615506  1.024880
14 17  0.624472  1.080877
14 18  0.607188  0.923905
14 19  0.595468  0.861835
14 20  0.584623  0.698660
14 21  0.584390  0.704282
14 22  0.580572  0.723597
14 23  0.624918  1.083312
14 24  0.609627  0.804981
14 25  0.584312  0.670159
14 26  0.567241  0.787612
14 27  0.347220  0.523388
14 28  0.618334  1.151873
14 29  0.633186  1.021381
14 30  0.588287  0.700234
15 16  0.599029  1.295724
15 17  0.373531  1.285364
15 18  0.625144  1.249987
15 19  0.612697  1.193085
15 20  0.605911  1.033786
15 21  0.604289  1.039502
15 22  0.630177  1.087807
15 23  0.639781  1.393143
15 24  0.626656  1.140750
15 25  0.604266  1.005000
15 26  0.625487  1.154040
15 27  0.623374  1.077601
15 28  0.610418  1.457879
15 29  0.648485  1.347351
15 30  0.604449  1.033274
16 17  0.603656  1.322973
16 18  0.617943  1.148990
16 19  0.606379  1.106997
16 20  0.600443  0.970931
16 21  0.598376  0.972716
16 22  0.623501  1.012248
16 23  0.629751  1.285056
16 24  0.630845  1.077567
16 25  0.599314  0.942808
16 26  0.608727  1.046195
16 27  0.618487  1.014481
16 28  0.621259  1.404620
16 29  0.629050  1.208606
16 30  0.601639  0.971346
17 18  0.628535  1.241543
17 19  0.615949  1.151952
17 20  0.610357  1.022929
17 21  0.608617  1.030679
17 22  0.634999  1.078819
17 23  0.642755  1.397780
17 24  0.628989  1.072744
17 25  0.607320  0.993206
17 26  0.629993  1.150673
17 27  0.628348  1.058477
17 28  0.618762  1.364404
17 29  0.647373  1.288280
17 30  0.608484  1.008546
18 19  0.554033  0.994685
18 20  0.591918  0.869175
18 21  0.590211  0.873601
18 22  0.616567  0.919962
18 23  0.602664  1.151327
18 24  0.622617  0.977245
18 25  0.590666  0.840848
18 26  0.611987  0.981902
18 27  0.610434  0.913056
18 28  0.619680  1.304300
18 29  0.629600  1.151036
18 30  0.593034  0.869547
19 20  0.580244  0.807030
19 21  0.578540  0.813153
19 22  0.604901  0.859317
19 23  0.610997  1.183883
19 24  0.610845  0.906677
19 25  0.578969  0.778034
19 26  0.600402  0.930044
19 27  0.598759  0.848950
19 28  0.605328  1.240208
19 29  0.603750  1.052882
19 30  0.581327  0.804713
20 21  0.525299  0.611711
20 22  0.573716  0.680987
20 23  0.609634  1.027584
20 24  0.602463  0.750505
20 25  0.570852  0.617122
20 26  0.586019  0.764370
20 27  0.582813  0.678083
20 28  0.603366  1.093083
20 29  0.617943  0.966858
20 30  0.573283  0.645431
21 22  0.573312  0.685562
21 23  0.607892  1.030559
21 24  0.601025  0.758502
21 25  0.569230  0.623003
21 26  0.582908  0.762208
21 27  0.581554  0.687169
21 28  0.601587  1.097887
21 29  0.616198  0.972322
21 30  0.571634  0.651393
22 23  0.634159  1.078246
22 24  0.625973  0.805582
22 25  0.595276  0.671447
22 26  0.592221  0.799951
22 27  0.590948  0.724468
22 28  0.627919  1.151633
22 29  0.642399  1.014569
22 30  0.597878  0.700373
23 24  0.640254  1.135332
23 25  0.608391  1.000307
23 26  0.629059  1.129312
23 27  0.628122  1.072750
23 28  0.617326  1.388028
23 29  0.618295  1.312477
23 30  0.610744  1.028090
24 25  0.564497  0.704821
24 26  0.622640  0.879470
24 27  0.611294  0.776705
24 28  0.632960  1.172606
24 29  0.648297  1.063271
24 30  0.564764  0.717880
25 26  0.591065  0.742903
25 27  0.587392  0.659716
25 28  0.602014  1.066540
25 29  0.616635  0.937534
25 30  0.523323  0.573849
26 27  0.574879  0.794218
26 28  0.622495  1.206566
26 29  0.637081  1.079496
26 30  0.593511  0.771602
27 28  0.621876  1.136012
27 29  0.636395  1.007475
27 30  0.590777  0.688289
28 29  0.624101  1.395880
28 30  0.604267  1.085669
29 30  0.618974  0.963987
