  -1146.53416012
  -1146.90408266    -1146.78390721
0.00000421925726
2 2 2 2 2 2 2 2 2 2 2 2 2 2 2 0 0 0 0 0 0 0 0 0 0 0 0 0 0 0 
1  0.312289  0.635151
2  0.300986  0.516971
3  0.289183  0.459470
4  0.283349  0.332613
5  0.280835  0.332824
6  0.316345  0.433711
7  0.333100  0.645061
8  0.287112  0.324979
9  0.322078  0.699879
10  0.318804  0.793455
11  0.305475  0.451766
12  0.312678  0.390620
13  0.284561  0.297435
14  0.303338  0.399331
15  0.321491  0.708751
16  0.316829  0.654671
17  0.325928  0.699723
18  0.306166  0.540151
19  0.294571  0.479826
20  0.286673  0.335228
21  0.285059  0.342297
22  0.312107  0.392731
23  0.324377  0.695095
24  0.319016  0.441461
25  0.286814  0.297973
26  0.309312  0.473594
27  0.306568  0.386526
28  0.318260  0.763094
29  0.332946  0.639058
30  0.289243  0.326170
1 2  0.611093  1.113072
1 3  0.599517  1.071767
1 4  0.595446  0.967081
1 5  0.592599  0.963905
1 6  0.628036  1.066270
1 7  0.629034  1.198758
1 8  0.599243  0.959737
1 9  0.626439  1.274553
1 10  0.620456  1.410778
1 11  0.606940  1.042798
1 12  0.623301  1.012754
1 13  0.596761  0.932327
1 14  0.615051  1.032878
1 15  0.600395  1.317060
1 16  0.364067  1.151568
1 17  0.603061  1.273489
1 18  0.617461  1.172406
1 19  0.606603  1.113222
1 20  0.598736  0.969843
1 21  0.596224  0.976832
1 22  0.622344  1.027392
1 23  0.632264  1.323968
1 24  0.630593  1.069171
1 25  0.599049  0.932808
1 26  0.613091  1.105634
1 27  0.618455  1.020424
1 28  0.615747  1.359823
1 29  0.640067  1.271327
1 30  0.601478  0.959797
2 3  0.546121  0.942609
2 4  0.584331  0.849345
2 5  0.581811  0.848409
2 6  0.617289  0.949864
2 7  0.625884  1.125557
2 8  0.588088  0.841822
2 9  0.597321  1.126861
2 10  0.617006  1.295057
2 11  0.606296  0.958297
2 12  0.613635  0.904085
2 13  0.585543  0.814276
2 14  0.604302  0.915695
2 15  0.621134  1.217833
2 16  0.616843  1.168801
2 17  0.626430  1.210300
2 18  0.299003  0.837879
2 19  0.550688  0.961351
2 20  0.587595  0.852116
2 21  0.585866  0.859159
2 22  0.612965  0.909491
2 23  0.598832  1.201157
2 24  0.619956  0.957541
2 25  0.587784  0.814896
2 26  0.609745  0.989935
2 27  0.607549  0.903276
2 28  0.612972  1.260594
2 29  0.629832  1.150539
2 30  0.590176  0.842889
3 4  0.572531  0.791513
3 5  0.570015  0.792224
3 6  0.605403  0.884983
3 7  0.602045  1.036782
3 8  0.576246  0.782418
3 9  0.604844  1.153642
3 10  0.602524  1.236541
3 11  0.594572  0.909206
3 12  0.601840  0.847215
3 13  0.573712  0.756552
3 14  0.592502  0.855302
3 15  0.608474  1.136980
3 16  0.605768  1.112411
3 17  0.613752  1.157257
3 18  0.550630  0.964275
3 19  0.290197  0.723378
3 20  0.575801  0.794614
3 21  0.574153  0.801664
3 22  0.601278  0.852077
3 23  0.603654  1.134426
3 24  0.607834  0.900664
3 25  0.575951  0.757416
3 26  0.598391  0.932461
3 27  0.595720  0.845811
3 28  0.601029  1.212498
3 29  0.611642  1.095735
3 30  0.578209  0.785564
4 5  0.520060  0.626927
4 6  0.599272  0.761370
4 7  0.616436  0.977124
4 8  0.570400  0.656867
4 9  0.605414  1.030818
4 10  0.602120  1.119523
4 11  0.583798  0.777409
4 12  0.572794  0.703167
4 13  0.567783  0.629956
4 14  0.579180  0.717989
4 15  0.604795  1.035408
4 16  0.600055  0.986762
4 17  0.609210  1.032094
4 18  0.589452  0.872672
4 19  0.577862  0.812352
4 20  0.279395  0.401050
4 21  0.518278  0.631785
4 22  0.563464  0.694156
4 23  0.607674  1.027543
4 24  0.601387  0.773562
4 25  0.569758  0.630223
4 26  0.591185  0.803670
4 27  0.586803  0.717373
4 28  0.601605  1.095355
4 29  0.616192  0.971385
4 30  0.572545  0.658707
5 6  0.596984  0.764286
5 7  0.613873  0.977365
5 8  0.567934  0.657097
5 9  0.602860  1.028498
5 10  0.599531  1.119385
5 11  0.578846  0.769013
5 12  0.572484  0.705244
5 13  0.565354  0.630134
5 14  0.577851  0.723002
5 15  0.602249  1.038518
5 16  0.596689  0.986959
5 17  0.606756  1.032276
5 18  0.586815  0.872862
5 19  0.575306  0.812557
5 20  0.518065  0.625683
5 21  0.278440  0.413908
5 22  0.562448  0.695178
5 23  0.604953  1.027682
5 24  0.599749  0.773968
5 25  0.567587  0.630742
5 26  0.587013  0.805049
5 27  0.586110  0.717626
5 28  0.598981  1.095510
5 29  0.613506  0.971583
5 30  0.570060  0.658969
6 7  0.649069  1.067267
6 8  0.563253  0.722286
6 9  0.638307  1.130924
6 10  0.634205  1.193105
6 11  0.621244  0.883975
6 12  0.627506  0.819936
6 13  0.563210  0.710202
6 14  0.610736  0.806637
6 15  0.627233  1.080831
6 16  0.632680  1.081328
6 17  0.632120  1.131732
6 18  0.622437  0.972965
6 19  0.610509  0.913258
6 20  0.602032  0.768401
6 21  0.601281  0.775608
6 22  0.625763  0.824395
6 23  0.640635  1.126679
6 24  0.390957  0.692875
6 25  0.555090  0.699044
6 26  0.624961  0.902438
6 27  0.613761  0.815880
6 28  0.632102  1.195023
6 29  0.649035  1.071571
6 30  0.555561  0.728289
7 8  0.620097  0.967988
7 9  0.619280  1.310788
7 10  0.627048  1.416952
7 11  0.637563  1.086199
7 12  0.645575  1.027926
7 13  0.617592  0.942202
7 14  0.636360  1.039186
7 15  0.645866  1.298863
7 16  0.644588  1.296079
7 17  0.655396  1.336788
7 18  0.634461  1.178557
7 19  0.616779  1.121482
7 20  0.619665  0.979973
7 21  0.617885  0.987001
7 22  0.645060  1.037491
7 23  0.619335  1.305458
7 24  0.651871  1.085039
7 25  0.619879  0.942946
7 26  0.641637  1.117054
7 27  0.639644  1.031121
7 28  0.621993  1.360736
7 29  0.417946  1.121147
7 30  0.622172  0.970808
8 9  0.609165  1.022670
8 10  0.605618  1.104269
8 11  0.592513  0.775679
8 12  0.599636  0.715461
8 13  0.523280  0.579139
8 14  0.589598  0.722016
8 15  0.605750  1.016532
8 16  0.603878  0.978279
8 17  0.610308  1.023692
8 18  0.593166  0.864843
8 19  0.581390  0.804694
8 20  0.573708  0.660114
8 21  0.572118  0.667235
8 22  0.599158  0.717528
8 23  0.611474  1.019547
8 24  0.557563  0.735767
8 25  0.519983  0.577613
8 26  0.596359  0.798249
8 27  0.593331  0.711067
8 28  0.604624  1.087777
8 29  0.619798  0.963600
8 30  0.297989  0.394341
9 10  0.615723  1.397680
9 11  0.626792  1.128713
9 12  0.634611  1.086229
9 13  0.606631  0.996284
9 14  0.625367  1.098152
9 15  0.639227  1.395534
9 16  0.634767  1.348067
9 17  0.644175  1.377171
9 18  0.600629  1.228198
9 19  0.606122  1.156113
9 20  0.608691  1.034937
9 21  0.606873  1.041899
9 22  0.633869  1.092116
9 23  0.421431  1.253530
9 24  0.640974  1.139029
9 25  0.608883  0.997720
9 26  0.630222  1.171730
9 27  0.628638  1.085939
9 28  0.608841  1.426457
9 29  0.617488  1.304728
9 30  0.611305  1.025481
10 11  0.623183  1.225172
10 12  0.631340  1.183291
10 13  0.603177  1.086717
10 14  0.622059  1.181021
10 15  0.616696  1.382010
10 16  0.620379  1.407115
10 17  0.616947  1.463857
10 18  0.618497  1.312946
10 19  0.607377  1.262226
10 20  0.605473  1.128286
10 21  0.603731  1.135237
10 22  0.630268  1.185257
10 23  0.611417  1.451804
10 24  0.635288  1.232913
10 25  0.605508  1.091314
10 26  0.626652  1.264095
10 27  0.625115  1.179050
10 28  0.437101  1.449668
10 29  0.622976  1.385505
10 30  0.607341  1.119312
11 12  0.592096  0.819049
11 13  0.589846  0.748461
11 14  0.573943  0.830210
11 15  0.626418  1.157260
11 16  0.613286  1.103028
11 17  0.630871  1.147509
11 18  0.610971  0.991331
11 19  0.599843  0.931040
11 20  0.590524  0.784436
11 21  0.587359  0.792701
11 22  0.585913  0.819391
11 23  0.628594  1.145458
11 24  0.623536  0.888446
11 25  0.592204  0.749620
11 26  0.358321  0.736237
11 27  0.570907  0.798922
11 28  0.622368  1.212738
11 29  0.637452  1.089376
11 30  0.594631  0.777573
12 13  0.596819  0.687462
12 14  0.590865  0.769718
12 15  0.634049  1.095312
12 16  0.627325  1.044765
12 17  0.638191  1.089692
12 18  0.618719  0.930547
12 19  0.607235  0.870302
12 20  0.566526  0.692926
12 21  0.567687  0.702259
12 22  0.406538  0.614260
12 23  0.636742  1.085285
12 24  0.629069  0.830127
12 25  0.598811  0.687917
12 26  0.588652  0.838317
12 27  0.587906  0.746325
12 28  0.630275  1.152957
12 29  0.645473  1.029380
12 30  0.601850  0.716582
13 14  0.586053  0.695368
13 15  0.604509  1.002014
13 16  0.601351  0.951828
13 17  0.609940  0.996647
13 18  0.590672  0.837515
13 19  0.579047  0.777220
13 20  0.570752  0.632237
13 21  0.569494  0.639630
13 22  0.596041  0.689519
13 23  0.608920  0.992401
13 24  0.555910  0.706412
13 25  0.294192  0.325635
13 26  0.593824  0.770945
13 27  0.589201  0.682249
13 28  0.602706  1.060441
13 29  0.617429  0.936369
13 30  0.520246  0.578454
14 15  0.624113  1.087353
14 16  0.619677  1.052117
14 17  0.627942  1.098291
14 18  0.609486  0.939182
14 19  0.597847  0.878916
14 20  0.587129  0.733026
14 21  0.586971  0.739541
14 22  0.583801  0.760607
14 23  0.627707  1.093843
14 24  0.613581  0.836906
14 25  0.588210  0.695653
14 26  0.572016  0.833333
14 27  0.350747  0.571216
14 28  0.621234  1.161433
14 29  0.636234  1.037828
14 30  0.592216  0.725087
15 16  0.602935  1.300628
15 17  0.376597  1.279139
15 18  0.627112  1.241591
15 19  0.614731  1.186331
15 20  0.608072  1.043743
15 21  0.606538  1.050670
15 22  0.633092  1.100647
15 23  0.642219  1.380847
15 24  0.630372  1.148395
15 25  0.607782  1.006249
15 26  0.630001  1.176360
15 27  0.626817  1.094657
15 28  0.612950  1.444429
15 29  0.651187  1.340261
15 30  0.608052  1.034056
16 17  0.607517  1.325271
16 18  0.620544  1.148979
16 19  0.609049  1.108618
16 20  0.603222  0.988952
16 21  0.601255  0.991167
16 22  0.627019  1.031479
16 23  0.632757  1.279949
16 24  0.635223  1.093363
16 25  0.603501  0.952375
16 26  0.613207  1.071319
16 27  0.622584  1.039812
16 28  0.624416  1.398264
16 29  0.632089  1.209487
16 30  0.605884  0.980374
17 18  0.630520  1.231093
17 19  0.617983  1.144226
17 20  0.612539  1.029894
17 21  0.610872  1.039454
17 22  0.637929  1.089234
17 23  0.645176  1.383396
17 24  0.632568  1.077067
17 25  0.610739  0.992843
17 26  0.634496  1.170761
17 27  0.631857  1.071295
17 28  0.621304  1.352561
17 29  0.650060  1.280736
17 30  0.611998  1.007703
18 19  0.554768  0.983273
18 20  0.592834  0.875036
18 21  0.591211  0.880395
18 22  0.618231  0.928196
18 23  0.603864  1.136970
18 24  0.625124  0.980655
18 25  0.592971  0.838055
18 26  0.615264  0.999500
18 27  0.612698  0.926064
18 28  0.621015  1.287046
18 29  0.631038  1.140013
18 30  0.595396  0.866213
19 20  0.581244  0.814555
19 21  0.579626  0.822025
19 22  0.606648  0.869390
19 23  0.612279  1.168130
19 24  0.613436  0.911812
19 25  0.581348  0.777100
19 26  0.603755  0.949975
19 27  0.601109  0.863366
19 28  0.606739  1.224622
19 29  0.605230  1.044754
19 30  0.583763  0.803198
20 21  0.526499  0.638453
20 22  0.575622  0.709031
20 23  0.611033  1.028530
20 24  0.605163  0.771649
20 25  0.573351  0.633105
20 26  0.589436  0.800687
20 27  0.585251  0.708143
20 28  0.604887  1.092131
20 29  0.619601  0.973868
20 30  0.575838  0.660798
21 22  0.575274  0.714611
21 23  0.609374  1.032135
21 24  0.603809  0.781457
21 25  0.571818  0.640217
21 26  0.586410  0.797973
21 27  0.584089  0.719405
21 28  0.603187  1.098020
21 29  0.617934  0.980559
21 30  0.574279  0.668016
22 23  0.636295  1.081704
22 24  0.629390  0.830070
22 25  0.598519  0.690310
22 26  0.596354  0.839158
22 27  0.594117  0.759879
22 28  0.630181  1.154722
22 29  0.644796  1.023502
22 30  0.601179  0.718707
23 24  0.643243  1.134240
23 25  0.611181  0.992893
23 26  0.632786  1.141152
23 27  0.630862  1.080940
23 28  0.619095  1.369963
23 29  0.620157  1.296341
23 30  0.613588  1.020224
24 25  0.568349  0.718456
24 26  0.627679  0.913936
24 27  0.615082  0.802466
24 28  0.636058  1.170522
24 29  0.651554  1.067960
24 30  0.568684  0.731323
25 26  0.595929  0.771317
25 27  0.591194  0.682756
25 28  0.604912  1.058587
25 29  0.619677  0.936106
25 30  0.527011  0.580416
26 27  0.579559  0.839099
26 28  0.626332  1.217027
26 29  0.641033  1.098191
26 30  0.598427  0.799459
27 28  0.624751  1.141797
27 29  0.639401  1.021340
27 30  0.594652  0.710765
28 29  0.626224  1.380279
28 30  0.607220  1.077353
29 30  0.622078  0.962019
