  -1146.50715666
  -1146.88002960    -1146.76655921
0.00009898644819
2 2 2 2 2 2 2 2 2 2 2 2 2 2 2 0 0 0 0 0 0 0 0 0 0 0 0 0 0 0 
1  0.283483  0.422162
2  0.307170  0.424574
3  0.296445  0.385361
4  0.272280  0.330798
5  0.278258  0.291414
6  0.278224  0.289528
7  0.321648  0.408856
8  0.343176  0.536261
9  0.355515  0.617179
10  0.326465  0.546655
11  0.343318  0.614374
12  0.339481  0.640535
13  0.305640  0.342964
14  0.333061  0.749358
15  0.320622  0.769604
16  0.330181  0.573867
17  0.292561  0.435259
18  0.313394  0.452182
19  0.302433  0.402985
20  0.277795  0.345050
21  0.280989  0.292984
22  0.280569  0.291741
23  0.319635  0.740046
24  0.324097  0.425681
25  0.344853  0.542935
26  0.305978  0.340439
27  0.343175  0.621873
28  0.354914  0.624723
29  0.332491  0.712411
30  0.346895  0.630925
1 2  0.590577  0.845913
1 3  0.579831  0.802590
1 4  0.553930  0.749444
1 5  0.561539  0.713481
1 6  0.561055  0.710484
1 7  0.582077  0.810059
1 8  0.626109  0.947637
1 9  0.637258  1.029491
1 10  0.605031  0.960323
1 11  0.626458  1.035116
1 12  0.595300  0.987124
1 13  0.586545  0.757325
1 14  0.613753  1.128224
1 15  0.603902  1.180241
1 16  0.611059  0.986624
1 17  0.278194  0.618456
1 18  0.596854  0.873935
1 19  0.585776  0.824930
1 20  0.560816  0.764695
1 21  0.564032  0.714762
1 22  0.562209  0.712838
1 23  0.602080  1.158173
1 24  0.584178  0.827021
1 25  0.628167  0.964480
1 26  0.586595  0.760889
1 27  0.604834  1.039709
1 28  0.638046  1.044162
1 29  0.610846  1.132087
1 30  0.630333  1.051531
2 3  0.559821  0.779226
2 4  0.579444  0.754223
2 5  0.585427  0.715631
2 6  0.585392  0.713909
2 7  0.628742  0.829760
2 8  0.641525  0.945282
2 9  0.659690  1.020979
2 10  0.632878  0.957807
2 11  0.620531  0.971757
2 12  0.646104  1.062329
2 13  0.612807  0.767461
2 14  0.639003  1.171463
2 15  0.625452  1.171841
2 16  0.637152  0.997720
2 17  0.599721  0.859501
2 18  0.307008  0.618795
2 19  0.566932  0.794618
2 20  0.584886  0.769523
2 21  0.588149  0.717552
2 22  0.587739  0.716313
2 23  0.620743  1.157679
2 24  0.631207  0.850103
2 25  0.647227  0.961930
2 26  0.613122  0.764985
2 27  0.650266  1.045239
2 28  0.661563  1.048214
2 29  0.638814  1.132706
2 30  0.629771  1.047655
3 4  0.568722  0.716118
3 5  0.574702  0.676683
3 6  0.574667  0.674682
3 7  0.618041  0.791505
3 8  0.613433  0.874124
3 9  0.648204  0.983255
3 10  0.622283  0.923515
3 11  0.634203  0.993996
3 12  0.635221  1.013701
3 13  0.602083  0.728055
3 14  0.627163  1.121688
3 15  0.614646  1.152027
3 16  0.626577  0.958780
3 17  0.588877  0.820422
3 18  0.567047  0.804640
3 19  0.295790  0.530690
3 20  0.574208  0.730348
3 21  0.577432  0.678343
3 22  0.577011  0.677099
3 23  0.611530  1.118843
3 24  0.620539  0.810956
3 25  0.626182  0.922578
3 26  0.602402  0.725773
3 27  0.639294  1.006707
3 28  0.650474  1.009315
3 29  0.627547  1.096557
3 30  0.636369  1.007003
4 5  0.544275  0.614517
4 6  0.546371  0.616375
4 7  0.564316  0.714170
4 8  0.615435  0.866822
4 9  0.627518  0.945256
4 10  0.596798  0.870865
4 11  0.615561  0.941713
4 12  0.611388  0.967440
4 13  0.556358  0.652815
4 14  0.605088  1.072440
4 15  0.592741  1.091385
4 16  0.599727  0.903113
4 17  0.564063  0.763967
4 18  0.585563  0.782878
4 19  0.574658  0.733725
4 20  0.275181  0.426953
4 21  0.550049  0.621360
4 22  0.551635  0.621091
4 23  0.591655  1.070327
4 24  0.560662  0.723183
4 25  0.616965  0.873592
4 26  0.550841  0.647778
4 27  0.615353  0.951974
4 28  0.626461  0.955127
4 29  0.604731  1.042813
4 30  0.618932  0.961482
5 6  0.510859  0.538094
5 7  0.596094  0.695589
5 8  0.621426  0.827325
5 9  0.633701  0.907290
5 10  0.604349  0.835887
5 11  0.621567  0.904952
5 12  0.617713  0.931933
5 13  0.557244  0.610059
5 14  0.611304  1.040493
5 15  0.598855  1.060007
5 16  0.607740  0.865025
5 17  0.570569  0.726342
5 18  0.591632  0.743585
5 19  0.580686  0.694396
5 20  0.552438  0.633799
5 21  0.275559  0.308085
5 22  0.508186  0.534576
5 23  0.597778  1.031393
5 24  0.601535  0.716346
5 25  0.623087  0.834340
5 26  0.547690  0.597315
5 27  0.621397  0.913227
5 28  0.633019  0.916103
5 29  0.610664  1.003764
5 30  0.625098  0.922311
6 7  0.594340  0.691095
6 8  0.621390  0.825232
6 9  0.633672  0.905602
6 10  0.604387  0.834587
6 11  0.621530  0.903555
6 12  0.617657  0.929251
6 13  0.555552  0.606785
6 14  0.611277  1.038658
6 15  0.598821  1.059061
6 16  0.608262  0.863345
6 17  0.569183  0.723871
6 18  0.591616  0.741706
6 19  0.580656  0.692510
6 20  0.554797  0.633257
6 21  0.507703  0.533214
6 22  0.278347  0.307631
6 23  0.597805  1.029523
6 24  0.600439  0.713894
6 25  0.623076  0.832454
6 26  0.547408  0.594943
6 27  0.621228  0.911345
6 28  0.633111  0.914240
6 29  0.610609  1.001877
6 30  0.625109  0.920441
7 8  0.664444  0.936989
7 9  0.674826  1.005982
7 10  0.633402  0.918482
7 11  0.664575  1.015607
7 12  0.658156  1.039701
7 13  0.611554  0.739497
7 14  0.654283  1.156427
7 15  0.641597  1.174501
7 16  0.641778  0.979515
7 17  0.591906  0.824706
7 18  0.634974  0.860888
7 19  0.624079  0.811755
7 20  0.564926  0.722237
7 21  0.601825  0.701063
7 22  0.600093  0.699030
7 23  0.640169  1.147524
7 24  0.396973  0.641133
7 25  0.666449  0.951539
7 26  0.603504  0.726211
7 27  0.661780  1.027055
7 28  0.675558  1.033203
7 29  0.652469  1.118393
7 30  0.668265  1.039367
8 9  0.676639  1.086394
8 10  0.666030  1.055319
8 11  0.645092  1.122679
8 12  0.679437  1.148231
8 13  0.648809  0.878790
8 14  0.667085  1.257812
8 15  0.653479  1.300368
8 16  0.672875  1.108734
8 17  0.635564  0.970897
8 18  0.650914  0.981263
8 19  0.629790  0.932921
8 20  0.620850  0.881144
8 21  0.624153  0.829239
8 22  0.623743  0.827993
8 23  0.648859  1.247067
8 24  0.667236  0.961660
8 25  0.430594  0.913176
8 26  0.649098  0.876637
8 27  0.685637  1.156295
8 28  0.691544  1.158976
8 29  0.671622  1.242154
8 30  0.652773  1.134736
9 10  0.658031  1.080989
9 11  0.687538  1.187740
9 12  0.684432  1.228563
9 13  0.661112  0.960013
9 14  0.654099  1.348288
9 15  0.656910  1.364389
9 16  0.675308  1.187816
9 17  0.647596  1.049304
9 18  0.668279  1.068010
9 19  0.657059  1.019393
9 20  0.632687  0.961865
9 21  0.636415  0.910144
9 22  0.636083  0.908913
9 23  0.653556  1.325280
9 24  0.678657  1.042424
9 25  0.693783  1.157852
9 26  0.661322  0.957492
9 27  0.694293  1.228630
9 28  0.462035  1.074088
9 29  0.656236  1.293406
9 30  0.698306  1.242846
10 11  0.666736  1.131376
10 12  0.626752  1.159827
10 13  0.631683  0.889218
10 14  0.654483  1.290795
10 15  0.642448  1.296090
10 16  0.393039  0.964880
10 17  0.615905  0.972404
10 18  0.639689  0.998100
10 19  0.628847  0.949215
10 20  0.601640  0.890190
10 21  0.607021  0.839499
10 22  0.606998  0.838373
10 23  0.641851  1.276881
10 24  0.641710  0.969910
10 25  0.670849  1.088339
10 26  0.631781  0.886413
10 27  0.634845  1.128064
10 28  0.671697  1.168675
10 29  0.651745  1.234921
10 30  0.672422  1.175289
11 12  0.680687  1.249348
11 13  0.648951  0.956901
11 14  0.671472  1.349007
11 15  0.641980  1.288943
11 16  0.672482  1.185828
11 17  0.635809  1.048124
11 18  0.631511  1.058291
11 19  0.638135  1.006316
11 20  0.620901  0.959166
11 21  0.624270  0.907339
11 22  0.623886  0.906105
11 23  0.639020  1.331480
11 24  0.667140  1.039581
11 25  0.651141  1.125571
11 26  0.649243  0.954756
11 27  0.685935  1.230334
11 28  0.694561  1.234646
11 29  0.672055  1.308360
11 30  0.437121  1.091234
12 13  0.644894  0.977586
12 14  0.646393  1.262301
12 15  0.657638  1.379854
12 16  0.636655  1.172171
12 17  0.608856  1.070751
12 18  0.652765  1.091056
12 19  0.641532  1.042858
12 20  0.617219  0.984153
12 21  0.620399  0.933455
12 22  0.619767  0.932198
12 23  0.654711  1.360804
12 24  0.659745  1.060644
12 25  0.683594  1.181432
12 26  0.645161  0.980824
12 27  0.415036  1.119548
12 28  0.690473  1.254995
12 29  0.650339  1.338985
12 30  0.685851  1.264601
13 14  0.638655  1.086215
13 15  0.626248  1.109093
13 16  0.635358  0.916314
13 17  0.594826  0.776423
13 18  0.619002  0.795115
13 19  0.608045  0.745920
13 20  0.554362  0.661767
13 21  0.549994  0.601144
13 22  0.549021  0.599648
13 23  0.625266  1.082863
13 24  0.606362  0.746784
13 25  0.650435  0.885836
13 26  0.380272  0.473041
13 27  0.648381  0.964712
13 28  0.660409  0.967561
13 29  0.638066  1.055222
13 30  0.652486  0.973822
14 15  0.633184  1.394583
14 16  0.655810  1.295290
14 17  0.620208  1.181560
14 18  0.645486  1.196429
14 19  0.634061  1.150844
14 20  0.610744  1.093777
14 21  0.613959  1.042272
14 22  0.613547  1.041031
14 23  0.627577  1.463317
14 24  0.655446  1.171324
14 25  0.674175  1.285560
14 26  0.639017  1.089617
14 27  0.654382  1.356439
14 28  0.656340  1.338755
14 29  0.451397  1.332891
14 30  0.676054  1.361214
15 16  0.646683  1.333424
15 17  0.611971  1.200142
15 18  0.627714  1.214060
15 19  0.618537  1.164514
15 20  0.598107  1.113977
15 21  0.601522  1.062523
15 22  0.601169  1.061286
15 23  0.443440  1.386256
15 24  0.643595  1.193597
15 25  0.651261  1.280224
15 26  0.626576  1.109879
15 27  0.659121  1.371615
15 28  0.653733  1.359341
15 29  0.627968  1.455952
15 30  0.643276  1.377536
16 17  0.617734  0.999679
16 18  0.642672  1.007480
16 19  0.631820  0.966882
16 20  0.605360  0.906727
16 21  0.610912  0.864977
16 22  0.610547  0.864542
16 23  0.644590  1.284112
16 24  0.638986  0.955000
16 25  0.670964  1.086053
16 26  0.635491  0.913073
16 27  0.631918  1.167601
16 28  0.660134  1.106963
16 29  0.657795  1.281649
16 30  0.673661  1.165776
17 18  0.605863  0.886254
17 19  0.594864  0.832314
17 20  0.567668  0.777698
17 21  0.573221  0.728061
17 22  0.572308  0.725367
17 23  0.611904  1.166495
17 24  0.590766  0.837284
17 25  0.636757  0.965940
17 26  0.595944  0.769211
17 27  0.605455  0.980231
17 28  0.645571  1.047829
17 29  0.621766  1.106815
17 30  0.639048  1.064390
18 19  0.569864  0.821830
18 20  0.591178  0.794960
18 21  0.594382  0.744836
18 22  0.593962  0.743794
18 23  0.630182  1.164533
18 24  0.637397  0.872372
18 25  0.649508  0.976287
18 26  0.619371  0.792331
18 27  0.655951  1.070708
18 28  0.665106  1.051091
18 29  0.644467  1.161844
18 30  0.628699  1.005316
19 20  0.580223  0.747867
19 21  0.583422  0.695871
19 22  0.583002  0.694515
19 23  0.619418  1.140388
19 24  0.626460  0.825248
19 25  0.618991  0.892958
19 26  0.608411  0.743322
19 27  0.644770  1.011305
19 28  0.653082  1.005029
19 29  0.632223  1.101347
19 30  0.643630  1.026424
20 21  0.551883  0.629643
20 22  0.552766  0.631528
20 23  0.597220  1.074654
20 24  0.570969  0.740158
20 25  0.622609  0.887100
20 26  0.561202  0.663739
20 27  0.620559  0.964870
20 28  0.632296  0.964275
20 29  0.610029  1.051221
20 30  0.624628  0.970389
21 22  0.515329  0.541398
21 23  0.600599  1.032265
21 24  0.600468  0.713316
21 25  0.625835  0.835589
21 26  0.559817  0.608180
21 27  0.624148  0.914841
21 28  0.635847  0.916615
21 29  0.613465  1.005228
21 30  0.627876  0.923213
22 23  0.600184  1.031761
22 24  0.598702  0.709933
22 25  0.625414  0.834181
22 26  0.558158  0.606186
22 27  0.623698  0.912680
22 28  0.635434  0.915645
22 29  0.613054  1.003783
22 30  0.627455  0.922471
23 24  0.642978  1.158862
23 25  0.654457  1.278021
23 26  0.625590  1.076657
23 27  0.659849  1.339606
23 28  0.654565  1.337752
23 29  0.633072  1.346602
23 30  0.645210  1.271095
24 25  0.668500  0.958858
24 26  0.615467  0.756336
24 27  0.664231  1.037682
24 28  0.676466  1.025756
24 29  0.656203  1.136780
24 30  0.670549  1.045724
25 26  0.650828  0.883266
25 27  0.684575  1.135342
25 28  0.676420  1.095122
25 29  0.667794  1.227830
25 30  0.648215  1.140094
26 27  0.648966  0.958474
26 28  0.660843  0.964900
26 29  0.638407  1.047911
26 30  0.652869  0.970405
27 28  0.687667  1.215256
27 29  0.650273  1.221355
27 30  0.687744  1.246949
28 29  0.652134  1.318168
28 30  0.690385  1.204373
29 30  0.674037  1.329654
