  -1146.50715666
  -1146.88109772    -1146.76873962
0.00004354689673
2 2 2 2 2 2 2 2 2 2 2 2 2 2 2 0 0 0 0 0 0 0 0 0 0 0 0 0 0 0 
1  0.286059  0.430522
2  0.308546  0.426797
3  0.298493  0.388689
4  0.273616  0.340251
5  0.278916  0.294548
6  0.278811  0.291830
7  0.324204  0.416959
8  0.347174  0.537932
9  0.360576  0.619617
10  0.330866  0.553433
11  0.346740  0.613584
12  0.342900  0.644423
13  0.306544  0.349182
14  0.336548  0.748008
15  0.323550  0.764475
16  0.334469  0.579783
17  0.295205  0.443157
18  0.314964  0.454142
19  0.304466  0.406435
20  0.279142  0.354617
21  0.281630  0.295664
22  0.281171  0.293933
23  0.322456  0.736006
24  0.326582  0.433075
25  0.348833  0.544449
26  0.306799  0.346317
27  0.346735  0.625320
28  0.360044  0.626663
29  0.335857  0.711801
30  0.350163  0.630095
1 2  0.594518  0.856428
1 3  0.584434  0.813893
1 4  0.557826  0.766776
1 5  0.564763  0.724958
1 6  0.564182  0.721025
1 7  0.587063  0.826446
1 8  0.632613  0.957230
1 9  0.644802  1.040196
1 10  0.611887  0.975600
1 11  0.632410  1.042608
1 12  0.600546  0.996783
1 13  0.589985  0.771093
1 14  0.619655  1.134242
1 15  0.609387  1.183227
1 16  0.617894  1.000943
1 17  0.283164  0.635866
1 18  0.600997  0.884202
1 19  0.590345  0.836730
1 20  0.564725  0.782515
1 21  0.567233  0.725764
1 22  0.565331  0.723383
1 23  0.607437  1.162438
1 24  0.589205  0.843000
1 25  0.634681  0.974341
1 26  0.589973  0.775210
1 27  0.610749  1.051544
1 28  0.645733  1.054368
1 29  0.616670  1.139830
1 30  0.636169  1.058928
2 3  0.563138  0.784753
2 4  0.582155  0.765698
2 5  0.587461  0.720887
2 6  0.587355  0.718381
2 7  0.632658  0.839654
2 8  0.646765  0.949129
2 9  0.665979  1.025392
2 10  0.638572  0.966165
2 11  0.625164  0.973280
2 12  0.650839  1.068285
2 13  0.615088  0.775886
2 14  0.643770  1.172343
2 15  0.629784  1.169326
2 16  0.642773  1.005869
2 17  0.603738  0.869578
2 18  0.309921  0.622071
2 19  0.570454  0.800986
2 20  0.587572  0.781300
2 21  0.590162  0.722452
2 22  0.589717  0.720727
2 23  0.624879  1.155987
2 24  0.635057  0.859711
2 25  0.652606  0.965924
2 26  0.615297  0.773083
2 27  0.655197  1.050815
2 28  0.668047  1.052411
2 29  0.643531  1.134305
2 30  0.634468  1.048941
3 4  0.572105  0.728886
3 5  0.577408  0.683138
3 6  0.577302  0.680266
3 7  0.622627  0.802706
3 8  0.618934  0.878445
3 9  0.655056  0.988869
3 10  0.628619  0.933495
3 11  0.639554  0.996658
3 12  0.640574  1.020352
3 13  0.605037  0.737528
3 14  0.632509  1.123158
3 15  0.619592  1.150080
3 16  0.632907  0.968008
3 17  0.593534  0.831642
3 18  0.570848  0.810580
3 19  0.299645  0.536369
3 20  0.577593  0.743228
3 21  0.580121  0.684349
3 22  0.579661  0.682618
3 23  0.616441  1.118229
3 24  0.625072  0.821673
3 25  0.632129  0.927243
3 26  0.605262  0.734974
3 27  0.644825  1.013494
3 28  0.657598  1.014551
3 29  0.632873  1.099285
3 30  0.641724  1.009783
4 5  0.546204  0.626640
4 6  0.548250  0.628067
4 7  0.568170  0.731585
4 8  0.620762  0.877909
4 9  0.633879  0.956793
4 10  0.602465  0.886388
4 11  0.620307  0.949799
4 12  0.616120  0.980194
4 13  0.558587  0.668197
4 14  0.609899  1.079488
4 15  0.596984  1.094353
4 16  0.605315  0.918434
4 17  0.568031  0.781218
4 18  0.588438  0.794278
4 19  0.578004  0.746614
4 20  0.277486  0.447642
4 21  0.551998  0.633575
4 22  0.553562  0.632709
4 23  0.595774  1.075652
4 24  0.564542  0.740108
4 25  0.622231  0.884524
4 26  0.553004  0.663628
4 27  0.620239  0.964791
4 28  0.632868  0.966441
4 29  0.609422  1.051587
4 30  0.623501  0.970074
5 6  0.512138  0.544107
5 7  0.599225  0.706532
5 8  0.626079  0.832086
5 9  0.639408  0.912642
5 10  0.609395  0.845445
5 11  0.625644  0.907054
5 12  0.621782  0.938945
5 13  0.558867  0.619599
5 14  0.615447  1.042147
5 15  0.602436  1.057666
5 16  0.612597  0.874064
5 17  0.573869  0.737321
5 18  0.593851  0.748678
5 19  0.583373  0.700978
5 20  0.554412  0.646593
5 21  0.276821  0.314951
5 22  0.509537  0.540414
5 23  0.601236  1.030473
5 24  0.604654  0.726832
5 25  0.627713  0.838985
5 26  0.549221  0.606741
5 27  0.625615  0.919789
5 28  0.638809  0.921173
5 29  0.614686  1.006274
5 30  0.629006  0.924611
6 7  0.597383  0.701086
6 8  0.625971  0.829090
6 9  0.639304  0.910149
6 10  0.609358  0.843467
6 11  0.625535  0.904977
6 12  0.621656  0.935335
6 13  0.557039  0.615668
6 14  0.615349  1.039584
6 15  0.602328  1.056209
6 16  0.613135  0.871564
6 17  0.572374  0.734060
6 18  0.593772  0.745968
6 19  0.583276  0.698261
6 20  0.556713  0.645103
6 21  0.509004  0.538706
6 22  0.279559  0.312827
6 23  0.601204  1.027780
6 24  0.603514  0.723611
6 25  0.627643  0.836267
6 26  0.548839  0.603441
6 27  0.625347  0.917084
6 28  0.638830  0.918481
6 29  0.614551  1.003560
6 30  0.628961  0.921911
7 8  0.670933  0.946168
7 9  0.682281  1.015350
7 10  0.639849  0.931416
7 11  0.670484  1.022138
7 12  0.664013  1.051481
7 13  0.614983  0.753897
7 14  0.660304  1.163139
7 15  0.647017  1.177005
7 16  0.648537  0.993573
7 17  0.597077  0.840810
7 18  0.639085  0.870943
7 19  0.628667  0.823300
7 20  0.568849  0.739946
7 21  0.605007  0.711808
7 22  0.603242  0.709344
7 23  0.645504  1.151528
7 24  0.401680  0.659494
7 25  0.672980  0.961145
7 26  0.606892  0.740033
7 27  0.667854  1.038529
7 28  0.683166  1.043238
7 29  0.658359  1.125724
7 30  0.674062  1.046621
8 9  0.684742  1.089999
8 10  0.674065  1.063395
8 11  0.652088  1.123508
8 12  0.686577  1.153446
8 13  0.653712  0.886593
8 14  0.674241  1.258189
8 15  0.660396  1.297038
8 16  0.681112  1.116399
8 17  0.642177  0.980453
8 18  0.656470  0.985224
8 19  0.635673  0.937819
8 20  0.626180  0.892345
8 21  0.628792  0.833587
8 22  0.628342  0.831855
8 23  0.655744  1.245401
8 24  0.673721  0.970723
8 25  0.438123  0.915078
8 26  0.653905  0.884175
8 27  0.693107  1.161464
8 28  0.700393  1.162548
8 29  0.678906  1.243219
8 30  0.659981  1.136615
9 10  0.666124  1.088436
9 11  0.695519  1.189237
9 12  0.692684  1.235028
9 13  0.667076  0.968627
9 14  0.662589  1.349758
9 15  0.664782  1.361855
9 16  0.684175  1.196046
9 17  0.655285  1.059584
9 18  0.674890  1.072466
9 19  0.664097  1.025238
9 20  0.639059  0.973806
9 21  0.642117  0.915257
9 22  0.641745  0.913540
9 23  0.661389  1.324712
9 24  0.686176  1.052259
9 25  0.702566  1.161781
9 26  0.667187  0.965777
9 27  0.702839  1.234963
9 28  0.471241  1.077911
9 29  0.664709  1.295990
9 30  0.706553  1.244707
10 11  0.674268  1.136340
10 12  0.634473  1.170971
10 13  0.636967  0.902145
10 14  0.662351  1.296333
10 15  0.649576  1.296908
10 16  0.401263  0.978114
10 17  0.622929  0.987143
10 18  0.645622  1.006858
10 19  0.635273  0.959435
10 20  0.607372  0.906497
10 21  0.612038  0.848947
10 22  0.612001  0.847339
10 23  0.649043  1.279724
10 24  0.648502  0.984103
10 25  0.679177  1.096712
10 26  0.636986  0.898997
10 27  0.642923  1.138796
10 28  0.680800  1.177346
10 29  0.659578  1.241406
10 30  0.680004  1.181295
11 12  0.687335  1.252348
11 13  0.653280  0.962234
11 14  0.678204  1.347344
11 15  0.647932  1.284353
11 16  0.680093  1.191001
11 17  0.641874  1.055122
11 18  0.636527  1.059385
11 19  0.643635  1.009377
11 20  0.625628  0.967912
11 21  0.628329  0.909224
11 22  0.627910  0.907505
11 23  0.645050  1.326973
11 24  0.673041  1.046163
11 25  0.658381  1.127310
11 26  0.653459  0.959836
11 27  0.692888  1.232880
11 28  0.703045  1.235993
11 29  0.678802  1.307446
11 30  0.443626  1.089014
12 13  0.649214  0.986912
12 14  0.652751  1.264982
12 15  0.663936  1.379152
12 16  0.644484  1.182718
12 17  0.614729  1.082531
12 18  0.657748  1.096831
12 19  0.646907  1.050198
12 20  0.621982  0.997498
12 21  0.624452  0.940011
12 22  0.623758  0.938269
12 23  0.660882  1.361112
12 24  0.665606  1.071945
12 25  0.690920  1.186894
12 26  0.649396  0.990582
12 27  0.422024  1.127892
12 28  0.698981  1.261169
12 29  0.656903  1.342359
12 30  0.692509  1.267655
13 14  0.643045  1.090190
13 15  0.630078  1.109583
13 16  0.640535  0.928387
13 17  0.598325  0.790617
13 18  0.621463  0.803288
13 19  0.610966  0.755585
13 20  0.556637  0.677944
13 21  0.551567  0.610380
13 22  0.550525  0.608419
13 23  0.628988  1.085013
13 24  0.609747  0.760253
13 25  0.655289  0.893560
13 26  0.382049  0.487301
13 27  0.652855  0.974377
13 28  0.666425  0.975689
13 29  0.642331  1.060799
13 30  0.656646  0.979198
14 15  0.639234  1.390226
14 16  0.663670  1.300464
14 17  0.626250  1.188129
14 18  0.650514  1.196958
14 19  0.639493  1.152942
14 20  0.615562  1.101907
14 21  0.618079  1.043592
14 22  0.617614  1.041867
14 23  0.633592  1.458797
14 24  0.661409  1.177264
14 25  0.681580  1.285760
14 26  0.643320  1.094110
14 27  0.661255  1.358754
14 28  0.664948  1.340161
14 29  0.457572  1.331948
14 30  0.682747  1.359518
15 16  0.653854  1.334328
15 17  0.617457  1.202923
15 18  0.632158  1.211029
15 19  0.623514  1.162990
15 20  0.602359  1.118317
15 21  0.605084  1.060060
15 22  0.604690  1.058342
15 23  0.448955  1.377926
15 24  0.648958  1.195820
15 25  0.658212  1.277493
15 26  0.630316  1.110595
15 27  0.665510  1.370581
15 28  0.661800  1.357373
15 29  0.634013  1.451237
15 30  0.649181  1.371891
16 17  0.624539  1.013641
16 18  0.648435  1.014791
16 19  0.638042  0.976074
16 20  0.610907  0.921213
16 21  0.615827  0.873340
16 22  0.615419  0.872531
16 23  0.651496  1.285261
16 24  0.645353  0.966632
16 25  0.678876  1.093221
16 26  0.640563  0.924719
16 27  0.639637  1.177339
16 28  0.668190  1.113225
16 29  0.665408  1.286975
16 30  0.680992  1.170038
17 18  0.610060  0.896022
17 19  0.599513  0.843224
17 20  0.571629  0.794885
17 21  0.576487  0.738629
17 22  0.575519  0.735292
17 23  0.617352  1.170204
17 24  0.595727  0.852371
17 25  0.643286  0.974878
17 26  0.599397  0.782297
17 27  0.610883  0.989296
17 28  0.653264  1.057579
17 29  0.627617  1.113156
17 30  0.644907  1.071371
18 19  0.573344  0.827236
18 20  0.594090  0.806189
18 21  0.596592  0.749403
18 22  0.596133  0.747916
18 23  0.634561  1.163010
18 24  0.641424  0.881242
18 25  0.654852  0.979799
18 26  0.621761  0.800136
18 27  0.661001  1.075942
18 28  0.671680  1.054928
18 29  0.649351  1.163231
18 30  0.633290  1.006603
19 20  0.583600  0.760876
19 21  0.586095  0.701997
19 22  0.585635  0.700112
19 23  0.624251  1.139688
19 24  0.630953  0.835808
19 25  0.624467  0.897111
19 26  0.611264  0.752606
19 27  0.650249  1.017562
19 28  0.660027  1.010235
19 29  0.637529  1.103666
19 30  0.648811  1.029181
20 21  0.553824  0.641478
20 22  0.554659  0.643241
20 23  0.601365  1.078890
20 24  0.574724  0.756723
20 25  0.627922  0.898125
20 26  0.563349  0.678927
20 27  0.625451  0.977557
20 28  0.638738  0.975327
20 29  0.614716  1.059344
20 30  0.629222  0.978411
21 22  0.516609  0.546870
21 23  0.604057  1.030688
21 24  0.603521  0.723133
21 25  0.630453  0.839758
21 26  0.561308  0.616894
21 27  0.628345  0.920968
21 28  0.641610  0.921107
21 29  0.617471  1.007218
21 30  0.631781  0.924903
22 23  0.603601  1.029907
22 24  0.601695  0.719158
22 25  0.629992  0.837796
22 26  0.559581  0.614548
22 27  0.627853  0.918190
22 28  0.641157  0.919659
22 29  0.617021  1.005310
22 30  0.631320  0.923790
23 24  0.648221  1.161794
23 25  0.661308  1.275639
23 26  0.629228  1.077918
23 27  0.666186  1.339430
23 28  0.662360  1.335895
23 29  0.638982  1.343529
23 30  0.650961  1.267673
24 25  0.674871  0.967165
24 26  0.618790  0.769710
24 27  0.670183  1.048252
24 28  0.683934  1.034037
24 29  0.662037  1.143472
24 30  0.676212  1.051475
25 26  0.655629  0.890617
25 27  0.691814  1.139881
25 28  0.684567  1.098226
25 29  0.674943  1.228595
25 30  0.655018  1.140804
26 27  0.653349  0.967236
26 28  0.666785  0.972669
26 29  0.642586  1.052404
26 30  0.656958  0.975323
27 28  0.696090  1.220743
27 29  0.656595  1.224055
27 30  0.694378  1.249459
28 29  0.660509  1.319770
28 30  0.698338  1.205635
29 30  0.680461  1.328655
