  -1146.50715666
  -1146.88186335    -1146.77050062
0.00001069662212
2 2 2 2 2 2 2 2 2 2 2 2 2 2 2 0 0 0 0 0 0 0 0 0 0 0 0 0 0 0 
1  0.288443  0.438511
2  0.309568  0.428956
3  0.299958  0.391998
4  0.274550  0.350410
5  0.279438  0.298108
6  0.279308  0.294260
7  0.326288  0.425529
8  0.350059  0.539142
9  0.364353  0.621122
10  0.334304  0.560357
11  0.349028  0.611867
12  0.345787  0.649226
13  0.307292  0.355866
14  0.339048  0.746675
15  0.325709  0.758920
16  0.337960  0.586454
17  0.297638  0.450651
18  0.316019  0.456442
19  0.305993  0.409489
20  0.280098  0.365230
21  0.282098  0.298904
22  0.281648  0.296276
23  0.324670  0.731590
24  0.328613  0.441620
25  0.351613  0.545263
26  0.307535  0.352699
27  0.349563  0.628870
28  0.363880  0.627880
29  0.338257  0.710626
30  0.352447  0.628439
1 2  0.597908  0.866459
1 3  0.588243  0.824624
1 4  0.561134  0.784444
1 5  0.567655  0.736481
1 6  0.567034  0.731331
1 7  0.591376  0.842747
1 8  0.637795  0.965819
1 9  0.650907  1.049445
1 10  0.617581  0.990426
1 11  0.637021  1.048777
1 12  0.605093  1.006800
1 13  0.593086  0.784884
1 14  0.624428  1.140123
1 15  0.613916  1.185607
1 16  0.623743  1.015677
1 17  0.287433  0.652973
1 18  0.604432  0.894414
1 19  0.594203  0.847766
1 20  0.568057  0.801005
1 21  0.570089  0.736966
1 22  0.568154  0.733714
1 23  0.612001  1.166016
1 24  0.593616  0.859675
1 25  0.639800  0.983139
1 26  0.593100  0.789659
1 27  0.615785  1.063085
1 28  0.651940  1.063618
1 29  0.621391  1.146603
1 30  0.640830  1.065135
2 3  0.565446  0.790063
2 4  0.584108  0.777781
2 5  0.589003  0.726484
2 6  0.588871  0.722895
2 7  0.635744  0.849848
2 8  0.650553  0.952359
2 9  0.670740  1.028994
2 10  0.642944  0.974595
2 11  0.628421  0.973924
2 12  0.654670  1.075020
2 13  0.616858  0.784715
2 14  0.647279  1.173200
2 15  0.633005  1.166464
2 16  0.647229  1.014732
2 17  0.607189  0.879172
2 18  0.312036  0.625251
2 19  0.573043  0.806992
2 20  0.589512  0.794062
2 21  0.591650  0.727851
2 22  0.591215  0.725228
2 23  0.628087  1.153898
2 24  0.638091  0.870410
2 25  0.656413  0.969197
2 26  0.617042  0.781621
2 27  0.659038  1.056420
2 28  0.672886  1.055837
2 29  0.646935  1.135303
2 30  0.637736  1.049347
3 4  0.574503  0.742338
3 5  0.579393  0.690003
3 6  0.579263  0.685945
3 7  0.626158  0.814270
3 8  0.622998  0.882401
3 9  0.660170  0.993620
3 10  0.633446  0.943471
3 11  0.643222  0.998298
3 12  0.644802  1.027636
3 13  0.607249  0.747416
3 14  0.636368  1.124609
3 15  0.623182  1.147706
3 16  0.637859  0.977962
3 17  0.597375  0.842441
3 18  0.573408  0.816977
3 19  0.302547  0.541570
3 20  0.579996  0.757133
3 21  0.582053  0.690897
3 22  0.581599  0.688270
3 23  0.620112  1.117273
3 24  0.628565  0.833520
3 25  0.636334  0.931237
3 26  0.607437  0.744664
3 27  0.649060  1.020366
3 28  0.662884  1.019036
3 29  0.636646  1.101433
3 30  0.645487  1.011782
4 5  0.547630  0.639830
4 6  0.549657  0.640593
4 7  0.571227  0.750297
4 8  0.624573  0.889238
4 9  0.638561  0.968102
4 10  0.606810  0.902726
4 11  0.623523  0.957618
4 12  0.619927  0.994560
4 13  0.560253  0.684687
4 14  0.613310  1.087207
4 15  0.600054  1.097584
4 16  0.609721  0.935221
4 17  0.571390  0.798769
4 18  0.590369  0.806721
4 19  0.580436  0.759810
4 20  0.279139  0.470308
4 21  0.553380  0.647075
4 22  0.554963  0.645188
4 23  0.598883  1.081298
4 24  0.567598  0.759018
4 25  0.625908  0.895449
4 26  0.554680  0.680710
4 27  0.623996  0.978422
4 28  0.637615  0.977720
4 29  0.612750  1.060500
4 30  0.626655  0.978542
5 6  0.513186  0.550737
5 7  0.601784  0.718366
5 8  0.629479  0.836815
5 9  0.643693  0.917480
5 10  0.613345  0.855567
5 11  0.628449  0.908616
5 12  0.625184  0.947289
5 13  0.560180  0.630014
5 14  0.618468  1.044221
5 15  0.605113  1.055286
5 16  0.616553  0.884289
5 17  0.576824  0.748326
5 18  0.595417  0.754535
5 19  0.585417  0.707590
5 20  0.555872  0.660879
5 21  0.277841  0.322901
5 22  0.510590  0.546901
5 23  0.603954  1.029602
5 24  0.607191  0.738892
5 25  0.631010  0.843356
5 26  0.550480  0.617185
5 27  0.628969  0.926881
5 28  0.643133  0.925940
5 29  0.617609  1.008646
5 30  0.631792  0.926508
6 7  0.599889  0.711671
6 8  0.629346  0.832591
6 9  0.643567  0.913864
6 10  0.613279  0.852589
6 11  0.628312  0.905565
6 12  0.625033  0.942452
6 13  0.558277  0.625223
6 14  0.618346  1.040654
6 15  0.604976  1.053050
6 16  0.617122  0.880670
6 17  0.575265  0.743978
6 18  0.595323  0.750697
6 19  0.585299  0.703744
6 20  0.558157  0.658131
6 21  0.510024  0.544969
6 22  0.280565  0.318392
6 23  0.603899  1.025788
6 24  0.606037  0.734620
6 25  0.630920  0.839512
6 26  0.550070  0.612645
6 27  0.628653  0.923055
6 28  0.643162  0.922126
6 29  0.617430  1.004806
6 30  0.631739  0.922682
7 8  0.675825  0.955290
7 9  0.687995  1.024217
7 10  0.644954  0.944823
7 11  0.674793  1.028130
7 12  0.668895  1.064469
7 13  0.617790  0.769295
7 14  0.664868  1.170301
7 15  0.651199  1.179607
7 16  0.654030  1.008860
7 17  0.601577  0.856902
7 18  0.642200  0.881805
7 19  0.632278  0.834919
7 20  0.571943  0.759304
7 21  0.607549  0.723569
7 22  0.605801  0.720286
7 23  0.649753  1.155613
7 24  0.405655  0.679707
7 25  0.677850  0.970532
7 26  0.609717  0.754863
7 27  0.672732  1.050604
7 28  0.689073  1.053038
7 29  0.662826  1.132931
7 30  0.678391  1.053516
8 9  0.690726  1.092333
8 10  0.680146  1.071134
8 11  0.656918  1.122874
8 12  0.692175  1.158984
8 13  0.657345  0.894367
8 14  0.679460  1.258072
8 15  0.665426  1.292838
8 16  0.687456  1.124321
8 17  0.647449  0.989160
8 18  0.660414  0.989108
8 19  0.640017  0.941926
8 20  0.629997  0.904113
8 21  0.632143  0.838034
8 22  0.631700  0.835407
8 23  0.660848  1.242982
8 24  0.678639  0.980475
8 25  0.443534  0.915721
8 26  0.657498  0.891756
8 27  0.698774  1.166294
8 28  0.706925  1.164966
8 29  0.684178  1.243322
8 30  0.665053  1.137193
9 10  0.672199  1.095024
9 11  0.701324  1.189074
9 12  0.699105  1.241337
9 13  0.671598  0.976771
9 14  0.668804  1.350297
9 15  0.670637  1.358032
9 16  0.690988  1.204179
9 17  0.661475  1.068679
9 18  0.679702  1.076325
9 19  0.669383  1.029764
9 20  0.643780  0.985834
9 21  0.646330  0.919995
9 22  0.645999  0.917384
9 23  0.667371  1.322722
9 24  0.691977  1.062312
9 25  0.708916  1.164078
9 26  0.671666  0.973619
9 27  0.709398  1.240442
9 28  0.478261  1.080112
9 29  0.670969  1.297130
9 30  0.712584  1.244810
10 11  0.679808  1.140730
10 12  0.640665  1.182829
10 13  0.641136  0.915670
10 14  0.668239  1.301972
10 15  0.654986  1.297666
10 16  0.407751  0.992282
10 17  0.628777  1.001657
10 18  0.650065  1.016112
10 19  0.640234  0.969404
10 20  0.611751  0.923990
10 21  0.615913  0.859107
10 22  0.615917  0.856599
10 23  0.654683  1.282339
10 24  0.653873  0.999564
10 25  0.685370  1.104522
10 26  0.641128  0.912221
10 27  0.649289  1.149751
10 28  0.687639  1.185460
10 29  0.665440  1.247409
10 30  0.685696  1.186641
11 12  0.692317  1.255299
11 13  0.656316  0.967110
11 14  0.682831  1.344840
11 15  0.652201  1.278851
11 16  0.685830  1.196040
11 17  0.646583  1.060777
11 18  0.639856  1.059897
11 19  0.647454  1.011196
11 20  0.628824  0.976778
11 21  0.631080  0.910744
11 22  0.630675  0.908128
11 23  0.649467  1.321144
11 24  0.677328  1.052974
11 25  0.663355  1.127444
11 26  0.656473  0.964491
11 27  0.697981  1.234716
11 28  0.709119  1.235751
11 29  0.683460  1.305115
11 30  0.448197  1.084997
12 13  0.652846  0.997514
12 14  0.657672  1.268362
12 15  0.668951  1.378972
12 16  0.650942  1.194837
12 17  0.619872  1.094805
12 18  0.661682  1.103780
12 19  0.651269  1.058069
12 20  0.625822  1.012800
12 21  0.627807  0.948037
12 22  0.627093  0.945400
12 23  0.665923  1.362032
12 24  0.670484  1.085321
12 25  0.696545  1.192581
12 26  0.653004  1.001754
12 27  0.427809  1.137556
12 28  0.705659  1.267566
12 29  0.662022  1.345989
12 30  0.697661  1.270778
13 14  0.646291  1.094567
13 15  0.632984  1.110082
13 16  0.644751  0.941665
13 17  0.601505  0.804873
13 18  0.623249  0.812267
13 19  0.613211  0.765320
13 20  0.558347  0.695718
13 21  0.552794  0.620726
13 22  0.551762  0.617838
13 23  0.631954  1.087249
13 24  0.612541  0.775437
13 25  0.658793  0.901050
13 26  0.383580  0.502877
13 27  0.656422  0.984605
13 28  0.670967  0.983545
13 29  0.645474  1.066271
13 30  0.659668  0.984211
14 15  0.643631  1.385398
14 16  0.669678  1.306286
14 17  0.631140  1.194294
14 18  0.654043  1.197906
14 19  0.643443  1.154670
14 20  0.619008  1.111087
14 21  0.621040  1.045485
14 22  0.620580  1.042865
14 23  0.637922  1.453882
14 24  0.665913  1.184296
14 25  0.686871  1.285315
14 26  0.646552  1.099112
14 27  0.666431  1.361070
14 28  0.671267  1.340868
14 29  0.462330  1.330507
14 30  0.687517  1.357177
15 16  0.659503  1.335600
15 17  0.622004  1.204896
15 18  0.635332  1.208048
15 19  0.627202  1.160698
15 20  0.605422  1.123256
15 21  0.607696  1.057732
15 22  0.607320  1.055122
15 23  0.453294  1.368606
15 24  0.653102  1.198728
15 25  0.663136  1.273683
15 26  0.633212  1.111383
15 27  0.670432  1.369130
15 28  0.667775  1.354212
15 29  0.638278  1.445340
15 30  0.653493  1.365035
16 17  0.630348  1.027720
16 18  0.652905  1.022975
16 19  0.642969  0.985537
16 20  0.615320  0.937408
16 21  0.619786  0.882989
16 22  0.619379  0.881386
16 23  0.657014  1.286758
16 24  0.650514  0.979724
16 25  0.684890  1.100371
16 26  0.644759  0.937590
16 27  0.645795  1.187654
16 28  0.674295  1.119184
16 29  0.671248  1.292461
16 30  0.686546  1.174215
17 18  0.613527  0.905673
17 19  0.603431  0.853181
17 20  0.574989  0.812726
17 21  0.579373  0.749348
17 22  0.578399  0.744969
17 23  0.621986  1.173331
17 24  0.599987  0.868034
17 25  0.648423  0.982569
17 26  0.602553  0.795468
17 27  0.615484  0.998077
17 28  0.659460  1.066061
17 29  0.632304  1.118928
17 30  0.649551  1.077075
18 19  0.575744  0.832378
18 20  0.596098  0.818689
18 21  0.598114  0.754834
18 22  0.597663  0.752505
18 23  0.637874  1.161371
18 24  0.644494  0.891434
18 25  0.658582  0.982793
18 26  0.623551  0.808769
18 27  0.664809  1.081582
18 28  0.676523  1.058384
18 29  0.652807  1.164408
18 30  0.636553  1.007368
19 20  0.586082  0.774531
19 21  0.588089  0.708285
19 22  0.587638  0.705439
19 23  0.627976  1.138286
19 24  0.634495  0.847037
19 25  0.628459  0.900451
19 26  0.613528  0.761983
19 27  0.654471  1.023436
19 28  0.665259  1.014456
19 29  0.641330  1.105217
19 30  0.652532  1.030600
20 21  0.555221  0.654816
20 22  0.556071  0.656169
20 23  0.604505  1.083599
20 24  0.577714  0.775516
20 25  0.631647  0.909467
20 26  0.565028  0.695598
20 27  0.629228  0.991354
20 28  0.643493  0.986631
20 29  0.618050  1.067841
20 30  0.632451  0.986503
21 22  0.517594  0.553122
21 23  0.606739  1.029212
21 24  0.605966  0.734640
21 25  0.633696  0.843774
21 26  0.562545  0.626640
21 27  0.631636  0.927753
21 28  0.645903  0.925384
21 29  0.620340  1.009165
21 30  0.634530  0.926263
22 23  0.606286  1.027825
22 24  0.604131  0.729669
22 25  0.633244  0.840817
22 26  0.560779  0.623659
22 27  0.631150  0.923949
22 28  0.645461  0.923043
22 29  0.619898  1.006429
22 30  0.634075  0.924402
23 24  0.652393  1.165395
23 25  0.666304  1.272211
23 26  0.632176  1.079234
23 27  0.671149  1.339120
23 28  0.668305  1.332851
23 29  0.643354  1.339475
23 30  0.655310  1.263271
24 25  0.679623  0.975818
24 26  0.621570  0.784832
24 27  0.674954  1.060003
24 28  0.689640  1.042565
24 29  0.666444  1.150775
24 30  0.680465  1.057418
25 26  0.659144  0.897763
25 27  0.697230  1.143909
25 28  0.690521  1.100041
25 29  0.679967  1.228467
25 30  0.659727  1.139828
26 27  0.656912  0.976582
26 28  0.671346  0.980213
26 29  0.645719  1.056784
26 30  0.659977  0.979882
27 28  0.702517  1.225567
27 29  0.661338  1.226586
27 30  0.699327  1.251217
28 29  0.666667  1.320233
28 30  0.704219  1.205343
29 30  0.685017  1.326289
