  -1146.50715666
  -1146.88200902    -1146.77086190
0.00000361130330
2 2 2 2 2 2 2 2 2 2 2 2 2 2 2 0 0 0 0 0 0 0 0 0 0 0 0 0 0 0 
1  0.288933  0.440410
2  0.309703  0.429835
3  0.300178  0.393001
4  0.274773  0.353266
5  0.279558  0.299230
6  0.279417  0.294989
7  0.326779  0.427618
8  0.350636  0.539586
9  0.365122  0.621426
10  0.334989  0.561885
11  0.349483  0.611578
12  0.346390  0.650199
13  0.307475  0.357702
14  0.339582  0.746160
15  0.326191  0.757504
16  0.338669  0.587908
17  0.298152  0.452395
18  0.316164  0.457323
19  0.306227  0.410431
20  0.280327  0.368238
21  0.282208  0.299932
22  0.281759  0.296962
23  0.325147  0.730444
24  0.329095  0.443684
25  0.352188  0.545559
26  0.307709  0.354487
27  0.350144  0.629546
28  0.364642  0.628125
29  0.338786  0.710162
30  0.352903  0.628192
1 2  0.598528  0.869200
1 3  0.588938  0.827328
1 4  0.561849  0.789075
1 5  0.568262  0.739493
1 6  0.567628  0.733929
1 7  0.592333  0.846666
1 8  0.638844  0.967977
1 9  0.652153  1.051594
1 10  0.618736  0.993838
1 11  0.637948  1.050361
1 12  0.606040  1.009067
1 13  0.593755  0.788391
1 14  0.625424  1.141325
1 15  0.614885  1.186080
1 16  0.624935  1.019071
1 17  0.288363  0.656982
1 18  0.605067  0.897165
1 19  0.594902  0.850605
1 20  0.568775  0.805893
1 21  0.570687  0.739886
1 22  0.568747  0.736304
1 23  0.612961  1.166789
1 24  0.594583  0.863703
1 25  0.640857  0.985333
1 26  0.593762  0.793364
1 27  0.616817  1.065649
1 28  0.653187  1.065777
1 29  0.622396  1.148038
1 30  0.641773  1.066754
2 3  0.565749  0.791918
2 4  0.584464  0.781437
2 5  0.589258  0.728434
2 6  0.589115  0.724468
2 7  0.636366  0.852653
2 8  0.651247  0.953637
2 9  0.671655  1.030156
2 10  0.643759  0.976814
2 11  0.629026  0.974470
2 12  0.655395  1.076808
2 13  0.617175  0.787423
2 14  0.647955  1.173575
2 15  0.633634  1.166036
2 16  0.648060  1.017073
2 17  0.607837  0.881771
2 18  0.312356  0.626754
2 19  0.573400  0.809036
2 20  0.589855  0.797946
2 21  0.591891  0.729757
2 22  0.591462  0.726792
2 23  0.628689  1.153681
2 24  0.638699  0.873354
2 25  0.657129  0.970436
2 26  0.617343  0.784286
2 27  0.659755  1.057937
2 28  0.673781  1.056970
2 29  0.647594  1.135737
2 30  0.638326  1.049976
3 4  0.574947  0.746191
3 5  0.579733  0.692126
3 6  0.579591  0.687649
3 7  0.626863  0.817261
3 8  0.623783  0.883689
3 9  0.661153  0.994903
3 10  0.634331  0.945923
3 11  0.643887  0.999014
3 12  0.645595  1.029381
3 13  0.607652  0.750217
3 14  0.637108  1.124970
3 15  0.623883  1.147261
3 16  0.638789  0.980409
3 17  0.598085  0.845185
3 18  0.573760  0.819083
3 19  0.303004  0.543271
3 20  0.580438  0.761137
3 21  0.582383  0.692928
3 22  0.581930  0.689958
3 23  0.620806  1.117174
3 24  0.629267  0.836586
3 25  0.637128  0.932518
3 26  0.607823  0.747455
3 27  0.649849  1.022047
3 28  0.663867  1.020278
3 29  0.637378  1.101980
3 30  0.646164  1.012631
4 5  0.547967  0.643639
4 6  0.549985  0.644161
4 7  0.571951  0.755235
4 8  0.625369  0.892522
4 9  0.639548  0.971183
4 10  0.607715  0.906938
4 11  0.624197  0.960014
4 12  0.620751  0.998228
4 13  0.560655  0.689267
4 14  0.614062  1.089265
4 15  0.600752  1.098657
4 16  0.610647  0.939521
4 17  0.572126  0.803349
4 18  0.590718  0.810451
4 19  0.580879  0.763600
4 20  0.279535  0.476626
4 21  0.553707  0.650989
4 22  0.555295  0.648727
4 23  0.599572  1.082982
4 24  0.568322  0.764023
4 25  0.626697  0.898580
4 26  0.555078  0.685514
4 27  0.624798  0.981936
4 28  0.638592  0.980788
4 29  0.613499  1.062874
4 30  0.627315  0.981139
5 6  0.513420  0.552776
5 7  0.602387  0.721497
5 8  0.630173  0.838362
5 9  0.644578  0.918843
5 10  0.614151  0.858124
5 11  0.629022  0.909349
5 12  0.625905  0.949377
5 13  0.560498  0.633007
5 14  0.619122  1.044777
5 15  0.605715  1.054861
5 16  0.617368  0.886862
5 17  0.577458  0.751181
5 18  0.595677  0.756537
5 19  0.585771  0.709652
5 20  0.556215  0.665041
5 21  0.278067  0.325348
5 22  0.510829  0.548900
5 23  0.604540  1.029573
5 24  0.607790  0.742067
5 25  0.631701  0.844771
5 26  0.550776  0.620256
5 27  0.629671  0.928674
5 28  0.644011  0.927304
5 29  0.618261  1.009299
5 30  0.632363  0.927381
6 7  0.600472  0.714373
6 8  0.630030  0.833705
6 9  0.644443  0.914827
6 10  0.614071  0.854782
6 11  0.628873  0.905954
6 12  0.625744  0.944124
6 13  0.558577  0.627922
6 14  0.618989  1.040862
6 15  0.605565  1.052350
6 16  0.617940  0.882854
6 17  0.575879  0.746453
6 18  0.595577  0.752306
6 19  0.585642  0.705415
6 20  0.558494  0.661867
6 21  0.510251  0.546916
6 22  0.280795  0.320017
6 23  0.604484  1.025369
6 24  0.606627  0.737421
6 25  0.631604  0.840537
6 26  0.550358  0.615287
6 27  0.629337  0.924458
6 28  0.644032  0.923100
6 29  0.618057  1.005069
6 30  0.632303  0.923163
7 8  0.676873  0.957630
7 9  0.689232  1.026349
7 10  0.646047  0.947947
7 11  0.675724  1.029724
7 12  0.669971  1.067457
7 13  0.618454  0.773266
7 14  0.665889  1.171858
7 15  0.652157  1.180179
7 16  0.655211  1.012405
7 17  0.602571  0.860774
7 18  0.642827  0.884774
7 19  0.633003  0.837951
7 20  0.572677  0.764469
7 21  0.608147  0.726675
7 22  0.606404  0.723067
7 23  0.650711  1.156533
7 24  0.406569  0.684620
7 25  0.678918  0.972920
7 26  0.610382  0.758722
7 27  0.673793  1.053371
7 28  0.690321  1.055375
7 29  0.663844  1.134518
7 30  0.679329  1.055355
8 9  0.691935  1.092964
8 10  0.681364  1.073018
8 11  0.657869  1.123017
8 12  0.693328  1.160300
8 13  0.658106  0.896612
8 14  0.680537  1.257951
8 15  0.666481  1.291889
8 16  0.688737  1.126238
8 17  0.648535  0.991350
8 18  0.661141  0.990512
8 19  0.640831  0.943289
8 20  0.630793  0.907544
8 21  0.632828  0.839505
8 22  0.632388  0.836537
8 23  0.661903  1.242459
8 24  0.679700  0.982986
8 25  0.444645  0.916266
8 26  0.658234  0.893985
8 27  0.699916  1.167434
8 28  0.708220  1.165646
8 29  0.685276  1.243301
8 30  0.666056  1.137640
9 10  0.673411  1.096442
9 11  0.702499  1.189117
9 12  0.700441  1.242605
9 13  0.672548  0.978897
9 14  0.670086  1.350151
9 15  0.671866  1.357003
9 16  0.692355  1.205905
9 17  0.662752  1.070754
9 18  0.680615  1.077524
9 19  0.670385  1.031006
9 20  0.644777  0.989116
9 21  0.647201  0.921324
9 22  0.646879  0.918374
9 23  0.668598  1.322102
9 24  0.693226  1.064685
9 25  0.710212  1.164668
9 26  0.672600  0.975698
9 27  0.710737  1.241530
9 28  0.479674  1.080588
9 29  0.672265  1.297186
9 30  0.713801  1.244920
10 11  0.680923  1.141799
10 12  0.641933  1.185363
10 13  0.641998  0.919008
10 14  0.669446  1.303003
10 15  0.656129  1.297671
10 16  0.409072  0.995338
10 17  0.629969  1.004977
10 18  0.650885  1.018530
10 19  0.641153  0.971869
10 20  0.612664  0.928516
10 21  0.616702  0.861660
10 22  0.616712  0.858812
10 23  0.655844  1.282737
10 24  0.655013  1.003153
10 25  0.686624  1.106366
10 26  0.641981  0.915516
10 27  0.650571  1.152108
10 28  0.688984  1.187213
10 29  0.666652  1.248570
10 30  0.686827  1.187941
11 12  0.693334  1.255950
11 13  0.656953  0.968630
11 14  0.683785  1.344187
11 15  0.653112  1.277586
11 16  0.686984  1.197225
11 17  0.647548  1.062202
11 18  0.640458  1.060482
11 19  0.648145  1.011969
11 20  0.629487  0.979488
11 21  0.631640  0.911482
11 22  0.631241  0.908524
11 23  0.650384  1.319777
11 24  0.678254  1.054748
11 25  0.664352  1.127703
11 26  0.657099  0.965985
11 27  0.699012  1.235114
11 28  0.710323  1.235764
11 29  0.684434  1.304512
11 30  0.449148  1.084395
12 13  0.653632  1.000104
12 14  0.658713  1.268880
12 15  0.670018  1.378699
12 16  0.652267  1.197455
12 17  0.620941  1.097505
12 18  0.662429  1.105583
12 19  0.652091  1.059986
12 20  0.626652  1.016756
12 21  0.628518  0.950034
12 22  0.627799  0.947055
12 23  0.666980  1.362005
12 24  0.671558  1.088376
12 25  0.697705  1.193864
12 26  0.653780  1.004513
12 27  0.429031  1.139467
12 28  0.707018  1.268880
12 29  0.663102  1.346513
12 30  0.698714  1.271508
13 14  0.647008  1.095644
13 15  0.633648  1.110335
13 16  0.645636  0.944936
13 17  0.602195  0.808469
13 18  0.623572  0.814980
13 19  0.613616  0.768098
13 20  0.558759  0.700715
13 21  0.553087  0.623728
13 22  0.552062  0.620480
13 23  0.632613  1.087930
13 24  0.613205  0.779339
13 25  0.659534  0.903179
13 26  0.383960  0.507148
13 27  0.657186  0.987117
13 28  0.671904  0.985614
13 29  0.646183  1.067633
13 30  0.660305  0.985794
14 15  0.644578  1.384015
14 16  0.670921  1.307368
14 17  0.632178  1.195530
14 18  0.654718  1.198294
14 19  0.644198  1.155104
14 20  0.619767  1.113555
14 21  0.621682  1.045995
14 22  0.621218  1.043035
14 23  0.638847  1.452395
14 24  0.666928  1.185814
14 25  0.687979  1.285104
14 26  0.647258  1.100372
14 27  0.667511  1.361269
14 28  0.672554  1.340800
14 29  0.463363  1.329796
14 30  0.688495  1.356586
15 16  0.660691  1.335675
15 17  0.622988  1.205248
15 18  0.635950  1.207582
15 19  0.627912  1.160290
15 20  0.606118  1.124813
15 21  0.608285  1.057339
15 22  0.607913  1.054389
15 23  0.454256  1.366269
15 24  0.654056  1.199357
15 25  0.664192  1.272792
15 26  0.633868  1.111743
15 27  0.671472  1.368531
15 28  0.669008  1.353307
15 29  0.639230  1.443633
15 30  0.654402  1.363451
16 17  0.631551  1.030905
16 18  0.653758  1.025116
16 19  0.643891  0.987848
16 20  0.616250  0.941595
16 21  0.620608  0.885401
16 22  0.620197  0.883477
16 23  0.658172  1.286916
16 24  0.651630  0.982753
16 25  0.686135  1.102037
16 26  0.645633  0.940783
16 27  0.647063  1.189817
16 28  0.675505  1.120463
16 29  0.672472  1.293458
16 30  0.687676  1.175247
17 18  0.614183  0.908253
17 19  0.604161  0.855672
17 20  0.575731  0.817410
17 21  0.579993  0.752116
17 22  0.579018  0.747357
17 23  0.622975  1.173962
17 24  0.600954  0.871739
17 25  0.649498  0.984435
17 26  0.603240  0.798810
17 27  0.616439  1.000026
17 28  0.660724  1.068006
17 29  0.633313  1.120103
17 30  0.650499  1.078532
18 19  0.576071  0.834162
18 20  0.596469  0.822438
18 21  0.598369  0.756698
18 22  0.597919  0.754046
18 23  0.638509  1.161206
18 24  0.645120  0.894196
18 25  0.659286  0.983934
18 26  0.623870  0.811417
18 27  0.665522  1.083073
18 28  0.677428  1.059485
18 29  0.653489  1.164847
18 30  0.637163  1.007961
19 20  0.586545  0.778478
19 21  0.588432  0.710252
19 22  0.587982  0.707036
19 23  0.628689  1.138070
19 24  0.635205  0.849931
19 25  0.629241  0.901546
19 26  0.613935  0.764692
19 27  0.655264  1.024856
19 28  0.666247  1.015621
19 29  0.642078  1.105609
19 30  0.653208  1.031294
20 21  0.555553  0.658689
20 22  0.556408  0.659855
20 23  0.605205  1.085065
20 24  0.578426  0.780493
20 25  0.632447  0.912745
20 26  0.565428  0.700282
20 27  0.630038  0.994938
20 28  0.644482  0.989766
20 29  0.618801  1.070125
20 30  0.633129  0.989002
21 22  0.517820  0.555032
21 23  0.607324  1.028999
21 24  0.606552  0.737657
21 25  0.634378  0.845080
21 26  0.562842  0.629484
21 27  0.632326  0.929455
21 28  0.646772  0.926604
21 29  0.620978  1.009692
21 30  0.635094  0.926960
22 23  0.606872  1.027362
22 24  0.604709  0.732315
22 25  0.633927  0.841742
22 26  0.561070  0.626259
22 27  0.631841  0.925277
22 28  0.646331  0.923916
22 29  0.620537  1.006637
22 30  0.634640  0.924808
23 24  0.653338  1.166185
23 25  0.667355  1.271396
23 26  0.632826  1.079697
23 27  0.672180  1.338810
23 28  0.669517  1.332009
23 29  0.644308  1.338286
23 30  0.656220  1.262271
24 25  0.680658  0.977986
24 26  0.622227  0.788740
24 27  0.676003  1.062680
24 28  0.690862  1.044613
24 29  0.667450  1.152359
24 30  0.681389  1.058996
25 26  0.659893  0.899830
25 27  0.698339  1.144799
25 28  0.691733  1.100524
25 29  0.681042  1.228309
25 30  0.660676  1.139860
26 27  0.657669  0.978894
26 28  0.672278  0.982227
26 29  0.646421  1.057882
26 30  0.660605  0.981366
27 28  0.703822  1.226515
27 29  0.662343  1.226917
27 30  0.700340  1.251624
28 29  0.667938  1.320100
28 30  0.705390  1.205390
29 30  0.685962  1.325693
