  -1146.50715666
  -1146.88202737    -1146.77090672
0.00000341021195
2 2 2 2 2 2 2 2 2 2 2 2 2 2 2 0 0 0 0 0 0 0 0 0 0 0 0 0 0 0 
1  0.289007  0.440703
2  0.309721  0.429951
3  0.300205  0.393179
4  0.274806  0.353715
5  0.279575  0.299392
6  0.279434  0.295071
7  0.326851  0.427930
8  0.350718  0.539644
9  0.365225  0.621459
10  0.335084  0.562097
11  0.349547  0.611553
12  0.346473  0.650350
13  0.307502  0.357851
14  0.339655  0.746080
15  0.326258  0.757310
16  0.338766  0.588089
17  0.298230  0.452681
18  0.316182  0.457442
19  0.306254  0.410596
20  0.280362  0.368704
21  0.282222  0.300072
22  0.281776  0.297025
23  0.325213  0.730287
24  0.329166  0.443997
25  0.352269  0.545601
26  0.307733  0.354642
27  0.350227  0.629672
28  0.364745  0.628144
29  0.338857  0.710101
30  0.352969  0.628161
1 2  0.598619  0.869601
1 3  0.589036  0.827763
1 4  0.561957  0.789796
1 5  0.568352  0.739947
1 6  0.567719  0.734303
1 7  0.592474  0.847268
1 8  0.638997  0.968295
1 9  0.652329  1.051912
1 10  0.618902  0.994339
1 11  0.638083  1.050624
1 12  0.606175  1.009419
1 13  0.593856  0.788808
1 14  0.625566  1.141513
1 15  0.615025  1.186179
1 16  0.625105  1.019550
1 17  0.288505  0.657624
1 18  0.605158  0.897572
1 19  0.594999  0.851062
1 20  0.568884  0.806650
1 21  0.570776  0.740318
1 22  0.568838  0.736661
1 23  0.613099  1.166927
1 24  0.594726  0.864310
1 25  0.641010  0.985667
1 26  0.593860  0.793816
1 27  0.616966  1.066066
1 28  0.653364  1.066090
1 29  0.622539  1.148269
1 30  0.641912  1.067010
2 3  0.565784  0.792208
2 4  0.584515  0.781990
2 5  0.589292  0.728702
2 6  0.589150  0.724657
2 7  0.636454  0.853056
2 8  0.651344  0.953802
2 9  0.671777  1.030302
2 10  0.643871  0.977116
2 11  0.629111  0.974563
2 12  0.655495  1.077067
2 13  0.617220  0.787687
2 14  0.648047  1.173615
2 15  0.633721  1.165979
2 16  0.648173  1.017372
2 17  0.607933  0.882168
2 18  0.312396  0.626952
2 19  0.573442  0.809352
2 20  0.589905  0.798527
2 21  0.591922  0.730013
2 22  0.591496  0.726971
2 23  0.628770  1.153647
2 24  0.638785  0.873783
2 25  0.657229  0.970605
2 26  0.617385  0.784557
2 27  0.659854  1.058174
2 28  0.673902  1.057107
2 29  0.647682  1.135797
2 30  0.638410  1.050059
3 4  0.575007  0.746818
3 5  0.579777  0.692465
3 6  0.579636  0.687903
3 7  0.626961  0.817737
3 8  0.623891  0.883898
3 9  0.661285  0.995114
3 10  0.634451  0.946301
3 11  0.643975  0.999170
3 12  0.645700  1.029676
3 13  0.607706  0.750537
3 14  0.637207  1.125046
3 15  0.623977  1.147239
3 16  0.638913  0.980767
3 17  0.598187  0.845648
3 18  0.573803  0.819413
3 19  0.303063  0.543567
3 20  0.580499  0.761779
3 21  0.582424  0.693245
3 22  0.581973  0.690199
3 23  0.620898  1.117203
3 24  0.629364  0.837076
3 25  0.637237  0.932736
3 26  0.607872  0.747788
3 27  0.649957  1.022350
3 28  0.663998  1.020475
3 29  0.637474  1.102097
3 30  0.646257  1.012789
4 5  0.548017  0.644224
4 6  0.550035  0.644686
4 7  0.572057  0.755992
4 8  0.625484  0.893026
4 9  0.639684  0.971656
4 10  0.607844  0.907577
4 11  0.624294  0.960414
4 12  0.620867  0.998802
4 13  0.560716  0.689853
4 14  0.614168  1.089585
4 15  0.600852  1.098859
4 16  0.610777  0.940149
4 17  0.572238  0.804082
4 18  0.590767  0.811019
4 19  0.580937  0.764214
4 20  0.279595  0.477615
4 21  0.553754  0.651583
4 22  0.555345  0.649240
4 23  0.599668  1.083271
4 24  0.568431  0.764793
4 25  0.626810  0.899069
4 26  0.555136  0.686136
4 27  0.624913  0.982509
4 28  0.638731  0.981254
4 29  0.613603  1.063259
4 30  0.627411  0.981556
5 6  0.513456  0.553042
5 7  0.602474  0.721961
5 8  0.630271  0.838577
5 9  0.644698  0.919027
5 10  0.614263  0.858483
5 11  0.629101  0.909469
5 12  0.626005  0.949690
5 13  0.560544  0.633311
5 14  0.619211  1.044852
5 15  0.605799  1.054811
5 16  0.617480  0.887207
5 17  0.577553  0.751626
5 18  0.595709  0.756818
5 19  0.585815  0.709980
5 20  0.556266  0.665675
5 21  0.278097  0.325749
5 22  0.510863  0.549149
5 23  0.604621  1.029578
5 24  0.607877  0.742541
5 25  0.631798  0.844976
5 26  0.550817  0.620580
5 27  0.629770  0.928961
5 28  0.644130  0.927486
5 29  0.618350  1.009400
5 30  0.632446  0.927512
6 7  0.600558  0.714747
6 8  0.630128  0.833832
6 9  0.644563  0.914928
6 10  0.614183  0.855060
6 11  0.628952  0.905999
6 12  0.625844  0.944355
6 13  0.558623  0.628174
6 14  0.619079  1.040865
6 15  0.605649  1.052234
6 16  0.618055  0.883118
6 17  0.575974  0.746821
6 18  0.595611  0.752507
6 19  0.585686  0.705662
6 20  0.558546  0.662414
6 21  0.510283  0.547158
6 22  0.280829  0.320231
6 23  0.604566  1.025294
6 24  0.606715  0.737818
6 25  0.631703  0.840660
6 26  0.550401  0.615528
6 27  0.629436  0.924665
6 28  0.644153  0.923201
6 29  0.618144  1.005088
6 30  0.632386  0.923214
7 8  0.677023  0.957971
7 9  0.689403  1.026657
7 10  0.646201  0.948395
7 11  0.675857  1.029981
7 12  0.670123  1.067914
7 13  0.618552  0.773738
7 14  0.666032  1.172089
7 15  0.652293  1.180281
7 16  0.655376  1.012900
7 17  0.602720  0.861371
7 18  0.642915  0.885205
7 19  0.633101  0.838428
7 20  0.572787  0.765251
7 21  0.608233  0.727126
7 22  0.606492  0.723445
7 23  0.650847  1.156684
7 24  0.406708  0.685364
7 25  0.679071  0.973275
7 26  0.610479  0.759203
7 27  0.673945  1.053806
7 28  0.690494  1.055708
7 29  0.663987  1.134763
7 30  0.679464  1.055636
8 9  0.692101  1.093043
8 10  0.681535  1.073274
8 11  0.658001  1.123049
8 12  0.693490  1.160499
8 13  0.658214  0.896814
8 14  0.680687  1.257924
8 15  0.666629  1.291757
8 16  0.688915  1.126480
8 17  0.648693  0.991693
8 18  0.661241  0.990700
8 19  0.640941  0.943508
8 20  0.630909  0.908063
8 21  0.632924  0.839702
8 22  0.632487  0.836657
8 23  0.662050  1.242388
8 24  0.679853  0.983356
8 25  0.444806  0.916337
8 26  0.658337  0.894199
8 27  0.700079  1.167620
8 28  0.708399  1.165721
8 29  0.685428  1.243296
8 30  0.666198  1.137704
9 10  0.673575  1.096630
9 11  0.702658  1.189132
9 12  0.700623  1.242793
9 13  0.672678  0.979077
9 14  0.670261  1.350117
9 15  0.672033  1.356854
9 16  0.692539  1.206112
9 17  0.662932  1.071076
9 18  0.680736  1.077678
9 19  0.670516  1.031203
9 20  0.644916  0.989610
9 21  0.647317  0.921497
9 22  0.646999  0.918470
9 23  0.668764  1.322008
9 24  0.693399  1.065031
9 25  0.710390  1.164741
9 26  0.672726  0.975886
9 27  0.710921  1.241702
9 28  0.479867  1.080628
9 29  0.672440  1.297187
9 30  0.713968  1.244929
10 11  0.681078  1.141967
10 12  0.642110  1.185732
10 13  0.642119  0.919368
10 14  0.669612  1.303138
10 15  0.656287  1.297677
10 16  0.409260  0.995738
10 17  0.630142  1.005481
10 18  0.650996  1.018863
10 19  0.641275  0.972245
10 20  0.612794  0.929191
10 21  0.616811  0.862012
10 22  0.616824  0.859087
10 23  0.656005  1.282791
10 24  0.655176  1.003677
10 25  0.686800  1.106624
10 26  0.642100  0.915882
10 27  0.650751  1.152467
10 28  0.689167  1.187440
10 29  0.666818  1.248734
10 30  0.686987  1.188125
11 12  0.693474  1.256073
11 13  0.657043  0.968751
11 14  0.683916  1.344099
11 15  0.653240  1.277425
11 16  0.687143  1.197384
11 17  0.647688  1.062457
11 18  0.640540  1.060575
11 19  0.648235  1.012126
11 20  0.629582  0.979927
11 21  0.631717  0.911597
11 22  0.631321  0.908562
11 23  0.650512  1.319606
11 24  0.678385  1.055035
11 25  0.664491  1.127756
11 26  0.657188  0.966115
11 27  0.699156  1.235216
11 28  0.710487  1.235765
11 29  0.684566  1.304444
11 30  0.449286  1.084323
12 13  0.653742  1.000380
12 14  0.658855  1.268960
12 15  0.670165  1.378678
12 16  0.652449  1.197817
12 17  0.621094  1.097940
12 18  0.662529  1.105846
12 19  0.652200  1.060303
12 20  0.626770  1.017370
12 21  0.628615  0.950324
12 22  0.627898  0.947269
12 23  0.667125  1.362016
12 24  0.671710  1.088839
12 25  0.697868  1.194060
12 26  0.653888  1.004821
12 27  0.429203  1.139782
12 28  0.707203  1.269062
12 29  0.663249  1.346604
12 30  0.698862  1.271631
13 14  0.647108  1.095687
13 15  0.633741  1.110276
13 16  0.645760  0.945266
13 17  0.602300  0.808907
13 18  0.623617  0.815248
13 19  0.613668  0.768412
13 20  0.558821  0.701351
13 21  0.553128  0.624016
13 22  0.552108  0.620695
13 23  0.632706  1.087922
13 24  0.613304  0.779815
13 25  0.659639  0.903371
13 26  0.384014  0.507575
13 27  0.657296  0.987392
13 28  0.672033  0.985783
13 29  0.646281  1.067720
13 30  0.660398  0.985912
14 15  0.644708  1.383814
14 16  0.671091  1.307490
14 17  0.632327  1.195736
14 18  0.654809  1.198339
14 19  0.644296  1.155191
14 20  0.619874  1.113937
14 21  0.621769  1.046054
14 22  0.621307  1.043017
14 23  0.638974  1.452179
14 24  0.667071  1.186041
14 25  0.688132  1.285067
14 26  0.647355  1.100447
14 27  0.667660  1.361319
14 28  0.672729  1.340767
14 29  0.463505  1.329689
14 30  0.688633  1.356498
15 16  0.660855  1.335666
15 17  0.623132  1.205343
15 18  0.636033  1.207519
15 19  0.628005  1.160274
15 20  0.606217  1.125081
15 21  0.608366  1.057285
15 22  0.607997  1.054259
15 23  0.454391  1.365946
15 24  0.654192  1.199473
15 25  0.664339  1.272675
15 26  0.633959  1.111704
15 27  0.671617  1.368481
15 28  0.669177  1.353171
15 29  0.639360  1.443403
15 30  0.654532  1.363239
16 17  0.631723  1.031367
16 18  0.653874  1.025390
16 19  0.644011  0.988182
16 20  0.616381  0.942208
16 21  0.620720  0.885709
16 22  0.620311  0.883709
16 23  0.658330  1.286928
16 24  0.651786  0.983171
16 25  0.686307  1.102251
16 26  0.645754  0.941118
16 27  0.647240  1.190130
16 28  0.675669  1.120611
16 29  0.672639  1.293579
16 30  0.687833  1.175383
17 18  0.614279  0.908652
17 19  0.604264  0.856086
17 20  0.575845  0.818149
17 21  0.580085  0.752541
17 22  0.579113  0.747702
17 23  0.623119  1.174093
17 24  0.601098  0.872328
17 25  0.649655  0.984737
17 26  0.603343  0.799230
17 27  0.616578  1.000357
17 28  0.660903  1.068305
17 29  0.633457  1.120308
17 30  0.650640  1.078779
18 19  0.576107  0.834441
18 20  0.596521  0.823000
18 21  0.598400  0.756947
18 22  0.597953  0.754223
18 23  0.638594  1.161185
18 24  0.645208  0.894602
18 25  0.659382  0.984088
18 26  0.623912  0.811687
18 27  0.665620  1.083308
18 28  0.677549  1.059622
18 29  0.653580  1.164908
18 30  0.637250  1.008048
19 20  0.586607  0.779110
19 21  0.588473  0.710557
19 22  0.588026  0.707258
19 23  0.628782  1.138075
19 24  0.635302  0.850393
19 25  0.629348  0.901730
19 26  0.613987  0.765009
19 27  0.655370  1.025118
19 28  0.666379  1.015805
19 29  0.642175  1.105698
19 30  0.653299  1.031432
20 21  0.555603  0.659268
20 22  0.556459  0.660380
20 23  0.605305  1.085317
20 24  0.578531  0.781257
20 25  0.632563  0.913251
20 26  0.565488  0.700889
20 27  0.630155  0.995512
20 28  0.644621  0.990239
20 29  0.618906  1.070486
20 30  0.633229  0.989400
21 22  0.517853  0.555258
21 23  0.607404  1.028967
21 24  0.606637  0.738099
21 25  0.634472  0.845257
21 26  0.562883  0.629769
21 27  0.632422  0.929720
21 28  0.646889  0.926753
21 29  0.621064  1.009764
21 30  0.635174  0.927054
22 23  0.606955  1.027267
22 24  0.604794  0.732671
22 25  0.634024  0.841836
22 26  0.561113  0.626497
22 27  0.631940  0.925462
22 28  0.646451  0.923988
22 29  0.620625  1.006638
22 30  0.634722  0.924832
23 24  0.653471  1.166321
23 25  0.667502  1.271285
23 26  0.632916  1.079676
23 27  0.672323  1.338793
23 28  0.669683  1.331882
23 29  0.644437  1.338122
23 30  0.656350  1.262140
24 25  0.680806  0.978312
24 26  0.622323  0.789220
24 27  0.676154  1.063112
24 28  0.691032  1.044910
24 29  0.667591  1.152608
24 30  0.681524  1.059248
25 26  0.659998  0.900025
25 27  0.698497  1.144957
25 28  0.691901  1.100583
25 29  0.681189  1.228292
25 30  0.660810  1.139872
26 27  0.657776  0.979156
26 28  0.672406  0.982400
26 29  0.646516  1.057951
26 30  0.660696  0.981483
27 28  0.704003  1.226668
27 29  0.662481  1.226988
27 30  0.700485  1.251716
28 29  0.668111  1.320072
28 30  0.705552  1.205391
29 30  0.686094  1.325615
