   -993.89629319
   -994.20648610     -994.07014488
0.00016803091985
2 2 2 2 2 2 2 2 2 2 2 2 2 0 0 0 0 0 0 0 0 0 0 0 0 0 
1  0.263617  0.585078
2  0.260258  0.464821
3  0.263593  0.579087
4  0.278276  0.381820
5  0.275605  0.386073
6  0.260422  0.461752
7  0.275657  0.386640
8  0.278412  0.380855
9  0.296175  0.508976
10  0.296484  0.509920
11  0.294201  0.749829
12  0.295325  0.657369
13  0.294597  0.660173
14  0.268782  0.592845
15  0.264932  0.446133
16  0.268815  0.595467
17  0.280414  0.367861
18  0.278687  0.405213
19  0.265077  0.449109
20  0.278690  0.403590
21  0.280560  0.367602
22  0.294987  0.761766
23  0.296950  0.516176
24  0.296493  0.652006
25  0.296280  0.647473
26  0.297178  0.518077
1 2  0.519367  1.004917
1 3  0.524707  1.148560
1 4  0.541662  0.954404
1 5  0.539092  0.968676
1 6  0.523945  1.042842
1 7  0.539207  0.963937
1 8  0.542005  0.962256
1 9  0.559606  1.085960
1 10  0.558740  1.076927
1 11  0.534123  1.284041
1 12  0.533695  1.206776
1 13  0.555073  1.184993
1 14  0.257042  1.023674
1 15  0.524259  1.028939
1 16  0.531739  1.168162
1 17  0.543480  0.952062
1 18  0.541988  0.988149
1 19  0.528361  1.032087
1 20  0.542081  0.987580
1 21  0.544166  0.952121
1 22  0.528530  1.296891
1 23  0.559775  1.099077
1 24  0.527986  1.186346
1 25  0.558096  1.226875
1 26  0.560426  1.099992
2 3  0.523759  1.039826
2 4  0.532822  0.824467
2 5  0.532037  0.842248
2 6  0.520625  0.925187
2 7  0.535914  0.848558
2 8  0.538670  0.844622
2 9  0.556420  0.969194
2 10  0.537192  0.950104
2 11  0.552987  1.192381
2 12  0.533556  1.092003
2 13  0.554695  1.102318
2 14  0.524497  1.055028
2 15  0.246407  0.704634
2 16  0.528875  1.057455
2 17  0.537235  0.831458
2 18  0.538049  0.864257
2 19  0.525328  0.913073
2 20  0.538885  0.867925
2 21  0.540803  0.832190
2 22  0.554727  1.221393
2 23  0.557109  0.979748
2 24  0.527696  1.080553
2 25  0.555932  1.109353
2 26  0.530716  0.946440
3 4  0.541845  0.957182
3 5  0.539136  0.957538
3 6  0.519471  0.997082
3 7  0.539117  0.963244
3 8  0.541772  0.947765
3 9  0.558374  1.070907
3 10  0.559896  1.081412
3 11  0.534224  1.280369
3 12  0.555745  1.177644
3 13  0.532960  1.203721
3 14  0.531693  1.159819
3 15  0.528215  1.023193
3 16  0.257073  1.020177
3 17  0.543996  0.946399
3 18  0.542072  0.983227
3 19  0.524441  1.025921
3 20  0.541937  0.980582
3 21  0.543540  0.945878
3 22  0.528724  1.291183
3 23  0.560144  1.092214
3 24  0.558254  1.225461
3 25  0.527731  1.176908
3 26  0.559961  1.094990
4 5  0.506555  0.732698
4 6  0.538697  0.842527
4 7  0.553932  0.767622
4 8  0.556687  0.762027
4 9  0.574450  0.890284
4 10  0.543852  0.871628
4 11  0.572432  1.129538
4 12  0.571442  1.024651
4 13  0.572860  1.035121
4 14  0.546473  0.973804
4 15  0.539566  0.826735
4 16  0.547073  0.976617
4 17  0.275006  0.513824
4 18  0.503485  0.734759
4 19  0.543333  0.830669
4 20  0.556964  0.785249
4 21  0.558836  0.749333
4 22  0.572954  1.142087
4 23  0.575208  0.897615
4 24  0.574120  1.032629
4 25  0.574544  1.028364
4 26  0.536077  0.856978
5 6  0.536025  0.844998
5 7  0.551261  0.772278
5 8  0.554016  0.766113
5 9  0.571779  0.894314
5 10  0.542465  0.872660
5 11  0.569516  1.131212
5 12  0.567047  1.015681
5 13  0.570187  1.042364
5 14  0.544069  0.977390
5 15  0.539488  0.827787
5 16  0.544182  0.980628
5 17  0.503479  0.706001
5 18  0.274399  0.565982
5 19  0.540617  0.834839
5 20  0.554295  0.789499
5 21  0.556163  0.753572
5 22  0.569810  1.146238
5 23  0.572539  0.901834
5 24  0.570768  1.037449
5 25  0.571865  1.032703
5 26  0.533557  0.860639
6 7  0.532279  0.839786
6 8  0.533135  0.820864
6 9  0.537050  0.946813
6 10  0.556893  0.967257
6 11  0.553131  1.190196
6 12  0.555574  1.097180
6 13  0.532825  1.092087
6 14  0.529011  1.051840
6 15  0.525347  0.907066
6 16  0.524649  1.054686
6 17  0.540819  0.829384
6 18  0.539049  0.866477
6 19  0.246555  0.704469
6 20  0.538220  0.859662
6 21  0.537548  0.828142
6 22  0.554858  1.218454
6 23  0.530722  0.941239
6 24  0.556304  1.110798
6 25  0.527589  1.073344
6 26  0.557513  0.978594
7 8  0.506711  0.732196
7 9  0.542224  0.871903
7 10  0.572140  0.895791
7 11  0.569570  1.131516
7 12  0.570966  1.040135
7 13  0.566375  1.018621
7 14  0.544207  0.978578
7 15  0.540532  0.832434
7 16  0.544140  0.980581
7 17  0.556069  0.754396
7 18  0.554345  0.791684
7 19  0.539705  0.831296
7 20  0.274292  0.564614
7 21  0.503613  0.706135
7 22  0.569863  1.146791
7 23  0.533383  0.859323
7 24  0.572133  1.037785
7 25  0.570611  1.033501
7 26  0.572820  0.904294
8 9  0.543690  0.870021
8 10  0.574896  0.890291
8 11  0.572569  1.128706
8 12  0.573725  1.031581
8 13  0.570846  1.026560
8 14  0.547176  0.973047
8 15  0.543325  0.826738
8 16  0.546612  0.975475
8 17  0.558827  0.748627
8 18  0.557098  0.785906
8 19  0.539846  0.828757
8 20  0.503580  0.732089
8 21  0.275079  0.512234
8 22  0.573096  1.141145
8 23  0.535927  0.853961
8 24  0.574895  1.031931
8 25  0.574044  1.027200
8 26  0.575574  0.898551
9 10  0.592651  1.012108
9 11  0.588661  1.213399
9 12  0.591484  1.161601
9 13  0.579790  1.152839
9 14  0.564150  1.099763
9 15  0.561011  0.954162
9 16  0.564491  1.101961
9 17  0.576570  0.876557
9 18  0.574839  0.913705
9 19  0.535199  0.924898
9 20  0.536226  0.871034
9 21  0.535857  0.831460
9 22  0.590497  1.266074
9 23  0.363592  0.888839
9 24  0.592276  1.158405
9 25  0.573445  1.124283
9 26  0.593352  1.025790
10 11  0.588922  1.214479
10 12  0.580760  1.151824
10 13  0.591065  1.165051
10 14  0.564754  1.100295
10 15  0.535373  0.922851
10 16  0.564481  1.103302
10 17  0.536047  0.832462
10 18  0.536479  0.873580
10 19  0.561446  0.958071
10 20  0.575154  0.913033
10 21  0.577027  0.877244
10 22  0.590803  1.266965
10 23  0.593433  1.024843
10 24  0.573860  1.129592
10 25  0.592364  1.154843
10 26  0.364073  0.892053
11 12  0.575678  1.378496
11 13  0.575102  1.379770
11 14  0.532790  1.293300
11 15  0.558622  1.191876
11 16  0.532920  1.295717
11 17  0.574240  1.116546
11 18  0.572125  1.153266
11 19  0.558767  1.194638
11 20  0.572106  1.151681
11 21  0.574366  1.116299
11 22  0.358232  1.444833
11 23  0.590425  1.261326
11 24  0.568932  1.348763
11 25  0.568586  1.343869
11 26  0.590627  1.263239
12 13  0.588782  1.281846
12 14  0.532215  1.195187
12 15  0.529876  1.064869
12 16  0.561937  1.247218
12 17  0.575169  1.024567
12 18  0.572431  1.061746
12 19  0.559742  1.103759
12 20  0.574001  1.059947
12 21  0.575867  1.024281
12 22  0.568643  1.366046
12 23  0.591980  1.170772
12 24  0.356967  1.212179
12 25  0.591393  1.299510
12 26  0.574077  1.145779
13 14  0.561197  1.247360
13 15  0.558933  1.103597
13 16  0.531646  1.200913
13 17  0.574994  1.027329
13 18  0.573274  1.064339
13 19  0.529257  1.070473
13 20  0.571730  1.062923
13 21  0.574593  1.027106
13 22  0.568260  1.368407
13 23  0.573242  1.147060
13 24  0.590885  1.306669
13 25  0.356128  1.210325
13 26  0.591474  1.175345
14 15  0.528753  0.998136
14 16  0.533765  1.176147
14 17  0.549056  0.953608
14 18  0.547293  0.996806
14 19  0.533735  1.039218
14 20  0.547371  0.986105
14 21  0.549301  0.957004
14 22  0.538957  1.294244
14 23  0.565449  1.096230
14 24  0.539106  1.215041
14 25  0.561408  1.179555
14 26  0.564256  1.095144
15 16  0.533613  1.038892
15 17  0.539148  0.796928
15 18  0.538735  0.845026
15 19  0.529950  0.894241
15 20  0.543620  0.846487
15 21  0.545491  0.812739
15 22  0.557813  1.187809
15 23  0.561871  0.957593
15 24  0.538755  1.072092
15 25  0.561067  1.075134
15 26  0.541519  0.942057
16 17  0.549190  0.959806
16 18  0.547409  0.990102
16 19  0.528978  1.002440
16 20  0.547349  0.997781
16 21  0.549226  0.955671
16 22  0.539258  1.294881
16 23  0.563952  1.095710
16 24  0.561604  1.184767
16 25  0.538769  1.212107
16 26  0.565697  1.100157
17 18  0.510967  0.738271
17 19  0.545491  0.815909
17 20  0.559104  0.770883
17 21  0.560974  0.734987
17 22  0.575323  1.128663
17 23  0.577364  0.883717
17 24  0.573982  1.005671
17 25  0.576677  1.010887
17 26  0.547154  0.870061
18 19  0.543762  0.850906
18 20  0.557377  0.808494
18 21  0.559246  0.772228
18 22  0.573337  1.156849
18 23  0.575637  0.920331
18 24  0.570851  1.024577
18 25  0.574941  1.049338
18 26  0.545707  0.889386
19 20  0.538876  0.846367
19 21  0.539435  0.799404
19 22  0.557938  1.189742
19 23  0.541493  0.942896
19 24  0.561413  1.081771
19 25  0.538588  1.069878
19 26  0.562244  0.962207
20 21  0.511089  0.736475
20 22  0.573349  1.155886
20 23  0.545510  0.886285
20 24  0.575158  1.052274
20 25  0.570626  1.019142
20 26  0.575869  0.920648
21 22  0.575474  1.128364
21 23  0.547041  0.867536
21 24  0.577036  1.015072
21 25  0.573942  1.001123
21 26  0.577738  0.885342
22 23  0.590007  1.228742
22 24  0.578185  1.379842
22 25  0.578204  1.378185
22 26  0.590164  1.229417
23 24  0.593415  1.164435
23 25  0.582357  1.140678
23 26  0.594126  1.028034
24 25  0.591233  1.265526
24 26  0.582733  1.145983
25 26  0.593429  1.161981
