   -993.89629319
   -994.20911861     -994.07664869
0.00002910513589
2 2 2 2 2 2 2 2 2 2 2 2 2 0 0 0 0 0 0 0 0 0 0 0 0 0 
1  0.270787  0.590050
2  0.266486  0.474706
3  0.270847  0.583778
4  0.281132  0.386769
5  0.278581  0.393109
6  0.266771  0.471510
7  0.278667  0.394065
8  0.281328  0.385863
9  0.302003  0.516306
10  0.302285  0.517044
11  0.302321  0.753213
12  0.303944  0.664722
13  0.303411  0.667286
14  0.276246  0.598226
15  0.271167  0.456142
16  0.276268  0.601213
17  0.283402  0.373177
18  0.281811  0.412872
19  0.271546  0.459587
20  0.281878  0.411265
21  0.283559  0.372955
22  0.303030  0.765752
23  0.302723  0.523213
24  0.304919  0.657806
25  0.304693  0.653389
26  0.302885  0.524665
1 2  0.532332  1.018602
1 3  0.538771  1.157982
1 4  0.551685  0.963473
1 5  0.549233  0.980651
1 6  0.537452  1.057567
1 7  0.549333  0.974250
1 8  0.552054  0.971691
1 9  0.572560  1.097176
1 10  0.571357  1.088047
1 11  0.548819  1.292033
1 12  0.548909  1.219211
1 13  0.570508  1.194603
1 14  0.270165  1.031690
1 15  0.537496  1.044134
1 16  0.546250  1.179694
1 17  0.553391  0.962409
1 18  0.552233  1.000485
1 19  0.541957  1.047281
1 20  0.552308  1.000236
1 21  0.554311  0.962459
1 22  0.543505  1.309199
1 23  0.572502  1.111252
1 24  0.543349  1.200469
1 25  0.573512  1.238358
1 26  0.573168  1.111753
2 3  0.537227  1.054452
2 4  0.541520  0.838304
2 5  0.540989  0.858592
2 6  0.533157  0.944674
2 7  0.545148  0.864542
2 8  0.547812  0.859208
2 9  0.568456  0.985269
2 10  0.548686  0.966980
2 11  0.567039  1.204255
2 12  0.548076  1.108090
2 13  0.569688  1.116262
2 14  0.537890  1.070537
2 15  0.256956  0.724438
2 16  0.542502  1.072730
2 17  0.546288  0.846682
2 18  0.547289  0.881872
2 19  0.538022  0.933410
2 20  0.548220  0.885471
2 21  0.549998  0.847429
2 22  0.568906  1.235324
2 23  0.569040  0.996713
2 24  0.542182  1.097991
2 25  0.570362  1.125364
2 26  0.542423  0.964830
3 4  0.551918  0.966350
3 5  0.549307  0.967412
3 6  0.532620  1.010504
3 7  0.549378  0.975335
3 8  0.551936  0.956649
3 9  0.571137  1.081956
3 10  0.572902  1.092266
3 11  0.549049  1.288253
3 12  0.571080  1.187678
3 13  0.548389  1.215835
3 14  0.546292  1.170749
3 15  0.541641  1.037704
3 16  0.270209  1.028173
3 17  0.554212  0.956415
3 18  0.552295  0.995582
3 19  0.537905  1.041332
3 20  0.552354  0.992671
3 21  0.553581  0.955954
3 22  0.543726  1.303321
3 23  0.573063  1.104069
3 24  0.573767  1.236503
3 25  0.543159  1.190515
3 26  0.572714  1.106470
4 5  0.512475  0.745118
4 6  0.547900  0.856940
4 7  0.559798  0.779510
4 8  0.562459  0.771702
4 9  0.583134  0.902444
4 10  0.552561  0.883665
4 11  0.583382  1.137795
4 12  0.582615  1.035703
4 13  0.584523  1.045599
4 14  0.556520  0.984194
4 15  0.548432  0.841701
4 16  0.557369  0.987335
4 17  0.280276  0.523289
4 18  0.509715  0.750340
4 19  0.552659  0.846098
4 20  0.563002  0.797864
4 21  0.564690  0.759630
4 22  0.583786  1.150929
4 23  0.583829  0.909607
4 24  0.585331  1.043445
4 25  0.585807  1.039228
4 26  0.544688  0.870321
5 6  0.545347  0.860589
5 7  0.557247  0.786586
5 8  0.559908  0.777703
5 9  0.580583  0.908430
5 10  0.550992  0.886033
5 11  0.580592  1.140856
5 12  0.578409  1.027436
5 13  0.581963  1.055753
5 14  0.554476  0.989483
5 15  0.548622  0.844959
5 16  0.554455  0.993395
5 17  0.509631  0.720896
5 18  0.279576  0.580391
5 19  0.550032  0.852341
5 20  0.560460  0.804205
5 21  0.562139  0.765954
5 22  0.580677  1.157168
5 23  0.581277  0.915909
5 24  0.582050  1.050391
5 25  0.583247  1.045676
5 26  0.542157  0.876477
6 7  0.541358  0.856379
6 8  0.541995  0.834608
6 9  0.548706  0.963776
6 10  0.569023  0.983134
6 11  0.567319  1.202107
6 12  0.570502  1.111461
6 13  0.547700  1.107887
6 14  0.542766  1.066642
6 15  0.537928  0.926813
6 16  0.538170  1.070373
6 17  0.550125  0.844459
6 18  0.548436  0.883883
6 19  0.257391  0.724614
6 20  0.547639  0.877156
6 21  0.546737  0.843266
6 22  0.569187  1.232254
6 23  0.542565  0.960014
6 24  0.570867  1.126580
6 25  0.542123  1.090601
6 26  0.569483  0.994989
7 8  0.512710  0.745127
7 9  0.550811  0.885835
7 10  0.580951  0.910045
7 11  0.580680  1.141485
7 12  0.582582  1.054084
7 13  0.577964  1.030455
7 14  0.554526  0.991367
7 15  0.549740  0.849856
7 16  0.554574  0.993403
7 17  0.562067  0.767131
7 18  0.560478  0.806764
7 19  0.549091  0.849306
7 20  0.279525  0.579375
7 21  0.509810  0.721528
7 22  0.580778  1.158094
7 23  0.542099  0.876116
7 24  0.583561  1.051028
7 25  0.581925  1.046937
7 26  0.581525  0.918309
8 9  0.552466  0.882344
8 10  0.583612  0.902329
8 11  0.583579  1.137053
8 12  0.585252  1.042376
8 13  0.582280  1.037485
8 14  0.557543  0.983461
8 15  0.552475  0.841756
8 16  0.556709  0.986278
8 17  0.564729  0.758948
8 18  0.563131  0.798565
8 19  0.549004  0.844245
8 20  0.509924  0.747752
8 21  0.280407  0.521723
8 22  0.583974  1.150036
8 23  0.544669  0.867907
8 24  0.586228  1.042738
8 25  0.585295  1.038161
8 26  0.584186  0.910155
9 10  0.604276  1.024421
9 11  0.602344  1.220263
9 12  0.605924  1.176210
9 13  0.593808  1.165949
9 14  0.577233  1.112589
9 15  0.572982  0.971561
9 16  0.577657  1.115171
9 17  0.585370  0.889212
9 18  0.583758  0.928705
9 19  0.547218  0.944286
9 20  0.545059  0.888132
9 21  0.544637  0.845959
9 22  0.604354  1.277738
9 23  0.374039  0.903942
9 24  0.606433  1.171677
9 25  0.587182  1.137703
9 26  0.604886  1.039718
10 11  0.602620  1.221009
10 12  0.594570  1.164970
10 13  0.605674  1.179134
10 14  0.577909  1.112973
10 15  0.547111  0.941481
10 16  0.577528  1.116275
10 17  0.544748  0.846689
10 18  0.545248  0.890521
10 19  0.573634  0.975723
10 20  0.584106  0.927844
10 21  0.585808  0.889730
10 22  0.604619  1.278461
10 23  0.605006  1.039008
10 24  0.587593  1.142828
10 25  0.606485  1.168021
10 26  0.374399  0.906411
11 12  0.591677  1.388471
11 13  0.591293  1.389302
11 14  0.548050  1.305655
11 15  0.572883  1.205294
11 16  0.548243  1.308690
11 17  0.585367  1.125115
11 18  0.583197  1.164281
11 19  0.573251  1.208626
11 20  0.583256  1.162688
11 21  0.585512  1.124900
11 22  0.374484  1.452641
11 23  0.604289  1.272146
11 24  0.584629  1.359002
11 25  0.584381  1.354353
11 26  0.604453  1.273580
12 13  0.605900  1.294433
12 14  0.547865  1.210917
12 15  0.544561  1.084179
12 16  0.577834  1.260763
12 17  0.586674  1.037206
12 18  0.584065  1.076865
12 19  0.574618  1.121766
12 20  0.585807  1.074997
12 21  0.587487  1.036974
12 22  0.584552  1.378692
12 23  0.606294  1.185275
12 24  0.372746  1.226028
12 25  0.608352  1.313402
12 26  0.587888  1.159931
13 14  0.577296  1.260306
13 15  0.573726  1.120886
13 16  0.547412  1.216678
13 17  0.586799  1.039747
13 18  0.585207  1.079136
13 19  0.544359  1.090082
13 20  0.583617  1.077840
13 21  0.586301  1.039535
13 22  0.584276  1.380851
13 23  0.587259  1.161260
13 24  0.608045  1.320224
13 25  0.372151  1.223970
13 26  0.605926  1.189235
14 15  0.542023  1.012012
14 16  0.548320  1.187506
14 17  0.559502  0.963579
14 18  0.557886  1.009835
14 19  0.547635  1.055155
14 20  0.557961  0.996972
14 21  0.559721  0.967164
14 22  0.553944  1.303240
14 23  0.578625  1.107213
14 24  0.554467  1.226301
14 25  0.576750  1.189655
14 26  0.576934  1.105454
15 16  0.547278  1.054687
15 17  0.548049  0.811285
15 18  0.547777  0.862018
15 19  0.542624  0.914555
15 20  0.553036  0.862814
15 21  0.554720  0.827679
15 22  0.571731  1.200402
15 23  0.573875  0.973676
15 24  0.553089  1.086521
15 25  0.575686  1.088659
15 26  0.552766  0.958331
16 17  0.559584  0.970208
16 18  0.557913  1.001102
16 19  0.542338  1.016900
16 20  0.557976  1.011188
16 21  0.559676  0.966066
16 22  0.554168  1.303953
16 23  0.576800  1.106748
16 24  0.576932  1.194880
16 25  0.554124  1.223953
16 26  0.578803  1.111101
17 18  0.517182  0.751569
17 19  0.554942  0.831265
17 20  0.565278  0.783545
17 21  0.566960  0.745367
17 22  0.586323  1.137998
17 23  0.586123  0.896041
17 24  0.585009  1.015232
17 25  0.588071  1.020950
17 26  0.555939  0.882136
18 19  0.553348  0.867582
18 20  0.563687  0.823769
18 21  0.565369  0.784893
18 22  0.584450  1.167153
18 23  0.584534  0.934631
18 24  0.582107  1.035515
18 25  0.586458  1.062285
18 26  0.554396  0.902766
19 20  0.548215  0.863841
19 21  0.548580  0.814311
19 22  0.572107  1.202383
19 23  0.553011  0.959941
19 24  0.576276  1.095296
19 25  0.553101  1.084962
19 26  0.574416  0.978193
20 21  0.517366  0.749823
20 22  0.584531  1.166297
20 23  0.554320  0.900215
20 24  0.586751  1.065175
20 25  0.581946  1.030284
20 26  0.584763  0.934555
21 22  0.586486  1.137731
21 23  0.555912  0.880165
21 24  0.588454  1.025023
21 25  0.584941  1.010802
21 26  0.586443  0.897243
22 23  0.603433  1.235186
22 24  0.593999  1.389237
22 25  0.594057  1.387806
22 26  0.603570  1.236033
23 24  0.607602  1.177239
23 25  0.595897  1.152542
23 26  0.605604  1.039683
24 25  0.607683  1.275592
24 26  0.596255  1.157305
25 26  0.607536  1.174501
