   -993.89629319
   -994.20938334     -994.07737807
0.00001153537723
2 2 2 2 2 2 2 2 2 2 2 2 2 0 0 0 0 0 0 0 0 0 0 0 0 0 
1  0.271694  0.590076
2  0.267197  0.476365
3  0.271741  0.583802
4  0.281488  0.388273
5  0.278879  0.394826
6  0.267473  0.473086
7  0.278958  0.395762
8  0.281681  0.387296
9  0.302515  0.518141
10  0.302812  0.518985
11  0.303303  0.753003
12  0.304964  0.665349
13  0.304418  0.667835
14  0.277163  0.598271
15  0.271890  0.457942
16  0.277186  0.601248
17  0.283797  0.374657
18  0.282104  0.414860
19  0.272264  0.461325
20  0.282166  0.413192
21  0.283950  0.374372
22  0.303987  0.765606
23  0.303269  0.524861
24  0.305900  0.658246
25  0.305660  0.653795
26  0.303442  0.526416
1 2  0.533882  1.020230
1 3  0.540509  1.158101
1 4  0.552950  0.964836
1 5  0.550439  0.982379
1 6  0.539057  1.059194
1 7  0.550520  0.975665
1 8  0.553308  0.973064
1 9  0.573978  1.098934
1 10  0.572759  1.089794
1 11  0.550646  1.291932
1 12  0.550762  1.220031
1 13  0.572325  1.195141
1 14  0.271773  1.030993
1 15  0.539102  1.045997
1 16  0.548056  1.179914
1 17  0.554640  0.963931
1 18  0.553431  1.002446
1 19  0.543569  1.048988
1 20  0.553498  1.002180
1 21  0.555611  0.963903
1 22  0.545330  1.309684
1 23  0.573917  1.112963
1 24  0.545193  1.201503
1 25  0.575369  1.238909
1 26  0.574613  1.113551
2 3  0.538828  1.056167
2 4  0.542577  0.841244
2 5  0.541996  0.861875
2 6  0.534564  0.947870
2 7  0.546149  0.867665
2 8  0.548875  0.862239
2 9  0.569678  0.988595
2 10  0.549913  0.970498
2 11  0.568689  1.205548
2 12  0.549770  1.110231
2 13  0.571399  1.118206
2 14  0.539496  1.072289
2 15  0.258140  0.728005
2 16  0.544130  1.074347
2 17  0.547382  0.849831
2 18  0.548288  0.885538
2 19  0.539449  0.936800
2 20  0.549196  0.889054
2 21  0.551087  0.850506
2 22  0.570562  1.236850
2 23  0.570301  1.000030
2 24  0.543825  1.100319
2 25  0.572001  1.127485
2 26  0.543663  0.968490
3 4  0.553162  0.967790
3 5  0.550488  0.968853
3 6  0.534149  1.012059
3 7  0.550565  0.977042
3 8  0.553185  0.957954
3 9  0.572512  1.083613
3 10  0.574322  1.094128
3 11  0.550863  1.288134
3 12  0.572897  1.188270
3 13  0.550220  1.216575
3 14  0.548085  1.170974
3 15  0.543246  1.039471
3 16  0.271811  1.027455
3 17  0.555504  0.957919
3 18  0.553477  0.997587
3 19  0.539492  1.043133
3 20  0.553534  0.994569
3 21  0.554813  0.957413
3 22  0.545540  1.303803
3 23  0.574485  1.105762
3 24  0.575626  1.237087
3 25  0.544978  1.191499
3 26  0.574125  1.108283
4 5  0.513111  0.748440
4 6  0.548958  0.859961
4 7  0.560445  0.782608
4 8  0.563167  0.774573
4 9  0.584001  0.905764
4 10  0.553451  0.887123
4 11  0.584716  1.139048
4 12  0.583967  1.037623
4 13  0.585885  1.047384
4 14  0.557746  0.985753
4 15  0.549490  0.845011
4 16  0.558641  0.988872
4 17  0.280930  0.526663
4 18  0.510353  0.754185
4 19  0.553733  0.849334
4 20  0.563642  0.801291
4 21  0.565436  0.762548
4 22  0.585089  1.152251
4 23  0.584726  0.912751
4 24  0.586659  1.045379
4 25  0.587128  1.041128
4 26  0.545588  0.873775
5 6  0.546346  0.863659
5 7  0.557836  0.789970
5 8  0.560558  0.780756
5 9  0.581393  0.911916
5 10  0.551832  0.889621
5 11  0.581868  1.142256
5 12  0.579705  1.029380
5 13  0.583264  1.057888
5 14  0.555693  0.991203
5 15  0.549638  0.848487
5 16  0.555654  0.995145
5 17  0.510322  0.724400
5 18  0.280064  0.584416
5 19  0.551040  0.855789
5 20  0.561045  0.807846
5 21  0.562826  0.769084
5 22  0.581898  1.158715
5 23  0.582118  0.919269
5 24  0.583313  1.052559
5 25  0.584509  1.047795
5 26  0.543002  0.880152
6 7  0.542350  0.859561
6 8  0.543040  0.837410
6 9  0.549909  0.967124
6 10  0.570251  0.986491
6 11  0.568963  1.203336
6 12  0.572216  1.113403
6 13  0.549373  1.109864
6 14  0.544385  1.068184
6 15  0.539352  0.930183
6 16  0.539767  1.072032
6 17  0.551211  0.847514
6 18  0.549410  0.887445
6 19  0.258568  0.728006
6 20  0.548625  0.880679
6 21  0.547817  0.846269
6 22  0.570836  1.233698
6 23  0.543787  0.963493
6 24  0.572511  1.128650
6 25  0.543747  1.092808
6 26  0.570747  0.998326
7 8  0.513336  0.748355
7 9  0.551631  0.889288
7 10  0.581769  0.913612
7 11  0.581951  1.142860
7 12  0.583889  1.056274
7 13  0.579242  1.032304
7 14  0.555718  0.993105
7 15  0.550748  0.853347
7 16  0.555786  0.995094
7 17  0.562753  0.770303
7 18  0.561063  0.810445
7 19  0.550095  0.852751
7 20  0.280003  0.583294
7 21  0.510489  0.724958
7 22  0.581995  1.159618
7 23  0.542928  0.879672
7 24  0.584831  1.053161
7 25  0.583169  1.049049
7 26  0.582370  0.921752
8 9  0.553337  0.885631
8 10  0.584491  0.905685
8 11  0.584909  1.138242
8 12  0.586624  1.044176
8 13  0.583617  1.039264
8 14  0.558812  0.984936
8 15  0.553551  0.844986
8 16  0.557931  0.987757
8 17  0.565476  0.761858
8 18  0.563773  0.801982
8 19  0.550054  0.847420
8 20  0.510554  0.751465
8 21  0.281053  0.524937
8 22  0.585274  1.151289
8 23  0.545558  0.871189
8 24  0.587559  1.044602
8 25  0.586607  1.039990
8 26  0.585091  0.913332
9 10  0.605313  1.027811
9 11  0.603800  1.221389
9 12  0.607455  1.178643
9 13  0.595280  1.168178
9 14  0.578635  1.114496
9 15  0.574211  0.975204
9 16  0.579069  1.117056
9 17  0.586272  0.892522
9 18  0.584555  0.932521
9 19  0.548421  0.948042
9 20  0.545859  0.892090
9 21  0.545528  0.849381
9 22  0.605823  1.279473
9 23  0.375047  0.907748
9 24  0.607911  1.173947
9 25  0.588614  1.139953
9 26  0.605956  1.043287
10 11  0.604089  1.222214
10 12  0.596069  1.167381
10 13  0.607207  1.181590
10 14  0.579336  1.114972
10 15  0.548334  0.945400
10 16  0.578943  1.118278
10 17  0.545660  0.850271
10 18  0.546067  0.894639
10 19  0.574873  0.979410
10 20  0.584913  0.931704
10 21  0.586721  0.893082
10 22  0.606102  1.280298
10 23  0.606080  1.042579
10 24  0.589050  1.145206
10 25  0.607963  1.170361
10 26  0.375428  0.910467
11 12  0.593566  1.388836
11 13  0.593168  1.389606
11 14  0.549938  1.306153
11 15  0.574573  1.206881
11 16  0.550126  1.309190
11 17  0.586725  1.126346
11 18  0.584442  1.166049
11 19  0.574936  1.210151
11 20  0.584496  1.164395
11 21  0.586866  1.126068
11 22  0.376453  1.452062
11 23  0.605816  1.273634
11 24  0.586500  1.359474
11 25  0.586241  1.354795
11 26  0.605992  1.275168
12 13  0.607865  1.295540
12 14  0.549728  1.212128
12 15  0.546281  1.086832
12 16  0.579765  1.261535
12 17  0.588076  1.039299
12 18  0.585365  1.079491
12 19  0.576291  1.124172
12 20  0.587115  1.077547
12 21  0.588898  1.039008
12 22  0.586429  1.379425
12 23  0.607854  1.187561
12 24  0.374635  1.227059
12 25  0.610324  1.314515
12 26  0.589424  1.162278
13 14  0.579212  1.261014
13 15  0.575394  1.123280
13 16  0.549266  1.217799
13 17  0.588200  1.041767
13 18  0.586506  1.081668
13 19  0.546061  1.092621
13 20  0.584899  1.080328
13 21  0.587685  1.041490
13 22  0.586142  1.381516
13 23  0.588772  1.163434
13 24  0.610018  1.321298
13 25  0.374015  1.224861
13 26  0.607483  1.191542
14 15  0.543615  1.013730
14 16  0.550098  1.187677
14 17  0.560815  0.965018
14 18  0.559097  1.011853
14 19  0.549266  1.056948
14 20  0.559156  0.998528
14 21  0.561019  0.968522
14 22  0.555760  1.303232
14 23  0.580082  1.108744
14 24  0.556287  1.226910
14 25  0.578546  1.190227
14 26  0.578357  1.106995
15 16  0.548915  1.056529
15 17  0.549151  0.814377
15 18  0.548773  0.865719
15 19  0.544055  0.918051
15 20  0.554045  0.866248
15 21  0.555831  0.830801
15 22  0.573355  1.201883
15 23  0.575145  0.976998
15 24  0.554764  1.088592
15 25  0.577371  1.090596
15 26  0.554010  0.961784
16 17  0.560888  0.971615
16 18  0.559115  1.002696
16 19  0.543927  1.018563
16 20  0.559183  1.013136
16 21  0.560985  0.967435
16 22  0.555981  1.303931
16 23  0.578212  1.108184
16 24  0.578740  1.195462
16 25  0.555935  1.224527
16 26  0.580272  1.112723
17 18  0.517844  0.755128
17 19  0.556051  0.834381
17 20  0.565961  0.786866
17 21  0.567745  0.748194
17 22  0.587671  1.139315
17 23  0.587064  0.899160
17 24  0.586345  1.016900
17 25  0.589430  1.022616
17 26  0.556901  0.885430
18 19  0.554356  0.871000
18 20  0.564268  0.827661
18 21  0.566052  0.788211
18 22  0.585706  1.168827
18 23  0.585373  0.938173
18 24  0.583370  1.037518
18 25  0.587711  1.064534
18 26  0.555261  0.906365
19 20  0.549200  0.867420
19 21  0.549673  0.817285
19 22  0.573726  1.203800
19 23  0.554237  0.963233
19 24  0.577969  1.097198
19 25  0.554760  1.086936
19 26  0.575692  0.981548
20 21  0.518017  0.753258
20 22  0.585782  1.167924
20 23  0.555170  0.903657
20 24  0.588012  1.067400
20 25  0.583190  1.032207
20 26  0.585607  0.938144
21 22  0.587829  1.138985
21 23  0.556859  0.883290
21 24  0.589823  1.026659
21 25  0.586260  1.012380
21 26  0.587390  0.900402
22 23  0.604898  1.236183
22 24  0.595844  1.389577
22 25  0.595886  1.388114
22 26  0.605046  1.237113
23 24  0.609126  1.179315
23 25  0.597363  1.154476
23 26  0.606705  1.042722
24 25  0.609563  1.276342
24 26  0.597746  1.159368
25 26  0.609058  1.176648
