   -993.89629319
   -994.20945897     -994.07758411
0.00000710866928
2 2 2 2 2 2 2 2 2 2 2 2 2 0 0 0 0 0 0 0 0 0 0 0 0 0 
1  0.271955  0.590097
2  0.267425  0.476823
3  0.272002  0.583829
4  0.281580  0.388744
5  0.278946  0.395446
6  0.267702  0.473530
7  0.279027  0.396378
8  0.281774  0.387749
9  0.302675  0.518690
10  0.302970  0.519563
11  0.303578  0.752858
12  0.305240  0.665491
13  0.304696  0.667965
14  0.277434  0.598312
15  0.272111  0.458474
16  0.277460  0.601289
17  0.283901  0.375098
18  0.282178  0.415513
19  0.272489  0.461842
20  0.282242  0.413822
21  0.284056  0.374802
22  0.304253  0.765542
23  0.303422  0.525370
24  0.306180  0.658299
25  0.305939  0.653841
26  0.303592  0.526953
1 2  0.534358  1.020702
1 3  0.541011  1.158157
1 4  0.553304  0.965284
1 5  0.550766  0.983015
1 6  0.539545  1.059666
1 7  0.550842  0.976164
1 8  0.553659  0.973500
1 9  0.574399  1.099468
1 10  0.573170  1.090339
1 11  0.551161  1.291841
1 12  0.551272  1.220236
1 13  0.572846  1.195262
1 14  0.272251  1.030859
1 15  0.539578  1.046561
1 16  0.548583  1.180028
1 17  0.554987  0.964403
1 18  0.553766  1.003109
1 19  0.544056  1.049511
1 20  0.553825  1.002830
1 21  0.555978  0.964355
1 22  0.545842  1.309817
1 23  0.574317  1.113502
1 24  0.545725  1.201748
1 25  0.575907  1.239015
1 26  0.575017  1.114114
2 3  0.539315  1.056659
2 4  0.542898  0.842100
2 5  0.542292  0.862927
2 6  0.535015  0.948754
2 7  0.546444  0.868638
2 8  0.549195  0.863128
2 9  0.570064  0.989540
2 10  0.550288  0.971517
2 11  0.569176  1.205826
2 12  0.550258  1.110794
2 13  0.571901  1.118689
2 14  0.539988  1.072801
2 15  0.258528  0.729056
2 16  0.544632  1.074834
2 17  0.547711  0.850733
2 18  0.548589  0.886656
2 19  0.539901  0.937774
2 20  0.549489  0.890140
2 21  0.551420  0.851392
2 22  0.571049  1.237246
2 23  0.570680  1.001001
2 24  0.544313  1.100907
2 25  0.572484  1.128008
2 26  0.544029  0.969581
3 4  0.553511  0.968250
3 5  0.550809  0.969363
3 6  0.534625  1.012523
3 7  0.550893  0.977679
3 8  0.553540  0.958393
3 9  0.572924  1.084138
3 10  0.574741  1.094699
3 11  0.551380  1.288045
3 12  0.573415  1.188406
3 13  0.550731  1.216770
3 14  0.548610  1.171092
3 15  0.543729  1.040014
3 16  0.272295  1.027332
3 17  0.555869  0.958388
3 18  0.553801  0.998265
3 19  0.539973  1.043689
3 20  0.553871  0.995215
3 21  0.555162  0.957878
3 22  0.546053  1.303939
3 23  0.574892  1.106302
3 24  0.576164  1.237205
3 25  0.545508  1.191740
3 26  0.574521  1.108856
4 5  0.513249  0.749578
4 6  0.549278  0.860856
4 7  0.560605  0.783647
4 8  0.563353  0.775467
4 9  0.584253  0.906777
4 10  0.553712  0.888176
4 11  0.585080  1.139364
4 12  0.584325  1.038176
4 13  0.586256  1.047890
4 14  0.558090  0.986271
4 15  0.549800  0.846017
4 16  0.559006  0.989381
4 17  0.281127  0.527684
4 18  0.510497  0.755432
4 19  0.554051  0.850322
4 20  0.563809  0.802391
4 21  0.565635  0.763448
4 22  0.585449  1.152648
4 23  0.584969  0.913731
4 24  0.587028  1.045902
4 25  0.587500  1.041641
4 26  0.545835  0.874850
5 6  0.546641  0.864625
5 7  0.557971  0.791191
5 8  0.560719  0.781780
5 9  0.581619  0.913052
5 10  0.552077  0.890784
5 11  0.582214  1.142699
5 12  0.580051  1.030000
5 13  0.583606  1.058576
5 14  0.556032  0.991851
5 15  0.549927  0.849642
5 16  0.555983  0.995803
5 17  0.510473  0.725577
5 18  0.280192  0.585807
5 19  0.551324  0.856924
5 20  0.561187  0.809095
5 21  0.562999  0.770133
5 22  0.582222  1.159265
5 23  0.582335  0.920397
5 24  0.583660  1.053236
5 25  0.584854  1.048460
5 26  0.543231  0.881367
6 7  0.542649  0.860594
6 8  0.543365  0.838238
6 9  0.550288  0.968104
6 10  0.570637  0.987454
6 11  0.569452  1.203605
6 12  0.572718  1.113888
6 13  0.549863  1.110398
6 14  0.544886  1.068659
6 15  0.539801  0.931158
6 16  0.540264  1.072530
6 17  0.551543  0.848398
6 18  0.549701  0.888540
6 19  0.258961  0.729020
6 20  0.548929  0.881760
6 21  0.548149  0.847146
6 22  0.571323  1.234080
6 23  0.544157  0.964541
6 24  0.572996  1.129165
6 25  0.544236  1.093378
6 26  0.571123  0.999312
7 8  0.513476  0.749467
7 9  0.551878  0.890416
7 10  0.581995  0.914771
7 11  0.582298  1.143298
7 12  0.584230  1.056970
7 13  0.579591  1.032907
7 14  0.556045  0.993760
7 15  0.551029  0.854492
7 16  0.556129  0.995737
7 17  0.562925  0.771359
7 18  0.561204  0.811713
7 19  0.550390  0.853889
7 20  0.280133  0.584653
7 21  0.510644  0.726118
7 22  0.582319  1.160164
7 23  0.543161  0.880855
7 24  0.585178  1.053829
7 25  0.583516  1.049717
7 26  0.582585  0.922905
8 9  0.553602  0.886636
8 10  0.584743  0.906710
8 11  0.585276  1.138539
8 12  0.586993  1.044679
8 13  0.583979  1.039786
8 14  0.559175  0.985428
8 15  0.553867  0.845968
8 16  0.558280  0.988255
8 17  0.565674  0.762750
8 18  0.563939  0.803087
8 19  0.550370  0.848392
8 20  0.510702  0.752669
8 21  0.281253  0.525919
8 22  0.585636  1.151666
8 23  0.545810  0.872216
8 24  0.587934  1.045102
8 25  0.586978  1.040487
8 26  0.585332  0.914321
9 10  0.605630  1.028777
9 11  0.604224  1.221627
9 12  0.607890  1.179323
9 13  0.595704  1.168809
9 14  0.579050  1.115091
9 15  0.574589  0.976287
9 16  0.579496  1.117649
9 17  0.586531  0.893512
9 18  0.584782  0.933722
9 19  0.548791  0.949174
9 20  0.546110  0.893322
9 21  0.545793  0.850421
9 22  0.606249  1.279976
9 23  0.375341  0.908947
9 24  0.608354  1.174548
9 25  0.589036  1.140559
9 26  0.606265  1.044367
10 11  0.604510  1.222474
10 12  0.596490  1.168053
10 13  0.607642  1.182286
10 14  0.579757  1.115596
10 15  0.548698  0.946575
10 16  0.579360  1.118902
10 17  0.545921  0.851351
10 18  0.546314  0.895927
10 19  0.575252  0.980508
10 20  0.585141  0.932912
10 21  0.586979  0.894091
10 22  0.606526  1.280829
10 23  0.606391  1.043660
10 24  0.589470  1.145846
10 25  0.608403  1.170985
10 26  0.375719  0.911731
11 12  0.594083  1.388818
11 13  0.593688  1.389579
11 14  0.550472  1.306229
11 15  0.575062  1.207275
11 16  0.550667  1.309267
11 17  0.587104  1.126633
11 18  0.584776  1.166553
11 19  0.575429  1.210531
11 20  0.584833  1.164876
11 21  0.587248  1.126344
11 22  0.377018  1.451806
11 23  0.606243  1.274017
11 24  0.587024  1.359443
11 25  0.586765  1.354757
11 26  0.606416  1.275579
12 13  0.608398  1.295783
12 14  0.550255  1.212472
12 15  0.546767  1.087581
12 16  0.580313  1.261757
12 17  0.588452  1.039881
12 18  0.585714  1.080289
12 19  0.576773  1.124845
12 20  0.587467  1.078316
12 21  0.589281  1.039572
12 22  0.586941  1.379575
12 23  0.608279  1.188216
12 24  0.375174  1.227242
12 25  0.610873  1.314741
12 26  0.589836  1.162950
13 14  0.579759  1.261223
13 15  0.575873  1.123954
13 16  0.549799  1.218130
13 17  0.588584  1.042330
13 18  0.586858  1.082447
13 19  0.546552  1.093348
13 20  0.585254  1.081091
13 21  0.588066  1.042048
13 22  0.586657  1.381656
13 23  0.589190  1.164068
13 24  0.610571  1.321519
13 25  0.374557  1.225018
13 26  0.607908  1.192211
14 15  0.544090  1.014267
14 16  0.550623  1.187795
14 17  0.561191  0.965474
14 18  0.559440  1.012547
14 19  0.549760  1.057517
14 20  0.559497  0.999040
14 21  0.561393  0.968957
14 22  0.556277  1.303225
14 23  0.580506  1.109244
14 24  0.556817  1.227044
14 25  0.579078  1.190341
14 26  0.578761  1.107482
15 16  0.549409  1.057111
15 17  0.549480  0.815288
15 18  0.549066  0.866881
15 19  0.544500  0.919080
15 20  0.554341  0.867284
15 21  0.556157  0.831722
15 22  0.573821  1.202293
15 23  0.575519  0.977994
15 24  0.555244  1.089132
15 25  0.577871  1.091080
15 26  0.554376  0.962822
16 17  0.561263  0.972060
16 18  0.559457  1.003226
16 19  0.544408  1.019087
16 20  0.559531  1.013806
16 21  0.561367  0.967879
16 22  0.556501  1.303923
16 23  0.578623  1.108644
16 24  0.579274  1.195579
16 25  0.556466  1.224653
16 26  0.580696  1.113249
17 18  0.517996  0.756268
17 19  0.556380  0.835298
17 20  0.566141  0.787898
17 21  0.567956  0.749034
17 22  0.588040  1.139690
17 23  0.587322  0.900108
17 24  0.586717  1.017329
17 25  0.589814  1.023025
17 26  0.557169  0.886421
18 19  0.554654  0.872040
18 20  0.564416  0.828937
18 21  0.566231  0.789254
18 22  0.586050  1.169358
18 23  0.585599  0.939286
18 24  0.583725  1.038093
18 25  0.588061  1.065180
18 26  0.555502  0.907503
19 20  0.549500  0.868544
19 21  0.550008  0.818171
19 22  0.574198  1.204194
19 23  0.554611  0.964230
19 24  0.578474  1.097671
19 25  0.555242  1.087455
19 26  0.576067  0.982558
20 21  0.518174  0.754363
20 22  0.586129  1.168440
20 23  0.555416  0.904748
20 24  0.588366  1.068030
20 25  0.583546  1.032761
20 26  0.585833  0.939265
21 22  0.588201  1.139347
21 23  0.557133  0.884240
21 24  0.590210  1.027062
21 25  0.586634  1.012795
21 26  0.587646  0.901367
22 23  0.605311  1.236444
22 24  0.596361  1.389581
22 25  0.596402  1.388114
22 26  0.605455  1.237398
23 24  0.609559  1.179875
23 25  0.597780  1.155007
23 26  0.607007  1.043609
24 25  0.610105  1.276431
24 26  0.598161  1.159931
25 26  0.609486  1.177231
