   -993.89110434
   -994.19917900     -994.05740231
0.00018165065170
2 2 2 2 2 2 2 2 2 2 2 2 2 0 0 0 0 0 0 0 0 0 0 0 0 0 
1  0.271952  0.575213
2  0.276307  0.606053
3  0.261744  0.369469
4  0.274066  0.330531
5  0.271624  0.324571
6  0.291647  0.493160
7  0.289058  0.457334
8  0.265287  0.332399
9  0.268653  0.317425
10  0.293072  0.398722
11  0.294634  0.848513
12  0.279353  0.717419
13  0.278226  0.712329
14  0.276395  0.602968
15  0.277908  0.596832
16  0.267483  0.386930
17  0.275674  0.326643
18  0.274372  0.327489
19  0.294747  0.397332
20  0.291572  0.478143
21  0.293282  0.511939
22  0.279246  0.707077
23  0.268593  0.341632
24  0.294795  0.827371
25  0.270580  0.313120
26  0.282268  0.704311
1 2  0.503953  1.147421
1 3  0.533665  0.941535
1 4  0.546014  0.904447
1 5  0.543573  0.898346
1 6  0.563323  1.045884
1 7  0.560842  1.020160
1 8  0.537224  0.907213
1 9  0.540597  0.889892
1 10  0.565017  0.973250
1 11  0.546950  1.391670
1 12  0.545490  1.252226
1 13  0.544025  1.213331
1 14  0.260524  1.011447
1 15  0.500549  1.110272
1 16  0.539171  0.961380
1 17  0.547591  0.901643
1 18  0.546323  0.902481
1 19  0.566625  0.971967
1 20  0.563500  1.051925
1 21  0.564787  1.084629
1 22  0.548834  1.274130
1 23  0.540468  0.916235
1 24  0.536165  1.337337
1 25  0.542513  0.888030
1 26  0.553181  1.270027
2 3  0.538037  0.974433
2 4  0.550369  0.936296
2 5  0.547929  0.929650
2 6  0.567815  1.090808
2 7  0.565025  1.037590
2 8  0.541515  0.933279
2 9  0.544948  0.923157
2 10  0.569373  1.001363
2 11  0.548075  1.390231
2 12  0.548970  1.234486
2 13  0.550681  1.299102
2 14  0.500681  1.135730
2 15  0.263438  1.033278
2 16  0.543761  0.992177
2 17  0.551980  0.932485
2 18  0.550677  0.933286
2 19  0.571027  1.002709
2 20  0.567199  1.081896
2 21  0.569556  1.115743
2 22  0.554309  1.298433
2 23  0.544567  0.947273
2 24  0.540332  1.375422
2 25  0.546830  0.918954
2 26  0.555743  1.301121
3 4  0.529866  0.687053
3 5  0.529224  0.688141
3 6  0.522538  0.834878
3 7  0.550222  0.824794
3 8  0.526967  0.697202
3 9  0.530293  0.684809
3 10  0.533848  0.748134
3 11  0.556182  1.203491
3 12  0.540994  1.083844
3 13  0.538825  1.067340
3 14  0.537835  0.971658
3 15  0.539584  0.965663
3 16  0.255084  0.529998
3 17  0.534310  0.694633
3 18  0.535114  0.694070
3 19  0.528612  0.736535
3 20  0.553153  0.844637
3 21  0.518042  0.844562
3 22  0.538849  1.075336
3 23  0.530285  0.710923
3 24  0.556083  1.194662
3 25  0.532283  0.682461
3 26  0.543985  1.072526
4 5  0.499565  0.617009
4 6  0.562763  0.817396
4 7  0.563079  0.787724
4 8  0.539339  0.661942
4 9  0.542704  0.647304
4 10  0.539366  0.705117
4 11  0.568685  1.176186
4 12  0.553415  1.047573
4 13  0.552156  1.038183
4 14  0.550418  0.933217
4 15  0.551972  0.927139
4 16  0.537772  0.715687
4 17  0.267329  0.404947
4 18  0.496004  0.604143
4 19  0.532080  0.687960
4 20  0.565490  0.808183
4 21  0.566523  0.841090
4 22  0.552925  1.037228
4 23  0.542652  0.672085
4 24  0.568705  1.157252
4 25  0.544601  0.643606
4 26  0.556299  1.034541
5 6  0.558415  0.805245
5 7  0.560449  0.779975
5 8  0.536884  0.656769
5 9  0.540220  0.641207
5 10  0.537348  0.700841
5 11  0.566250  1.172416
5 12  0.550967  1.040389
5 13  0.549745  1.033785
5 14  0.548011  0.927293
5 15  0.549531  0.921169
5 16  0.538004  0.708977
5 17  0.496308  0.601208
5 18  0.267820  0.403289
5 19  0.529353  0.679723
5 20  0.562448  0.802387
5 21  0.563166  0.835915
5 22  0.550738  1.031374
5 23  0.540181  0.666118
5 24  0.566328  1.151389
5 25  0.541960  0.637578
5 26  0.553834  1.028556
6 7  0.571716  0.928834
6 8  0.555639  0.822093
6 9  0.557915  0.799318
6 10  0.569591  0.882535
6 11  0.585548  1.327213
6 12  0.570098  1.195757
6 13  0.562804  1.145403
6 14  0.567496  1.093551
6 15  0.569532  1.088150
6 16  0.521541  0.843665
6 17  0.566516  0.818499
6 18  0.563901  0.819889
6 19  0.562591  0.863668
6 20  0.571828  0.950471
6 21  0.337876  0.849489
6 22  0.563208  1.197053
6 23  0.559995  0.832530
6 24  0.583433  1.312560
6 25  0.560095  0.805254
6 26  0.572634  1.186906
7 8  0.519618  0.765798
7 9  0.521034  0.756875
7 10  0.581310  0.846086
7 11  0.582678  1.290605
7 12  0.562099  1.109887
7 13  0.566660  1.159988
7 14  0.565437  1.058884
7 15  0.566426  1.052206
7 16  0.556386  0.840803
7 17  0.564519  0.783638
7 18  0.562623  0.784529
7 19  0.582468  0.853915
7 20  0.348510  0.792348
7 21  0.571259  0.949885
7 22  0.566931  1.155180
7 23  0.513493  0.766399
7 24  0.580697  1.276554
7 25  0.513172  0.734832
7 26  0.564075  1.158975
8 9  0.488820  0.616326
8 10  0.558307  0.729649
8 11  0.559486  1.162543
8 12  0.543249  1.037365
8 13  0.543222  1.038837
8 14  0.541576  0.934871
8 15  0.542825  0.928856
8 16  0.532692  0.719177
8 17  0.540959  0.658994
8 18  0.539616  0.659823
8 19  0.559895  0.729637
8 20  0.512749  0.775207
8 21  0.558232  0.842255
8 22  0.544511  1.038157
8 23  0.265323  0.451354
8 24  0.559665  1.158661
8 25  0.485498  0.606165
8 26  0.545836  1.035780
9 10  0.561543  0.716027
9 11  0.563135  1.156793
9 12  0.547473  1.033820
9 13  0.546746  1.019351
9 14  0.545008  0.920074
9 15  0.546496  0.914012
9 16  0.536091  0.704230
9 17  0.544277  0.644021
9 18  0.542740  0.644760
9 19  0.562830  0.714449
9 20  0.515172  0.759639
9 21  0.559699  0.828311
9 22  0.547787  1.024000
9 23  0.485772  0.618628
9 24  0.563427  1.144123
9 25  0.266862  0.391345
9 26  0.550705  1.020737
10 11  0.587664  1.238922
10 12  0.572380  1.107782
10 13  0.571124  1.109435
10 14  0.569411  1.000988
10 15  0.570947  0.994833
10 16  0.532873  0.753753
10 17  0.530461  0.682525
10 18  0.531388  0.686295
10 19  0.359196  0.619436
10 20  0.583261  0.876230
10 21  0.562308  0.883802
10 22  0.572118  1.105006
10 23  0.561583  0.740268
10 24  0.587858  1.224281
10 25  0.563132  0.711647
10 26  0.575262  1.101891
11 12  0.549544  1.495935
11 13  0.548407  1.476508
11 14  0.542552  1.385750
11 15  0.539875  1.379759
11 16  0.561574  1.233000
11 17  0.570175  1.174541
11 18  0.568954  1.175394
11 19  0.589354  1.243949
11 20  0.583161  1.318048
11 21  0.585011  1.350335
11 22  0.541351  1.477890
11 23  0.562682  1.188851
11 24  0.380771  1.630063
11 25  0.565167  1.161031
11 26  0.546793  1.489374
12 13  0.522461  1.393756
12 14  0.554472  1.309235
12 15  0.554921  1.304656
12 16  0.546804  1.102508
12 17  0.555002  1.043793
12 18  0.553678  1.044574
12 19  0.574021  1.113711
12 20  0.564471  1.192657
12 21  0.571466  1.217498
12 22  0.519043  1.348011
12 23  0.546005  1.058062
12 24  0.541596  1.461405
12 25  0.549690  1.029557
12 26  0.317398  1.322859
13 14  0.551775  1.306227
13 15  0.554808  1.294663
13 16  0.543251  1.097793
13 17  0.553427  1.038648
13 18  0.552497  1.039542
13 19  0.572683  1.108876
13 20  0.567799  1.176705
13 21  0.562711  1.220559
13 22  0.317995  1.321548
13 23  0.546779  1.051457
13 24  0.543040  1.480837
13 25  0.548736  1.024895
13 26  0.518460  1.322060
14 15  0.508804  1.166229
14 16  0.543818  0.983732
14 17  0.552067  0.928541
14 18  0.550766  0.929467
14 19  0.571126  0.999514
14 20  0.567756  1.070333
14 21  0.569287  1.086345
14 22  0.548916  1.221641
14 23  0.544962  0.944131
14 24  0.549951  1.380542
14 25  0.546968  0.914021
14 26  0.552377  1.277696
15 16  0.545371  0.982849
15 17  0.553580  0.923248
15 18  0.552280  0.923385
15 19  0.572647  0.991766
15 20  0.569021  1.047194
15 21  0.570991  1.099110
15 22  0.551527  1.278744
15 23  0.546405  0.931613
15 24  0.550819  1.376378
15 25  0.548458  0.909414
15 26  0.553072  1.214744
16 17  0.536637  0.700177
16 18  0.536451  0.708204
16 19  0.539340  0.761825
16 20  0.558059  0.862901
16 21  0.529518  0.866315
16 22  0.545190  1.074847
16 23  0.536037  0.724236
16 24  0.561955  1.196043
16 25  0.537925  0.698074
16 26  0.549585  1.087925
17 18  0.503433  0.616182
17 19  0.543123  0.699895
17 20  0.567152  0.804610
17 21  0.564888  0.831771
17 22  0.554811  1.030469
17 23  0.544252  0.667552
17 24  0.570452  1.151556
17 25  0.546229  0.639321
17 26  0.557940  1.030530
18 19  0.541226  0.700597
18 20  0.565666  0.803207
18 21  0.562444  0.827306
18 22  0.553554  1.032582
18 23  0.542933  0.669062
18 24  0.569157  1.154314
18 25  0.544886  0.640073
18 26  0.556635  1.030474
19 20  0.585253  0.864908
19 21  0.573897  0.902031
19 22  0.573695  1.102081
19 23  0.563251  0.737146
19 24  0.589464  1.215777
19 25  0.565088  0.710335
19 26  0.576955  1.094523
20 21  0.574568  0.967020
20 22  0.570191  1.174401
20 23  0.525163  0.790966
20 24  0.585261  1.289126
20 25  0.526224  0.775162
20 26  0.566332  1.112686
21 22  0.564940  1.149721
21 23  0.560151  0.850897
21 24  0.586995  1.318513
21 25  0.561217  0.815176
21 26  0.574729  1.204488
22 23  0.547520  1.045174
22 24  0.550844  1.452059
22 25  0.549635  1.013480
22 26  0.524801  1.377496
23 24  0.562945  1.149313
23 25  0.493311  0.621530
23 26  0.548888  1.025727
24 25  0.565164  1.130989
24 26  0.553007  1.459978
25 26  0.552004  1.014824
