   -993.89110434
   -994.20210213     -994.06523978
0.00011925393117
2 2 2 2 2 2 2 2 2 2 2 2 2 0 0 0 0 0 0 0 0 0 0 0 0 0 
1  0.276219  0.548497
2  0.280715  0.580622
3  0.266730  0.387461
4  0.276563  0.334599
5  0.274319  0.327511
6  0.300562  0.545545
7  0.297481  0.509392
8  0.272287  0.371005
9  0.274716  0.352427
10  0.296733  0.401014
11  0.301033  0.819600
12  0.287803  0.717145
13  0.288251  0.714222
14  0.281107  0.574650
15  0.282226  0.578742
16  0.272316  0.402188
17  0.278335  0.328388
18  0.277054  0.328042
19  0.298661  0.399064
20  0.299963  0.530887
21  0.301530  0.549880
22  0.289434  0.700975
23  0.275592  0.381904
24  0.301407  0.804876
25  0.276742  0.344536
26  0.291211  0.714495
1 2  0.512649  1.097658
1 3  0.542898  0.931535
1 4  0.552775  0.881086
1 5  0.550533  0.873695
1 6  0.576319  1.065393
1 7  0.573453  1.043412
1 8  0.548486  0.918824
1 9  0.550927  0.896599
1 10  0.572941  0.948881
1 11  0.557726  1.341401
1 12  0.557380  1.228715
1 13  0.557617  1.194638
1 14  0.268377  0.946170
1 15  0.509607  1.073612
1 16  0.548239  0.950012
1 17  0.554493  0.876724
1 18  0.553269  0.876366
1 19  0.574803  0.947117
1 20  0.576157  1.077767
1 21  0.577183  1.095836
1 22  0.563060  1.243567
1 23  0.551704  0.929671
1 24  0.547181  1.296198
1 25  0.552896  0.892647
1 26  0.566170  1.254584
2 3  0.547432  0.966843
2 4  0.557273  0.914961
2 5  0.555031  0.906890
2 6  0.581061  1.116111
2 7  0.577716  1.061046
2 8  0.552896  0.945735
2 9  0.555405  0.932644
2 10  0.577438  0.977209
2 11  0.558786  1.341942
2 12  0.561333  1.215343
2 13  0.564439  1.277519
2 14  0.510287  1.091668
2 15  0.270905  0.981299
2 16  0.552993  0.981884
2 17  0.559046  0.908848
2 18  0.557764  0.908453
2 19  0.579332  0.979116
2 20  0.580024  1.108882
2 21  0.582211  1.127858
2 22  0.568716  1.268172
2 23  0.555877  0.962014
2 24  0.551352  1.334640
2 25  0.557350  0.924883
2 26  0.568844  1.287543
3 4  0.536987  0.707648
3 5  0.536484  0.708206
3 6  0.536188  0.901962
3 7  0.563589  0.894393
3 8  0.538955  0.751669
3 9  0.541332  0.736564
3 10  0.542194  0.768969
3 11  0.567516  1.187168
3 12  0.554401  1.100780
3 13  0.553637  1.080882
3 14  0.547456  0.961426
3 15  0.548855  0.965439
3 16  0.262909  0.565705
3 17  0.541783  0.714387
3 18  0.542677  0.712803
3 19  0.537297  0.758070
3 20  0.566524  0.914924
3 21  0.531267  0.904282
3 22  0.553681  1.087209
3 23  0.542237  0.769072
3 24  0.567634  1.190133
3 25  0.543432  0.731853
3 26  0.557910  1.100144
4 5  0.504898  0.623987
4 6  0.573822  0.871726
4 7  0.573987  0.843828
4 8  0.548836  0.703891
4 9  0.551252  0.685725
4 10  0.545515  0.711479
4 11  0.577576  1.149823
4 12  0.564359  1.051360
4 13  0.564649  1.041438
4 14  0.557592  0.909014
4 15  0.558782  0.913155
4 16  0.544947  0.735021
4 17  0.272033  0.410933
4 18  0.501485  0.611542
4 19  0.538517  0.695604
4 20  0.576357  0.864754
4 21  0.577180  0.883197
4 22  0.565480  1.035208
4 23  0.552145  0.716380
4 24  0.577750  1.138860
4 25  0.553254  0.679076
4 26  0.567735  1.048728
5 6  0.569611  0.858092
5 7  0.571549  0.834387
5 8  0.546560  0.698113
5 9  0.548946  0.678541
5 10  0.543571  0.706098
5 11  0.575343  1.146316
5 12  0.562113  1.042641
5 13  0.562467  1.036637
5 14  0.555412  0.901954
5 15  0.556540  0.906056
5 16  0.545423  0.727375
5 17  0.501910  0.608340
5 18  0.272645  0.406307
5 19  0.535908  0.686262
5 20  0.573413  0.857952
5 21  0.574054  0.876846
5 22  0.563592  1.028241
5 23  0.549864  0.709268
5 24  0.575567  1.131883
5 25  0.550729  0.671852
5 26  0.565476  1.041604
6 7  0.588597  1.028418
6 8  0.571406  0.910958
6 9  0.572626  0.881323
6 10  0.581961  0.937825
6 11  0.600710  1.346424
6 12  0.587344  1.245588
6 13  0.580534  1.179353
6 14  0.580954  1.117346
6 15  0.582748  1.121760
6 16  0.535269  0.915942
6 17  0.578005  0.872815
6 18  0.575389  0.872789
6 19  0.575339  0.920164
6 20  0.589012  1.052826
6 21  0.353844  0.951995
6 22  0.581427  1.242786
6 23  0.575835  0.924216
6 24  0.598549  1.339365
6 25  0.575058  0.889129
6 26  0.590330  1.244158
7 8  0.534225  0.855578
7 9  0.534990  0.844210
7 10  0.593313  0.898066
7 11  0.597394  1.311960
7 12  0.578053  1.150148
7 13  0.585000  1.212424
7 14  0.578569  1.082392
7 15  0.579181  1.085880
7 16  0.569623  0.907877
7 17  0.575596  0.837302
7 18  0.573581  0.837099
7 19  0.594851  0.907763
7 20  0.363402  0.907396
7 21  0.587907  1.037777
7 22  0.585517  1.200072
7 23  0.527995  0.855177
7 24  0.595649  1.304127
7 25  0.527035  0.814877
7 26  0.580807  1.220432
8 9  0.501022  0.688949
8 10  0.568928  0.770072
8 11  0.572789  1.167344
8 12  0.558469  1.072772
8 13  0.560192  1.076461
8 14  0.553232  0.944996
8 15  0.554077  0.949291
8 16  0.544499  0.772935
8 17  0.550613  0.699293
8 18  0.549290  0.698934
8 19  0.570823  0.769959
8 20  0.527241  0.863075
8 21  0.573434  0.918286
8 22  0.561697  1.070457
8 23  0.275044  0.534633
8 24  0.573258  1.174369
8 25  0.497895  0.674560
8 26  0.561797  1.084369
9 10  0.571218  0.753264
9 11  0.575537  1.159929
9 12  0.561839  1.068007
9 13  0.562829  1.051231
9 14  0.555681  0.926663
9 15  0.556815  0.930826
9 16  0.546983  0.754467
9 17  0.552977  0.680738
9 18  0.551414  0.680261
9 19  0.572751  0.751149
9 20  0.529126  0.845156
9 21  0.574007  0.901395
9 22  0.564062  1.052523
9 23  0.498037  0.690730
9 24  0.576099  1.156277
9 25  0.276949  0.464617
9 26  0.565672  1.065298
10 11  0.597701  1.211043
10 12  0.584486  1.107462
10 13  0.584722  1.113640
10 14  0.577765  0.975145
10 15  0.578886  0.979163
10 16  0.541207  0.773304
10 17  0.536710  0.688302
10 18  0.537721  0.690726
10 19  0.366220  0.623074
10 20  0.595381  0.931253
10 21  0.574141  0.925749
10 22  0.585901  1.101296
10 23  0.572249  0.782805
10 24  0.598134  1.204391
10 25  0.572936  0.745256
10 26  0.587876  1.114422
11 12  0.564089  1.468165
11 13  0.563844  1.451684
11 14  0.553840  1.336120
11 15  0.550678  1.341353
11 16  0.572790  1.219430
11 17  0.579207  1.147461
11 18  0.578009  1.147115
11 19  0.599677  1.217063
11 20  0.597886  1.340252
11 21  0.599348  1.356941
11 22  0.557136  1.449776
11 23  0.576037  1.199823
11 24  0.392653  1.577065
11 25  0.577738  1.163198
11 26  0.561816  1.479012
12 13  0.540544  1.400192
12 14  0.567432  1.282016
12 15  0.567576  1.288115
12 16  0.560080  1.116787
12 17  0.566132  1.045261
12 18  0.564815  1.044837
12 19  0.586377  1.115225
12 20  0.580834  1.244467
12 21  0.587996  1.252222
12 22  0.537340  1.344675
12 23  0.561505  1.097860
12 24  0.556370  1.448398
12 25  0.564240  1.060300
12 26  0.333007  1.332250
13 14  0.566251  1.282030
13 15  0.568956  1.278971
13 16  0.557851  1.114965
13 17  0.565971  1.042309
13 18  0.565185  1.042025
13 19  0.586543  1.112576
13 20  0.586128  1.230083
13 21  0.580433  1.259981
13 22  0.335767  1.317031
13 23  0.563795  1.093562
13 24  0.559001  1.465728
13 25  0.564927  1.057899
13 26  0.537054  1.339768
14 15  0.517881  1.121988
14 16  0.553343  0.969436
14 17  0.559439  0.901585
14 18  0.558159  0.901254
14 19  0.579745  0.973156
14 20  0.580733  1.092574
14 21  0.582012  1.092050
14 22  0.563102  1.195675
14 23  0.556670  0.955856
14 24  0.561181  1.337897
14 25  0.557843  0.915869
14 26  0.565281  1.261503
15 16  0.554515  0.979934
15 17  0.560557  0.906939
15 18  0.559278  0.905532
15 19  0.580875  0.974391
15 20  0.581592  1.077185
15 21  0.583388  1.117239
15 22  0.565270  1.256680
15 23  0.557705  0.952725
15 24  0.561662  1.337827
15 25  0.558930  0.922812
15 26  0.565803  1.209906
16 17  0.543809  0.716409
16 18  0.543676  0.723638
16 19  0.547791  0.779305
16 20  0.571208  0.930411
16 21  0.542418  0.916436
16 22  0.560018  1.079109
16 23  0.547865  0.778077
16 24  0.573365  1.183685
16 25  0.548909  0.743543
16 26  0.563292  1.112156
17 18  0.508901  0.618829
17 19  0.549629  0.703052
17 20  0.578181  0.859054
17 21  0.575481  0.870172
17 22  0.567672  1.024887
17 23  0.553906  0.709091
17 24  0.579726  1.129623
17 25  0.555032  0.672056
17 26  0.569538  1.042315
18 19  0.547603  0.702633
18 20  0.576681  0.855893
18 21  0.572955  0.864420
18 22  0.566419  1.026203
18 23  0.552596  0.709837
18 24  0.578450  1.132453
18 25  0.553699  0.671716
18 26  0.568262  1.040861
19 20  0.597466  0.917326
19 21  0.585895  0.942001
19 22  0.587625  1.097731
19 23  0.574122  0.778554
19 24  0.599956  1.193265
19 25  0.575115  0.743436
19 26  0.589798  1.103791
20 21  0.590819  1.053505
20 22  0.588667  1.219656
20 23  0.539812  0.880854
20 24  0.600201  1.316635
20 25  0.540299  0.860133
20 26  0.582629  1.161990
21 22  0.581987  1.168800
21 23  0.575219  0.927858
21 24  0.601739  1.332373
21 25  0.575411  0.880375
21 26  0.591777  1.251361
22 23  0.564679  1.077818
22 24  0.566769  1.427789
22 25  0.566021  1.035462
22 26  0.543528  1.386214
23 24  0.576468  1.162437
23 25  0.505655  0.692434
23 26  0.564631  1.071574
24 25  0.577878  1.137491
24 26  0.568295  1.444922
25 26  0.566753  1.056000
