   -993.89110434
   -994.20358260     -994.06866112
0.00004902259010
2 2 2 2 2 2 2 2 2 2 2 2 2 0 0 0 0 0 0 0 0 0 0 0 0 0 
1  0.278058  0.536407
2  0.282344  0.570236
3  0.269491  0.406451
4  0.277627  0.342934
5  0.275321  0.335018
6  0.306092  0.571831
7  0.303381  0.530181
8  0.278003  0.387980
9  0.279187  0.366470
10  0.298700  0.416079
11  0.304448  0.803043
12  0.292808  0.713092
13  0.294352  0.709606
14  0.283054  0.561984
15  0.283961  0.568562
16  0.275198  0.421439
17  0.279468  0.336122
18  0.278095  0.335357
19  0.300511  0.413404
20  0.305778  0.551094
21  0.306950  0.575981
22  0.295547  0.695612
23  0.281356  0.397526
24  0.304771  0.790185
25  0.281295  0.358622
26  0.296183  0.710667
1 2  0.516164  1.075752
1 3  0.547467  0.938121
1 4  0.555674  0.877027
1 5  0.553370  0.868603
1 6  0.583563  1.078410
1 7  0.581136  1.051624
1 8  0.556033  0.923635
1 9  0.557235  0.898112
1 10  0.576743  0.951712
1 11  0.562981  1.315126
1 12  0.564052  1.214353
1 13  0.565301  1.181653
1 14  0.271845  0.916571
1 15  0.513373  1.054452
1 16  0.552778  0.957161
1 17  0.557451  0.872355
1 18  0.556150  0.871573
1 19  0.578435  0.949365
1 20  0.583807  1.085909
1 21  0.584392  1.109828
1 22  0.570957  1.227093
1 23  0.559285  0.933160
1 24  0.552458  1.272790
1 25  0.559253  0.894658
1 26  0.572937  1.239308
2 3  0.551813  0.975184
2 4  0.559963  0.912881
2 5  0.557659  0.903668
2 6  0.588146  1.131257
2 7  0.585203  1.070520
2 8  0.560225  0.952343
2 9  0.561490  0.936314
2 10  0.581034  0.980622
2 11  0.563932  1.317876
2 12  0.567822  1.204532
2 13  0.571944  1.263278
2 14  0.514079  1.072376
2 15  0.274013  0.956419
2 16  0.557455  0.990576
2 17  0.561807  0.906173
2 18  0.560430  0.905362
2 19  0.582769  0.983031
2 20  0.587421  1.118760
2 21  0.589255  1.143361
2 22  0.576423  1.253177
2 23  0.563233  0.967255
2 24  0.556419  1.312680
2 25  0.563516  0.928573
2 26  0.575368  1.274333
3 4  0.540728  0.733364
3 5  0.540156  0.734145
3 6  0.544333  0.945864
3 7  0.572213  0.933505
3 8  0.547421  0.786517
3 9  0.548546  0.769244
3 10  0.546908  0.802578
3 11  0.573628  1.186534
3 12  0.562115  1.114640
3 13  0.562319  1.092676
3 14  0.551986  0.967728
3 15  0.553285  0.974090
3 16  0.267917  0.607132
3 17  0.545640  0.741246
3 18  0.546456  0.739042
3 19  0.541999  0.792033
3 20  0.575073  0.954015
3 21  0.539445  0.949257
3 22  0.562377  1.100781
3 23  0.550740  0.803640
3 24  0.573615  1.194178
3 25  0.550733  0.764893
3 26  0.565636  1.115008
4 5  0.506980  0.640763
4 6  0.580322  0.905144
4 7  0.580947  0.872881
4 8  0.555616  0.728686
4 9  0.556779  0.707801
4 10  0.548654  0.735090
4 11  0.582054  1.140452
4 12  0.570426  1.055523
4 13  0.571789  1.043802
4 14  0.560569  0.904665
4 15  0.561573  0.911282
4 16  0.548860  0.762776
4 17  0.274145  0.429751
4 18  0.503708  0.628202
4 19  0.541523  0.718885
4 20  0.583236  0.893148
4 21  0.583629  0.917514
4 22  0.572563  1.038142
4 23  0.558972  0.740291
4 24  0.582127  1.132436
4 25  0.558866  0.701479
4 26  0.573766  1.053146
5 6  0.575993  0.889763
5 7  0.578436  0.862254
5 8  0.553265  0.722427
5 9  0.554397  0.699710
5 10  0.546543  0.729070
5 11  0.579757  1.137173
5 12  0.568121  1.045770
5 13  0.569559  1.038489
5 14  0.558353  0.896769
5 15  0.559277  0.903357
5 16  0.549277  0.754073
5 17  0.504159  0.624657
5 18  0.274652  0.423674
5 19  0.538811  0.708567
5 20  0.580203  0.885613
5 21  0.580480  0.910496
5 22  0.570702  1.030360
5 23  0.556631  0.732357
5 24  0.579887  1.124652
5 25  0.556273  0.693424
5 26  0.571443  1.045178
6 7  0.599755  1.073858
6 8  0.582509  0.953162
6 9  0.582462  0.919646
6 10  0.589448  0.978698
6 11  0.609537  1.355828
6 12  0.597758  1.267412
6 13  0.591082  1.194516
6 14  0.588381  1.130945
6 15  0.590008  1.137673
6 16  0.543660  0.961337
6 17  0.584641  0.906727
6 18  0.581955  0.906442
6 19  0.582719  0.960175
6 20  0.600229  1.098792
6 21  0.363955  1.009883
6 22  0.592270  1.263485
6 23  0.587062  0.966026
6 24  0.607305  1.349840
6 25  0.585111  0.929552
6 26  0.600772  1.265379
7 8  0.544890  0.892842
7 9  0.545125  0.879022
7 10  0.601125  0.931527
7 11  0.606602  1.315482
7 12  0.588227  1.162606
7 13  0.596897  1.228717
7 14  0.586410  1.090493
7 15  0.586749  1.096524
7 16  0.578372  0.947773
7 17  0.582616  0.865696
7 18  0.580511  0.865170
7 19  0.602588  0.942962
7 20  0.374127  0.951693
7 21  0.599110  1.083992
7 22  0.597497  1.215251
7 23  0.538533  0.890259
7 24  0.604851  1.309799
7 25  0.537035  0.849048
7 26  0.591109  1.237205
8 9  0.509953  0.719040
8 10  0.576597  0.801884
8 11  0.581861  1.166656
8 12  0.569024  1.084888
8 13  0.571979  1.087837
8 14  0.560862  0.949252
8 15  0.561465  0.956065
8 16  0.553066  0.809114
8 17  0.557461  0.723965
8 18  0.556041  0.723181
8 19  0.578386  0.801248
8 20  0.537642  0.898722
8 21  0.584507  0.961280
8 22  0.573510  1.082101
8 23  0.284138  0.566929
8 24  0.582318  1.176554
8 25  0.506960  0.704494
8 26  0.572414  1.097478
9 10  0.577630  0.782315
9 11  0.583396  1.157079
9 12  0.571172  1.077738
9 13  0.573385  1.059410
9 14  0.562069  0.928058
9 15  0.562993  0.934681
9 16  0.554323  0.787739
9 17  0.558580  0.702500
9 18  0.556883  0.701579
9 19  0.579043  0.779532
9 20  0.539017  0.879012
9 21  0.583873  0.941599
9 22  0.574632  1.061136
9 23  0.506998  0.718997
9 24  0.583924  1.155544
9 25  0.284853  0.493880
9 26  0.575058  1.075343
10 11  0.603059  1.207742
10 12  0.591452  1.115984
10 13  0.592703  1.123853
10 14  0.581642  0.977523
10 15  0.582551  0.983994
10 16  0.546096  0.808118
10 17  0.539873  0.711736
10 18  0.540745  0.713640
10 19  0.369951  0.657379
10 20  0.603158  0.966562
10 21  0.581510  0.966352
10 22  0.593911  1.110881
10 23  0.579971  0.813468
10 24  0.603460  1.204609
10 25  0.579395  0.774381
10 26  0.594823  1.125429
11 12  0.572341  1.449489
11 13  0.572952  1.434352
11 14  0.559225  1.310392
11 15  0.555885  1.318094
11 16  0.578965  1.221903
11 17  0.583711  1.138576
11 18  0.582450  1.137821
11 19  0.604936  1.214652
11 20  0.607045  1.343574
11 21  0.608063  1.365453
11 22  0.566403  1.431896
11 23  0.585203  1.198841
11 24  0.399069  1.544284
11 25  0.585696  1.160633
11 26  0.570085  1.462561
12 13  0.551647  1.394099
12 14  0.574343  1.265997
12 15  0.574245  1.274891
12 16  0.567957  1.131605
12 17  0.572271  1.048869
12 18  0.570856  1.048011
12 19  0.593246  1.125318
12 20  0.591154  1.260542
12 21  0.598359  1.273186
12 22  0.548368  1.338174
12 23  0.572212  1.109395
12 24  0.564670  1.434724
12 25  0.573724  1.070157
12 26  0.341673  1.322160
13 14  0.574234  1.265827
13 15  0.576740  1.265007
13 16  0.566653  1.129561
13 17  0.573094  1.045393
13 18  0.572317  1.044691
13 19  0.594409  1.122187
13 20  0.598036  1.245561
13 21  0.591197  1.281117
13 22  0.346772  1.306399
13 23  0.575642  1.104704
13 24  0.568210  1.449277
13 25  0.575563  1.067272
13 26  0.548102  1.335516
14 15  0.521634  1.099736
14 16  0.558124  0.975451
14 17  0.562511  0.896338
14 18  0.561141  0.895439
14 19  0.583541  0.974805
14 20  0.588454  1.099501
14 21  0.589267  1.104023
14 22  0.570940  1.182085
14 23  0.564375  0.958770
14 24  0.566465  1.313673
14 25  0.564338  0.916784
14 26  0.571978  1.246420
15 16  0.559121  0.988839
15 17  0.563422  0.904461
15 18  0.562051  0.902264
15 19  0.584460  0.977462
15 20  0.589095  1.086296
15 21  0.590478  1.132300
15 22  0.572822  1.242145
15 23  0.565188  0.958310
15 24  0.566835  1.315204
15 25  0.565201  0.926783
15 26  0.572328  1.199631
16 17  0.547752  0.741845
16 18  0.547515  0.749826
16 19  0.552513  0.812496
16 20  0.579871  0.969297
16 21  0.550545  0.959876
16 22  0.568840  1.090547
16 23  0.556497  0.812093
16 24  0.579501  1.185050
16 25  0.556322  0.776522
16 26  0.571104  1.126416
17 18  0.511107  0.635023
17 19  0.552719  0.725216
17 20  0.585120  0.886913
17 21  0.581928  0.902917
17 22  0.574929  1.026418
17 23  0.560803  0.732054
17 24  0.584209  1.121552
17 25  0.560704  0.693627
17 26  0.575633  1.045970
18 19  0.550470  0.724487
18 20  0.583522  0.882837
18 21  0.579273  0.895778
18 22  0.573564  1.027381
18 23  0.559384  0.732714
18 24  0.582854  1.125013
18 25  0.559264  0.692822
18 26  0.574274  1.044017
19 20  0.605089  0.949539
19 21  0.593167  0.982074
19 22  0.595464  1.106549
19 23  0.581723  0.808226
19 24  0.605142  1.191197
19 25  0.581503  0.771830
19 26  0.596613  1.111948
20 21  0.601841  1.097917
20 22  0.600498  1.234440
20 23  0.550397  0.916081
20 24  0.609278  1.321782
20 25  0.550442  0.894317
20 26  0.592582  1.174517
21 22  0.592363  1.183350
21 23  0.586255  0.968851
21 24  0.610378  1.343146
21 25  0.585221  0.918599
21 26  0.602072  1.273412
22 23  0.576536  1.087492
22 24  0.575902  1.410907
22 25  0.576672  1.043127
22 26  0.554591  1.379493
23 24  0.585539  1.162518
23 25  0.514732  0.721308
23 26  0.575199  1.082734
24 25  0.585756  1.136557
24 26  0.576500  1.428091
25 26  0.576095  1.066047
