   -993.89110434
   -994.20398556     -994.06964019
0.00002721642423
2 2 2 2 2 2 2 2 2 2 2 2 2 0 0 0 0 0 0 0 0 0 0 0 0 0 
1  0.278666  0.533259
2  0.282859  0.567520
3  0.270477  0.413197
4  0.277965  0.345538
5  0.275634  0.337159
6  0.308198  0.579366
7  0.304961  0.535322
8  0.279321  0.392136
9  0.280159  0.369849
10  0.299277  0.420910
11  0.305500  0.798277
12  0.294425  0.712601
13  0.296497  0.709169
14  0.283703  0.558751
15  0.284495  0.565964
16  0.276218  0.428453
17  0.279817  0.338458
18  0.278402  0.337335
19  0.301091  0.418137
20  0.307283  0.555842
21  0.308903  0.583158
22  0.297729  0.695167
23  0.282752  0.401259
24  0.305841  0.786253
25  0.282337  0.362038
26  0.297805  0.710007
1 2  0.517280  1.069961
1 3  0.549047  0.941596
1 4  0.556615  0.876364
1 5  0.554287  0.867397
1 6  0.586244  1.082374
1 7  0.583300  1.053416
1 8  0.557958  0.924639
1 9  0.558814  0.898269
1 10  0.577926  0.953351
1 11  0.564656  1.307881
1 12  0.566237  1.211108
1 13  0.567979  1.179022
1 14  0.272991  0.908862
1 15  0.514570  1.049684
1 16  0.554367  0.961020
1 17  0.558406  0.871540
1 18  0.557066  0.870397
1 19  0.579616  0.950949
1 20  0.585917  1.087528
1 21  0.586921  1.113872
1 22  0.573738  1.223758
1 23  0.561287  0.933733
1 24  0.554166  1.266677
1 25  0.560894  0.894930
1 26  0.575159  1.235697
2 3  0.553312  0.979133
2 4  0.560812  0.912756
2 5  0.558484  0.902981
2 6  0.590750  1.135813
2 7  0.587278  1.072696
2 8  0.562052  0.953789
2 9  0.562972  0.936983
2 10  0.582126  0.982344
2 11  0.565535  1.311183
2 12  0.569918  1.202220
2 13  0.574569  1.260282
2 14  0.515300  1.067572
2 15  0.274967  0.949942
2 16  0.558985  0.994791
2 17  0.562671  0.905787
2 18  0.561252  0.904617
2 19  0.583858  0.985034
2 20  0.589410  1.120839
2 21  0.591721  1.147772
2 22  0.579119  1.250293
2 23  0.565115  0.968281
2 24  0.558047  1.306952
2 25  0.565071  0.929274
2 26  0.577495  1.271222
3 4  0.542032  0.742155
3 5  0.541441  0.742860
3 6  0.547328  0.959577
3 7  0.574770  0.945189
3 8  0.549724  0.797145
3 9  0.550500  0.779285
3 10  0.548484  0.813926
3 11  0.575636  1.187513
3 12  0.564705  1.120534
3 13  0.565350  1.098038
3 14  0.553579  0.971234
3 15  0.554804  0.978167
3 16  0.269638  0.621862
3 17  0.546970  0.750375
3 18  0.547746  0.747765
3 19  0.543611  0.803831
3 20  0.577556  0.965470
3 21  0.542398  0.963135
3 22  0.565470  1.107047
3 23  0.553116  0.814104
3 24  0.575655  1.196892
3 25  0.552757  0.775048
3 26  0.568240  1.120986
4 5  0.507630  0.645805
4 6  0.582731  0.914890
4 7  0.582862  0.880602
4 8  0.557271  0.735304
4 9  0.558087  0.713697
4 10  0.549608  0.742583
4 11  0.583442  1.137913
4 12  0.572379  1.057591
4 13  0.574266  1.045480
4 14  0.561534  0.904032
4 15  0.562449  0.911278
4 16  0.550214  0.772448
4 17  0.274837  0.435397
4 18  0.504386  0.633195
4 19  0.542465  0.726582
4 20  0.585081  0.900455
4 21  0.585910  0.927248
4 22  0.575046  1.040296
4 23  0.560703  0.746611
4 24  0.583528  1.131080
4 25  0.560247  0.707495
4 26  0.575727  1.055066
5 6  0.578363  0.898785
5 7  0.580325  0.869427
5 8  0.554891  0.728673
5 9  0.555677  0.705120
5 10  0.547445  0.736225
5 11  0.581121  1.134513
5 12  0.570050  1.047316
5 13  0.572009  1.039804
5 14  0.559309  0.895670
5 15  0.560121  0.902896
5 16  0.550608  0.763235
5 17  0.504845  0.629551
5 18  0.275262  0.428415
5 19  0.539734  0.715728
5 20  0.582010  0.892486
5 21  0.582747  0.919828
5 22  0.573194  1.032050
5 23  0.558338  0.738210
5 24  0.581271  1.122837
5 25  0.557614  0.698958
5 26  0.573375  1.046635
6 7  0.603361  1.086122
6 8  0.585903  0.964574
6 9  0.585497  0.930096
6 10  0.592147  0.990918
6 11  0.612658  1.358535
6 12  0.601435  1.274250
6 13  0.594749  1.199408
6 14  0.591119  1.135264
6 15  0.592644  1.142569
6 16  0.546773  0.975811
6 17  0.587087  0.916553
6 18  0.584370  0.915966
6 19  0.585427  0.972170
6 20  0.603822  1.111034
6 21  0.367477  1.026443
6 22  0.596305  1.270443
6 23  0.590549  0.977299
6 24  0.610424  1.353174
6 25  0.588248  0.940512
6 26  0.604460  1.272128
7 8  0.547552  0.901939
7 9  0.547696  0.887582
7 10  0.603271  0.940819
7 11  0.609200  1.315742
7 12  0.591139  1.165923
7 13  0.600588  1.233457
7 14  0.588638  1.092410
7 15  0.588833  1.099099
7 16  0.580963  0.959888
7 17  0.584546  0.873137
7 18  0.582394  0.872277
7 19  0.604751  0.952851
7 20  0.377212  0.962128
7 21  0.602616  1.096223
7 22  0.601253  1.219971
7 23  0.541209  0.898947
7 24  0.607455  1.310903
7 25  0.539602  0.857634
7 26  0.594142  1.241620
8 9  0.511934  0.726081
8 10  0.578486  0.810802
8 11  0.584207  1.165876
8 12  0.571904  1.088350
8 13  0.575428  1.091378
8 14  0.562829  0.950162
8 15  0.563294  0.957623
8 16  0.555402  0.820273
8 17  0.559127  0.730442
8 18  0.557663  0.729297
8 19  0.580278  0.810123
8 20  0.540228  0.907506
8 21  0.587765  0.972602
8 22  0.577005  1.085812
8 23  0.286683  0.574192
8 24  0.584709  1.176787
8 25  0.509029  0.711808
8 26  0.575342  1.100986
9 10  0.579175  0.790510
9 11  0.585406  1.155627
9 12  0.573719  1.080533
9 13  0.576494  1.062194
9 14  0.563679  0.928210
9 15  0.564498  0.935462
9 16  0.556310  0.798126
9 17  0.559899  0.708208
9 18  0.558145  0.706916
9 19  0.580590  0.787638
9 20  0.541488  0.887240
9 21  0.586795  0.952163
9 22  0.577780  1.064068
9 23  0.509038  0.725839
9 24  0.585964  1.154997
9 25  0.286907  0.500581
9 26  0.577639  1.078007
10 11  0.604683  1.207239
10 12  0.593643  1.119573
10 13  0.595386  1.128145
10 14  0.582861  0.979121
10 15  0.583642  0.986220
10 16  0.547740  0.820231
10 17  0.540818  0.719253
10 18  0.541655  0.720732
10 19  0.371116  0.668287
10 20  0.605244  0.976148
10 21  0.584062  0.978139
10 22  0.596648  1.115216
10 23  0.581940  0.822024
10 24  0.605107  1.205467
10 25  0.581005  0.782623
10 26  0.597020  1.129548
11 12  0.574991  1.444786
11 13  0.576078  1.430379
11 14  0.560963  1.303390
11 15  0.557509  1.311745
11 16  0.581009  1.224060
11 17  0.585108  1.136128
11 18  0.583803  1.135020
11 19  0.606570  1.214563
11 20  0.609566  1.343532
11 21  0.611019  1.367640
11 22  0.569605  1.427890
11 23  0.587649  1.197827
11 24  0.401030  1.535113
11 25  0.587788  1.159287
11 26  0.572750  1.458186
12 13  0.555358  1.393633
12 14  0.576599  1.262478
12 15  0.576383  1.272060
12 16  0.570590  1.137983
12 17  0.574237  1.050692
12 18  0.572777  1.049482
12 19  0.595444  1.129513
12 20  0.594097  1.264759
12 21  0.601901  1.279761
12 22  0.552130  1.338065
12 23  0.575210  1.112640
12 24  0.567356  1.431710
12 25  0.576371  1.073032
12 26  0.344495  1.320600
13 14  0.577014  1.262444
13 15  0.579415  1.262267
13 16  0.569755  1.136136
13 17  0.575551  1.047289
13 18  0.574772  1.046226
13 19  0.597101  1.126439
13 20  0.601682  1.249964
13 21  0.595076  1.287730
13 22  0.350537  1.305371
13 23  0.579174  1.108038
13 24  0.571400  1.445752
13 25  0.578745  1.070253
13 26  0.551857  1.335591
14 15  0.522808  1.094009
14 16  0.559778  0.979010
14 17  0.563509  0.895355
14 18  0.562097  0.894032
14 19  0.584767  0.976292
14 20  0.590584  1.100823
14 21  0.591831  1.107536
14 22  0.573705  1.179527
14 23  0.566419  0.959269
14 24  0.568189  1.307345
14 25  0.566029  0.916871
14 26  0.574202  1.242829
15 16  0.560667  0.993195
15 17  0.564304  0.904188
15 18  0.562891  0.901517
15 19  0.585574  0.979251
15 20  0.591107  1.088232
15 21  0.592941  1.136602
15 22  0.575475  1.239318
15 23  0.567113  0.959503
15 24  0.568482  1.309282
15 25  0.566771  0.927617
15 26  0.574451  1.197324
16 17  0.549107  0.750674
16 18  0.548834  0.758727
16 19  0.554123  0.823968
16 20  0.582384  0.980877
16 21  0.553420  0.973340
16 22  0.571928  1.096125
16 23  0.558908  0.822653
16 24  0.581561  1.186972
16 25  0.558379  0.786881
16 26  0.573729  1.132380
17 18  0.511773  0.639725
17 19  0.553683  0.732288
17 20  0.586972  0.893968
17 21  0.584200  0.912101
17 22  0.577459  1.028064
17 23  0.562547  0.738013
17 24  0.585626  1.119547
17 25  0.562092  0.699311
17 26  0.577601  1.047542
18 19  0.551370  0.731323
18 20  0.585331  0.889399
18 21  0.581485  0.904358
18 22  0.576047  1.028663
18 23  0.561082  0.738408
18 24  0.584231  1.123045
18 25  0.560608  0.698131
18 26  0.576203  1.045228
19 20  0.607161  0.958350
19 21  0.595725  0.993899
19 22  0.598178  1.110729
19 23  0.583687  0.816612
19 24  0.606785  1.191368
19 25  0.583123  0.779967
19 26  0.598812  1.115284
20 21  0.605236  1.109433
20 22  0.604150  1.238768
20 23  0.553057  0.924379
20 24  0.611825  1.322575
20 25  0.553008  0.902465
20 26  0.595416  1.177491
21 22  0.595957  1.187966
21 23  0.589564  0.979551
21 24  0.613359  1.346203
21 25  0.588177  0.928737
21 26  0.605609  1.279849
22 23  0.580106  1.090683
22 24  0.579074  1.407337
22 25  0.579893  1.045946
22 26  0.558333  1.378886
23 24  0.587989  1.162253
23 25  0.516831  0.727997
23 26  0.578154  1.085705
24 25  0.587859  1.136017
24 26  0.579174  1.424050
25 26  0.578696  1.068709
