   -993.89110434
   -994.20434963     -994.07056264
0.00000516863796
2 2 2 2 2 2 2 2 2 2 2 2 2 0 0 0 0 0 0 0 0 0 0 0 0 0 
1  0.279088  0.530797
2  0.283196  0.565445
3  0.271265  0.419838
4  0.278255  0.348357
5  0.275898  0.339437
6  0.309851  0.586202
7  0.306536  0.540483
8  0.280914  0.396898
9  0.281421  0.373937
10  0.299833  0.425524
11  0.306435  0.794024
12  0.296009  0.712103
13  0.298380  0.708576
14  0.284149  0.556232
15  0.284866  0.564033
16  0.277050  0.435301
17  0.280135  0.341051
18  0.278683  0.339380
19  0.301644  0.422570
20  0.308833  0.560749
21  0.310478  0.589869
22  0.299618  0.694483
23  0.284369  0.405732
24  0.306786  0.782594
25  0.283633  0.366123
26  0.299368  0.709384
1 2  0.518029  1.065423
1 3  0.550247  0.945609
1 4  0.557324  0.876564
1 5  0.554969  0.866917
1 6  0.588286  1.086248
1 7  0.585271  1.055884
1 8  0.559971  0.926936
1 9  0.560497  0.899822
1 10  0.578901  0.955465
1 11  0.566030  1.301759
1 12  0.568229  1.208470
1 13  0.570250  1.176824
1 14  0.273824  0.902742
1 15  0.515400  1.046282
1 16  0.555565  0.965407
1 17  0.559136  0.871672
1 18  0.557769  0.869977
1 19  0.580569  0.952929
1 20  0.587890  1.089999
1 21  0.588900  1.118159
1 22  0.576040  1.220851
1 23  0.563326  0.935728
1 24  0.555564  1.261472
1 25  0.562597  0.896569
1 26  0.577146  1.232810
2 3  0.554433  0.983615
2 4  0.561436  0.913483
2 5  0.559082  0.903030
2 6  0.592713  1.140234
2 7  0.589180  1.075515
2 8  0.563977  0.956490
2 9  0.564563  0.939003
2 10  0.583018  0.984440
2 11  0.566847  1.305542
2 12  0.571825  1.200406
2 13  0.576765  1.257756
2 14  0.516126  1.064147
2 15  0.275683  0.944945
2 16  0.560144  0.999461
2 17  0.563323  0.906296
2 18  0.561868  0.904589
2 19  0.584721  0.987402
2 20  0.591280  1.123723
2 21  0.593632  1.152369
2 22  0.581344  1.247809
2 23  0.567054  0.970685
2 24  0.559358  1.302081
2 25  0.566703  0.931284
2 26  0.579392  1.268771
3 4  0.543098  0.751024
3 5  0.542478  0.751597
3 6  0.549749  0.972492
3 7  0.577126  0.956809
3 8  0.552101  0.808337
3 9  0.552543  0.789947
3 10  0.549817  0.824976
3 11  0.577333  1.188838
3 12  0.567058  1.126318
3 13  0.567961  1.103205
3 14  0.554753  0.975353
3 15  0.555940  0.982791
3 16  0.271054  0.636313
3 17  0.548066  0.759658
3 18  0.548809  0.756479
3 19  0.544973  0.815269
3 20  0.579887  0.976987
3 21  0.544790  0.976538
3 22  0.568104  1.112975
3 23  0.555512  0.825218
3 24  0.577365  1.199797
3 25  0.554837  0.785770
3 26  0.570587  1.126877
4 5  0.508204  0.651193
4 6  0.584653  0.924165
4 7  0.584726  0.888556
4 8  0.559154  0.742724
4 9  0.559635  0.720502
4 10  0.550523  0.750029
4 11  0.584668  1.135989
4 12  0.574251  1.059856
4 13  0.576437  1.047227
4 14  0.562248  0.904334
4 15  0.563111  0.912152
4 16  0.551324  0.782171
4 17  0.275472  0.441548
4 18  0.504989  0.638563
4 19  0.543346  0.734256
4 20  0.586926  0.908133
4 21  0.587765  0.936730
4 22  0.577183  1.042427
4 23  0.562609  0.753876
4 24  0.584751  1.130219
4 25  0.561834  0.714397
4 26  0.577583  1.057237
5 6  0.580239  0.907210
5 7  0.582164  0.876752
5 8  0.556740  0.735655
5 9  0.557194  0.711362
5 10  0.548290  0.743299
5 11  0.582319  1.132487
5 12  0.571897  1.048991
5 13  0.574154  1.041078
5 14  0.560017  0.895424
5 15  0.560756  0.903242
5 16  0.551699  0.772391
5 17  0.505457  0.634895
5 18  0.275815  0.433343
5 19  0.540585  0.722775
5 20  0.583821  0.899649
5 21  0.584591  0.928829
5 22  0.575346  1.033638
5 23  0.560220  0.744944
5 24  0.582461  1.121449
5 25  0.559161  0.705302
5 26  0.575199  1.048257
6 7  0.606520  1.097718
6 8  0.589090  0.975917
6 9  0.588368  0.940610
6 10  0.594356  1.002221
6 11  0.615223  1.361148
6 12  0.604627  1.280438
6 13  0.597829  1.203669
6 14  0.593199  1.139621
6 15  0.594668  1.147441
6 16  0.549284  0.989510
6 17  0.589050  0.925933
6 18  0.586307  0.924862
6 19  0.587669  0.983230
6 20  0.607006  1.122743
6 21  0.370459  1.041673
6 22  0.599606  1.276457
6 23  0.593796  0.988571
6 24  0.612983  1.356092
6 25  0.591190  0.951451
6 26  0.607637  1.278399
7 8  0.550584  0.911628
7 9  0.550527  0.896816
7 10  0.605388  0.949943
7 11  0.611682  1.316543
7 12  0.593978  1.169325
7 13  0.604015  1.238099
7 14  0.590658  1.095072
7 15  0.590769  1.102374
7 16  0.583362  0.971871
7 17  0.586441  0.880850
7 18  0.584251  0.879474
7 19  0.606889  0.962468
7 20  0.380174  0.972753
7 21  0.605747  1.108024
7 22  0.604699  1.224518
7 23  0.544173  0.908387
7 24  0.609959  1.312339
7 25  0.542401  0.866874
7 26  0.597081  1.246074
8 9  0.514411  0.734410
8 10  0.580622  0.820111
8 11  0.586715  1.166232
8 12  0.575023  1.092438
8 13  0.578888  1.095398
8 14  0.564860  0.952384
8 15  0.565241  0.960450
8 16  0.557817  0.831883
8 17  0.561036  0.737775
8 18  0.559535  0.736084
8 19  0.582423  0.819311
8 20  0.543166  0.917015
8 21  0.590911  0.984052
8 22  0.580478  1.089897
8 23  0.289361  0.582612
8 24  0.587242  1.177904
8 25  0.511595  0.720263
8 26  0.578494  1.105124
9 10  0.580986  0.799199
9 11  0.587588  1.155416
9 12  0.576507  1.084017
9 13  0.579632  1.065537
9 14  0.565365  0.929789
9 15  0.566127  0.937617
9 16  0.558402  0.809061
9 17  0.561477  0.714885
9 18  0.559678  0.713029
9 19  0.582401  0.796151
9 20  0.544248  0.896281
9 21  0.589626  0.962985
9 22  0.580927  1.067464
9 23  0.511590  0.733964
9 24  0.588167  1.155434
9 25  0.289293  0.508679
9 26  0.580444  1.081406
10 11  0.606163  1.207043
10 12  0.595779  1.122948
10 13  0.597777  1.132056
10 14  0.583847  0.981224
10 15  0.584533  0.988919
10 16  0.549147  0.832035
10 17  0.541716  0.726860
10 18  0.542523  0.727688
10 19  0.372291  0.678615
10 20  0.607358  0.985680
10 21  0.586235  0.989301
10 22  0.599070  1.119091
10 23  0.584113  0.831103
10 24  0.606607  1.206405
10 25  0.582847  0.791304
10 26  0.599141  1.133480
11 12  0.577497  1.440575
11 13  0.578827  1.426665
11 14  0.562366  1.297593
11 15  0.558845  1.306529
11 16  0.582742  1.226590
11 17  0.586349  1.134463
11 18  0.585009  1.132811
11 19  0.608058  1.214712
11 20  0.612032  1.344137
11 21  0.613489  1.369825
11 22  0.572401  1.424145
11 23  0.590199  1.198075
11 24  0.402772  1.526787
11 25  0.590017  1.159118
11 26  0.575250  1.454361
12 13  0.558777  1.393005
12 14  0.578625  1.259667
12 15  0.578330  1.269871
12 16  0.572998  1.144162
12 17  0.576140  1.052757
12 18  0.574638  1.051013
12 19  0.597580  1.133395
12 20  0.597034  1.269130
12 21  0.605022  1.286021
12 22  0.555537  1.337786
12 23  0.578404  1.116622
12 24  0.569891  1.428927
12 25  0.579226  1.076566
12 26  0.347329  1.319092
13 14  0.579340  1.259600
13 15  0.581667  1.260033
13 16  0.572434  1.142385
13 17  0.577715  1.049280
13 18  0.576932  1.047675
13 19  0.599508  1.130231
13 20  0.605110  1.254397
13 21  0.598311  1.293705
13 22  0.353919  1.303897
13 23  0.582664  1.111950
13 24  0.574173  1.442346
13 25  0.581918  1.073727
13 26  0.555255  1.335569
14 15  0.523617  1.089587
14 16  0.561047  0.983025
14 17  0.564270  0.895283
14 18  0.562819  0.893311
14 19  0.585759  0.978204
14 20  0.592554  1.102950
14 21  0.593818  1.111128
14 22  0.576015  1.177313
14 23  0.568480  0.961223
14 24  0.569590  1.301923
14 25  0.567768  0.918322
14 26  0.576193  1.239958
15 16  0.561866  0.998051
15 17  0.564991  0.904830
15 18  0.563540  0.901457
15 19  0.586497  0.981389
15 20  0.593015  1.090922
15 21  0.594855  1.140999
15 22  0.577695  1.236894
15 23  0.569098  0.962089
15 24  0.569843  1.304222
15 25  0.568430  0.929785
15 26  0.576378  1.195596
16 17  0.550251  0.759573
16 18  0.549939  0.767513
16 19  0.555496  0.835022
16 20  0.584755  0.992485
16 21  0.555795  0.986185
16 22  0.574583  1.101430
16 23  0.561352  0.833854
16 24  0.583311  1.188938
16 25  0.560499  0.797743
16 26  0.576101  1.138222
17 18  0.512398  0.644739
17 19  0.554625  0.739295
17 20  0.588838  0.901433
17 21  0.586076  0.921093
17 22  0.579670  1.029800
17 23  0.564482  0.744941
17 24  0.586887  1.117971
17 25  0.563700  0.705890
17 26  0.579475  1.049378
18 19  0.552221  0.737949
18 20  0.587160  0.896201
18 21  0.583297  0.912496
18 22  0.578214  1.029755
18 23  0.562974  0.744900
18 24  0.585457  1.121409
18 25  0.562175  0.704165
18 26  0.578047  1.046559
19 20  0.609254  0.967064
19 21  0.597862  1.004939
19 22  0.600552  1.114358
19 23  0.585842  0.825448
19 24  0.608270  1.191540
19 25  0.584966  0.788479
19 26  0.600925  1.118397
20 21  0.608313  1.120637
20 22  0.607556  1.243047
20 23  0.556098  0.933526
20 24  0.614301  1.323805
20 25  0.555850  0.911412
20 26  0.598191  1.180683
21 22  0.598972  1.192071
21 23  0.592691  0.990530
21 24  0.615849  1.349188
21 25  0.591005  0.939120
21 26  0.608708  1.285869
22 23  0.583600  1.094399
22 24  0.581848  1.403876
22 25  0.583072  1.049230
22 26  0.561730  1.378047
23 24  0.590536  1.162997
23 25  0.519353  0.736025
23 26  0.581280  1.089444
24 25  0.590086  1.136386
24 26  0.581680  1.420317
25 26  0.581486  1.072035
