   -993.90960493
   -994.22325603     -994.08927226
0.00009560581282
2 2 2 2 2 2 2 2 2 2 2 2 2 0 0 0 0 0 0 0 0 0 0 0 0 0 
1  0.272511  0.586935
2  0.272410  0.587488
3  0.268062  0.463890
4  0.267931  0.465082
5  0.277869  0.389821
6  0.281206  0.381675
7  0.277848  0.390246
8  0.281180  0.382315
9  0.302060  0.670574
10  0.302131  0.669999
11  0.301644  0.513535
12  0.302159  0.759980
13  0.301680  0.511926
14  0.276734  0.563524
15  0.276714  0.563715
16  0.272784  0.446703
17  0.272657  0.447618
18  0.281429  0.411847
19  0.283475  0.370880
20  0.281418  0.412495
21  0.283431  0.371477
22  0.302411  0.526814
23  0.302458  0.525873
24  0.303426  0.772982
25  0.303987  0.683229
26  0.303988  0.682645
1 2  0.539631  1.112013
1 3  0.535567  1.007428
1 4  0.540252  1.026712
1 5  0.550250  0.974410
1 6  0.553483  0.956345
1 7  0.550332  0.974261
1 8  0.553672  0.962024
1 9  0.572483  1.231574
1 10  0.548856  1.221219
1 11  0.574126  1.093787
1 12  0.550396  1.298987
1 13  0.572629  1.081203
1 14  0.268971  0.988144
1 15  0.545035  1.146400
1 16  0.540891  1.031653
1 17  0.544405  1.032567
1 18  0.553577  0.996205
1 19  0.555280  0.956973
1 20  0.553922  0.998585
1 21  0.555925  0.957824
1 22  0.574678  1.111516
1 23  0.574523  1.109652
1 24  0.545286  1.311143
1 25  0.575876  1.263540
1 26  0.544358  1.216343
2 3  0.540284  1.026177
2 4  0.535335  1.008935
2 5  0.550251  0.974402
2 6  0.553598  0.961969
2 7  0.550129  0.975365
2 8  0.553353  0.957430
2 9  0.548697  1.222257
2 10  0.572463  1.231567
2 11  0.572487  1.083189
2 12  0.550290  1.299467
2 13  0.574062  1.092798
2 14  0.544972  1.146755
2 15  0.268944  0.989023
2 16  0.544437  1.032205
2 17  0.540672  1.033097
2 18  0.553832  0.998491
2 19  0.555867  0.957787
2 20  0.553463  0.997400
2 21  0.555151  0.958116
2 22  0.574378  1.111139
2 23  0.574621  1.111124
2 24  0.545179  1.311614
2 25  0.544250  1.217523
2 26  0.575781  1.263493
3 4  0.535976  0.919061
3 5  0.541892  0.845153
3 6  0.543160  0.824057
3 7  0.545907  0.853403
3 8  0.549241  0.843691
3 9  0.570078  1.127080
3 10  0.546825  1.103653
3 11  0.569695  0.973517
3 12  0.568505  1.202999
3 13  0.549850  0.952413
3 14  0.540173  1.025446
3 15  0.543929  1.025571
3 16  0.257295  0.698398
3 17  0.540691  0.910420
3 18  0.548478  0.869922
3 19  0.547955  0.833486
3 20  0.549470  0.875998
3 21  0.551486  0.835119
3 22  0.570471  0.989693
3 23  0.543607  0.954633
3 24  0.570932  1.231934
3 25  0.571790  1.144519
3 26  0.541638  1.111394
4 5  0.545797  0.854179
4 6  0.549137  0.844258
4 7  0.541738  0.846736
4 8  0.542997  0.825729
4 9  0.546648  1.105432
4 10  0.570018  1.127714
4 11  0.549686  0.955004
4 12  0.568382  1.203950
4 13  0.569600  0.973095
4 14  0.543827  1.026550
4 15  0.540036  1.026807
4 16  0.540686  0.910694
4 17  0.257122  0.700925
4 18  0.549349  0.876542
4 19  0.551398  0.835714
4 20  0.548338  0.871736
4 21  0.547779  0.835282
4 22  0.543445  0.956720
4 23  0.570387  0.989944
4 24  0.570801  1.233124
4 25  0.541538  1.112982
4 26  0.571661  1.145098
5 6  0.511923  0.736538
5 7  0.555715  0.778941
5 8  0.559047  0.771468
5 9  0.579855  1.052240
5 10  0.575956  1.030435
5 11  0.579507  0.902416
5 12  0.579686  1.144311
5 13  0.549644  0.876815
5 14  0.554261  0.951624
5 15  0.554578  0.952950
5 16  0.549508  0.831852
5 17  0.550517  0.837177
5 18  0.279040  0.577011
5 19  0.508692  0.714052
5 20  0.559259  0.802116
5 21  0.561294  0.761194
5 22  0.580216  0.916196
5 23  0.541165  0.874014
5 24  0.580489  1.161150
5 25  0.581701  1.071888
5 26  0.580464  1.071852
6 7  0.559054  0.771250
6 8  0.562385  0.763058
6 9  0.583245  1.046819
6 10  0.580972  1.036283
6 11  0.582849  0.894821
6 12  0.583300  1.139869
6 13  0.551672  0.874091
6 14  0.557214  0.944465
6 15  0.557889  0.944730
6 16  0.550063  0.827021
6 17  0.553857  0.829027
6 18  0.509459  0.743801
6 19  0.280064  0.514974
6 20  0.562619  0.794017
6 21  0.564637  0.753059
6 22  0.583600  0.908149
6 23  0.543870  0.865704
6 24  0.584292  1.153259
6 25  0.585184  1.064043
6 26  0.584531  1.063296
7 8  0.511877  0.737659
7 9  0.575868  1.031334
7 10  0.579905  1.052117
7 11  0.549580  0.878912
7 12  0.579664  1.144759
7 13  0.579522  0.901249
7 14  0.554578  0.953178
7 15  0.554220  0.952279
7 16  0.550623  0.836688
7 17  0.549361  0.833176
7 18  0.559248  0.801894
7 19  0.561317  0.761023
7 20  0.279013  0.578264
7 21  0.508625  0.715046
7 22  0.541106  0.875299
7 23  0.580241  0.915682
7 24  0.580469  1.161577
7 25  0.580438  1.072852
7 26  0.581677  1.071725
8 9  0.580869  1.037447
8 10  0.583288  1.046887
8 11  0.551610  0.876314
8 12  0.583272  1.140476
8 13  0.582858  0.893851
8 14  0.557882  0.945170
8 15  0.557176  0.945308
8 16  0.553958  0.828752
8 17  0.549909  0.828585
8 18  0.562603  0.794010
8 19  0.564654  0.753102
8 20  0.509425  0.745039
8 21  0.280006  0.516454
8 22  0.543796  0.867246
8 23  0.583620  0.907849
8 24  0.584268  1.153898
8 25  0.584503  1.064496
8 26  0.585157  1.064095
9 10  0.601590  1.275945
9 11  0.592464  1.167143
9 12  0.589877  1.398413
9 13  0.603549  1.176983
9 14  0.578123  1.228422
9 15  0.546494  1.180025
9 16  0.574609  1.115199
9 17  0.544148  1.081597
9 18  0.583323  1.081096
9 19  0.585519  1.040750
9 20  0.581844  1.082307
9 21  0.584870  1.041381
9 22  0.585918  1.167919
9 23  0.603974  1.193570
9 24  0.583347  1.389177
9 25  0.370570  1.260428
9 26  0.605217  1.344755
10 11  0.603582  1.177983
10 12  0.589977  1.397878
10 13  0.592572  1.165035
10 14  0.546591  1.179174
10 15  0.578173  1.228038
10 16  0.544326  1.080231
10 17  0.574559  1.115526
10 18  0.581931  1.081092
10 19  0.584984  1.040225
10 20  0.583379  1.081163
10 21  0.585546  1.040765
10 22  0.603989  1.193930
10 23  0.586036  1.166559
10 24  0.583414  1.388610
10 25  0.605272  1.344761
10 26  0.370566  1.258950
11 12  0.601890  1.227184
11 13  0.603303  1.018837
11 14  0.578160  1.075287
11 15  0.577824  1.074890
11 16  0.574427  0.959406
11 17  0.547504  0.926068
11 18  0.583004  0.924876
11 19  0.585098  0.884157
11 20  0.543985  0.885995
11 21  0.544098  0.840792
11 22  0.372139  0.903495
11 23  0.603996  1.038116
11 24  0.604347  1.282009
11 25  0.586221  1.166519
11 26  0.605055  1.193370
12 13  0.601934  1.226011
12 14  0.547810  1.274119
12 15  0.547750  1.274191
12 16  0.574356  1.202733
12 17  0.574232  1.203624
12 18  0.582804  1.170030
12 19  0.585290  1.129716
12 20  0.582796  1.170664
12 21  0.585245  1.130306
12 22  0.603867  1.282281
12 23  0.603914  1.281389
12 24  0.373828  1.467632
12 25  0.584136  1.388905
12 26  0.584192  1.388373
13 14  0.577883  1.073128
13 15  0.578176  1.073890
13 16  0.547661  0.923611
13 17  0.574336  0.958719
13 18  0.544029  0.883765
13 19  0.544181  0.838648
13 20  0.583029  0.923917
13 21  0.585090  0.883145
13 22  0.603982  1.037453
13 23  0.372172  0.900503
13 24  0.604380  1.280452
13 25  0.605087  1.192379
13 26  0.586227  1.164508
14 15  0.547648  1.074165
14 16  0.544141  0.974613
14 17  0.549273  0.993711
14 18  0.557987  0.974107
14 19  0.560063  0.927234
14 20  0.558112  0.974217
14 21  0.560141  0.931160
14 22  0.579091  1.085558
14 23  0.577123  1.075404
14 24  0.555248  1.294376
14 25  0.577942  1.226818
14 26  0.554328  1.217005
15 16  0.549379  0.993040
15 17  0.544006  0.975512
15 18  0.558102  0.973775
15 19  0.560164  0.930780
15 20  0.557956  0.974925
15 21  0.559998  0.927950
15 22  0.577056  1.076470
15 23  0.579118  1.084847
15 24  0.555248  1.294608
15 25  0.554302  1.217674
15 26  0.577923  1.226430
16 17  0.545424  0.888601
16 18  0.548848  0.851488
16 19  0.549569  0.800041
16 20  0.554197  0.858788
16 21  0.556213  0.817164
16 22  0.575180  0.970831
16 23  0.553891  0.950933
16 24  0.573887  1.202933
16 25  0.576711  1.125345
16 26  0.552787  1.104543
17 18  0.554081  0.859055
17 19  0.556130  0.817486
17 20  0.548713  0.853027
17 21  0.549403  0.801441
17 22  0.553723  0.952715
17 23  0.575100  0.970809
17 24  0.573757  1.203757
17 25  0.552681  1.105963
17 26  0.576585  1.125660
18 19  0.516885  0.747816
18 20  0.562845  0.822242
18 21  0.564859  0.782632
18 22  0.583833  0.935821
18 23  0.553626  0.902378
18 24  0.584419  1.171612
18 25  0.585337  1.083630
18 26  0.580790  1.057822
19 20  0.564892  0.782681
19 21  0.566905  0.741858
19 22  0.585883  0.897324
19 23  0.555155  0.881208
19 24  0.586792  1.142942
19 25  0.587432  1.049170
19 26  0.584290  1.038174
20 21  0.516829  0.749103
20 22  0.553568  0.903960
20 23  0.583868  0.935525
20 24  0.584409  1.172238
20 25  0.580775  1.058844
20 26  0.585325  1.083645
21 22  0.555062  0.882771
21 23  0.585886  0.896979
21 24  0.586752  1.143531
21 25  0.584250  1.039275
21 26  0.587389  1.049168
22 23  0.604842  1.043631
22 24  0.603513  1.244310
22 25  0.595231  1.181013
22 26  0.606166  1.197913
23 24  0.603562  1.243535
23 25  0.606211  1.197590
23 26  0.595286  1.179558
24 25  0.593448  1.405879
24 26  0.593457  1.405296
25 26  0.604973  1.290867
