   -993.90960493
   -994.22393690     -994.09081186
0.00006107972388
2 2 2 2 2 2 2 2 2 2 2 2 2 0 0 0 0 0 0 0 0 0 0 0 0 0 
1  0.274435  0.588313
2  0.274424  0.588385
3  0.269518  0.467343
4  0.269522  0.467416
5  0.278505  0.392514
6  0.281940  0.383774
7  0.278500  0.392579
8  0.281934  0.383833
9  0.304307  0.671051
10  0.304308  0.671023
11  0.303221  0.515315
12  0.304295  0.761248
13  0.303209  0.515124
14  0.278742  0.565009
15  0.278726  0.565130
16  0.274373  0.449510
17  0.274386  0.449750
18  0.281981  0.414706
19  0.284248  0.372635
20  0.281982  0.414824
21  0.284247  0.372766
22  0.303855  0.528199
23  0.303830  0.527994
24  0.305603  0.773793
25  0.306351  0.684759
26  0.306325  0.684603
1 2  0.543437  1.114252
1 3  0.538804  1.011864
1 4  0.543770  1.029918
1 5  0.552806  0.978479
1 6  0.556138  0.959496
1 7  0.552902  0.977920
1 8  0.556350  0.964606
1 9  0.576558  1.233475
1 10  0.552868  1.223826
1 11  0.577624  1.096803
1 12  0.554279  1.301263
1 13  0.575994  1.085366
1 14  0.272474  0.990219
1 15  0.548887  1.149325
1 16  0.544298  1.035892
1 17  0.547975  1.036124
1 18  0.556046  1.000384
1 19  0.557926  0.960097
1 20  0.556410  1.002265
1 21  0.558663  0.960491
1 22  0.578031  1.114276
1 23  0.577802  1.113187
1 24  0.549265  1.314254
1 25  0.580135  1.266496
1 26  0.548530  1.220749
2 3  0.543756  1.029917
2 4  0.538795  1.011989
2 5  0.552897  0.977926
2 6  0.556345  0.964611
2 7  0.552790  0.978617
2 8  0.556122  0.959619
2 9  0.552859  1.223924
2 10  0.576545  1.233525
2 11  0.575992  1.085603
2 12  0.554278  1.301277
2 13  0.577600  1.096669
2 14  0.548883  1.149267
2 15  0.272467  0.990464
2 16  0.547956  1.035957
2 17  0.544299  1.036199
2 18  0.556398  1.002218
2 19  0.558653  0.960432
2 20  0.556035  1.000570
2 21  0.557914  0.960297
2 22  0.577815  1.113459
2 23  0.577998  1.114144
2 24  0.549261  1.314332
2 25  0.548537  1.220969
2 26  0.580101  1.266412
3 4  0.539024  0.924412
3 5  0.543926  0.851092
3 6  0.545244  0.829207
3 7  0.548015  0.859170
3 8  0.551452  0.848429
3 9  0.573780  1.130984
3 10  0.550415  1.107849
3 11  0.572727  0.978491
3 12  0.572020  1.207146
3 13  0.552647  0.958827
3 14  0.543552  1.030405
3 15  0.547322  1.030467
3 16  0.260038  0.704455
3 17  0.543869  0.915980
3 18  0.550462  0.876242
3 19  0.550129  0.838721
3 20  0.551491  0.881775
3 21  0.553759  0.839853
3 22  0.573372  0.994525
3 23  0.546375  0.960611
3 24  0.574531  1.236202
3 25  0.575584  1.149495
3 26  0.545370  1.117099
4 5  0.548024  0.859179
4 6  0.551462  0.848448
4 7  0.543925  0.851231
4 8  0.545243  0.829332
4 9  0.550416  1.107951
4 10  0.573785  1.131040
4 11  0.552660  0.959079
4 12  0.572023  1.207205
4 13  0.572719  0.978374
4 14  0.547349  1.030417
4 15  0.543540  1.030596
4 16  0.543861  0.915819
4 17  0.260054  0.704835
4 18  0.551494  0.881730
4 19  0.553765  0.839797
4 20  0.550467  0.876431
4 21  0.550133  0.838926
4 22  0.546407  0.960879
4 23  0.573352  0.994395
4 24  0.574531  1.236282
4 25  0.545401  1.117312
4 26  0.575563  1.149414
5 6  0.513341  0.741459
5 7  0.557002  0.783817
5 8  0.560438  0.775617
5 9  0.582730  1.054931
5 10  0.578676  1.033387
5 11  0.581720  0.906796
5 12  0.582459  1.148047
5 13  0.551722  0.882521
5 14  0.556896  0.955693
5 15  0.557225  0.957041
5 16  0.551707  0.837368
5 17  0.552879  0.842003
5 18  0.280137  0.582525
5 19  0.510159  0.719146
5 20  0.560450  0.807131
5 21  0.562744  0.765172
5 22  0.582276  0.920276
5 23  0.543151  0.879314
5 24  0.583262  1.164607
5 25  0.584661  1.076088
5 26  0.583413  1.076520
6 7  0.560438  0.775624
6 8  0.563873  0.766547
6 9  0.586218  1.049182
6 10  0.583823  1.039060
6 11  0.585159  0.898675
6 12  0.586166  1.143184
6 13  0.553933  0.879392
6 14  0.559874  0.948065
6 15  0.560631  0.948235
6 16  0.552297  0.831925
6 17  0.556318  0.833254
6 18  0.510849  0.749417
6 19  0.281354  0.518827
6 20  0.563916  0.798443
6 21  0.566186  0.756443
6 22  0.585774  0.911635
6 23  0.545953  0.870387
6 24  0.587176  1.156122
6 25  0.588282  1.067674
6 26  0.587573  1.067343
7 8  0.513332  0.741596
7 9  0.578671  1.033468
7 10  0.582726  1.054959
7 11  0.551728  0.882770
7 12  0.582455  1.148098
7 13  0.581703  0.906669
7 14  0.557237  0.956985
7 15  0.556876  0.955881
7 16  0.552862  0.841828
7 17  0.551716  0.837670
7 18  0.560445  0.807077
7 19  0.562741  0.765107
7 20  0.280138  0.582740
7 21  0.510151  0.719333
7 22  0.543171  0.879584
7 23  0.582250  0.920136
7 24  0.583260  1.164671
7 25  0.583434  1.076739
7 26  0.584629  1.075997
8 9  0.583818  1.039145
8 10  0.586214  1.049211
8 11  0.553942  0.879644
8 12  0.586161  1.143242
8 13  0.585141  0.898543
8 14  0.560645  0.948172
8 15  0.559856  0.948246
8 16  0.556300  0.833074
8 17  0.552304  0.832226
8 18  0.563910  0.798383
8 19  0.566183  0.756372
8 20  0.510847  0.749588
8 21  0.281348  0.519051
8 22  0.545975  0.870648
8 23  0.585745  0.911490
8 24  0.587171  1.156180
8 25  0.587593  1.067558
8 26  0.588250  1.067578
9 10  0.605873  1.277049
9 11  0.596060  1.169046
9 12  0.594107  1.400129
9 13  0.607323  1.180497
9 14  0.582343  1.230462
9 15  0.550742  1.182880
9 16  0.578434  1.118505
9 17  0.547993  1.084624
9 18  0.586088  1.084421
9 19  0.588535  1.042983
9 20  0.584635  1.085136
9 21  0.587901  1.043147
9 22  0.589445  1.169900
9 23  0.607517  1.196204
9 24  0.587601  1.390976
9 25  0.374727  1.262417
9 26  0.609777  1.347380
10 11  0.607337  1.180644
10 12  0.594118  1.400108
10 13  0.596048  1.168846
10 14  0.550759  1.182741
10 15  0.582331  1.230541
10 16  0.547980  1.084377
10 17  0.578451  1.118709
10 18  0.584636  1.084990
10 19  0.587903  1.042990
10 20  0.586092  1.084509
10 21  0.588535  1.043082
10 22  0.607548  1.196381
10 23  0.589425  1.169700
10 24  0.587589  1.390941
10 25  0.609803  1.347505
10 26  0.374701  1.262188
11 12  0.605524  1.229081
11 13  0.606410  1.023156
11 14  0.581724  1.078544
11 15  0.581388  1.078129
11 16  0.577593  0.963989
11 17  0.550671  0.930564
11 18  0.585123  0.929514
11 19  0.587447  0.887692
11 20  0.546113  0.890553
11 21  0.546436  0.844385
11 22  0.374822  0.906624
11 23  0.606933  1.042012
11 24  0.608088  1.284733
11 25  0.590071  1.169935
11 26  0.608922  1.197153
12 13  0.605508  1.228946
12 14  0.551831  1.277842
12 15  0.551816  1.277959
12 16  0.578041  1.206781
12 17  0.578053  1.207008
12 18  0.585427  1.174104
12 19  0.588200  1.132691
12 20  0.585428  1.174221
12 21  0.588199  1.132818
12 22  0.607436  1.285054
12 23  0.607410  1.284860
12 24  0.378235  1.469770
12 25  0.588458  1.392175
12 26  0.588461  1.392070
13 14  0.581394  1.077818
13 15  0.581697  1.078474
13 16  0.550651  0.930149
13 17  0.577594  0.964035
13 18  0.546102  0.890242
13 19  0.546423  0.844067
13 20  0.585112  0.929442
13 21  0.587434  0.887631
13 22  0.606942  1.042026
13 23  0.374789  0.906163
13 24  0.608078  1.284549
13 25  0.608935  1.197118
13 26  0.590033  1.169609
14 15  0.551490  1.077081
14 16  0.547608  0.978522
14 17  0.553009  0.996972
14 18  0.560553  0.978418
14 19  0.562849  0.930316
14 20  0.560682  0.977974
14 21  0.562964  0.933743
14 22  0.582540  1.088428
14 23  0.580386  1.078743
14 24  0.559301  1.296740
14 25  0.582186  1.229629
14 26  0.558479  1.220283
15 16  0.552979  0.996877
15 17  0.547605  0.978827
15 18  0.560665  0.977978
15 19  0.562949  0.933744
15 20  0.560537  0.978654
15 21  0.562831  0.930550
15 22  0.580392  1.079048
15 23  0.582499  1.088351
15 24  0.559295  1.296833
15 25  0.558486  1.220545
15 26  0.582139  1.229591
16 17  0.548742  0.893212
16 18  0.550940  0.856978
16 19  0.551850  0.804390
16 20  0.556350  0.863904
16 21  0.558618  0.821139
16 22  0.578213  0.974915
16 23  0.556696  0.955782
16 24  0.577509  1.206252
16 25  0.580660  1.129609
16 26  0.556657  1.108992
17 18  0.556362  0.864025
17 19  0.558633  0.821246
17 20  0.550955  0.857330
17 21  0.551861  0.804729
17 22  0.556732  0.956208
17 23  0.578201  0.974945
17 24  0.577522  1.206472
17 25  0.556691  1.109356
17 26  0.580647  1.129689
18 19  0.518240  0.752548
18 20  0.563960  0.827157
18 21  0.566226  0.786690
18 22  0.585826  0.939852
18 23  0.555507  0.907119
18 24  0.587149  1.174960
18 25  0.588235  1.087315
18 26  0.583613  1.061766
19 20  0.566229  0.786678
19 21  0.568494  0.744821
19 22  0.588099  0.900461
19 23  0.557299  0.885199
19 24  0.589740  1.145513
19 25  0.590560  1.052145
19 26  0.587307  1.041446
20 21  0.518243  0.752801
20 22  0.555534  0.907439
20 23  0.585803  0.939763
20 24  0.587150  1.175072
20 25  0.583639  1.062001
20 26  0.588210  1.087265
21 22  0.557324  0.885535
21 23  0.588073  0.900387
21 24  0.589739  1.145641
21 25  0.587332  1.041711
21 26  0.590532  1.052118
22 23  0.607657  1.046622
22 24  0.607056  1.245642
22 25  0.598881  1.183613
22 26  0.609927  1.201040
23 24  0.607037  1.245482
23 25  0.609930  1.200998
23 26  0.598831  1.183257
24 25  0.597775  1.408038
24 26  0.597757  1.407866
25 26  0.609534  1.293265
