   -993.90960493
   -994.22444101     -994.09210662
0.00002827081064
2 2 2 2 2 2 2 2 2 2 2 2 2 0 0 0 0 0 0 0 0 0 0 0 0 0 
1  0.275974  0.588127
2  0.275969  0.588123
3  0.270630  0.470233
4  0.270627  0.470242
5  0.279006  0.395236
6  0.282451  0.386324
7  0.279008  0.395240
8  0.282449  0.386330
9  0.306117  0.671734
10  0.306114  0.671667
11  0.304283  0.518184
12  0.306037  0.760172
13  0.304283  0.518184
14  0.280288  0.564502
15  0.280279  0.564492
16  0.275491  0.452364
17  0.275491  0.452367
18  0.282490  0.417903
19  0.284866  0.375149
20  0.282492  0.417910
21  0.284865  0.375168
22  0.304970  0.531186
23  0.304980  0.531192
24  0.307170  0.772774
25  0.308014  0.685320
26  0.308006  0.685280
1 2  0.546347  1.114127
1 3  0.541375  1.014406
1 4  0.546407  1.032239
1 5  0.554847  0.980993
1 6  0.558197  0.961505
1 7  0.554946  0.980309
1 8  0.558403  0.966586
1 9  0.579797  1.234007
1 10  0.556089  1.224478
1 11  0.580223  1.099371
1 12  0.557456  1.300156
1 13  0.578546  1.087903
1 14  0.275368  0.988577
1 15  0.551893  1.148684
1 16  0.546861  1.038594
1 17  0.550515  1.038639
1 18  0.558082  1.003330
1 19  0.560016  0.962449
1 20  0.558459  1.005125
1 21  0.560823  0.962685
1 22  0.580667  1.117066
1 23  0.580459  1.116204
1 24  0.552355  1.314021
1 25  0.583304  1.266968
1 26  0.551691  1.222276
2 3  0.546403  1.032232
2 4  0.541368  1.014403
2 5  0.554938  0.980303
2 6  0.558400  0.966583
2 7  0.554844  0.980994
2 8  0.558189  0.961505
2 9  0.556090  1.224535
2 10  0.579789  1.233950
2 11  0.578541  1.087893
2 12  0.557445  1.300143
2 13  0.580217  1.099373
2 14  0.551898  1.148691
2 15  0.275370  0.988569
2 16  0.550508  1.038629
2 17  0.546855  1.038593
2 18  0.558451  1.005114
2 19  0.560818  0.962661
2 20  0.558079  1.003335
2 21  0.560008  0.962463
2 22  0.580444  1.116195
2 23  0.580671  1.117071
2 24  0.552350  1.314018
2 25  0.551691  1.222303
2 26  0.583291  1.266924
3 4  0.541237  0.929718
3 5  0.545502  0.856500
3 6  0.546839  0.834187
3 7  0.549635  0.864680
3 8  0.553078  0.853558
3 9  0.576698  1.134532
3 10  0.553282  1.111136
3 11  0.574897  0.984027
3 12  0.574802  1.208720
3 13  0.554737  0.964535
3 14  0.546117  1.032836
3 15  0.549917  1.032806
3 16  0.261990  0.710255
3 17  0.546087  0.921457
3 18  0.552068  0.882328
3 19  0.551809  0.844138
3 20  0.553114  0.887738
3 21  0.555488  0.845135
3 22  0.575599  1.000385
3 23  0.548540  0.967041
3 24  0.577189  1.238073
3 25  0.578346  1.152941
3 26  0.548154  1.120924
4 5  0.549630  0.864683
4 6  0.553078  0.853562
4 7  0.545500  0.856518
4 8  0.546833  0.834205
4 9  0.553283  1.111212
4 10  0.576693  1.134475
4 11  0.554734  0.964540
4 12  0.574800  1.208718
4 13  0.574895  0.984038
4 14  0.549922  1.032825
4 15  0.546107  1.032835
4 16  0.546086  0.921463
4 17  0.261990  0.710280
4 18  0.553108  0.887740
4 19  0.555487  0.845125
4 20  0.552068  0.882345
4 21  0.551807  0.844164
4 22  0.548531  0.967052
4 23  0.575606  1.000398
4 24  0.577187  1.238081
4 25  0.548159  1.120974
4 26  0.578335  1.152912
5 6  0.514308  0.746888
5 7  0.558011  0.789039
5 8  0.561453  0.780761
5 9  0.585033  1.057844
5 10  0.580984  1.036066
5 11  0.583281  0.912291
5 12  0.584701  1.149478
5 13  0.553311  0.888213
5 14  0.558936  0.957864
5 15  0.559280  0.959111
5 16  0.553312  0.842957
5 17  0.554484  0.847335
5 18  0.280872  0.589005
5 19  0.511254  0.724805
5 20  0.561458  0.812926
5 21  0.563863  0.770288
5 22  0.583886  0.925975
5 23  0.544801  0.885474
5 24  0.585267  1.166283
5 25  0.586819  1.079352
5 26  0.585600  1.079921
6 7  0.561458  0.780761
6 8  0.564899  0.771455
6 9  0.588533  1.052144
6 10  0.586084  1.041895
6 11  0.586730  0.904064
6 12  0.588415  1.144600
6 13  0.555583  0.884959
6 14  0.561852  0.950126
6 15  0.562702  0.950134
6 16  0.553888  0.837334
6 17  0.557932  0.838410
6 18  0.511841  0.755645
6 19  0.282424  0.524438
6 20  0.564937  0.804070
6 21  0.567316  0.761387
6 22  0.587399  0.917165
6 23  0.547647  0.876372
6 24  0.589248  1.157587
6 25  0.590456  1.070772
6 26  0.589747  1.070559
7 8  0.514306  0.746897
7 9  0.580989  1.036136
7 10  0.585033  1.057782
7 11  0.553315  0.888214
7 12  0.584706  1.149480
7 13  0.583284  0.912295
7 14  0.559292  0.959125
7 15  0.558929  0.957859
7 16  0.554487  0.847337
7 17  0.553314  0.842964
7 18  0.561457  0.812923
7 19  0.563866  0.770274
7 20  0.280871  0.589032
7 21  0.511252  0.724827
7 22  0.544793  0.885470
7 23  0.583898  0.925985
7 24  0.585269  1.166286
7 25  0.585610  1.079966
7 26  0.586814  1.079317
8 9  0.586083  1.041962
8 10  0.588528  1.052078
8 11  0.555579  0.884966
8 12  0.588414  1.144607
8 13  0.586728  0.904070
8 14  0.562708  0.950149
8 15  0.561841  0.950121
8 16  0.557931  0.838413
8 17  0.553886  0.837342
8 18  0.564932  0.804067
8 19  0.567315  0.761374
8 20  0.511839  0.755660
8 21  0.282420  0.524472
8 22  0.547636  0.876366
8 23  0.587407  0.917175
8 24  0.589245  1.157591
8 25  0.589753  1.070604
8 26  0.590446  1.070737
9 10  0.609360  1.277910
9 11  0.598815  1.172315
9 12  0.597462  1.399746
9 13  0.610204  1.184135
9 14  0.585665  1.230708
9 15  0.554005  1.183985
9 16  0.581353  1.122042
9 17  0.550812  1.088063
9 18  0.588385  1.088285
9 19  0.590962  1.046161
9 20  0.586961  1.088915
9 21  0.590310  1.046227
9 22  0.592222  1.173445
9 23  0.610471  1.200105
9 24  0.590816  1.391165
9 25  0.378009  1.263495
9 26  0.613240  1.348958
10 11  0.610201  1.184071
10 12  0.597464  1.399689
10 13  0.598813  1.172245
10 14  0.554005  1.183933
10 15  0.585655  1.230635
10 16  0.550810  1.087989
10 17  0.581350  1.121977
10 18  0.586955  1.088840
10 19  0.590309  1.046140
10 20  0.588386  1.088225
10 21  0.590959  1.046112
10 22  0.610461  1.200036
10 23  0.592227  1.173375
10 24  0.590813  1.391124
10 25  0.613246  1.348931
10 26  0.378000  1.263368
11 12  0.608257  1.229976
11 13  0.608542  1.028576
11 14  0.584309  1.080928
11 15  0.583970  1.080374
11 16  0.579773  0.969696
11 17  0.552835  0.936433
11 18  0.586679  0.935568
11 19  0.589123  0.893069
11 20  0.547655  0.896799
11 21  0.548118  0.849852
11 22  0.376698  0.913176
11 23  0.609124  1.048044
11 24  0.610719  1.286641
11 25  0.592675  1.173300
11 26  0.611621  1.200729
12 13  0.608258  1.229984
12 14  0.555079  1.277288
12 15  0.555067  1.277271
12 16  0.580877  1.208562
12 17  0.580876  1.208564
12 18  0.587633  1.176198
12 19  0.590533  1.134059
12 20  0.587633  1.176204
12 21  0.590534  1.134077
12 22  0.610287  1.287034
12 23  0.610296  1.287040
12 24  0.381694  1.467318
12 25  0.591739  1.392206
12 26  0.591734  1.392183
13 14  0.583979  1.080383
13 15  0.584300  1.080923
13 16  0.552839  0.936431
13 17  0.579772  0.969701
13 18  0.547651  0.896797
13 19  0.548118  0.849836
13 20  0.586682  0.935576
13 21  0.589122  0.893088
13 22  0.609115  1.048039
13 23  0.376711  0.913172
13 24  0.610721  1.286642
13 25  0.611632  1.200766
13 26  0.592667  1.173256
14 15  0.554426  1.076473
14 16  0.550209  0.980693
14 17  0.555654  0.998837
14 18  0.562608  0.981084
14 19  0.565014  0.932140
14 20  0.562728  0.980497
14 21  0.565128  0.935413
14 22  0.585200  1.090840
14 23  0.582999  1.081123
14 24  0.562352  1.295523
14 25  0.585259  1.229714
14 26  0.561561  1.220600
15 16  0.555646  0.998823
15 17  0.550201  0.980686
15 18  0.562717  0.980480
15 19  0.565121  0.935390
15 20  0.562602  0.981081
15 21  0.565004  0.932143
15 22  0.582980  1.081110
15 23  0.585201  1.090840
15 24  0.562345  1.295521
15 25  0.561560  1.220623
15 26  0.585243  1.229672
16 17  0.550963  0.898341
16 18  0.552540  0.862900
16 19  0.553549  0.809436
16 20  0.557978  0.869826
16 21  0.560354  0.826255
16 22  0.580443  0.980550
16 23  0.558843  0.961607
16 24  0.580112  1.207811
16 25  0.583438  1.132983
16 26  0.559430  1.112350
17 18  0.557974  0.869822
17 19  0.560355  0.826240
17 20  0.552540  0.862908
17 21  0.553548  0.809449
17 22  0.558833  0.961612
17 23  0.580451  0.980560
17 24  0.580114  1.207823
17 25  0.559435  1.112381
17 26  0.583429  1.132942
18 19  0.519319  0.758383
18 20  0.564977  0.833185
18 21  0.567352  0.792224
18 22  0.587447  0.945789
18 23  0.557172  0.913248
18 24  0.589228  1.176739
18 25  0.590393  1.090426
18 26  0.585823  1.064839
19 20  0.567356  0.792213
19 21  0.569730  0.749663
19 22  0.589831  0.905959
19 23  0.559126  0.890970
19 24  0.591918  1.146991
19 25  0.592835  1.054943
19 26  0.589536  1.044222
20 21  0.519317  0.758411
20 22  0.557166  0.913251
20 23  0.587459  0.945799
20 24  0.589230  1.176744
20 25  0.585834  1.064877
20 26  0.590388  1.090390
21 22  0.559116  0.890982
21 23  0.589839  0.905983
21 24  0.591917  1.147010
21 25  0.589543  1.044277
21 26  0.592826  1.054920
22 23  0.609917  1.052116
22 24  0.609682  1.246659
22 25  0.601559  1.186864
22 26  0.612721  1.204512
23 24  0.609690  1.246668
23 25  0.612738  1.204554
23 26  0.601558  1.186828
24 25  0.600820  1.407534
24 26  0.600815  1.407501
25 26  0.612721  1.293954
