   -993.90960493
   -994.22474163     -994.09293989
0.00000804979340
2 2 2 2 2 2 2 2 2 2 2 2 2 0 0 0 0 0 0 0 0 0 0 0 0 0 
1  0.276954  0.587948
2  0.276953  0.587967
3  0.271416  0.472313
4  0.271413  0.472314
5  0.279334  0.397480
6  0.282851  0.388353
7  0.279334  0.397478
8  0.282851  0.388348
9  0.307277  0.672276
10  0.307280  0.672271
11  0.304905  0.520513
12  0.307119  0.759597
13  0.304904  0.520522
14  0.281322  0.564257
15  0.281321  0.564271
16  0.276297  0.454341
17  0.276295  0.454350
18  0.282786  0.420336
19  0.285282  0.376974
20  0.282785  0.420339
21  0.285282  0.376980
22  0.305568  0.533515
23  0.305567  0.533523
24  0.308251  0.772590
25  0.309165  0.685739
26  0.309165  0.685731
1 2  0.548218  1.114065
1 3  0.543078  1.016204
1 4  0.548161  1.033923
1 5  0.556155  0.983031
1 6  0.559577  0.963135
1 7  0.556245  0.982274
1 8  0.559783  0.968174
1 9  0.581855  1.234394
1 10  0.558171  1.225075
1 11  0.581823  1.101438
1 12  0.559461  1.299537
1 13  0.580108  1.089841
1 14  0.277205  0.987262
1 15  0.553904  1.148410
1 16  0.548629  1.040436
1 17  0.552211  1.040529
1 18  0.559360  1.005536
1 19  0.561347  0.964116
1 20  0.559733  1.007352
1 21  0.562218  0.964300
1 22  0.582231  1.119215
1 23  0.582007  1.118389
1 24  0.554386  1.314362
1 25  0.585412  1.267276
1 26  0.553771  1.223323
2 3  0.548163  1.033939
2 4  0.543076  1.016222
2 5  0.556245  0.982295
2 6  0.559783  0.968195
2 7  0.556154  0.983047
2 8  0.559577  0.963150
2 9  0.558166  1.225096
2 10  0.581857  1.234402
2 11  0.580109  1.089851
2 12  0.559461  1.299560
2 13  0.581821  1.101466
2 14  0.553905  1.148415
2 15  0.277209  0.987303
2 16  0.552212  1.040538
2 17  0.548626  1.040464
2 18  0.559733  1.007368
2 19  0.562218  0.964314
2 20  0.559359  1.005557
2 21  0.561347  0.964140
2 22  0.582007  1.118401
2 23  0.582230  1.119242
2 24  0.554386  1.314372
2 25  0.553771  1.223352
2 26  0.585412  1.267288
3 4  0.542811  0.933583
3 5  0.546594  0.860692
3 6  0.548003  0.837988
3 7  0.550745  0.868965
3 8  0.554266  0.857441
3 9  0.578641  1.137121
3 10  0.555161  1.113635
3 11  0.576304  0.988220
3 12  0.576614  1.210044
3 13  0.556112  0.968801
3 14  0.547898  1.034706
3 15  0.551672  1.034743
3 16  0.263337  0.714389
3 17  0.547681  0.925490
3 18  0.553144  0.886865
3 19  0.552999  0.848049
3 20  0.554187  0.892237
3 21  0.556683  0.849019
3 22  0.576982  1.004786
3 23  0.549882  0.971695
3 24  0.579036  1.239970
3 25  0.580273  1.155431
3 26  0.550061  1.123665
4 5  0.550743  0.868968
4 6  0.554264  0.857447
4 7  0.546592  0.860691
4 8  0.548001  0.837986
4 9  0.555157  1.113641
4 10  0.578641  1.137117
4 11  0.556111  0.968794
4 12  0.576612  1.210048
4 13  0.576300  0.988231
4 14  0.551673  1.034731
4 15  0.547893  1.034721
4 16  0.547681  0.925483
4 17  0.263335  0.714399
4 18  0.554185  0.892236
4 19  0.556681  0.849015
4 20  0.553141  0.886869
4 21  0.552997  0.848056
4 22  0.549881  0.971689
4 23  0.576980  1.004796
4 24  0.579034  1.239971
4 25  0.550059  1.123673
4 26  0.580270  1.155424
5 6  0.514986  0.751284
5 7  0.558664  0.793348
5 8  0.562183  0.784938
5 9  0.586513  1.060201
5 10  0.582464  1.038387
5 11  0.584229  0.916781
5 12  0.586113  1.151011
5 13  0.554296  0.892711
5 14  0.560294  0.959819
5 15  0.560651  0.961125
5 16  0.554441  0.847191
5 17  0.555614  0.851557
5 18  0.281389  0.594061
5 19  0.511978  0.729233
5 20  0.562068  0.817588
5 21  0.564606  0.774339
5 22  0.584800  0.930544
5 23  0.545735  0.890259
5 24  0.586630  1.168319
5 25  0.588288  1.082002
5 26  0.587072  1.082629
6 7  0.562183  0.784940
6 8  0.565701  0.775365
6 9  0.590088  1.054450
6 10  0.587614  1.044243
6 11  0.587751  0.908399
6 12  0.589892  1.146011
6 13  0.556621  0.889326
6 14  0.563237  0.951926
6 15  0.564145  0.951923
6 16  0.555077  0.841347
6 17  0.559131  0.842412
6 18  0.512500  0.760491
6 19  0.283177  0.528769
6 20  0.565628  0.808519
6 21  0.568133  0.765222
6 22  0.588393  0.921516
6 23  0.548644  0.880936
6 24  0.590716  1.159385
6 25  0.592007  1.073211
6 26  0.591295  1.073019
7 8  0.514986  0.751276
7 9  0.582462  1.038391
7 10  0.586515  1.060194
7 11  0.554297  0.892701
7 12  0.586113  1.151010
7 13  0.584227  0.916786
7 14  0.560652  0.961108
7 15  0.560293  0.959831
7 16  0.555615  0.851546
7 17  0.554439  0.847198
7 18  0.562069  0.817583
7 19  0.564606  0.774331
7 20  0.281388  0.594062
7 21  0.511977  0.729235
7 22  0.545736  0.890249
7 23  0.584799  0.930550
7 24  0.586630  1.168317
7 25  0.587072  1.082635
7 26  0.588288  1.081991
8 9  0.587612  1.044243
8 10  0.590090  1.054440
8 11  0.556622  0.889313
8 12  0.589892  1.146007
8 13  0.587749  0.908403
8 14  0.564146  0.951905
8 15  0.563235  0.951936
8 16  0.559132  0.842399
8 17  0.555075  0.841351
8 18  0.565628  0.808512
8 19  0.568132  0.765212
8 20  0.512500  0.760491
8 21  0.283177  0.528769
8 22  0.548643  0.880921
8 23  0.588393  0.921520
8 24  0.590716  1.159380
8 25  0.591295  1.073023
8 26  0.592007  1.073198
9 10  0.611581  1.278829
9 11  0.600539  1.175002
9 12  0.599589  1.399754
9 13  0.611987  1.186989
9 14  0.587835  1.231072
9 15  0.556140  1.185036
9 16  0.583304  1.124550
9 17  0.552728  1.090691
9 18  0.589830  1.091249
9 19  0.592541  1.048520
9 20  0.588401  1.091897
9 21  0.591875  1.048562
9 22  0.593917  1.176229
9 23  0.612188  1.203014
9 24  0.592970  1.391962
9 25  0.380200  1.264353
9 26  0.615543  1.350114
10 11  0.611991  1.186977
10 12  0.599591  1.399753
10 13  0.600540  1.175005
10 14  0.556144  1.185018
10 15  0.587836  1.231081
10 16  0.552732  1.090677
10 17  0.583305  1.124553
10 18  0.588404  1.091890
10 19  0.591877  1.048552
10 20  0.589832  1.091246
10 21  0.592544  1.048520
10 22  0.612191  1.203001
10 23  0.593919  1.176233
10 24  0.592970  1.391956
10 25  0.615546  1.350117
10 26  0.380202  1.264337
11 12  0.609917  1.231107
11 13  0.609782  1.032792
11 14  0.585960  1.083017
11 15  0.585609  1.082492
11 16  0.581201  0.974001
11 17  0.554239  0.941011
11 18  0.587581  0.940329
11 19  0.590156  0.897220
11 20  0.548578  0.901747
11 21  0.549143  0.854145
11 22  0.377864  0.918265
11 23  0.610335  1.052680
11 24  0.612414  1.288843
11 25  0.594393  1.175969
11 26  0.613373  1.203535
12 13  0.609915  1.231113
12 14  0.557172  1.277201
12 15  0.557172  1.277208
12 16  0.582740  1.209956
12 17  0.582739  1.209964
12 18  0.588970  1.178046
12 19  0.592025  1.135271
12 20  0.588969  1.178048
12 21  0.592025  1.135276
12 22  0.611960  1.288839
12 23  0.611960  1.288847
12 24  0.383921  1.466261
12 25  0.593865  1.392443
12 26  0.593866  1.392436
13 14  0.585609  1.082486
13 15  0.585957  1.083038
13 16  0.554239  0.941013
13 17  0.581198  0.974018
13 18  0.548577  0.901754
13 19  0.549141  0.854148
13 20  0.587578  0.940340
13 21  0.590155  0.897234
13 22  0.610333  1.052680
13 23  0.377865  0.918280
13 24  0.612412  1.288851
13 25  0.613371  1.203552
13 26  0.594390  1.175969
14 15  0.556428  1.076349
14 16  0.551976  0.982328
14 17  0.557492  1.000516
14 18  0.563938  0.983256
14 19  0.566465  0.933615
14 20  0.564051  0.982637
14 21  0.566581  0.936836
14 22  0.586830  1.092859
14 23  0.584559  1.082974
14 24  0.564430  1.295259
14 25  0.587360  1.229945
14 26  0.563646  1.220930
15 16  0.557492  1.000521
15 17  0.551974  0.982350
15 18  0.564050  0.982649
15 19  0.566579  0.936846
15 20  0.563936  0.983272
15 21  0.566464  0.933634
15 22  0.584558  1.082978
15 23  0.586828  1.092883
15 24  0.564430  1.295276
15 25  0.563643  1.220948
15 26  0.587358  1.229950
16 17  0.552574  0.902110
16 18  0.553636  0.867252
16 19  0.554772  0.813037
16 20  0.559076  0.874220
16 21  0.561577  0.829944
16 22  0.581844  0.984690
16 23  0.560196  0.965789
16 24  0.581922  1.209380
16 25  0.585392  1.135374
16 26  0.561329  1.114681
17 18  0.559074  0.874226
17 19  0.561575  0.829946
17 20  0.553634  0.867261
17 21  0.554770  0.813049
17 22  0.560194  0.965791
17 23  0.581842  0.984708
17 24  0.581921  1.209394
17 25  0.561327  1.114691
17 26  0.585391  1.135373
18 19  0.519979  0.762776
18 20  0.565565  0.837760
18 21  0.568065  0.796389
18 22  0.588339  0.950324
18 23  0.558094  0.917808
18 24  0.590611  1.178729
18 25  0.591834  1.092751
18 26  0.587268  1.067169
19 20  0.568064  0.796386
19 21  0.570563  0.753226
19 22  0.590841  0.910102
19 23  0.560151  0.895192
19 24  0.593410  1.148623
19 25  0.594395  1.056950
19 26  0.591068  1.046217
20 21  0.519979  0.762783
20 22  0.558094  0.917804
20 23  0.588338  0.950332
20 24  0.590611  1.178731
20 25  0.587268  1.067178
20 26  0.591833  1.092744
21 22  0.560151  0.895188
21 23  0.590841  0.910116
21 24  0.593410  1.148628
21 25  0.591069  1.046230
21 26  0.594395  1.056947
22 23  0.611099  1.056279
22 24  0.611310  1.248152
22 25  0.603260  1.189410
22 26  0.614479  1.207236
23 24  0.611310  1.248160
23 25  0.614479  1.207250
23 26  0.603259  1.189406
24 25  0.602933  1.407792
24 26  0.602933  1.407786
25 26  0.614913  1.294584
