   -993.90960493
   -994.22476645     -994.09301044
0.00000674080706
2 2 2 2 2 2 2 2 2 2 2 2 2 0 0 0 0 0 0 0 0 0 0 0 0 0 
1  0.277047  0.587946
2  0.277045  0.587939
3  0.271492  0.472517
4  0.271489  0.472481
5  0.279366  0.397713
6  0.282889  0.388548
7  0.279365  0.397696
8  0.282888  0.388530
9  0.307372  0.672321
10  0.307375  0.672336
11  0.304976  0.520708
12  0.307216  0.759524
13  0.304979  0.520741
14  0.281420  0.564247
15  0.281419  0.564238
16  0.276372  0.454537
17  0.276369  0.454508
18  0.282815  0.420593
19  0.285322  0.377151
20  0.282813  0.420576
21  0.285322  0.377139
22  0.305639  0.533711
23  0.305642  0.533742
24  0.308348  0.772561
25  0.309262  0.685761
26  0.309262  0.685775
1 2  0.548399  1.114059
1 3  0.543242  1.016392
1 4  0.548329  1.034056
1 5  0.556279  0.983259
1 6  0.559708  0.963306
1 7  0.556368  0.982479
1 8  0.559913  0.968323
1 9  0.582035  1.234433
1 10  0.558348  1.225149
1 11  0.581987  1.101623
1 12  0.559647  1.299476
1 13  0.580270  1.090040
1 14  0.277385  0.987182
1 15  0.554093  1.148387
1 16  0.548794  1.040632
1 17  0.552368  1.040697
1 18  0.559479  1.005788
1 19  0.561475  0.964293
1 20  0.559853  1.007584
1 21  0.562350  0.964456
1 22  0.582395  1.119411
1 23  0.582172  1.118609
1 24  0.554573  1.314394
1 25  0.585600  1.267307
1 26  0.553955  1.223439
2 3  0.548330  1.034081
2 4  0.543238  1.016356
2 5  0.556367  0.982488
2 6  0.559913  0.968333
2 7  0.556276  0.983236
2 8  0.559706  0.963284
2 9  0.558344  1.225129
2 10  0.582036  1.234435
2 11  0.580267  1.090003
2 12  0.559645  1.299475
2 13  0.581988  1.101649
2 14  0.554093  1.148390
2 15  0.277386  0.987164
2 16  0.552370  1.040719
2 17  0.548789  1.040597
2 18  0.559854  1.007595
2 19  0.562349  0.964461
2 20  0.559476  1.005763
2 21  0.561473  0.964275
2 22  0.582168  1.118572
2 23  0.582397  1.119434
2 24  0.554570  1.314383
2 25  0.553955  1.223418
2 26  0.585598  1.267316
3 4  0.542962  0.933913
3 5  0.546702  0.861116
3 6  0.548116  0.838356
3 7  0.550852  0.869384
3 8  0.554379  0.857801
3 9  0.578812  1.137364
3 10  0.555328  1.113883
3 11  0.576451  0.988593
3 12  0.576783  1.210157
3 13  0.556257  0.969212
3 14  0.548068  1.034902
3 15  0.551836  1.034922
3 16  0.263463  0.714812
3 17  0.547832  0.925846
3 18  0.553249  0.887329
3 19  0.553115  0.848431
3 20  0.554291  0.892676
3 21  0.556799  0.849381
3 22  0.577130  1.005187
3 23  0.550027  0.972151
3 24  0.579207  1.240144
3 25  0.580446  1.155659
3 26  0.550234  1.123935
4 5  0.550850  0.869365
4 6  0.554377  0.857783
4 7  0.546699  0.861065
4 8  0.548112  0.838307
4 9  0.555323  1.113836
4 10  0.578812  1.137342
4 11  0.556251  0.969148
4 12  0.576780  1.210128
4 13  0.576451  0.988591
4 14  0.551834  1.034897
4 15  0.548064  1.034858
4 16  0.547832  0.925839
4 17  0.263460  0.714736
4 18  0.554290  0.892659
4 19  0.556796  0.849357
4 20  0.553244  0.887277
4 21  0.553112  0.848384
4 22  0.550021  0.972089
4 23  0.577130  1.005182
4 24  0.579205  1.240109
4 25  0.550231  1.123889
4 26  0.580443  1.155639
5 6  0.515050  0.751728
5 7  0.558725  0.793772
5 8  0.562251  0.785341
5 9  0.586639  1.060426
5 10  0.582592  1.038626
5 11  0.584331  0.917195
5 12  0.586244  1.151156
5 13  0.554404  0.893155
5 14  0.560424  0.960040
5 15  0.560780  0.961323
5 16  0.554547  0.847622
5 17  0.555719  0.851949
5 18  0.281438  0.594598
5 19  0.512043  0.729682
5 20  0.562123  0.818057
5 21  0.564676  0.774731
5 22  0.584898  0.930974
5 23  0.545840  0.890737
5 24  0.586756  1.168522
5 25  0.588415  1.082255
5 26  0.587199  1.082908
6 7  0.562251  0.785342
6 8  0.565775  0.775724
6 9  0.590220  1.054662
6 10  0.587743  1.044476
6 11  0.587860  0.908786
6 12  0.590026  1.146128
6 13  0.556735  0.889741
6 14  0.563366  0.952114
6 15  0.564280  0.952082
6 16  0.555189  0.841738
6 17  0.559242  0.842765
6 18  0.512563  0.760983
6 19  0.283251  0.529183
6 20  0.565693  0.808951
6 21  0.568210  0.765576
6 22  0.588502  0.921908
6 23  0.548755  0.881375
6 24  0.590850  1.159547
6 25  0.592142  1.073427
6 26  0.591429  1.073257
7 8  0.515047  0.751692
7 9  0.582588  1.038599
7 10  0.586640  1.060424
7 11  0.554401  0.893104
7 12  0.586243  1.151139
7 13  0.584333  0.917210
7 14  0.560780  0.961315
7 15  0.560422  0.960013
7 16  0.555722  0.851960
7 17  0.554543  0.847577
7 18  0.562124  0.818057
7 19  0.564676  0.774725
7 20  0.281436  0.594557
7 21  0.512041  0.729653
7 22  0.545836  0.890690
7 23  0.584900  0.930988
7 24  0.586755  1.168505
7 25  0.587199  1.082876
7 26  0.588413  1.082252
8 9  0.587740  1.044446
8 10  0.590221  1.054658
8 11  0.556732  0.889690
8 12  0.590025  1.146111
8 13  0.587861  0.908801
8 14  0.564281  0.952073
8 15  0.563363  0.952086
8 16  0.559245  0.842776
8 17  0.555185  0.841691
8 18  0.565694  0.808950
8 19  0.568209  0.765569
8 20  0.512561  0.760950
8 21  0.283249  0.529147
8 22  0.548750  0.881326
8 23  0.588505  0.921921
8 24  0.590849  1.159529
8 25  0.591428  1.073224
8 26  0.592140  1.073424
9 10  0.611766  1.278904
9 11  0.600702  1.175221
9 12  0.599770  1.399728
9 13  0.612159  1.187249
9 14  0.588026  1.231115
9 15  0.556323  1.185118
9 16  0.583476  1.124790
9 17  0.552895  1.090906
9 18  0.589952  1.091550
9 19  0.592676  1.048740
9 20  0.588524  1.092181
9 21  0.592008  1.048767
9 22  0.594076  1.176470
9 23  0.612353  1.203280
9 24  0.593151  1.392016
9 25  0.380385  1.264410
9 26  0.615735  1.350218
10 11  0.612159  1.187233
10 12  0.599772  1.399748
10 13  0.600707  1.175267
10 14  0.556326  1.185145
10 15  0.588027  1.231121
10 16  0.552900  1.090944
10 17  0.583475  1.124776
10 18  0.588528  1.092213
10 19  0.592011  1.048792
10 20  0.589953  1.091547
10 21  0.592679  1.048744
10 22  0.612352  1.203264
10 23  0.594083  1.176511
10 24  0.593152  1.392028
10 25  0.615738  1.350219
10 26  0.380388  1.264445
11 12  0.610081  1.231165
11 13  0.609928  1.033154
11 14  0.586129  1.083201
11 15  0.585776  1.082653
11 16  0.581348  0.974391
11 17  0.554379  0.941399
11 18  0.587677  0.940780
11 19  0.590267  0.897591
11 20  0.548676  0.902204
11 21  0.549248  0.854523
11 22  0.377989  0.918712
11 23  0.610481  1.053090
11 24  0.612581  1.289016
11 25  0.594555  1.176183
11 26  0.613534  1.203777
12 13  0.610084  1.231192
12 14  0.557366  1.277182
12 15  0.557365  1.277171
12 16  0.582911  1.210077
12 17  0.582908  1.210048
12 18  0.589092  1.178228
12 19  0.592161  1.135371
12 20  0.589090  1.178211
12 21  0.592161  1.135360
12 22  0.612129  1.288970
12 23  0.612132  1.289000
12 24  0.384129  1.466137
12 25  0.594046  1.392421
12 26  0.594046  1.392434
13 14  0.585780  1.082695
13 15  0.586131  1.083224
13 16  0.554385  0.941460
13 17  0.581347  0.974396
13 18  0.548681  0.902254
13 19  0.549251  0.854565
13 20  0.587678  0.940795
13 21  0.590269  0.897612
13 22  0.610480  1.053092
13 23  0.377993  0.918787
13 24  0.612584  1.289048
13 25  0.613536  1.203795
13 26  0.594557  1.176226
14 15  0.556618  1.076329
14 16  0.552143  0.982499
14 17  0.557663  1.000648
14 18  0.564065  0.983503
14 19  0.566603  0.933773
14 20  0.564175  0.982861
14 21  0.566718  0.936971
14 22  0.586999  1.093036
14 23  0.584726  1.083158
14 24  0.564620  1.295228
14 25  0.587546  1.229964
14 26  0.563831  1.220976
15 16  0.557665  1.000664
15 17  0.552139  0.982467
15 18  0.564176  0.982868
15 19  0.566717  0.936973
15 20  0.564062  0.983477
15 21  0.566601  0.933753
15 22  0.584722  1.083119
15 23  0.587001  1.093058
15 24  0.564619  1.295223
15 25  0.563830  1.220954
15 26  0.587544  1.229966
16 17  0.552724  0.902440
16 18  0.553740  0.867701
16 19  0.554888  0.813389
16 20  0.559178  0.874652
16 21  0.561692  0.830287
16 22  0.581991  0.985059
16 23  0.560342  0.966192
16 24  0.582087  1.209521
16 25  0.585565  1.135592
16 26  0.561496  1.114910
17 18  0.559177  0.874640
17 19  0.561689  0.830269
17 20  0.553735  0.867653
17 21  0.554885  0.813351
17 22  0.560335  0.966137
17 23  0.581991  0.985063
17 24  0.582084  1.209500
17 25  0.561494  1.114864
17 26  0.585561  1.135576
18 19  0.520042  0.763225
18 20  0.565621  0.838211
18 21  0.568133  0.796795
18 22  0.588439  0.950743
18 23  0.558198  0.918261
18 24  0.590740  1.178929
18 25  0.591958  1.092963
18 26  0.587395  1.067413
19 20  0.568131  0.796789
19 21  0.570642  0.753552
19 22  0.590952  0.910475
19 23  0.560267  0.895595
19 24  0.593547  1.148769
19 25  0.594531  1.057123
19 26  0.591201  1.046413
20 21  0.520040  0.763195
20 22  0.558194  0.918216
20 23  0.588440  0.950756
20 24  0.590738  1.178911
20 25  0.587394  1.067385
20 26  0.591956  1.092960
21 22  0.560263  0.895551
21 23  0.590955  0.910494
21 24  0.593546  1.148758
21 25  0.591201  1.046390
21 26  0.594530  1.057125
22 23  0.611246  1.056626
22 24  0.611476  1.248244
22 25  0.603426  1.189608
22 26  0.614648  1.207471
23 24  0.611478  1.248267
23 25  0.614652  1.207484
23 26  0.603428  1.189650
24 25  0.603115  1.407785
24 26  0.603115  1.407803
25 26  0.615100  1.294616
