   -993.90960493
   -994.22481650     -994.09315813
0.00000339164964
2 2 2 2 2 2 2 2 2 2 2 2 2 0 0 0 0 0 0 0 0 0 0 0 0 0 
1  0.277244  0.587912
2  0.277244  0.587914
3  0.271636  0.472959
4  0.271636  0.472945
5  0.279423  0.398232
6  0.282967  0.388996
7  0.279423  0.398226
8  0.282967  0.388990
9  0.307585  0.672405
10  0.307585  0.672401
11  0.305106  0.521207
12  0.307425  0.759420
13  0.305105  0.521222
14  0.281619  0.564175
15  0.281618  0.564176
16  0.276527  0.454955
17  0.276527  0.454941
18  0.282866  0.421180
19  0.285408  0.377565
20  0.282866  0.421168
21  0.285409  0.377559
22  0.305767  0.534205
23  0.305766  0.534223
24  0.308546  0.772483
25  0.309471  0.685851
26  0.309469  0.685849
1 2  0.548780  1.114044
1 3  0.543570  1.016777
1 4  0.548670  1.034426
1 5  0.556533  0.983739
1 6  0.559984  0.963666
1 7  0.556621  0.982947
1 8  0.560191  0.968678
1 9  0.582426  1.234487
1 10  0.558740  1.225220
1 11  0.582313  1.102066
1 12  0.560039  1.299360
1 13  0.580585  1.090440
1 14  0.277756  0.986910
1 15  0.554486  1.148323
1 16  0.549139  1.041026
1 17  0.552699  1.041117
1 18  0.559730  1.006336
1 19  0.561743  0.964680
1 20  0.560104  1.008137
1 21  0.562635  0.964835
1 22  0.582718  1.119872
1 23  0.582489  1.119065
1 24  0.554961  1.314418
1 25  0.586000  1.267380
1 26  0.554351  1.223647
2 3  0.548670  1.034440
2 4  0.543570  1.016766
2 5  0.556621  0.982954
2 6  0.560190  0.968685
2 7  0.556533  0.983735
2 8  0.559985  0.963662
2 9  0.558740  1.225224
2 10  0.582426  1.234482
2 11  0.580586  1.090427
2 12  0.560039  1.299364
2 13  0.582312  1.102083
2 14  0.554486  1.148323
2 15  0.277755  0.986914
2 16  0.552699  1.041132
2 17  0.549139  1.041014
2 18  0.560104  1.008150
2 19  0.562634  0.964842
2 20  0.559730  1.006326
2 21  0.561743  0.964675
2 22  0.582489  1.119048
2 23  0.582718  1.119892
2 24  0.554960  1.314417
2 25  0.554353  1.223650
2 26  0.585999  1.267380
3 4  0.543253  0.934738
3 5  0.546902  0.862055
3 6  0.548341  0.839176
3 7  0.551054  0.870352
3 8  0.554602  0.858646
3 9  0.579168  1.137884
3 10  0.555670  1.114352
3 11  0.576723  0.989467
3 12  0.577122  1.210448
3 13  0.556519  0.970106
3 14  0.548406  1.035283
3 15  0.552159  1.035323
3 16  0.263740  0.715712
3 17  0.548133  0.926708
3 18  0.553444  0.888368
3 19  0.553341  0.849291
3 20  0.554488  0.893709
3 21  0.557027  0.850247
3 22  0.577401  1.006123
3 23  0.550287  0.973150
3 24  0.579545  1.240511
3 25  0.580796  1.156192
3 26  0.550580  1.124506
4 5  0.551053  0.870344
4 6  0.554602  0.858638
4 7  0.546903  0.862034
4 8  0.548341  0.839157
4 9  0.555671  1.114340
4 10  0.579168  1.137865
4 11  0.556521  0.970079
4 12  0.577122  1.210438
4 13  0.576723  0.989470
4 14  0.552160  1.035308
4 15  0.548407  1.035270
4 16  0.548133  0.926708
4 17  0.263740  0.715678
4 18  0.554488  0.893707
4 19  0.557027  0.850239
4 20  0.553444  0.888343
4 21  0.553342  0.849271
4 22  0.550289  0.973118
4 23  0.577401  1.006128
4 24  0.579545  1.240496
4 25  0.550580  1.124496
4 26  0.580795  1.156176
5 6  0.515160  0.752734
5 7  0.558840  0.794750
5 8  0.562386  0.786289
5 9  0.586906  1.060908
5 10  0.582865  1.039089
5 11  0.584518  0.918179
5 12  0.586515  1.151541
5 13  0.554601  0.894138
5 14  0.560679  0.960481
5 15  0.561037  0.961779
5 16  0.554759  0.848567
5 17  0.555934  0.852900
5 18  0.281509  0.595824
5 19  0.512165  0.730707
5 20  0.562227  0.819164
5 21  0.564820  0.775668
5 22  0.585076  0.931987
5 23  0.546024  0.891786
5 24  0.587002  1.168962
5 25  0.588678  1.082861
5 26  0.587462  1.083502
6 7  0.562387  0.786290
6 8  0.565933  0.776582
6 9  0.590509  1.055129
6 10  0.588025  1.044934
6 11  0.588067  0.909728
6 12  0.590312  1.146460
6 13  0.556943  0.890673
6 14  0.563630  0.952495
6 15  0.564559  0.952462
6 16  0.555417  0.842609
6 17  0.559477  0.843649
6 18  0.512671  0.762122
6 19  0.283415  0.530153
6 20  0.565824  0.809990
6 21  0.568375  0.766442
6 22  0.588708  0.922849
6 23  0.548955  0.882356
6 24  0.591127  1.159910
6 25  0.592429  1.073968
6 26  0.591710  1.073776
7 8  0.515161  0.752721
7 9  0.582866  1.039087
7 10  0.586906  1.060899
7 11  0.554602  0.894116
7 12  0.586515  1.151535
7 13  0.584517  0.918188
7 14  0.561037  0.961771
7 15  0.560680  0.960476
7 16  0.555934  0.852907
7 17  0.554760  0.848547
7 18  0.562227  0.819170
7 19  0.564820  0.775668
7 20  0.281510  0.595804
7 21  0.512166  0.730693
7 22  0.546026  0.891762
7 23  0.585077  0.931999
7 24  0.587002  1.168956
7 25  0.587464  1.083498
7 26  0.588677  1.082853
8 9  0.588026  1.044931
8 10  0.590508  1.055118
8 11  0.556944  0.890651
8 12  0.590312  1.146454
8 13  0.588066  0.909737
8 14  0.564559  0.952454
8 15  0.563630  0.952490
8 16  0.559477  0.843657
8 17  0.555418  0.842589
8 18  0.565824  0.809996
8 19  0.568374  0.766441
8 20  0.512673  0.762105
8 21  0.283415  0.530137
8 22  0.548954  0.882330
8 23  0.588708  0.922861
8 24  0.591128  1.159904
8 25  0.591712  1.073772
8 26  0.592428  1.073959
9 10  0.612176  1.278999
9 11  0.601037  1.175767
9 12  0.600164  1.399721
9 13  0.612501  1.187817
9 14  0.588432  1.231145
9 15  0.556721  1.185299
9 16  0.583843  1.125291
9 17  0.553253  1.091452
9 18  0.590213  1.092220
9 19  0.592976  1.049241
9 20  0.588789  1.092862
9 21  0.592305  1.049268
9 22  0.594409  1.177040
9 23  0.612681  1.203856
9 24  0.593538  1.392097
9 25  0.380788  1.264579
9 26  0.616153  1.350418
10 11  0.612501  1.187798
10 12  0.600164  1.399719
10 13  0.601036  1.175778
10 14  0.556721  1.185296
10 15  0.588431  1.231143
10 16  0.553252  1.091458
10 17  0.583842  1.125273
10 18  0.588788  1.092869
10 19  0.592304  1.049269
10 20  0.590212  1.092203
10 21  0.592976  1.049231
10 22  0.612681  1.203834
10 23  0.594408  1.177053
10 24  0.593537  1.392093
10 25  0.616154  1.350416
10 26  0.380787  1.264573
11 12  0.610411  1.231413
11 13  0.610183  1.033999
11 14  0.586457  1.083629
11 15  0.586100  1.083096
11 16  0.581632  0.975310
11 17  0.554657  0.942410
11 18  0.587851  0.941866
11 19  0.590482  0.898504
11 20  0.548865  0.903343
11 21  0.549461  0.855486
11 22  0.378226  0.919831
11 23  0.610735  1.054064
11 24  0.612909  1.289451
11 25  0.594886  1.176772
11 26  0.613862  1.204359
12 13  0.610410  1.231426
12 14  0.557765  1.277151
12 15  0.557765  1.277152
12 16  0.583268  1.210392
12 17  0.583268  1.210378
12 18  0.589341  1.178716
12 19  0.592455  1.135672
12 20  0.589341  1.178704
12 21  0.592456  1.135666
12 22  0.612465  1.289372
12 23  0.612465  1.289391
12 24  0.384564  1.465915
12 25  0.594438  1.392478
12 26  0.594438  1.392478
13 14  0.586099  1.083110
13 15  0.586456  1.083645
13 16  0.554656  0.942439
13 17  0.581631  0.975312
13 18  0.548864  0.903371
13 19  0.549459  0.855506
13 20  0.587850  0.941870
13 21  0.590482  0.898514
13 22  0.610734  1.054061
13 23  0.378224  0.919871
13 24  0.612908  1.289466
13 25  0.613862  1.204377
13 26  0.594884  1.176783
14 15  0.557004  1.076278
14 16  0.552486  0.982824
14 17  0.558018  1.000978
14 18  0.564316  0.984019
14 19  0.566888  0.934089
14 20  0.564426  0.983367
14 21  0.567004  0.937275
14 22  0.587324  1.093443
14 23  0.585035  1.083520
14 24  0.565007  1.295128
14 25  0.587932  1.229988
14 26  0.564218  1.221002
15 16  0.558018  1.000992
15 17  0.552486  0.982813
15 18  0.564426  0.983380
15 19  0.567003  0.937281
15 20  0.564316  0.984008
15 21  0.566889  0.934084
15 22  0.585035  1.083502
15 23  0.587324  1.093463
15 24  0.565007  1.295130
15 25  0.564219  1.221005
15 26  0.587931  1.229988
16 17  0.553036  0.903223
16 18  0.553951  0.868697
16 19  0.555131  0.814174
16 20  0.559386  0.875661
16 21  0.561934  0.831090
16 22  0.582272  0.985917
16 23  0.560613  0.967067
16 24  0.582423  1.209813
16 25  0.585927  1.136096
16 26  0.561844  1.115381
17 18  0.559386  0.875659
17 19  0.561934  0.831081
17 20  0.553951  0.868669
17 21  0.555132  0.814154
17 22  0.560614  0.967038
17 23  0.582272  0.985923
17 24  0.582423  1.209804
17 25  0.561845  1.115365
17 26  0.585926  1.136079
18 19  0.520155  0.764264
18 20  0.565725  0.839278
18 21  0.568270  0.797770
18 22  0.588617  0.951747
18 23  0.558385  0.919283
18 24  0.590995  1.179372
18 25  0.592216  1.093483
18 26  0.587660  1.067940
19 20  0.568270  0.797764
19 21  0.570815  0.754353
19 22  0.591165  0.911381
19 23  0.560479  0.896506
19 24  0.593830  1.149105
19 25  0.594823  1.057554
19 26  0.591487  1.046843
20 21  0.520157  0.764245
20 22  0.558385  0.919256
20 23  0.588617  0.951754
20 24  0.590995  1.179362
20 25  0.587661  1.067933
20 26  0.592215  1.093470
21 22  0.560480  0.896480
21 23  0.591166  0.911394
21 24  0.593830  1.149100
21 25  0.591490  1.046841
21 26  0.594822  1.057546
22 23  0.611496  1.057460
22 24  0.611792  1.248505
22 25  0.603756  1.190156
22 26  0.614986  1.208037
23 24  0.611792  1.248519
23 25  0.614987  1.208056
23 26  0.603754  1.190170
24 25  0.603497  1.407796
24 26  0.603496  1.407795
25 26  0.615497  1.294694
