  -1146.51103029
  -1146.87592551    -1146.75667713
0.00004856321159
2 2 2 2 2 2 2 2 2 2 2 2 2 2 2 0 0 0 0 0 0 0 0 0 0 0 0 0 0 0 
1  0.275278  0.497770
2  0.300216  0.467010
3  0.292344  0.436870
4  0.271962  0.411067
5  0.263061  0.305121
6  0.277658  0.290112
7  0.274626  0.293160
8  0.318467  0.686516
9  0.303655  0.435762
10  0.328588  0.598137
11  0.314303  0.505527
12  0.323906  0.640579
13  0.295594  0.328546
14  0.309028  0.616756
15  0.316896  0.809109
16  0.285007  0.506108
17  0.306765  0.502895
18  0.296125  0.445105
19  0.276341  0.438664
20  0.270608  0.311737
21  0.277108  0.289857
22  0.277501  0.299681
23  0.326650  0.667021
24  0.315984  0.518520
25  0.302009  0.426268
26  0.322279  0.660426
27  0.297873  0.332022
28  0.313751  0.757065
29  0.331612  0.591980
30  0.312898  0.632548
1 2  0.575291  0.961784
1 3  0.567291  0.920624
1 4  0.545018  0.899968
1 5  0.537757  0.797604
1 6  0.552890  0.786968
1 7  0.549878  0.789869
1 8  0.570178  1.083172
1 9  0.575676  0.910372
1 10  0.602302  1.067556
1 11  0.568584  0.975309
1 12  0.598349  1.134651
1 13  0.570794  0.826251
1 14  0.580771  1.105623
1 15  0.590240  1.266213
1 16  0.266455  0.797307
1 17  0.581976  0.998972
1 18  0.570964  0.942141
1 19  0.551103  0.930839
1 20  0.543645  0.808766
1 21  0.552267  0.787509
1 22  0.552776  0.797333
1 23  0.601629  1.159516
1 24  0.568403  0.993808
1 25  0.574388  0.922688
1 26  0.575751  1.154631
1 27  0.572674  0.829407
1 28  0.583622  1.246557
1 29  0.606353  1.087645
1 30  0.585776  1.115338
2 3  0.548149  0.871956
2 4  0.572152  0.874635
2 5  0.563272  0.771474
2 6  0.577872  0.757019
2 7  0.574841  0.759862
2 8  0.617194  1.146784
2 9  0.603868  0.902352
2 10  0.621436  1.044829
2 11  0.614284  0.960886
2 12  0.597563  1.030972
2 13  0.595805  0.794294
2 14  0.607037  1.052333
2 15  0.614615  1.260649
2 16  0.585163  0.971745
2 17  0.297394  0.736623
2 18  0.552773  0.878061
2 19  0.576286  0.905211
2 20  0.570822  0.778703
2 21  0.577323  0.756849
2 22  0.577704  0.766669
2 23  0.601300  1.124296
2 24  0.616025  0.984744
2 25  0.602092  0.892997
2 26  0.622045  1.123200
2 27  0.598063  0.798999
2 28  0.607419  1.208151
2 29  0.627590  1.053435
2 30  0.612460  1.097621
3 4  0.564297  0.847613
3 5  0.555401  0.740574
3 6  0.570001  0.726942
3 7  0.566969  0.730012
3 8  0.608554  1.095097
3 9  0.595995  0.870435
3 10  0.597443  0.971304
3 11  0.606469  0.933239
3 12  0.610796  1.070590
3 13  0.587934  0.765012
3 14  0.599325  1.036405
3 15  0.605022  1.233564
3 16  0.576882  0.942274
3 17  0.554036  0.902873
3 18  0.289779  0.650401
3 19  0.568564  0.875109
3 20  0.562934  0.748553
3 21  0.569451  0.726707
3 22  0.569842  0.736533
3 23  0.610415  1.087119
3 24  0.608315  0.954849
3 25  0.594230  0.862850
3 26  0.613462  1.095971
3 27  0.590212  0.768871
3 28  0.599753  1.183839
3 29  0.611266  1.025441
3 30  0.604941  1.067961
4 5  0.532373  0.713807
4 6  0.549474  0.700755
4 7  0.546099  0.701739
4 8  0.589968  1.087184
4 9  0.548117  0.816437
4 10  0.600447  1.008279
4 11  0.555785  0.891566
4 12  0.595712  1.041257
4 13  0.564866  0.732351
4 14  0.579206  1.012165
4 15  0.588336  1.194291
4 16  0.556188  0.912938
4 17  0.578433  0.913504
4 18  0.567926  0.855834
4 19  0.279959  0.643473
4 20  0.541610  0.720005
4 21  0.548729  0.700728
4 22  0.548321  0.710167
4 23  0.598151  1.077038
4 24  0.552146  0.890027
4 25  0.541971  0.811874
4 26  0.594186  1.070076
4 27  0.568375  0.742414
4 28  0.585414  1.166067
4 29  0.603139  1.002064
4 30  0.583032  1.041959
5 6  0.534923  0.588702
5 7  0.533486  0.593859
5 8  0.581494  0.987030
5 9  0.544630  0.717700
5 10  0.591619  0.900211
5 11  0.573345  0.800187
5 12  0.586937  0.944983
5 13  0.539903  0.617575
5 14  0.571932  0.919457
5 15  0.579919  1.113083
5 16  0.545897  0.810593
5 17  0.569825  0.807953
5 18  0.559175  0.750166
5 19  0.538540  0.741175
5 20  0.254625  0.355070
5 21  0.537230  0.592499
5 22  0.539662  0.603358
5 23  0.589699  0.972002
5 24  0.576564  0.822186
5 25  0.537373  0.707448
5 26  0.585048  0.965326
5 27  0.534497  0.612225
5 28  0.576625  1.061866
5 29  0.594665  0.896970
5 30  0.575903  0.937499
6 7  0.505781  0.539181
6 8  0.596084  0.975840
6 9  0.579224  0.722402
6 10  0.606240  0.888193
6 11  0.591870  0.795443
6 12  0.601559  0.930326
6 13  0.543354  0.593041
6 14  0.586429  0.906251
6 15  0.594550  1.097812
6 16  0.562431  0.796084
6 17  0.584419  0.792998
6 18  0.573780  0.735207
6 19  0.553788  0.728593
6 20  0.543755  0.598046
6 21  0.277291  0.310422
6 22  0.501415  0.539712
6 23  0.604303  0.957116
6 24  0.593175  0.808220
6 25  0.578850  0.715839
6 26  0.599895  0.950449
6 27  0.537444  0.586389
6 28  0.591407  1.047149
6 29  0.609264  0.882065
6 30  0.590229  0.922334
7 8  0.593082  0.978696
7 9  0.574712  0.721747
7 10  0.603207  0.891265
7 11  0.588825  0.798477
7 12  0.598528  0.932818
7 13  0.540367  0.593345
7 14  0.583490  0.908599
7 15  0.591518  1.099875
7 16  0.559557  0.799152
7 17  0.581372  0.796036
7 18  0.570743  0.738253
7 19  0.549830  0.731172
7 20  0.543981  0.603395
7 21  0.502345  0.537753
7 22  0.275724  0.328675
7 23  0.601242  0.960141
7 24  0.590083  0.811006
7 25  0.575691  0.718901
7 26  0.596859  0.953507
7 27  0.532058  0.586943
7 28  0.588353  1.050150
7 29  0.606211  0.885111
7 30  0.587517  0.925596
8 9  0.621867  1.101360
8 10  0.637749  1.223992
8 11  0.630595  1.176003
8 12  0.636737  1.316510
8 13  0.614027  1.014940
8 14  0.591381  1.281366
8 15  0.613800  1.394600
8 16  0.581218  1.188618
8 17  0.624749  1.183934
8 18  0.613471  1.130059
8 19  0.594739  1.122343
8 20  0.588750  0.998011
8 21  0.595521  0.976244
8 22  0.595925  0.986085
8 23  0.642276  1.334195
8 24  0.630394  1.197072
8 25  0.620207  1.111680
8 26  0.390388  1.228312
8 27  0.616251  1.018409
8 28  0.605413  1.408057
8 29  0.647258  1.273504
8 30  0.595868  1.268711
9 10  0.632222  1.030005
9 11  0.599721  0.928203
9 12  0.627552  1.074066
9 13  0.589648  0.756234
9 14  0.612168  1.050506
9 15  0.620462  1.224423
9 16  0.585193  0.940711
9 17  0.610313  0.938286
9 18  0.599661  0.880579
9 19  0.546055  0.842453
9 20  0.545091  0.723151
9 21  0.580205  0.725338
9 22  0.579543  0.734238
9 23  0.630215  1.101999
9 24  0.593138  0.920233
9 25  0.372961  0.686515
9 26  0.625642  1.095104
9 27  0.584741  0.751680
9 28  0.617370  1.191181
9 29  0.635063  1.026929
9 30  0.616177  1.066149
10 11  0.641577  1.079479
10 12  0.613066  1.213612
10 13  0.624141  0.925448
10 14  0.624826  1.162732
10 15  0.624879  1.381904
10 16  0.612938  1.102165
10 17  0.629574  1.090405
10 18  0.609700  1.038422
10 19  0.604627  1.035563
10 20  0.599176  0.909739
10 21  0.605695  0.887943
10 22  0.606075  0.897776
10 23  0.615328  1.223467
10 24  0.644446  1.115351
10 25  0.630394  1.023471
10 26  0.647621  1.254082
10 27  0.626432  0.930111
10 28  0.618718  1.315272
10 29  0.411783  1.042547
10 30  0.638003  1.227676
11 12  0.637119  1.125867
11 13  0.608133  0.828157
11 14  0.610886  1.064183
11 15  0.630052  1.309111
11 16  0.577213  0.989780
11 17  0.620862  1.007539
11 18  0.610419  0.950088
11 19  0.555837  0.907682
11 20  0.582221  0.815441
11 21  0.590963  0.794953
11 22  0.591510  0.804605
11 23  0.640195  1.170690
11 24  0.389528  0.880660
11 25  0.589235  0.895754
11 26  0.632781  1.158885
11 27  0.611935  0.837230
11 28  0.624891  1.255547
11 29  0.645695  1.096286
11 30  0.618920  1.135711
12 13  0.619465  0.966534
12 14  0.624474  1.195338
12 15  0.618170  1.372157
12 16  0.608596  1.141621
12 17  0.605893  1.135953
12 18  0.612134  1.070008
12 19  0.599756  1.078086
12 20  0.594514  0.952206
12 21  0.601013  0.930401
12 22  0.601376  0.940211
12 23  0.415918  1.171438
12 24  0.639237  1.157278
12 25  0.625758  1.066206
12 26  0.643319  1.284032
12 27  0.621706  0.972515
12 28  0.607396  1.353748
12 29  0.616481  1.201302
12 30  0.633824  1.268334
13 14  0.604313  0.940158
13 15  0.612444  1.135860
13 16  0.580305  0.834319
13 17  0.602327  0.831400
13 18  0.591715  0.773630
13 19  0.570190  0.766447
13 20  0.541332  0.616000
13 21  0.532506  0.580522
13 22  0.535200  0.593324
13 23  0.622151  0.995469
13 24  0.611329  0.846820
13 25  0.580103  0.738745
13 26  0.617708  0.988847
13 27  0.365216  0.453416
13 28  0.609139  1.085412
13 29  0.627176  0.920482
13 30  0.608307  0.961017
14 15  0.612593  1.396416
14 16  0.590793  1.105134
14 17  0.615054  1.117474
14 18  0.604896  1.060511
14 19  0.583293  1.053904
14 20  0.579612  0.928289
14 21  0.585893  0.906206
14 22  0.586520  0.916340
14 23  0.632194  1.278671
14 24  0.617018  1.132710
14 25  0.610504  1.040920
14 26  0.593255  1.219170
14 27  0.606591  0.948700
14 28  0.606063  1.338964
14 29  0.637070  1.206300
14 30  0.374224  1.121939
15 16  0.595817  1.305002
15 17  0.616470  1.294530
15 18  0.606538  1.240976
15 19  0.592771  1.244815
15 20  0.587384  1.120465
15 21  0.593988  1.098928
15 22  0.594331  1.108675
15 23  0.615121  1.442409
15 24  0.629495  1.319193
15 25  0.618886  1.233361
15 26  0.613257  1.435849
15 27  0.614587  1.140893
15 28  0.438660  1.484299
15 29  0.622263  1.347481
15 30  0.610466  1.396905
16 17  0.591508  1.005908
16 18  0.580699  0.936668
16 19  0.558156  0.938577
16 20  0.554835  0.812179
16 21  0.562100  0.795575
16 22  0.562493  0.805165
16 23  0.610738  1.169466
16 24  0.577084  0.994517
16 25  0.583726  0.913613
16 26  0.581630  1.068586
16 27  0.582751  0.838021
16 28  0.596500  1.228276
16 29  0.614875  1.071808
16 30  0.593918  1.126773
17 18  0.556960  0.914177
17 19  0.583052  0.934234
17 20  0.577371  0.814306
17 21  0.583871  0.792241
17 22  0.584265  0.801800
17 23  0.605585  1.078675
17 24  0.622458  1.006398
17 25  0.608766  0.927696
17 26  0.627384  1.157857
17 27  0.604634  0.833518
17 28  0.617494  1.238954
17 29  0.630431  1.067619
17 30  0.617128  1.096159
18 19  0.572450  0.883160
18 20  0.566731  0.755662
18 21  0.573230  0.734923
18 22  0.573625  0.744756
18 23  0.616989  1.104994
18 24  0.611887  0.953427
18 25  0.598132  0.870306
18 26  0.615840  1.079093
18 27  0.593995  0.776748
18 28  0.604854  1.191690
18 29  0.603268  0.972889
18 30  0.606399  1.056263
19 20  0.542881  0.746796
19 21  0.553138  0.727362
19 22  0.553127  0.734421
19 23  0.602746  1.087825
19 24  0.561006  0.922407
19 25  0.550823  0.832911
19 26  0.598036  1.090709
19 27  0.570976  0.761231
19 28  0.589470  1.168144
19 29  0.607764  1.027519
19 30  0.586963  1.047157
20 21  0.541751  0.595369
20 22  0.543255  0.606851
20 23  0.597240  0.978501
20 24  0.582034  0.820384
20 25  0.549486  0.714630
20 26  0.592853  0.968054
20 27  0.547099  0.625693
20 28  0.584334  1.067363
20 29  0.602200  0.901483
20 30  0.583397  0.942720
21 22  0.507908  0.545310
21 23  0.603748  0.955774
21 24  0.592980  0.808221
21 25  0.575689  0.711025
21 26  0.599330  0.950015
21 27  0.546066  0.597850
21 28  0.590857  1.045497
21 29  0.608702  0.881615
21 30  0.589651  0.920548
22 23  0.604144  0.964874
22 24  0.593275  0.817261
22 25  0.575706  0.718100
22 26  0.599777  0.959363
22 27  0.544593  0.601442
22 28  0.591244  1.053981
22 29  0.609104  0.891428
22 30  0.590278  0.929938
23 24  0.641489  1.161604
23 25  0.628626  1.087722
23 26  0.643118  1.317985
23 27  0.624497  0.996359
23 28  0.618610  1.334380
23 29  0.618656  1.225601
23 30  0.630772  1.230413
24 25  0.601181  0.936307
24 26  0.636245  1.166481
24 27  0.611637  0.843364
24 28  0.628532  1.268648
24 29  0.646036  1.082382
24 30  0.616433  1.084568
25 26  0.623980  1.070391
25 27  0.591217  0.749741
25 28  0.615593  1.162464
25 29  0.633592  1.017008
25 30  0.614064  1.054815
26 27  0.620136  0.992342
26 28  0.614763  1.326345
26 29  0.644419  1.203254
26 30  0.597857  1.270047
27 28  0.611580  1.087101
27 29  0.629457  0.922665
27 30  0.610649  0.959887
28 29  0.624983  1.333855
28 30  0.613825  1.361422
29 30  0.627919  1.156270
