  -1146.51103029
  -1146.87670866    -1146.75847696
0.00001032655269
2 2 2 2 2 2 2 2 2 2 2 2 2 2 2 0 0 0 0 0 0 0 0 0 0 0 0 0 0 0 
1  0.277637  0.504190
2  0.301173  0.466935
3  0.293561  0.438028
4  0.273501  0.421831
5  0.263946  0.310869
6  0.278394  0.293222
7  0.275144  0.297327
8  0.321561  0.684945
9  0.305086  0.448582
10  0.331186  0.597546
11  0.316523  0.514636
12  0.326114  0.636777
13  0.296470  0.333514
14  0.312569  0.619483
15  0.319215  0.802171
16  0.287581  0.511839
17  0.307702  0.502680
18  0.297411  0.445898
19  0.277930  0.450295
20  0.271501  0.317268
21  0.277909  0.293244
22  0.277997  0.304477
23  0.328835  0.662806
24  0.318224  0.527243
25  0.303430  0.438654
26  0.325315  0.658050
27  0.298722  0.336844
28  0.315905  0.751497
29  0.334135  0.590677
30  0.316486  0.634960
1 2  0.578592  0.967977
1 3  0.570806  0.927599
1 4  0.548878  0.916615
1 5  0.540968  0.809115
1 6  0.555983  0.796321
1 7  0.552752  0.800215
1 8  0.574776  1.086644
1 9  0.579387  0.927990
1 10  0.607203  1.073056
1 11  0.573058  0.990052
1 12  0.602854  1.137215
1 13  0.574022  0.837628
1 14  0.586583  1.114865
1 15  0.594849  1.265867
1 16  0.271060  0.810228
1 17  0.585261  1.005043
1 18  0.574520  0.949375
1 19  0.555032  0.948880
1 20  0.546844  0.820723
1 21  0.555420  0.797311
1 22  0.555632  0.808521
1 23  0.606160  1.161669
1 24  0.573016  1.009402
1 25  0.578175  0.941504
1 26  0.580810  1.158489
1 27  0.575872  0.840617
1 28  0.588074  1.247588
1 29  0.611205  1.092816
1 30  0.591680  1.124528
2 3  0.550169  0.872881
2 4  0.574641  0.884994
2 5  0.565112  0.777018
2 6  0.579565  0.760043
2 7  0.576314  0.763887
2 8  0.621213  1.145020
2 9  0.606254  0.915057
2 10  0.624918  1.044132
2 11  0.617443  0.969232
2 12  0.600671  1.027893
2 13  0.597635  0.798957
2 14  0.611477  1.054858
2 15  0.617930  1.254241
2 16  0.588685  0.977308
2 17  0.299179  0.735491
2 18  0.555043  0.879496
2 19  0.578762  0.916755
2 20  0.572670  0.784151
2 21  0.579080  0.760155
2 22  0.579149  0.771385
2 23  0.604399  1.119995
2 24  0.619190  0.993393
2 25  0.604445  0.905280
2 26  0.626032  1.120791
2 27  0.599862  0.803742
2 28  0.610508  1.202880
2 29  0.631071  1.052386
2 30  0.616956  1.100062
3 4  0.567053  0.859505
3 5  0.557500  0.747195
3 6  0.571953  0.731188
3 7  0.568703  0.735324
3 8  0.612772  1.094465
3 9  0.598643  0.884091
3 10  0.601034  0.971807
3 11  0.609884  0.942976
3 12  0.614176  1.068007
3 13  0.590023  0.771089
3 14  0.604021  1.040299
3 15  0.608515  1.227744
3 16  0.580584  0.949184
3 17  0.556201  0.904613
3 18  0.292108  0.651616
3 19  0.571353  0.887837
3 20  0.565042  0.755235
3 21  0.571468  0.731243
3 22  0.571553  0.742479
3 23  0.613828  1.084595
3 24  0.611769  0.964737
3 25  0.596836  0.876365
3 26  0.617640  1.094839
3 27  0.592277  0.774847
3 28  0.603108  1.179605
3 29  0.614961  1.025258
3 30  0.609743  1.071529
4 5  0.534745  0.730248
4 6  0.551746  0.714554
4 7  0.548153  0.716236
4 8  0.594554  1.095841
4 9  0.551021  0.838812
4 10  0.604573  1.018370
4 11  0.559486  0.911272
4 12  0.599441  1.047446
4 13  0.567222  0.747303
4 14  0.584219  1.024704
4 15  0.592134  1.196664
4 16  0.560283  0.929369
4 17  0.580837  0.924034
4 18  0.570715  0.867341
4 19  0.282773  0.668089
4 20  0.544018  0.736181
4 21  0.551062  0.714880
4 22  0.550314  0.725745
4 23  0.601827  1.083547
4 24  0.555961  0.909736
4 25  0.544898  0.835513
4 26  0.598754  1.078410
4 27  0.570750  0.758050
4 28  0.589096  1.171167
4 29  0.607189  1.011377
4 30  0.588151  1.055008
5 6  0.536532  0.597340
5 7  0.534881  0.603648
5 8  0.585474  0.990636
5 9  0.546876  0.735656
5 10  0.595092  0.904883
5 11  0.576359  0.814242
5 12  0.590017  0.946819
5 13  0.541622  0.628609
5 14  0.576353  0.927763
5 15  0.583123  1.111707
5 16  0.549307  0.822072
5 17  0.571647  0.813476
5 18  0.561342  0.756700
5 19  0.540994  0.758410
5 20  0.256216  0.367505
5 21  0.538907  0.601680
5 22  0.541039  0.613829
5 23  0.592770  0.973514
5 24  0.579685  0.836672
5 25  0.539640  0.725985
5 26  0.588946  0.968676
5 27  0.536217  0.623040
5 28  0.579650  1.062018
5 29  0.598073  0.901401
5 30  0.580375  0.945626
6 7  0.507058  0.546887
6 8  0.599903  0.977234
6 9  0.581365  0.737957
6 10  0.609575  0.890688
6 11  0.594825  0.807631
6 12  0.604501  0.929579
6 13  0.545037  0.601647
6 14  0.590641  0.911887
6 15  0.597602  1.093715
6 16  0.565726  0.804916
6 17  0.586089  0.795891
6 18  0.575802  0.739109
6 19  0.556111  0.743328
6 20  0.545379  0.606756
6 21  0.278817  0.318004
6 22  0.502681  0.548413
6 23  0.607221  0.956006
6 24  0.596126  0.820014
6 25  0.580991  0.731349
6 26  0.603650  0.951127
6 27  0.539093  0.594669
6 28  0.594295  1.044684
6 29  0.612524  0.883867
6 30  0.594529  0.927764
7 8  0.596691  0.981067
7 9  0.576637  0.737921
7 10  0.606319  0.894827
7 11  0.591560  0.811710
7 12  0.601249  0.932975
7 13  0.541790  0.602558
7 14  0.587517  0.915212
7 15  0.594353  1.096558
7 16  0.562643  0.809033
7 17  0.582821  0.799985
7 18  0.572545  0.743210
7 19  0.551908  0.746979
7 20  0.545388  0.613046
7 21  0.503688  0.546136
7 22  0.276594  0.339373
7 23  0.603934  0.960084
7 24  0.592825  0.823806
7 25  0.577625  0.735484
7 26  0.600408  0.955264
7 27  0.533464  0.596283
7 28  0.591017  1.048730
7 29  0.609245  0.887963
7 30  0.591622  0.932139
8 9  0.626378  1.111212
8 10  0.643251  1.222636
8 11  0.635856  1.183148
8 12  0.641845  1.311342
8 13  0.617992  1.018317
8 14  0.597811  1.282948
8 15  0.619031  1.388508
8 16  0.586463  1.192605
8 17  0.628763  1.182147
8 18  0.617789  1.129367
8 19  0.599413  1.132319
8 20  0.592701  1.001944
8 21  0.599398  0.978001
8 22  0.599505  0.989270
8 23  0.647498  1.329099
8 24  0.635706  1.204437
8 25  0.624727  1.122381
8 26  0.395987  1.224007
8 27  0.620188  1.021646
8 28  0.610464  1.401804
8 29  0.652838  1.270897
8 30  0.602474  1.270869
9 10  0.636251  1.041884
9 11  0.603285  0.950052
9 12  0.631188  1.082863
9 13  0.591919  0.773840
9 14  0.617113  1.065778
9 15  0.624196  1.228535
9 16  0.589190  0.959240
9 17  0.612667  0.950845
9 18  0.602343  0.894164
9 19  0.549055  0.867364
9 20  0.547397  0.741941
9 21  0.582417  0.741554
9 22  0.581466  0.751893
9 23  0.633826  1.110517
9 24  0.596744  0.941050
9 25  0.375743  0.715168
9 26  0.630114  1.105445
9 27  0.586961  0.769389
9 28  0.620950  1.198275
9 29  0.638973  1.038324
9 30  0.621172  1.081131
10 11  0.646321  1.087037
10 12  0.617598  1.209303
10 13  0.627602  0.929652
10 14  0.630316  1.164410
10 15  0.629810  1.375025
10 16  0.618054  1.107372
10 17  0.633123  1.090158
10 18  0.613519  1.038599
10 19  0.608809  1.046429
10 20  0.602663  0.914666
10 21  0.609093  0.890722
10 22  0.609168  0.901961
10 23  0.619988  1.219962
10 24  0.649277  1.123519
10 25  0.634379  1.035116
10 26  0.653204  1.251354
10 27  0.629883  0.934335
10 28  0.623490  1.310095
10 29  0.416553  1.039796
10 30  0.643971  1.229543
11 12  0.641464  1.130390
11 13  0.611156  0.841601
11 14  0.616313  1.074558
11 15  0.634540  1.311247
11 16  0.582015  1.005031
11 17  0.623975  1.016434
11 18  0.613924  0.960003
11 19  0.559640  0.928530
11 20  0.585326  0.830070
11 21  0.593961  0.807399
11 22  0.594216  0.818397
11 23  0.644555  1.175607
11 24  0.393920  0.901025
11 25  0.592805  0.916539
11 26  0.638008  1.165753
11 27  0.614992  0.851133
11 28  0.629224  1.258903
11 29  0.650439  1.104139
11 30  0.624623  1.147104
12 13  0.622540  0.967273
12 14  0.629929  1.194332
12 15  0.622527  1.363622
12 16  0.613356  1.143523
12 17  0.609010  1.131888
12 18  0.615627  1.067556
12 19  0.603506  1.085880
12 20  0.597614  0.953918
12 21  0.604017  0.929980
12 22  0.604069  0.941196
12 23  0.420111  1.163308
12 24  0.643649  1.162224
12 25  0.629372  1.074723
12 26  0.648498  1.278438
12 27  0.624747  0.973524
12 28  0.611649  1.345297
12 29  0.621082  1.197154
12 30  0.639565  1.267194
13 14  0.608708  0.947244
13 15  0.615641  1.133600
13 16  0.583746  0.844971
13 17  0.604128  0.836147
13 18  0.593875  0.779388
13 19  0.572643  0.783105
13 20  0.543075  0.626645
13 21  0.534259  0.589247
13 22  0.536600  0.603499
13 23  0.625189  0.996208
13 24  0.614429  0.860488
13 25  0.582351  0.756224
13 26  0.621611  0.991424
13 27  0.366932  0.465494
13 28  0.612156  1.084792
13 29  0.630572  0.924141
13 30  0.612757  0.968390
14 15  0.618200  1.392282
14 16  0.596873  1.114097
14 17  0.619493  1.120107
14 18  0.609716  1.064050
14 19  0.588422  1.068170
14 20  0.584043  0.936505
14 21  0.590204  0.912223
14 22  0.590557  0.923831
14 23  0.637857  1.277421
14 24  0.622705  1.144086
14 25  0.615435  1.055790
14 26  0.599665  1.220903
14 27  0.610946  0.956243
14 28  0.611628  1.336968
14 29  0.642941  1.207823
14 30  0.380760  1.126411
15 16  0.600627  1.303983
15 17  0.619687  1.287854
15 18  0.610117  1.235082
15 19  0.596655  1.249387
15 20  0.590589  1.119022
15 21  0.597104  1.095370
15 22  0.597141  1.106501
15 23  0.619429  1.432060
15 24  0.633978  1.320807
15 25  0.622622  1.238622
15 26  0.618529  1.427456
15 27  0.617743  1.138750
15 28  0.443095  1.472189
15 29  0.627097  1.340688
15 30  0.616201  1.393711
16 17  0.594994  1.011270
16 18  0.584497  0.942672
16 19  0.562268  0.955572
16 20  0.558261  0.822788
16 21  0.565473  0.804611
16 22  0.565562  0.815518
16 23  0.615453  1.170972
16 24  0.581766  1.008109
16 25  0.587671  0.930526
16 26  0.586329  1.070997
16 27  0.586163  0.848561
16 28  0.601142  1.228831
16 29  0.619897  1.076044
16 30  0.599982  1.135100
17 18  0.559030  0.914613
17 19  0.585575  0.945023
17 20  0.579199  0.819561
17 21  0.585607  0.795314
17 22  0.585697  0.806205
17 23  0.608673  1.075324
17 24  0.625620  1.014069
17 25  0.611119  0.939725
17 26  0.631345  1.155283
17 27  0.606419  0.837873
17 28  0.620616  1.233789
17 29  0.633857  1.066281
17 30  0.621605  1.098242
18 19  0.575325  0.895553
18 20  0.568908  0.761761
18 21  0.575314  0.739100
18 22  0.575407  0.750347
18 23  0.620418  1.101651
18 24  0.615379  0.962334
18 25  0.600839  0.883310
18 26  0.620065  1.077547
18 27  0.596128  0.782332
18 28  0.608266  1.186977
18 29  0.606820  0.972437
18 30  0.611191  1.059504
19 20  0.545309  0.763897
19 21  0.555523  0.742184
19 22  0.555203  0.750176
19 23  0.606495  1.094065
19 24  0.564755  0.942196
19 25  0.553789  0.855572
19 26  0.602613  1.099485
19 27  0.573357  0.776760
19 28  0.593144  1.172694
19 29  0.611851  1.037692
19 30  0.592049  1.059941
20 21  0.543437  0.604122
20 22  0.544632  0.617110
20 23  0.600312  0.979779
20 24  0.585081  0.834039
20 25  0.551727  0.732019
20 26  0.596779  0.970736
20 27  0.548790  0.636428
20 28  0.587380  1.067109
20 29  0.605613  0.905394
20 30  0.587873  0.950587
21 22  0.509247  0.553951
21 23  0.606731  0.954737
21 24  0.596017  0.820300
21 25  0.577872  0.726318
21 26  0.603143  0.950984
21 27  0.547792  0.606625
21 28  0.593811  1.043059
21 29  0.612022  0.883669
21 30  0.593939  0.925844
22 23  0.606824  0.965033
22 24  0.596007  0.830639
22 25  0.577605  0.734359
22 26  0.603309  0.961575
22 27  0.545969  0.611002
22 28  0.593893  1.052519
22 29  0.612123  0.894911
22 30  0.594338  0.936718
23 24  0.645813  1.165278
23 25  0.632224  1.095383
23 26  0.648197  1.311727
23 27  0.627528  0.996516
23 28  0.622790  1.326743
23 29  0.623062  1.220367
23 30  0.636290  1.228746
24 25  0.604807  0.957467
24 26  0.641459  1.172583
24 27  0.614643  0.856233
24 28  0.632879  1.271735
24 29  0.650716  1.088916
24 30  0.621873  1.094164
25 26  0.628424  1.079318
25 27  0.593441  0.766644
25 28  0.619141  1.167530
25 29  0.637529  1.027942
25 30  0.619022  1.069127
26 27  0.624016  0.994765
26 28  0.619810  1.320674
26 29  0.649823  1.200433
26 30  0.604274  1.270648
27 28  0.614578  1.085977
27 29  0.632827  0.926059
27 30  0.615085  0.966707
28 29  0.629738  1.327474
28 30  0.619347  1.358084
29 30  0.633328  1.157272
