  -1146.51103029
  -1146.87686823    -1146.75887793
0.00000393440607
2 2 2 2 2 2 2 2 2 2 2 2 2 2 2 0 0 0 0 0 0 0 0 0 0 0 0 0 0 0 
1  0.278195  0.505845
2  0.301320  0.467016
3  0.293772  0.438303
4  0.273901  0.424900
5  0.264149  0.312756
6  0.278611  0.294304
7  0.275273  0.298870
8  0.322223  0.684361
9  0.305462  0.452417
10  0.331760  0.597319
11  0.317069  0.517127
12  0.326539  0.635687
13  0.296691  0.335184
14  0.313319  0.620045
15  0.319702  0.799986
16  0.288172  0.513285
17  0.307850  0.502665
18  0.297646  0.446041
19  0.278350  0.453640
20  0.271708  0.319093
21  0.278123  0.294434
22  0.278120  0.306196
23  0.329261  0.661630
24  0.318762  0.529575
25  0.303797  0.442379
26  0.325976  0.657221
27  0.298946  0.338423
28  0.316368  0.749736
29  0.334703  0.590256
30  0.317240  0.635443
1 2  0.579295  0.969662
1 3  0.571565  0.929349
1 4  0.549824  0.921198
1 5  0.541720  0.812445
1 6  0.556757  0.799004
1 7  0.553437  0.803320
1 8  0.575807  1.087416
1 9  0.580296  0.933012
1 10  0.608325  1.074429
1 11  0.574132  0.993968
1 12  0.603816  1.137765
1 13  0.574799  0.840949
1 14  0.587874  1.117116
1 15  0.595881  1.265397
1 16  0.272153  0.813542
1 17  0.585966  1.006645
1 18  0.575293  0.951177
1 19  0.556004  0.953887
1 20  0.547579  0.824201
1 21  0.556189  0.800154
1 22  0.556312  0.811885
1 23  0.607140  1.162156
1 24  0.574115  1.013513
1 25  0.579099  0.946882
1 26  0.581949  1.159260
1 27  0.576650  0.843842
1 28  0.589076  1.247537
1 29  0.612323  1.094064
1 30  0.592981  1.126769
2 3  0.550472  0.873179
2 4  0.575185  0.888025
2 5  0.565461  0.778929
2 6  0.579929  0.761206
2 7  0.576591  0.765478
2 8  0.622026  1.144499
2 9  0.606777  0.918956
2 10  0.625627  1.043955
2 11  0.618133  0.971582
2 12  0.601260  1.027054
2 13  0.598004  0.800608
2 14  0.612386  1.055471
2 15  0.618577  1.252308
2 16  0.589422  0.978807
2 17  0.299454  0.735370
2 18  0.555409  0.879931
2 19  0.579309  0.920177
2 20  0.573026  0.786054
2 21  0.579441  0.761426
2 22  0.579412  0.773184
2 23  0.604973  1.118907
2 24  0.619872  0.995810
2 25  0.604950  0.909069
2 26  0.626841  1.120069
2 27  0.600227  0.805400
2 28  0.611117  1.201329
2 29  0.631792  1.052132
2 30  0.617849  1.100653
3 4  0.567665  0.862842
3 5  0.557913  0.749235
3 6  0.572383  0.732536
3 7  0.569044  0.737136
3 8  0.613633  1.094146
3 9  0.599230  0.888098
3 10  0.601802  0.971858
3 11  0.610632  0.945547
3 12  0.614807  1.067187
3 13  0.590455  0.773011
3 14  0.604979  1.041128
3 15  0.609212  1.225853
3 16  0.581370  0.950911
3 17  0.556543  0.905101
3 18  0.292521  0.651862
3 19  0.571978  0.891432
3 20  0.565455  0.757333
3 21  0.571894  0.732706
3 22  0.571887  0.744470
3 23  0.614468  1.083851
3 24  0.612517  0.967347
3 25  0.597405  0.880356
3 26  0.618500  1.094310
3 27  0.592714  0.776700
3 28  0.603781  1.178183
3 29  0.615736  1.025113
3 30  0.610711  1.072296
4 5  0.535337  0.735180
4 6  0.552362  0.718684
4 7  0.548682  0.720695
4 8  0.595606  1.098194
4 9  0.551785  0.845347
4 10  0.605540  1.021189
4 11  0.560407  0.916791
4 12  0.600261  1.049217
4 13  0.567830  0.751793
4 14  0.585355  1.028078
4 15  0.593007  1.197188
4 16  0.561268  0.933866
4 17  0.581364  0.927082
4 18  0.571338  0.870537
4 19  0.283487  0.675109
4 20  0.544622  0.741041
4 21  0.551672  0.719139
4 22  0.550826  0.730540
4 23  0.602634  1.085429
4 24  0.556902  0.915233
4 25  0.545656  0.842447
4 26  0.599812  1.080637
4 27  0.571370  0.762711
4 28  0.589956  1.172454
4 29  0.608154  1.013978
4 30  0.589303  1.058535
5 6  0.536953  0.600237
5 7  0.535217  0.607034
5 8  0.586339  0.991754
5 9  0.547453  0.741178
5 10  0.595866  0.906364
5 11  0.577089  0.818372
5 12  0.590639  0.947567
5 13  0.542034  0.632272
5 14  0.577304  0.930155
5 15  0.583811  1.111345
5 16  0.550071  0.825402
5 17  0.571998  0.815344
5 18  0.561777  0.758728
5 19  0.541614  0.763603
5 20  0.256588  0.371617
5 21  0.539320  0.604773
5 22  0.541365  0.617414
5 23  0.593398  0.974218
5 24  0.580422  0.840895
5 25  0.540206  0.731728
5 26  0.589804  0.969727
5 27  0.536640  0.626603
5 28  0.580310  1.062136
5 29  0.598842  0.902863
5 30  0.581331  0.947986
6 7  0.507406  0.549661
6 8  0.600779  0.977696
6 9  0.581953  0.742758
6 10  0.610367  0.891532
6 11  0.595588  0.811193
6 12  0.605144  0.929571
6 13  0.545501  0.604574
6 14  0.591582  0.913471
6 15  0.598306  1.092559
6 16  0.566531  0.807444
6 17  0.586456  0.796956
6 18  0.576255  0.740331
6 19  0.556747  0.747752
6 20  0.545805  0.609686
6 21  0.279253  0.320553
6 22  0.503022  0.551480
6 23  0.607862  0.955913
6 24  0.596877  0.823419
6 25  0.581574  0.736159
6 26  0.604524  0.951366
6 27  0.539554  0.597442
6 28  0.594975  1.044002
6 29  0.613310  0.884523
6 30  0.595495  0.929317
7 8  0.597483  0.981937
7 9  0.577142  0.743013
7 10  0.607021  0.896136
7 11  0.592235  0.815728
7 12  0.601804  0.933346
7 13  0.542153  0.605802
7 14  0.588390  0.917223
7 15  0.594971  1.095717
7 16  0.563362  0.812013
7 17  0.583092  0.801511
7 18  0.572909  0.744892
7 19  0.552448  0.751873
7 20  0.545726  0.616399
7 21  0.504035  0.549145
7 22  0.276796  0.343190
7 23  0.604482  0.960448
7 24  0.593488  0.827652
7 25  0.578120  0.740762
7 26  0.601194  0.955965
7 27  0.533824  0.599541
7 28  0.591609  1.048504
7 29  0.609942  0.889078
7 30  0.592505  0.934157
8 9  0.627412  1.114056
8 10  0.644453  1.222036
8 11  0.637051  1.184934
8 12  0.642891  1.309722
8 13  0.618874  1.019399
8 14  0.599175  1.283039
8 15  0.620157  1.386421
8 16  0.587630  1.193404
8 17  0.629576  1.181578
8 18  0.618671  1.128952
8 19  0.600494  1.135062
8 20  0.593563  1.003178
8 21  0.600273  0.978588
8 22  0.600288  0.990389
8 23  0.648577  1.327544
8 24  0.636898  1.206256
8 25  0.625760  1.125488
8 26  0.397201  1.222451
8 27  0.621076  1.022638
8 28  0.611544  1.399702
8 29  0.654056  1.269953
8 30  0.603861  1.271114
9 10  0.637201  1.045398
9 11  0.604168  0.956339
9 12  0.631988  1.085537
9 13  0.592509  0.779279
9 14  0.618227  1.070093
9 15  0.625054  1.229671
9 16  0.590152  0.964511
9 17  0.613184  0.954646
9 18  0.602940  0.898134
9 19  0.549847  0.874690
9 20  0.547981  0.747736
9 21  0.583003  0.746582
9 22  0.581963  0.757461
9 23  0.634626  1.113148
9 24  0.597627  0.947029
9 25  0.376478  0.723755
9 26  0.631150  1.108425
9 27  0.587549  0.774831
9 28  0.621787  1.200304
9 29  0.639906  1.041703
9 30  0.622295  1.085386
10 11  0.647422  1.089039
10 12  0.618522  1.207985
10 13  0.628392  0.931027
10 14  0.631498  1.164635
10 15  0.630872  1.372785
10 16  0.619209  1.108611
10 17  0.633850  1.090060
10 18  0.614323  1.038515
10 19  0.609806  1.049490
10 20  0.603444  0.916260
10 21  0.609881  0.891679
10 22  0.609865  0.903443
10 23  0.620947  1.218940
10 24  0.650388  1.125636
10 25  0.635303  1.038579
10 26  0.654420  1.250357
10 27  0.630679  0.935684
10 28  0.624526  1.308389
10 29  0.417632  1.038992
10 30  0.645249  1.229804
11 12  0.642418  1.131598
11 13  0.611906  0.845564
11 14  0.617536  1.077235
11 15  0.635559  1.311564
11 16  0.583149  1.009086
11 17  0.624661  1.018913
11 18  0.614704  0.962641
11 19  0.560590  0.934420
11 20  0.586078  0.834384
11 21  0.594714  0.811065
11 22  0.594881  0.822577
11 23  0.645509  1.176928
11 24  0.395007  0.906525
11 25  0.593690  0.922571
11 26  0.639202  1.167460
11 27  0.615759  0.855198
11 28  0.630226  1.259565
11 29  0.651552  1.106220
11 30  0.625893  1.150054
12 13  0.623185  0.967688
12 14  0.631063  1.193883
12 15  0.623415  1.361043
12 16  0.614370  1.143890
12 17  0.609588  1.130785
12 18  0.616294  1.066772
12 19  0.604330  1.088125
12 20  0.598247  0.954648
12 21  0.604656  0.930080
12 22  0.604613  0.941822
12 23  0.420958  1.161052
12 24  0.644594  1.163481
12 25  0.630159  1.077333
12 26  0.649570  1.276702
12 27  0.625401  0.974010
12 28  0.612518  1.342694
12 29  0.622028  1.195918
12 30  0.640735  1.266652
13 14  0.609675  0.949274
13 15  0.616350  1.132987
13 16  0.584557  0.848076
13 17  0.604488  0.837801
13 18  0.594333  0.781200
13 19  0.573280  0.788137
13 20  0.543496  0.630204
13 21  0.534722  0.592228
13 22  0.536954  0.607035
13 23  0.625836  0.996698
13 24  0.615184  0.864484
13 25  0.582929  0.761664
13 26  0.622494  0.992261
13 27  0.367376  0.469491
13 28  0.612833  1.084695
13 29  0.631359  0.925389
13 30  0.613726  0.970543
14 15  0.619387  1.390749
14 16  0.598203  1.116250
14 17  0.620385  1.120686
14 18  0.610701  1.064761
14 19  0.589590  1.072055
14 20  0.584999  0.938880
14 21  0.591168  0.913963
14 22  0.591429  0.926100
14 23  0.639027  1.276864
14 24  0.623963  1.146962
14 25  0.616545  1.060013
14 26  0.601036  1.220991
14 27  0.611915  0.958384
14 28  0.612809  1.336010
14 29  0.644213  1.207989
14 30  0.382149  1.127242
15 16  0.601679  1.303313
15 17  0.620323  1.285815
15 18  0.610834  1.233135
15 19  0.597556  1.250517
15 20  0.591282  1.118651
15 21  0.597804  1.094373
15 22  0.597750  1.106024
15 23  0.620307  1.428923
15 24  0.634993  1.320904
15 25  0.623475  1.240107
15 26  0.619654  1.424687
15 27  0.618450  1.138135
15 28  0.444065  1.468352
15 29  0.628145  1.338499
15 30  0.617412  1.392374
16 17  0.595725  1.012652
16 18  0.585312  0.944105
16 19  0.563261  0.960265
16 20  0.559050  0.825852
16 21  0.566277  0.807216
16 22  0.566275  0.818621
16 23  0.616455  1.171253
16 24  0.582853  1.011651
16 25  0.588610  0.935349
16 26  0.587384  1.071435
16 27  0.586974  0.851582
16 28  0.602177  1.228626
16 29  0.621045  1.077054
16 30  0.601307  1.137095
17 18  0.559358  0.914696
17 19  0.586138  0.948153
17 20  0.579553  0.821343
17 21  0.585969  0.796464
17 22  0.585968  0.807841
17 23  0.609260  1.074373
17 24  0.626310  1.016172
17 25  0.611631  0.943379
17 26  0.632159  1.154455
17 27  0.606792  0.839346
17 28  0.621238  1.232190
17 29  0.634565  1.065874
17 30  0.622513  1.098699
18 19  0.575980  0.899031
18 20  0.569349  0.763633
18 21  0.575763  0.740431
18 22  0.575764  0.752209
18 23  0.621072  1.100623
18 24  0.616140  0.964611
18 25  0.601441  0.887124
18 26  0.620950  1.076908
18 27  0.596587  0.784040
18 28  0.608967  1.185393
18 29  0.607596  0.972216
18 30  0.612174  1.060151
19 20  0.545925  0.769049
19 21  0.556156  0.746656
19 22  0.555745  0.755018
19 23  0.607333  1.095912
19 24  0.565689  0.947714
19 25  0.554567  0.862221
19 26  0.603682  1.101880
19 27  0.573988  0.781390
19 28  0.594014  1.173902
19 29  0.612833  1.040565
19 30  0.593207  1.063403
20 21  0.543859  0.607081
20 22  0.544964  0.620634
20 23  0.600940  0.980412
20 24  0.585809  0.838007
20 25  0.552298  0.737397
20 26  0.597647  0.971579
20 27  0.549210  0.639956
20 28  0.588050  1.067097
20 29  0.606387  0.906686
20 30  0.588833  0.952870
21 22  0.509592  0.557006
21 23  0.607370  0.954699
21 24  0.596769  0.823814
21 25  0.578442  0.731082
21 26  0.604011  0.951329
21 27  0.548254  0.609574
21 28  0.594487  1.042418
21 29  0.612803  0.884433
21 30  0.594880  0.927378
22 23  0.607372  0.965421
22 24  0.596667  0.834645
22 25  0.578094  0.739490
22 26  0.604092  0.962390
22 27  0.546327  0.614288
22 28  0.594478  1.052225
22 29  0.612815  0.896211
22 30  0.595211  0.938781
23 24  0.646756  1.166254
23 25  0.633013  1.097768
23 26  0.649250  1.309822
23 27  0.628178  0.996775
23 28  0.623655  1.324477
23 29  0.623990  1.218821
23 30  0.637437  1.228132
24 25  0.605692  0.963540
24 26  0.642644  1.174032
24 27  0.615386  0.859931
24 28  0.633871  1.272319
24 29  0.651806  1.090584
24 30  0.623084  1.096593
25 26  0.629447  1.081919
25 27  0.594024  0.771849
25 28  0.619964  1.168984
25 29  0.638461  1.031205
25 30  0.620125  1.073184
26 27  0.624900  0.995510
26 28  0.620911  1.318734
26 29  0.651019  1.199439
26 30  0.605641  1.270467
27 28  0.615266  1.085683
27 29  0.633617  0.927174
27 30  0.616063  0.968621
28 29  0.630773  1.325425
28 30  0.620522  1.356801
29 30  0.634493  1.157338
