  -1146.51103029
  -1146.87689008    -1146.75893447
0.00000295953642
2 2 2 2 2 2 2 2 2 2 2 2 2 2 2 0 0 0 0 0 0 0 0 0 0 0 0 0 0 0 
1  0.278284  0.506106
2  0.301343  0.467040
3  0.293800  0.438351
4  0.273966  0.425427
5  0.264179  0.313093
6  0.278646  0.294500
7  0.275295  0.299153
8  0.322322  0.684243
9  0.305522  0.453072
10  0.331845  0.597280
11  0.317158  0.517531
12  0.326604  0.635505
13  0.296727  0.335478
14  0.313429  0.620113
15  0.319773  0.799616
16  0.288267  0.513509
17  0.307871  0.502671
18  0.297675  0.446068
19  0.278419  0.454210
20  0.271739  0.319417
21  0.278159  0.294646
22  0.278139  0.306507
23  0.329324  0.661434
24  0.318851  0.529960
25  0.303855  0.443010
26  0.326072  0.657064
27  0.298981  0.338700
28  0.316436  0.749431
29  0.334788  0.590189
30  0.317352  0.635510
1 2  0.579405  0.969941
1 3  0.571678  0.929631
1 4  0.549976  0.921963
1 5  0.541837  0.813005
1 6  0.556880  0.799452
1 7  0.553546  0.803847
1 8  0.575964  1.087525
1 9  0.580442  0.933850
1 10  0.608498  1.074648
1 11  0.574304  0.994597
1 12  0.603965  1.137843
1 13  0.574922  0.841504
1 14  0.588069  1.117453
1 15  0.596038  1.265306
1 16  0.272328  0.814054
1 17  0.586075  1.006907
1 18  0.575407  0.951466
1 19  0.556159  0.954718
1 20  0.547694  0.824786
1 21  0.556313  0.800628
1 22  0.556420  0.812455
1 23  0.607291  1.162225
1 24  0.574293  1.014177
1 25  0.579246  0.947774
1 26  0.582120  1.159354
1 27  0.576772  0.844378
1 28  0.589229  1.247503
1 29  0.612495  1.094260
1 30  0.593179  1.127114
2 3  0.550512  0.873240
2 4  0.575272  0.888556
2 5  0.565514  0.779279
2 6  0.579987  0.761426
2 7  0.576635  0.765777
2 8  0.622148  1.144404
2 9  0.606860  0.919631
2 10  0.625733  1.043934
2 11  0.618245  0.971975
2 12  0.601350  1.026919
2 13  0.598062  0.800909
2 14  0.612521  1.055562
2 15  0.618673  1.251989
2 16  0.589539  0.979051
2 17  0.299495  0.735376
2 18  0.555459  0.880017
2 19  0.579396  0.920770
2 20  0.573079  0.786402
2 21  0.579499  0.761663
2 22  0.579453  0.773519
2 23  0.605059  1.118737
2 24  0.619982  0.996220
2 25  0.605030  0.909721
2 26  0.626960  1.119943
2 27  0.600283  0.805700
2 28  0.611207  1.201068
2 29  0.631900  1.052103
2 30  0.617982  1.100748
3 4  0.567758  0.863417
3 5  0.557970  0.749595
3 6  0.572445  0.732779
3 7  0.569092  0.737466
3 8  0.613758  1.094077
3 9  0.599318  0.888782
3 10  0.601914  0.971869
3 11  0.610748  0.945968
3 12  0.614898  1.067050
3 13  0.590518  0.773349
3 14  0.605117  1.041245
3 15  0.609311  1.225537
3 16  0.581488  0.951184
3 17  0.556589  0.905193
3 18  0.292576  0.651917
3 19  0.572073  0.892046
3 20  0.565513  0.757706
3 21  0.571958  0.732966
3 22  0.571933  0.744829
3 23  0.614559  1.083729
3 24  0.612633  0.967782
3 25  0.597489  0.881034
3 26  0.618622  1.094205
3 27  0.592776  0.777024
3 28  0.603876  1.177936
3 29  0.615847  1.025096
3 30  0.610851  1.072412
4 5  0.535431  0.736041
4 6  0.552462  0.719403
4 7  0.548769  0.721478
4 8  0.595768  1.098581
4 9  0.551909  0.846464
4 10  0.605690  1.021675
4 11  0.560559  0.917714
4 12  0.600390  1.049531
4 13  0.567930  0.752569
4 14  0.585529  1.028633
4 15  0.593142  1.197288
4 16  0.561427  0.934614
4 17  0.581447  0.927614
4 18  0.571431  0.871088
4 19  0.283608  0.676303
4 20  0.544718  0.741887
4 21  0.551774  0.719879
4 22  0.550909  0.731380
4 23  0.602760  1.085758
4 24  0.557058  0.916159
4 25  0.545779  0.843629
4 26  0.599973  1.081005
4 27  0.571469  0.763517
4 28  0.590089  1.172672
4 29  0.608305  1.014430
4 30  0.589480  1.059124
5 6  0.537019  0.600755
5 7  0.535270  0.607645
5 8  0.586468  0.991942
5 9  0.547544  0.742133
5 10  0.595980  0.906633
5 11  0.577205  0.819069
5 12  0.590732  0.947712
5 13  0.542100  0.632919
5 14  0.577444  0.930550
5 15  0.583912  1.111300
5 16  0.550191  0.825962
5 17  0.572049  0.815685
5 18  0.561836  0.759092
5 19  0.541711  0.764503
5 20  0.256644  0.372344
5 21  0.539386  0.605325
5 22  0.541415  0.618057
5 23  0.593491  0.974357
5 24  0.580541  0.841617
5 25  0.540295  0.732719
5 26  0.589928  0.969905
5 27  0.536704  0.627233
5 28  0.580407  1.062166
5 29  0.598956  0.903132
5 30  0.581473  0.948388
6 7  0.507462  0.550167
6 8  0.600911  0.977767
6 9  0.582048  0.743588
6 10  0.610488  0.891688
6 11  0.595713  0.811790
6 12  0.605243  0.929584
6 13  0.545577  0.605095
6 14  0.591723  0.913725
6 15  0.598412  1.092375
6 16  0.566660  0.807863
6 17  0.586513  0.797157
6 18  0.576319  0.740553
6 19  0.556850  0.748517
6 20  0.545871  0.610210
6 21  0.279327  0.321014
6 22  0.503075  0.552035
6 23  0.607960  0.955912
6 24  0.597000  0.823999
6 25  0.581667  0.736987
6 26  0.604654  0.951402
6 27  0.539627  0.597934
6 28  0.595078  1.043891
6 29  0.613429  0.884650
6 30  0.595642  0.929577
7 8  0.597602  0.982087
7 9  0.577224  0.743899
7 10  0.607127  0.896379
7 11  0.592346  0.816412
7 12  0.601889  0.933429
7 13  0.542212  0.606384
7 14  0.588520  0.917555
7 15  0.595063  1.095594
7 16  0.563477  0.812518
7 17  0.583133  0.801799
7 18  0.572959  0.745201
7 19  0.552536  0.752727
7 20  0.545778  0.617003
7 21  0.504092  0.549691
7 22  0.276828  0.343879
7 23  0.604567  0.960534
7 24  0.593598  0.828315
7 25  0.578199  0.741677
7 26  0.601311  0.956088
7 27  0.533881  0.600124
7 28  0.591698  1.048480
7 29  0.610048  0.889292
7 30  0.592639  0.934504
8 9  0.627570  1.114529
8 10  0.644631  1.221914
8 11  0.637236  1.185206
8 12  0.643048  1.309434
8 13  0.619008  1.019574
8 14  0.599377  1.283008
8 15  0.620322  1.386049
8 16  0.587807  1.193500
8 17  0.629696  1.181474
8 18  0.618797  1.128866
8 19  0.600660  1.135511
8 20  0.593690  1.003384
8 21  0.600408  0.978682
8 22  0.600405  0.990579
8 23  0.648736  1.327264
8 24  0.637084  1.206535
8 25  0.625917  1.125996
8 26  0.397381  1.222153
8 27  0.621209  1.022796
8 28  0.611705  1.399319
8 29  0.654237  1.269778
8 30  0.604068  1.271118
9 10  0.637346  1.046002
9 11  0.604311  0.957391
9 12  0.632113  1.085999
9 13  0.592605  0.780214
9 14  0.618396  1.070803
9 15  0.625185  1.229872
9 16  0.590306  0.965387
9 17  0.613266  0.955303
9 18  0.603027  0.898815
9 19  0.549976  0.875940
9 20  0.548073  0.748739
9 21  0.583099  0.747450
9 22  0.582042  0.758429
9 23  0.634750  1.113602
9 24  0.597772  0.948037
9 25  0.376596  0.725209
9 26  0.631307  1.108918
9 27  0.587643  0.775767
9 28  0.621915  1.200646
9 29  0.640049  1.042286
9 30  0.622466  1.086096
10 11  0.647593  1.089370
10 12  0.618659  1.207764
10 13  0.628512  0.931270
10 14  0.631673  1.164652
10 15  0.631029  1.372405
10 16  0.619387  1.108800
10 17  0.633957  1.090051
10 18  0.614438  1.038505
10 19  0.609960  1.050012
10 20  0.603560  0.916545
10 21  0.610002  0.891852
10 22  0.609969  0.903713
10 23  0.621089  1.218766
10 24  0.650562  1.125986
10 25  0.635444  1.039167
10 26  0.654599  1.250171
10 27  0.630799  0.935922
10 28  0.624679  1.308092
10 29  0.417794  1.038864
10 30  0.645438  1.229834
11 12  0.642569  1.131790
11 13  0.612028  0.846228
11 14  0.617723  1.077653
11 15  0.635717  1.311600
11 16  0.583332  1.009731
11 17  0.624769  1.019324
11 18  0.614823  0.963074
11 19  0.560746  0.935400
11 20  0.586198  0.835112
11 21  0.594839  0.811679
11 22  0.594989  0.823287
11 23  0.645659  1.177138
11 24  0.395186  0.907421
11 25  0.593834  0.923574
11 26  0.639385  1.167714
11 27  0.615882  0.855877
11 28  0.630382  1.259653
11 29  0.651726  1.106559
11 30  0.626089  1.150520
12 13  0.623285  0.967773
12 14  0.631231  1.193786
12 15  0.623549  1.360610
12 16  0.614529  1.143936
12 17  0.609674  1.130609
12 18  0.616388  1.066643
12 19  0.604460  1.088511
12 20  0.598342  0.954789
12 21  0.604756  0.930110
12 22  0.604695  0.941950
12 23  0.421086  1.160674
12 24  0.644745  1.163686
12 25  0.630282  1.077778
12 26  0.649728  1.276391
12 27  0.625501  0.974103
12 28  0.612649  1.342247
12 29  0.622171  1.195713
12 30  0.640910  1.266547
13 14  0.609820  0.949603
13 15  0.616457  1.132895
13 16  0.584687  0.848591
13 17  0.604544  0.838100
13 18  0.594398  0.781520
13 19  0.573383  0.789003
13 20  0.543562  0.630833
13 21  0.534798  0.592757
13 22  0.537011  0.607665
13 23  0.625935  0.996794
13 24  0.615309  0.865162
13 25  0.583022  0.762598
13 26  0.622626  0.992396
13 27  0.367446  0.470187
13 28  0.612937  1.084682
13 29  0.631478  0.925615
13 30  0.613873  0.970903
14 15  0.619560  1.390465
14 16  0.598406  1.116566
14 17  0.620515  1.120766
14 18  0.610840  1.064859
14 19  0.589768  1.072689
14 20  0.585139  0.939270
14 21  0.591315  0.914243
14 22  0.591558  0.926478
14 23  0.639198  1.276746
14 24  0.624157  1.147411
14 25  0.616712  1.060701
14 26  0.601237  1.220959
14 27  0.612058  0.958729
14 28  0.612981  1.335815
14 29  0.644400  1.207993
14 30  0.382359  1.127340
15 16  0.601841  1.303179
15 17  0.620415  1.285477
15 18  0.610934  1.232808
15 19  0.597695  1.250712
15 20  0.591384  1.118604
15 21  0.597911  1.094215
15 22  0.597840  1.105963
15 23  0.620439  1.428393
15 24  0.635152  1.320913
15 25  0.623604  1.240361
15 26  0.619819  1.424198
15 27  0.618555  1.138040
15 28  0.444208  1.467691
15 29  0.628300  1.338128
15 30  0.617590  1.392132
16 17  0.595840  1.012873
16 18  0.585434  0.944331
16 19  0.563421  0.961042
16 20  0.559173  0.826365
16 21  0.566408  0.807647
16 22  0.566388  0.819144
16 23  0.616611  1.171283
16 24  0.583030  1.012221
16 25  0.588760  0.936146
16 26  0.587545  1.071485
16 27  0.587103  0.852081
16 28  0.602336  1.228568
16 29  0.621223  1.077214
16 30  0.601510  1.137397
17 18  0.559400  0.914718
17 19  0.586227  0.948694
17 20  0.579606  0.821667
17 21  0.586027  0.796679
17 22  0.586008  0.808145
17 23  0.609348  1.074218
17 24  0.626422  1.016530
17 25  0.611711  0.944005
17 26  0.632277  1.154307
17 27  0.606847  0.839611
17 28  0.621329  1.231919
17 29  0.634670  1.065814
17 30  0.622647  1.098772
18 19  0.576078  0.899627
18 20  0.569409  0.763963
18 21  0.575829  0.740671
18 22  0.575813  0.752546
18 23  0.621164  1.100451
18 24  0.616257  0.964988
18 25  0.601529  0.887772
18 26  0.621073  1.076788
18 27  0.596651  0.784340
18 28  0.609065  1.185123
18 29  0.607708  0.972186
18 30  0.612315  1.060247
19 20  0.546022  0.769941
19 21  0.556261  0.747428
19 22  0.555832  0.755859
19 23  0.607464  1.096237
19 24  0.565842  0.948641
19 25  0.554692  0.863350
19 26  0.603844  1.102273
19 27  0.574089  0.782187
19 28  0.594148  1.174101
19 29  0.612986  1.041060
19 30  0.593384  1.063982
20 21  0.543928  0.607607
20 22  0.545015  0.621266
20 23  0.601034  0.980536
20 24  0.585925  0.838684
20 25  0.552388  0.738322
20 26  0.597774  0.971719
20 27  0.549276  0.640576
20 28  0.588148  1.067103
20 29  0.606503  0.906924
20 30  0.588976  0.953256
21 22  0.509648  0.557557
21 23  0.607470  0.954707
21 24  0.596894  0.824411
21 25  0.578536  0.731899
21 26  0.604142  0.951381
21 27  0.548329  0.610095
21 28  0.594591  1.042313
21 29  0.612924  0.884577
21 30  0.595023  0.927632
22 23  0.607454  0.965509
22 24  0.596776  0.835333
22 25  0.578172  0.740377
22 26  0.604207  0.962530
22 27  0.546382  0.614874
22 28  0.594565  1.052185
22 29  0.612919  0.896456
22 30  0.595341  0.939134
23 24  0.646905  1.166414
23 25  0.633134  1.098177
23 26  0.649404  1.309486
23 27  0.628275  0.996833
23 28  0.623784  1.324092
23 29  0.624127  1.218564
23 30  0.637608  1.228018
24 25  0.605836  0.964558
24 26  0.642827  1.174253
24 27  0.615507  0.860557
24 28  0.634027  1.272400
24 29  0.651977  1.090870
24 30  0.623271  1.096986
25 26  0.629601  1.082348
25 27  0.594116  0.772740
25 28  0.620089  1.169230
25 29  0.638604  1.031763
25 30  0.620293  1.073857
26 27  0.625030  0.995627
26 28  0.621072  1.318384
26 29  0.651195  1.199256
26 30  0.605842  1.270402
27 28  0.615368  1.085636
27 29  0.633735  0.927377
27 30  0.616209  0.968941
28 29  0.630926  1.325074
28 30  0.620696  1.356565
29 30  0.634668  1.157345
