  -1146.52281118
  -1146.89767748    -1146.78649913
0.00003813420626
2 2 2 2 2 2 2 2 2 2 2 2 2 2 2 0 0 0 0 0 0 0 0 0 0 0 0 0 0 0 
1  0.315430  0.614225
2  0.282423  0.496072
3  0.300853  0.409104
4  0.288249  0.374024
5  0.301240  0.412951
6  0.288120  0.371623
7  0.333872  0.535854
8  0.322808  0.629547
9  0.332947  0.536908
10  0.317621  0.593191
11  0.328587  0.625801
12  0.322185  0.524705
13  0.321245  0.518670
14  0.318240  0.557152
15  0.321338  0.568865
16  0.314497  0.624890
17  0.298468  0.525545
18  0.305533  0.425377
19  0.293316  0.384861
20  0.314652  0.625004
21  0.293290  0.384452
22  0.305326  0.425157
23  0.320115  0.555329
24  0.320315  0.555761
25  0.331460  0.526292
26  0.331459  0.526504
27  0.334329  0.600761
28  0.321494  0.522574
29  0.321852  0.523035
30  0.334217  0.600163
1 2  0.596267  1.102941
1 3  0.614006  0.999880
1 4  0.601743  0.973117
1 5  0.616612  1.026252
1 6  0.603398  0.982497
1 7  0.648904  1.145075
1 8  0.624221  1.166356
1 9  0.631506  1.083560
1 10  0.632455  1.203259
1 11  0.613178  1.212193
1 12  0.637485  1.134626
1 13  0.628982  1.091687
1 14  0.632210  1.138605
1 15  0.627576  1.174848
1 16  0.365965  1.085326
1 17  0.612491  1.127571
1 18  0.619971  1.039007
1 19  0.608497  0.998716
1 20  0.621413  1.234218
1 21  0.608329  0.997859
1 22  0.619941  1.038700
1 23  0.634728  1.167817
1 24  0.622484  1.149987
1 25  0.645630  1.137523
1 26  0.641310  1.139913
1 27  0.616571  1.170594
1 28  0.635799  1.135434
1 29  0.632696  1.135400
1 30  0.649208  1.208268
2 3  0.583164  0.903576
2 4  0.570426  0.863214
2 5  0.583312  0.896500
2 6  0.570386  0.863292
2 7  0.614232  1.009204
2 8  0.603836  1.122369
2 9  0.614582  1.021225
2 10  0.577472  1.015434
2 11  0.585234  1.031929
2 12  0.603051  0.993760
2 13  0.603396  1.013343
2 14  0.598541  1.038342
2 15  0.601550  1.035044
2 16  0.595927  1.109272
2 17  0.274437  0.807898
2 18  0.587754  0.920388
2 19  0.574967  0.880535
2 20  0.596449  1.111424
2 21  0.575164  0.880214
2 22  0.587636  0.920464
2 23  0.597957  1.049589
2 24  0.597845  1.050067
2 25  0.613396  1.020482
2 26  0.613231  1.020084
2 27  0.594557  1.092534
2 28  0.603803  1.016859
2 29  0.604051  1.016638
2 30  0.593386  1.091556
3 4  0.545509  0.745106
3 5  0.602093  0.821942
3 6  0.588970  0.780217
3 7  0.634717  0.944326
3 8  0.623445  1.028454
3 9  0.625412  0.920509
3 10  0.618452  1.001614
3 11  0.628131  1.029383
3 12  0.623037  0.933036
3 13  0.596480  0.876907
3 14  0.619075  0.960723
3 15  0.619257  0.973763
3 16  0.614338  1.033424
3 17  0.599179  0.933670
3 18  0.299414  0.577947
3 19  0.549306  0.761008
3 20  0.614921  1.033436
3 21  0.594063  0.793439
3 22  0.606055  0.834099
3 23  0.620937  0.964005
3 24  0.615180  0.954302
3 25  0.632089  0.934998
3 26  0.628431  0.933511
3 27  0.634728  1.007603
3 28  0.622196  0.931350
3 29  0.595619  0.917809
3 30  0.635045  1.008693
4 5  0.589488  0.786243
4 6  0.576367  0.745595
4 7  0.622114  0.909247
4 8  0.610943  0.999935
4 9  0.602014  0.870972
4 10  0.605843  0.964138
4 11  0.614682  0.984067
4 12  0.610432  0.896228
4 13  0.602618  0.886607
4 14  0.606472  0.926350
4 15  0.603781  0.935338
4 16  0.602514  0.998448
4 17  0.586013  0.899189
4 18  0.548963  0.766408
4 19  0.290070  0.508985
4 20  0.602725  0.998303
4 21  0.581478  0.758364
4 22  0.593506  0.799059
4 23  0.608361  0.929024
4 24  0.602212  0.923752
4 25  0.619582  0.899888
4 26  0.610397  0.897113
4 27  0.621301  0.974314
4 28  0.609681  0.896394
4 29  0.599277  0.884902
4 30  0.622313  0.973745
5 6  0.545804  0.746362
5 7  0.626620  0.922566
5 8  0.622730  1.037275
5 9  0.634183  0.948914
5 10  0.616589  0.982407
5 11  0.629786  1.028849
5 12  0.597663  0.884844
5 13  0.622484  0.930900
5 14  0.616539  0.965572
5 15  0.622567  0.975517
5 16  0.615674  1.036827
5 17  0.598388  0.938123
5 18  0.606720  0.838165
5 19  0.594495  0.797665
5 20  0.615570  1.036678
5 21  0.305435  0.553335
5 22  0.555093  0.796130
5 23  0.614371  0.963352
5 24  0.621520  0.968206
5 25  0.623606  0.935590
5 26  0.632604  0.938914
5 27  0.635262  1.013023
5 28  0.611356  0.919101
5 29  0.623060  0.935710
5 30  0.633462  1.012646
6 7  0.602807  0.868070
6 8  0.608795  0.986585
6 9  0.621049  0.908075
6 10  0.603749  0.949570
6 11  0.616669  0.993882
6 12  0.603342  0.889922
6 13  0.609352  0.888193
6 14  0.600723  0.922110
6 15  0.609427  0.935390
6 16  0.602298  0.995946
6 17  0.586205  0.896662
6 18  0.593579  0.796871
6 19  0.581377  0.756380
6 20  0.602381  0.996292
6 21  0.542614  0.730052
6 22  0.302766  0.550805
6 23  0.603624  0.918938
6 24  0.608434  0.927077
6 25  0.617795  0.897548
6 26  0.619439  0.897769
6 27  0.622316  0.971938
6 28  0.582966  0.874564
6 29  0.609893  0.894434
6 30  0.621880  0.971068
7 8  0.648369  1.134908
7 9  0.666776  1.071688
7 10  0.633965  1.060882
7 11  0.662099  1.143971
7 12  0.621772  1.024838
7 13  0.655089  1.050699
7 14  0.627064  1.084367
7 15  0.655086  1.088909
7 16  0.648036  1.157604
7 17  0.630276  1.059732
7 18  0.639270  0.960699
7 19  0.627037  0.920315
7 20  0.647197  1.158972
7 21  0.625045  0.919869
7 22  0.629753  0.956792
7 23  0.593432  1.018429
7 24  0.654141  1.090407
7 25  0.621335  1.049476
7 26  0.665037  1.060743
7 27  0.667630  1.134800
7 28  0.535598  0.965309
7 29  0.655628  1.057985
7 30  0.662407  1.134187
8 9  0.654367  1.146082
8 10  0.609670  1.194504
8 11  0.650759  1.251331
8 12  0.641096  1.150252
8 13  0.643105  1.124336
8 14  0.617766  1.128664
8 15  0.642884  1.180459
8 16  0.625979  1.250402
8 17  0.619167  1.141039
8 18  0.627702  1.054223
8 19  0.615921  1.013883
8 20  0.387477  1.121617
8 21  0.615527  1.012949
8 22  0.626254  1.054176
8 23  0.630369  1.165579
8 24  0.641786  1.183248
8 25  0.648991  1.153752
8 26  0.653049  1.154348
8 27  0.656584  1.225950
8 28  0.638965  1.150975
8 29  0.643356  1.150965
8 30  0.619612  1.165698
9 10  0.650491  1.125618
9 11  0.653274  1.130248
9 12  0.655125  1.056971
9 13  0.620012  1.021330
9 14  0.651016  1.078482
9 15  0.628364  1.096059
9 16  0.641703  1.160588
9 17  0.630798  1.059434
9 18  0.633917  0.959613
9 19  0.616656  0.918125
9 20  0.646572  1.159252
9 21  0.626074  0.920892
9 22  0.638021  0.961628
9 23  0.653030  1.091117
9 24  0.622576  1.059146
9 25  0.664046  1.061364
9 26  0.417965  0.882990
9 27  0.663761  1.133141
9 28  0.654170  1.058737
9 29  0.618169  1.035993
9 30  0.667046  1.135106
10 11  0.643913  1.171078
10 12  0.632066  1.077145
10 13  0.638821  1.108717
10 14  0.626445  1.142779
10 15  0.638625  1.135644
10 16  0.631815  1.210894
10 17  0.597868  1.113229
10 18  0.623023  1.017724
10 19  0.610661  0.977493
10 20  0.604053  1.188251
10 21  0.610531  0.977318
10 22  0.622643  1.017262
10 23  0.610901  1.119214
10 24  0.637221  1.146952
10 25  0.647980  1.118489
10 26  0.648767  1.117132
10 27  0.648320  1.190999
10 28  0.636644  1.108886
10 29  0.639443  1.114713
10 30  0.401954  1.051445
11 12  0.650604  1.129213
11 13  0.646030  1.140473
11 14  0.646665  1.170476
11 15  0.626280  1.133182
11 16  0.611096  1.204697
11 17  0.602640  1.146147
11 18  0.633595  1.048322
11 19  0.620595  1.010113
11 20  0.642805  1.244462
11 21  0.621735  1.009696
11 22  0.633888  1.050228
11 23  0.647652  1.178636
11 24  0.623500  1.164524
11 25  0.659909  1.150141
11 26  0.656927  1.147881
11 27  0.390868  1.080145
11 28  0.650071  1.147038
11 29  0.646861  1.137615
11 30  0.658223  1.222350
12 13  0.643428  1.042623
12 14  0.614973  1.044620
12 15  0.643498  1.084884
12 16  0.636618  1.147483
12 17  0.618349  1.049391
12 18  0.627694  0.949762
12 19  0.615447  0.909286
12 20  0.634020  1.142109
12 21  0.588278  0.887931
12 22  0.615239  0.931189
12 23  0.613242  1.071302
12 24  0.642296  1.079307
12 25  0.535388  0.960386
12 26  0.653606  1.050210
12 27  0.655912  1.123796
12 28  0.595834  1.001506
12 29  0.644036  1.047165
12 30  0.650964  1.123744
13 14  0.639384  1.067974
13 15  0.617095  1.050849
13 16  0.631506  1.142004
13 17  0.619370  1.041525
13 18  0.598579  0.929077
13 19  0.603195  0.889779
13 20  0.634829  1.142254
13 21  0.614445  0.902920
13 22  0.626386  0.943488
13 23  0.641237  1.073084
13 24  0.609838  1.044069
13 25  0.652426  1.044291
13 26  0.616627  1.021653
13 27  0.651625  1.108531
13 28  0.642507  1.040457
13 29  0.421703  0.887880
13 30  0.655442  1.117638
14 15  0.639485  1.124301
14 16  0.630580  1.179989
14 17  0.614019  1.079788
14 18  0.623704  0.982007
14 19  0.611552  0.941686
14 20  0.606447  1.154900
14 21  0.606829  0.933053
14 22  0.617312  0.977371
14 23  0.565679  1.081538
14 24  0.637880  1.111397
14 25  0.589646  1.011573
14 26  0.649558  1.082639
14 27  0.652017  1.156137
14 28  0.611542  1.070929
14 29  0.639815  1.079102
14 30  0.639190  1.136272
15 16  0.622855  1.174534
15 17  0.614251  1.092184
15 18  0.620657  0.983260
15 19  0.608825  0.947335
15 20  0.635064  1.191915
15 21  0.614626  0.952915
15 22  0.626604  0.993472
15 23  0.640925  1.122459
15 24  0.439185  1.007338
15 25  0.652753  1.093991
15 26  0.623009  1.063019
15 27  0.628984  1.149860
15 28  0.642700  1.090383
15 29  0.611332  1.062730
15 30  0.654574  1.166599
16 17  0.611067  1.144413
16 18  0.617561  1.023067
16 19  0.605537  0.993938
16 20  0.614988  1.170615
16 21  0.607649  1.006205
16 22  0.619559  1.038626
16 23  0.633367  1.156800
16 24  0.625816  1.169020
16 25  0.644519  1.133317
16 26  0.628519  1.085806
16 27  0.615528  1.198204
16 28  0.634992  1.120886
16 29  0.628382  1.099817
16 30  0.647970  1.220468
17 18  0.603853  0.949251
17 19  0.591481  0.902810
17 20  0.611220  1.144537
17 21  0.591453  0.902408
17 22  0.603646  0.949028
17 23  0.615843  1.050834
17 24  0.616041  1.051226
17 25  0.629090  1.039913
17 26  0.629083  1.040126
17 27  0.603647  1.037621
17 28  0.619611  1.046670
17 29  0.619968  1.047124
17 30  0.603423  1.036843
18 19  0.553426  0.770654
18 20  0.619914  1.038952
18 21  0.598821  0.809419
18 22  0.610855  0.848493
18 23  0.625609  0.975389
18 24  0.622278  0.976042
18 25  0.636962  0.949124
18 26  0.628823  0.925374
18 27  0.638296  1.020145
18 28  0.627005  0.943053
18 29  0.601091  0.892562
18 30  0.639711  1.024330
19 20  0.607827  1.006687
19 21  0.586605  0.769188
19 22  0.598641  0.809603
19 23  0.613408  0.934550
19 24  0.607084  0.932428
19 25  0.624763  0.910834
19 26  0.603606  0.868401
19 27  0.625147  0.968709
19 28  0.614802  0.905592
19 29  0.608025  0.901070
19 30  0.627491  0.980710
20 21  0.605680  0.993712
20 22  0.617518  1.022980
20 23  0.625701  1.168644
20 24  0.633724  1.157420
20 25  0.628547  1.085576
20 26  0.644694  1.133614
20 27  0.648242  1.221185
20 28  0.628196  1.099305
20 29  0.635517  1.121529
20 30  0.615526  1.197697
21 22  0.553253  0.770065
21 23  0.606860  0.931601
21 24  0.613580  0.934580
21 25  0.603545  0.867872
21 26  0.624737  0.910643
21 27  0.627573  0.980869
21 28  0.607645  0.900187
21 29  0.615134  0.905664
21 30  0.624987  0.967720
22 23  0.621876  0.975382
22 24  0.625600  0.975575
22 25  0.628626  0.924980
22 26  0.636756  0.949119
22 27  0.639612  1.024692
22 28  0.600576  0.891882
22 29  0.627157  0.943304
22 30  0.637977  1.019341
23 24  0.640315  1.109038
23 25  0.624872  1.071050
23 26  0.651375  1.067500
23 27  0.654304  1.137679
23 28  0.617990  1.042008
23 29  0.641804  1.072180
23 30  0.631228  1.101543
24 25  0.651577  1.067714
24 26  0.625051  1.071719
24 27  0.631439  1.102237
24 28  0.641646  1.072082
24 29  0.618532  1.042907
24 30  0.654392  1.137499
25 26  0.662759  1.049953
25 27  0.665640  1.120340
25 28  0.617865  1.012303
25 29  0.653195  1.041418
25 30  0.657151  1.093677
26 27  0.657267  1.094464
26 28  0.652836  1.041153
26 29  0.618225  1.012976
26 30  0.665525  1.119980
27 28  0.655734  1.121572
27 29  0.651646  1.119660
27 30  0.666438  1.158560
28 29  0.643246  1.035815
28 30  0.651188  1.118627
29 30  0.655980  1.121430
