  -1146.52281118
  -1146.89812154    -1146.78782675
0.00001551323126
2 2 2 2 2 2 2 2 2 2 2 2 2 2 2 0 0 0 0 0 0 0 0 0 0 0 0 0 0 0 
1  0.317196  0.618114
2  0.283864  0.499362
3  0.301323  0.413449
4  0.288820  0.378691
5  0.301745  0.417280
6  0.288690  0.376266
7  0.335031  0.542458
8  0.324440  0.632175
9  0.334298  0.543756
10  0.319078  0.596563
11  0.330081  0.628027
12  0.323093  0.525638
13  0.322217  0.519739
14  0.319430  0.554646
15  0.322469  0.566908
16  0.316262  0.628415
17  0.300039  0.529240
18  0.305984  0.429687
19  0.293896  0.389536
20  0.316265  0.628356
21  0.293829  0.389088
22  0.305872  0.429399
23  0.321182  0.553369
24  0.321416  0.553913
25  0.332646  0.532404
26  0.332743  0.532792
27  0.335867  0.603308
28  0.322565  0.523446
29  0.322793  0.523890
30  0.335624  0.602651
1 2  0.599452  1.110077
1 3  0.616242  1.007314
1 4  0.604049  0.980952
1 5  0.618880  1.034378
1 6  0.605721  0.990738
1 7  0.651826  1.155260
1 8  0.627357  1.171986
1 9  0.634271  1.092388
1 10  0.635672  1.210469
1 11  0.616332  1.217728
1 12  0.640151  1.139518
1 13  0.631614  1.095869
1 14  0.635131  1.139831
1 15  0.630365  1.177027
1 16  0.369121  1.092430
1 17  0.615803  1.135792
1 18  0.622158  1.047205
1 19  0.610841  1.007283
1 20  0.624708  1.241123
1 21  0.610626  1.006262
1 22  0.622206  1.046770
1 23  0.637554  1.169798
1 24  0.625300  1.152474
1 25  0.648579  1.147180
1 26  0.644258  1.150078
1 27  0.619803  1.178597
1 28  0.638621  1.140189
1 29  0.635389  1.140176
1 30  0.652373  1.214766
2 3  0.585075  0.911014
2 4  0.572426  0.870768
2 5  0.585253  0.903714
2 6  0.572387  0.870943
2 7  0.616819  1.018493
2 8  0.606898  1.128307
2 9  0.617373  1.030937
2 10  0.579971  1.021189
2 11  0.587742  1.036452
2 12  0.605376  0.997754
2 13  0.605803  1.017745
2 14  0.601133  1.039449
2 15  0.604085  1.036326
2 16  0.599114  1.116702
2 17  0.277234  0.814676
2 18  0.589640  0.927942
2 19  0.576941  0.888481
2 20  0.599487  1.118560
2 21  0.577105  0.888124
2 22  0.589621  0.927958
2 23  0.600435  1.050936
2 24  0.600370  1.051535
2 25  0.616003  1.029870
2 26  0.615929  1.029686
2 27  0.597374  1.098076
2 28  0.606306  1.021062
2 29  0.606422  1.020841
2 30  0.596144  1.097043
3 4  0.546477  0.753531
3 5  0.603068  0.830608
3 6  0.590010  0.789139
3 7  0.636347  0.955204
3 8  0.625540  1.035000
3 9  0.627197  0.930627
3 10  0.620376  1.009260
3 11  0.630077  1.035422
3 12  0.624415  0.938266
3 13  0.597887  0.881800
3 14  0.620735  0.962180
3 15  0.620868  0.976443
3 16  0.616549  1.041294
3 17  0.601218  0.941663
3 18  0.300248  0.587066
3 19  0.550351  0.770934
3 20  0.616971  1.041079
3 21  0.595060  0.802393
3 22  0.607045  0.842667
3 23  0.622470  0.966382
3 24  0.616743  0.957111
3 25  0.633731  0.945370
3 26  0.630177  0.944318
3 27  0.636733  1.014601
3 28  0.623720  0.936557
3 29  0.597015  0.923266
3 30  0.636917  1.015438
4 5  0.590565  0.795162
4 6  0.577509  0.754895
4 7  0.623845  0.920435
4 8  0.613142  1.007035
4 9  0.603821  0.881207
4 10  0.607867  0.971947
4 11  0.616717  0.990223
4 12  0.611912  0.901641
4 13  0.604156  0.892110
4 14  0.608233  0.928222
4 15  0.605462  0.937813
4 16  0.604849  1.006636
4 17  0.588099  0.907533
4 18  0.549984  0.776277
4 19  0.291112  0.518824
4 20  0.604905  1.006209
4 21  0.582578  0.767640
4 22  0.594612  0.807942
4 23  0.609999  0.931720
4 24  0.603873  0.926702
4 25  0.621321  0.910560
4 26  0.612231  0.908201
4 27  0.623381  0.981541
4 28  0.611320  0.901912
4 29  0.600791  0.890778
4 30  0.624275  0.980852
5 6  0.546795  0.754747
5 7  0.628253  0.932427
5 8  0.624854  1.043729
5 9  0.636037  0.960005
5 10  0.618568  0.989442
5 11  0.631782  1.035031
5 12  0.599034  0.889520
5 13  0.623960  0.936241
5 14  0.618254  0.967719
5 15  0.624202  0.977441
5 16  0.617946  1.044553
5 17  0.600381  0.946135
5 18  0.607662  0.846778
5 19  0.595563  0.806645
5 20  0.617692  1.044380
5 21  0.306325  0.562867
5 22  0.556156  0.805882
5 23  0.615938  0.965810
5 24  0.623122  0.970676
5 25  0.625276  0.946169
5 26  0.634375  0.949414
5 27  0.637286  1.019859
5 28  0.612940  0.924808
5 29  0.624501  0.940875
5 30  0.635338  1.019477
6 7  0.604453  0.878116
6 8  0.610952  0.993095
6 9  0.622964  0.919485
6 10  0.605765  0.956862
6 11  0.618727  1.000565
6 12  0.604820  0.895241
6 13  0.610892  0.893688
6 14  0.602452  0.924045
6 15  0.611123  0.937679
6 16  0.604611  1.004049
6 17  0.588334  0.904961
6 18  0.594579  0.805804
6 19  0.582509  0.765676
6 20  0.604540  1.004288
6 21  0.543706  0.739975
6 22  0.303706  0.560239
6 23  0.605249  0.921856
6 24  0.610104  0.929858
6 25  0.619543  0.908346
6 26  0.621260  0.908612
6 27  0.624438  0.979055
6 28  0.584597  0.880495
6 29  0.611388  0.899919
6 30  0.623860  0.978232
7 8  0.651121  1.142987
7 9  0.669281  1.084955
7 10  0.636378  1.069248
7 11  0.664729  1.152327
7 12  0.623742  1.031609
7 13  0.657222  1.058180
7 14  0.629359  1.088357
7 15  0.657372  1.092939
7 16  0.650931  1.167491
7 17  0.633008  1.069972
7 18  0.640861  0.971491
7 19  0.628763  0.931493
7 20  0.649955  1.169005
7 21  0.626736  0.931158
7 22  0.631423  0.967816
7 23  0.595619  1.024172
7 24  0.656402  1.095154
7 25  0.623538  1.062482
7 26  0.667479  1.073295
7 27  0.670282  1.143753
7 28  0.537664  0.973854
7 29  0.657721  1.065345
7 30  0.664896  1.143314
8 9  0.657297  1.154922
8 10  0.612647  1.199849
8 11  0.653876  1.256200
8 12  0.643585  1.153725
8 13  0.645673  1.127494
8 14  0.620362  1.128817
8 15  0.645599  1.181136
8 16  0.629304  1.256244
8 17  0.622357  1.148086
8 18  0.629735  1.061149
8 19  0.618125  1.021124
8 20  0.390478  1.127354
8 21  0.617697  1.020232
8 22  0.628385  1.061054
8 23  0.632995  1.166714
8 24  0.644511  1.184075
8 25  0.651743  1.162506
8 26  0.655962  1.163071
8 27  0.659744  1.231208
8 28  0.641623  1.154492
8 29  0.645894  1.154497
8 30  0.622628  1.173253
9 10  0.653294  1.135602
9 11  0.656061  1.138158
9 12  0.657384  1.064577
9 13  0.622222  1.028485
9 14  0.653550  1.082335
9 15  0.630857  1.100806
9 16  0.644704  1.170928
9 17  0.633689  1.070008
9 18  0.635718  0.970987
9 19  0.618549  0.929775
9 20  0.649526  1.169123
9 21  0.627948  0.932253
9 22  0.639898  0.972631
9 23  0.655451  1.096003
9 24  0.625034  1.065120
9 25  0.666560  1.073928
9 26  0.420301  0.896173
9 27  0.666627  1.142833
9 28  0.656593  1.066404
9 29  0.620409  1.044566
9 30  0.669809  1.144241
10 11  0.646808  1.176485
10 12  0.634382  1.080975
10 13  0.641248  1.113181
10 14  0.629064  1.144035
10 15  0.641204  1.136859
10 16  0.635025  1.217878
10 17  0.600751  1.119971
10 18  0.624915  1.025273
10 19  0.612667  0.985453
10 20  0.607081  1.196151
10 21  0.612515  0.985320
10 22  0.624648  1.024939
10 23  0.613369  1.121184
10 24  0.639757  1.148512
10 25  0.650606  1.128040
10 26  0.651516  1.126524
10 27  0.651295  1.196749
10 28  0.639135  1.113455
10 29  0.641840  1.118878
10 30  0.404491  1.057082
11 12  0.653003  1.132108
11 13  0.648457  1.143703
11 14  0.649346  1.170320
11 15  0.628822  1.133784
11 16  0.614317  1.212230
11 17  0.605550  1.151689
11 18  0.635538  1.054971
11 19  0.622644  1.017034
11 20  0.645904  1.250135
11 21  0.623741  1.016522
11 22  0.635921  1.056620
11 23  0.650185  1.178936
11 24  0.626015  1.165090
11 25  0.662590  1.158321
11 26  0.659687  1.156686
11 27  0.393552  1.084761
11 28  0.652635  1.150114
11 29  0.649275  1.141243
11 30  0.661098  1.226935
12 13  0.645307  1.044649
12 14  0.617010  1.044564
12 15  0.645536  1.083571
12 16  0.639287  1.151880
12 17  0.620780  1.054047
12 18  0.629049  0.954981
12 19  0.616924  0.914871
12 20  0.636500  1.146692
12 21  0.589731  0.893932
12 22  0.616699  0.936986
12 23  0.615196  1.070239
12 24  0.644295  1.078431
12 25  0.537339  0.968275
12 26  0.655791  1.057329
12 27  0.658365  1.127282
12 28  0.597739  1.004154
12 29  0.645884  1.048956
12 30  0.653255  1.127199
13 14  0.641544  1.066204
13 15  0.619118  1.051299
13 16  0.634217  1.146648
13 17  0.621901  1.046339
13 18  0.599977  0.934702
13 19  0.604748  0.895943
13 20  0.637373  1.146689
13 21  0.615949  0.908604
13 22  0.627875  0.948792
13 23  0.643263  1.072244
13 24  0.611826  1.043814
13 25  0.654587  1.051424
13 26  0.618857  1.029867
13 27  0.654106  1.112669
13 28  0.644537  1.042418
13 29  0.423529  0.890189
13 30  0.657821  1.121167
14 15  0.641801  1.119933
14 16  0.633500  1.181066
14 17  0.616771  1.081037
14 18  0.625336  0.983815
14 19  0.613322  0.943849
14 20  0.609108  1.156057
14 21  0.608534  0.935456
14 22  0.619051  0.979193
14 23  0.567826  1.076811
14 24  0.640151  1.107146
14 25  0.591932  1.016341
14 26  0.652031  1.086438
14 27  0.654739  1.156264
14 28  0.613708  1.069230
14 29  0.641921  1.077513
14 30  0.641757  1.136894
15 16  0.625703  1.176578
15 17  0.616916  1.093963
15 18  0.622236  0.985968
15 19  0.610531  0.950202
15 20  0.637806  1.193378
15 21  0.616296  0.955583
15 22  0.628273  0.995745
15 23  0.643103  1.118623
15 24  0.441324  1.003242
15 25  0.655072  1.098147
15 26  0.625412  1.068263
15 27  0.631626  1.150803
15 28  0.644899  1.089355
15 29  0.613303  1.062097
15 30  0.657085  1.167156
16 17  0.614379  1.151594
16 18  0.619779  1.030149
16 19  0.607866  1.001416
16 20  0.618070  1.176454
16 21  0.609942  1.014155
16 22  0.621857  1.046012
16 23  0.636166  1.158574
16 24  0.628564  1.171101
16 25  0.647423  1.142442
16 26  0.631212  1.093917
16 27  0.618714  1.203671
16 28  0.637802  1.125020
16 29  0.631037  1.103632
16 30  0.651123  1.226493
17 18  0.605871  0.957053
17 19  0.593618  0.910745
17 20  0.614388  1.151547
17 21  0.593551  0.910310
17 22  0.605761  0.956766
17 23  0.618445  1.052409
17 24  0.618679  1.052909
17 25  0.631838  1.049289
17 26  0.631935  1.049682
17 27  0.606280  1.042642
17 28  0.622250  1.051274
17 29  0.622479  1.051714
17 30  0.606019  1.041970
18 19  0.554387  0.779027
18 20  0.621973  1.046225
18 21  0.599811  0.818338
18 22  0.611852  0.856872
18 23  0.627121  0.977388
18 24  0.623841  0.978849
18 25  0.638594  0.959426
18 26  0.630527  0.934935
18 27  0.640285  1.026481
18 28  0.628526  0.947920
18 29  0.602464  0.897220
18 30  0.641562  1.031023
19 20  0.610013  1.014526
19 21  0.587724  0.778475
19 22  0.599766  0.818494
19 23  0.615052  0.936827
19 24  0.608749  0.935042
19 25  0.626527  0.921570
19 26  0.605356  0.878139
19 27  0.627222  0.975211
19 28  0.616453  0.911023
19 29  0.609536  0.906324
19 30  0.629472  0.987576
20 21  0.607813  1.000975
20 22  0.619684  1.029844
20 23  0.628300  1.170432
20 24  0.636404  1.159107
20 25  0.631093  1.093522
20 26  0.647525  1.142731
20 27  0.651374  1.227086
20 28  0.630813  1.103074
20 29  0.638032  1.125390
20 30  0.618464  1.203003
21 22  0.554248  0.778344
21 23  0.608450  0.934082
21 24  0.615218  0.936935
21 25  0.605172  0.877377
21 26  0.626557  0.921512
21 27  0.629647  0.987772
21 28  0.609259  0.905421
21 29  0.616613  0.911031
21 30  0.626908  0.974151
22 23  0.623501  0.978001
22 24  0.627242  0.977632
22 25  0.630329  0.934323
22 26  0.638579  0.959519
22 27  0.641692  1.031383
22 28  0.602140  0.896482
22 29  0.628641  0.948075
22 30  0.639932  1.025551
23 24  0.642476  1.105216
23 25  0.627149  1.075091
23 26  0.653714  1.071328
23 27  0.656903  1.137892
23 28  0.620070  1.042343
23 29  0.643794  1.070942
23 30  0.633591  1.102229
24 25  0.653852  1.071499
24 26  0.627455  1.076021
24 27  0.634012  1.103189
24 28  0.643801  1.071009
24 29  0.620499  1.043301
24 30  0.656894  1.137787
25 26  0.665212  1.062127
25 27  0.668359  1.128741
25 28  0.619986  1.018557
25 29  0.655310  1.048121
25 30  0.659700  1.101241
26 27  0.660042  1.102270
26 28  0.655178  1.048048
26 29  0.620345  1.019394
26 30  0.668212  1.128488
27 28  0.658333  1.124997
27 29  0.654065  1.122923
27 30  0.669333  1.163180
28 29  0.645247  1.037169
28 30  0.653595  1.121825
29 30  0.658318  1.124780
