  -1146.52281118
  -1146.89833596    -1146.78851241
0.00000396225139
2 2 2 2 2 2 2 2 2 2 2 2 2 2 2 0 0 0 0 0 0 0 0 0 0 0 0 0 0 0 
1  0.318081  0.620360
2  0.284629  0.501103
3  0.301524  0.416665
4  0.289084  0.381922
5  0.301985  0.420450
6  0.288973  0.379639
7  0.335679  0.546584
8  0.325315  0.633735
9  0.335030  0.548030
10  0.319860  0.598496
11  0.330826  0.629191
12  0.323590  0.526272
13  0.322699  0.520544
14  0.320083  0.553198
15  0.323097  0.565652
16  0.317144  0.630422
17  0.300871  0.531201
18  0.306188  0.432787
19  0.294179  0.392721
20  0.317137  0.630283
21  0.294102  0.392440
22  0.306154  0.432529
23  0.321764  0.552247
24  0.321996  0.552806
25  0.333322  0.536249
26  0.333452  0.536669
27  0.336618  0.604772
28  0.323141  0.524089
29  0.323279  0.524528
30  0.336377  0.604086
1 2  0.601093  1.114060
1 3  0.617353  1.012231
1 4  0.605193  0.985970
1 5  0.620002  1.039723
1 6  0.606877  0.996134
1 7  0.653363  1.161468
1 8  0.628980  1.175292
1 9  0.635710  1.097727
1 10  0.637333  1.214645
1 11  0.617920  1.220810
1 12  0.641529  1.142444
1 13  0.632958  1.098463
1 14  0.636652  1.140560
1 15  0.631822  1.178184
1 16  0.370724  1.096490
1 17  0.617506  1.140370
1 18  0.623236  1.052551
1 19  0.612011  1.012720
1 20  0.626414  1.245101
1 21  0.611781  1.011778
1 22  0.623330  1.052096
1 23  0.639025  1.170951
1 24  0.626728  1.153878
1 25  0.650142  1.153072
1 26  0.645794  1.156187
1 27  0.621405  1.183235
1 28  0.640066  1.143074
1 29  0.636753  1.143072
1 30  0.654002  1.218516
2 3  0.586041  0.915848
2 4  0.573447  0.875478
2 5  0.586256  0.908371
2 6  0.573434  0.875879
2 7  0.618213  1.024042
2 8  0.608530  1.131627
2 9  0.618876  1.036730
2 10  0.581306  1.024391
2 11  0.589036  1.038902
2 12  0.606634  1.000064
2 13  0.607047  1.020322
2 14  0.602528  1.039960
2 15  0.605468  1.036823
2 16  0.600747  1.120804
2 17  0.278744  0.818153
2 18  0.590609  0.932769
2 19  0.577956  0.893397
2 20  0.601111  1.122512
2 21  0.578102  0.893207
2 22  0.590670  0.932811
2 23  0.601763  1.051566
2 24  0.601704  1.052181
2 25  0.617436  1.035455
2 26  0.617390  1.035321
2 27  0.598811  1.101098
2 28  0.607643  1.023473
2 29  0.607670  1.023267
2 30  0.597605  1.100038
3 4  0.546873  0.759578
3 5  0.603508  0.836983
3 6  0.590493  0.795662
3 7  0.637195  0.962482
3 8  0.626614  1.039441
3 9  0.628119  0.937369
3 10  0.621356  1.014348
3 11  0.631023  1.039465
3 12  0.625112  0.942076
3 13  0.598585  0.885411
3 14  0.621589  0.963670
3 15  0.621707  0.978590
3 16  0.617621  1.046518
3 17  0.602253  0.946818
3 18  0.300596  0.593699
3 19  0.550811  0.777932
3 20  0.618015  1.046179
3 21  0.595517  0.808936
3 22  0.607505  0.848997
3 23  0.623252  0.968472
3 24  0.617528  0.959449
3 25  0.634592  0.952353
3 26  0.631089  0.951513
3 27  0.637687  1.019358
3 28  0.624481  0.940410
3 29  0.597704  0.927307
3 30  0.637863  1.020037
4 5  0.591069  0.801496
4 6  0.578055  0.761488
4 7  0.624755  0.927716
4 8  0.614277  1.011676
4 9  0.604780  0.887872
4 10  0.608908  0.976935
4 11  0.617715  0.994162
4 12  0.612672  0.905360
4 13  0.604901  0.895989
4 14  0.609147  0.929785
4 15  0.606346  0.939647
4 16  0.605996  1.011877
4 17  0.589158  0.912716
4 18  0.550436  0.783192
4 19  0.291602  0.525573
4 20  0.606044  1.011291
4 21  0.583101  0.774198
4 22  0.595142  0.814279
4 23  0.610843  0.933825
4 24  0.604710  0.928932
4 25  0.622250  0.917557
4 26  0.613200  0.915406
4 27  0.624383  0.986250
4 28  0.612155  0.905766
4 29  0.601548  0.894878
4 30  0.625280  0.985483
5 6  0.547245  0.760886
5 7  0.629122  0.938991
5 8  0.625973  1.048138
5 9  0.637008  0.967382
5 10  0.619603  0.994100
5 11  0.632767  1.039112
5 12  0.599775  0.892949
5 13  0.624682  0.940174
5 14  0.619154  0.969646
5 15  0.625071  0.979065
5 16  0.619065  1.049643
5 17  0.601418  0.951260
5 18  0.608098  0.853020
5 19  0.596070  0.812979
5 20  0.618805  1.049502
5 21  0.306763  0.569750
5 22  0.556652  0.812977
5 23  0.616759  0.967933
5 24  0.623937  0.972732
5 25  0.626184  0.953285
5 26  0.635307  0.956380
5 27  0.638258  1.024459
5 28  0.613760  0.928946
5 29  0.625227  0.944663
5 30  0.636317  1.024090
6 7  0.605357  0.884798
6 8  0.612103  0.997536
6 9  0.623973  0.927048
6 10  0.606826  0.961717
6 11  0.619751  1.004961
6 12  0.605599  0.899093
6 13  0.611654  0.897689
6 14  0.603378  0.925839
6 15  0.612031  0.939512
6 16  0.605749  1.009390
6 17  0.589445  0.910275
6 18  0.595044  0.812260
6 19  0.583059  0.772212
6 20  0.605684  1.009588
6 21  0.544244  0.747139
6 22  0.304183  0.567103
6 23  0.606107  0.924275
6 24  0.610966  0.932106
6 25  0.620501  0.915589
6 26  0.622231  0.915795
6 27  0.625474  0.983824
6 28  0.585462  0.884790
6 29  0.612140  0.903923
6 30  0.624896  0.983068
7 8  0.652630  1.147961
7 9  0.670656  1.093229
7 10  0.637717  1.074343
7 11  0.666100  1.157327
7 12  0.624829  1.035916
7 13  0.658352  1.062999
7 14  0.630629  1.090956
7 15  0.658643  1.095471
7 16  0.652452  1.173477
7 17  0.634489  1.076042
7 18  0.641694  0.978620
7 19  0.629676  0.938716
7 20  0.651464  1.175102
7 21  0.627653  0.938665
7 22  0.632342  0.975194
7 23  0.596809  1.027897
7 24  0.657626  1.098177
7 25  0.624767  1.070633
7 26  0.668845  1.081055
7 27  0.671667  1.149233
7 28  0.538823  0.979280
7 29  0.658850  1.070046
7 30  0.666251  1.148900
8 9  0.658872  1.160399
8 10  0.614258  1.202944
8 11  0.655488  1.258948
8 12  0.644917  1.155850
8 13  0.647016  1.129554
8 14  0.621762  1.128879
8 15  0.647076  1.181471
8 16  0.631020  1.259615
8 17  0.624053  1.152020
8 18  0.630784  1.065797
8 19  0.619277  1.025826
8 20  0.392088  1.130695
8 21  0.618850  1.025164
8 22  0.629518  1.065756
8 23  0.634403  1.167420
8 24  0.645971  1.184555
8 25  0.653240  1.167916
8 26  0.657542  1.168390
8 27  0.661359  1.234279
8 28  0.643050  1.156702
8 29  0.647230  1.156720
8 30  0.624244  1.177688
9 10  0.654802  1.141682
9 11  0.657517  1.142894
9 12  0.658613  1.069389
9 13  0.623362  1.033079
9 14  0.654931  1.084892
9 15  0.632214  1.103723
9 16  0.646248  1.177177
9 17  0.635240  1.076263
9 18  0.636660  0.978488
9 19  0.619551  0.937325
9 20  0.651118  1.175144
9 21  0.628938  0.939784
9 22  0.640896  0.979956
9 23  0.656767  1.099156
9 24  0.626336  1.068916
9 25  0.667952  1.081810
9 26  0.421597  0.904426
9 27  0.668092  1.148744
9 28  0.657913  1.071273
9 29  0.621582  1.050028
9 30  0.671295  1.149820
10 11  0.648310  1.179567
10 12  0.635635  1.083291
10 13  0.642509  1.115943
10 14  0.630485  1.144769
10 15  0.642608  1.137466
10 16  0.636681  1.221883
10 17  0.602272  1.123663
10 18  0.625887  1.030220
10 19  0.613717  0.990514
10 20  0.608692  1.200721
10 21  0.613562  0.990603
10 22  0.625712  1.030047
10 23  0.614699  1.122291
10 24  0.641102  1.149380
10 25  0.652052  1.133853
10 26  0.653010  1.132171
10 27  0.652806  1.200082
10 28  0.640470  1.116231
10 29  0.643107  1.121414
10 30  0.405874  1.060240
11 12  0.654245  1.133819
11 13  0.649662  1.145617
11 14  0.650740  1.170163
11 15  0.630157  1.133902
11 16  0.615923  1.216468
11 17  0.607041  1.154579
11 18  0.636487  1.059326
11 19  0.623656  1.021400
11 20  0.647512  1.253294
11 21  0.624748  1.021010
11 22  0.636942  1.060864
11 23  0.651498  1.179014
11 24  0.627291  1.165263
11 25  0.664012  1.163229
11 26  0.661131  1.161893
11 27  0.394928  1.087185
11 28  0.653955  1.151914
11 29  0.650493  1.143382
11 30  0.662579  1.229494
12 13  0.646285  1.046099
12 14  0.618143  1.044674
12 15  0.646660  1.082808
12 16  0.640664  1.154496
12 17  0.622082  1.056660
12 18  0.629749  0.958692
12 19  0.617693  0.918678
12 20  0.637844  1.149431
12 21  0.590500  0.898221
12 22  0.617479  0.941153
12 23  0.616266  1.069727
12 24  0.645366  1.077985
12 25  0.538467  0.973249
12 26  0.656993  1.061794
12 27  0.659624  1.129371
12 28  0.598737  1.005974
12 29  0.646867  1.050223
12 30  0.654482  1.129283
13 14  0.642677  1.065366
13 15  0.620191  1.051701
13 16  0.635573  1.149486
13 17  0.623212  1.049150
13 18  0.600662  0.938787
13 19  0.605522  0.900202
13 20  0.638707  1.149435
13 21  0.616695  0.912743
13 22  0.628621  0.952723
13 23  0.644320  1.071957
13 24  0.612857  1.043835
13 25  0.655751  1.056029
13 26  0.620007  1.035084
13 27  0.655324  1.115260
13 28  0.645580  1.043882
13 29  0.424454  0.891884
13 30  0.659054  1.123388
14 15  0.643079  1.117289
14 16  0.635025  1.181653
14 17  0.618247  1.081586
14 18  0.626184  0.985476
14 19  0.614259  0.945582
14 20  0.610552  1.156679
14 21  0.609451  0.937553
14 22  0.619986  0.980957
14 23  0.569001  1.074085
14 24  0.641377  1.104643
14 25  0.593188  1.019480
14 26  0.653391  1.088879
14 27  0.656137  1.156328
14 28  0.614900  1.068394
14 29  0.643052  1.076743
14 30  0.643140  1.137274
15 16  0.627182  1.177609
15 17  0.618354  1.094693
15 18  0.623064  0.988063
15 19  0.611441  0.952252
15 20  0.639314  1.194093
15 21  0.617197  0.957669
15 22  0.629182  0.997613
15 23  0.644292  1.116289
15 24  0.442515  1.000712
15 25  0.656380  1.100739
15 26  0.626729  1.071463
15 27  0.632977  1.151222
15 28  0.646093  1.088776
15 29  0.614372  1.061770
15 30  0.658442  1.167355
16 17  0.616082  1.155552
16 18  0.620886  1.034786
16 19  0.609032  1.006168
16 20  0.619660  1.179775
16 21  0.611090  1.019370
16 22  0.623022  1.050903
16 23  0.637613  1.159600
16 24  0.629978  1.172259
16 25  0.648957  1.148016
16 26  0.632622  1.098775
16 27  0.620299  1.206788
16 28  0.639256  1.127555
16 29  0.632389  1.105973
16 30  0.652749  1.229955
17 18  0.606904  0.961979
17 19  0.594727  0.915603
17 20  0.616079  1.155430
17 21  0.594649  0.915335
17 22  0.606870  0.961725
17 23  0.619838  1.053200
17 24  0.620072  1.053698
17 25  0.633346  1.054872
17 26  0.633477  1.055291
17 27  0.607635  1.045437
17 28  0.623657  1.053906
17 29  0.623795  1.054342
17 30  0.607397  1.044823
18 19  0.554807  0.784905
18 20  0.623049  1.051002
18 21  0.600287  0.824768
18 22  0.612336  0.862977
18 23  0.627903  0.979130
18 24  0.624634  0.981060
18 25  0.639469  0.966266
18 26  0.631426  0.941217
18 27  0.641246  1.030720
18 28  0.629304  0.951462
18 29  0.603166  0.900584
18 30  0.642515  1.035474
19 20  0.611160  1.019501
19 21  0.588280  0.784987
19 22  0.600331  0.824789
19 23  0.615915  0.938587
19 24  0.609609  0.936987
19 25  0.627486  0.928552
19 26  0.606316  0.884418
19 27  0.628243  0.979413
19 28  0.617312  0.914775
19 29  0.610303  0.909970
19 30  0.630502  0.991966
20 21  0.608953  1.005798
20 22  0.620847  1.034426
20 23  0.629714  1.171499
20 24  0.637841  1.160064
20 25  0.632495  1.098343
20 26  0.649078  1.148243
20 27  0.652983  1.230499
20 28  0.632237  1.105377
20 29  0.639386  1.127823
20 30  0.620054  1.206031
21 22  0.554728  0.784409
21 23  0.609308  0.936177
21 24  0.616070  0.938874
21 25  0.606088  0.883749
21 26  0.627538  0.928691
21 27  0.630666  0.992373
21 28  0.610105  0.909247
21 29  0.617373  0.914933
21 30  0.627924  0.978488
22 23  0.624369  0.980228
22 24  0.628102  0.979439
22 25  0.631270  0.940599
22 26  0.639565  0.966425
22 27  0.642722  1.035902
22 28  0.602985  0.899905
22 29  0.629409  0.951640
22 30  0.640974  1.029792
23 24  0.643632  1.102978
23 25  0.628420  1.077736
23 26  0.655003  1.073844
23 27  0.658231  1.138051
23 28  0.621198  1.042730
23 29  0.644850  1.070387
23 30  0.634865  1.102649
24 25  0.655106  1.073996
24 26  0.628735  1.078693
24 27  0.635313  1.103701
24 28  0.644945  1.070505
24 29  0.621546  1.043695
24 30  0.658222  1.137919
25 26  0.666584  1.069679
25 27  0.669785  1.133924
25 28  0.621152  1.022598
25 29  0.656467  1.052442
25 30  0.661110  1.105887
26 27  0.661482  1.106962
26 28  0.656458  1.052421
26 29  0.621467  1.023470
26 30  0.669673  1.133667
27 28  0.659650  1.127101
27 29  0.655277  1.124927
27 30  0.670815  1.165934
28 29  0.646305  1.038282
28 30  0.654890  1.123794
29 30  0.659547  1.126854
