   -993.87578371
   -994.18566296     -994.05087830
0.00004688107743
2 2 2 2 2 2 2 2 2 2 2 2 2 0 0 0 0 0 0 0 0 0 0 0 0 0 
1  0.265816  0.498832
2  0.265614  0.496811
3  0.270732  0.479316
4  0.270773  0.479138
5  0.277873  0.412181
6  0.274700  0.410377
7  0.274858  0.409714
8  0.278219  0.411149
9  0.299414  0.720321
10  0.298839  0.680097
11  0.298933  0.718919
12  0.298828  0.532272
13  0.298965  0.534483
14  0.271649  0.501997
15  0.271152  0.498921
16  0.279992  0.396437
17  0.277164  0.419317
18  0.277199  0.417967
19  0.280285  0.396043
20  0.299886  0.533560
21  0.301014  0.732281
22  0.299919  0.531042
23  0.273526  0.471238
24  0.273487  0.470926
25  0.299855  0.683822
26  0.301832  0.734138
1 2  0.531336  0.973408
1 3  0.536033  0.969431
1 4  0.536407  0.975463
1 5  0.537551  0.881451
1 6  0.536182  0.896957
1 7  0.540646  0.906552
1 8  0.544022  0.902481
1 9  0.538891  1.178426
1 10  0.562364  1.127752
1 11  0.563660  1.202112
1 12  0.564605  1.022862
1 13  0.544426  1.009451
1 14  0.259743  0.807482
1 15  0.536655  0.995657
1 16  0.542319  0.894349
1 17  0.541926  0.912937
1 18  0.543012  0.916146
1 19  0.546089  0.894251
1 20  0.538592  0.999525
1 21  0.566519  1.223649
1 22  0.565656  1.028576
1 23  0.538887  0.968168
1 24  0.537687  0.968670
1 25  0.563232  1.179206
1 26  0.534924  1.197611
2 3  0.536166  0.973469
2 4  0.535887  0.967635
2 5  0.543473  0.901446
2 6  0.540286  0.905160
2 7  0.536174  0.894526
2 8  0.537685  0.878746
2 9  0.563942  1.201459
2 10  0.562168  1.125872
2 11  0.538422  1.175585
2 12  0.543980  1.005252
2 13  0.564540  1.023078
2 14  0.536947  0.996697
2 15  0.259100  0.801632
2 16  0.545594  0.892623
2 17  0.542775  0.915474
2 18  0.541752  0.909637
2 19  0.542391  0.891938
2 20  0.565418  1.029068
2 21  0.533933  1.193812
2 22  0.538464  0.995236
2 23  0.537534  0.966968
2 24  0.538632  0.965832
2 25  0.563051  1.177235
2 26  0.567141  1.223536
3 4  0.497447  0.927324
3 5  0.548517  0.885052
3 6  0.545342  0.880793
3 7  0.545522  0.883727
3 8  0.548877  0.889800
3 9  0.566579  1.144410
3 10  0.539054  1.133460
3 11  0.567624  1.175349
3 12  0.569449  0.994748
3 13  0.569616  1.011016
3 14  0.540784  0.980168
3 15  0.541580  0.975931
3 16  0.550465  0.875354
3 17  0.547890  0.898055
3 18  0.547868  0.896705
3 19  0.551003  0.874956
3 20  0.570184  1.011757
3 21  0.571299  1.206217
3 22  0.570195  1.009209
3 23  0.495105  0.905189
3 24  0.272302  0.761799
3 25  0.531394  1.115201
3 26  0.570538  1.209918
4 5  0.548571  0.890632
4 6  0.545406  0.884100
4 7  0.545541  0.879999
4 8  0.548907  0.884031
4 9  0.568118  1.175916
4 10  0.539250  1.133920
4 11  0.566162  1.143059
4 12  0.569521  1.008506
4 13  0.569630  0.996953
4 14  0.542095  0.978818
4 15  0.540390  0.976923
4 16  0.550748  0.875169
4 17  0.547879  0.897863
4 18  0.547966  0.896530
4 19  0.550815  0.874788
4 20  0.570200  1.011529
4 21  0.569823  1.207894
4 22  0.570259  1.009088
4 23  0.271836  0.761449
4 24  0.495328  0.905350
4 25  0.531237  1.114140
4 26  0.572160  1.208043
5 6  0.506367  0.788259
5 7  0.552728  0.821652
5 8  0.556092  0.821108
5 9  0.574494  1.111474
5 10  0.576546  1.075227
5 11  0.576742  1.129029
5 12  0.576687  0.939061
5 13  0.547627  0.925254
5 14  0.545369  0.913030
5 15  0.549013  0.910336
5 16  0.275867  0.585962
5 17  0.502853  0.781243
5 18  0.555049  0.829941
5 19  0.558146  0.808014
5 20  0.539862  0.903542
5 21  0.578593  1.141867
5 22  0.577778  0.942652
5 23  0.551390  0.882934
5 24  0.551104  0.882639
5 25  0.576854  1.094544
5 26  0.578885  1.144491
6 7  0.549549  0.818740
6 8  0.552916  0.821283
6 9  0.569570  1.092628
6 10  0.573463  1.087087
6 11  0.573346  1.121923
6 12  0.573490  0.935905
6 13  0.544745  0.921549
6 14  0.545126  0.908337
6 15  0.545850  0.908674
6 16  0.503563  0.763000
6 17  0.275094  0.615828
6 18  0.551777  0.828131
6 19  0.554949  0.806263
6 20  0.536337  0.898469
6 21  0.574657  1.140451
6 22  0.574454  0.940792
6 23  0.548134  0.881133
6 24  0.548159  0.880771
6 25  0.574080  1.092238
6 26  0.575102  1.143265
7 8  0.506823  0.786518
7 9  0.573983  1.122653
7 10  0.573620  1.086431
7 11  0.569269  1.090877
7 12  0.544765  0.918542
7 13  0.573784  0.937467
7 14  0.546504  0.911081
7 15  0.544794  0.904609
7 16  0.554813  0.805993
7 17  0.551898  0.828816
7 18  0.275019  0.613256
7 19  0.503840  0.761632
7 20  0.574581  0.942642
7 21  0.574436  1.140771
7 22  0.536538  0.895433
7 23  0.548355  0.880424
7 24  0.548255  0.880164
7 25  0.574244  1.091581
7 26  0.575629  1.141655
8 9  0.577569  1.129432
8 10  0.576892  1.074279
8 11  0.574380  1.109217
8 12  0.547752  0.922062
8 13  0.577170  0.940244
8 14  0.549856  0.912378
8 15  0.545203  0.908916
8 16  0.558199  0.807376
8 17  0.555361  0.830259
8 18  0.503209  0.779023
8 19  0.276107  0.583903
8 20  0.578091  0.944137
8 21  0.578421  1.141651
8 22  0.540020  0.899800
8 23  0.551490  0.881926
8 24  0.551697  0.881598
8 25  0.577208  1.093538
8 26  0.579755  1.142707
9 10  0.587481  1.361886
9 11  0.586390  1.395446
9 12  0.596736  1.206575
9 13  0.585324  1.237504
9 14  0.537985  1.188342
9 15  0.570221  1.211646
9 16  0.578654  1.115577
9 17  0.574745  1.138329
9 18  0.575604  1.136318
9 19  0.579346  1.114324
9 20  0.578236  1.223165
9 21  0.583344  1.395203
9 22  0.598313  1.247041
9 23  0.572475  1.186471
9 24  0.570939  1.188181
9 25  0.583348  1.359319
9 26  0.362259  1.371125
10 11  0.586960  1.360032
10 12  0.597058  1.190084
10 13  0.597195  1.191948
10 14  0.567852  1.178952
10 15  0.567364  1.175940
10 16  0.578117  1.075181
10 17  0.575709  1.097232
10 18  0.575742  1.095912
10 19  0.578412  1.074805
10 20  0.598532  1.210945
10 21  0.583828  1.367139
10 22  0.598564  1.208490
10 23  0.532392  1.106467
10 24  0.532150  1.105538
10 25  0.368679  1.279610
10 26  0.584523  1.368621
11 12  0.584742  1.233971
11 13  0.596392  1.207172
11 14  0.570231  1.213227
11 15  0.537197  1.184312
11 16  0.578572  1.113302
11 17  0.575081  1.136253
11 18  0.574332  1.135604
11 19  0.578470  1.113792
11 20  0.597785  1.248089
11 21  0.361393  1.367587
11 22  0.577819  1.219527
11 23  0.570474  1.187126
11 24  0.571947  1.184820
11 25  0.583009  1.358068
11 26  0.583577  1.395455
12 13  0.597687  1.064325
12 14  0.570414  1.032965
12 15  0.542906  0.995727
12 16  0.578787  0.928230
12 17  0.575782  0.950925
12 18  0.538371  0.909093
12 19  0.539279  0.882521
12 20  0.598307  1.064496
12 21  0.578926  1.234539
12 22  0.368808  0.934030
12 23  0.571993  1.002447
12 24  0.571765  1.002112
12 25  0.598544  1.213544
12 26  0.599425  1.261946
13 14  0.543545  1.000751
13 15  0.570057  1.032095
13 16  0.539116  0.884998
13 17  0.538464  0.912769
13 18  0.575956  0.951786
13 19  0.579219  0.930042
13 20  0.368811  0.939437
13 21  0.598746  1.262242
13 22  0.598468  1.064193
13 23  0.571945  1.004615
13 24  0.572088  1.004344
13 25  0.598679  1.215726
13 26  0.579753  1.238099
14 15  0.542729  0.981493
14 16  0.544939  0.871484
14 17  0.543401  0.911307
14 18  0.548811  0.918952
14 19  0.551917  0.892926
14 20  0.549249  1.012452
14 21  0.570997  1.221037
14 22  0.571520  1.024931
14 23  0.544891  0.970878
14 24  0.544492  0.962564
14 25  0.568807  1.134279
14 26  0.546575  1.192265
15 16  0.551127  0.890287
15 17  0.548279  0.917253
15 18  0.542957  0.906902
15 19  0.544731  0.868263
15 20  0.570991  1.024302
15 21  0.545537  1.187787
15 22  0.548746  1.007062
15 23  0.544017  0.959678
15 24  0.544345  0.967591
15 25  0.568266  1.131563
15 26  0.571365  1.220129
16 17  0.510437  0.783717
16 18  0.557183  0.814160
16 19  0.560273  0.791396
16 20  0.551028  0.910885
16 21  0.580876  1.127401
16 22  0.579887  0.922906
16 23  0.553473  0.867192
16 24  0.553426  0.861839
16 25  0.579703  1.066978
16 26  0.578116  1.109960
17 18  0.554348  0.834618
17 19  0.557442  0.815106
17 20  0.547668  0.921923
17 21  0.577759  1.138984
17 22  0.577034  0.943844
17 23  0.550648  0.884416
17 24  0.550592  0.882636
17 25  0.576939  1.101210
17 26  0.574143  1.113594
18 19  0.510712  0.781824
18 20  0.577035  0.944961
18 21  0.573406  1.110813
18 22  0.547755  0.918353
18 23  0.550663  0.881590
18 24  0.550642  0.882791
18 25  0.576975  1.099828
18 26  0.578608  1.139664
19 20  0.580148  0.924979
19 21  0.577668  1.108015
19 22  0.551221  0.907817
19 23  0.553757  0.861723
19 24  0.553726  0.866485
19 25  0.579990  1.066543
19 26  0.581982  1.128875
20 21  0.599045  1.215815
20 22  0.599684  1.061612
20 23  0.573285  0.988385
20 24  0.573263  1.002155
20 25  0.598781  1.194756
20 26  0.589599  1.247531
21 22  0.588826  1.243355
21 23  0.570316  1.146742
21 24  0.571531  1.180358
21 25  0.589806  1.376498
21 26  0.590049  1.412158
22 23  0.573334  0.999997
22 24  0.573279  0.985754
22 25  0.598817  1.192633
22 26  0.599904  1.215662
23 24  0.502754  0.914433
23 25  0.543020  1.126605
23 26  0.572447  1.182779
24 25  0.542902  1.126539
24 26  0.571132  1.148404
25 26  0.590630  1.378568
