   -993.87578371
   -994.18589567     -994.05148787
0.00003338045424
2 2 2 2 2 2 2 2 2 2 2 2 2 0 0 0 0 0 0 0 0 0 0 0 0 0 
1  0.266311  0.500294
2  0.266133  0.498302
3  0.271549  0.480106
4  0.271603  0.479873
5  0.278069  0.412600
6  0.274896  0.410779
7  0.275067  0.410021
8  0.278425  0.411575
9  0.300595  0.722169
10  0.299644  0.679702
11  0.300173  0.720679
12  0.299297  0.532774
13  0.299429  0.535117
14  0.272189  0.503492
15  0.271715  0.500316
16  0.280203  0.396920
17  0.277379  0.419743
18  0.277414  0.418308
19  0.280494  0.396397
20  0.300339  0.534257
21  0.302216  0.734076
22  0.300387  0.531616
23  0.274355  0.471945
24  0.274326  0.471654
25  0.300635  0.683353
26  0.302977  0.735920
1 2  0.532350  0.976030
1 3  0.537340  0.971735
1 4  0.537727  0.977682
1 5  0.538239  0.883212
1 6  0.536871  0.898752
1 7  0.541348  0.908260
1 8  0.544722  0.904212
1 9  0.540577  1.181591
1 10  0.563631  1.128666
1 11  0.565348  1.205124
1 12  0.565566  1.024804
1 13  0.545372  1.011497
1 14  0.260605  0.810591
1 15  0.537691  0.998511
1 16  0.543022  0.896298
1 17  0.542634  0.914873
1 18  0.543721  0.917939
1 19  0.546794  0.896053
1 20  0.539549  1.001906
1 21  0.568209  1.226869
1 22  0.566612  1.030628
1 23  0.540201  0.970334
1 24  0.539016  0.970875
1 25  0.564484  1.180228
1 26  0.536574  1.200936
2 3  0.537500  0.975767
2 4  0.537229  0.969914
2 5  0.544189  0.903204
2 6  0.541000  0.906994
2 7  0.536900  0.896255
2 8  0.538406  0.880534
2 9  0.565599  1.204579
2 10  0.563454  1.126797
2 11  0.540172  1.178702
2 12  0.544955  1.007185
2 13  0.565522  1.025176
2 14  0.537985  0.999676
2 15  0.259997  0.804657
2 16  0.546326  0.894580
2 17  0.543509  0.917378
2 18  0.542487  0.911517
2 19  0.543117  0.893786
2 20  0.566385  1.031266
2 21  0.535651  1.197175
2 22  0.539464  0.997531
2 23  0.538879  0.969177
2 24  0.539984  0.968043
2 25  0.564331  1.178285
2 26  0.568798  1.226760
3 4  0.498765  0.928475
3 5  0.549529  0.886255
3 6  0.546354  0.881926
3 7  0.546548  0.884784
3 8  0.549896  0.891006
3 9  0.568551  1.147183
3 10  0.540649  1.133961
3 11  0.569644  1.177841
3 12  0.570734  0.996008
3 13  0.570895  1.012446
3 14  0.542141  0.982465
3 15  0.542958  0.978096
3 16  0.551490  0.876632
3 17  0.548921  0.899276
3 18  0.548898  0.897844
3 19  0.552027  0.876100
3 20  0.571449  1.013256
3 21  0.573304  1.208883
3 22  0.571464  1.010601
3 23  0.496487  0.906664
3 24  0.273769  0.762319
3 25  0.532923  1.115760
3 26  0.572484  1.212556
4 5  0.549592  0.891776
4 6  0.546430  0.885193
4 7  0.546579  0.880992
4 8  0.549940  0.885190
4 9  0.570090  1.178455
4 10  0.540851  1.134388
4 11  0.568202  1.145727
4 12  0.570817  1.009752
4 13  0.570922  0.998292
4 14  0.543463  0.981028
4 15  0.541781  0.979066
4 16  0.551787  0.876389
4 17  0.548920  0.899035
4 18  0.549011  0.897614
4 19  0.551850  0.875884
4 20  0.571468  1.012993
4 21  0.571834  1.210494
4 22  0.571552  1.010412
4 23  0.273326  0.761881
4 24  0.496736  0.906783
4 25  0.532780  1.114659
4 26  0.574121  1.210645
5 6  0.506743  0.789081
5 7  0.553132  0.822376
5 8  0.556494  0.821884
5 9  0.575859  1.113608
5 10  0.577550  1.075169
5 11  0.578176  1.131193
5 12  0.577350  0.939893
5 13  0.548310  0.926340
5 14  0.546103  0.914947
5 15  0.549773  0.912138
5 16  0.276245  0.586832
5 17  0.503265  0.782442
5 18  0.555459  0.830700
5 19  0.558550  0.808781
5 20  0.540529  0.904947
5 21  0.579987  1.144041
5 22  0.578443  0.943647
5 23  0.552415  0.884064
5 24  0.552135  0.883792
5 25  0.577813  1.094519
5 26  0.580221  1.146687
6 7  0.549953  0.819426
6 8  0.553317  0.822109
6 9  0.570935  1.094628
6 10  0.574462  1.087082
6 11  0.574778  1.124024
6 12  0.574152  0.936634
6 13  0.545411  0.922633
6 14  0.545861  0.910280
6 15  0.546608  0.910457
6 16  0.503979  0.764185
6 17  0.275477  0.616552
6 18  0.552184  0.828878
6 19  0.555352  0.807017
6 20  0.537000  0.899885
6 21  0.576029  1.142618
6 22  0.575117  0.941768
6 23  0.549158  0.882247
6 24  0.549194  0.881905
6 25  0.575043  1.092170
6 26  0.576438  1.145464
7 8  0.507219  0.787248
7 9  0.575370  1.124757
7 10  0.574633  1.086333
7 11  0.570706  1.092721
7 12  0.545451  0.919420
7 13  0.574455  0.938237
7 14  0.547253  0.912871
7 15  0.545564  0.906367
7 16  0.555231  0.806782
7 17  0.552318  0.829554
7 18  0.275418  0.613773
7 19  0.504264  0.762594
7 20  0.575236  0.943645
7 21  0.575842  1.142889
7 22  0.537229  0.896639
7 23  0.549394  0.881442
7 24  0.549302  0.881206
7 25  0.575222  1.091423
7 26  0.576954  1.143714
8 9  0.578955  1.131688
8 10  0.577906  1.074233
8 11  0.575812  1.111275
8 12  0.548450  0.923012
8 13  0.577838  0.941210
8 14  0.550603  0.914286
8 15  0.545967  0.910741
8 16  0.558614  0.808279
8 17  0.555779  0.831111
8 18  0.503628  0.780150
8 19  0.276492  0.584627
8 20  0.578749  0.945262
8 21  0.579822  1.143865
8 22  0.540712  0.901090
8 23  0.552521  0.883065
8 24  0.552741  0.882754
8 25  0.578182  1.093518
8 26  0.581101  1.144873
9 10  0.589392  1.363292
9 11  0.588586  1.398575
9 12  0.598332  1.208386
9 13  0.586933  1.239853
9 14  0.539707  1.191732
9 15  0.571955  1.214830
9 16  0.580043  1.117902
9 17  0.576132  1.140613
9 18  0.576973  1.138497
9 19  0.580735  1.116484
9 20  0.579844  1.225685
9 21  0.585545  1.398705
9 22  0.599939  1.249485
9 23  0.574468  1.189098
9 24  0.572943  1.190829
9 25  0.585262  1.360937
9 26  0.364273  1.375008
10 11  0.588934  1.361381
10 12  0.598309  1.190158
10 13  0.598442  1.192146
10 14  0.569172  1.180083
10 15  0.568705  1.176973
10 16  0.579116  1.075300
10 17  0.576727  1.097274
10 18  0.576763  1.095867
10 19  0.579409  1.074787
10 20  0.599783  1.211284
10 21  0.585776  1.368793
10 22  0.599830  1.208703
10 23  0.533959  1.107018
10 24  0.533731  1.106085
10 25  0.370319  1.278350
10 26  0.586430  1.370291
11 12  0.586414  1.236118
11 13  0.598046  1.209012
11 14  0.572001  1.216426
11 15  0.538992  1.187505
11 16  0.580021  1.115493
11 17  0.576505  1.138428
11 18  0.575779  1.137718
11 19  0.579916  1.115903
11 20  0.599460  1.250564
11 21  0.363481  1.371384
11 22  0.579492  1.221858
11 23  0.572526  1.189661
11 24  0.574009  1.187386
11 25  0.584978  1.359609
11 26  0.585784  1.398917
12 13  0.598619  1.065417
12 14  0.571419  1.034975
12 15  0.543953  0.997902
12 16  0.579468  0.929213
12 17  0.576457  0.951851
12 18  0.539073  0.910211
12 19  0.539970  0.883676
12 20  0.599196  1.065724
12 21  0.580564  1.236834
12 22  0.369719  0.935140
12 23  0.573287  1.003668
12 24  0.573064  1.003371
12 25  0.599788  1.213616
12 26  0.601021  1.264256
13 14  0.544567  1.003131
13 15  0.571079  1.034141
13 16  0.539802  0.886404
13 17  0.539160  0.914092
13 18  0.576623  0.952759
13 19  0.579891  0.931029
13 20  0.369703  0.940844
13 21  0.600398  1.264697
13 22  0.599377  1.065431
13 23  0.573232  1.005983
13 24  0.573387  1.005717
13 25  0.599918  1.215931
13 26  0.581332  1.240508
14 15  0.543829  0.984088
14 16  0.545689  0.873349
14 17  0.544153  0.913187
14 18  0.549565  0.920761
14 19  0.552665  0.894662
14 20  0.550236  1.014604
14 21  0.572676  1.224128
14 22  0.572527  1.026976
14 23  0.546254  0.973093
14 24  0.545863  0.964823
14 25  0.570090  1.135169
14 26  0.548250  1.195381
15 16  0.551900  0.892039
15 17  0.549056  0.919047
15 18  0.543732  0.908607
15 19  0.545503  0.869935
15 20  0.572004  1.026350
15 21  0.547271  1.190811
15 22  0.549771  1.009011
15 23  0.545399  0.961811
15 24  0.545742  0.969727
15 25  0.569570  1.132348
15 26  0.573014  1.223113
16 17  0.510855  0.784644
16 18  0.557608  0.814987
16 19  0.560694  0.792191
16 20  0.551718  0.912103
16 21  0.582286  1.129665
16 22  0.580565  0.923865
16 23  0.554512  0.868388
16 24  0.554477  0.863029
16 25  0.580694  1.066883
16 26  0.579452  1.112052
17 18  0.554775  0.835326
17 19  0.557864  0.815890
17 20  0.548342  0.923069
17 21  0.579165  1.141082
17 22  0.577713  0.944665
17 23  0.551692  0.885523
17 24  0.551642  0.883721
17 25  0.577933  1.101174
17 26  0.575487  1.115514
18 19  0.511125  0.782536
18 20  0.577700  0.945815
18 21  0.574807  1.112681
18 22  0.548447  0.919279
18 23  0.551704  0.882573
18 24  0.551697  0.883835
18 25  0.577969  1.099708
18 26  0.579960  1.141659
19 20  0.580807  0.925936
19 21  0.579060  1.110003
19 22  0.551924  0.908794
19 23  0.554795  0.862765
19 24  0.554772  0.867574
19 25  0.580978  1.066345
19 26  0.583334  1.131000
20 21  0.600651  1.217738
20 22  0.600600  1.062831
20 23  0.574564  0.989772
20 24  0.574550  1.003587
20 25  0.599985  1.194938
20 26  0.591166  1.249861
21 22  0.590465  1.245580
21 23  0.572309  1.149390
21 24  0.573527  1.182860
21 25  0.591721  1.377828
21 26  0.592193  1.415226
22 23  0.574628  1.001287
22 24  0.574584  0.987054
22 25  0.600039  1.192711
22 26  0.601468  1.217474
23 24  0.504111  0.915549
23 25  0.544599  1.126966
23 26  0.574377  1.185231
24 25  0.544494  1.126924
24 26  0.573080  1.151077
25 26  0.592489  1.379905
