   -993.87578371
   -994.18636750     -994.05273390
0.00000725167202
2 2 2 2 2 2 2 2 2 2 2 2 2 0 0 0 0 0 0 0 0 0 0 0 0 0 
1  0.267350  0.503503
2  0.267182  0.501607
3  0.273515  0.483391
4  0.273614  0.483241
5  0.278462  0.413625
6  0.275327  0.411779
7  0.275497  0.411102
8  0.278817  0.412659
9  0.302871  0.724813
10  0.301440  0.679906
11  0.302420  0.723452
12  0.300184  0.533775
13  0.300319  0.535996
14  0.273318  0.506643
15  0.272830  0.503476
16  0.280638  0.397949
17  0.277834  0.420677
18  0.277866  0.419293
19  0.280927  0.397416
20  0.301213  0.535108
21  0.304403  0.736923
22  0.301257  0.532559
23  0.276347  0.475285
24  0.276325  0.475031
25  0.302402  0.683551
26  0.305190  0.738731
1 2  0.534426  0.981900
1 3  0.540331  0.978265
1 4  0.540756  0.984305
1 5  0.539673  0.887215
1 6  0.538339  0.902806
1 7  0.542813  0.912431
1 8  0.546154  0.908164
1 9  0.543886  1.186995
1 10  0.566385  1.131700
1 11  0.568526  1.210724
1 12  0.567489  1.028862
1 13  0.547282  1.015576
1 14  0.262629  0.816958
1 15  0.539753  1.004971
1 16  0.544488  0.900548
1 17  0.544126  0.919161
1 18  0.545213  0.922098
1 19  0.548268  0.900238
1 20  0.541492  1.006605
1 21  0.571405  1.232811
1 22  0.568509  1.034800
1 23  0.543231  0.976835
1 24  0.542052  0.977471
1 25  0.567272  1.183734
1 26  0.539876  1.207318
2 3  0.540494  0.982413
2 4  0.540276  0.976620
2 5  0.545631  0.907190
2 6  0.542475  0.911178
2 7  0.538375  0.900482
2 8  0.539849  0.884678
2 9  0.568809  1.210141
2 10  0.566222  1.129957
2 11  0.543463  1.184313
2 12  0.546874  1.011482
2 13  0.567457  1.029212
2 14  0.540067  1.006222
2 15  0.262017  0.811140
2 16  0.547811  0.898868
2 17  0.545012  0.921582
2 18  0.543985  0.915951
2 19  0.544591  0.898122
2 20  0.568296  1.035444
2 21  0.538939  1.203686
2 22  0.541415  1.002407
2 23  0.541917  0.975834
2 24  0.543028  0.974677
2 25  0.567115  1.181887
2 26  0.572027  1.232765
3 4  0.501999  0.934195
3 5  0.551882  0.890518
3 6  0.548746  0.886043
3 7  0.548937  0.889016
3 8  0.552236  0.895344
3 9  0.572728  1.153321
3 10  0.544374  1.137576
3 11  0.573792  1.183753
3 12  0.573581  1.000248
3 13  0.573748  1.016621
3 14  0.545240  0.988922
3 15  0.546031  0.984481
3 16  0.553882  0.880959
3 17  0.551343  0.903501
3 18  0.551312  0.902125
3 19  0.554426  0.880406
3 20  0.574285  1.017412
3 21  0.577428  1.215153
3 22  0.574276  1.014879
3 23  0.499872  0.912837
3 24  0.277228  0.768009
3 25  0.536531  1.119558
3 26  0.576633  1.218759
4 5  0.551978  0.896136
4 6  0.548865  0.889423
4 7  0.549015  0.885266
4 8  0.552338  0.889593
4 9  0.574310  1.184330
4 10  0.544616  1.138075
4 11  0.572396  1.152057
4 12  0.573712  1.014129
4 13  0.573817  1.002483
4 14  0.546595  0.987485
4 15  0.544912  0.985615
4 16  0.554233  0.880786
4 17  0.551382  0.903347
4 18  0.551475  0.901973
4 19  0.554285  0.880283
4 20  0.574327  1.017260
4 21  0.576003  1.216820
4 22  0.574429  1.014743
4 23  0.276788  0.767592
4 24  0.500144  0.913069
4 25  0.536424  1.118533
4 26  0.578315  1.216951
5 6  0.507541  0.791074
5 7  0.553952  0.824477
5 8  0.557277  0.823804
5 9  0.578501  1.117001
5 10  0.579746  1.076243
5 11  0.580811  1.134968
5 12  0.578626  0.941598
5 13  0.549673  0.928318
5 14  0.547617  0.919135
5 15  0.551282  0.916277
5 16  0.277067  0.588787
5 17  0.504114  0.785242
5 18  0.556300  0.832700
5 19  0.559372  0.810809
5 20  0.541839  0.907455
5 21  0.582564  1.147833
5 22  0.579706  0.945623
5 23  0.554798  0.888428
5 24  0.554516  0.888210
5 25  0.579924  1.095785
5 26  0.582815  1.150529
6 7  0.550808  0.821393
6 8  0.554137  0.824188
6 9  0.573613  1.097783
6 10  0.576691  1.088261
6 11  0.577450  1.127673
6 12  0.575463  0.938158
6 13  0.546771  0.924596
6 14  0.547420  0.914558
6 15  0.548153  0.914590
6 16  0.504845  0.766910
6 17  0.276256  0.618240
6 18  0.553035  0.830870
6 19  0.556206  0.809030
6 20  0.538349  0.902421
6 21  0.578612  1.146414
6 22  0.576410  0.943707
6 23  0.551574  0.886591
6 24  0.551624  0.886285
6 25  0.577241  1.093367
6 26  0.579078  1.149311
7 8  0.508014  0.789384
7 9  0.578071  1.128356
7 10  0.576860  1.087587
7 11  0.573354  1.096058
7 12  0.546806  0.921582
7 13  0.575768  0.939719
7 14  0.548811  0.917075
7 15  0.547108  0.910733
7 16  0.556087  0.808886
7 17  0.553170  0.831576
7 18  0.276192  0.615607
7 19  0.505127  0.765394
7 20  0.576535  0.945573
7 21  0.578456  1.146851
7 22  0.538573  0.899339
7 23  0.551816  0.885867
7 24  0.551723  0.885667
7 25  0.577417  1.092695
7 26  0.579564  1.147553
8 9  0.581618  1.135394
8 10  0.580101  1.075356
8 11  0.578424  1.114846
8 12  0.549810  0.925172
8 13  0.579117  0.942849
8 14  0.552125  0.918472
8 15  0.547466  0.914997
8 16  0.559438  0.810376
8 17  0.556622  0.833118
8 18  0.504476  0.783048
8 19  0.277310  0.586637
8 20  0.580018  0.947203
8 21  0.582391  1.147801
8 22  0.542018  0.903751
8 23  0.554894  0.887505
8 24  0.555131  0.887215
8 25  0.580288  1.094841
8 26  0.583704  1.148681
9 10  0.593270  1.366056
9 11  0.592669  1.403250
9 12  0.601399  1.211078
9 13  0.590038  1.243235
9 14  0.543131  1.197885
9 15  0.575309  1.220509
9 16  0.582743  1.121581
9 17  0.578857  1.144227
9 18  0.579668  1.142098
9 19  0.583430  1.120060
9 20  0.582983  1.229266
9 21  0.589669  1.403962
9 22  0.603081  1.253172
9 23  0.578703  1.195206
9 24  0.577188  1.196947
9 25  0.589178  1.364327
9 26  0.368382  1.380991
10 11  0.592788  1.364284
10 12  0.600956  1.191330
10 13  0.601090  1.193178
10 14  0.572072  1.183525
10 15  0.571598  1.180423
10 16  0.581304  1.076558
10 17  0.578972  1.098416
10 18  0.579004  1.097063
10 19  0.581596  1.076038
10 20  0.602440  1.212438
10 21  0.589643  1.372445
10 22  0.602483  1.209945
10 23  0.537605  1.110826
10 24  0.537368  1.109915
10 25  0.373932  1.278377
10 26  0.590317  1.373913
11 12  0.589481  1.239736
11 13  0.601088  1.211727
11 14  0.575339  1.222220
11 15  0.542373  1.193782
11 16  0.582691  1.119201
11 17  0.579176  1.142107
11 18  0.578471  1.141511
11 19  0.582585  1.119702
11 20  0.602574  1.254291
11 21  0.367556  1.377551
11 22  0.582598  1.225652
11 23  0.576736  1.195865
11 24  0.578221  1.193651
11 25  0.588869  1.363123
11 26  0.589905  1.404260
12 13  0.600390  1.067279
12 14  0.573425  1.039153
12 15  0.545990  1.002739
12 16  0.580790  0.931241
12 17  0.577773  0.953778
12 18  0.540450  0.912767
12 19  0.541324  0.886324
12 20  0.600921  1.067645
12 21  0.583630  1.240770
12 22  0.371470  0.936968
12 23  0.576167  1.008025
12 24  0.575929  1.007789
12 25  0.602429  1.214905
12 26  0.604125  1.268171
13 14  0.546621  1.007852
13 15  0.573075  1.038206
13 16  0.541160  0.888948
13 17  0.540542  0.916471
13 18  0.577943  0.954616
13 19  0.581214  0.932926
13 20  0.371463  0.942434
13 21  0.603477  1.268527
13 22  0.601101  1.067322
13 23  0.576094  1.010243
13 24  0.576278  1.009987
13 25  0.602562  1.217100
13 26  0.584427  1.244314
14 15  0.546063  0.989968
14 16  0.547263  0.877334
14 17  0.545744  0.917168
14 18  0.551141  0.924853
14 19  0.554226  0.898584
14 20  0.552214  1.018633
14 21  0.575840  1.229798
14 22  0.574518  1.030903
14 23  0.549345  0.979627
14 24  0.548969  0.971338
14 25  0.572911  1.138254
14 26  0.551580  1.200846
15 16  0.553449  0.895975
15 17  0.550620  0.923099
15 18  0.545307  0.912650
15 19  0.547062  0.873928
15 20  0.573987  1.030204
15 21  0.550566  1.196316
15 22  0.551732  1.013139
15 23  0.548483  0.968298
15 24  0.548823  0.976303
15 25  0.572372  1.135414
15 26  0.576193  1.228776
16 17  0.511722  0.786629
16 18  0.558490  0.816997
16 19  0.561560  0.794143
16 20  0.553107  0.914054
16 21  0.584900  1.133521
16 22  0.581862  0.925538
16 23  0.556935  0.872769
16 24  0.556910  0.867368
16 25  0.582897  1.067900
16 26  0.582066  1.115591
17 18  0.555674  0.837000
17 19  0.558746  0.817838
17 20  0.549699  0.924932
17 21  0.581803  1.144602
17 22  0.579032  0.946097
17 23  0.554138  0.889688
17 24  0.554090  0.887849
17 25  0.580155  1.102309
17 26  0.578122  1.118730
18 19  0.511987  0.784567
18 20  0.579021  0.947210
18 21  0.577415  1.115983
18 22  0.549797  0.921276
18 23  0.554143  0.886723
18 24  0.554147  0.888085
18 25  0.580189  1.100897
18 26  0.582619  1.145190
19 20  0.582107  0.927508
19 21  0.581648  1.113573
19 22  0.553309  0.910834
19 23  0.557220  0.867062
19 24  0.557200  0.871982
19 25  0.583180  1.067359
19 26  0.585971  1.134809
20 21  0.603611  1.220513
20 22  0.602345  1.064617
20 23  0.577422  0.993938
20 24  0.577419  1.007838
20 25  0.602577  1.195907
20 26  0.594201  1.253368
21 22  0.593470  1.249214
21 23  0.576416  1.155689
21 24  0.577628  1.188916
21 25  0.595492  1.380852
21 26  0.596173  1.419992
22 23  0.577484  1.005594
22 24  0.577443  0.991341
22 25  0.602622  1.193736
22 26  0.604444  1.220292
23 24  0.507414  0.921374
23 25  0.548323  1.130655
23 26  0.578500  1.191221
24 25  0.548224  1.130650
24 26  0.577221  1.157364
25 26  0.596292  1.382884
