  -1146.54063255
  -1146.90476993    -1146.78026718
0.00020721706139
2 2 2 2 2 2 2 2 2 2 2 2 2 2 2 0 0 0 0 0 0 0 0 0 0 0 0 0 0 0 
1  0.269213  0.431737
2  0.263057  0.398976
3  0.270712  0.326941
4  0.277018  0.299712
5  0.278526  0.294376
6  0.302691  0.608586
7  0.302502  0.374299
8  0.303345  0.683546
9  0.307725  0.624683
10  0.282511  0.350715
11  0.282624  0.371505
12  0.305907  0.829243
13  0.300776  0.669083
14  0.314067  0.441433
15  0.315664  0.484721
16  0.280430  0.487671
17  0.273630  0.447893
18  0.275453  0.321263
19  0.279281  0.305493
20  0.281681  0.295576
21  0.310551  0.666341
22  0.304330  0.631902
23  0.282586  0.365756
24  0.307384  0.652965
25  0.315637  0.482835
26  0.286123  0.341959
27  0.305318  0.805457
28  0.312454  0.441990
29  0.300998  0.366533
30  0.299489  0.623216
1 2  0.532188  0.827819
1 3  0.535805  0.747932
1 4  0.546031  0.731002
1 5  0.547483  0.724363
1 6  0.570836  1.025194
1 7  0.570637  0.803775
1 8  0.569568  1.110862
1 9  0.558112  0.990899
1 10  0.551719  0.781903
1 11  0.551821  0.800741
1 12  0.572024  1.241730
1 13  0.568760  1.070861
1 14  0.583187  0.864670
1 15  0.561369  0.892934
1 16  0.258617  0.702858
1 17  0.542823  0.878862
1 18  0.539292  0.750520
1 19  0.548322  0.736766
1 20  0.550236  0.727053
1 21  0.559570  1.092844
1 22  0.571449  1.053308
1 23  0.551716  0.797305
1 24  0.576496  1.082028
1 25  0.561282  0.891197
1 26  0.555311  0.773606
1 27  0.568903  1.224712
1 28  0.581572  0.873291
1 29  0.569493  0.796265
1 30  0.568144  1.052735
2 3  0.533767  0.725772
2 4  0.540072  0.697943
2 5  0.541582  0.693106
2 6  0.546598  0.950331
2 7  0.565550  0.771607
2 8  0.565193  1.055238
2 9  0.569660  1.011074
2 10  0.540866  0.738850
2 11  0.542863  0.766440
2 12  0.566382  1.210297
2 13  0.561371  1.064481
2 14  0.559052  0.821317
2 15  0.578604  0.873885
2 16  0.543478  0.885870
2 17  0.244294  0.616359
2 18  0.538504  0.720172
2 19  0.542321  0.704437
2 20  0.544735  0.694543
2 21  0.573499  1.062862
2 22  0.566862  1.029137
2 23  0.544429  0.760674
2 24  0.549814  1.047680
2 25  0.578589  0.881264
2 26  0.544395  0.738267
2 27  0.562647  1.195839
2 28  0.556292  0.823107
2 29  0.564009  0.765390
2 30  0.560544  1.011660
3 4  0.543800  0.623090
3 5  0.543131  0.614348
3 6  0.573400  0.935241
3 7  0.552003  0.680194
3 8  0.573176  1.007558
3 9  0.578263  0.945446
3 10  0.553221  0.677031
3 11  0.553334  0.697406
3 12  0.576447  1.145223
3 13  0.571475  0.990666
3 14  0.584779  0.767475
3 15  0.558795  0.795593
3 16  0.545969  0.812508
3 17  0.544305  0.774735
3 18  0.265149  0.391604
3 19  0.548923  0.630623
3 20  0.548865  0.619796
3 21  0.580847  0.992874
3 22  0.574790  0.957600
3 23  0.553297  0.692654
3 24  0.578048  0.979643
3 25  0.550589  0.777180
3 26  0.556835  0.668880
3 27  0.575983  1.131805
3 28  0.583135  0.768831
3 29  0.544881  0.667332
3 30  0.570097  0.949769
4 5  0.509003  0.551823
4 6  0.579691  0.906644
4 7  0.551158  0.647720
4 8  0.580062  0.978906
4 9  0.584689  0.923735
4 10  0.559528  0.650302
4 11  0.559641  0.671166
4 12  0.582910  1.127463
4 13  0.577788  0.968668
4 14  0.591085  0.741007
4 15  0.587762  0.775003
4 16  0.557239  0.786974
4 17  0.550596  0.747572
4 18  0.551373  0.619312
4 19  0.275105  0.338012
4 20  0.505624  0.545337
4 21  0.587487  0.965856
4 22  0.580753  0.931421
4 23  0.559603  0.665462
4 24  0.584300  0.952585
4 25  0.590877  0.781597
4 26  0.563139  0.641665
4 27  0.582104  1.104959
4 28  0.589462  0.741694
4 29  0.541443  0.633239
4 30  0.576474  0.922882
5 6  0.581211  0.902113
5 7  0.552649  0.646556
5 8  0.581825  0.977243
5 9  0.586210  0.917464
5 10  0.561037  0.645089
5 11  0.561150  0.665862
5 12  0.584433  1.123545
5 13  0.579300  0.962842
5 14  0.592593  0.735572
5 15  0.591059  0.774738
5 16  0.558167  0.781776
5 17  0.552150  0.742257
5 18  0.550560  0.612974
5 19  0.506228  0.551182
5 20  0.275149  0.314111
5 21  0.588987  0.960607
5 22  0.582711  0.926209
5 23  0.561111  0.660127
5 24  0.585901  0.947305
5 25  0.593392  0.776661
5 26  0.564648  0.636331
5 27  0.583765  1.099691
5 28  0.590980  0.736361
5 29  0.541217  0.625552
5 30  0.578015  0.917559
6 7  0.605134  0.980520
6 8  0.598865  1.228176
6 9  0.599951  1.176808
6 10  0.584972  0.954274
6 11  0.585113  0.978698
6 12  0.592097  1.410156
6 13  0.568546  1.250533
6 14  0.614251  1.033367
6 15  0.617492  1.066668
6 16  0.582808  1.093577
6 17  0.561418  1.053124
6 18  0.578098  0.929622
6 19  0.581931  0.914007
6 20  0.584369  0.904139
6 21  0.611593  1.266140
6 22  0.605849  1.234630
6 23  0.585113  0.972582
6 24  0.375078  1.149389
6 25  0.618177  1.089719
6 26  0.588420  0.949984
6 27  0.577685  1.339347
6 28  0.613023  1.047710
6 29  0.603532  0.974810
6 30  0.566859  1.198933
7 8  0.604440  1.042203
7 9  0.610135  0.998036
7 10  0.585012  0.724080
7 11  0.585124  0.744875
7 12  0.608235  1.188214
7 13  0.603264  1.041478
7 14  0.616568  0.815628
7 15  0.603642  0.842519
7 16  0.582340  0.859956
7 17  0.575968  0.822044
7 18  0.549147  0.667495
7 19  0.544029  0.646242
7 20  0.546142  0.635284
7 21  0.613013  1.040067
7 22  0.605765  1.005583
7 23  0.585088  0.740024
7 24  0.609614  1.026890
7 25  0.596173  0.834480
7 26  0.588621  0.716238
7 27  0.607602  1.178993
7 28  0.614898  0.816204
7 29  0.373197  0.547208
7 30  0.601817  0.997124
8 9  0.574786  1.281750
8 10  0.585831  1.028527
8 11  0.585941  1.051961
8 12  0.587237  1.414628
8 13  0.600064  1.341266
8 14  0.617102  1.120202
8 15  0.606584  1.106600
8 16  0.578369  1.142388
8 17  0.575637  1.128531
8 18  0.578644  1.004059
8 19  0.581973  0.988837
8 20  0.584832  0.979049
8 21  0.571462  1.269813
8 22  0.386378  1.210373
8 23  0.585893  1.048723
8 24  0.607448  1.328330
8 25  0.606199  1.158927
8 26  0.589415  1.025128
8 27  0.587173  1.462218
8 28  0.615560  1.124448
8 29  0.603381  1.049669
8 30  0.601176  1.295855
9 10  0.590223  0.974956
9 11  0.590254  0.992571
9 12  0.594783  1.422185
9 13  0.601486  1.228089
9 14  0.621087  1.045038
9 15  0.619826  1.088217
9 16  0.573869  1.109213
9 17  0.580944  1.070153
9 18  0.582767  0.945662
9 19  0.586998  0.930028
9 20  0.589370  0.920194
9 21  0.392670  1.184203
9 22  0.574861  1.229945
9 23  0.590121  0.989905
9 24  0.613304  1.269138
9 25  0.621008  1.103087
9 26  0.593765  0.966338
9 27  0.581312  1.345199
9 28  0.620110  1.065558
9 29  0.608599  0.990647
9 30  0.606029  1.242052
10 11  0.517040  0.679154
10 12  0.588151  1.163158
10 13  0.582056  1.012349
10 14  0.560135  0.772536
10 15  0.598174  0.834486
10 16  0.562857  0.838250
10 17  0.552097  0.796268
10 18  0.557961  0.671958
10 19  0.561790  0.656199
10 20  0.564190  0.646286
10 21  0.592967  1.016739
10 22  0.586723  0.982056
10 23  0.513456  0.674020
10 24  0.589482  1.003150
10 25  0.598095  0.833410
10 26  0.290113  0.450457
10 27  0.587772  1.155417
10 28  0.548035  0.747246
10 29  0.583508  0.717225
10 30  0.581565  0.972269
11 12  0.588111  1.178709
11 13  0.580757  1.018565
11 14  0.559192  0.780753
11 15  0.598286  0.855953
11 16  0.562811  0.858932
11 17  0.555318  0.815721
11 18  0.558066  0.692733
11 19  0.561903  0.676989
11 20  0.564302  0.667075
11 21  0.592824  1.037281
11 22  0.586727  1.002715
11 23  0.290910  0.508714
11 24  0.589912  1.022974
11 25  0.598173  0.854168
11 26  0.512825  0.667097
11 27  0.587630  1.175766
11 28  0.551283  0.771398
11 29  0.583621  0.738008
11 30  0.580412  0.993331
12 13  0.585400  1.404184
12 14  0.619295  1.261710
12 15  0.620642  1.301582
12 16  0.580752  1.306056
12 17  0.574252  1.268491
12 18  0.581216  1.150001
12 19  0.585049  1.134447
12 20  0.587496  1.124656
12 21  0.594328  1.463564
12 22  0.578987  1.379802
12 23  0.588354  1.193942
12 24  0.593137  1.445725
12 25  0.617709  1.300218
12 26  0.591979  1.170616
12 27  0.462096  1.604308
12 28  0.614851  1.264120
12 29  0.606845  1.195125
12 30  0.576130  1.382091
13 14  0.604967  1.064060
13 15  0.616025  1.147197
13 16  0.579713  1.153283
13 17  0.569461  1.093117
13 18  0.576150  0.990035
13 19  0.580057  0.974508
13 20  0.582448  0.964619
13 21  0.607983  1.327124
13 22  0.603351  1.290755
13 23  0.581785  1.034128
13 24  0.566423  1.238755
13 25  0.616088  1.150156
13 26  0.586648  1.010261
13 27  0.585715  1.443590
13 28  0.601834  1.106218
13 29  0.601741  1.035292
13 30  0.366192  1.178898
14 15  0.629704  0.922400
14 16  0.594179  0.928559
14 17  0.564569  0.866822
14 18  0.589495  0.762616
14 19  0.593347  0.746914
14 20  0.595747  0.737005
14 21  0.624153  1.106499
14 22  0.618345  1.072542
14 23  0.549379  0.762163
14 24  0.617699  1.086785
14 25  0.629684  0.923953
14 26  0.554444  0.740678
14 27  0.616008  1.241000
14 28  0.389024  0.719665
14 29  0.615044  0.807886
14 30  0.606347  1.063056
15 16  0.568568  0.940000
15 17  0.588919  0.931901
15 18  0.557192  0.775678
15 19  0.593140  0.789215
15 20  0.596610  0.779820
15 21  0.621862  1.137785
15 22  0.612184  1.114789
15 23  0.598218  0.850305
15 24  0.622426  1.135679
15 25  0.384044  0.802614
15 26  0.601756  0.826563
15 27  0.617250  1.280978
15 28  0.628097  0.926387
15 29  0.594160  0.829463
15 30  0.615092  1.106576
16 17  0.553952  0.933602
16 18  0.551458  0.797953
16 19  0.559568  0.792942
16 20  0.561938  0.782194
16 21  0.567612  1.060540
16 22  0.580957  1.106297
16 23  0.563000  0.849681
16 24  0.586938  1.134670
16 25  0.571087  0.944895
16 26  0.566549  0.828816
16 27  0.583402  1.263377
16 28  0.592761  0.919868
16 29  0.579785  0.851223
16 30  0.578551  1.075490
17 18  0.549076  0.768997
17 19  0.552908  0.752274
17 20  0.555308  0.743149
17 21  0.583377  1.110182
17 22  0.576607  1.048607
17 23  0.551877  0.807980
17 24  0.557740  1.017492
17 25  0.589124  0.919594
17 26  0.554322  0.777941
17 27  0.576776  1.222361
17 28  0.566222  0.868753
17 29  0.574619  0.812094
17 30  0.569980  1.061454
18 19  0.549114  0.621632
18 20  0.550323  0.609488
18 21  0.585751  0.980373
18 22  0.578871  0.952263
18 23  0.558038  0.686456
18 24  0.582817  0.973934
18 25  0.561960  0.784550
18 26  0.561575  0.662939
18 27  0.580642  1.120751
18 28  0.587906  0.762749
18 29  0.554589  0.667778
18 30  0.574924  0.942196
19 20  0.513473  0.557986
19 21  0.589789  0.971726
19 22  0.583185  0.932725
19 23  0.561867  0.671213
19 24  0.586642  0.956051
19 25  0.589503  0.777948
19 26  0.565404  0.647346
19 27  0.584512  1.108698
19 28  0.591734  0.747250
19 29  0.552242  0.644782
19 30  0.578752  0.928130
20 21  0.592208  0.961278
20 22  0.585898  0.926205
20 23  0.564267  0.661326
20 24  0.589057  0.947823
20 25  0.593634  0.773768
20 26  0.567803  0.637527
20 27  0.586979  1.100928
20 28  0.594134  0.737367
20 29  0.553768  0.639578
20 30  0.581162  0.918210
21 22  0.575639  1.270158
21 23  0.593014  1.024107
21 24  0.612317  1.305644
21 25  0.623972  1.137485
21 26  0.596656  1.006519
21 27  0.595235  1.389873
21 28  0.622145  1.088210
21 29  0.611307  1.029516
21 30  0.602560  1.214332
22 23  0.586854  0.997177
22 24  0.604253  1.209128
22 25  0.607259  1.051750
22 26  0.590427  0.972297
22 27  0.591578  1.398039
22 28  0.615974  1.058611
22 29  0.603994  0.989332
22 30  0.594618  1.209975
23 24  0.589434  1.014447
23 25  0.598221  0.848387
23 26  0.520035  0.665980
23 27  0.587322  1.153277
23 28  0.559259  0.777226
23 29  0.583583  0.731831
23 30  0.579769  0.975052
24 25  0.622041  1.109377
24 26  0.593166  0.987505
24 27  0.592759  1.378572
24 28  0.618273  1.084425
24 29  0.608318  1.014506
24 30  0.569257  1.247311
25 26  0.601759  0.824399
25 27  0.619188  1.278374
25 28  0.628027  0.918771
25 29  0.602957  0.833842
25 30  0.614219  1.087978
26 27  0.591257  1.136040
26 28  0.561468  0.762521
26 29  0.587120  0.707988
26 30  0.584432  0.962813
27 28  0.616506  1.241515
27 29  0.606012  1.159544
27 30  0.588307  1.392956
28 29  0.613450  0.808428
28 30  0.601249  1.015489
29 30  0.600449  0.989452
