  -1146.54063255
  -1146.90943463    -1146.79096456
0.00001133345357
2 2 2 2 2 2 2 2 2 2 2 2 2 2 2 0 0 0 0 0 0 0 0 0 0 0 0 0 0 0 
1  0.280934  0.458958
2  0.273635  0.426349
3  0.276586  0.349262
4  0.280711  0.312628
5  0.281769  0.304051
6  0.317466  0.612110
7  0.308454  0.400243
8  0.318653  0.685913
9  0.321094  0.626284
10  0.286231  0.366876
11  0.286974  0.391606
12  0.318820  0.808268
13  0.317157  0.676044
14  0.321697  0.457320
15  0.326644  0.512961
16  0.293018  0.509892
17  0.285012  0.471961
18  0.281497  0.342911
19  0.282974  0.319525
20  0.285127  0.304497
21  0.323852  0.662173
22  0.319537  0.638488
23  0.286625  0.386126
24  0.322863  0.651989
25  0.326145  0.509623
26  0.289788  0.358195
27  0.318478  0.794338
28  0.319593  0.456152
29  0.306684  0.391985
30  0.316020  0.630632
1 2  0.554422  0.881973
1 3  0.552991  0.794737
1 4  0.561404  0.771027
1 5  0.562403  0.760470
1 6  0.596810  1.054669
1 7  0.588152  0.855828
1 8  0.596314  1.140698
1 9  0.580445  1.012825
1 10  0.567149  0.825111
1 11  0.567875  0.846872
1 12  0.596310  1.246298
1 13  0.596275  1.101037
1 14  0.602475  0.905195
1 15  0.583204  0.946586
1 16  0.279318  0.753804
1 17  0.565912  0.929680
1 18  0.556778  0.799699
1 19  0.563713  0.777847
1 20  0.565162  0.763140
1 21  0.583209  1.115490
1 22  0.598299  1.087983
1 23  0.567322  0.844877
1 24  0.603655  1.107696
1 25  0.583309  0.946867
1 26  0.570631  0.817036
1 27  0.593776  1.240455
1 28  0.600341  0.914656
1 29  0.586811  0.848778
1 30  0.596255  1.087499
2 3  0.550213  0.775418
2 4  0.554339  0.737533
2 5  0.555400  0.730027
2 6  0.569302  0.974473
2 7  0.582073  0.823860
2 8  0.590612  1.081217
2 9  0.593164  1.039038
2 10  0.554918  0.780356
2 11  0.557668  0.812840
2 12  0.589585  1.214772
2 13  0.588068  1.099182
2 14  0.576488  0.863875
2 15  0.600062  0.926563
2 16  0.566638  0.935000
2 17  0.262328  0.667019
2 18  0.555093  0.769166
2 19  0.556534  0.745825
2 20  0.558751  0.730830
2 21  0.597360  1.085382
2 22  0.592456  1.063273
2 23  0.558994  0.808584
2 24  0.574276  1.073541
2 25  0.599510  0.935378
2 26  0.558485  0.781973
2 27  0.586247  1.212155
2 28  0.573883  0.865705
2 29  0.580147  0.818190
2 30  0.587601  1.047192
3 4  0.553093  0.657996
3 5  0.551864  0.645135
3 6  0.594039  0.960926
3 7  0.563467  0.727386
3 8  0.594115  1.031378
3 9  0.597468  0.967635
3 10  0.562812  0.715155
3 11  0.563554  0.738996
3 12  0.595152  1.144039
3 13  0.593702  1.017376
3 14  0.598281  0.804950
3 15  0.575679  0.845836
3 16  0.564226  0.857282
3 17  0.561527  0.821071
3 18  0.275577  0.437850
3 19  0.558373  0.666721
3 20  0.558003  0.651114
3 21  0.600014  1.010961
3 22  0.595760  0.986092
3 23  0.563184  0.735315
3 24  0.599313  1.000891
3 25  0.567325  0.826904
3 26  0.566372  0.707419
3 27  0.594974  1.142891
3 28  0.596062  0.805313
3 29  0.556280  0.716083
3 30  0.592271  0.979505
4 5  0.516025  0.576513
4 6  0.598136  0.922031
4 7  0.560413  0.686244
4 8  0.599008  0.992267
4 9  0.601749  0.937969
4 10  0.566942  0.679197
4 11  0.567685  0.704114
4 12  0.599508  1.118673
4 13  0.597850  0.988445
4 14  0.602407  0.769650
4 15  0.601897  0.813390
4 16  0.573480  0.821942
4 17  0.565617  0.784530
4 18  0.561034  0.653660
4 19  0.281843  0.367623
4 20  0.513086  0.569174
4 21  0.604478  0.974502
4 22  0.599480  0.950846
4 23  0.567333  0.698740
4 24  0.603398  0.964479
4 25  0.604904  0.821272
4 26  0.570491  0.670812
4 27  0.598838  1.106667
4 28  0.600285  0.768763
4 29  0.550696  0.673104
4 30  0.596693  0.943170
5 6  0.599215  0.914911
5 7  0.561727  0.683110
5 8  0.600333  0.989205
5 9  0.602821  0.927938
5 10  0.568000  0.670925
5 11  0.568743  0.695583
5 12  0.600585  1.112137
5 13  0.598918  0.978866
5 14  0.603465  0.760838
5 15  0.604829  0.811461
5 16  0.573753  0.813618
5 17  0.566773  0.775991
5 18  0.559667  0.644346
5 19  0.513540  0.576972
5 20  0.281511  0.334149
5 21  0.605451  0.966084
5 22  0.601159  0.942428
5 23  0.568389  0.690168
5 24  0.604625  0.955985
5 25  0.607039  0.813019
5 26  0.571553  0.662240
5 27  0.600118  1.098201
5 28  0.601362  0.760193
5 29  0.550157  0.661846
5 30  0.597782  0.934636
6 7  0.625850  1.009237
6 8  0.627640  1.234983
6 9  0.625805  1.181123
6 10  0.603459  0.972898
6 11  0.604165  1.001754
6 12  0.619621  1.395126
6 13  0.598481  1.262917
6 14  0.636520  1.052079
6 15  0.642864  1.095164
6 16  0.610074  1.119061
6 17  0.585866  1.079819
6 18  0.598843  0.954757
6 19  0.600349  0.931531
6 20  0.602591  0.916568
6 21  0.639227  1.266225
6 22  0.635559  1.245950
6 23  0.603839  0.996056
6 24  0.402870  1.147528
6 25  0.643415  1.120046
6 26  0.606788  0.969579
6 27  0.605330  1.339897
6 28  0.634788  1.066009
6 29  0.623876  1.003746
6 30  0.597525  1.213112
7 8  0.625519  1.066331
7 9  0.629421  1.025090
7 10  0.594683  0.765314
7 11  0.595426  0.789992
7 12  0.627035  1.188735
7 13  0.625600  1.073331
7 14  0.630150  0.857379
7 15  0.620057  0.894834
7 16  0.600772  0.908024
7 17  0.593155  0.872002
7 18  0.561055  0.716193
7 19  0.553456  0.687743
7 20  0.555382  0.671177
7 21  0.632237  1.061720
7 22  0.626762  1.037930
7 23  0.595078  0.786305
7 24  0.630837  1.051797
7 25  0.612416  0.886499
7 26  0.598232  0.758399
7 27  0.626666  1.193564
7 28  0.627916  0.856293
7 29  0.384065  0.605097
7 30  0.624167  1.030314
8 9  0.602750  1.287272
8 10  0.604849  1.045032
8 11  0.605594  1.073583
8 12  0.613995  1.401394
8 13  0.630498  1.350242
8 14  0.639872  1.137345
8 15  0.631481  1.132929
8 16  0.606292  1.170217
8 17  0.601906  1.155257
8 18  0.599916  1.027741
8 19  0.600703  1.005156
8 20  0.603543  0.990289
8 21  0.600047  1.279277
8 22  0.414886  1.217652
8 23  0.605192  1.071185
8 24  0.637650  1.331348
8 25  0.631577  1.187854
8 26  0.608256  1.043599
8 27  0.614637  1.456427
8 28  0.637963  1.140925
8 29  0.624250  1.077477
8 30  0.632534  1.305630
9 10  0.607295  0.992699
9 11  0.607963  1.013488
9 12  0.621071  1.405783
9 13  0.629681  1.237484
9 14  0.641898  1.059931
9 15  0.644006  1.116329
9 16  0.598343  1.132585
9 17  0.605598  1.095272
9 18  0.602126  0.968859
9 19  0.604060  0.945536
9 20  0.606134  0.930683
9 21  0.419077  1.179236
9 22  0.603134  1.241000
9 23  0.607370  1.011730
9 24  0.641630  1.270595
9 25  0.644796  1.132364
9 26  0.610694  0.984080
9 27  0.607148  1.344875
9 28  0.640573  1.081436
9 29  0.627574  1.017455
9 30  0.635676  1.252205
10 11  0.525260  0.715000
10 12  0.604667  1.155481
10 13  0.601817  1.034030
10 14  0.572021  0.805522
10 15  0.612873  0.878305
10 16  0.579098  0.876587
10 17  0.566984  0.836658
10 18  0.567726  0.709749
10 19  0.569193  0.686386
10 20  0.571352  0.671365
10 21  0.609884  1.028647
10 22  0.605446  1.004651
10 23  0.521600  0.713707
10 24  0.608623  1.018302
10 25  0.612212  0.876329
10 26  0.296836  0.484903
10 27  0.604637  1.160410
10 28  0.559181  0.779375
10 29  0.592902  0.758817
10 30  0.601677  0.995393
11 12  0.605280  1.173888
11 13  0.601339  1.042052
11 14  0.570993  0.816704
11 15  0.613615  0.904189
11 16  0.579572  0.901202
11 17  0.570951  0.859987
11 18  0.568448  0.734452
11 19  0.569941  0.711113
11 20  0.572094  0.696091
11 21  0.610237  1.053142
11 22  0.606124  1.029005
11 23  0.298265  0.552023
11 24  0.609702  1.041889
11 25  0.612920  0.900969
11 26  0.521224  0.706900
11 27  0.605082  1.184673
11 28  0.562797  0.807265
11 29  0.593657  0.783527
11 30  0.601013  1.020632
12 13  0.613135  1.391793
12 14  0.639754  1.256721
12 15  0.644378  1.309326
12 16  0.606212  1.307833
12 17  0.598536  1.272085
12 18  0.600106  1.150568
12 19  0.601553  1.127450
12 20  0.603823  1.112583
12 21  0.620382  1.442865
12 22  0.605742  1.374701
12 23  0.605216  1.193272
12 24  0.621009  1.428490
12 25  0.640846  1.305561
12 26  0.608536  1.165823
12 27  0.487757  1.572839
12 28  0.634655  1.257079
12 29  0.625403  1.199410
12 30  0.604172  1.375737
13 14  0.627735  1.083338
13 15  0.643092  1.180829
13 16  0.608394  1.182718
13 17  0.597282  1.126676
13 18  0.598400  1.018571
13 19  0.600129  0.995426
13 20  0.602272  0.980473
13 21  0.637079  1.331521
13 22  0.634454  1.304233
13 23  0.601986  1.061467
13 24  0.598063  1.255123
13 25  0.642977  1.183578
13 26  0.606608  1.033237
13 27  0.614228  1.442535
13 28  0.625035  1.127107
13 29  0.623755  1.067561
13 30  0.395688  1.192113
14 15  0.648287  0.964754
14 16  0.614262  0.966650
14 17  0.583300  0.907785
14 18  0.603110  0.800136
14 19  0.604664  0.776826
14 20  0.606823  0.761807
14 21  0.644931  1.118402
14 22  0.641167  1.095093
14 23  0.561107  0.800126
14 24  0.640711  1.102531
14 25  0.647823  0.966597
14 26  0.565985  0.774192
14 27  0.636560  1.245216
14 28  0.402841  0.752603
14 29  0.628321  0.849206
14 30  0.629926  1.086309
15 16  0.592010  0.992490
15 17  0.611101  0.984162
15 18  0.574248  0.825638
15 19  0.607671  0.831463
15 20  0.610914  0.816852
15 21  0.646187  1.163036
15 22  0.637757  1.149574
15 23  0.613178  0.898832
15 24  0.648778  1.163063
15 25  0.404126  0.863210
15 26  0.616325  0.871001
15 27  0.641096  1.297029
15 28  0.646215  0.968750
15 29  0.610414  0.882241
15 30  0.642571  1.142143
16 17  0.577866  0.979724
16 18  0.569732  0.838868
16 19  0.575811  0.829156
16 20  0.577982  0.812938
16 21  0.590347  1.073659
16 22  0.608445  1.136090
16 23  0.579608  0.890602
16 24  0.614694  1.155626
16 25  0.593287  0.992118
16 26  0.582789  0.866898
16 27  0.608828  1.273819
16 28  0.612426  0.953989
16 29  0.597740  0.897428
16 30  0.607157  1.102154
17 18  0.566500  0.814599
17 19  0.567975  0.789366
17 20  0.570132  0.775972
17 21  0.607816  1.129972
17 22  0.602895  1.077023
17 23  0.567040  0.850965
17 24  0.581565  1.035279
17 25  0.610906  0.967793
17 26  0.569147  0.816045
17 27  0.601064  1.233610
17 28  0.584072  0.906444
17 29  0.591678  0.860185
17 30  0.597588  1.094289
18 19  0.558566  0.657024
18 20  0.559464  0.639272
18 21  0.605109  0.995799
18 22  0.599871  0.979832
18 23  0.568119  0.727854
18 24  0.604336  0.994484
18 25  0.578626  0.832879
18 26  0.571283  0.700543
18 27  0.599775  1.128878
18 28  0.601090  0.798139
18 29  0.565927  0.714023
18 30  0.597494  0.969908
19 20  0.520760  0.582982
19 21  0.606760  0.981521
19 22  0.602023  0.951372
19 23  0.569599  0.705538
19 24  0.605767  0.967453
19 25  0.603204  0.816108
19 26  0.572762  0.677434
19 27  0.601314  1.110216
19 28  0.602565  0.775234
19 29  0.561347  0.683691
19 30  0.598945  0.949303
20 21  0.608957  0.965702
20 22  0.604507  0.941395
20 23  0.571751  0.690605
20 24  0.607955  0.955455
20 25  0.607157  0.808375
20 26  0.574914  0.662681
20 27  0.603558  1.098716
20 28  0.604718  0.760259
20 29  0.562900  0.675212
20 30  0.601127  0.934162
21 22  0.603611  1.275118
21 23  0.610305  1.038135
21 24  0.639858  1.300618
21 25  0.647664  1.159468
21 26  0.613592  1.018065
21 27  0.620843  1.379526
21 28  0.642374  1.096182
21 29  0.630179  1.049304
21 30  0.630972  1.218241
22 23  0.606077  1.024000
22 24  0.633531  1.215797
22 25  0.631167  1.079507
22 26  0.609302  0.994327
22 27  0.619386  1.393787
22 28  0.638052  1.077177
22 29  0.624671  1.018414
22 30  0.623538  1.223163
23 24  0.608835  1.032614
23 25  0.612766  0.895466
23 26  0.527969  0.702497
23 27  0.604358  1.158178
23 28  0.570345  0.811729
23 29  0.593307  0.777041
23 30  0.600108  1.000016
24 25  0.647552  1.132004
24 26  0.612313  1.001276
24 27  0.620598  1.370437
24 28  0.640788  1.097391
24 29  0.629441  1.037052
24 30  0.600244  1.256702
25 26  0.615932  0.867145
25 27  0.642584  1.293652
25 28  0.645637  0.957545
25 29  0.618717  0.884314
25 30  0.640788  1.119383
26 27  0.607972  1.138121
26 28  0.572591  0.793951
26 29  0.596470  0.749078
26 30  0.604339  0.985294
27 28  0.636686  1.244586
27 29  0.624725  1.169082
27 30  0.617329  1.388823
28 29  0.626275  0.847999
28 30  0.623511  1.033461
29 30  0.622654  1.022172
