  -1146.53648054
  -1146.89565390    -1146.76387482
0.00018099564615
2 2 2 2 2 2 2 2 2 2 2 2 2 2 2 0 0 0 0 0 0 0 0 0 0 0 0 0 0 0 
1  0.261491  0.475380
2  0.255992  0.494966
3  0.266929  0.373816
4  0.277466  0.334534
5  0.278203  0.321143
6  0.264332  0.439534
7  0.272117  0.332433
8  0.276043  0.344021
9  0.306745  0.600075
10  0.308425  0.580983
11  0.296690  0.640138
12  0.302640  0.441006
13  0.294887  0.429416
14  0.294054  0.726202
15  0.295384  0.713136
16  0.276167  0.562350
17  0.272481  0.580220
18  0.273421  0.375351
19  0.277626  0.332824
20  0.282572  0.320773
21  0.266064  0.430639
22  0.277563  0.345467
23  0.275663  0.329975
24  0.296964  0.724144
25  0.298160  0.433426
26  0.298630  0.420364
27  0.298538  0.562126
28  0.295553  0.704322
29  0.301626  0.535483
30  0.297401  0.619674
1 2  0.516929  0.958501
1 3  0.524222  0.831395
1 4  0.538737  0.808685
1 5  0.539421  0.791910
1 6  0.525744  0.908928
1 7  0.533598  0.805847
1 8  0.537520  0.817260
1 9  0.567525  1.049053
1 10  0.546292  1.026163
1 11  0.547408  1.059402
1 12  0.563083  0.912737
1 13  0.556370  0.904214
1 14  0.548101  1.195773
1 15  0.551675  1.152275
1 16  0.260196  0.851352
1 17  0.533721  1.052510
1 18  0.529613  0.849261
1 19  0.538945  0.807453
1 20  0.543491  0.795978
1 21  0.527319  0.905181
1 22  0.539053  0.820656
1 23  0.537139  0.805199
1 24  0.532976  1.172216
1 25  0.559586  0.908259
1 26  0.559277  0.893293
1 27  0.559772  1.035423
1 28  0.554986  1.164762
1 29  0.540780  0.988109
1 30  0.558101  1.092350
2 3  0.522914  0.868267
2 4  0.533438  0.826908
2 5  0.534188  0.814842
2 6  0.518492  0.930427
2 7  0.527618  0.823602
2 8  0.531903  0.838761
2 9  0.539552  1.059608
2 10  0.563658  1.048000
2 11  0.541043  1.069276
2 12  0.558568  0.932111
2 13  0.548916  0.907004
2 14  0.545206  1.180671
2 15  0.545054  1.202272
2 16  0.531917  1.053896
2 17  0.253965  0.898416
2 18  0.529388  0.869878
2 19  0.533583  0.827613
2 20  0.538563  0.815653
2 21  0.521410  0.918142
2 22  0.532021  0.839963
2 23  0.531187  0.824220
2 24  0.549993  1.201976
2 25  0.551675  0.927534
2 26  0.554460  0.914759
2 27  0.532553  1.033548
2 28  0.528067  1.180395
2 29  0.557408  1.028402
2 30  0.552573  1.109811
3 4  0.540802  0.704927
3 5  0.539229  0.685386
3 6  0.531255  0.809925
3 7  0.539046  0.706001
3 8  0.542971  0.717040
3 9  0.573655  0.968602
3 10  0.550761  0.942145
3 11  0.563527  1.008623
3 12  0.548361  0.791909
3 13  0.561811  0.802271
3 14  0.559631  1.088981
3 15  0.562045  1.069340
3 16  0.538936  0.934830
3 17  0.539297  0.953399
3 18  0.261486  0.513699
3 19  0.543409  0.703559
3 20  0.545560  0.692338
3 21  0.532985  0.804103
3 22  0.544485  0.719230
3 23  0.542587  0.703747
3 24  0.563666  1.096634
3 25  0.565085  0.807063
3 26  0.540864  0.768053
3 27  0.565341  0.935294
3 28  0.562342  1.077081
3 29  0.533199  0.872355
3 30  0.563850  0.991625
4 5  0.508926  0.617188
4 6  0.541798  0.773911
4 7  0.549583  0.666847
4 8  0.553509  0.678534
4 9  0.584208  0.933811
4 10  0.581337  0.898535
4 11  0.574072  0.970998
4 12  0.550560  0.747616
4 13  0.572353  0.763467
4 14  0.571324  1.054125
4 15  0.572841  1.047091
4 16  0.553300  0.895801
4 17  0.549775  0.914487
4 18  0.549856  0.706855
4 19  0.276576  0.417263
4 20  0.505254  0.603690
4 21  0.543530  0.765097
4 22  0.555024  0.679979
4 23  0.553128  0.664494
4 24  0.574029  1.058080
4 25  0.575616  0.767894
4 26  0.540208  0.720950
4 27  0.575955  0.896498
4 28  0.572703  1.038451
4 29  0.577277  0.869344
4 30  0.574621  0.953934
5 6  0.542534  0.760490
5 7  0.550320  0.653441
5 8  0.554245  0.665070
5 9  0.584946  0.919712
5 10  0.583501  0.894090
5 11  0.574848  0.957424
5 12  0.552252  0.744039
5 13  0.573090  0.750502
5 14  0.572238  1.046914
5 15  0.573579  1.033010
5 16  0.553627  0.883129
5 17  0.550652  0.901221
5 18  0.548543  0.694767
5 19  0.505677  0.607360
5 20  0.276467  0.380184
5 21  0.544265  0.751725
5 22  0.555765  0.666597
5 23  0.553866  0.651107
5 24  0.574968  1.044796
5 25  0.576360  0.754531
5 26  0.537016  0.702574
5 27  0.576739  0.883151
5 28  0.573686  1.025260
5 29  0.579084  0.856104
5 30  0.575573  0.940636
6 7  0.532124  0.764272
6 8  0.534440  0.766039
6 9  0.543240  0.999016
6 10  0.572743  1.018971
6 11  0.560739  1.076484
6 12  0.566970  0.877670
6 13  0.539255  0.846294
6 14  0.558190  1.149294
6 15  0.557855  1.109493
6 16  0.539797  1.000567
6 17  0.536300  1.011206
6 18  0.537697  0.814536
6 19  0.541953  0.772277
6 20  0.546898  0.760255
6 21  0.257805  0.660646
6 22  0.540936  0.781310
6 23  0.537334  0.768459
6 24  0.560209  1.160774
6 25  0.533313  0.842065
6 26  0.562957  0.859577
6 27  0.533085  0.965152
6 28  0.559419  1.141354
6 29  0.565720  0.974052
6 30  0.559938  1.056932
7 8  0.502117  0.639236
7 9  0.574470  0.916060
7 10  0.580538  0.911922
7 11  0.568752  0.968038
7 12  0.574757  0.773370
7 13  0.539267  0.742144
7 14  0.566154  1.057865
7 15  0.567428  1.043128
7 16  0.548248  0.894555
7 17  0.543459  0.911981
7 18  0.545535  0.707741
7 19  0.549743  0.665240
7 20  0.554689  0.653197
7 21  0.536870  0.760415
7 22  0.273687  0.435060
7 23  0.498570  0.618807
7 24  0.569002  1.056180
7 25  0.531214  0.724318
7 26  0.570745  0.752737
7 27  0.569431  0.894223
7 28  0.567462  1.036248
7 29  0.573741  0.867739
7 30  0.569500  0.951848
8 9  0.580350  0.933802
8 10  0.584461  0.924639
8 11  0.572703  0.982519
8 12  0.578683  0.784645
8 13  0.541848  0.749167
8 14  0.570073  1.068215
8 15  0.571268  1.047380
8 16  0.552071  0.906053
8 17  0.548263  0.923083
8 18  0.549454  0.719315
8 19  0.553668  0.676826
8 20  0.558614  0.664782
8 21  0.537971  0.773069
8 22  0.499866  0.636853
8 23  0.272568  0.427345
8 24  0.572765  1.067579
8 25  0.538285  0.741341
8 26  0.574671  0.764319
8 27  0.573854  0.904654
8 28  0.571391  1.047847
8 29  0.577636  0.879322
8 30  0.573243  0.963372
9 10  0.614957  1.168250
9 11  0.599511  1.191106
9 12  0.609380  1.039769
9 13  0.589121  1.023739
9 14  0.599498  1.319048
9 15  0.591282  1.253032
9 16  0.581629  1.159130
9 17  0.548526  1.126890
9 18  0.580055  0.974691
9 19  0.584371  0.932733
9 20  0.589310  0.920742
9 21  0.538088  0.993509
9 22  0.582120  0.944623
9 23  0.581766  0.929489
9 24  0.600148  1.317585
9 25  0.585265  1.007078
9 26  0.605308  1.019731
9 27  0.374668  1.042553
9 28  0.595399  1.273515
9 29  0.608235  1.133470
9 30  0.600636  1.216538
10 11  0.600990  1.171308
10 12  0.597465  1.000179
10 13  0.603298  1.005985
10 14  0.591570  1.244899
10 15  0.602337  1.287842
10 16  0.552235  1.087920
10 17  0.579658  1.157849
10 18  0.551555  0.925062
10 19  0.584607  0.913349
10 20  0.590306  0.901144
10 21  0.574457  1.010509
10 22  0.585950  0.926176
10 23  0.584082  0.910796
10 24  0.596311  1.272255
10 25  0.606488  1.013562
10 26  0.585136  0.974690
10 27  0.606787  1.140876
10 28  0.600772  1.280801
10 29  0.380387  0.988461
10 30  0.603569  1.197926
11 12  0.599180  1.079299
11 13  0.591512  1.064152
11 14  0.559950  1.331915
11 15  0.560184  1.326187
11 16  0.567040  1.195476
11 17  0.561876  1.214892
11 18  0.569794  1.014623
11 19  0.574290  0.972737
11 20  0.579259  0.960745
11 21  0.562416  1.068380
11 22  0.574141  0.985226
11 23  0.572348  0.969908
11 24  0.520582  1.251447
11 25  0.594440  1.072472
11 26  0.594995  1.059483
11 27  0.594607  1.199159
11 28  0.493051  1.242634
11 29  0.597865  1.172926
11 30  0.553191  1.250937
12 13  0.597526  0.868146
12 14  0.595298  1.134503
12 15  0.597919  1.140608
12 16  0.578501  1.000605
12 17  0.574662  1.020330
12 18  0.546260  0.781805
12 19  0.541012  0.737460
12 20  0.547366  0.726327
12 21  0.568704  0.871305
12 22  0.580184  0.786389
12 23  0.578295  0.770924
12 24  0.599286  1.163608
12 25  0.600775  0.874169
12 26  0.375182  0.696018
12 27  0.600961  1.002392
12 28  0.597600  1.143921
12 29  0.584823  0.949910
12 30  0.599344  1.058842
13 14  0.588795  1.137751
13 15  0.589618  1.129149
13 16  0.570916  0.991002
13 17  0.565340  1.008640
13 18  0.568297  0.804606
13 19  0.572509  0.762174
13 20  0.577457  0.750155
13 21  0.535837  0.833589
13 22  0.536276  0.738987
13 23  0.531012  0.717854
13 24  0.591718  1.152244
13 25  0.367576  0.701541
13 26  0.593517  0.849567
13 27  0.571333  0.962458
13 28  0.590354  1.131976
13 29  0.596413  0.964212
13 30  0.591743  1.047597
14 15  0.560534  1.354061
14 16  0.559281  1.246476
14 17  0.560671  1.300346
14 18  0.567051  1.099666
14 19  0.571081  1.058624
14 20  0.576396  1.046778
14 21  0.560049  1.154528
14 22  0.571452  1.071103
14 23  0.569632  1.055773
14 24  0.519876  1.409029
14 25  0.592061  1.157817
14 26  0.592135  1.145151
14 27  0.590186  1.277007
14 28  0.557198  1.422066
14 29  0.579746  1.232752
14 30  0.516832  1.239970
15 16  0.565965  1.270548
15 17  0.557991  1.249531
15 18  0.568474  1.087217
15 19  0.572972  1.045581
15 20  0.577900  1.033648
15 21  0.559581  1.141327
15 22  0.572747  1.057983
15 23  0.570597  1.042634
15 24  0.559345  1.428870
15 25  0.593464  1.145330
15 26  0.593990  1.132481
15 27  0.578688  1.249539
15 28  0.534254  1.362347
15 29  0.594982  1.239352
15 30  0.493415  1.235962
16 17  0.547984  1.137739
16 18  0.545003  0.914094
16 19  0.553692  0.894845
16 20  0.558609  0.880085
16 21  0.542114  0.981302
16 22  0.553721  0.906370
16 23  0.551821  0.889763
16 24  0.552000  1.185723
16 25  0.574306  0.994439
16 26  0.572732  0.972202
16 27  0.573943  1.099072
16 28  0.568574  1.254527
16 29  0.554328  1.070631
16 30  0.568424  1.137818
17 18  0.545860  0.954912
17 19  0.550087  0.909854
17 20  0.555045  0.900152
17 21  0.535618  1.001810
17 22  0.549435  0.919135
17 23  0.547931  0.909959
17 24  0.566538  1.286977
17 25  0.567871  0.987052
17 26  0.571056  0.995031
17 27  0.546653  1.104448
17 28  0.546727  1.176448
17 29  0.573357  1.090058
17 30  0.565290  1.165893
18 19  0.545219  0.702064
18 20  0.549251  0.685412
18 21  0.539482  0.803628
18 22  0.550981  0.720666
18 23  0.549084  0.704899
18 24  0.569837  1.084319
18 25  0.571575  0.808363
18 26  0.550698  0.775917
18 27  0.571934  0.933753
18 28  0.568761  1.077504
18 29  0.547049  0.885808
18 30  0.570388  0.987366
19 20  0.512610  0.614763
19 21  0.543690  0.763351
19 22  0.555188  0.678107
19 23  0.553289  0.662770
19 24  0.574338  1.055228
19 25  0.575785  0.765804
19 26  0.548306  0.727092
19 27  0.576157  0.893787
19 28  0.573017  1.032073
19 29  0.574419  0.853381
19 30  0.574791  0.948557
20 21  0.548636  0.751290
20 22  0.560134  0.666147
20 23  0.558235  0.650690
20 24  0.579477  1.044134
20 25  0.580732  0.754144
20 26  0.551040  0.719566
20 27  0.581107  0.881871
20 28  0.578080  1.024500
20 29  0.581207  0.850278
20 30  0.579901  0.938000
21 22  0.538780  0.771083
21 23  0.535572  0.746431
21 24  0.562171  1.126742
21 25  0.542176  0.841135
21 26  0.564694  0.849158
21 27  0.538604  0.963870
21 28  0.560266  1.114590
21 29  0.567665  0.964784
21 30  0.562105  1.040092
22 23  0.506566  0.638835
22 24  0.574479  1.068771
22 25  0.545906  0.751177
22 26  0.576192  0.765678
22 27  0.571311  0.889567
22 28  0.573093  1.047753
22 29  0.579181  0.878759
22 30  0.574832  0.959417
23 24  0.572550  1.050195
23 25  0.546592  0.744067
23 26  0.574293  0.750230
23 27  0.570123  0.881479
23 28  0.571158  1.033211
23 29  0.577284  0.864588
23 30  0.572898  0.945274
24 25  0.595014  1.149684
24 26  0.594522  1.123206
24 27  0.592356  1.262516
24 28  0.565748  1.339096
24 29  0.594140  1.255624
24 30  0.564508  1.310461
25 26  0.596789  0.852264
25 27  0.584114  0.983651
25 28  0.593363  1.116866
25 29  0.599772  0.966368
25 30  0.595322  1.050713
26 27  0.597156  0.981829
26 28  0.593767  1.109475
26 29  0.588124  0.942681
26 30  0.595526  1.038282
27 28  0.590992  1.260214
27 29  0.599686  1.077101
27 30  0.587186  1.110849
28 29  0.593343  1.210200
28 30  0.560414  1.298914
29 30  0.591267  1.096929
