  -1146.53648054
  -1146.89778278    -1146.76860673
0.00010557184286
2 2 2 2 2 2 2 2 2 2 2 2 2 2 2 0 0 0 0 0 0 0 0 0 0 0 0 0 0 0 
1  0.266870  0.483441
2  0.261179  0.502788
3  0.270195  0.380791
4  0.279738  0.338709
5  0.280086  0.323811
6  0.267841  0.447272
7  0.273977  0.335599
8  0.277609  0.347849
9  0.312237  0.607604
10  0.313889  0.589233
11  0.301787  0.637635
12  0.305706  0.448054
13  0.297295  0.433629
14  0.299938  0.724225
15  0.301347  0.711611
16  0.282097  0.568502
17  0.278105  0.587316
18  0.276714  0.381850
19  0.280022  0.336989
20  0.284622  0.323472
21  0.269262  0.439191
22  0.279482  0.348135
23  0.277403  0.332968
24  0.302712  0.722813
25  0.300811  0.438867
26  0.301551  0.427590
27  0.303481  0.569073
28  0.301164  0.702366
29  0.306939  0.544664
30  0.302690  0.617623
1 2  0.527415  0.973749
1 3  0.532646  0.845487
1 4  0.546369  0.820830
1 5  0.546661  0.802421
1 6  0.534618  0.924020
1 7  0.540837  0.816637
1 8  0.544464  0.828683
1 9  0.578302  1.062577
1 10  0.556592  1.041950
1 11  0.556944  1.063426
1 12  0.571444  0.927511
1 13  0.564156  0.916485
1 14  0.559263  1.201800
1 15  0.562634  1.157777
1 16  0.269854  0.865753
1 17  0.544747  1.067301
1 18  0.538214  0.863821
1 19  0.546711  0.819568
1 20  0.550809  0.806712
1 21  0.535815  0.921789
1 22  0.546347  0.831384
1 23  0.544251  0.816250
1 24  0.543621  1.179706
1 25  0.567583  0.921747
1 26  0.567553  0.908530
1 27  0.570150  1.050443
1 28  0.565895  1.170737
1 29  0.551273  1.006058
1 30  0.568679  1.098628
2 3  0.531365  0.883033
2 4  0.540895  0.838378
2 5  0.541257  0.825186
2 6  0.527094  0.945716
2 7  0.534597  0.834300
2 8  0.538621  0.850389
2 9  0.549710  1.074464
2 10  0.574259  1.062305
2 11  0.550561  1.073327
2 12  0.566814  0.946461
2 13  0.556380  0.918258
2 14  0.555917  1.185968
2 15  0.556004  1.208589
2 16  0.543023  1.067452
2 17  0.262947  0.913336
2 18  0.537849  0.884177
2 19  0.541155  0.839594
2 20  0.545800  0.826170
2 21  0.529751  0.934622
2 22  0.538975  0.850384
2 23  0.538055  0.834939
2 24  0.560842  1.207990
2 25  0.559405  0.940786
2 26  0.562511  0.929801
2 27  0.542428  1.049053
2 28  0.538434  1.186506
2 29  0.567922  1.045418
2 30  0.562997  1.116162
3 4  0.546150  0.715871
3 5  0.544152  0.694552
3 6  0.538030  0.824081
3 7  0.544172  0.716058
3 8  0.547804  0.727622
3 9  0.582412  0.982411
3 10  0.559322  0.957079
3 11  0.571872  1.012856
3 12  0.554416  0.805442
3 13  0.567484  0.813352
3 14  0.568635  1.093408
3 15  0.571246  1.073701
3 16  0.548124  0.947961
3 17  0.548145  0.967450
3 18  0.266920  0.527451
3 19  0.548972  0.714594
3 20  0.550744  0.701955
3 21  0.539435  0.819600
3 22  0.549670  0.728870
3 23  0.547587  0.713712
3 24  0.572656  1.102296
3 25  0.571006  0.819466
3 26  0.546883  0.782826
3 27  0.573496  0.949228
3 28  0.571226  1.082087
3 29  0.541936  0.889052
3 30  0.572346  0.996506
4 5  0.513051  0.624503
4 6  0.547579  0.785782
4 7  0.553715  0.674148
4 8  0.557347  0.686536
4 9  0.591971  0.945388
4 10  0.588822  0.909506
4 11  0.581442  0.972210
4 12  0.555659  0.758287
4 13  0.577033  0.771689
4 14  0.579465  1.055442
4 15  0.581074  1.049680
4 16  0.561491  0.905972
4 17  0.557628  0.925737
4 18  0.555383  0.717527
4 19  0.280581  0.425737
4 20  0.509673  0.611757
4 21  0.548998  0.777816
4 22  0.559212  0.686820
4 23  0.557139  0.671661
4 24  0.582021  1.060859
4 25  0.580536  0.777503
4 26  0.545321  0.733225
4 27  0.583155  0.907615
4 28  0.580523  1.040662
4 29  0.584732  0.882676
4 30  0.582145  0.956061
5 6  0.547926  0.770850
5 7  0.554063  0.659230
5 8  0.557695  0.671535
5 9  0.592321  0.929634
5 10  0.590567  0.904382
5 11  0.581829  0.957279
5 12  0.557076  0.753794
5 13  0.577381  0.757378
5 14  0.579991  1.047595
5 15  0.581424  1.033989
5 16  0.561370  0.891939
5 17  0.558158  0.910983
5 18  0.553628  0.703892
5 19  0.510079  0.615288
5 20  0.279986  0.385086
5 21  0.549345  0.762941
5 22  0.559567  0.671933
5 23  0.557489  0.656768
5 24  0.582579  1.046124
5 25  0.580893  0.762638
5 26  0.541810  0.713053
5 27  0.583564  0.892762
5 28  0.581179  1.025973
5 29  0.586256  0.867949
5 30  0.582743  0.941257
6 7  0.537199  0.774605
6 8  0.539241  0.776742
6 9  0.551857  1.013254
6 10  0.581714  1.034898
6 11  0.569364  1.081646
6 12  0.573545  0.891850
6 13  0.545030  0.857988
6 14  0.567570  1.154148
6 15  0.567201  1.114046
6 16  0.549132  1.014465
6 17  0.545387  1.026269
6 18  0.544484  0.828750
6 19  0.547860  0.784174
6 20  0.552457  0.770688
6 21  0.263487  0.677198
6 22  0.546283  0.791702
6 23  0.542489  0.779206
6 24  0.569398  1.167240
6 25  0.539273  0.855845
6 26  0.569384  0.874515
6 27  0.541489  0.980563
6 28  0.568518  1.147195
6 29  0.574499  0.990925
6 30  0.568628  1.062439
7 8  0.505668  0.646527
7 9  0.581533  0.925547
7 10  0.587861  0.923020
7 11  0.575707  0.968101
7 12  0.579683  0.783579
7 13  0.543367  0.749534
7 14  0.573890  1.059009
7 15  0.575237  1.044424
7 16  0.556039  0.903868
7 17  0.550787  0.922133
7 18  0.550686  0.717402
7 19  0.553999  0.672570
7 20  0.558599  0.659061
7 21  0.541888  0.772178
7 22  0.277181  0.440696
7 23  0.502352  0.625838
7 24  0.576585  1.058032
7 25  0.535620  0.733806
7 26  0.575521  0.763124
7 27  0.576193  0.904347
7 28  0.574932  1.037418
7 29  0.580916  0.880078
7 30  0.576648  0.952977
8 9  0.587228  0.944293
8 10  0.591490  0.936676
8 11  0.579361  0.983613
8 12  0.583315  0.795402
8 13  0.545687  0.756915
8 14  0.577524  1.069830
8 15  0.578792  1.048673
8 16  0.559543  0.916021
8 17  0.555437  0.933839
8 18  0.554310  0.729636
8 19  0.557631  0.684819
8 20  0.562230  0.671308
8 21  0.542621  0.785458
8 22  0.503571  0.644481
8 23  0.275670  0.433987
8 24  0.580031  1.070082
8 25  0.542593  0.751365
8 26  0.579156  0.775367
8 27  0.580316  0.915357
8 28  0.578559  1.049711
8 29  0.584508  0.892323
8 30  0.580055  0.965157
9 10  0.625893  1.183120
9 11  0.610015  1.195530
9 12  0.617938  1.054250
9 13  0.596869  1.035171
9 14  0.610791  1.324797
9 15  0.602219  1.258158
9 16  0.593014  1.172749
9 17  0.559411  1.142717
9 18  0.588794  0.988689
9 19  0.592257  0.944420
9 20  0.596853  0.930963
9 21  0.546675  1.010338
9 22  0.589455  0.954734
9 23  0.588932  0.939961
9 24  0.611116  1.323679
9 25  0.593173  1.019870
9 26  0.613685  1.034464
9 27  0.384603  1.058233
9 28  0.606293  1.279791
9 29  0.619030  1.150188
9 30  0.611256  1.222248
10 11  0.611469  1.176541
10 12  0.605728  1.014476
10 13  0.611167  1.017823
10 14  0.602419  1.250691
10 15  0.613710  1.294731
10 16  0.563446  1.103729
10 17  0.590665  1.173116
10 18  0.560345  0.940084
10 19  0.592376  0.925767
10 20  0.597777  0.912035
10 21  0.583076  1.027243
10 22  0.593318  0.937083
10 23  0.591288  0.922033
10 24  0.607261  1.279632
10 25  0.614569  1.027222
10 26  0.593254  0.990071
10 27  0.617201  1.156092
10 28  0.611582  1.287080
10 29  0.390413  1.007103
10 30  0.614244  1.204315
11 12  0.607356  1.083813
11 13  0.599011  1.065707
11 14  0.570814  1.329067
11 15  0.571103  1.323086
11 16  0.577656  1.199130
11 17  0.572186  1.219539
11 18  0.578165  1.018664
11 19  0.581775  0.974387
11 20  0.586399  0.960946
11 21  0.570629  1.074234
11 22  0.581141  0.985403
11 23  0.579185  0.970410
11 24  0.531021  1.251954
11 25  0.602137  1.075423
11 26  0.602946  1.064126
11 27  0.604591  1.203883
11 28  0.503021  1.240257
11 29  0.608236  1.179825
11 30  0.563658  1.246880
12 13  0.602999  0.878883
12 14  0.604160  1.137475
12 15  0.606948  1.145042
12 16  0.587444  1.013835
12 17  0.583265  1.034466
12 18  0.552566  0.796107
12 19  0.546275  0.749504
12 20  0.552363  0.736495
12 21  0.574967  0.886884
12 22  0.585166  0.796101
12 23  0.583097  0.780962
12 24  0.608091  1.169419
12 25  0.606494  0.886640
12 26  0.380742  0.711067
12 27  0.608929  1.016384
12 28  0.606219  1.149061
12 29  0.593104  0.966253
12 30  0.607643  1.063701
13 14  0.597058  1.138696
13 15  0.597898  1.131413
13 16  0.579211  1.001400
13 17  0.573322  1.019975
13 18  0.573998  0.815312
13 19  0.577312  0.770549
13 20  0.581914  0.757065
13 21  0.541410  0.847076
13 22  0.540510  0.746596
13 23  0.535080  0.725754
13 24  0.599886  1.155215
13 25  0.372546  0.711653
13 26  0.598844  0.860990
13 27  0.578651  0.973846
13 28  0.598368  1.134340
13 29  0.604093  0.977633
13 30  0.599399  1.049729
14 15  0.571523  1.351118
14 16  0.570951  1.252773
14 17  0.571989  1.305537
14 18  0.576197  1.104091
14 19  0.579241  1.060811
14 20  0.584293  1.047504
14 21  0.569120  1.161107
14 22  0.579196  1.071808
14 23  0.577238  1.056780
14 24  0.531279  1.407763
14 25  0.600584  1.161301
14 26  0.600905  1.150463
14 27  0.601020  1.281697
14 28  0.568469  1.418850
14 29  0.590468  1.240048
14 30  0.526921  1.239262
15 16  0.577578  1.275340
15 17  0.569440  1.257104
15 18  0.577693  1.092194
15 19  0.581319  1.048208
15 20  0.585902  1.034822
15 21  0.568738  1.148501
15 22  0.580596  1.059124
15 23  0.578224  1.044112
15 24  0.570723  1.426748
15 25  0.602054  1.149310
15 26  0.602877  1.138201
15 27  0.589205  1.254947
15 28  0.545513  1.362291
15 29  0.606187  1.246703
15 30  0.503472  1.233114
16 17  0.559430  1.150821
16 18  0.553949  0.925379
16 19  0.562004  0.905148
16 20  0.566587  0.888774
16 21  0.551210  0.994745
16 22  0.561566  0.914993
16 23  0.559487  0.898475
16 24  0.562778  1.190300
16 25  0.582885  1.005944
16 26  0.581344  0.984624
16 27  0.584753  1.110743
16 28  0.579943  1.258638
16 29  0.564998  1.085476
16 30  0.579406  1.142491
17 18  0.554780  0.968481
17 19  0.558098  0.920373
17 20  0.562715  0.909794
17 21  0.544273  1.016856
17 22  0.556886  0.928316
17 23  0.555241  0.920016
17 24  0.577768  1.292692
17 25  0.575965  0.998045
17 26  0.579581  1.008489
17 27  0.556714  1.117894
17 28  0.557134  1.180972
17 29  0.584224  1.104287
17 30  0.576188  1.171210
18 19  0.550627  0.712511
18 20  0.554350  0.694325
18 21  0.545972  0.818164
18 22  0.556194  0.729803
18 23  0.554116  0.714266
18 24  0.578847  1.088485
18 25  0.577520  0.820215
18 26  0.556656  0.789167
18 27  0.580171  0.946739
18 28  0.577666  1.081824
18 29  0.555511  0.901199
18 30  0.578969  0.991482
19 20  0.517065  0.622085
19 21  0.549284  0.776036
19 22  0.559504  0.684868
19 23  0.557424  0.669927
19 24  0.582440  1.057748
19 25  0.580833  0.775237
19 26  0.553472  0.738124
19 27  0.583493  0.904648
19 28  0.580980  1.033376
19 29  0.581817  0.865693
19 30  0.582447  0.950199
20 21  0.553883  0.762516
20 22  0.564103  0.671480
20 23  0.562024  0.656366
20 24  0.587264  1.045476
20 25  0.585433  0.762269
20 26  0.555972  0.729731
20 27  0.588098  0.891303
20 28  0.585727  1.025180
20 29  0.588373  0.861666
20 30  0.587230  0.938393
21 22  0.543743  0.782142
21 23  0.540259  0.757377
21 24  0.571002  1.131742
21 25  0.547734  0.854467
21 26  0.570811  0.864502
21 27  0.546590  0.978800
21 28  0.568947  1.120006
21 29  0.576171  0.982447
21 30  0.570523  1.046138
22 23  0.510311  0.644947
22 24  0.582128  1.070122
22 25  0.550242  0.759147
22 26  0.581032  0.775531
22 27  0.577884  0.898355
22 28  0.580620  1.048238
22 29  0.586414  0.890128
22 30  0.582033  0.959550
23 24  0.580021  1.051337
23 25  0.551033  0.752404
23 26  0.578953  0.760414
23 27  0.576553  0.890849
23 28  0.578502  1.034134
23 29  0.584336  0.876662
23 30  0.579923  0.945963
24 25  0.603412  1.152999
24 26  0.603080  1.127312
24 27  0.602827  1.267960
24 28  0.576580  1.336068
24 29  0.605057  1.263398
24 30  0.575512  1.308535
25 26  0.602360  0.864515
25 27  0.591481  0.995705
25 28  0.601594  1.118881
25 29  0.607736  0.980531
25 30  0.603235  1.053993
26 27  0.605013  0.995958
26 28  0.602233  1.113079
26 29  0.596160  0.958420
26 30  0.603685  1.043277
27 28  0.601438  1.265290
27 29  0.609852  1.091258
27 30  0.596735  1.114342
28 29  0.604028  1.216615
28 30  0.571189  1.295861
29 30  0.601203  1.102221
