  -1146.53648054
  -1146.89865378    -1146.77076562
0.00006699654749
2 2 2 2 2 2 2 2 2 2 2 2 2 2 2 0 0 0 0 0 0 0 0 0 0 0 0 0 0 0 
1  0.268828  0.487463
2  0.263354  0.505501
3  0.271487  0.384911
4  0.280473  0.341418
5  0.280857  0.325906
6  0.269401  0.450989
7  0.274688  0.337008
8  0.278284  0.349575
9  0.314794  0.609739
10  0.316507  0.593818
11  0.303646  0.637098
12  0.307164  0.452611
13  0.298468  0.436069
14  0.302429  0.724166
15  0.303937  0.710687
16  0.284385  0.571821
17  0.280570  0.589667
18  0.278157  0.385612
19  0.280730  0.339708
20  0.285455  0.325170
21  0.270873  0.442774
22  0.280227  0.349629
23  0.278176  0.334591
24  0.305246  0.722286
25  0.302094  0.440588
26  0.302807  0.431434
27  0.305650  0.572534
28  0.303689  0.702025
29  0.309259  0.549585
30  0.304869  0.617970
1 2  0.531545  0.980338
1 3  0.535809  0.853057
1 4  0.549062  0.827532
1 5  0.549382  0.808258
1 6  0.538125  0.931290
1 7  0.543507  0.821853
1 8  0.547096  0.834181
1 9  0.582790  1.067937
1 10  0.561060  1.050349
1 11  0.560454  1.066404
1 12  0.574811  0.935877
1 13  0.567285  0.922937
1 14  0.563672  1.205710
1 15  0.567032  1.160431
1 16  0.273591  0.873074
1 17  0.549168  1.073549
1 18  0.541493  0.871608
1 19  0.549365  0.826259
1 20  0.553554  0.812414
1 21  0.539353  0.929412
1 22  0.549048  0.836899
1 23  0.546980  0.821894
1 24  0.547946  1.183309
1 25  0.570805  0.927494
1 26  0.570766  0.916388
1 27  0.574261  1.057937
1 28  0.570314  1.174417
1 29  0.555500  1.015337
1 30  0.572796  1.103036
2 3  0.534829  0.889843
2 4  0.543803  0.843448
2 5  0.544203  0.829884
2 6  0.530793  0.952084
2 7  0.537460  0.838284
2 8  0.541459  0.854816
2 9  0.554298  1.079401
2 10  0.579019  1.068640
2 11  0.554280  1.075332
2 12  0.570436  0.953395
2 13  0.559636  0.922920
2 14  0.560447  1.188440
2 15  0.560753  1.210401
2 16  0.547480  1.073312
2 17  0.266959  0.917855
2 18  0.541448  0.890648
2 19  0.544029  0.845017
2 20  0.548807  0.830578
2 21  0.533518  0.941036
2 22  0.541823  0.854567
2 23  0.540987  0.839197
2 24  0.565473  1.210347
2 25  0.562842  0.945238
2 26  0.565925  0.936369
2 27  0.546754  1.055645
2 28  0.542873  1.189010
2 29  0.572404  1.053061
2 30  0.567347  1.119387
3 4  0.548162  0.722642
3 5  0.546105  0.700445
3 6  0.540880  0.831503
3 7  0.546174  0.721536
3 8  0.549770  0.733296
3 9  0.586259  0.988207
3 10  0.563206  0.965598
3 11  0.575021  1.016209
3 12  0.557072  0.813887
3 13  0.569947  0.819837
3 14  0.572326  1.097150
3 15  0.575121  1.076145
3 16  0.551606  0.955404
3 17  0.551890  0.973891
3 18  0.269310  0.535191
3 19  0.550962  0.721452
3 20  0.552815  0.707787
3 21  0.542327  0.827286
3 22  0.551706  0.734482
3 23  0.549648  0.719454
3 24  0.576473  1.105914
3 25  0.573580  0.825302
3 26  0.549443  0.791103
3 27  0.576926  0.956807
3 28  0.575045  1.085812
3 29  0.545516  0.898541
3 30  0.575801  1.000935
4 5  0.514598  0.629644
4 6  0.549874  0.792185
4 7  0.555161  0.678236
4 8  0.558757  0.690969
4 9  0.595263  0.950138
4 10  0.592049  0.916053
4 11  0.584040  0.974162
4 12  0.557758  0.765290
4 13  0.578941  0.776723
4 14  0.582687  1.057650
4 15  0.584396  1.051423
4 16  0.564493  0.911926
4 17  0.560809  0.930784
4 18  0.557550  0.723994
4 19  0.281879  0.431474
4 20  0.511340  0.616692
4 21  0.551345  0.784105
4 22  0.560690  0.691022
4 23  0.558647  0.675993
4 24  0.585286  1.062995
4 25  0.582549  0.781929
4 26  0.547277  0.740166
4 27  0.586051  0.913777
4 28  0.583763  1.043016
4 29  0.587760  0.890293
4 30  0.585047  0.959093
5 6  0.550258  0.776614
5 7  0.555545  0.662700
5 8  0.559141  0.675330
5 9  0.595649  0.933651
5 10  0.593838  0.910728
5 11  0.584461  0.958602
5 12  0.559361  0.760573
5 13  0.579326  0.761907
5 14  0.583246  1.049636
5 15  0.584785  1.035025
5 16  0.564368  0.897340
5 17  0.561394  0.915425
5 18  0.555786  0.709752
5 19  0.511666  0.620551
5 20  0.281406  0.389020
5 21  0.551723  0.768619
5 22  0.561083  0.675522
5 23  0.559033  0.660486
5 24  0.585871  1.047661
5 25  0.582943  0.766453
5 26  0.543837  0.719375
5 27  0.586506  0.898315
5 28  0.584468  1.027719
5 29  0.589322  0.874946
5 30  0.585686  0.943684
6 7  0.539398  0.779595
6 8  0.541392  0.781798
6 9  0.555768  1.018595
6 10  0.585891  1.043170
6 11  0.572777  1.084797
6 12  0.576563  0.899727
6 13  0.547696  0.863892
6 14  0.571602  1.157307
6 15  0.571298  1.115868
6 16  0.552898  1.021504
6 17  0.549393  1.032512
6 18  0.547470  0.836215
6 19  0.550127  0.790602
6 20  0.554851  0.776098
6 21  0.266158  0.684282
6 22  0.548560  0.796958
6 23  0.544774  0.784567
6 24  0.573408  1.170491
6 25  0.542084  0.861749
6 26  0.572202  0.882062
6 27  0.545168  0.988331
6 28  0.572593  1.150555
6 29  0.578346  0.999527
6 30  0.572333  1.066380
7 8  0.507086  0.649838
7 9  0.584681  0.928701
7 10  0.591189  0.928810
7 11  0.578276  0.968725
7 12  0.581852  0.789541
7 13  0.545256  0.753318
7 14  0.577086  1.060324
7 15  0.578532  1.044856
7 16  0.559033  0.908596
7 17  0.553862  0.925849
7 18  0.552838  0.722572
7 19  0.555417  0.676697
7 20  0.560143  0.662169
7 21  0.544169  0.777201
7 22  0.278517  0.443330
7 23  0.503919  0.629294
7 24  0.579796  1.058921
7 25  0.537654  0.737380
7 26  0.577487  0.768378
7 27  0.579044  0.909215
7 28  0.578157  1.038471
7 29  0.583947  0.886404
7 30  0.579532  0.954740
8 9  0.590408  0.947846
8 10  0.594782  0.942974
8 11  0.581894  0.984743
8 12  0.585448  0.801587
8 13  0.547581  0.760950
8 14  0.580687  1.071300
8 15  0.582050  1.048925
8 16  0.562496  0.921061
8 17  0.558550  0.937831
8 18  0.556425  0.735121
8 19  0.559014  0.689262
8 20  0.563738  0.674731
8 21  0.544836  0.790776
8 22  0.505112  0.648327
8 23  0.276954  0.437349
8 24  0.583234  1.071282
8 25  0.544562  0.755271
8 26  0.581088  0.780935
8 27  0.583134  0.920514
8 28  0.581764  1.051083
8 29  0.587496  0.898968
8 30  0.582841  0.967238
9 10  0.631054  1.189348
9 11  0.614447  1.197237
9 12  0.621952  1.060882
9 13  0.600475  1.039597
9 14  0.615808  1.326980
9 15  0.607180  1.259030
9 16  0.597770  1.178274
9 17  0.564408  1.148256
9 18  0.592750  0.994574
9 19  0.595521  0.949265
9 20  0.600244  0.934791
9 21  0.550716  1.016534
9 22  0.592726  0.958367
9 23  0.592220  0.943694
9 24  0.616106  1.325292
9 25  0.596830  1.023802
9 26  0.617497  1.040448
9 27  0.388823  1.064179
9 28  0.611323  1.281961
9 29  0.623906  1.157263
9 30  0.615910  1.224927
10 11  0.615941  1.180454
10 12  0.609588  1.022973
10 13  0.614957  1.024460
10 14  0.607296  1.254680
10 15  0.618876  1.298397
10 16  0.568350  1.112425
10 17  0.595715  1.180087
10 18  0.564346  0.948664
10 19  0.595661  0.933061
10 20  0.601188  0.918292
10 21  0.587301  1.035388
10 22  0.596663  0.943158
10 23  0.594678  0.928239
10 24  0.612333  1.283904
10 25  0.618428  1.033526
10 26  0.597004  0.998457
10 27  0.621979  1.164143
10 28  0.616639  1.291319
10 29  0.394788  1.017491
10 30  0.618954  1.209359
11 12  0.610670  1.087821
11 13  0.602038  1.067532
11 14  0.575163  1.329190
11 15  0.575542  1.322080
11 16  0.581713  1.201933
11 17  0.576429  1.221415
11 18  0.581467  1.021888
11 19  0.584333  0.976547
11 20  0.589090  0.962097
11 21  0.574083  1.077258
11 22  0.583742  0.986370
11 23  0.581817  0.971500
11 24  0.535173  1.252568
11 25  0.605274  1.076659
11 26  0.606053  1.067433
11 27  0.608619  1.206901
11 28  0.507236  1.239968
11 29  0.612408  1.184258
11 30  0.567753  1.246850
12 13  0.605630  0.885546
12 14  0.608052  1.140679
12 15  0.610988  1.148035
12 16  0.591160  1.021716
12 17  0.587140  1.041361
12 18  0.555469  0.804932
12 19  0.548381  0.757152
12 20  0.554616  0.743032
12 21  0.578034  0.895007
12 22  0.587363  0.802149
12 23  0.585324  0.787139
12 24  0.612080  1.173449
12 25  0.609230  0.892908
12 26  0.383229  0.720236
12 27  0.612510  1.024368
12 28  0.610191  1.153272
12 29  0.596810  0.975761
12 30  0.611274  1.068462
13 14  0.600716  1.140359
13 15  0.601599  1.132546
13 16  0.582651  1.007166
13 17  0.576898  1.024773
13 18  0.576615  0.821508
13 19  0.579189  0.775703
13 20  0.583920  0.761201
13 21  0.544190  0.853460
13 22  0.542454  0.750876
13 23  0.537006  0.730299
13 24  0.603606  1.157171
13 25  0.374846  0.715703
13 26  0.601270  0.867265
13 27  0.581905  0.979926
13 28  0.602067  1.136483
13 29  0.607543  0.985004
13 30  0.602739  1.052461
14 15  0.576276  1.350486
14 16  0.575713  1.256999
14 17  0.576822  1.307991
14 18  0.580090  1.107755
14 19  0.582383  1.063458
14 20  0.587606  1.049139
14 21  0.573222  1.164590
14 22  0.582408  1.073255
14 23  0.580493  1.058340
14 24  0.536237  1.408054
14 25  0.604341  1.163002
14 26  0.604628  1.154272
14 27  0.605635  1.284806
14 28  0.573290  1.418813
14 29  0.595128  1.244927
14 30  0.531286  1.240889
15 16  0.582331  1.277890
15 17  0.574470  1.259790
15 18  0.581667  1.095035
15 19  0.584615  1.049975
15 20  0.589324  1.035585
15 21  0.572866  1.151261
15 22  0.583904  1.059669
15 23  0.581548  1.044806
15 24  0.575630  1.425719
15 25  0.605912  1.150162
15 26  0.606719  1.141114
15 27  0.593833  1.257678
15 28  0.550493  1.362397
15 29  0.611048  1.250492
15 30  0.507862  1.232900
16 17  0.564212  1.156422
16 18  0.557596  0.931855
16 19  0.564998  0.911171
16 20  0.569713  0.893699
16 21  0.555094  1.000972
16 22  0.564599  0.919673
16 23  0.562549  0.903135
16 24  0.567248  1.192792
16 25  0.586455  1.010961
16 26  0.584774  0.991323
16 27  0.589160  1.116704
16 28  0.584658  1.261699
16 29  0.569489  1.093491
16 30  0.583784  1.146435
17 18  0.558688  0.974582
17 19  0.561265  0.925027
17 20  0.566011  0.913775
17 21  0.548242  1.022622
17 22  0.560058  0.931930
17 23  0.558466  0.923974
17 24  0.582676  1.294635
17 25  0.579631  1.001708
17 26  0.583301  1.014240
17 27  0.561213  1.123385
17 28  0.561705  1.182737
17 29  0.588950  1.110551
17 30  0.580773  1.173876
18 19  0.552752  0.718887
18 20  0.556536  0.699586
18 21  0.549026  0.825209
18 22  0.558383  0.735016
18 23  0.556333  0.719553
18 24  0.582796  1.091191
18 25  0.580245  0.825686
18 26  0.559276  0.796676
18 27  0.583786  0.953567
18 28  0.581632  1.085149
18 29  0.559209  0.909594
18 30  0.582580  0.995323
19 20  0.518645  0.626785
19 21  0.551603  0.782317
19 22  0.560957  0.689030
19 23  0.558906  0.674269
19 24  0.585670  1.059802
19 25  0.582824  0.779560
19 26  0.555403  0.744518
19 27  0.586369  0.910671
19 28  0.584186  1.035274
19 29  0.584763  0.872749
19 30  0.585310  0.953012
20 21  0.556327  0.767772
20 22  0.565682  0.674647
20 23  0.563630  0.659675
20 24  0.590627  1.046600
20 25  0.587549  0.765679
20 26  0.558087  0.735465
20 27  0.591100  0.896323
20 28  0.589073  1.026511
20 29  0.591431  0.867988
20 30  0.590236  0.940301
21 22  0.546020  0.787093
21 23  0.542589  0.762320
21 24  0.575073  1.133902
21 25  0.550545  0.859632
21 26  0.573678  0.871659
21 27  0.550242  0.985500
21 28  0.573021  1.122933
21 29  0.580101  0.990884
21 30  0.574275  1.049810
22 23  0.511882  0.648239
22 24  0.585407  1.071088
22 25  0.552235  0.762294
22 26  0.583033  0.780852
22 27  0.580707  0.902901
22 28  0.583890  1.049291
22 29  0.589478  0.896236
22 30  0.584960  0.961071
23 24  0.583324  1.052087
23 25  0.553144  0.755716
23 26  0.580983  0.765846
23 27  0.579369  0.895541
23 28  0.581797  1.035347
23 29  0.587429  0.883153
23 30  0.582891  0.947810
24 25  0.607213  1.153861
24 26  0.606834  1.129672
24 27  0.607490  1.270774
24 28  0.581398  1.335823
24 29  0.609827  1.267768
24 30  0.580204  1.309165
25 26  0.604899  0.869847
25 27  0.594770  1.000738
25 28  0.605407  1.119771
25 29  0.611339  0.986933
25 30  0.606674  1.055970
26 27  0.608440  1.003238
26 28  0.605992  1.115713
26 29  0.599604  0.966882
26 30  0.607061  1.047367
27 28  0.606082  1.268489
27 29  0.614292  1.098424
27 30  0.600866  1.116993
28 29  0.608747  1.220602
28 30  0.575896  1.296095
29 30  0.605426  1.106376
