  -1146.53648054
  -1146.89937936    -1146.77257324
0.00003351068942
2 2 2 2 2 2 2 2 2 2 2 2 2 2 2 0 0 0 0 0 0 0 0 0 0 0 0 0 0 0 
1  0.270559  0.490776
2  0.265237  0.508221
3  0.272573  0.389376
4  0.280961  0.344562
5  0.281336  0.328369
6  0.270663  0.456160
7  0.275280  0.339344
8  0.278865  0.352460
9  0.316765  0.612839
10  0.318340  0.597702
11  0.305328  0.634688
12  0.308180  0.457930
13  0.299634  0.439938
14  0.304629  0.721257
15  0.306132  0.708115
16  0.286202  0.573715
17  0.282513  0.592130
18  0.279232  0.389806
19  0.281247  0.342941
20  0.286011  0.327434
21  0.272154  0.448168
22  0.280832  0.352094
23  0.278823  0.336907
24  0.307288  0.719337
25  0.303221  0.444392
26  0.303802  0.436586
27  0.307507  0.576064
28  0.305693  0.699797
29  0.311001  0.553942
30  0.306957  0.616360
1 2  0.535076  0.986259
1 3  0.538570  0.860312
1 4  0.551285  0.833940
1 5  0.551594  0.813707
1 6  0.541109  0.939374
1 7  0.545828  0.827206
1 8  0.549406  0.840070
1 9  0.586440  1.073520
1 10  0.564505  1.057166
1 11  0.563586  1.067185
1 12  0.577530  0.944253
1 13  0.570178  0.930104
1 14  0.567583  1.206133
1 15  0.570815  1.160979
1 16  0.276726  0.878093
1 17  0.552845  1.079212
1 18  0.544226  0.879161
1 19  0.551604  0.832766
1 20  0.555774  0.817984
1 21  0.542269  0.938137
1 22  0.551386  0.842669
1 23  0.549356  0.827517
1 24  0.551578  1.183767
1 25  0.573634  0.934608
1 26  0.573449  0.924812
1 27  0.577804  1.064781
1 28  0.574002  1.175710
1 29  0.558902  1.023298
1 30  0.576603  1.104855
2 3  0.537796  0.897002
2 4  0.546172  0.848981
2 5  0.546562  0.834955
2 6  0.533896  0.959816
2 7  0.539913  0.843142
2 8  0.543921  0.860402
2 9  0.558029  1.085019
2 10  0.582667  1.074521
2 11  0.557504  1.075651
2 12  0.573334  0.961173
2 13  0.562632  0.929032
2 14  0.564409  1.188327
2 15  0.564796  1.210610
2 16  0.551192  1.077841
2 17  0.270294  0.922642
2 18  0.544396  0.897542
2 19  0.546395  0.850960
2 20  0.551243  0.835554
2 21  0.536655  0.949189
2 22  0.544238  0.859717
2 23  0.543510  0.844152
2 24  0.569323  1.210422
2 25  0.565799  0.951794
2 26  0.568761  0.944236
2 27  0.550432  1.062199
2 28  0.546623  1.189504
2 29  0.575980  1.060143
2 30  0.571305  1.120669
3 4  0.549696  0.730182
3 5  0.547631  0.707030
3 6  0.543226  0.840695
3 7  0.547852  0.728249
3 8  0.551437  0.740424
3 9  0.589313  0.995289
3 10  0.566119  0.973781
3 11  0.577788  1.018128
3 12  0.559099  0.823337
3 13  0.572198  0.828092
3 14  0.575528  1.098385
3 15  0.578388  1.077409
3 16  0.554453  0.961777
3 17  0.554907  0.980769
3 18  0.271288  0.544329
3 19  0.552544  0.729109
3 20  0.554405  0.714541
3 21  0.544674  0.837119
3 22  0.553395  0.741408
3 23  0.551379  0.726231
3 24  0.579582  1.107444
3 25  0.575793  0.833558
3 26  0.551457  0.800978
3 27  0.579827  0.964795
3 28  0.578129  1.087996
3 29  0.548385  0.907623
3 30  0.578917  1.003755
4 5  0.515542  0.635662
4 6  0.551624  0.800469
4 7  0.556241  0.683673
4 8  0.559825  0.696995
4 9  0.597721  0.956260
4 10  0.594328  0.922299
4 11  0.586208  0.974657
4 12  0.559232  0.773571
4 13  0.580595  0.783602
4 14  0.585375  1.057508
4 15  0.587079  1.051968
4 16  0.566784  0.916895
4 17  0.563212  0.936371
4 18  0.559100  0.731312
4 19  0.282727  0.438495
4 20  0.512409  0.622581
4 21  0.553112  0.792634
4 22  0.561781  0.696628
4 23  0.559781  0.681450
4 24  0.587798  1.063161
4 25  0.584159  0.788869
4 26  0.548757  0.748752
4 27  0.588393  0.920440
4 28  0.586217  1.043916
4 29  0.589990  0.897795
4 30  0.587612  0.960617
5 6  0.551998  0.784189
5 7  0.556616  0.667445
5 8  0.560200  0.680638
5 9  0.598098  0.938960
5 10  0.596084  0.916741
5 11  0.586613  0.958394
5 12  0.560914  0.768501
5 13  0.580969  0.768232
5 14  0.585919  1.049212
5 15  0.587459  1.034751
5 16  0.566569  0.901681
5 17  0.563813  0.920342
5 18  0.557308  0.716428
5 19  0.512677  0.626688
5 20  0.282451  0.394245
5 21  0.553478  0.776470
5 22  0.562166  0.680447
5 23  0.560159  0.665262
5 24  0.588381  1.047154
5 25  0.584545  0.772716
5 26  0.545346  0.727284
5 27  0.588842  0.904299
5 28  0.586946  1.027940
5 29  0.591521  0.881751
5 30  0.588253  0.944531
6 7  0.541176  0.786850
6 8  0.543192  0.789222
6 9  0.558883  1.026364
6 10  0.588985  1.052181
6 11  0.575723  1.087555
6 12  0.578840  0.909761
6 13  0.550067  0.872568
6 14  0.575049  1.159132
6 15  0.574717  1.117667
6 16  0.555842  1.028575
6 17  0.552579  1.040215
6 18  0.549799  0.845552
6 19  0.551903  0.798995
6 20  0.556668  0.783526
6 21  0.268362  0.695329
6 22  0.550414  0.804593
6 23  0.546646  0.792081
6 24  0.576649  1.172765
6 25  0.544424  0.871091
6 26  0.574461  0.892354
6 27  0.548236  0.997306
6 28  0.575861  1.153491
6 29  0.581287  1.008990
6 30  0.575670  1.069786
7 8  0.508232  0.655367
7 9  0.587184  0.933510
7 10  0.593612  0.934765
7 11  0.580547  0.968334
7 12  0.583460  0.797189
7 13  0.547038  0.759631
7 14  0.579871  1.059714
7 15  0.581321  1.044508
7 16  0.561436  0.912818
7 17  0.556338  0.930598
7 18  0.554501  0.729097
7 19  0.556525  0.682264
7 20  0.561292  0.666768
7 21  0.546018  0.784924
7 22  0.279589  0.448691
7 23  0.505180  0.634409
7 24  0.582423  1.058302
7 25  0.539396  0.743846
7 26  0.579069  0.775861
7 27  0.581491  0.915087
7 28  0.580731  1.038577
7 29  0.586281  0.893089
7 30  0.582213  0.955463
8 9  0.592914  0.953352
8 10  0.597195  0.949705
8 11  0.584153  0.985131
8 12  0.587045  0.809665
8 13  0.549383  0.767635
8 14  0.583464  1.071066
8 15  0.584835  1.048605
8 16  0.564875  0.925825
8 17  0.561069  0.943068
8 18  0.558077  0.742192
8 19  0.560111  0.695377
8 20  0.564875  0.679878
8 21  0.546646  0.799087
8 22  0.506311  0.654284
8 23  0.278104  0.443260
8 24  0.585826  1.071203
8 25  0.546280  0.762359
8 26  0.582662  0.788965
8 27  0.585554  0.926887
8 28  0.584334  1.051720
8 29  0.589824  0.906201
8 30  0.585464  0.968511
9 10  0.634837  1.195689
9 11  0.618039  1.198011
9 12  0.624939  1.069217
9 13  0.603517  1.046441
9 14  0.619936  1.327340
9 15  0.611117  1.259478
9 16  0.601504  1.183339
9 17  0.568284  1.154787
9 18  0.595770  1.001837
9 19  0.598007  0.955583
9 20  0.602773  0.940146
9 21  0.553888  1.025145
9 22  0.595295  0.963935
9 23  0.594821  0.949087
9 24  0.620027  1.325465
9 25  0.599798  1.030580
9 26  0.620446  1.048663
9 27  0.392532  1.071370
9 28  0.615253  1.283248
9 29  0.627630  1.164724
9 30  0.619895  1.226578
10 11  0.619376  1.181832
10 12  0.612314  1.031739
10 13  0.617954  1.031816
10 14  0.611145  1.255842
10 15  0.622850  1.299824
10 16  0.571939  1.119159
10 17  0.599426  1.186477
10 18  0.567203  0.956791
10 19  0.598003  0.940178
10 20  0.603558  0.924408
10 21  0.590391  1.044593
10 22  0.599099  0.949493
10 23  0.597158  0.934430
10 24  0.616159  1.285224
10 25  0.621363  1.041188
10 26  0.599722  1.007222
10 27  0.625682  1.171558
10 28  0.620400  1.293013
10 29  0.398232  1.026622
10 30  0.622835  1.211766
11 12  0.613375  1.090735
11 13  0.604878  1.068888
11 14  0.578997  1.324655
11 15  0.579415  1.317737
11 16  0.585107  1.201514
11 17  0.579909  1.221576
11 18  0.584203  1.023669
11 19  0.586534  0.977352
11 20  0.591327  0.961942
11 21  0.577006  1.080158
11 22  0.586013  0.986426
11 23  0.584147  0.971403
11 24  0.538706  1.249166
11 25  0.608079  1.078061
11 26  0.608693  1.070128
11 27  0.612157  1.208162
11 28  0.510562  1.236370
11 29  0.615824  1.186318
11 30  0.571657  1.243016
12 13  0.607811  0.894352
12 14  0.611233  1.142044
12 15  0.614196  1.150200
12 16  0.593971  1.028923
12 17  0.590033  1.049121
12 18  0.557554  0.814798
12 19  0.549893  0.766047
12 20  0.556201  0.750837
12 21  0.580331  0.905689
12 22  0.588979  0.809925
12 23  0.586985  0.794768
12 24  0.615136  1.175828
12 25  0.611370  0.902005
12 26  0.385031  0.731936
12 27  0.615359  1.033165
12 28  0.613159  1.156368
12 29  0.599473  0.985311
12 30  0.614380  1.072043
13 14  0.604062  1.140589
13 15  0.604891  1.133438
13 16  0.585624  1.012914
13 17  0.579977  1.031106
13 18  0.578857  0.829558
13 19  0.580866  0.782798
13 20  0.585640  0.767331
13 21  0.546596  0.863042
13 22  0.544211  0.757472
13 23  0.538833  0.736841
13 24  0.606799  1.158116
13 25  0.376949  0.724412
13 26  0.603427  0.876267
13 27  0.584846  0.987256
13 28  0.605227  1.138141
13 29  0.610420  0.993221
13 30  0.605929  1.054636
14 15  0.580350  1.346244
14 16  0.579730  1.257107
14 17  0.580915  1.307692
14 18  0.583347  1.108958
14 19  0.585057  1.063778
14 20  0.590350  1.048486
14 21  0.576697  1.167051
14 22  0.585178  1.072808
14 23  0.583314  1.057741
14 24  0.540384  1.402924
14 25  0.607634  1.163915
14 26  0.607826  1.156528
14 27  0.609587  1.285369
14 28  0.577348  1.414173
14 29  0.598986  1.246637
14 30  0.535192  1.238082
15 16  0.586285  1.277355
15 17  0.578623  1.260888
15 18  0.584883  1.096673
15 19  0.587324  1.050616
15 20  0.592070  1.035273
15 21  0.576309  1.154143
15 22  0.586690  1.059544
15 23  0.584342  1.044547
15 24  0.579723  1.420698
15 25  0.609220  1.151409
15 26  0.609908  1.143675
15 27  0.597778  1.258812
15 28  0.554662  1.358933
15 29  0.614902  1.252170
15 30  0.511669  1.229398
16 17  0.567941  1.160735
16 18  0.560435  0.937312
16 19  0.567332  0.916280
16 20  0.572092  0.897675
16 21  0.558166  1.007620
16 22  0.567018  0.923863
16 23  0.565010  0.907033
16 24  0.570836  1.192509
16 25  0.589399  1.016604
16 26  0.587506  0.997893
16 27  0.592792  1.121622
16 28  0.588401  1.261531
16 29  0.572944  1.099477
16 30  0.587645  1.147339
17 18  0.561702  0.981213
17 19  0.563716  0.930269
17 20  0.568504  0.918411
17 21  0.551375  1.030180
17 22  0.562583  0.936514
17 23  0.561034  0.928733
17 24  0.586606  1.294331
17 25  0.582653  1.007164
17 26  0.586232  1.021431
17 27  0.564887  1.129005
17 28  0.565349  1.183311
17 29  0.592575  1.116579
17 30  0.584760  1.175028
18 19  0.554301  0.726229
18 20  0.558128  0.705768
18 21  0.551380  0.834456
18 22  0.560062  0.741631
18 23  0.558055  0.725945
18 24  0.585900  1.092027
18 25  0.582446  0.833634
18 26  0.561277  0.805863
18 27  0.586719  0.960940
18 28  0.584694  1.087042
18 29  0.562029  0.917881
18 30  0.585721  0.997713
19 20  0.519715  0.632703
19 21  0.553400  0.790914
19 22  0.562078  0.694660
19 23  0.560069  0.679817
19 24  0.588230  1.059944
19 25  0.584467  0.786445
19 26  0.556917  0.752726
19 27  0.588739  0.917270
19 28  0.586687  1.035773
19 29  0.586980  0.879688
19 30  0.587900  0.954375
20 21  0.558164  0.775395
20 22  0.566844  0.679341
20 23  0.564834  0.664238
20 24  0.593223  1.045848
20 25  0.589232  0.771736
20 26  0.559675  0.743059
20 27  0.593512  0.901933
20 28  0.591618  1.026521
20 29  0.593660  0.874328
20 30  0.592876  0.940779
21 22  0.547862  0.794847
21 23  0.544491  0.769575
21 24  0.578329  1.135451
21 25  0.552882  0.868495
21 26  0.575954  0.881870
21 27  0.553354  0.994073
21 28  0.576233  1.125639
21 29  0.583117  1.000583
21 30  0.577613  1.053401
22 23  0.513109  0.653373
22 24  0.588050  1.070589
22 25  0.553971  0.768538
22 26  0.584634  0.788437
22 27  0.583131  0.908238
22 28  0.586499  1.049392
22 29  0.591822  0.902674
22 30  0.587652  0.961532
23 24  0.586010  1.051069
23 25  0.554996  0.761875
23 26  0.582626  0.773263
23 27  0.581801  0.901029
23 28  0.584447  1.035327
23 29  0.589816  0.889785
23 30  0.585630  0.948423
24 25  0.610366  1.154312
24 26  0.609846  1.131031
24 27  0.611265  1.271421
24 28  0.585206  1.331599
24 29  0.613582  1.269175
24 30  0.584322  1.305566
25 26  0.607021  0.878477
25 27  0.597672  1.007873
25 28  0.608530  1.120597
25 29  0.614207  0.994765
25 30  0.609862  1.058078
26 27  0.611290  1.011889
26 28  0.608975  1.117844
26 29  0.602280  0.976052
26 30  0.610120  1.050827
27 28  0.609911  1.269865
27 29  0.617831  1.105355
27 30  0.604471  1.118383
28 29  0.612368  1.222299
28 30  0.580055  1.292799
29 30  0.608966  1.108573
