  -1146.53648054
  -1146.89965738    -1146.77325569
0.00002002276227
2 2 2 2 2 2 2 2 2 2 2 2 2 2 2 0 0 0 0 0 0 0 0 0 0 0 0 0 0 0 
1  0.271348  0.491926
2  0.266027  0.509243
3  0.272978  0.391365
4  0.281191  0.346053
5  0.281551  0.329513
6  0.271072  0.458277
7  0.275517  0.340366
8  0.279121  0.353700
9  0.317571  0.614049
10  0.319111  0.599545
11  0.306194  0.633431
12  0.308537  0.460359
13  0.300014  0.441458
14  0.305530  0.720189
15  0.307060  0.706980
16  0.287001  0.574473
17  0.283328  0.593006
18  0.279657  0.391770
19  0.281468  0.344463
20  0.286243  0.328521
21  0.272604  0.450292
22  0.281066  0.353144
23  0.279082  0.337964
24  0.308123  0.718129
25  0.303597  0.445880
26  0.304157  0.438904
27  0.308341  0.577366
28  0.306555  0.698772
29  0.311747  0.555950
30  0.307857  0.615664
1 2  0.536618  0.988397
1 3  0.539736  0.863231
1 4  0.552304  0.836564
1 5  0.552595  0.815879
1 6  0.542301  0.942458
1 7  0.546851  0.829242
1 8  0.550449  0.842323
1 9  0.588004  1.075627
1 10  0.566024  1.060052
1 11  0.565077  1.067071
1 12  0.578661  0.947733
1 13  0.571344  0.932770
1 14  0.569268  1.206221
1 15  0.572470  1.160978
1 16  0.278170  0.879807
1 17  0.554454  1.081207
1 18  0.545418  0.882298
1 19  0.552613  0.835422
1 20  0.556761  0.820216
1 21  0.543453  0.941430
1 22  0.552410  0.844867
1 23  0.550398  0.829723
1 24  0.553160  1.183746
1 25  0.574776  0.937250
1 26  0.574584  0.928270
1 27  0.579406  1.067248
1 28  0.575621  1.175965
1 29  0.560433  1.026579
1 30  0.578288  1.105366
2 3  0.538987  0.900005
2 4  0.547186  0.851320
2 5  0.547563  0.837070
2 6  0.535089  0.962895
2 7  0.540935  0.845102
2 8  0.544960  0.862654
2 9  0.559574  1.087210
2 10  0.584193  1.077087
2 11  0.558988  1.075452
2 12  0.574479  0.964474
2 13  0.563783  0.931388
2 14  0.566031  1.188312
2 15  0.566512  1.210528
2 16  0.552781  1.079583
2 17  0.271743  0.924280
2 18  0.545603  0.900528
2 19  0.547385  0.853498
2 20  0.552263  0.837659
2 21  0.537886  0.952374
2 22  0.545240  0.861782
2 23  0.544552  0.846206
2 24  0.570916  1.210413
2 25  0.566956  0.954311
2 26  0.569882  0.947581
2 27  0.552049  1.064669
2 28  0.548204  1.189501
2 29  0.577492  1.063186
2 30  0.572995  1.121076
3 4  0.550321  0.733632
3 5  0.548244  0.710013
3 6  0.544039  0.844570
3 7  0.548494  0.731212
3 8  0.552098  0.743541
3 9  0.590522  0.998266
3 10  0.567291  0.977551
3 11  0.579058  1.018797
3 12  0.559832  0.827650
3 13  0.572983  0.831561
3 14  0.576802  1.099179
3 15  0.579717  1.078030
3 16  0.555636  0.964540
3 17  0.556127  0.983608
3 18  0.272022  0.548558
3 19  0.553166  0.732603
3 20  0.555046  0.717630
3 21  0.545508  0.841226
3 22  0.554031  0.744446
3 23  0.552039  0.729277
3 24  0.580816  1.108231
3 25  0.576574  0.837030
3 26  0.552206  0.805394
3 27  0.581046  0.968083
3 28  0.579395  1.088936
3 29  0.549539  0.911734
3 30  0.580202  1.005035
4 5  0.515974  0.638482
4 6  0.552263  0.804067
4 7  0.556707  0.686161
4 8  0.560311  0.699723
4 9  0.598756  0.958890
4 10  0.595307  0.925277
4 11  0.587301  0.974765
4 12  0.559817  0.777396
4 13  0.581205  0.786547
4 14  0.586504  1.057753
4 15  0.588236  1.052312
4 16  0.567811  0.919117
4 17  0.564248  0.938730
4 18  0.559753  0.734756
4 19  0.283124  0.441860
4 20  0.512867  0.625377
4 21  0.553792  0.796243
4 22  0.562244  0.699167
4 23  0.560270  0.683997
4 24  0.588854  1.063423
4 25  0.584763  0.791844
4 26  0.549336  0.752696
4 27  0.589461  0.923227
4 28  0.587297  1.044380
4 29  0.590952  0.901301
4 30  0.588737  0.961407
5 6  0.552622  0.787414
5 7  0.557067  0.669582
5 8  0.560671  0.683000
5 9  0.599118  0.941188
5 10  0.597043  0.919561
5 11  0.587691  0.958167
5 12  0.561493  0.772166
5 13  0.581564  0.770893
5 14  0.587032  1.049289
5 15  0.588603  1.034698
5 16  0.567553  0.903580
5 17  0.564844  0.922357
5 18  0.557944  0.719547
5 19  0.513119  0.629560
5 20  0.282874  0.396823
5 21  0.554143  0.779735
5 22  0.562615  0.682640
5 23  0.560633  0.667462
5 24  0.589423  1.047074
5 25  0.585136  0.775346
5 26  0.545925  0.730864
5 27  0.589891  0.906740
5 28  0.588021  1.028051
5 29  0.592476  0.884894
5 30  0.589367  0.944973
6 7  0.541804  0.789890
6 8  0.543847  0.792327
6 9  0.560121  1.029436
6 10  0.590164  1.056129
6 11  0.576999  1.088395
6 12  0.579606  0.914080
6 13  0.550824  0.876087
6 14  0.576357  1.160031
6 15  0.576039  1.118324
6 16  0.557013  1.031458
6 17  0.553798  1.043265
6 18  0.550627  0.849624
6 19  0.552531  0.802631
6 20  0.557308  0.786726
6 21  0.269068  0.699735
6 22  0.551050  0.807778
6 23  0.547296  0.795270
6 24  0.577887  1.173699
6 25  0.545188  0.874867
6 26  0.575226  0.896774
6 27  0.549490  1.000870
6 28  0.577132  1.154586
6 29  0.582423  1.013082
6 30  0.576951  1.071151
7 8  0.508746  0.657732
7 9  0.588201  0.935471
7 10  0.594618  0.937498
7 11  0.581645  0.967953
7 12  0.584053  0.800637
7 13  0.547655  0.762222
7 14  0.581007  1.059656
7 15  0.582484  1.044340
7 16  0.562466  0.914595
7 17  0.557363  0.932482
7 18  0.555160  0.732083
7 19  0.556981  0.684808
7 20  0.561760  0.668876
7 21  0.546698  0.788078
7 22  0.280019  0.450989
7 23  0.505697  0.636690
7 24  0.583492  1.058113
7 25  0.540007  0.746523
7 26  0.579657  0.779200
7 27  0.582556  0.917416
7 28  0.581818  1.038564
7 29  0.587263  0.896115
7 30  0.583348  0.955790
8 9  0.593951  0.955605
8 10  0.598221  0.952771
8 11  0.585273  0.985078
8 12  0.587658  0.813269
8 13  0.550057  0.770358
8 14  0.584619  1.071157
8 15  0.586021  1.048485
8 16  0.565908  0.927820
8 17  0.562138  0.945136
8 18  0.558755  0.745394
8 19  0.560589  0.698138
8 20  0.565363  0.682203
8 21  0.547339  0.802469
8 22  0.506817  0.656821
8 23  0.278589  0.445882
8 24  0.586910  1.071234
8 25  0.546924  0.765257
8 26  0.583271  0.792519
8 27  0.586633  0.929413
8 28  0.585453  1.051933
8 29  0.590827  0.909444
8 30  0.586603  0.969055
9 10  0.636397  1.198454
9 11  0.619682  1.198030
9 12  0.626102  1.072826
9 13  0.604681  1.049121
9 14  0.621613  1.327544
9 15  0.612745  1.259570
9 16  0.603106  1.185348
9 17  0.569884  1.157267
9 18  0.596985  1.005008
9 19  0.599033  0.958309
9 20  0.603810  0.942438
9 21  0.555133  1.028589
9 22  0.596329  0.966196
9 23  0.595875  0.951342
9 24  0.621637  1.325470
9 25  0.600950  1.033252
9 26  0.621598  1.052175
9 27  0.394084  1.074096
9 28  0.616895  1.283648
9 29  0.629183  1.167945
9 30  0.621569  1.227150
10 11  0.620986  1.182415
10 12  0.613425  1.035795
10 13  0.619104  1.035019
10 14  0.612730  1.256632
10 15  0.624518  1.300564
10 16  0.573492  1.122137
10 17  0.600996  1.189221
10 18  0.568374  0.960652
10 19  0.598986  0.943549
10 20  0.604552  0.927315
10 21  0.591604  1.048522
10 22  0.600101  0.952381
10 23  0.598187  0.937325
10 24  0.617728  1.285975
10 25  0.622493  1.044513
10 26  0.600825  1.011285
10 27  0.627287  1.174705
10 28  0.622012  1.293850
10 29  0.399676  1.030865
10 30  0.624477  1.212958
11 12  0.614600  1.091898
11 13  0.606122  1.069118
11 14  0.580737  1.322679
11 15  0.581178  1.315628
11 16  0.586724  1.201062
11 17  0.581539  1.221234
11 18  0.585486  1.024368
11 19  0.587618  0.977611
11 20  0.592421  0.961771
11 21  0.578301  1.080988
11 22  0.587104  0.986217
11 23  0.585273  0.971201
11 24  0.540321  1.247521
11 25  0.609305  1.078286
11 26  0.609888  1.071165
11 27  0.613842  1.208273
11 28  0.512176  1.234503
11 29  0.617425  1.187115
11 30  0.573432  1.241128
12 13  0.608548  0.898103
12 14  0.612476  1.142957
12 15  0.615479  1.151276
12 16  0.595117  1.032117
12 17  0.591175  1.052419
12 18  0.558320  0.819328
12 19  0.550454  0.770133
12 20  0.556783  0.754433
12 21  0.581135  0.910230
12 22  0.589564  0.813403
12 23  0.587598  0.798252
12 24  0.616329  1.177053
12 25  0.612103  0.905911
12 26  0.385728  0.737275
12 27  0.616535  1.036875
12 28  0.614376  1.157774
12 29  0.600574  0.989703
12 30  0.615619  1.073724
13 14  0.605342  1.140817
13 15  0.606179  1.133697
13 16  0.586795  1.015183
13 17  0.581152  1.033513
13 18  0.579665  0.833037
13 19  0.581463  0.785839
13 20  0.586251  0.769936
13 21  0.547416  0.866837
13 22  0.544823  0.760168
13 23  0.539478  0.739571
13 24  0.608012  1.158434
13 25  0.377736  0.727730
13 26  0.604158  0.880096
13 27  0.586029  0.990059
13 28  0.606466  1.138651
13 29  0.611529  0.996743
13 30  0.607188  1.055423
14 15  0.582044  1.344532
14 16  0.581430  1.257262
14 17  0.582607  1.307588
14 18  0.584668  1.109823
14 19  0.586159  1.064232
14 20  0.591482  1.048499
14 21  0.578051  1.168099
14 22  0.586299  1.072792
14 23  0.584465  1.057731
14 24  0.542096  1.400980
14 25  0.608903  1.164346
14 26  0.609073  1.157783
14 27  0.611278  1.285593
14 28  0.579017  1.412226
14 29  0.600591  1.247560
14 30  0.536867  1.237046
15 16  0.587992  1.277059
15 17  0.580376  1.261133
15 18  0.586211  1.097506
15 19  0.588468  1.050988
15 20  0.593224  1.035217
15 21  0.577675  1.155162
15 22  0.587849  1.059446
15 23  0.585502  1.044462
15 24  0.581372  1.418502
15 25  0.610518  1.151779
15 26  0.611188  1.144852
15 27  0.599468  1.258964
15 28  0.556419  1.357343
15 29  0.616546  1.253001
15 30  0.513356  1.227771
16 17  0.569535  1.162353
16 18  0.561650  0.939728
16 19  0.568351  0.918550
16 20  0.573121  0.899426
16 21  0.559401  1.010201
16 22  0.568047  0.925580
16 23  0.566066  0.908685
16 24  0.572356  1.192345
16 25  0.590572  1.018826
16 26  0.588629  1.000730
16 27  0.594385  1.123476
16 28  0.590031  1.261351
16 29  0.574432  1.102142
16 30  0.589313  1.147659
17 18  0.562940  0.984046
17 19  0.564748  0.932426
17 20  0.569548  0.920324
17 21  0.552602  1.033073
17 22  0.563620  0.938304
17 23  0.562102  0.930657
17 24  0.588232  1.294078
17 25  0.583825  1.009265
17 26  0.587398  1.024430
17 27  0.566477  1.131034
17 28  0.566876  1.183334
17 29  0.594102  1.119120
17 30  0.586458  1.175315
18 19  0.554947  0.729684
18 20  0.558779  0.708700
18 21  0.552254  0.838362
18 22  0.560720  0.744613
18 23  0.558739  0.728895
18 24  0.587154  1.092605
18 25  0.583247  0.837066
18 26  0.562021  0.810109
18 27  0.587977  0.964039
18 28  0.585975  1.087944
18 29  0.563206  0.921722
18 30  0.587039  0.998902
19 20  0.520153  0.635512
19 21  0.554072  0.794549
19 22  0.562533  0.697194
19 23  0.560549  0.682396
19 24  0.589286  1.060204
19 25  0.585065  0.789374
19 26  0.557489  0.756502
19 27  0.589792  0.919987
19 28  0.587766  1.036046
19 29  0.587926  0.882906
19 30  0.589013  0.955056
20 21  0.558847  0.778585
20 22  0.567309  0.681458
20 23  0.565325  0.666370
20 24  0.594291  1.045687
20 25  0.589840  0.774305
20 26  0.560272  0.746560
20 27  0.594576  0.904225
20 28  0.592707  1.026565
20 29  0.594615  0.877278
20 30  0.594005  0.941077
21 22  0.548534  0.797984
21 23  0.545192  0.772582
21 24  0.579604  1.136043
21 25  0.553673  0.872000
21 26  0.576758  0.886137
21 27  0.554650  0.997343
21 28  0.577526  1.126550
21 29  0.584311  1.004683
21 30  0.578949  1.054782
22 23  0.513630  0.655603
22 24  0.589113  1.070414
22 25  0.554576  0.771082
22 26  0.585221  0.791796
22 27  0.584176  0.910331
22 28  0.587593  1.049390
22 29  0.592800  0.905551
22 30  0.588787  0.961740
23 24  0.587102  1.050748
23 25  0.555668  0.764446
23 26  0.583239  0.776607
23 27  0.582862  0.903211
23 28  0.585565  1.035321
23 29  0.590819  0.892816
23 30  0.586786  0.948745
24 25  0.611568  1.154425
24 26  0.611016  1.131705
24 27  0.612897  1.271647
24 28  0.586810  1.329682
24 29  0.615137  1.269969
24 30  0.586052  1.304106
25 26  0.607752  0.882119
25 27  0.598873  1.010596
25 28  0.609764  1.120815
25 29  0.615329  0.998133
25 30  0.611126  1.058831
26 27  0.612479  1.015494
26 28  0.610191  1.118814
26 29  0.603380  0.980244
26 30  0.611364  1.052423
27 28  0.611587  1.270179
27 29  0.619376  1.108201
27 30  0.606053  1.118839
28 29  0.613923  1.223187
28 30  0.581811  1.291288
29 30  0.610476  1.109631
