  -1146.53648054
  -1146.89979049    -1146.77360196
0.00001345246694
2 2 2 2 2 2 2 2 2 2 2 2 2 2 2 0 0 0 0 0 0 0 0 0 0 0 0 0 0 0 
1  0.271724  0.492478
2  0.266438  0.509884
3  0.273172  0.392400
4  0.281274  0.346816
5  0.281673  0.330087
6  0.271248  0.459552
7  0.275625  0.340978
8  0.279244  0.354474
9  0.317990  0.614784
10  0.319525  0.600268
11  0.306599  0.632788
12  0.308700  0.461595
13  0.300215  0.442533
14  0.305980  0.719599
15  0.307517  0.706302
16  0.287427  0.574769
17  0.283771  0.593526
18  0.279856  0.392784
19  0.281548  0.345235
20  0.286372  0.329071
21  0.272785  0.451594
22  0.281174  0.353826
23  0.279219  0.338636
24  0.308563  0.717396
25  0.303811  0.446889
26  0.304314  0.440021
27  0.308743  0.578331
28  0.306978  0.698148
29  0.312128  0.556840
30  0.308309  0.615238
1 2  0.537392  0.989570
1 3  0.540294  0.864702
1 4  0.552763  0.837868
1 5  0.553094  0.816943
1 6  0.542850  0.944181
1 7  0.547333  0.830331
1 8  0.550946  0.843575
1 9  0.588785  1.076770
1 10  0.566797  1.061284
1 11  0.565798  1.066984
1 12  0.579197  0.949470
1 13  0.571920  0.934395
1 14  0.570091  1.206193
1 15  0.573265  1.160854
1 16  0.278877  0.880527
1 17  0.555275  1.082263
1 18  0.545981  0.883877
1 19  0.553069  0.836741
1 20  0.557247  0.821317
1 21  0.543987  0.943293
1 22  0.552895  0.846100
1 23  0.550907  0.830948
1 24  0.553941  1.183599
1 25  0.575348  0.938817
1 26  0.575112  0.929932
1 27  0.580177  1.068771
1 28  0.576407  1.175943
1 29  0.561173  1.028109
1 30  0.579115  1.105521
2 3  0.539591  0.901677
2 4  0.547676  0.852626
2 5  0.548093  0.838258
2 6  0.535669  0.964775
2 7  0.541450  0.846318
2 8  0.545492  0.864064
2 9  0.560385  1.088528
2 10  0.584995  1.078285
2 11  0.559731  1.075440
2 12  0.575055  0.966277
2 13  0.564387  0.932954
2 14  0.566855  1.188360
2 15  0.567368  1.210503
2 16  0.553621  1.080505
2 17  0.272475  0.925288
2 18  0.546205  0.902186
2 19  0.547870  0.854908
2 20  0.552802  0.838848
2 21  0.538475  0.954324
2 22  0.545748  0.863100
2 23  0.545098  0.847495
2 24  0.571753  1.210381
2 25  0.567569  0.955971
2 26  0.570439  0.949343
2 27  0.552846  1.066350
2 28  0.549008  1.189518
2 29  0.578280  1.064723
2 30  0.573854  1.121333
3 4  0.550596  0.735419
3 5  0.548555  0.711544
3 6  0.544408  0.846756
3 7  0.548796  0.732833
3 8  0.552415  0.745284
3 9  0.591135  0.999929
3 10  0.567905  0.979279
3 11  0.579656  1.019158
3 12  0.560178  0.829843
3 13  0.573377  0.833645
3 14  0.577437  1.099545
3 15  0.580367  1.078266
3 16  0.556244  0.965879
3 17  0.556761  0.985150
3 18  0.272385  0.550772
3 19  0.553440  0.734403
3 20  0.555365  0.719223
3 21  0.545876  0.843559
3 22  0.554333  0.746162
3 23  0.552369  0.730983
3 24  0.581444  1.108540
3 25  0.576982  0.839071
3 26  0.552552  0.807608
3 27  0.581636  0.970086
3 28  0.580013  1.089336
3 29  0.550121  0.913711
3 30  0.580836  1.005638
4 5  0.516158  0.639928
4 6  0.552521  0.806094
4 7  0.556898  0.687522
4 8  0.560517  0.701259
4 9  0.599257  0.960354
4 10  0.595798  0.926597
4 11  0.587787  0.974824
4 12  0.560074  0.779346
4 13  0.581488  0.788341
4 14  0.587037  1.057845
4 15  0.588775  1.052390
4 16  0.568316  0.920166
4 17  0.564763  0.940006
4 18  0.560034  0.736528
4 19  0.283283  0.443548
4 20  0.513069  0.626807
4 21  0.554055  0.798305
4 22  0.562434  0.700612
4 23  0.560489  0.685431
4 24  0.589378  1.063445
4 25  0.585058  0.793615
4 26  0.549579  0.754638
4 27  0.589946  0.924953
4 28  0.587792  1.044514
4 29  0.591417  0.902956
4 30  0.589267  0.961740
5 6  0.552920  0.789246
5 7  0.557298  0.670753
5 8  0.560916  0.684337
5 9  0.599659  0.942432
5 10  0.597563  0.920788
5 11  0.588218  0.958045
5 12  0.561779  0.774014
5 13  0.581888  0.772541
5 14  0.587604  1.049277
5 15  0.589182  1.034564
5 16  0.568085  0.904453
5 17  0.565408  0.923448
5 18  0.558261  0.721143
5 19  0.513309  0.631020
5 20  0.283109  0.398134
5 21  0.554445  0.781610
5 22  0.562846  0.683897
5 23  0.560892  0.668709
5 24  0.589980  1.046912
5 25  0.585470  0.776929
5 26  0.546207  0.732618
5 27  0.590416  0.908279
5 28  0.588568  1.027998
5 29  0.592975  0.886352
5 30  0.589942  0.945118
6 7  0.542083  0.791713
6 8  0.544146  0.794221
6 9  0.560715  1.031347
6 10  0.590754  1.058117
6 11  0.577581  1.089026
6 12  0.579944  0.916449
6 13  0.551194  0.878348
6 14  0.576978  1.160623
6 15  0.576662  1.118749
6 16  0.557603  1.033032
6 17  0.554415  1.045075
6 18  0.551000  0.851906
6 19  0.552786  0.804676
6 20  0.557609  0.788550
6 21  0.269384  0.702433
6 22  0.551333  0.809731
6 23  0.547603  0.797227
6 24  0.578497  1.174256
6 25  0.545572  0.877217
6 26  0.575559  0.899157
6 27  0.550075  1.003175
6 28  0.577730  1.155241
6 29  0.582970  1.015232
6 30  0.577577  1.071978
7 8  0.508967  0.659201
7 9  0.588722  0.936664
7 10  0.595139  0.938762
7 11  0.582157  0.967848
7 12  0.584324  0.802482
7 13  0.547971  0.763954
7 14  0.581565  1.059666
7 15  0.583049  1.044242
7 16  0.563000  0.915499
7 17  0.557898  0.933604
7 18  0.555466  0.733708
7 19  0.557169  0.686191
7 20  0.561997  0.670037
7 21  0.546985  0.789993
7 22  0.280232  0.452457
7 23  0.505942  0.638090
7 24  0.584037  1.057991
7 25  0.540328  0.748227
7 26  0.579920  0.780929
7 27  0.583066  0.918998
7 28  0.582344  1.038547
7 29  0.587752  0.897615
7 30  0.583909  0.955976
8 9  0.594486  0.957011
8 10  0.598756  0.954258
8 11  0.585800  0.985194
8 12  0.587944  0.815240
8 13  0.550395  0.772192
8 14  0.585191  1.071285
8 15  0.586603  1.048445
8 16  0.566442  0.928888
8 17  0.562703  0.946405
8 18  0.559071  0.747181
8 19  0.560792  0.699683
8 20  0.565614  0.683527
8 21  0.547637  0.804556
8 22  0.507045  0.658417
8 23  0.278846  0.447550
8 24  0.587467  1.071273
8 25  0.547250  0.767138
8 26  0.583548  0.794409
8 27  0.587154  0.931139
8 28  0.585999  1.052082
8 29  0.591332  0.911107
8 30  0.587167  0.969403
9 10  0.637223  1.199773
9 11  0.620494  1.198168
9 12  0.626684  1.074777
9 13  0.605285  1.050889
9 14  0.622477  1.327725
9 15  0.613564  1.259693
9 16  0.603944  1.186399
9 17  0.570740  1.158726
9 18  0.597590  1.006754
9 19  0.599533  0.959813
9 20  0.604358  0.943721
9 21  0.555737  1.030642
9 22  0.596852  0.967618
9 23  0.596428  0.952742
9 24  0.622482  1.325468
9 25  0.601556  1.034944
9 26  0.622166  1.054019
9 27  0.394842  1.075973
9 28  0.617723  1.283869
9 29  0.629981  1.169576
9 30  0.622430  1.227492
10 11  0.621785  1.182533
10 12  0.613997  1.037654
10 13  0.619719  1.036717
10 14  0.613538  1.256821
10 15  0.625380  1.300638
10 16  0.574326  1.123355
10 17  0.601839  1.190481
10 18  0.568978  0.962402
10 19  0.599479  0.945045
10 20  0.605092  0.928578
10 21  0.592191  1.050532
10 22  0.600618  0.953784
10 23  0.598737  0.938719
10 24  0.618559  1.286093
10 25  0.623106  1.046246
10 26  0.601388  1.013072
10 27  0.628103  1.176397
10 28  0.622835  1.293965
10 29  0.400427  1.032665
10 30  0.625330  1.213278
11 12  0.615169  1.092493
11 13  0.606727  1.069515
11 14  0.581582  1.321618
11 15  0.582031  1.314469
11 16  0.587532  1.200731
11 17  0.582358  1.221123
11 18  0.586082  1.024733
11 19  0.588103  0.977735
11 20  0.592953  0.961675
11 21  0.578880  1.081624
11 22  0.587612  0.986258
11 23  0.585814  0.971230
11 24  0.541130  1.246564
11 25  0.609918  1.078651
11 26  0.610443  1.071628
11 27  0.614644  1.208627
11 28  0.512945  1.233433
11 29  0.618206  1.187386
11 30  0.574287  1.240093
12 13  0.608912  0.900295
12 14  0.613082  1.143377
12 15  0.616100  1.151711
12 16  0.595700  1.033646
12 17  0.591762  1.054171
12 18  0.558686  0.821651
12 19  0.550697  0.772208
12 20  0.557067  0.756265
12 21  0.581478  0.912758
12 22  0.589833  0.815320
12 23  0.587896  0.800159
12 24  0.616932  1.177565
12 25  0.612479  0.908150
12 26  0.386035  0.739923
12 27  0.617088  1.039069
12 28  0.614956  1.158387
12 29  0.601110  0.991818
12 30  0.616240  1.074513
13 14  0.605991  1.141118
13 15  0.606827  1.133987
13 16  0.587414  1.016551
13 17  0.581789  1.035111
13 18  0.580064  0.835122
13 19  0.581742  0.787686
13 20  0.586579  0.771561
13 21  0.547793  0.869284
13 22  0.545134  0.761998
13 23  0.539803  0.741411
13 24  0.608655  1.158782
13 25  0.378127  0.730130
13 26  0.604515  0.882285
13 27  0.586614  0.992075
13 28  0.607088  1.139105
13 29  0.612104  0.998708
13 30  0.607834  1.056052
14 15  0.582891  1.343492
14 16  0.582301  1.257232
14 17  0.583484  1.307552
14 18  0.585315  1.110232
14 19  0.586677  1.064413
14 20  0.592060  1.048456
14 21  0.578683  1.168807
14 22  0.586855  1.072885
14 23  0.585037  1.057812
14 24  0.542976  1.399811
14 25  0.609567  1.164765
14 26  0.609680  1.158314
14 27  0.612112  1.285941
14 28  0.579849  1.411095
14 29  0.601399  1.247872
14 30  0.537679  1.236392
15 16  0.588847  1.276719
15 17  0.581269  1.261249
15 18  0.586858  1.097847
15 19  0.589005  1.051077
15 20  0.593813  1.035084
15 21  0.578307  1.155801
15 22  0.588413  1.059445
15 23  0.586086  1.044457
15 24  0.582213  1.417176
15 25  0.611185  1.152114
15 26  0.611803  1.145292
15 27  0.600303  1.259248
15 28  0.557285  1.356343
15 29  0.617367  1.253204
15 30  0.514186  1.226795
16 17  0.570395  1.163154
16 18  0.562269  0.940897
16 19  0.568858  0.919613
16 20  0.573678  0.900224
16 21  0.560000  1.011641
16 22  0.568581  0.926501
16 23  0.566627  0.909552
16 24  0.573154  1.192110
16 25  0.591211  1.020117
16 26  0.589198  1.002037
16 27  0.595201  1.124612
16 28  0.590857  1.261074
16 29  0.575210  1.103274
16 30  0.590176  1.147689
17 18  0.563582  0.985572
17 19  0.565270  0.933590
17 20  0.570118  0.921369
17 21  0.553218  1.034833
17 22  0.564167  0.939417
17 23  0.562678  0.931840
17 24  0.589096  1.293928
17 25  0.584475  1.010621
17 26  0.587999  1.025984
17 27  0.567292  1.132405
17 28  0.567670  1.183361
17 29  0.594913  1.120364
17 30  0.587338  1.175457
18 19  0.555226  0.731453
18 20  0.559107  0.710190
18 21  0.552633  0.840589
18 22  0.561028  0.746291
18 23  0.559075  0.730537
18 24  0.587791  1.092808
18 25  0.583660  0.839078
18 26  0.562371  0.812201
18 27  0.588580  0.965925
18 28  0.586595  1.088321
18 29  0.563788  0.923553
18 30  0.587687  0.999458
19 20  0.520345  0.636949
19 21  0.554333  0.796614
19 22  0.562722  0.698626
19 23  0.560766  0.683840
19 24  0.589808  1.060220
19 25  0.585358  0.791108
19 26  0.557741  0.758355
19 27  0.590273  0.921670
19 28  0.588265  1.036075
19 29  0.588387  0.884425
19 30  0.589542  0.955338
20 21  0.559156  0.780426
20 22  0.567546  0.682679
20 23  0.565590  0.667585
20 24  0.594860  1.045482
20 25  0.590182  0.775862
20 26  0.560560  0.748257
20 27  0.595107  0.905690
20 28  0.593254  1.026484
20 29  0.595113  0.878652
20 30  0.594585  0.941168
21 22  0.548820  0.799945
21 23  0.545510  0.774427
21 24  0.580209  1.136417
21 25  0.554056  0.874239
21 26  0.577096  0.888461
21 27  0.555234  0.999536
21 28  0.578122  1.127129
21 29  0.584871  1.006862
21 30  0.579581  1.055619
22 23  0.513869  0.657055
22 24  0.589661  1.070356
22 25  0.554899  0.772773
22 26  0.585487  0.793590
22 27  0.584678  0.911814
22 28  0.588124  1.049423
22 29  0.593288  0.907011
22 30  0.589348  0.961906
23 24  0.587680  1.050572
23 25  0.556029  0.766140
23 26  0.583533  0.778376
23 27  0.583386  0.904756
23 28  0.586123  1.035333
23 29  0.591336  0.894360
23 30  0.587378  0.948978
24 25  0.612221  1.154619
24 26  0.611606  1.131898
24 27  0.613713  1.271908
24 28  0.587635  1.328555
24 29  0.615945  1.270128
24 30  0.586933  1.303160
25 26  0.608122  0.884161
25 27  0.599473  1.012517
25 28  0.610401  1.121066
25 29  0.615924  0.999960
25 30  0.611785  1.059392
26 27  0.613039  1.017571
26 28  0.610768  1.119158
26 29  0.603911  0.982203
26 30  0.611971  1.053098
27 28  0.612399  1.270536
27 29  0.620142  1.109799
27 30  0.606843  1.119218
28 29  0.614697  1.223415
28 30  0.582682  1.290360
29 30  0.611249  1.110006
