  -1146.53648054
  -1146.89986285    -1146.77379488
0.00000984084584
2 2 2 2 2 2 2 2 2 2 2 2 2 2 2 0 0 0 0 0 0 0 0 0 0 0 0 0 0 0 
1  0.271974  0.492765
2  0.266696  0.510221
3  0.273297  0.392976
4  0.281319  0.347283
5  0.281727  0.330439
6  0.271363  0.460224
7  0.275677  0.341363
8  0.279312  0.354925
9  0.318232  0.615200
10  0.319754  0.600723
11  0.306845  0.632491
12  0.308804  0.462334
13  0.300310  0.443084
14  0.306254  0.719263
15  0.307790  0.705930
16  0.287681  0.574958
17  0.284037  0.593778
18  0.279992  0.393424
19  0.281602  0.345704
20  0.286436  0.329411
21  0.272899  0.452303
22  0.281235  0.354227
23  0.279284  0.339021
24  0.308818  0.716993
25  0.303924  0.447445
26  0.304418  0.440739
27  0.308981  0.578795
28  0.307220  0.697826
29  0.312370  0.557353
30  0.308557  0.614988
1 2  0.537893  0.990186
1 3  0.540663  0.865507
1 4  0.553058  0.838615
1 5  0.553399  0.817545
1 6  0.543215  0.945069
1 7  0.547634  0.830951
1 8  0.551263  0.844261
1 9  0.589268  1.077392
1 10  0.567263  1.061994
1 11  0.566250  1.066986
1 12  0.579548  0.950465
1 13  0.572264  0.935232
1 14  0.570605  1.206149
1 15  0.573758  1.160773
1 16  0.279311  0.880950
1 17  0.555790  1.082795
1 18  0.546363  0.884809
1 19  0.553374  0.837494
1 20  0.557551  0.821942
1 21  0.544339  0.944293
1 22  0.553205  0.846787
1 23  0.551221  0.831620
1 24  0.554430  1.183508
1 25  0.575705  0.939663
1 26  0.575461  0.930933
1 27  0.580663  1.069524
1 28  0.576893  1.175943
1 29  0.561650  1.028961
1 30  0.579609  1.105574
2 3  0.539973  0.902588
2 4  0.547978  0.853363
2 5  0.548404  0.838930
2 6  0.536041  0.965771
2 7  0.541758  0.847015
2 8  0.545817  0.864848
2 9  0.560872  1.089242
2 10  0.585478  1.078980
2 11  0.560187  1.075475
2 12  0.575416  0.967305
2 13  0.564735  0.933772
2 14  0.567360  1.188359
2 15  0.567891  1.210478
2 16  0.554134  1.081021
2 17  0.272925  0.925799
2 18  0.546596  0.903164
2 19  0.548176  0.855710
2 20  0.553124  0.839522
2 21  0.538846  0.955380
2 22  0.546054  0.863835
2 23  0.545424  0.848208
2 24  0.572258  1.210352
2 25  0.567939  0.956867
2 26  0.570793  0.950398
2 27  0.553327  1.067197
2 28  0.549482  1.189534
2 29  0.578777  1.065575
2 30  0.574355  1.121446
3 4  0.550764  0.736456
3 5  0.548730  0.712426
3 6  0.544648  0.847925
3 7  0.548973  0.733776
3 8  0.552609  0.746267
3 9  0.591501  1.000856
3 10  0.568258  0.980288
3 11  0.580028  1.019424
3 12  0.560401  0.831123
3 13  0.573597  0.834758
3 14  0.577824  1.099742
3 15  0.580765  1.078402
3 16  0.556618  0.966651
3 17  0.557152  0.985969
3 18  0.272616  0.552101
3 19  0.553617  0.735445
3 20  0.555551  0.720146
3 21  0.546111  0.844843
3 22  0.554518  0.747139
3 23  0.552557  0.731944
3 24  0.581823  1.108714
3 25  0.577220  0.840202
3 26  0.552778  0.808939
3 27  0.581993  0.971126
3 28  0.580382  1.089584
3 29  0.550489  0.914841
3 30  0.581205  1.005963
4 5  0.516247  0.640820
4 6  0.552681  0.807227
4 7  0.556995  0.688366
4 8  0.560630  0.702177
4 9  0.599543  0.961213
4 10  0.596072  0.927413
4 11  0.588079  0.974955
4 12  0.560231  0.780524
4 13  0.581628  0.789330
4 14  0.587356  1.057926
4 15  0.589092  1.052481
4 16  0.568618  0.920817
4 17  0.565064  0.940722
4 18  0.560215  0.737633
4 19  0.283377  0.444584
4 20  0.513176  0.627681
4 21  0.554214  0.799480
4 22  0.562539  0.701479
4 23  0.560600  0.686283
4 24  0.589677  1.063504
4 25  0.585215  0.794637
4 26  0.549730  0.755866
4 27  0.590229  0.925882
4 28  0.588072  1.044658
4 29  0.591704  0.903939
4 30  0.589558  0.961954
5 6  0.553089  0.790259
5 7  0.557404  0.671480
5 8  0.561038  0.685133
5 9  0.599954  0.943161
5 10  0.597839  0.921555
5 11  0.588517  0.958066
5 12  0.561940  0.775126
5 13  0.582036  0.773442
5 14  0.587931  1.049296
5 15  0.589509  1.034523
5 16  0.568381  0.904995
5 17  0.565728  0.924051
5 18  0.558448  0.722141
5 19  0.513411  0.631908
5 20  0.283246  0.398911
5 21  0.554613  0.782671
5 22  0.562960  0.684649
5 23  0.561011  0.669446
5 24  0.590287  1.046858
5 25  0.585637  0.777837
5 26  0.546364  0.733731
5 27  0.590708  0.909094
5 28  0.588865  1.028025
5 29  0.593268  0.887214
5 30  0.590243  0.945218
6 7  0.542249  0.792731
6 8  0.544324  0.795256
6 9  0.561068  1.032370
6 10  0.591098  1.059241
6 11  0.577944  1.089400
6 12  0.580162  0.917767
6 13  0.551398  0.879535
6 14  0.577367  1.160904
6 15  0.577048  1.118962
6 16  0.557964  1.033897
6 17  0.554793  1.046011
6 18  0.551255  0.853216
6 19  0.552954  0.805815
6 20  0.557787  0.789561
6 21  0.269576  0.703908
6 22  0.551507  0.810805
6 23  0.547779  0.798289
6 24  0.578854  1.174532
6 25  0.545786  0.878489
6 26  0.575778  0.900542
6 27  0.550428  1.004359
6 28  0.578087  1.155594
6 29  0.583320  1.016412
6 30  0.577944  1.072382
7 8  0.509089  0.660078
7 9  0.589012  0.937370
7 10  0.595420  0.939557
7 11  0.582453  0.967879
7 12  0.584480  0.803605
7 13  0.548125  0.764907
7 14  0.581889  1.059709
7 15  0.583372  1.044236
7 16  0.563303  0.916073
7 17  0.558204  0.934234
7 18  0.555652  0.734734
7 19  0.557274  0.687044
7 20  0.562113  0.670761
7 21  0.547152  0.791088
7 22  0.280344  0.453348
7 23  0.506055  0.638931
7 24  0.584344  1.057971
7 25  0.540503  0.749214
7 26  0.580074  0.782031
7 27  0.583357  0.919849
7 28  0.582635  1.038607
7 29  0.588046  0.898512
7 30  0.584209  0.956110
8 9  0.594792  0.957817
8 10  0.599053  0.955160
8 11  0.586114  0.985336
8 12  0.588116  0.816402
8 13  0.550567  0.773185
8 14  0.585532  1.071367
8 15  0.586944  1.048447
8 16  0.566759  0.929528
8 17  0.563039  0.947096
8 18  0.559270  0.748273
8 19  0.560914  0.700602
8 20  0.565746  0.684317
8 21  0.547815  0.805723
8 22  0.507174  0.659343
8 23  0.278996  0.448506
8 24  0.587786  1.071319
8 25  0.547434  0.768203
8 26  0.583718  0.795577
8 27  0.587458  0.932047
8 28  0.586310  1.052210
8 29  0.591641  0.912070
8 30  0.587472  0.969603
9 10  0.637689  1.200555
9 11  0.620975  1.198304
9 12  0.627029  1.075921
9 13  0.605615  1.051836
9 14  0.622986  1.327828
9 15  0.614047  1.259774
9 16  0.604432  1.187019
9 17  0.571240  1.159504
9 18  0.597959  1.007816
9 19  0.599827  0.960695
9 20  0.604663  0.944475
9 21  0.556091  1.031790
9 22  0.597154  0.968436
9 23  0.596732  0.953541
9 24  0.622972  1.325475
9 25  0.601899  1.035896
9 26  0.622507  1.055152
9 27  0.395280  1.076944
9 28  0.618196  1.284021
9 29  0.630465  1.170510
9 30  0.622907  1.227677
10 11  0.622257  1.182709
10 12  0.614320  1.038791
10 13  0.620043  1.037664
10 14  0.614014  1.256983
10 15  0.625874  1.300740
10 16  0.574800  1.124132
10 17  0.602331  1.191200
10 18  0.569344  0.963509
10 19  0.599758  0.945973
10 20  0.605383  0.929367
10 21  0.592528  1.051690
10 22  0.600904  0.954640
10 23  0.599032  0.939558
10 24  0.619030  1.286199
10 25  0.623441  1.047261
10 26  0.601712  1.014215
10 27  0.628569  1.177319
10 28  0.623301  1.294101
10 29  0.400860  1.033726
10 30  0.625799  1.213499
11 12  0.615519  1.092937
11 13  0.607067  1.069751
11 14  0.582092  1.321074
11 15  0.582540  1.313886
11 16  0.588015  1.200632
11 17  0.582848  1.221087
11 18  0.586466  1.025075
11 19  0.588402  0.977903
11 20  0.593262  0.961716
11 21  0.579236  1.082027
11 22  0.587913  0.986361
11 23  0.586125  0.971317
11 24  0.541600  1.246109
11 25  0.610280  1.078910
11 26  0.610789  1.072040
11 27  0.615123  1.208811
11 28  0.513399  1.232941
11 29  0.618690  1.187616
11 30  0.574782  1.239565
12 13  0.609110  0.901514
12 14  0.613459  1.143643
12 15  0.616476  1.152009
12 16  0.596054  1.034577
12 17  0.592121  1.055160
12 18  0.558919  0.823084
12 19  0.550855  0.773450
12 20  0.557232  0.757372
12 21  0.581695  0.914202
12 22  0.589993  0.816459
12 23  0.588062  0.801282
12 24  0.617291  1.177904
12 25  0.612696  0.909441
12 26  0.386234  0.741574
12 27  0.617424  1.040267
12 28  0.615297  1.158806
12 29  0.601446  0.993057
12 30  0.616591  1.074987
13 14  0.606359  1.141243
13 15  0.607189  1.134118
13 16  0.587759  1.017291
13 17  0.582151  1.035916
13 18  0.580292  0.836312
13 19  0.581889  0.788704
13 20  0.586736  0.772451
13 21  0.547994  0.870591
13 22  0.545299  0.762978
13 23  0.539963  0.742393
13 24  0.609007  1.158932
13 25  0.378347  0.731411
13 26  0.604714  0.883551
13 27  0.586938  0.993086
13 28  0.607425  1.139337
13 29  0.612434  0.999775
13 30  0.608172  1.056336
14 15  0.583396  1.342935
14 16  0.582824  1.257242
14 17  0.584015  1.307492
14 18  0.585720  1.110523
14 19  0.586995  1.064545
14 20  0.592396  1.048458
14 21  0.579070  1.169179
14 22  0.587191  1.072949
14 23  0.585373  1.057860
14 24  0.543495  1.399158
14 25  0.609945  1.164985
14 26  0.610056  1.158697
14 27  0.612616  1.286046
14 28  0.580338  1.410487
14 29  0.601901  1.248045
14 30  0.538160  1.236025
15 16  0.589363  1.276562
15 17  0.581804  1.261296
15 18  0.587258  1.098118
15 19  0.589330  1.051169
15 20  0.594149  1.035049
15 21  0.578691  1.156148
15 22  0.588746  1.059470
15 23  0.586413  1.044471
15 24  0.582712  1.416452
15 25  0.611568  1.152298
15 26  0.612179  1.145636
15 27  0.600794  1.259330
15 28  0.557792  1.355820
15 29  0.617874  1.253328
15 30  0.514658  1.226253
16 17  0.570911  1.163597
16 18  0.562654  0.941630
16 19  0.569165  0.920268
16 20  0.573996  0.900722
16 21  0.560367  1.012437
16 22  0.568894  0.927059
16 23  0.566946  0.910074
16 24  0.573623  1.191994
16 25  0.591577  1.020854
16 26  0.589550  1.002871
16 27  0.595688  1.125217
16 28  0.591346  1.260967
16 29  0.575682  1.103947
16 30  0.590666  1.147719
17 18  0.563983  0.986462
17 19  0.565588  0.934230
17 20  0.570446  0.921948
17 21  0.553590  1.035763
17 22  0.564490  0.940019
17 23  0.563009  0.932472
17 24  0.589611  1.293813
17 25  0.584849  1.011331
17 26  0.588368  1.026894
17 27  0.567773  1.133072
17 28  0.568134  1.183364
17 29  0.595415  1.121050
17 30  0.587843  1.175500
18 19  0.555413  0.732556
18 20  0.559305  0.711128
18 21  0.552883  0.841871
18 22  0.561224  0.747321
18 23  0.559276  0.731533
18 24  0.588180  1.092980
18 25  0.583909  0.840265
18 26  0.562605  0.813535
18 27  0.588954  0.966976
18 28  0.586971  1.088627
18 29  0.564162  0.924670
18 30  0.588066  0.999831
19 20  0.520458  0.637823
19 21  0.554501  0.797787
19 22  0.562836  0.699480
19 23  0.560885  0.684693
19 24  0.590119  1.060274
19 25  0.585525  0.792100
19 26  0.557901  0.759526
19 27  0.590563  0.922564
19 28  0.588560  1.036154
19 29  0.588683  0.885315
19 30  0.589841  0.955517
20 21  0.559334  0.781466
20 22  0.567670  0.683413
20 23  0.565719  0.668306
20 24  0.595179  1.045401
20 25  0.590359  0.776756
20 26  0.560726  0.749340
20 27  0.595408  0.906458
20 28  0.593558  1.026501
20 29  0.595411  0.879467
20 30  0.594895  0.941238
21 22  0.548995  0.801041
21 23  0.545688  0.775455
21 24  0.580571  1.136605
21 25  0.554277  0.875468
21 26  0.577314  0.889818
21 27  0.555593  1.000662
21 28  0.578477  1.127453
21 29  0.585227  1.008076
21 30  0.579938  1.056060
22 23  0.513996  0.657890
22 24  0.589974  1.070347
22 25  0.555077  0.773724
22 26  0.585651  0.794705
22 27  0.584972  0.912588
22 28  0.588426  1.049484
22 29  0.593590  0.907855
22 30  0.589656  0.962004
23 24  0.588001  1.050497
23 25  0.556216  0.767091
23 26  0.583701  0.779466
23 27  0.583684  0.905546
23 28  0.586429  1.035378
23 29  0.591643  0.895248
23 30  0.587691  0.949111
24 25  0.612587  1.154720
24 26  0.611961  1.132080
24 27  0.614190  1.271995
24 28  0.588109  1.327968
24 29  0.616433  1.270239
24 30  0.587430  1.302631
25 26  0.608339  0.885374
25 27  0.599812  1.013510
25 28  0.610754  1.121212
25 29  0.616280  1.000982
25 30  0.612142  1.059683
26 27  0.613380  1.018749
26 28  0.611112  1.119453
26 29  0.604254  0.983402
26 30  0.612320  1.053557
27 28  0.612870  1.270687
27 29  0.620615  1.110650
27 30  0.607290  1.119378
28 29  0.615166  1.223597
28 30  0.583174  1.289851
29 30  0.611698  1.110212
