   -993.90760489
   -994.22251455     -994.09408257
0.00006662600550
2 2 2 2 2 2 2 2 2 2 2 2 2 0 0 0 0 0 0 0 0 0 0 0 0 0 
1  0.277339  0.586353
2  0.272753  0.526392
3  0.274208  0.425270
4  0.277512  0.342531
5  0.282847  0.343991
6  0.305847  0.580728
7  0.307452  0.511634
8  0.302482  0.459135
9  0.304603  0.674570
10  0.279599  0.407486
11  0.304871  0.707404
12  0.311251  0.780434
13  0.286117  0.404497
14  0.283981  0.601012
15  0.279970  0.546027
16  0.278481  0.410342
17  0.280769  0.357018
18  0.285264  0.336697
19  0.309517  0.759258
20  0.302840  0.461863
21  0.309256  0.524571
22  0.307260  0.707415
23  0.308852  0.594725
24  0.288237  0.391037
25  0.306756  0.668958
26  0.281721  0.415140
1 2  0.549642  1.107903
1 3  0.546734  0.975950
1 4  0.554755  0.927896
1 5  0.559972  0.922542
1 6  0.560720  1.137244
1 7  0.584284  1.076591
1 8  0.577995  1.028098
1 9  0.576240  1.200802
1 10  0.556821  0.986348
1 11  0.579144  1.284687
1 12  0.567939  1.273274
1 13  0.563430  0.989728
1 14  0.270821  1.009352
1 15  0.557099  1.125443
1 16  0.550785  0.995314
1 17  0.557767  0.941927
1 18  0.561781  0.922643
1 19  0.559834  1.322998
1 20  0.579684  1.046239
1 21  0.585890  1.109022
1 22  0.582077  1.271474
1 23  0.558875  1.144334
1 24  0.565463  0.976889
1 25  0.581510  1.249325
1 26  0.558617  1.000723
2 3  0.546936  0.950684
2 4  0.550247  0.865655
2 5  0.555593  0.869470
2 6  0.577967  1.081343
2 7  0.562470  1.008952
2 8  0.575188  0.980196
2 9  0.573714  1.176699
2 10  0.548225  0.920248
2 11  0.556533  1.126115
2 12  0.581571  1.284631
2 13  0.552943  0.903073
2 14  0.556528  1.120639
2 15  0.258368  0.869381
2 16  0.551135  0.936090
2 17  0.553350  0.883092
2 18  0.557991  0.862942
2 19  0.576831  1.265794
2 20  0.575186  0.987392
2 21  0.561430  1.028136
2 22  0.555998  1.226748
2 23  0.580985  1.118596
2 24  0.556246  0.916032
2 25  0.577075  1.182372
2 26  0.553318  0.936896
3 4  0.547073  0.761041
3 5  0.550573  0.754073
3 6  0.552454  0.978059
3 7  0.581647  0.931522
3 8  0.556313  0.861559
3 9  0.578495  1.082816
3 10  0.553802  0.829763
3 11  0.578923  1.130508
3 12  0.584814  1.180007
3 13  0.560318  0.829009
3 14  0.553101  1.024699
3 15  0.554041  0.970359
3 16  0.269595  0.608160
3 17  0.553930  0.778947
3 18  0.555813  0.760371
3 19  0.583243  1.182178
3 20  0.550647  0.857168
3 21  0.583254  0.949167
3 22  0.581322  1.130498
3 23  0.548773  0.986644
3 24  0.562442  0.816109
3 25  0.580321  1.092070
3 26  0.555888  0.840045
4 5  0.513677  0.650454
4 6  0.578681  0.905670
4 7  0.584958  0.852533
4 8  0.552076  0.779650
4 9  0.581956  1.012187
4 10  0.557111  0.749872
4 11  0.582208  1.044200
4 12  0.588468  1.121231
4 13  0.563628  0.746355
4 14  0.561160  0.942535
4 15  0.557311  0.888299
4 16  0.554856  0.750109
4 17  0.278983  0.454514
4 18  0.510494  0.632266
4 19  0.586526  1.101065
4 20  0.543370  0.769066
4 21  0.586732  0.866960
4 22  0.584436  1.049488
4 23  0.584763  0.936862
4 24  0.565737  0.733513
4 25  0.584091  1.011098
4 26  0.559229  0.757601
5 6  0.586149  0.916358
5 7  0.590295  0.853716
5 8  0.554722  0.780360
5 9  0.587403  1.012941
5 10  0.562446  0.751204
5 11  0.587668  1.050341
5 12  0.594047  1.121689
5 13  0.568964  0.748438
5 14  0.565922  0.944599
5 15  0.562799  0.889840
5 16  0.557369  0.752567
5 17  0.511196  0.652920
5 18  0.281409  0.423325
5 19  0.592136  1.102539
5 20  0.546310  0.768883
5 21  0.592102  0.868416
5 22  0.590071  1.051099
5 23  0.590735  0.937663
5 24  0.571077  0.734990
5 25  0.589590  1.012562
5 26  0.564560  0.759064
6 7  0.612995  1.072706
6 8  0.595678  1.028336
6 9  0.604615  1.195560
6 10  0.585437  0.987456
6 11  0.606796  1.244997
6 12  0.610525  1.353536
6 13  0.591947  0.980909
6 14  0.562751  1.142996
6 15  0.585074  1.124359
6 16  0.549634  0.956562
6 17  0.584829  0.937111
6 18  0.590192  0.916638
6 19  0.603898  1.307847
6 20  0.588576  1.014003
6 21  0.615080  1.103479
6 22  0.610518  1.283248
6 23  0.377813  1.053295
6 24  0.593946  0.971146
6 25  0.611006  1.246234
6 26  0.587412  0.995080
7 8  0.609923  0.970113
7 9  0.603656  1.118812
7 10  0.554376  0.898580
7 11  0.610391  1.208664
7 12  0.616524  1.280130
7 13  0.556866  0.891835
7 14  0.590605  1.110918
7 15  0.567014  1.033884
7 16  0.585761  0.921440
7 17  0.588190  0.868494
7 18  0.592715  0.848233
7 19  0.612882  1.263492
7 20  0.610136  0.972919
7 21  0.384388  0.899168
7 22  0.609512  1.207810
7 23  0.616281  1.104581
7 24  0.549300  0.854988
7 25  0.608882  1.178459
7 26  0.547595  0.881391
8 9  0.606824  1.131905
8 10  0.582080  0.863383
8 11  0.606986  1.152576
8 12  0.612472  1.204059
8 13  0.588596  0.860877
8 14  0.585840  1.058647
8 15  0.581979  1.004317
8 16  0.554581  0.840402
8 17  0.546447  0.781525
8 18  0.547338  0.757786
8 19  0.611664  1.216132
8 20  0.376215  0.763371
8 21  0.611501  0.983125
8 22  0.609030  1.165092
8 23  0.590612  1.024099
8 24  0.590712  0.849962
8 25  0.608520  1.126194
8 26  0.584200  0.873982
9 10  0.582812  1.074784
9 11  0.574286  1.350606
9 12  0.586259  1.415671
9 13  0.590095  1.075955
9 14  0.585523  1.269241
9 15  0.581537  1.203545
9 16  0.582472  1.083172
9 17  0.585206  1.031111
9 18  0.589856  1.010935
9 19  0.579025  1.387351
9 20  0.606826  1.134451
9 21  0.608429  1.196404
9 22  0.570196  1.328066
9 23  0.612071  1.265499
9 24  0.592333  1.062636
9 25  0.364970  1.185659
9 26  0.584923  1.087552
10 11  0.583258  1.096348
10 12  0.589921  1.162121
10 13  0.518089  0.772536
10 14  0.563082  1.007755
10 15  0.558292  0.950175
10 16  0.558050  0.817547
10 17  0.560358  0.764425
10 18  0.564857  0.744134
10 19  0.588582  1.165211
10 20  0.582437  0.869063
10 21  0.547229  0.884815
10 22  0.586647  1.113694
10 23  0.588192  1.001443
10 24  0.514767  0.755732
10 25  0.585002  1.073814
10 26  0.287016  0.609706
11 12  0.586834  1.405919
11 13  0.590491  1.086396
11 14  0.586223  1.285999
11 15  0.560467  1.246695
11 16  0.583209  1.116236
11 17  0.585313  1.063796
11 18  0.590098  1.043833
11 19  0.577844  1.412006
11 20  0.607039  1.167690
11 21  0.608867  1.219376
11 22  0.387048  1.283406
11 23  0.611640  1.297328
11 24  0.592609  1.097242
11 25  0.571704  1.331731
11 26  0.586391  1.120772
12 13  0.597052  1.171598
12 14  0.567225  1.356120
12 15  0.585406  1.306570
12 16  0.589222  1.188589
12 17  0.591499  1.136515
12 18  0.596272  1.116465
12 19  0.410878  1.437849
12 20  0.613715  1.239841
12 21  0.616570  1.296298
12 22  0.582930  1.443227
12 23  0.607494  1.337813
12 24  0.599356  1.170460
12 25  0.581122  1.394456
12 26  0.592412  1.193581
13 14  0.569982  1.004783
13 15  0.561239  0.949167
13 16  0.564597  0.814637
13 17  0.566866  0.761436
13 18  0.571375  0.741157
13 19  0.595484  1.162585
13 20  0.588932  0.866091
13 21  0.550488  0.884118
13 22  0.592749  1.110638
13 23  0.594777  0.998487
13 24  0.291664  0.567821
13 25  0.592368  1.069884
13 26  0.514823  0.773442
14 15  0.563299  1.142426
14 16  0.557462  0.980255
14 17  0.564633  0.957466
14 18  0.569125  0.933176
14 19  0.571349  1.259392
14 20  0.584422  1.048326
14 21  0.592547  1.100388
14 22  0.587492  1.298718
14 23  0.568712  1.165162
14 24  0.572173  0.990643
14 25  0.584870  1.212242
14 26  0.565563  1.005482
15 16  0.558417  0.955579
15 17  0.560712  0.898022
15 18  0.565222  0.881615
15 19  0.586617  1.282304
15 20  0.582741  0.999781
15 21  0.569092  1.040825
15 22  0.564691  1.140801
15 23  0.588015  1.110635
15 24  0.562004  0.912519
15 25  0.582840  1.187732
15 26  0.556329  0.949541
16 17  0.553173  0.760680
16 18  0.556679  0.734115
16 19  0.587213  1.149725
16 20  0.559586  0.851062
16 21  0.587725  0.930297
16 22  0.585525  1.115769
16 23  0.559480  0.978966
16 24  0.566714  0.800689
16 25  0.584934  1.067621
16 26  0.560199  0.822613
17 18  0.518425  0.657371
17 19  0.589923  1.112538
17 20  0.555291  0.791139
17 21  0.590018  0.879820
17 22  0.587810  1.055618
17 23  0.584452  0.930786
17 24  0.569006  0.747249
17 25  0.587310  1.020523
17 26  0.562490  0.771939
18 19  0.594692  1.094976
18 20  0.557892  0.778874
18 21  0.594516  0.859748
18 22  0.592449  1.042811
18 23  0.590831  0.922977
18 24  0.573501  0.727685
18 25  0.591953  1.001751
18 26  0.566984  0.751685
19 20  0.610936  1.188080
19 21  0.616172  1.267742
19 22  0.589097  1.381874
19 23  0.612402  1.346307
19 24  0.597367  1.138893
19 25  0.586720  1.391646
19 26  0.590240  1.146924
20 21  0.612083  0.985704
20 22  0.609636  1.149914
20 23  0.599409  1.040182
20 24  0.591075  0.850282
20 25  0.609142  1.128605
20 26  0.584560  0.874244
21 22  0.614572  1.223494
21 23  0.617625  1.096213
21 24  0.561530  0.894672
21 25  0.606903  1.120573
21 26  0.558239  0.913799
22 23  0.611724  1.254850
22 24  0.594924  1.078604
22 25  0.578303  1.343097
22 26  0.587553  1.106462
23 24  0.597078  0.982679
23 25  0.608191  1.196330
23 26  0.590556  1.008973
24 25  0.594207  1.057678
24 26  0.521660  0.768320
25 26  0.586856  1.073483
