   -993.90760489
   -994.22311525     -994.09550639
0.00003391918754
2 2 2 2 2 2 2 2 2 2 2 2 2 0 0 0 0 0 0 0 0 0 0 0 0 0 
1  0.279061  0.587735
2  0.274061  0.527814
3  0.275212  0.430772
4  0.278025  0.346130
5  0.283356  0.347586
6  0.307975  0.585473
7  0.309111  0.513815
8  0.303608  0.465408
9  0.306998  0.673527
10  0.280505  0.410898
11  0.307267  0.705084
12  0.313264  0.777172
13  0.286909  0.407085
14  0.285677  0.602124
15  0.281428  0.547612
16  0.279561  0.415496
17  0.281382  0.361029
18  0.285828  0.339956
19  0.311389  0.756181
20  0.304000  0.468208
21  0.310854  0.526577
22  0.309575  0.705404
23  0.310831  0.599196
24  0.289036  0.393610
25  0.309078  0.667778
26  0.282745  0.418506
1 2  0.552643  1.110662
1 3  0.549415  0.982064
1 4  0.556991  0.932831
1 5  0.562211  0.926996
1 6  0.564429  1.143070
1 7  0.587615  1.079630
1 8  0.580783  1.035106
1 9  0.580166  1.201431
1 10  0.559442  0.990810
1 11  0.583164  1.283819
1 12  0.571428  1.272243
1 13  0.565938  0.993679
1 14  0.273881  1.011585
1 15  0.560276  1.128232
1 16  0.553535  1.001852
1 17  0.560086  0.947259
1 18  0.563991  0.927276
1 19  0.563361  1.321473
1 20  0.582536  1.053925
1 21  0.589153  1.112440
1 22  0.586057  1.271270
1 23  0.562529  1.150852
1 24  0.567971  0.980831
1 25  0.585530  1.249771
1 26  0.561307  1.005475
2 3  0.549239  0.957581
2 4  0.552060  0.870358
2 5  0.557405  0.874433
2 6  0.581370  1.086920
2 7  0.565351  1.012602
2 8  0.577613  0.987553
2 9  0.577401  1.177369
2 10  0.550419  0.924861
2 11  0.560029  1.125568
2 12  0.584869  1.282956
2 13  0.555030  0.906835
2 14  0.559521  1.123065
2 15  0.260723  0.872030
2 16  0.553529  0.942622
2 17  0.555251  0.888503
2 18  0.559857  0.867610
2 19  0.579963  1.264406
2 20  0.577619  0.995137
2 21  0.564300  1.031790
2 22  0.559424  1.226109
2 23  0.584209  1.124519
2 24  0.558321  0.920033
2 25  0.580724  1.183027
2 26  0.555642  0.941724
3 4  0.548537  0.769932
3 5  0.552047  0.762544
3 6  0.555599  0.987969
3 7  0.584309  0.938867
3 8  0.558363  0.872911
3 9  0.581881  1.086836
3 10  0.555708  0.838414
3 11  0.582322  1.133660
3 12  0.587808  1.181651
3 13  0.562111  0.837051
3 14  0.555739  1.031302
3 15  0.556515  0.977376
3 16  0.271459  0.619677
3 17  0.555524  0.788403
3 18  0.557350  0.769172
3 19  0.586104  1.184566
3 20  0.552779  0.869161
3 21  0.585820  0.956654
3 22  0.584632  1.133859
3 23  0.551714  0.996692
3 24  0.564245  0.824170
3 25  0.583574  1.096369
3 26  0.557897  0.848893
4 5  0.514703  0.658089
4 6  0.581302  0.913268
4 7  0.587129  0.858141
4 8  0.553698  0.789546
4 9  0.584840  1.014400
4 10  0.558529  0.756864
4 11  0.585092  1.045062
4 12  0.591000  1.121461
4 13  0.564932  0.752448
4 14  0.563348  0.947211
4 15  0.559272  0.893464
4 16  0.556433  0.758823
4 17  0.279919  0.463066
4 18  0.511603  0.639520
4 19  0.588906  1.101544
4 20  0.545038  0.779213
4 21  0.588846  0.872555
4 22  0.587233  1.051056
4 23  0.587262  0.944926
4 24  0.567044  0.739683
4 25  0.586916  1.013497
4 26  0.560763  0.764562
5 6  0.588730  0.924310
5 7  0.592464  0.859271
5 8  0.556425  0.790200
5 9  0.590303  1.015107
5 10  0.563861  0.758154
5 11  0.590563  1.051573
5 12  0.596571  1.121787
5 13  0.570265  0.754618
5 14  0.568046  0.949300
5 15  0.564769  0.895007
5 16  0.558918  0.761358
5 17  0.512339  0.660949
5 18  0.282473  0.431128
5 19  0.594500  1.103017
5 20  0.548011  0.779042
5 21  0.594209  0.874005
5 22  0.592892  1.052660
5 23  0.593208  0.945691
5 24  0.572384  0.741155
5 25  0.592420  1.014958
5 26  0.566090  0.766021
6 7  0.616748  1.078957
6 8  0.598813  1.039058
6 9  0.608768  1.198458
6 10  0.588467  0.995596
6 11  0.611113  1.246895
6 12  0.614573  1.354915
6 13  0.594870  0.988047
6 14  0.566505  1.149424
6 15  0.588619  1.130697
6 16  0.552751  0.966461
6 17  0.587566  0.945874
6 18  0.592866  0.924603
6 19  0.607819  1.309589
6 20  0.591746  1.024734
6 21  0.618805  1.110250
6 22  0.614911  1.285985
6 23  0.381612  1.063538
6 24  0.596860  0.978465
6 25  0.615375  1.249922
6 26  0.590542  1.003165
7 8  0.612709  0.978530
7 9  0.607396  1.119231
7 10  0.556872  0.904062
7 11  0.614422  1.208738
7 12  0.620118  1.278980
7 13  0.559382  0.896810
7 14  0.593922  1.114230
7 15  0.570094  1.037846
7 16  0.588478  0.928759
7 17  0.590460  0.874676
7 18  0.594938  0.853662
7 19  0.616368  1.262535
7 20  0.612939  0.981411
7 21  0.387234  0.903824
7 22  0.613449  1.208015
7 23  0.619916  1.111238
7 24  0.551755  0.860094
7 25  0.612719  1.179451
7 26  0.550256  0.887275
8 9  0.610322  1.137089
8 10  0.584110  0.872715
8 11  0.610490  1.155984
8 12  0.615574  1.205822
8 13  0.590511  0.869474
8 14  0.588631  1.065997
8 15  0.584528  1.012150
8 16  0.556743  0.852065
8 17  0.548164  0.791994
8 18  0.549051  0.767484
8 19  0.614662  1.219295
8 20  0.378270  0.777626
8 21  0.614208  0.991372
8 22  0.612440  1.169333
8 23  0.593618  1.034517
8 24  0.592631  0.858796
8 25  0.611946  1.131170
8 26  0.586351  0.883597
9 10  0.586092  1.076862
9 11  0.578886  1.347999
9 12  0.590629  1.412302
9 13  0.593242  1.077435
9 14  0.589568  1.269546
9 15  0.585390  1.204649
9 16  0.585864  1.087264
9 17  0.588210  1.034057
9 18  0.592813  1.013125
9 19  0.583200  1.384253
9 20  0.610339  1.139615
9 21  0.612261  1.197420
9 22  0.574765  1.326358
9 23  0.616359  1.269070
9 24  0.595482  1.064013
9 25  0.369341  1.183170
9 26  0.588302  1.089759
10 11  0.586520  1.097166
10 12  0.592800  1.161665
10 13  0.519752  0.778486
10 14  0.565637  1.012278
10 15  0.560628  0.955156
10 16  0.560028  0.826098
10 17  0.561872  0.771842
10 18  0.566323  0.750801
10 19  0.591331  1.165550
10 20  0.584502  0.878794
10 21  0.549707  0.890537
10 22  0.589856  1.115109
10 23  0.591055  1.009303
10 24  0.516501  0.762272
10 25  0.588214  1.075914
10 26  0.288630  0.616887
11 12  0.590800  1.401001
11 13  0.593679  1.086442
11 14  0.590256  1.285190
11 15  0.564156  1.245943
11 16  0.586677  1.118965
11 17  0.588287  1.065461
11 18  0.593052  1.044759
11 19  0.581719  1.408047
11 20  0.610571  1.171696
11 21  0.612837  1.219244
11 22  0.391398  1.279375
11 23  0.615987  1.299526
11 24  0.595784  1.097516
11 25  0.576223  1.329269
11 26  0.589798  1.121822
12 13  0.599851  1.170676
12 14  0.570874  1.354220
12 15  0.588725  1.305238
12 16  0.592302  1.190462
12 17  0.594084  1.137230
12 18  0.598850  1.116420
12 19  0.414795  1.432092
12 20  0.616888  1.242890
12 21  0.620135  1.295009
12 22  0.586925  1.439162
12 23  0.611432  1.339330
12 24  0.602160  1.169799
12 25  0.585407  1.391268
12 26  0.595423  1.193706
13 14  0.572456  1.008456
13 15  0.563432  0.953353
13 16  0.566468  0.822367
13 17  0.568262  0.768031
13 18  0.572725  0.747002
13 19  0.598133  1.162109
13 20  0.590873  0.875008
13 21  0.552914  0.889053
13 22  0.595832  1.111234
13 23  0.597517  1.005558
13 24  0.293039  0.573241
13 25  0.595448  1.071150
13 26  0.516645  0.779978
14 15  0.566445  1.145100
14 16  0.560223  0.985761
14 17  0.566940  0.962551
14 18  0.571388  0.937234
14 19  0.574696  1.258537
14 20  0.587197  1.055217
14 21  0.595792  1.103070
14 22  0.591383  1.297923
14 23  0.572252  1.170429
14 24  0.574662  0.994287
14 25  0.588763  1.212647
14 26  0.568267  1.009568
15 16  0.560948  0.962286
15 17  0.562773  0.903179
15 18  0.567237  0.886393
15 19  0.589901  1.280928
15 20  0.585348  1.007271
15 21  0.572089  1.044346
15 22  0.568213  1.140718
15 23  0.591401  1.116095
15 24  0.564254  0.916364
15 25  0.586565  1.188421
15 26  0.558748  0.954236
16 17  0.554831  0.769726
16 18  0.558279  0.742068
16 19  0.590144  1.151289
16 20  0.561727  0.862246
16 21  0.590406  0.937166
16 22  0.588918  1.118850
16 23  0.562503  0.988260
16 24  0.568593  0.808349
16 25  0.588324  1.071386
16 26  0.562302  0.830859
17 18  0.519599  0.665094
17 19  0.592413  1.113286
17 20  0.557033  0.801295
17 21  0.592226  0.885657
17 22  0.590713  1.057024
17 23  0.587003  0.938368
17 24  0.570418  0.753733
17 25  0.590219  1.023028
17 26  0.564126  0.779287
18 19  0.597127  1.095046
18 20  0.559680  0.788577
18 21  0.596678  0.864818
18 22  0.595313  1.044009
18 23  0.593310  0.930305
18 24  0.574864  0.733515
18 25  0.594832  1.003544
18 26  0.568572  0.758271
19 20  0.613931  1.190171
19 21  0.619560  1.266704
19 22  0.592938  1.377306
19 23  0.616172  1.347609
19 24  0.600039  1.138165
19 25  0.590925  1.388362
19 26  0.593078  1.146628
20 21  0.614842  0.994021
20 22  0.613084  1.153507
20 23  0.602466  1.050574
20 24  0.593034  0.858946
20 25  0.612602  1.133702
20 26  0.586744  0.883637
21 22  0.618441  1.223662
21 23  0.621156  1.101864
21 24  0.563992  0.899387
21 25  0.610472  1.120802
21 26  0.560785  0.919032
22 23  0.615822  1.256843
22 24  0.598031  1.078945
22 25  0.582741  1.340619
22 26  0.590853  1.107508
23 24  0.599858  0.989614
23 25  0.612160  1.198932
23 26  0.593556  1.016772
24 25  0.597270  1.058979
24 26  0.523447  0.774223
25 26  0.590165  1.075401
