   -993.90760489
   -994.22350868     -994.09656684
0.00000802650825
2 2 2 2 2 2 2 2 2 2 2 2 2 0 0 0 0 0 0 0 0 0 0 0 0 0 
1  0.280312  0.588736
2  0.274911  0.530551
3  0.276041  0.434354
4  0.278475  0.348913
5  0.283825  0.350197
6  0.309403  0.588701
7  0.310226  0.516694
8  0.304312  0.469716
9  0.308583  0.672875
10  0.281075  0.414335
11  0.308983  0.703480
12  0.314562  0.774735
13  0.287372  0.409905
14  0.286971  0.603155
15  0.282340  0.550441
16  0.280408  0.419119
17  0.281817  0.363980
18  0.286339  0.342219
19  0.312609  0.754130
20  0.304734  0.472336
21  0.311982  0.529295
22  0.311262  0.703828
23  0.312209  0.602048
24  0.289543  0.396548
25  0.310702  0.666800
26  0.283301  0.422095
1 2  0.554704  1.114277
1 3  0.551440  0.986212
1 4  0.558691  0.936568
1 5  0.563931  0.930259
1 6  0.567027  1.147068
1 7  0.589957  1.083051
1 8  0.582700  1.040043
1 9  0.582907  1.202051
1 10  0.561251  0.994921
1 11  0.586030  1.283305
1 12  0.573823  1.271408
1 13  0.567643  0.997480
1 14  0.276179  1.013232
1 15  0.562424  1.131878
1 16  0.555610  1.006493
1 17  0.561766  0.951170
1 18  0.565676  0.930546
1 19  0.565780  1.320595
1 20  0.584499  1.059052
1 21  0.591498  1.116180
1 22  0.588950  1.271138
1 23  0.565166  1.155318
1 24  0.569722  0.984739
1 25  0.588382  1.249993
1 26  0.563044  1.010062
2 3  0.550917  0.963884
2 4  0.553354  0.875522
2 5  0.558719  0.879694
2 6  0.583607  1.092301
2 7  0.567258  1.018071
2 8  0.579165  0.994321
2 9  0.579835  1.179610
2 10  0.551851  0.930812
2 11  0.562502  1.126731
2 12  0.587019  1.283355
2 13  0.556367  0.912028
2 14  0.561650  1.126615
2 15  0.262280  0.877473
2 16  0.555221  0.948939
2 17  0.556494  0.894173
2 18  0.561219  0.872600
2 19  0.581969  1.265249
2 20  0.579163  1.001993
2 21  0.566241  1.037455
2 22  0.561813  1.227169
2 23  0.586400  1.130134
2 24  0.559650  0.925731
2 25  0.583218  1.185146
2 26  0.557045  0.948066
3 4  0.549801  0.776160
3 5  0.553327  0.768325
3 6  0.557816  0.994543
3 7  0.586255  0.945072
3 8  0.559852  0.880581
3 9  0.584292  1.089546
3 10  0.557104  0.845131
3 11  0.584858  1.135639
3 12  0.589913  1.182423
3 13  0.563400  0.843388
3 14  0.557840  1.035933
3 15  0.558250  0.983707
3 16  0.272888  0.627441
3 17  0.556781  0.794919
3 18  0.558681  0.775045
3 19  0.588136  1.186121
3 20  0.554301  0.877121
3 21  0.587747  0.962950
3 22  0.587143  1.135794
3 23  0.553898  1.003321
3 24  0.565580  0.830681
3 25  0.585978  1.098988
3 26  0.559269  0.856053
4 5  0.515564  0.663854
4 6  0.583153  0.918709
4 7  0.588693  0.863617
4 8  0.554870  0.796600
4 9  0.586859  1.016252
4 10  0.559550  0.763058
4 11  0.587238  1.045851
4 12  0.592752  1.121738
4 13  0.565846  0.757933
4 14  0.565088  0.950977
4 15  0.560606  0.899058
4 16  0.557725  0.765210
4 17  0.280688  0.469406
4 18  0.512545  0.644987
4 19  0.590558  1.102243
4 20  0.546232  0.786346
4 21  0.590424  0.878049
4 22  0.589347  1.052254
4 23  0.589078  0.950574
4 24  0.567994  0.745405
4 25  0.588977  1.015287
4 26  0.561765  0.770932
5 6  0.590588  0.929856
5 7  0.594047  0.864531
5 8  0.557606  0.797134
5 9  0.592356  1.016763
5 10  0.564900  0.764151
5 11  0.592734  1.052522
5 12  0.598335  1.121777
5 13  0.571196  0.760043
5 14  0.569736  0.952938
5 15  0.566150  0.900436
5 16  0.560221  0.767614
5 17  0.513215  0.666947
5 18  0.283407  0.436727
5 19  0.596180  1.103550
5 20  0.549207  0.786019
5 21  0.595806  0.879327
5 22  0.595047  1.053676
5 23  0.595040  0.951126
5 24  0.573358  0.746703
5 25  0.594511  1.016560
5 26  0.567112  0.772218
6 7  0.619261  1.084484
6 8  0.600918  1.046372
6 9  0.611548  1.200547
6 10  0.590463  1.002245
6 11  0.614111  1.248320
6 12  0.617239  1.355660
6 13  0.596762  0.993923
6 14  0.569207  1.154209
6 15  0.590921  1.136782
6 16  0.554982  0.973455
6 17  0.589413  0.952066
6 18  0.594785  0.930060
6 19  0.610423  1.310885
6 20  0.593874  1.031978
6 21  0.621359  1.116211
6 22  0.618000  1.287657
6 23  0.384263  1.070067
6 24  0.598754  0.984637
6 25  0.618356  1.252301
6 26  0.592501  1.009940
7 8  0.614528  0.985692
7 9  0.609866  1.120638
7 10  0.558584  0.910354
7 11  0.617228  1.210144
7 12  0.622477  1.279331
7 13  0.561031  0.902660
7 14  0.596284  1.118154
7 15  0.572064  1.043707
7 16  0.590415  0.935257
7 17  0.592006  0.880499
7 18  0.596564  0.858796
7 19  0.618691  1.263284
7 20  0.614763  0.988405
7 21  0.389283  0.909998
7 22  0.616199  1.209317
7 23  0.622408  1.116983
7 24  0.553397  0.866207
7 25  0.615339  1.181363
7 26  0.551954  0.894010
8 9  0.612596  1.140717
8 10  0.585383  0.880075
8 11  0.612911  1.158304
8 12  0.617540  1.206833
8 13  0.591678  0.876324
8 14  0.590602  1.071319
8 15  0.586101  1.019272
8 16  0.558272  0.860258
8 17  0.549298  0.799466
8 18  0.550241  0.774252
8 19  0.616584  1.221564
8 20  0.379654  0.787035
8 21  0.616012  0.998378
8 22  0.614815  1.172070
8 23  0.595668  1.041555
8 24  0.593836  0.866033
8 25  0.614270  1.134404
8 26  0.587611  0.891473
9 10  0.588238  1.079420
9 11  0.582073  1.346419
9 12  0.593502  1.409846
9 13  0.595276  1.079532
9 14  0.592427  1.270108
9 15  0.587904  1.207285
9 16  0.588230  1.090249
9 17  0.590224  1.036338
9 18  0.594908  1.014709
9 19  0.585986  1.382437
9 20  0.612649  1.143014
9 21  0.614841  1.199482
9 22  0.577966  1.325187
9 23  0.619252  1.271406
9 24  0.597543  1.066185
9 25  0.372192  1.181229
9 26  0.590420  1.092613
10 11  0.588790  1.098678
10 12  0.594639  1.162012
10 13  0.520732  0.784724
10 14  0.567424  1.016728
10 15  0.562101  0.961421
10 16  0.561432  0.833147
10 17  0.562870  0.778226
10 18  0.567402  0.756497
10 19  0.593107  1.166943
10 20  0.585808  0.886338
10 21  0.551437  0.896957
10 22  0.592108  1.116972
10 23  0.592965  1.015547
10 24  0.517542  0.769211
10 25  0.590385  1.078277
10 26  0.289581  0.624494
11 12  0.593511  1.397410
11 13  0.595859  1.087343
11 14  0.593218  1.285064
11 15  0.566691  1.247137
11 16  0.589233  1.120926
11 17  0.590426  1.066793
11 18  0.595282  1.045409
11 19  0.584359  1.405455
11 20  0.612988  1.174233
11 21  0.615646  1.220422
11 22  0.394486  1.276584
11 23  0.619067  1.300831
11 24  0.597978  1.098843
11 25  0.579429  1.327500
11 26  0.592062  1.123807
12 13  0.601601  1.170767
12 14  0.573445  1.353133
12 15  0.590882  1.305833
12 16  0.594423  1.191646
12 17  0.595792  1.137712
12 18  0.600646  1.116217
12 19  0.417372  1.428060
12 20  0.618918  1.244599
12 21  0.622529  1.295223
12 22  0.589622  1.436102
12 23  0.614068  1.339921
12 24  0.603958  1.170304
12 25  0.588302  1.388986
12 26  0.597267  1.194860
13 14  0.574204  1.012254
13 15  0.564772  0.959020
13 16  0.567777  0.828800
13 17  0.569144  0.773800
13 18  0.573696  0.752082
13 19  0.599811  1.162884
13 20  0.592067  0.881942
13 21  0.554547  0.894889
13 22  0.597959  1.112484
13 23  0.599324  1.011226
13 24  0.293974  0.579472
13 25  0.597515  1.072901
13 26  0.517631  0.786963
14 15  0.568619  1.148899
14 16  0.562303  0.989875
14 17  0.568668  0.966510
14 18  0.573192  0.940307
14 19  0.577067  1.258168
14 20  0.589153  1.059949
14 21  0.598186  1.106403
14 22  0.594266  1.297488
14 23  0.574844  1.174035
14 24  0.576450  0.998213
14 25  0.591611  1.213084
14 26  0.570105  1.013738
15 16  0.562702  0.968720
15 17  0.564110  0.908462
15 18  0.568653  0.891385
15 19  0.592026  1.281747
15 20  0.586990  1.013858
15 21  0.574056  1.049672
15 22  0.570665  1.141971
15 23  0.593654  1.121136
15 24  0.565687  0.921700
15 25  0.589092  1.190500
15 26  0.560210  0.960412
16 17  0.556107  0.776243
16 18  0.559627  0.747669
16 19  0.592190  1.152488
16 20  0.563261  0.869812
16 21  0.592380  0.943273
16 22  0.591441  1.120853
16 23  0.564680  0.994450
16 24  0.569942  0.814842
16 25  0.590783  1.073905
16 26  0.563703  0.837763
17 18  0.520488  0.670686
17 19  0.594080  1.114071
17 20  0.558221  0.808207
17 21  0.593785  0.891148
17 22  0.592818  1.057900
17 23  0.588779  0.943580
17 24  0.571358  0.759496
17 25  0.592260  1.024760
17 26  0.565117  0.785792
18 19  0.598857  1.095171
18 20  0.560940  0.795059
18 21  0.598314  0.869614
18 22  0.597497  1.044640
18 23  0.595143  0.935137
18 24  0.575880  0.738711
18 25  0.596962  1.004630
18 26  0.569639  0.764090
19 20  0.615845  1.191464
19 21  0.621862  1.267343
19 22  0.595599  1.374062
19 23  0.618730  1.348417
19 24  0.601748  1.138812
19 25  0.593771  1.385986
19 26  0.594835  1.147519
20 21  0.616703  1.000854
20 22  0.615495  1.155626
20 23  0.604534  1.057334
20 24  0.594273  0.865758
20 25  0.614941  1.136844
20 26  0.588033  0.891008
21 22  0.621232  1.224908
21 23  0.623620  1.106711
21 24  0.565697  0.905155
21 25  0.612970  1.121913
21 26  0.562489  0.925269
22 23  0.618741  1.258155
22 24  0.600228  1.079987
22 25  0.585916  1.338772
22 26  0.593089  1.109151
23 24  0.601742  0.995274
23 25  0.614922  1.200484
23 26  0.595487  1.023190
24 25  0.599372  1.060819
24 26  0.524457  0.780767
25 26  0.592321  1.077790
