   -993.90760489
   -994.22352968     -994.09662346
0.00000661218555
2 2 2 2 2 2 2 2 2 2 2 2 2 0 0 0 0 0 0 0 0 0 0 0 0 0 
1  0.280384  0.588789
2  0.274957  0.530736
3  0.276086  0.434552
4  0.278502  0.349069
5  0.283845  0.350351
6  0.309475  0.588863
7  0.310286  0.516912
8  0.304350  0.469948
9  0.308685  0.672863
10  0.281100  0.414600
11  0.309083  0.703374
12  0.314641  0.774578
13  0.287404  0.410109
14  0.287046  0.603215
15  0.282396  0.550640
16  0.280454  0.419329
17  0.281844  0.364147
18  0.286364  0.342351
19  0.312681  0.753994
20  0.304770  0.472572
21  0.312045  0.529475
22  0.311357  0.703736
23  0.312285  0.602197
24  0.289573  0.396753
25  0.310798  0.666752
26  0.283326  0.422366
1 2  0.554820  1.114510
1 3  0.551556  0.986438
1 4  0.558790  0.936775
1 5  0.564023  0.930444
1 6  0.567168  1.147268
1 7  0.590088  1.083291
1 8  0.582807  1.040310
1 9  0.583078  1.202106
1 10  0.561347  0.995215
1 11  0.586195  1.283258
1 12  0.573964  1.271341
1 13  0.567746  0.997736
1 14  0.276311  1.013318
1 15  0.562551  1.132118
1 16  0.555726  1.006758
1 17  0.561866  0.951388
1 18  0.565770  0.930732
1 19  0.565921  1.320525
1 20  0.584605  1.059340
1 21  0.591631  1.116414
1 22  0.589115  1.271128
1 23  0.565314  1.155558
1 24  0.569824  0.984995
1 25  0.588549  1.250009
1 26  0.563137  1.010385
2 3  0.551008  0.964267
2 4  0.553426  0.875836
2 5  0.558785  0.880027
2 6  0.583726  1.092613
2 7  0.567362  1.018466
2 8  0.579249  0.994718
2 9  0.579981  1.179800
2 10  0.551923  0.931247
2 11  0.562646  1.126805
2 12  0.587145  1.283391
2 13  0.556448  0.912391
2 14  0.561770  1.126843
2 15  0.262364  0.877873
2 16  0.555313  0.949331
2 17  0.556564  0.894524
2 18  0.561290  0.872917
2 19  0.582084  1.265316
2 20  0.579242  1.002414
2 21  0.566344  1.037834
2 22  0.561946  1.227259
2 23  0.586520  1.130471
2 24  0.559724  0.926124
2 25  0.583361  1.185306
2 26  0.557116  0.948523
3 4  0.549874  0.776507
3 5  0.553393  0.768652
3 6  0.557932  0.994888
3 7  0.586361  0.945468
3 8  0.559935  0.880996
3 9  0.584439  1.089719
3 10  0.557175  0.845567
3 11  0.585004  1.135732
3 12  0.590037  1.182447
3 13  0.563477  0.843784
3 14  0.557959  1.036192
3 15  0.558352  0.984099
3 16  0.272972  0.627876
3 17  0.556854  0.795283
3 18  0.558751  0.775376
3 19  0.588253  1.186184
3 20  0.554380  0.877575
3 21  0.587854  0.963328
3 22  0.587285  1.135896
3 23  0.554015  1.003682
3 24  0.565657  0.831082
3 25  0.586114  1.099140
3 26  0.559339  0.856520
4 5  0.515607  0.664186
4 6  0.583252  0.918995
4 7  0.588780  0.863977
4 8  0.554935  0.796988
4 9  0.586985  1.016377
4 10  0.559602  0.763479
4 11  0.587365  1.045878
4 12  0.592859  1.121736
4 13  0.565905  0.758284
4 14  0.565189  0.951191
4 15  0.560683  0.899413
4 16  0.557798  0.765576
4 17  0.280732  0.469773
4 18  0.512594  0.645304
4 19  0.590656  1.102261
4 20  0.546295  0.786752
4 21  0.590513  0.878385
4 22  0.589468  1.052318
4 23  0.589181  0.950880
4 24  0.568051  0.745766
4 25  0.589100  1.015395
4 26  0.561816  0.771359
5 6  0.590679  0.930155
5 7  0.594127  0.864886
5 8  0.557665  0.797519
5 9  0.592477  1.016887
5 10  0.564945  0.764564
5 11  0.592854  1.052568
5 12  0.598433  1.121762
5 13  0.571249  0.760400
5 14  0.569828  0.953151
5 15  0.566226  0.900788
5 16  0.560285  0.767980
5 17  0.513260  0.667296
5 18  0.283458  0.437040
5 19  0.596272  1.103566
5 20  0.549264  0.786423
5 21  0.595889  0.879660
5 22  0.595162  1.053736
5 23  0.595135  0.951427
5 24  0.573408  0.747061
5 25  0.594627  1.016663
5 26  0.567157  0.772641
6 7  0.619393  1.084820
6 8  0.601029  1.046755
6 9  0.611708  1.200666
6 10  0.590560  1.002671
6 11  0.614277  1.248371
6 12  0.617387  1.355666
6 13  0.596868  0.994279
6 14  0.569353  1.154467
6 15  0.591048  1.137146
6 16  0.555098  0.973838
6 17  0.589513  0.952395
6 18  0.594882  0.930352
6 19  0.610566  1.310920
6 20  0.593984  1.032369
6 21  0.621494  1.116552
6 22  0.618168  1.287726
6 23  0.384407  1.070404
6 24  0.598854  0.985004
6 25  0.618521  1.252422
6 26  0.592598  1.010369
7 8  0.614626  0.986140
7 9  0.610016  1.120792
7 10  0.558674  0.910834
7 11  0.617388  1.210262
7 12  0.622613  1.279384
7 13  0.561130  0.903088
7 14  0.596416  1.118433
7 15  0.572176  1.044133
7 16  0.590519  0.935685
7 17  0.592093  0.880884
7 18  0.596650  0.859145
7 19  0.618823  1.263361
7 20  0.614858  0.988858
7 21  0.389398  0.910442
7 22  0.616350  1.209441
7 23  0.622544  1.117351
7 24  0.553491  0.866644
7 25  0.615489  1.181531
7 26  0.552043  0.894507
8 9  0.612733  1.140935
8 10  0.585446  0.880542
8 11  0.613050  1.158411
8 12  0.617654  1.206870
8 13  0.591748  0.876738
8 14  0.590714  1.071610
8 15  0.586191  1.019702
8 16  0.558355  0.860718
8 17  0.549363  0.799879
8 18  0.550301  0.774630
8 19  0.616694  1.221661
8 20  0.379729  0.787552
8 21  0.616112  0.998789
8 22  0.614945  1.172211
8 23  0.595782  1.041933
8 24  0.593904  0.866469
8 25  0.614404  1.134582
8 26  0.587673  0.891974
9 10  0.588364  1.079655
9 11  0.582267  1.346338
9 12  0.593679  1.409710
9 13  0.595408  1.079718
9 14  0.592602  1.270167
9 15  0.588061  1.207495
9 16  0.588372  1.090451
9 17  0.590354  1.036492
9 18  0.595035  1.014827
9 19  0.586153  1.382336
9 20  0.612786  1.143232
9 21  0.614997  1.199650
9 22  0.578154  1.325142
9 23  0.619425  1.271552
9 24  0.597672  1.066373
9 25  0.372364  1.181145
9 26  0.590546  1.092867
10 11  0.588916  1.098816
10 12  0.594741  1.162076
10 13  0.520787  0.785192
10 14  0.567520  1.017051
10 15  0.562181  0.961886
10 16  0.561503  0.833622
10 17  0.562922  0.778658
10 18  0.567451  0.756894
10 19  0.593203  1.167072
10 20  0.585868  0.886838
10 21  0.551528  0.897415
10 22  0.592229  1.117146
10 23  0.593064  1.015959
10 24  0.517593  0.769717
10 25  0.590504  1.078488
10 26  0.289627  0.625073
11 12  0.593667  1.397179
11 13  0.595992  1.087422
11 14  0.593389  1.285055
11 15  0.566838  1.247229
11 16  0.589379  1.121027
11 17  0.590554  1.066854
11 18  0.595408  1.045435
11 19  0.584512  1.405270
11 20  0.613122  1.174364
11 21  0.615804  1.220500
11 22  0.394667  1.276416
11 23  0.619243  1.300876
11 24  0.598107  1.098942
11 25  0.579619  1.327392
11 26  0.592187  1.123972
12 13  0.601712  1.170802
12 14  0.573595  1.353056
12 15  0.591010  1.305894
12 16  0.594545  1.191701
12 17  0.595897  1.137723
12 18  0.600750  1.116191
12 19  0.417532  1.427793
12 20  0.619033  1.244680
12 21  0.622669  1.295245
12 22  0.589778  1.435901
12 23  0.614220  1.339930
12 24  0.604067  1.170353
12 25  0.588473  1.388845
12 26  0.597370  1.194973
13 14  0.574312  1.012513
13 15  0.564858  0.959425
13 16  0.567856  0.829214
13 17  0.569203  0.774171
13 18  0.573753  0.752418
13 19  0.599915  1.162951
13 20  0.592135  0.882380
13 21  0.554646  0.895288
13 22  0.598084  1.112595
13 23  0.599428  1.011580
13 24  0.294033  0.579921
13 25  0.597641  1.073051
13 26  0.517686  0.787469
14 15  0.568748  1.149155
14 16  0.562422  0.990115
14 17  0.568771  0.966736
14 18  0.573293  0.940485
14 19  0.577206  1.258135
14 20  0.589261  1.060218
14 21  0.598323  1.106621
14 22  0.594429  1.297463
14 23  0.574991  1.174230
14 24  0.576555  0.998475
14 25  0.591780  1.213119
14 26  0.570205  1.014040
15 16  0.562803  0.969129
15 17  0.564192  0.908790
15 18  0.568734  0.891708
15 19  0.592153  1.281810
15 20  0.587082  1.014268
15 21  0.574172  1.050038
15 22  0.570809  1.142060
15 23  0.593784  1.121447
15 24  0.565777  0.922073
15 25  0.589244  1.190670
15 26  0.560293  0.960862
16 17  0.556182  0.776616
16 18  0.559698  0.747994
16 19  0.592306  1.152539
16 20  0.563342  0.870246
16 21  0.592489  0.943648
16 22  0.591582  1.120971
16 23  0.564797  0.994795
16 24  0.570019  0.815252
16 25  0.590925  1.074060
16 26  0.563773  0.838221
17 18  0.520537  0.671007
17 19  0.594180  1.114099
17 20  0.558286  0.808601
17 21  0.593876  0.891479
17 22  0.592941  1.057945
17 23  0.588883  0.943859
17 24  0.571416  0.759857
17 25  0.592383  1.024863
17 26  0.565170  0.786227
18 19  0.598954  1.095159
18 20  0.561002  0.795431
18 21  0.598403  0.869910
18 22  0.597617  1.044677
18 23  0.595243  0.935402
18 24  0.575936  0.739048
18 25  0.597083  1.004703
18 26  0.569689  0.764489
19 20  0.615952  1.191518
19 21  0.621995  1.267389
19 22  0.595751  1.373856
19 23  0.618876  1.348432
19 24  0.601849  1.138863
19 25  0.593938  1.385839
19 26  0.594931  1.147613
20 21  0.616802  1.001268
20 22  0.615626  1.155745
20 23  0.604644  1.057707
20 24  0.594339  0.866179
20 25  0.615071  1.137030
20 26  0.588093  0.891486
21 22  0.621388  1.224999
21 23  0.623757  1.106988
21 24  0.565797  0.905545
21 25  0.613114  1.122006
21 26  0.562579  0.925715
22 23  0.618907  1.258213
22 24  0.600354  1.080078
22 25  0.586102  1.338670
22 26  0.593209  1.109305
23 24  0.601849  0.995618
23 25  0.615081  1.200571
23 26  0.595588  1.023608
24 25  0.599495  1.060968
24 26  0.524509  0.781241
25 26  0.592441  1.077999
