   -993.90760489
   -994.22358744     -994.09678273
0.00000337572340
2 2 2 2 2 2 2 2 2 2 2 2 2 0 0 0 0 0 0 0 0 0 0 0 0 0 
1  0.280593  0.588927
2  0.275099  0.531330
3  0.276215  0.435144
4  0.278565  0.349568
5  0.283917  0.350804
6  0.309700  0.589368
7  0.310485  0.517562
8  0.304463  0.470608
9  0.308944  0.672758
10  0.281166  0.415471
11  0.309371  0.703073
12  0.314869  0.774135
13  0.287508  0.410797
14  0.287261  0.603381
15  0.282546  0.551269
16  0.280584  0.419953
17  0.281908  0.364661
18  0.286447  0.342751
19  0.312895  0.753596
20  0.304882  0.473201
21  0.312244  0.530084
22  0.311635  0.703447
23  0.312495  0.602646
24  0.289681  0.397454
25  0.311062  0.666579
26  0.283397  0.423249
1 2  0.555161  1.115221
1 3  0.551887  0.987100
1 4  0.559062  0.937405
1 5  0.564305  0.930973
1 6  0.567590  1.147867
1 7  0.590494  1.083997
1 8  0.583122  1.041059
1 9  0.583535  1.202193
1 10  0.561620  0.996150
1 11  0.586670  1.283117
1 12  0.574373  1.271159
1 13  0.568055  0.998561
1 14  0.276710  1.013545
1 15  0.562908  1.132861
1 16  0.556059  1.007527
1 17  0.562139  0.952039
1 18  0.566051  0.931272
1 19  0.566331  1.320296
1 20  0.584922  1.060108
1 21  0.592035  1.117167
1 22  0.589592  1.271062
1 23  0.565734  1.156272
1 24  0.570141  0.985825
1 25  0.589017  1.250011
1 26  0.563398  1.011407
2 3  0.551276  0.965453
2 4  0.553626  0.876825
2 5  0.558995  0.881051
2 6  0.584088  1.093594
2 7  0.567697  1.019678
2 8  0.579504  0.995915
2 9  0.580385  1.180323
2 10  0.552139  0.932657
2 11  0.563070  1.127080
2 12  0.587519  1.283555
2 13  0.556701  0.913576
2 14  0.562125  1.127571
2 15  0.262611  0.879167
2 16  0.555585  0.950538
2 17  0.556759  0.895625
2 18  0.561515  0.873911
2 19  0.582432  1.265558
2 20  0.579484  1.003639
2 21  0.566667  1.039081
2 22  0.562334  1.227541
2 23  0.586866  1.131524
2 24  0.559965  0.927428
2 25  0.583771  1.185789
2 26  0.557329  0.950005
3 4  0.550065  0.777580
3 5  0.553595  0.769626
3 6  0.558285  0.995934
3 7  0.586689  0.946656
3 8  0.560173  0.882219
3 9  0.584826  1.090161
3 10  0.557368  0.846945
3 11  0.585418  1.136030
3 12  0.590390  1.182539
3 13  0.563708  0.845049
3 14  0.558296  1.036957
3 15  0.558631  0.985300
3 16  0.273210  0.629194
3 17  0.557046  0.796392
3 18  0.558959  0.776375
3 19  0.588593  1.186386
3 20  0.554618  0.878861
3 21  0.588171  0.964533
3 22  0.587690  1.136193
3 23  0.554353  1.004774
3 24  0.565893  0.832375
3 25  0.586494  1.099570
3 26  0.559534  0.857995
4 5  0.515724  0.665206
4 6  0.583539  0.919896
4 7  0.589041  0.865073
4 8  0.555122  0.798142
4 9  0.587302  1.016707
4 10  0.559730  0.764840
4 11  0.587714  1.045999
4 12  0.593153  1.121788
4 13  0.566071  0.759437
4 14  0.565465  0.951853
4 15  0.560885  0.900536
4 16  0.557991  0.766702
4 17  0.280829  0.470910
4 18  0.512727  0.646289
4 19  0.590930  1.102359
4 20  0.546476  0.787922
4 21  0.590772  0.879493
4 22  0.589805  1.052527
4 23  0.589453  0.951830
4 24  0.568217  0.746966
4 25  0.589425  1.015720
4 26  0.561948  0.772742
5 6  0.590970  0.931068
5 7  0.594397  0.865938
5 8  0.557855  0.798628
5 9  0.592807  1.017180
5 10  0.565082  0.765873
5 11  0.593210  1.052714
5 12  0.598733  1.121733
5 13  0.571424  0.761541
5 14  0.570104  0.953773
5 15  0.566448  0.901870
5 16  0.560485  0.769064
5 17  0.513383  0.668354
5 18  0.283607  0.438013
5 19  0.596557  1.103618
5 20  0.549449  0.787554
5 21  0.596158  0.880722
5 22  0.595512  1.053897
5 23  0.595413  0.952327
5 24  0.573587  0.748215
5 25  0.594962  1.016938
5 26  0.567296  0.773979
6 7  0.619810  1.085836
6 8  0.601361  1.047892
6 9  0.612151  1.200976
6 10  0.590850  1.004046
6 11  0.614766  1.248557
6 12  0.617824  1.355727
6 13  0.597197  0.995439
6 14  0.569786  1.155255
6 15  0.591415  1.138291
6 16  0.555448  0.975010
6 17  0.589801  0.953415
6 18  0.595185  0.931252
6 19  0.610993  1.311052
6 20  0.594318  1.033512
6 21  0.621916  1.117672
6 22  0.618666  1.287943
6 23  0.384834  1.071421
6 24  0.599173  0.986218
6 25  0.618996  1.252778
6 26  0.592889  1.011748
7 8  0.614936  0.987449
7 9  0.610436  1.121182
7 10  0.558947  0.912355
7 11  0.617869  1.210627
7 12  0.623028  1.279569
7 13  0.561441  0.904447
7 14  0.596823  1.119255
7 15  0.572508  1.045453
7 16  0.590840  0.936963
7 17  0.592352  0.882047
7 18  0.596931  0.860196
7 19  0.619232  1.263590
7 20  0.615166  0.990136
7 21  0.389760  0.911878
7 22  0.616816  1.209807
7 23  0.622953  1.118456
7 24  0.553796  0.868044
7 25  0.615932  1.182006
7 26  0.552320  0.896076
8 9  0.613102  1.141491
8 10  0.585624  0.881961
8 11  0.613451  1.158714
8 12  0.617989  1.206958
8 13  0.591964  0.878019
8 14  0.591037  1.072438
8 15  0.586441  1.020992
8 16  0.558595  0.862070
8 17  0.549549  0.801089
8 18  0.550495  0.775733
8 19  0.617022  1.221929
8 20  0.379941  0.789003
8 21  0.616420  1.000056
8 22  0.615330  1.172589
8 23  0.596101  1.043049
8 24  0.594123  0.867829
8 25  0.614780  1.135057
8 26  0.587856  0.893514
9 10  0.588692  1.080376
9 11  0.582802  1.346059
9 12  0.594160  1.409262
9 13  0.595766  1.080284
9 14  0.593070  1.270264
9 15  0.588474  1.208093
9 16  0.588747  1.090981
9 17  0.590677  1.036899
9 18  0.595376  1.015115
9 19  0.586615  1.381980
9 20  0.613155  1.143747
9 21  0.615434  1.200151
9 22  0.578682  1.324935
9 23  0.619879  1.271920
9 24  0.598032  1.066953
9 25  0.372831  1.180811
9 26  0.590875  1.093631
10 11  0.589270  1.099313
10 12  0.595033  1.162353
10 13  0.520946  0.786746
10 14  0.567783  1.018085
10 15  0.562398  0.963388
10 16  0.561698  0.835117
10 17  0.563049  0.780043
10 18  0.567598  0.758166
10 19  0.593479  1.167545
10 20  0.586047  0.888335
10 21  0.551804  0.898934
10 22  0.592573  1.117728
10 23  0.593335  1.017269
10 24  0.517758  0.771396
10 25  0.590834  1.079169
10 26  0.289748  0.626990
11 12  0.594123  1.396509
11 13  0.596383  1.087731
11 14  0.593879  1.285015
11 15  0.567250  1.247546
11 16  0.589796  1.121344
11 17  0.590900  1.067065
11 18  0.595778  1.045534
11 19  0.584951  1.404736
11 20  0.613516  1.174700
11 21  0.616280  1.220826
11 22  0.395199  1.275909
11 23  0.619736  1.301031
11 24  0.598496  1.099338
11 25  0.580150  1.327053
11 26  0.592544  1.124555
12 13  0.602041  1.170993
12 14  0.574028  1.352835
12 15  0.591375  1.306124
12 16  0.594900  1.191890
12 17  0.596183  1.137790
12 18  0.601059  1.116145
12 19  0.418008  1.427036
12 20  0.619373  1.244874
12 21  0.623091  1.295398
12 22  0.590233  1.435318
12 23  0.614649  1.339982
12 24  0.604401  1.170608
12 25  0.588955  1.388419
12 26  0.597664  1.195412
13 14  0.574630  1.013355
13 15  0.565104  0.960748
13 16  0.568089  0.830525
13 17  0.569364  0.775373
13 18  0.573938  0.753506
13 19  0.600230  1.163240
13 20  0.592349  0.883696
13 21  0.554952  0.896638
13 22  0.598460  1.112992
13 23  0.599731  1.012717
13 24  0.294232  0.581469
13 25  0.598005  1.073554
13 26  0.517850  0.789149
14 15  0.569108  1.149941
14 16  0.562763  0.990811
14 17  0.569050  0.967413
14 18  0.573591  0.941005
14 19  0.577608  1.258037
14 20  0.589577  1.060954
14 21  0.598734  1.107327
14 22  0.594901  1.297365
14 23  0.575406  1.174790
14 24  0.576873  0.999335
14 25  0.592249  1.213178
14 26  0.570487  1.014988
15 16  0.563081  0.970382
15 17  0.564402  0.909802
15 18  0.568962  0.892710
15 19  0.592515  1.282051
15 20  0.587345  1.015461
15 21  0.574514  1.051230
15 22  0.571225  1.142372
15 23  0.594141  1.122418
15 24  0.566044  0.923293
15 25  0.589662  1.191174
15 26  0.560518  0.962321
16 17  0.556379  0.777748
16 18  0.559913  0.748965
16 19  0.592647  1.152696
16 20  0.563581  0.871473
16 21  0.592819  0.944827
16 22  0.591990  1.121305
16 23  0.565134  0.995810
16 24  0.570256  0.816561
16 25  0.591317  1.074480
16 26  0.563974  0.839641
17 18  0.520666  0.671988
17 19  0.594463  1.114207
17 20  0.558472  0.809721
17 21  0.594137  0.892547
17 22  0.593280  1.058082
17 23  0.589155  0.944719
17 24  0.571588  0.761038
17 25  0.592707  1.025151
17 26  0.565304  0.787614
18 19  0.599250  1.095140
18 20  0.561200  0.796468
18 21  0.598683  0.870869
18 22  0.597975  1.044783
18 23  0.595529  0.936203
18 24  0.576126  0.740148
18 25  0.597429  1.004888
18 26  0.569842  0.765761
19 20  0.616273  1.191634
19 21  0.622398  1.267592
19 22  0.596197  1.373240
19 23  0.619290  1.348493
19 24  0.602168  1.139108
19 25  0.594412  1.385372
19 26  0.595215  1.147950
20 21  0.617112  1.002507
20 22  0.616015  1.156021
20 23  0.604961  1.058763
20 24  0.594558  0.867448
20 25  0.615443  1.137488
20 26  0.588275  0.892894
21 22  0.621861  1.225335
21 23  0.624159  1.107891
21 24  0.566113  0.906877
21 25  0.613534  1.122317
21 26  0.562856  0.927197
22 23  0.619373  1.258393
22 24  0.600740  1.080408
22 25  0.586633  1.338342
22 26  0.593557  1.109816
23 24  0.602167  0.996741
23 25  0.615515  1.200793
23 26  0.595869  1.024936
24 25  0.599860  1.061474
24 26  0.524676  0.782826
25 26  0.592778  1.078664
