  -1146.52904689
  -1146.89546257    -1146.77666058
0.00000780276288
2 2 2 2 2 2 2 2 2 2 2 2 2 2 2 0 0 0 0 0 0 0 0 0 0 0 0 0 0 0 
1  0.274242  0.459456
2  0.273333  0.422004
3  0.273742  0.399822
4  0.280681  0.320273
5  0.277623  0.309400
6  0.324542  0.521140
7  0.314876  0.618273
8  0.316770  0.678085
9  0.304327  0.388813
10  0.287005  0.393017
11  0.316902  0.604539
12  0.321664  0.459245
13  0.286047  0.367128
14  0.315288  0.787781
15  0.315899  0.672868
16  0.282694  0.480654
17  0.281383  0.445758
18  0.279500  0.419091
19  0.283239  0.317654
20  0.280194  0.311531
21  0.314913  0.601144
22  0.319447  0.676621
23  0.325445  0.534274
24  0.305525  0.385009
25  0.322997  0.469388
26  0.318007  0.603911
27  0.288266  0.361275
28  0.314611  0.761564
29  0.318431  0.676802
30  0.289289  0.400857
1 2  0.547429  0.878129
1 3  0.546088  0.855575
1 4  0.554715  0.779579
1 5  0.551204  0.766463
1 6  0.574861  0.953729
1 7  0.568328  1.005843
1 8  0.589227  1.102898
1 9  0.576235  0.836150
1 10  0.561214  0.848437
1 11  0.589548  1.046897
1 12  0.595748  0.907298
1 13  0.560273  0.825731
1 14  0.586216  1.225656
1 15  0.587005  1.128605
1 16  0.269075  0.729473
1 17  0.555613  0.904280
1 18  0.553042  0.872613
1 19  0.557037  0.776421
1 20  0.552603  0.770196
1 21  0.573907  1.057542
1 22  0.592204  1.133561
1 23  0.573896  0.967860
1 24  0.577142  0.843257
1 25  0.596939  0.928299
1 26  0.591941  1.061545
1 27  0.562379  0.820602
1 28  0.583353  1.212411
1 29  0.588768  1.120212
1 30  0.563222  0.860055
2 3  0.547045  0.817606
2 4  0.554007  0.740774
2 5  0.550952  0.730491
2 6  0.597670  0.930741
2 7  0.586646  1.026664
2 8  0.587340  1.096973
2 9  0.577652  0.810478
2 10  0.557436  0.810277
2 11  0.568765  0.965155
2 12  0.576019  0.861190
2 13  0.554477  0.776754
2 14  0.585668  1.191919
2 15  0.587559  1.065646
2 16  0.556011  0.901794
2 17  0.259382  0.634092
2 18  0.552463  0.840749
2 19  0.556529  0.739621
2 20  0.553527  0.733510
2 21  0.587844  1.021549
2 22  0.589243  1.084009
2 23  0.598370  0.955532
2 24  0.578732  0.806902
2 25  0.574120  0.871989
2 26  0.574616  1.021963
2 27  0.557416  0.780630
2 28  0.582286  1.177019
2 29  0.590079  1.097042
2 30  0.561564  0.818123
3 4  0.547964  0.707319
3 5  0.546754  0.703518
3 6  0.568377  0.887930
3 7  0.588325  1.016431
3 8  0.590483  1.074451
3 9  0.557198  0.766746
3 10  0.560743  0.790476
3 11  0.590535  0.999305
3 12  0.595403  0.858794
3 13  0.559784  0.764453
3 14  0.588687  1.163009
3 15  0.587460  1.044304
3 16  0.555538  0.875395
3 17  0.554709  0.845251
3 18  0.275997  0.590176
3 19  0.553587  0.715774
3 20  0.552814  0.709523
3 21  0.588419  0.998958
3 22  0.593008  1.075200
3 23  0.563710  0.901761
3 24  0.552406  0.763045
3 25  0.596592  0.868969
3 26  0.591167  1.002985
3 27  0.561996  0.760993
3 28  0.587967  1.159691
3 29  0.589491  1.075664
3 30  0.563030  0.800507
4 5  0.512359  0.590270
4 6  0.601940  0.833858
4 7  0.595521  0.938255
4 8  0.597429  0.998152
4 9  0.556745  0.684082
4 10  0.567686  0.712990
4 11  0.597555  0.922505
4 12  0.602342  0.779375
4 13  0.566728  0.686898
4 14  0.595950  1.104091
4 15  0.596349  0.985605
4 16  0.563117  0.800055
4 17  0.561977  0.765979
4 18  0.556356  0.737499
4 19  0.279310  0.373588
4 20  0.509875  0.585133
4 21  0.595586  0.921255
4 22  0.600125  0.996748
4 23  0.605184  0.853525
4 24  0.548396  0.671002
4 25  0.603670  0.789637
4 26  0.598587  0.924082
4 27  0.568939  0.681535
4 28  0.595102  1.081499
4 29  0.598194  0.996844
4 30  0.569965  0.721111
5 6  0.596771  0.818986
5 7  0.592441  0.925174
5 8  0.594369  0.986269
5 9  0.554092  0.676050
5 10  0.564627  0.702390
5 11  0.594496  0.911610
5 12  0.599285  0.767956
5 13  0.563670  0.676488
5 14  0.592894  1.096980
5 15  0.593376  0.979426
5 16  0.558742  0.789299
5 17  0.558991  0.755128
5 18  0.555949  0.726994
5 19  0.509475  0.580660
5 20  0.279606  0.360313
5 21  0.592409  0.910455
5 22  0.597018  0.985909
5 23  0.601341  0.842885
5 24  0.546527  0.659636
5 25  0.600616  0.778765
5 26  0.595628  0.913237
5 27  0.565877  0.670665
5 28  0.591957  1.070727
5 29  0.595760  0.986115
5 30  0.566896  0.710241
6 7  0.635849  1.115168
6 8  0.640643  1.190724
6 9  0.614426  0.902058
6 10  0.611544  0.913787
6 11  0.640281  1.096318
6 12  0.646156  0.974668
6 13  0.610588  0.886871
6 14  0.638865  1.298307
6 15  0.627151  1.130640
6 16  0.581447  0.975094
6 17  0.605476  0.966160
6 18  0.568856  0.910013
6 19  0.606870  0.837888
6 20  0.602687  0.831570
6 21  0.636925  1.116867
6 22  0.643765  1.195192
6 23  0.398990  0.900789
6 24  0.607127  0.881999
6 25  0.647533  0.990102
6 26  0.642218  1.123338
6 27  0.612696  0.882231
6 28  0.634993  1.272348
6 29  0.630299  1.193155
6 30  0.613729  0.921656
7 8  0.623264  1.232374
7 9  0.619054  1.000526
7 10  0.601777  1.006640
7 11  0.618805  1.163898
7 12  0.635660  1.053616
7 13  0.600889  0.984908
7 14  0.611828  1.378605
7 15  0.595383  1.267821
7 16  0.582114  1.095278
7 17  0.595833  1.062048
7 18  0.594170  1.034159
7 19  0.598088  0.935808
7 20  0.594817  0.929708
7 21  0.384596  1.085911
7 22  0.631215  1.289616
7 23  0.637383  1.146441
7 24  0.620019  1.002888
7 25  0.637685  1.086612
7 26  0.629998  1.219162
7 27  0.602909  0.979113
7 28  0.604993  1.331628
7 29  0.596496  1.251360
7 30  0.603764  1.018337
8 9  0.621076  1.059965
8 10  0.600959  1.044327
8 11  0.597623  1.256460
8 12  0.627456  1.086920
8 13  0.601175  1.035543
8 14  0.608824  1.371991
8 15  0.627545  1.340073
8 16  0.597885  1.156077
8 17  0.593583  1.106200
8 18  0.596203  1.095576
8 19  0.600004  0.995613
8 20  0.596877  0.989489
8 21  0.628741  1.274503
8 22  0.384232  1.229128
8 23  0.641899  1.209442
8 24  0.622083  1.062653
8 25  0.628883  1.143843
8 26  0.595635  1.230484
8 27  0.604543  1.038524
8 28  0.603404  1.404995
8 29  0.632637  1.336743
8 30  0.603852  1.078202
9 10  0.591329  0.779978
9 11  0.621218  0.992982
9 12  0.625990  0.846803
9 13  0.590371  0.754841
9 14  0.619455  1.162636
9 15  0.619584  1.056868
9 16  0.583954  0.868276
9 17  0.585608  0.834436
9 18  0.556243  0.782808
9 19  0.549008  0.670510
9 20  0.547896  0.666241
9 21  0.618860  0.989653
9 22  0.623467  1.064981
9 23  0.607401  0.900107
9 24  0.379575  0.585785
9 25  0.627209  0.858095
9 26  0.622115  0.992412
9 27  0.592592  0.750050
9 28  0.618889  1.149637
9 29  0.622438  1.065070
9 30  0.593592  0.789594
10 11  0.603640  0.995956
10 12  0.570987  0.819389
10 13  0.525091  0.716606
10 14  0.601799  1.155275
10 15  0.602872  1.061953
10 16  0.569317  0.873412
10 17  0.567076  0.834615
10 18  0.566496  0.811931
10 19  0.570231  0.710653
10 20  0.567180  0.704531
10 21  0.601425  0.993446
10 22  0.604441  1.068730
10 23  0.612273  0.926974
10 24  0.592524  0.777957
10 25  0.564027  0.820702
10 26  0.604760  0.994801
10 27  0.521939  0.715196
10 28  0.601302  1.153495
10 29  0.605273  1.068844
10 30  0.297592  0.567323
11 12  0.635866  1.045674
11 13  0.602721  0.966371
11 14  0.615483  1.371561
11 15  0.624505  1.219798
11 16  0.599240  1.083376
11 17  0.582054  1.045731
11 18  0.595939  1.022779
11 19  0.600110  0.922115
11 20  0.597087  0.916001
11 21  0.629003  1.202984
11 22  0.598520  1.233803
11 23  0.642066  1.136941
11 24  0.622179  0.989247
11 25  0.637077  1.070241
11 26  0.382138  1.071289
11 27  0.604774  0.964805
11 28  0.608047  1.319692
11 29  0.632156  1.276530
11 30  0.605960  1.002458
12 13  0.572057  0.808084
12 14  0.636197  1.237915
12 15  0.637113  1.126834
12 16  0.604028  0.939374
12 17  0.580104  0.884576
12 18  0.601081  0.878061
12 19  0.604902  0.776876
12 20  0.601841  0.770752
12 21  0.636383  1.059548
12 22  0.630443  1.132708
12 23  0.647105  0.993099
12 24  0.627093  0.844159
12 25  0.402156  0.766273
12 26  0.637150  1.059846
12 27  0.563971  0.778295
12 28  0.632410  1.214612
12 29  0.639855  1.134703
12 30  0.564491  0.819746
13 14  0.600942  1.135542
13 15  0.601908  1.032354
13 16  0.568580  0.847617
13 17  0.562936  0.810362
13 18  0.565501  0.786092
13 19  0.569273  0.684770
13 20  0.566232  0.678649
13 21  0.600671  0.967817
13 22  0.605074  1.042438
13 23  0.611314  0.901201
13 24  0.591572  0.752095
13 25  0.564645  0.796013
13 26  0.603543  0.970263
13 27  0.295222  0.489178
13 28  0.600586  1.127972
13 29  0.604167  1.043381
13 30  0.521745  0.726398
14 15  0.607256  1.371526
14 16  0.592733  1.258780
14 17  0.591542  1.226036
14 18  0.594264  1.204935
14 19  0.598291  1.105152
14 20  0.595263  1.099082
14 21  0.607786  1.346886
14 22  0.605063  1.423901
14 23  0.636679  1.310769
14 24  0.620787  1.172026
14 25  0.634433  1.250360
14 26  0.612052  1.348004
14 27  0.603506  1.148414
14 28  0.437524  1.478880
14 29  0.603342  1.423828
14 30  0.604190  1.187448
15 16  0.593734  1.133923
15 17  0.595652  1.116715
15 18  0.592633  1.090980
15 19  0.598502  0.990358
15 20  0.595967  0.984279
15 21  0.592092  1.226829
15 22  0.632732  1.331533
15 23  0.628956  1.202214
15 24  0.620941  1.057407
15 25  0.638587  1.140763
15 26  0.630786  1.272295
15 27  0.603987  1.033575
15 28  0.601890  1.400102
15 29  0.392473  1.227551
15 30  0.605118  1.072608
16 17  0.563875  0.922334
16 18  0.559329  0.896847
16 19  0.565581  0.798071
16 20  0.562048  0.788840
16 21  0.574138  1.005179
16 22  0.600099  1.118759
16 23  0.581974  0.984357
16 24  0.585776  0.855276
16 25  0.605489  0.936567
16 26  0.598928  1.066944
16 27  0.570936  0.840692
16 28  0.593680  1.221442
16 29  0.597806  1.152170
16 30  0.571942  0.876202
17 18  0.560838  0.858302
17 19  0.564617  0.762131
17 20  0.561574  0.756648
17 21  0.594594  1.033443
17 22  0.597860  1.118421
17 23  0.606578  0.964735
17 24  0.586898  0.830017
17 25  0.582947  0.892911
17 26  0.575284  0.980799
17 27  0.564566  0.796339
17 28  0.592750  1.185934
17 29  0.597903  1.087837
17 30  0.566754  0.842363
18 19  0.555700  0.723843
18 20  0.553700  0.724131
18 21  0.594060  1.018750
18 22  0.598886  1.093650
18 23  0.574088  0.911489
18 24  0.562741  0.781080
18 25  0.602494  0.888099
18 26  0.597335  1.014080
18 27  0.567763  0.778412
18 28  0.593685  1.155462
18 29  0.595184  1.060628
18 30  0.568786  0.818262
19 20  0.516945  0.589650
19 21  0.598128  0.918528
19 22  0.602660  0.994116
19 23  0.604578  0.844071
19 24  0.560416  0.677194
19 25  0.606233  0.786883
19 26  0.601222  0.919575
19 27  0.571504  0.678714
19 28  0.597835  1.076686
19 29  0.601491  0.988900
19 30  0.572527  0.718403
20 21  0.595057  0.910193
20 22  0.599616  0.986399
20 23  0.599849  0.834643
20 24  0.557510  0.673194
20 25  0.603189  0.780136
20 26  0.598176  0.913716
20 27  0.568459  0.672794
20 28  0.594790  1.072909
20 29  0.598497  0.986640
20 30  0.569481  0.712240
21 22  0.625635  1.210311
21 23  0.637047  1.112292
21 24  0.620320  0.981810
21 25  0.636897  1.045289
21 26  0.620035  1.152832
21 27  0.603130  0.961441
21 28  0.611405  1.335789
21 29  0.595736  1.252055
21 30  0.604075  0.995300
22 23  0.644047  1.200659
22 24  0.624959  1.056656
22 25  0.630645  1.089369
22 26  0.599129  1.251918
22 27  0.605307  1.026495
22 28  0.612596  1.357867
22 29  0.631528  1.341372
22 30  0.605415  1.046823
23 24  0.617613  0.913236
23 25  0.648379  0.997202
23 26  0.642139  1.105171
23 27  0.613709  0.894748
23 28  0.638915  1.283018
23 29  0.630337  1.139418
23 30  0.614730  0.934755
24 25  0.628521  0.853548
24 26  0.623514  0.988465
24 27  0.593789  0.745168
24 28  0.619929  1.132567
24 29  0.622846  1.054833
24 30  0.594812  0.784166
25 26  0.638492  1.055445
25 27  0.576051  0.813158
25 28  0.636663  1.221651
25 29  0.640825  1.139478
25 30  0.574863  0.833045
26 27  0.606069  0.961874
26 28  0.615583  1.339429
26 29  0.627779  1.213907
26 30  0.606970  1.003443
27 28  0.602479  1.106192
27 29  0.606671  1.033336
27 30  0.528996  0.718844
28 29  0.610784  1.353970
28 30  0.603360  1.138795
29 30  0.607674  1.075397
