  -1146.52904689
  -1146.89554735    -1146.77688989
0.00000352728066
2 2 2 2 2 2 2 2 2 2 2 2 2 2 2 0 0 0 0 0 0 0 0 0 0 0 0 0 0 0 
1  0.274530  0.460283
2  0.273561  0.422869
3  0.273847  0.401174
4  0.280745  0.320981
5  0.277690  0.309916
6  0.324821  0.522147
7  0.315179  0.618254
8  0.317132  0.678034
9  0.304448  0.389801
10  0.287045  0.394033
11  0.317251  0.604549
12  0.321847  0.459918
13  0.286127  0.367903
14  0.315605  0.786878
15  0.316226  0.672691
16  0.282998  0.481495
17  0.281617  0.446593
18  0.279613  0.420479
19  0.283305  0.318271
20  0.280266  0.312025
21  0.315215  0.601087
22  0.319810  0.676588
23  0.325711  0.535205
24  0.305639  0.385971
25  0.323178  0.469979
26  0.318361  0.603855
27  0.288350  0.362063
28  0.314916  0.760805
29  0.318777  0.676596
30  0.289329  0.401883
1 2  0.547941  0.879786
1 3  0.546482  0.857724
1 4  0.555065  0.781110
1 5  0.551557  0.767777
1 6  0.575421  0.955474
1 7  0.568838  1.006468
1 8  0.589862  1.103581
1 9  0.576640  0.837852
1 10  0.561539  0.850196
1 11  0.590169  1.047704
1 12  0.596215  0.908666
1 13  0.560639  0.827320
1 14  0.586812  1.225567
1 15  0.587614  1.129264
1 16  0.269590  0.731183
1 17  0.556134  0.905924
1 18  0.553443  0.874833
1 19  0.557391  0.777858
1 20  0.552957  0.771518
1 21  0.574466  1.058290
1 22  0.592849  1.134368
1 23  0.574444  0.969694
1 24  0.577539  0.845054
1 25  0.597405  0.929716
1 26  0.592581  1.062322
1 27  0.562747  0.822217
1 28  0.583943  1.212492
1 29  0.589400  1.120909
1 30  0.563535  0.861907
2 3  0.547377  0.819727
2 4  0.554299  0.742281
2 5  0.551246  0.731828
2 6  0.598173  0.932478
2 7  0.587167  1.027477
2 8  0.587926  1.097799
2 9  0.578000  0.812321
2 10  0.557709  0.812128
2 11  0.569281  0.965840
2 12  0.576427  0.862680
2 13  0.554791  0.778317
2 14  0.586208  1.191849
2 15  0.588107  1.066258
2 16  0.556543  0.903485
2 17  0.259766  0.635842
2 18  0.552782  0.842999
2 19  0.556822  0.741102
2 20  0.553826  0.734869
2 21  0.588373  1.022351
2 22  0.589831  1.084894
2 23  0.598862  0.957329
2 24  0.579069  0.808729
2 25  0.574509  0.873505
2 26  0.575168  1.022747
2 27  0.557725  0.782295
2 28  0.582809  1.177129
2 29  0.590644  1.097716
2 30  0.561835  0.820021
3 4  0.548135  0.709250
3 5  0.546925  0.705354
3 6  0.568772  0.890220
3 7  0.588733  1.017743
3 8  0.590949  1.075717
3 9  0.557420  0.769017
3 10  0.560887  0.792751
3 11  0.590990  1.000626
3 12  0.595691  0.860817
3 13  0.559968  0.766485
3 14  0.589107  1.163293
3 15  0.587893  1.045314
3 16  0.555947  0.877589
3 17  0.555033  0.847434
3 18  0.276187  0.593143
3 19  0.553754  0.717758
3 20  0.552989  0.711367
3 21  0.588824  1.000242
3 22  0.593473  1.076497
3 23  0.564090  0.904076
3 24  0.552622  0.765424
3 25  0.596873  0.870907
3 26  0.591610  1.004274
3 27  0.562186  0.763131
3 28  0.588374  1.160278
3 29  0.589939  1.076812
3 30  0.563176  0.802881
4 5  0.512491  0.591586
4 6  0.602280  0.835499
4 7  0.595888  0.938943
4 8  0.597853  0.998801
4 9  0.556942  0.685778
4 10  0.567790  0.714691
4 11  0.597966  0.923168
4 12  0.602589  0.780749
4 13  0.566872  0.688345
4 14  0.596331  1.103811
4 15  0.596741  0.986027
4 16  0.563486  0.801594
4 17  0.562269  0.767519
4 18  0.556529  0.739610
4 19  0.279439  0.375123
4 20  0.510012  0.586443
4 21  0.595952  0.921902
4 22  0.600552  0.997418
4 23  0.605511  0.855156
4 24  0.548574  0.672758
4 25  0.603912  0.790935
4 26  0.599003  0.924733
4 27  0.569086  0.683030
4 28  0.595470  1.081443
4 29  0.598591  0.997343
4 30  0.570070  0.722843
5 6  0.597110  0.820399
5 7  0.592811  0.925632
5 8  0.594797  0.986696
5 9  0.554283  0.677614
5 10  0.564734  0.703921
5 11  0.594910  0.912064
5 12  0.599534  0.769108
5 13  0.563817  0.677775
5 14  0.593278  1.096591
5 15  0.593769  0.979719
5 16  0.559106  0.790654
5 17  0.559290  0.756479
5 18  0.556129  0.728897
5 19  0.509609  0.581902
5 20  0.279740  0.361501
5 21  0.592775  0.910914
5 22  0.597446  0.986391
5 23  0.601674  0.844335
5 24  0.546710  0.661171
5 25  0.600864  0.779872
5 26  0.596048  0.913696
5 27  0.566026  0.671970
5 28  0.592322  1.070482
5 29  0.596172  0.986425
5 30  0.567001  0.711783
6 7  0.636427  1.116096
6 8  0.641273  1.191607
6 9  0.614818  0.904047
6 10  0.611863  0.915807
6 11  0.640902  1.097233
6 12  0.646617  0.976242
6 13  0.610947  0.888629
6 14  0.639456  1.298439
6 15  0.627713  1.131332
6 16  0.582020  0.977018
6 17  0.605984  0.968004
6 18  0.569252  0.912428
6 19  0.607215  0.839505
6 20  0.603039  0.833075
6 21  0.637499  1.117854
6 22  0.644405  1.196163
6 23  0.399490  0.903012
6 24  0.607517  0.883941
6 25  0.647993  0.991699
6 26  0.642850  1.124295
6 27  0.613053  0.884024
6 28  0.635571  1.272580
6 29  0.630909  1.193937
6 30  0.614045  0.923679
7 8  0.623903  1.232384
7 9  0.619479  1.001434
7 10  0.602123  1.007605
7 11  0.619397  1.163908
7 12  0.636148  1.054196
7 13  0.601271  0.985664
7 14  0.612438  1.377773
7 15  0.596015  1.267688
7 16  0.582685  1.096081
7 17  0.596369  1.062860
7 18  0.594584  1.035515
7 19  0.598459  0.936403
7 20  0.595188  0.930181
7 21  0.385204  1.085717
7 22  0.631875  1.289597
7 23  0.637946  1.147404
7 24  0.620437  1.003828
7 25  0.638166  1.087189
7 26  0.630631  1.219108
7 27  0.603292  0.979871
7 28  0.605598  1.331084
7 29  0.597150  1.251347
7 30  0.604097  1.019336
8 9  0.621558  1.060797
8 10  0.601369  1.045159
8 11  0.598312  1.256477
8 12  0.627983  1.087457
8 13  0.601614  1.036219
8 14  0.609451  1.371231
8 15  0.628197  1.339866
8 16  0.598547  1.156881
8 17  0.594174  1.107063
8 18  0.596677  1.096883
8 19  0.600433  0.996175
8 20  0.597309  0.989930
8 21  0.629397  1.274427
8 22  0.384915  1.229050
8 23  0.642523  1.210317
8 24  0.622547  1.063565
8 25  0.629412  1.144374
8 26  0.596339  1.230612
8 27  0.604986  1.039256
8 28  0.604020  1.404297
8 29  0.633330  1.336584
8 30  0.604249  1.079180
9 10  0.591489  0.781895
9 11  0.621686  0.993977
9 12  0.626293  0.848434
9 13  0.590571  0.756556
9 14  0.619889  1.162595
9 15  0.620023  1.057629
9 16  0.584371  0.870111
9 17  0.585957  0.836257
9 18  0.556473  0.785244
9 19  0.549194  0.672183
9 20  0.548092  0.667775
9 21  0.619281  0.990582
9 22  0.623937  1.065937
9 23  0.607783  0.902009
9 24  0.379815  0.588080
9 25  0.627504  0.859673
9 26  0.622585  0.993340
9 27  0.592796  0.751825
9 28  0.619313  1.149862
9 29  0.622901  1.065842
9 30  0.593752  0.791605
10 11  0.604028  0.996964
10 12  0.571224  0.821091
10 13  0.525200  0.718380
10 14  0.602158  1.155252
10 15  0.603238  1.062766
10 16  0.569647  0.875265
10 17  0.567351  0.836472
10 18  0.566648  0.814328
10 19  0.570337  0.712285
10 20  0.567288  0.706041
10 21  0.601753  0.994395
10 22  0.604839  1.069714
10 23  0.612570  0.928910
10 24  0.592677  0.779933
10 25  0.564259  0.822363
10 26  0.605151  0.995756
10 27  0.522050  0.717138
10 28  0.601642  1.153748
10 29  0.605659  1.069638
10 30  0.297664  0.569545
11 12  0.636401  1.046315
11 13  0.603151  0.967120
11 14  0.616139  1.370752
11 15  0.625159  1.219726
11 16  0.599890  1.084234
11 17  0.582602  1.046537
11 18  0.596387  1.024171
11 19  0.600526  0.922739
11 20  0.597507  0.916504
11 21  0.629633  1.202959
11 22  0.599219  1.233981
11 23  0.642679  1.137887
11 24  0.622637  0.990216
11 25  0.637599  1.070871
11 26  0.382778  1.071047
11 27  0.605206  0.965601
11 28  0.608688  1.319137
11 29  0.632844  1.276364
11 30  0.606347  1.003488
12 13  0.572325  0.809594
12 14  0.636695  1.237710
12 15  0.637618  1.127285
12 16  0.604506  0.940887
12 17  0.580497  0.886142
12 18  0.601373  0.880118
12 19  0.605152  0.778166
12 20  0.602095  0.771919
12 21  0.636865  1.060170
12 22  0.630972  1.133337
12 23  0.647554  0.994702
12 24  0.627383  0.845795
12 25  0.402492  0.767739
12 26  0.637680  1.060488
12 27  0.564242  0.779811
12 28  0.632887  1.214508
12 29  0.640380  1.135173
12 30  0.564724  0.821496
13 14  0.601337  1.135313
13 15  0.602315  1.032884
13 16  0.568961  0.849229
13 17  0.563244  0.811981
13 18  0.565693  0.788250
13 19  0.569417  0.686161
13 20  0.566381  0.679918
13 21  0.601050  0.968524
13 22  0.605515  1.043169
13 23  0.611650  0.902902
13 24  0.591765  0.753830
13 25  0.564913  0.797437
13 26  0.603974  0.970980
13 27  0.295384  0.490915
13 28  0.600969  1.127986
13 29  0.604582  1.043949
13 30  0.521855  0.728334
14 15  0.607851  1.370717
14 16  0.593353  1.258739
14 17  0.592089  1.225987
14 18  0.594692  1.205415
14 19  0.598667  1.104867
14 20  0.595647  1.098672
14 21  0.608396  1.346129
14 22  0.605699  1.423118
14 23  0.637258  1.310788
14 24  0.621217  1.172081
14 25  0.634917  1.250038
14 26  0.612711  1.347246
14 27  0.603907  1.148297
14 28  0.438166  1.477249
14 29  0.603951  1.422875
14 30  0.604543  1.187570
15 16  0.594363  1.134688
15 17  0.596200  1.117388
15 18  0.593071  1.092196
15 19  0.598890  0.990797
15 20  0.596364  0.984596
15 21  0.592726  1.226834
15 22  0.633406  1.331417
15 23  0.629528  1.202944
15 24  0.621376  1.058186
15 25  0.639090  1.141178
15 26  0.631460  1.272097
15 27  0.604386  1.034187
15 28  0.602488  1.399310
15 29  0.393126  1.227147
15 30  0.605486  1.073441
16 17  0.564407  0.923968
16 18  0.559745  0.899054
16 19  0.565950  0.799526
16 20  0.562421  0.790131
16 21  0.574665  1.005803
16 22  0.600751  1.119474
16 23  0.582531  0.986001
16 24  0.586193  0.856974
16 25  0.605973  0.937867
16 26  0.599573  1.067690
16 27  0.571322  0.842297
16 28  0.594279  1.221524
16 29  0.598451  1.152815
16 30  0.572284  0.877964
17 18  0.561181  0.860387
17 19  0.564917  0.763527
17 20  0.561878  0.757943
17 21  0.595123  1.034196
17 22  0.598454  1.119241
17 23  0.607074  0.966360
17 24  0.587245  0.831794
17 25  0.583356  0.894281
17 26  0.575820  0.981432
17 27  0.564892  0.797889
17 28  0.593281  1.185977
17 29  0.598469  1.088383
17 30  0.567032  0.844201
18 19  0.555881  0.725731
18 20  0.553884  0.725990
18 21  0.594474  1.020068
18 22  0.599362  1.094983
18 23  0.574472  0.913717
18 24  0.562966  0.783360
18 25  0.602788  0.890072
18 26  0.597803  1.015349
18 27  0.567960  0.780509
18 28  0.594101  1.155931
18 29  0.595641  1.061638
18 30  0.568939  0.820599
19 20  0.517084  0.590861
19 21  0.598496  0.919088
19 22  0.603089  0.994694
19 23  0.604908  0.845550
19 24  0.560610  0.678776
19 25  0.606481  0.788082
19 26  0.601641  0.920091
19 27  0.571655  0.680103
19 28  0.598207  1.076492
19 29  0.601907  0.989239
19 30  0.572634  0.720038
20 21  0.595429  0.910585
20 22  0.600049  0.986801
20 23  0.600180  0.835967
20 24  0.557697  0.674703
20 25  0.603442  0.781175
20 26  0.598599  0.914090
20 27  0.568615  0.674076
20 28  0.595167  1.072643
20 29  0.598916  0.986895
20 30  0.569594  0.713750
21 22  0.626272  1.210348
21 23  0.637613  1.113114
21 24  0.620736  0.982665
21 25  0.637380  1.045773
21 26  0.620620  1.152707
21 27  0.603512  0.962167
21 28  0.612003  1.335064
21 29  0.596381  1.251854
21 30  0.604420  0.996233
22 23  0.644665  1.201484
22 24  0.625436  1.057504
22 25  0.631166  1.089857
22 26  0.599830  1.251899
22 27  0.605747  1.027180
22 28  0.613218  1.357202
22 29  0.632189  1.341143
22 30  0.605826  1.047671
23 24  0.617990  0.915129
23 25  0.648824  0.998625
23 26  0.642750  1.105959
23 27  0.614059  0.896456
23 28  0.639479  1.283236
23 29  0.630913  1.140057
23 30  0.615037  0.936707
24 25  0.628816  0.855076
24 26  0.623980  0.989372
24 27  0.593987  0.746867
24 28  0.620346  1.132625
24 29  0.623297  1.055535
24 30  0.594967  0.786068
25 26  0.639028  1.055943
25 27  0.576326  0.814599
25 28  0.637146  1.221510
25 29  0.641349  1.139816
25 30  0.575097  0.834661
26 27  0.606508  0.962580
26 28  0.616224  1.338699
26 29  0.628458  1.213797
26 30  0.607365  1.004402
27 28  0.602866  1.106106
27 29  0.607103  1.033863
27 30  0.529108  0.720644
28 29  0.611390  1.353229
28 30  0.603707  1.138927
29 30  0.608061  1.076195
