  -1146.52564764
  -1146.88485640    -1146.74819714
0.00012646905631
2 2 2 2 2 2 2 2 2 2 2 2 2 2 2 0 0 0 0 0 0 0 0 0 0 0 0 0 0 0 
1  0.276672  0.281640
2  0.273634  0.276151
3  0.260015  0.529193
4  0.273070  0.525440
5  0.286304  0.619412
6  0.265310  0.268808
7  0.303406  0.602006
8  0.297371  0.719654
9  0.290886  0.312717
10  0.267167  0.273282
11  0.298226  0.315003
12  0.300262  0.863082
13  0.282282  0.320370
14  0.293875  0.784554
15  0.284278  0.293537
16  0.278894  0.284700
17  0.278245  0.280866
18  0.274121  0.592908
19  0.283644  0.613932
20  0.277323  0.537685
21  0.287783  0.293672
22  0.301122  0.875782
23  0.295999  0.743802
24  0.301558  0.577646
25  0.284135  0.331259
26  0.269524  0.274540
27  0.294081  0.314711
28  0.296549  0.715830
29  0.297418  0.314482
30  0.266252  0.266419
1 2  0.505900  0.514094
1 3  0.536661  0.810798
1 4  0.549741  0.806769
1 5  0.562976  0.901046
1 6  0.541964  0.550395
1 7  0.579633  0.882092
1 8  0.574038  1.001168
1 9  0.567379  0.594169
1 10  0.543832  0.554859
1 11  0.553245  0.574906
1 12  0.576933  1.144319
1 13  0.552452  0.594738
1 14  0.570526  1.064929
1 15  0.556164  0.570691
1 16  0.264543  0.278947
1 17  0.503716  0.512234
1 18  0.550790  0.874490
1 19  0.560281  0.895554
1 20  0.553984  0.819323
1 21  0.563132  0.573992
1 22  0.577714  1.157362
1 23  0.572652  1.025410
1 24  0.577365  0.858790
1 25  0.558096  0.610728
1 26  0.546133  0.556121
1 27  0.570716  0.596291
1 28  0.573024  0.997426
1 29  0.543599  0.566857
1 30  0.542860  0.548007
2 3  0.533640  0.805247
2 4  0.546703  0.801455
2 5  0.559938  0.895539
2 6  0.538854  0.544896
2 7  0.576834  0.877576
2 8  0.571003  0.995666
2 9  0.564099  0.588373
2 10  0.540775  0.549408
2 11  0.552301  0.573014
2 12  0.573895  1.139196
2 13  0.550404  0.591068
2 14  0.567503  1.060397
2 15  0.551314  0.563375
2 16  0.502792  0.512053
2 17  0.262320  0.269282
2 18  0.547751  0.869036
2 19  0.557272  0.890079
2 20  0.550956  0.813836
2 21  0.558871  0.567392
2 22  0.574742  1.151911
2 23  0.569630  1.019937
2 24  0.575162  0.853785
2 25  0.556689  0.606501
2 26  0.543078  0.550617
2 27  0.567212  0.590461
2 28  0.570150  0.991972
2 29  0.540874  0.561416
2 30  0.539571  0.542294
3 4  0.532211  1.033071
3 5  0.544949  1.105669
3 6  0.525210  0.797855
3 7  0.534865  1.096968
3 8  0.542898  1.149946
3 9  0.549514  0.834717
3 10  0.526823  0.801013
3 11  0.558153  0.844082
3 12  0.555923  1.350000
3 13  0.541776  0.849136
3 14  0.549337  1.306489
3 15  0.544247  0.822456
3 16  0.538906  0.813838
3 17  0.538238  0.810048
3 18  0.253329  0.949036
3 19  0.543493  1.138781
3 20  0.536903  1.063294
3 21  0.547761  0.822768
3 22  0.556028  1.379663
3 23  0.537407  1.260433
3 24  0.533718  1.071732
3 25  0.544024  0.858463
3 26  0.528133  0.803166
3 27  0.551159  0.842772
3 28  0.554744  1.231722
3 29  0.557357  0.843345
3 30  0.526057  0.795531
4 5  0.516281  1.112093
4 6  0.538377  0.793644
4 7  0.575603  1.092726
4 8  0.560123  1.180072
4 9  0.563949  0.836903
4 10  0.540234  0.797813
4 11  0.571288  0.839716
4 12  0.560721  1.378348
4 13  0.555322  0.843087
4 14  0.560782  1.264140
4 15  0.557343  0.818752
4 16  0.551955  0.810128
4 17  0.551314  0.806304
4 18  0.546908  1.115029
4 19  0.272930  0.962497
4 20  0.507833  1.026040
4 21  0.560850  0.819095
4 22  0.543047  1.343563
4 23  0.567508  1.259115
4 24  0.574503  1.099957
4 25  0.557117  0.856533
4 26  0.542583  0.799966
4 27  0.567113  0.840080
4 28  0.568413  1.234834
4 29  0.570461  0.839877
4 30  0.539319  0.791857
5 6  0.551611  0.888104
5 7  0.589185  1.209836
5 8  0.576178  1.260159
5 9  0.577176  0.929227
5 10  0.553467  0.892059
5 11  0.584528  0.934313
5 12  0.562664  1.370651
5 13  0.568577  0.939643
5 14  0.576487  1.390116
5 15  0.570580  0.912757
5 16  0.565196  0.904106
5 17  0.564549  0.900276
5 18  0.558701  1.206515
5 19  0.515385  1.150966
5 20  0.278946  0.979620
5 21  0.574085  0.913066
5 22  0.564055  1.446741
5 23  0.577911  1.353579
5 24  0.587592  1.193042
5 25  0.570412  0.950461
5 26  0.555783  0.893922
5 27  0.580259  0.934021
5 28  0.580134  1.321885
5 29  0.583707  0.933861
5 30  0.552556  0.885821
6 7  0.567533  0.868858
6 8  0.562668  0.987929
6 9  0.522159  0.552683
6 10  0.487510  0.499031
6 11  0.563128  0.583066
6 12  0.565564  1.131710
6 13  0.547390  0.588664
6 14  0.559131  1.051555
6 15  0.547756  0.560239
6 16  0.544037  0.553358
6 17  0.543032  0.549190
6 18  0.539308  0.861613
6 19  0.548941  0.882736
6 20  0.542633  0.806489
6 21  0.550953  0.560471
6 22  0.566364  1.144511
6 23  0.561268  1.012556
6 24  0.566604  0.846311
6 25  0.549402  0.600019
6 26  0.483619  0.495075
6 27  0.517165  0.545278
6 28  0.561826  0.984617
6 29  0.562170  0.582749
6 30  0.263034  0.271380
7 8  0.596316  1.276901
7 9  0.584592  0.903507
7 10  0.568045  0.870310
7 11  0.600008  0.912466
7 12  0.602213  1.446879
7 13  0.576381  0.902543
7 14  0.584367  1.285082
7 15  0.586758  0.894851
7 16  0.581566  0.886304
7 17  0.581624  0.882858
7 18  0.543407  1.131103
7 19  0.586107  1.211119
7 20  0.580603  1.136729
7 21  0.589794  0.894975
7 22  0.599656  1.459606
7 23  0.593986  1.309903
7 24  0.350328  1.034921
7 25  0.577765  0.927349
7 26  0.570588  0.874877
7 27  0.585414  0.907870
7 28  0.592394  1.311840
7 29  0.596975  0.914310
7 30  0.569353  0.868270
8 9  0.588181  1.026749
8 10  0.564513  0.991188
8 11  0.595575  1.034577
8 12  0.570582  1.520826
8 13  0.579548  1.039077
8 14  0.556741  1.470945
8 15  0.581636  1.013147
8 16  0.576262  1.004344
8 17  0.575615  1.000516
8 18  0.561361  1.305405
8 19  0.577928  1.323253
8 20  0.573507  1.251474
8 21  0.585137  1.013295
8 22  0.556045  1.465378
8 23  0.416854  1.374107
8 24  0.597233  1.289579
8 25  0.581415  1.050334
8 26  0.566738  0.994135
8 27  0.591042  1.034180
8 28  0.554166  1.414797
8 29  0.594748  1.034074
8 30  0.563611  0.986056
9 10  0.523289  0.553601
9 11  0.588411  0.627120
9 12  0.591077  1.172886
9 13  0.572308  0.632225
9 14  0.584504  1.096944
9 15  0.568503  0.599918
9 16  0.569762  0.597379
9 17  0.568554  0.593088
9 18  0.561749  0.904636
9 19  0.574519  0.926587
9 20  0.568156  0.850303
9 21  0.571085  0.599709
9 22  0.591974  1.188290
9 23  0.586681  1.056309
9 24  0.578850  0.881514
9 25  0.573557  0.641676
9 26  0.516582  0.548086
9 27  0.350913  0.409283
9 28  0.587357  1.028389
9 29  0.585020  0.623779
9 30  0.513317  0.539458
10 11  0.565138  0.587870
10 12  0.567412  1.136282
10 13  0.549320  0.593218
10 14  0.560979  1.056727
10 15  0.550419  0.565821
10 16  0.545886  0.557824
10 17  0.545240  0.553991
10 18  0.540059  0.865750
10 19  0.550810  0.887206
10 20  0.544471  0.810947
10 21  0.554598  0.566598
10 22  0.568231  1.148957
10 23  0.563048  1.016978
10 24  0.566543  0.849639
10 25  0.551169  0.604410
10 26  0.268339  0.287447
10 27  0.516262  0.547316
10 28  0.563712  0.989083
10 29  0.564566  0.587741
10 30  0.484035  0.492755
11 12  0.598481  1.175495
11 13  0.556403  0.611365
11 14  0.591962  1.094345
11 15  0.557187  0.583527
11 16  0.545543  0.569484
11 17  0.547612  0.567916
11 18  0.572322  0.907616
11 19  0.581790  0.928892
11 20  0.575520  0.852661
11 21  0.552412  0.576600
11 22  0.599211  1.190651
11 23  0.594212  1.058684
11 24  0.596266  0.890473
11 25  0.552159  0.620830
11 26  0.567735  0.589522
11 27  0.588850  0.626175
11 28  0.594371  1.030751
11 29  0.384357  0.429006
11 30  0.564047  0.581028
12 13  0.582509  1.178053
12 14  0.567802  1.518444
12 15  0.584536  1.154761
12 16  0.579145  1.147725
12 17  0.578499  1.143921
12 18  0.568263  1.441623
12 19  0.564159  1.423680
12 20  0.546658  1.350991
12 21  0.588043  1.156719
12 22  0.466280  1.707208
12 23  0.568369  1.586877
12 24  0.597851  1.414195
12 25  0.584333  1.193652
12 26  0.569680  1.137524
12 27  0.594120  1.177587
12 28  0.553923  1.459819
12 29  0.597677  1.177447
12 30  0.566478  1.129430
13 14  0.575583  1.090496
13 15  0.531015  0.585640
13 16  0.558855  0.603192
13 17  0.559303  0.600177
13 18  0.556308  0.911502
13 19  0.565677  0.934141
13 20  0.559522  0.857948
13 21  0.529525  0.578589
13 22  0.582921  1.195615
13 23  0.578212  1.063425
13 24  0.575630  0.893036
13 25  0.327148  0.433543
13 26  0.551707  0.594783
13 27  0.574706  0.632841
13 28  0.577521  1.035863
13 29  0.547986  0.607483
13 30  0.548500  0.586743
14 15  0.578094  1.075519
14 16  0.572599  1.069214
14 17  0.572079  1.065405
14 18  0.560400  1.328088
14 19  0.573087  1.388757
14 20  0.568985  1.306282
14 21  0.581647  1.078202
14 22  0.567395  1.641279
14 23  0.545511  1.441473
14 24  0.579394  1.340406
14 25  0.576531  1.115350
14 26  0.563353  1.058944
14 27  0.587903  1.098872
14 28  0.417942  1.410970
14 29  0.590978  1.098970
14 30  0.559952  1.050887
15 16  0.561784  0.576861
15 17  0.559659  0.571706
15 18  0.558352  0.886311
15 19  0.567902  0.907450
15 20  0.561593  0.831199
15 21  0.327111  0.346518
15 22  0.585379  1.169269
15 23  0.580273  1.037281
15 24  0.583909  0.869932
15 25  0.526695  0.588804
15 26  0.553608  0.567876
15 27  0.569905  0.600805
15 28  0.580751  1.009329
15 29  0.550634  0.578433
15 30  0.548586  0.558216
16 17  0.511485  0.520713
16 18  0.552987  0.877590
16 19  0.562536  0.898033
16 20  0.556216  0.822324
16 21  0.560113  0.572131
16 22  0.580005  1.159538
16 23  0.574885  1.028425
16 24  0.579854  0.860622
16 25  0.556141  0.608109
16 26  0.548413  0.559205
16 27  0.572684  0.599120
16 28  0.575408  0.999368
16 29  0.555079  0.577744
16 30  0.545124  0.551086
17 18  0.552355  0.873697
17 19  0.561888  0.894612
17 20  0.555567  0.818489
17 21  0.558828  0.567542
17 22  0.579363  1.156504
17 23  0.574241  1.024654
17 24  0.579481  0.857836
17 25  0.556065  0.606077
17 26  0.547748  0.555380
17 27  0.571766  0.594944
17 28  0.574782  0.996326
17 29  0.554584  0.575819
17 30  0.544415  0.547219
18 19  0.556963  1.197335
18 20  0.550015  1.090460
18 21  0.561839  0.886365
18 22  0.572154  1.432948
18 23  0.548990  1.206005
18 24  0.545651  1.135837
18 25  0.557631  0.923446
18 26  0.543215  0.865528
18 27  0.566674  0.899944
18 28  0.566581  1.286298
18 29  0.571417  0.907046
18 30  0.540168  0.859178
19 20  0.516911  1.124030
19 21  0.571423  0.907089
19 22  0.562941  1.393976
19 23  0.574521  1.345079
19 24  0.584160  1.149335
19 25  0.567718  0.938853
19 26  0.553164  0.888141
19 27  0.577699  0.928388
19 28  0.572857  1.239837
19 29  0.581055  0.926752
19 30  0.549894  0.880085
20 21  0.565103  0.831350
20 22  0.562342  1.392234
20 23  0.565759  1.215872
20 24  0.578020  1.094330
20 25  0.561434  0.868606
20 26  0.546847  0.811440
20 27  0.571394  0.850364
20 28  0.564442  1.212069
20 29  0.574737  0.852123
20 30  0.543574  0.803929
21 22  0.588894  1.168086
21 23  0.583765  1.037120
21 24  0.588414  0.870968
21 25  0.534541  0.595125
21 26  0.556113  0.567082
21 27  0.573770  0.600800
21 28  0.584293  1.008628
21 29  0.560993  0.584340
21 30  0.552061  0.558039
22 23  0.572244  1.506252
22 24  0.599852  1.421145
22 25  0.584964  1.194068
22 26  0.570623  1.150242
22 27  0.595118  1.189116
22 28  0.573686  1.509184
22 29  0.598496  1.186366
22 30  0.567359  1.142074
23 24  0.594680  1.308038
23 25  0.579953  1.072781
23 26  0.565504  1.017111
23 27  0.589987  1.053331
23 28  0.553702  1.431049
23 29  0.593386  1.057416
23 30  0.562242  1.010168
24 25  0.575657  0.888910
24 26  0.568237  0.847676
24 27  0.585047  0.880174
24 28  0.585747  1.188244
24 29  0.597412  0.888139
24 30  0.566040  0.842498
25 26  0.553507  0.605548
25 27  0.577421  0.645383
25 28  0.579833  1.034682
25 29  0.558416  0.622150
25 30  0.550103  0.597256
26 27  0.527980  0.555550
26 28  0.566021  0.989311
26 29  0.566668  0.588707
26 30  0.490469  0.497919
27 28  0.590362  1.029294
27 29  0.590518  0.628305
27 30  0.526860  0.552110
28 29  0.593817  1.027086
28 30  0.562762  0.981536
29 30  0.563234  0.580307
