  -1146.52564764
  -1146.88950329    -1146.75781342
0.00004104919451
2 2 2 2 2 2 2 2 2 2 2 2 2 2 2 0 0 0 0 0 0 0 0 0 0 0 0 0 0 0 
1  0.281398  0.317652
2  0.277802  0.307622
3  0.270056  0.548772
4  0.279169  0.493613
5  0.291673  0.581813
6  0.274503  0.299418
7  0.318589  0.643261
8  0.308833  0.680734
9  0.301998  0.379030
10  0.275654  0.298141
11  0.306625  0.399264
12  0.308388  0.803905
13  0.295268  0.402063
14  0.304975  0.743513
15  0.294296  0.363227
16  0.283565  0.323243
17  0.282534  0.314504
18  0.285111  0.601557
19  0.289851  0.572780
20  0.282652  0.508309
21  0.297729  0.354218
22  0.309724  0.820204
23  0.306883  0.703448
24  0.317146  0.628716
25  0.296623  0.416551
26  0.277912  0.296606
27  0.305240  0.382193
28  0.308077  0.678851
29  0.305077  0.395143
30  0.275735  0.293571
1 2  0.515189  0.587684
1 3  0.551414  0.866180
1 4  0.560563  0.810416
1 5  0.573069  0.899325
1 6  0.555875  0.616830
1 7  0.599202  0.955533
1 8  0.590222  0.997862
1 9  0.583142  0.695907
1 10  0.557040  0.615255
1 11  0.565906  0.694786
1 12  0.589784  1.120789
1 13  0.569362  0.706925
1 14  0.586329  1.058299
1 15  0.570513  0.676037
1 16  0.273148  0.368623
1 17  0.513420  0.583553
1 18  0.566498  0.919027
1 19  0.571163  0.890321
1 20  0.564024  0.825906
1 21  0.577684  0.669266
1 22  0.590979  1.137539
1 23  0.588250  1.020940
1 24  0.597579  0.945978
1 25  0.575076  0.732819
1 26  0.559200  0.614195
1 27  0.586599  0.699565
1 28  0.589204  0.996337
1 29  0.556139  0.683689
1 30  0.557038  0.611122
2 3  0.547839  0.854840
2 4  0.556970  0.800698
2 5  0.569474  0.888807
2 6  0.552190  0.606859
2 7  0.595990  0.948384
2 8  0.586632  0.987014
2 9  0.579293  0.684156
2 10  0.553408  0.605673
2 11  0.564823  0.691088
2 12  0.586190  1.111172
2 13  0.566728  0.702444
2 14  0.582766  1.050787
2 15  0.564936  0.661219
2 16  0.512316  0.584110
2 17  0.270043  0.348060
2 18  0.562888  0.909056
2 19  0.567637  0.880332
2 20  0.560452  0.815879
2 21  0.572820  0.659988
2 22  0.587489  1.127626
2 23  0.584675  1.010924
2 24  0.594895  0.936263
2 25  0.573163  0.722398
2 26  0.555590  0.604132
2 27  0.582527  0.689480
2 28  0.585831  0.986382
2 29  0.552992  0.672775
2 30  0.553132  0.600878
3 4  0.548124  1.023071
3 5  0.560116  1.088619
3 6  0.544385  0.848081
3 7  0.559842  1.154427
3 8  0.561892  1.132066
3 9  0.570523  0.912345
3 10  0.545281  0.845121
3 11  0.576575  0.945853
3 12  0.573576  1.309592
3 13  0.564723  0.949617
3 14  0.570295  1.286406
3 15  0.564303  0.907167
3 16  0.553610  0.871841
3 17  0.552537  0.863185
3 18  0.271501  0.978284
3 19  0.559750  1.117342
3 20  0.552144  1.054538
3 21  0.567749  0.902738
3 22  0.574590  1.345369
3 23  0.556438  1.240744
3 24  0.559448  1.143281
3 25  0.566521  0.962113
3 26  0.546499  0.844838
3 27  0.572320  0.930162
3 28  0.576221  1.214833
3 29  0.575049  0.943428
3 30  0.545564  0.842180
4 5  0.527485  1.045442
4 6  0.553667  0.792294
4 7  0.596543  1.103727
4 8  0.576097  1.119308
4 9  0.581152  0.870634
4 10  0.554817  0.790374
4 11  0.585777  0.891918
4 12  0.575130  1.290408
4 13  0.574377  0.891098
4 14  0.577149  1.199590
4 15  0.573456  0.856688
4 16  0.562708  0.816786
4 17  0.561702  0.808068
4 18  0.563947  1.092335
4 19  0.283720  0.875099
4 20  0.519659  0.968456
4 21  0.576891  0.847696
4 22  0.557530  1.264558
4 23  0.584240  1.188760
4 24  0.596077  1.119617
4 25  0.575546  0.909813
4 26  0.557061  0.790193
4 27  0.584322  0.875604
4 28  0.585864  1.168921
4 29  0.584154  0.888524
4 30  0.554903  0.787161
5 6  0.566170  0.881168
5 7  0.609524  1.212541
5 8  0.592652  1.196571
5 9  0.593648  0.953966
5 10  0.567318  0.879092
5 11  0.598295  0.979753
5 12  0.575936  1.290848
5 13  0.586928  0.983294
5 14  0.592626  1.315028
5 15  0.585967  0.942574
5 16  0.575236  0.904966
5 17  0.574207  0.896236
5 18  0.574816  1.179188
5 19  0.527306  1.084226
5 20  0.288168  0.899450
5 21  0.589396  0.935799
5 22  0.577936  1.360957
5 23  0.593700  1.279880
5 24  0.608474  1.206344
5 25  0.588228  0.997777
5 26  0.569505  0.878360
5 27  0.596680  0.963609
5 28  0.597048  1.249296
5 29  0.596720  0.976622
5 30  0.567403  0.875342
6 7  0.591697  0.939337
6 8  0.583311  0.979968
6 9  0.541418  0.652413
6 10  0.503563  0.556401
6 11  0.580599  0.695627
6 12  0.582882  1.101896
6 13  0.569548  0.699769
6 14  0.579403  1.038724
6 15  0.566658  0.658221
6 16  0.557842  0.622443
6 17  0.556415  0.613420
6 18  0.559446  0.900727
6 19  0.564339  0.872146
6 20  0.557155  0.807692
6 21  0.570056  0.651860
6 22  0.584167  1.119436
6 23  0.581336  1.002755
6 24  0.591277  0.927566
6 25  0.571068  0.715815
6 26  0.499534  0.547633
6 27  0.536129  0.643696
6 28  0.582528  0.978178
6 29  0.579053  0.694172
6 30  0.278289  0.337042
7 8  0.622716  1.280538
7 9  0.610153  1.006326
7 10  0.591397  0.932803
7 11  0.623185  1.035352
7 12  0.625396  1.433010
7 13  0.602286  1.008459
7 14  0.609464  1.295807
7 15  0.611711  1.006014
7 16  0.601334  0.966191
7 17  0.601077  0.957680
7 18  0.569860  1.185203
7 19  0.607390  1.212037
7 20  0.601122  1.148867
7 21  0.614690  0.995921
7 22  0.623256  1.445272
7 23  0.620026  1.313766
7 24  0.379368  1.140819
7 25  0.604669  1.054212
7 26  0.594084  0.938512
7 27  0.611722  1.014355
7 28  0.618435  1.316917
7 29  0.619562  1.035244
7 30  0.593909  0.936403
8 9  0.610728  1.048799
8 10  0.584446  0.976697
8 11  0.615435  1.079017
8 12  0.589645  1.433919
8 13  0.603997  1.080629
8 14  0.578926  1.401165
8 15  0.603115  1.041427
8 16  0.592395  1.003850
8 17  0.591367  0.995119
8 18  0.582088  1.276915
8 19  0.595192  1.245188
8 20  0.590192  1.185636
8 21  0.606549  1.034593
8 22  0.575306  1.390094
8 23  0.437047  1.289708
8 24  0.624069  1.302420
8 25  0.605304  1.095935
8 26  0.586575  0.977248
8 27  0.613695  1.062339
8 28  0.576311  1.339794
8 29  0.613852  1.075413
8 30  0.584567  0.974253
9 10  0.542187  0.649463
9 11  0.607767  0.776154
9 12  0.610296  1.174082
9 13  0.596203  0.779251
9 14  0.606641  1.121388
9 15  0.588443  0.726669
9 16  0.585535  0.701974
9 17  0.583961  0.693153
9 18  0.583869  0.979799
9 19  0.591806  0.951540
9 20  0.584476  0.887075
9 21  0.591593  0.727828
9 22  0.611660  1.198517
9 23  0.608653  1.081831
9 24  0.605519  0.996884
9 25  0.597122  0.790520
9 26  0.535171  0.638753
9 27  0.371845  0.565540
9 28  0.609961  1.057401
9 29  0.603782  0.769805
9 30  0.532266  0.633538
10 11  0.581944  0.695938
10 12  0.584018  1.101907
10 13  0.570771  0.698109
10 14  0.580545  1.039682
10 15  0.568708  0.660067
10 16  0.558993  0.621240
10 17  0.557947  0.612444
10 18  0.559423  0.899189
10 19  0.565505  0.870885
10 20  0.558271  0.806409
10 21  0.572937  0.651654
10 22  0.585307  1.118166
10 23  0.582398  1.001432
10 24  0.590449  0.925789
10 25  0.572144  0.714613
10 26  0.282155  0.340730
10 27  0.535118  0.640874
10 28  0.583723  0.976926
10 29  0.580699  0.693211
10 30  0.500381  0.545117
11 12  0.615000  1.194578
11 13  0.576791  0.774059
11 14  0.611389  1.131580
11 15  0.575250  0.736218
11 16  0.558666  0.691970
11 17  0.560429  0.683987
11 18  0.591696  1.000266
11 19  0.596298  0.971660
11 20  0.589199  0.907340
11 21  0.570671  0.719447
11 22  0.616160  1.218191
11 23  0.613492  1.102106
11 24  0.619859  1.024249
11 25  0.572368  0.790211
11 26  0.584509  0.695810
11 27  0.608490  0.776904
11 28  0.614198  1.077560
11 29  0.399626  0.627844
11 30  0.581928  0.692543
12 13  0.603602  1.197964
12 14  0.585775  1.440672
12 15  0.602674  1.159652
12 16  0.591916  1.126856
12 17  0.590902  1.118180
12 18  0.587125  1.393611
12 19  0.578631  1.331973
12 20  0.560059  1.269624
12 21  0.606116  1.157588
12 22  0.482230  1.590522
12 23  0.586857  1.493577
12 24  0.621497  1.407091
12 25  0.604907  1.218861
12 26  0.586147  1.100341
12 27  0.613337  1.185227
12 28  0.571714  1.379417
12 29  0.613443  1.198145
12 30  0.584083  1.097339
13 14  0.599527  1.123225
13 15  0.553979  0.745365
13 16  0.576356  0.724139
13 17  0.576367  0.714562
13 18  0.580236  1.000507
13 19  0.584657  0.974317
13 20  0.577753  0.910051
13 21  0.552285  0.719868
13 22  0.604402  1.220534
13 23  0.602081  1.104037
13 24  0.603111  1.026289
13 25  0.349500  0.627675
13 26  0.573058  0.698591
13 27  0.598827  0.779383
13 28  0.602029  1.080110
13 29  0.568054  0.768124
13 30  0.570953  0.695471
14 15  0.599154  1.101955
14 16  0.588272  1.066512
14 17  0.587433  1.057876
14 18  0.582401  1.300945
14 19  0.590001  1.310851
14 20  0.585178  1.237973
14 21  0.602687  1.097335
14 22  0.585874  1.551382
14 23  0.566644  1.371825
14 24  0.605517  1.350724
14 25  0.600229  1.158629
14 26  0.582826  1.039893
14 27  0.610142  1.125080
14 28  0.438808  1.331068
14 29  0.609636  1.137816
14 30  0.580521  1.036927
15 16  0.576303  0.683568
15 17  0.573814  0.675726
15 18  0.579373  0.964378
15 19  0.584116  0.935778
15 20  0.576928  0.871338
15 21  0.344998  0.500978
15 22  0.604004  1.182596
15 23  0.601173  1.066080
15 24  0.609270  0.988626
15 25  0.549136  0.742045
15 26  0.571915  0.659330
15 27  0.590468  0.739440
15 28  0.602286  1.041708
15 29  0.568199  0.728012
15 30  0.568046  0.655332
16 17  0.520878  0.599163
16 18  0.568639  0.924623
16 19  0.573408  0.894348
16 20  0.566214  0.831214
16 21  0.574272  0.670722
16 22  0.593258  1.141138
16 23  0.590429  1.026438
16 24  0.599762  0.945632
16 25  0.572532  0.725614
16 26  0.561466  0.619456
16 27  0.588407  0.704470
16 28  0.591559  0.998752
16 29  0.567165  0.696711
16 30  0.559273  0.616670
17 18  0.567628  0.914643
17 19  0.572382  0.886768
17 20  0.565185  0.822213
17 21  0.572524  0.658180
17 22  0.592248  1.134498
17 23  0.589412  1.017263
17 24  0.599163  0.940325
17 25  0.572110  0.723721
17 26  0.560397  0.610996
17 27  0.587098  0.693851
17 28  0.590585  0.992267
17 29  0.566560  0.692399
17 30  0.558156  0.607858
18 19  0.573907  1.166442
18 20  0.566049  1.073249
18 21  0.582786  0.952101
18 22  0.591626  1.389780
18 23  0.568142  1.181316
18 24  0.571888  1.193409
18 25  0.580924  1.016278
18 26  0.562488  0.895731
18 27  0.588638  0.967015
18 28  0.588868  1.262835
18 29  0.590061  0.993723
18 30  0.560572  0.894938
19 20  0.528245  1.055576
19 21  0.587570  0.926526
19 22  0.577311  1.313912
19 23  0.590956  1.266747
19 24  0.605605  1.160586
19 25  0.586362  0.979495
19 26  0.567754  0.868690
19 27  0.595068  0.954449
19 28  0.589934  1.176652
19 29  0.594906  0.964774
19 30  0.565582  0.865684
20 21  0.580378  0.861894
20 22  0.576432  1.311247
20 23  0.581474  1.157726
20 24  0.598605  1.115614
20 25  0.579237  0.924025
20 26  0.560559  0.803747
20 27  0.587874  0.886036
20 28  0.579998  1.151759
20 29  0.587720  0.903146
20 30  0.558384  0.801827
21 22  0.607426  1.170618
21 23  0.604591  1.054198
21 24  0.613747  0.982237
21 25  0.556859  0.748987
21 26  0.574181  0.649426
21 27  0.593444  0.719924
21 28  0.605722  1.032296
21 29  0.578358  0.725372
21 30  0.571129  0.643786
22 23  0.591269  1.428835
22 24  0.623796  1.417954
22 25  0.605915  1.216043
22 26  0.587610  1.116717
22 27  0.614882  1.197902
22 28  0.592765  1.429459
22 29  0.614719  1.204861
22 30  0.585441  1.112467
23 24  0.621081  1.320128
23 25  0.603198  1.115127
23 26  0.584779  0.998818
23 27  0.612032  1.074266
23 28  0.575815  1.362999
23 29  0.611910  1.093814
23 30  0.582609  0.996738
24 25  0.601468  1.008683
24 26  0.591936  0.917726
24 27  0.611139  0.993537
24 28  0.611199  1.204222
24 29  0.620234  1.016992
24 30  0.590840  0.919770
25 26  0.574376  0.711957
25 27  0.600876  0.797678
25 28  0.603679  1.075550
25 29  0.577687  0.782578
25 30  0.572045  0.708674
26 27  0.547127  0.649168
26 28  0.585906  0.973626
26 29  0.582660  0.690898
26 30  0.506722  0.549454
27 28  0.612977  1.059319
27 29  0.609148  0.774703
27 30  0.546377  0.649178
28 29  0.612913  1.068058
28 30  0.583772  0.971033
29 30  0.580250  0.686258
