  -1146.52564764
  -1146.89063232    -1146.76043937
0.00001192041485
2 2 2 2 2 2 2 2 2 2 2 2 2 2 2 0 0 0 0 0 0 0 0 0 0 0 0 0 0 0 
1  0.282793  0.358171
2  0.278988  0.347481
3  0.272459  0.531573
4  0.280160  0.461388
5  0.292431  0.540975
6  0.277739  0.328483
7  0.323498  0.648733
8  0.310859  0.633654
9  0.305697  0.429541
10  0.278833  0.319028
11  0.308816  0.486674
12  0.309928  0.741154
13  0.300443  0.466243
14  0.307447  0.692489
15  0.297526  0.441224
16  0.284950  0.364926
17  0.283802  0.357157
18  0.287690  0.575409
19  0.290841  0.532885
20  0.283631  0.475618
21  0.301029  0.427691
22  0.311397  0.759189
23  0.308799  0.653578
24  0.321893  0.641014
25  0.301619  0.479350
26  0.281042  0.314752
27  0.308961  0.434916
28  0.310644  0.635951
29  0.307229  0.479480
30  0.278893  0.321004
1 2  0.517792  0.673276
1 3  0.555208  0.889042
1 4  0.562946  0.818338
1 5  0.575221  0.898719
1 6  0.560503  0.686246
1 7  0.605390  0.997103
1 8  0.593639  0.990800
1 9  0.588201  0.785691
1 10  0.561610  0.675813
1 11  0.569433  0.821477
1 12  0.592719  1.098309
1 13  0.575731  0.804446
1 14  0.590188  1.047029
1 15  0.575067  0.793857
1 16  0.275720  0.466659
1 17  0.516259  0.667046
1 18  0.570468  0.933260
1 19  0.573515  0.890776
1 20  0.566389  0.833624
1 21  0.582360  0.781731
1 22  0.594013  1.116630
1 23  0.591560  1.011375
1 24  0.603655  0.998700
1 25  0.581424  0.836703
1 26  0.563705  0.672861
1 27  0.591712  0.792562
1 28  0.593112  0.993726
1 29  0.559746  0.806995
1 30  0.561585  0.678992
2 3  0.551425  0.875209
2 4  0.559145  0.807949
2 5  0.571418  0.886819
2 6  0.556599  0.675302
2 7  0.602009  0.991446
2 8  0.589843  0.978168
2 9  0.584136  0.770696
2 10  0.557763  0.666408
2 11  0.568251  0.818658
2 12  0.588915  1.087163
2 13  0.572881  0.804382
2 14  0.586421  1.039440
2 15  0.569254  0.772715
2 16  0.515071  0.666444
2 17  0.272401  0.447395
2 18  0.566627  0.922548
2 19  0.569809  0.880140
2 20  0.562616  0.822920
2 21  0.577285  0.774066
2 22  0.590340  1.106100
2 23  0.587772  1.000649
2 24  0.600820  0.988174
2 25  0.579308  0.823875
2 26  0.559903  0.662135
2 27  0.587399  0.782149
2 28  0.589577  0.983143
2 29  0.556425  0.794833
2 30  0.557451  0.668213
3 4  0.551454  0.977024
3 5  0.563235  1.037235
3 6  0.550001  0.859503
3 7  0.567151  1.142910
3 8  0.565787  1.079598
3 9  0.576553  0.941154
3 10  0.550814  0.849025
3 11  0.581173  1.013630
3 12  0.577405  1.235701
3 13  0.572241  0.995528
3 14  0.575147  1.219656
3 15  0.569939  0.962373
3 16  0.557396  0.896194
3 17  0.556179  0.888438
3 18  0.275931  0.925950
3 19  0.563146  1.060961
3 20  0.555457  1.005575
3 21  0.573449  0.958421
3 22  0.578632  1.270427
3 23  0.560553  1.174815
3 24  0.566709  1.141293
3 25  0.573908  1.007832
3 26  0.551990  0.845757
3 27  0.578467  0.965655
3 28  0.581170  1.156193
3 29  0.579596  1.010168
3 30  0.551102  0.852313
4 5  0.529133  0.973460
4 6  0.557891  0.789200
4 7  0.602351  1.082213
4 8  0.578992  1.049225
4 9  0.585840  0.888762
4 10  0.558981  0.779026
4 11  0.588950  0.946905
4 12  0.577689  1.196889
4 13  0.580531  0.922607
4 14  0.580520  1.123569
4 15  0.577672  0.902101
4 16  0.565064  0.826132
4 17  0.563955  0.818375
4 18  0.567513  1.034604
4 19  0.285549  0.790416
4 20  0.521635  0.904086
4 21  0.581179  0.888708
4 22  0.560229  1.175984
4 23  0.587126  1.107945
4 24  0.601778  1.100354
4 25  0.581462  0.940230
4 26  0.561173  0.776090
4 27  0.589020  0.895974
4 28  0.589412  1.095367
4 29  0.587270  0.940328
4 30  0.559051  0.782319
5 6  0.570159  0.869174
5 7  0.615156  1.178474
5 8  0.595408  1.120750
5 9  0.598104  0.962029
5 10  0.571249  0.859251
5 11  0.601242  1.025068
5 12  0.578294  1.202979
5 13  0.592860  1.006219
5 14  0.595841  1.226013
5 15  0.589955  0.977245
5 16  0.577377  0.905644
5 17  0.576232  0.897848
5 18  0.578060  1.113878
5 19  0.529099  1.008479
5 20  0.289767  0.813592
5 21  0.593449  0.967998
5 22  0.580391  1.263136
5 23  0.596357  1.191686
5 24  0.613972  1.178554
5 25  0.593977  1.019533
5 26  0.573368  0.855638
5 27  0.601114  0.975235
5 28  0.600388  1.167203
5 29  0.599628  1.019605
5 30  0.571319  0.861869
6 7  0.599749  0.973121
6 8  0.588566  0.961959
6 9  0.547883  0.732354
6 10  0.509371  0.608270
6 11  0.585989  0.808307
6 12  0.587653  1.066842
6 13  0.577944  0.791880
6 14  0.585101  1.015262
6 15  0.573011  0.761497
6 16  0.562452  0.693108
6 17  0.560896  0.685206
6 18  0.565253  0.903535
6 19  0.568559  0.861235
6 20  0.561369  0.804010
6 21  0.576589  0.754787
6 22  0.589074  1.087305
6 23  0.586486  0.981884
6 24  0.599224  0.968207
6 25  0.579288  0.807431
6 26  0.505286  0.595046
6 27  0.542527  0.725419
6 28  0.588321  0.964227
6 29  0.584439  0.807681
6 30  0.284251  0.403661
7 8  0.629621  1.244667
7 9  0.618553  1.059052
7 10  0.599337  0.956695
7 11  0.630127  1.125737
7 12  0.631827  1.379668
7 13  0.610965  1.064919
7 14  0.616520  1.264412
7 15  0.619774  1.088226
7 16  0.607539  1.013197
7 17  0.607245  1.005532
7 18  0.577513  1.171381
7 19  0.613261  1.178734
7 20  0.607012  1.122297
7 21  0.622860  1.072507
7 22  0.629779  1.392286
7 23  0.626872  1.274339
7 24  0.388674  1.162382
7 25  0.613946  1.123529
7 26  0.602118  0.962333
7 27  0.620348  1.069532
7 28  0.625748  1.280768
7 29  0.626501  1.122916
7 30  0.601928  0.968770
8 9  0.616452  1.050241
8 10  0.589641  0.950854
8 11  0.619647  1.117671
8 12  0.593145  1.333710
8 13  0.611194  1.096679
8 14  0.583327  1.308905
8 15  0.608371  1.068860
8 16  0.595803  0.998237
8 17  0.594657  0.990409
8 18  0.586433  1.205244
8 19  0.598179  1.159601
8 20  0.593173  1.107313
8 21  0.611877  1.060231
8 22  0.578980  1.293960
8 23  0.440579  1.185112
8 24  0.630812  1.269026
8 25  0.612315  1.111436
8 26  0.591718  0.948282
8 27  0.619452  1.067572
8 28  0.580777  1.249757
8 29  0.618025  1.111926
8 30  0.589748  0.954535
9 10  0.548887  0.725117
9 11  0.613613  0.912025
9 12  0.615531  1.158577
9 13  0.604994  0.892493
9 14  0.612783  1.119870
9 15  0.594861  0.842676
9 16  0.590615  0.793932
9 17  0.588912  0.786438
9 18  0.590167  1.004058
9 19  0.596490  0.961958
9 20  0.589116  0.904751
9 21  0.598304  0.853295
9 22  0.617029  1.187534
9 23  0.614271  1.082088
9 24  0.613975  1.056783
9 25  0.605797  0.901958
9 26  0.541798  0.708160
9 27  0.379269  0.687313
9 28  0.616209  1.064618
9 29  0.609617  0.903547
9 30  0.538576  0.711587
10 11  0.587283  0.802187
10 12  0.588731  1.059969
10 13  0.579114  0.780818
10 14  0.586187  1.009048
10 15  0.575022  0.758491
10 16  0.563517  0.683818
10 17  0.562381  0.675983
10 18  0.565102  0.893896
10 19  0.569673  0.851839
10 20  0.562407  0.794575
10 21  0.579387  0.745630
10 22  0.590145  1.078002
10 23  0.587476  0.972452
10 24  0.598352  0.959052
10 25  0.580317  0.798289
10 26  0.287126  0.384330
10 27  0.541743  0.714417
10 28  0.589466  0.954876
10 29  0.586021  0.798402
10 30  0.506308  0.594436
11 12  0.618729  1.215271
11 13  0.584066  0.921796
11 14  0.616014  1.164701
11 15  0.580654  0.896674
11 16  0.562280  0.818840
11 17  0.563950  0.810805
11 18  0.596456  1.061029
11 19  0.599426  1.018639
11 20  0.592350  0.961722
11 21  0.576212  0.876706
11 22  0.620005  1.242783
11 23  0.617599  1.138667
11 24  0.626734  1.121831
11 25  0.579577  0.936801
11 26  0.589823  0.801334
11 27  0.614386  0.915765
11 28  0.618920  1.121255
11 29  0.403765  0.830355
11 30  0.587258  0.807441
12 13  0.610299  1.200162
12 14  0.589610  1.347703
12 15  0.607439  1.170009
12 16  0.594826  1.105406
12 17  0.593702  1.097655
12 18  0.591226  1.307451
12 19  0.581167  1.234115
12 20  0.562626  1.177728
12 21  0.610953  1.167151
12 22  0.485292  1.460102
12 23  0.590217  1.383581
12 24  0.627728  1.360549
12 25  0.611423  1.218316
12 26  0.590807  1.055711
12 27  0.618583  1.174595
12 28  0.575598  1.284143
12 29  0.617129  1.218296
12 30  0.588774  1.061914
13 14  0.607059  1.136055
13 15  0.562312  0.892285
13 16  0.582873  0.830466
13 17  0.582763  0.820105
13 18  0.587956  1.038682
13 19  0.590744  0.998297
13 20  0.583892  0.941415
13 21  0.560727  0.852301
13 22  0.611208  1.222855
13 23  0.609162  1.118029
13 24  0.612450  1.103948
13 25  0.358152  0.775880
13 26  0.581361  0.780910
13 27  0.607723  0.894288
13 28  0.609724  1.100921
13 29  0.575408  0.911309
13 30  0.579269  0.786770
14 15  0.604833  1.127139
14 16  0.592070  1.056842
14 17  0.591159  1.049225
14 18  0.587462  1.228884
14 19  0.593429  1.222199
14 20  0.588589  1.156131
14 21  0.608464  1.119005
14 22  0.589860  1.442276
14 23  0.570934  1.277038
14 24  0.612656  1.313807
14 25  0.607618  1.169704
14 26  0.588426  1.007034
14 27  0.616324  1.126503
14 28  0.443486  1.232315
14 29  0.614233  1.169898
14 30  0.586136  1.013250
15 16  0.580897  0.801551
15 17  0.578293  0.797180
15 18  0.585175  1.015428
15 19  0.588335  0.973487
15 20  0.581127  0.916341
15 21  0.351077  0.679628
15 22  0.608913  1.198247
15 23  0.606318  1.093140
15 24  0.617159  1.075444
15 25  0.557371  0.876624
15 26  0.578247  0.755190
15 27  0.597124  0.871696
15 28  0.608099  1.076128
15 29  0.573581  0.888393
15 30  0.574444  0.761137
16 17  0.523570  0.688826
16 18  0.572597  0.939759
16 19  0.575778  0.895545
16 20  0.568574  0.839837
16 21  0.578885  0.784998
16 22  0.596305  1.121110
16 23  0.593720  1.017991
16 24  0.605786  0.994572
16 25  0.578738  0.822363
16 26  0.565977  0.678635
16 27  0.593471  0.797548
16 28  0.595496  0.996133
16 29  0.570659  0.821858
16 30  0.563812  0.685677
17 18  0.571471  0.928847
17 19  0.574636  0.889286
17 20  0.567429  0.831403
17 21  0.576994  0.767307
17 22  0.595184  1.115637
17 23  0.592594  1.008635
17 24  0.605105  0.992880
17 25  0.578147  0.827752
17 26  0.564781  0.671778
17 27  0.592039  0.784993
17 28  0.594414  0.991504
17 29  0.570026  0.819006
17 30  0.562569  0.677353
18 19  0.577449  1.102188
18 20  0.569561  1.021038
18 21  0.588664  0.994527
18 22  0.595859  1.309530
18 23  0.572149  1.122937
18 24  0.579210  1.180595
18 25  0.588393  1.052488
18 26  0.568145  0.888073
18 27  0.594869  0.988781
18 28  0.593972  1.197500
18 29  0.594787  1.049040
18 30  0.566257  0.895612
19 20  0.530096  0.983234
19 21  0.591854  0.959845
19 22  0.579969  1.226131
19 23  0.593814  1.179201
19 24  0.611240  1.138685
19 25  0.592330  1.001797
19 26  0.571870  0.846741
19 27  0.599777  0.967064
19 28  0.593444  1.107070
19 29  0.598041  1.008481
19 30  0.569728  0.852967
20 21  0.584655  0.901532
20 22  0.579169  1.220761
20 23  0.584324  1.085741
20 24  0.604236  1.097672
20 25  0.585203  0.953570
20 26  0.564663  0.789298
20 27  0.592573  0.905102
20 28  0.583348  1.081534
20 29  0.590846  0.954311
20 30  0.562517  0.796542
21 22  0.612391  1.180186
21 23  0.609807  1.073788
21 24  0.621725  1.066371
21 25  0.564982  0.890152
21 26  0.580492  0.740744
21 27  0.599855  0.833457
21 28  0.611576  1.062348
21 29  0.583819  0.879139
21 30  0.577451  0.741242
22 23  0.594792  1.335880
22 24  0.630119  1.373507
22 25  0.612504  1.217706
22 26  0.592413  1.073717
22 27  0.620274  1.187601
22 28  0.596846  1.337269
22 29  0.618526  1.223655
22 30  0.590272  1.077425
23 24  0.627739  1.285130
23 25  0.610037  1.127705
23 26  0.589822  0.967599
23 27  0.617667  1.074400
23 28  0.580353  1.274789
23 29  0.615962  1.124365
23 30  0.587681  0.973368
24 25  0.609989  1.070034
24 26  0.599704  0.945902
24 27  0.619434  1.055165
24 28  0.618069  1.184191
24 29  0.627014  1.110976
24 30  0.598611  0.958782
25 26  0.582496  0.791201
25 27  0.609514  0.912378
25 28  0.611118  1.092816
25 29  0.584767  0.923994
25 30  0.580182  0.797747
26 27  0.553816  0.724175
26 28  0.591591  0.948502
26 29  0.587918  0.792116
26 30  0.512485  0.597338
27 28  0.619236  1.068861
27 29  0.614956  0.909264
27 30  0.552847  0.729465
28 29  0.617596  1.107894
28 30  0.589494  0.955195
29 30  0.585515  0.794583
