  -1146.50551782
  -1146.88447815    -1146.77511026
0.00016277279800
2 2 2 2 2 2 2 2 2 2 2 2 2 2 2 0 0 0 0 0 0 0 0 0 0 0 0 0 0 0 
1  0.337776  0.649164
2  0.352352  0.713673
3  0.286558  0.326611
4  0.323614  0.750314
5  0.286948  0.314833
6  0.362220  0.535656
7  0.338762  0.522062
8  0.383875  0.600714
9  0.357507  0.487382
10  0.324348  0.377619
11  0.373426  0.630653
12  0.313678  0.384161
13  0.302085  0.354506
14  0.275591  0.343872
15  0.341315  0.574757
16  0.346185  0.602715
17  0.344137  0.530509
18  0.284480  0.359109
19  0.308569  0.370715
20  0.320063  0.399122
21  0.372377  0.624741
22  0.339097  0.631822
23  0.326435  0.390420
24  0.360056  0.500527
25  0.322918  0.712594
26  0.288724  0.316132
27  0.380072  0.598346
28  0.366382  0.545366
29  0.289616  0.334877
30  0.354475  0.707352
1 2  0.685753  1.345010
1 3  0.624326  0.973781
1 4  0.642887  1.301568
1 5  0.624721  0.961854
1 6  0.674282  1.109449
1 7  0.673765  1.149353
1 8  0.690386  1.219279
1 9  0.689566  1.131349
1 10  0.661992  1.026308
1 11  0.701629  1.241805
1 12  0.648130  1.014559
1 13  0.638636  1.002681
1 14  0.612892  0.983663
1 15  0.677682  1.219851
1 16  0.683226  1.246147
1 17  0.680721  1.177581
1 18  0.621692  1.007681
1 19  0.643208  1.016543
1 20  0.652389  1.045385
1 21  0.706572  1.268085
1 22  0.464083  1.138390
1 23  0.664035  1.039244
1 24  0.689796  1.135915
1 25  0.638744  1.341601
1 26  0.626490  0.965213
1 27  0.690884  1.225902
1 28  0.683303  1.182010
1 29  0.627389  0.983898
1 30  0.688733  1.340558
2 3  0.638383  1.030223
2 4  0.655821  1.342181
2 5  0.639077  1.023919
2 6  0.711860  1.245485
2 7  0.685876  1.228150
2 8  0.723161  1.287493
2 9  0.705896  1.185062
2 10  0.674977  1.075776
2 11  0.684390  1.321012
2 12  0.665299  1.096732
2 13  0.653536  1.062034
2 14  0.627281  1.056560
2 15  0.664890  1.177705
2 16  0.677603  1.307941
2 17  0.690682  1.223936
2 18  0.635374  1.068599
2 19  0.660566  1.083901
2 20  0.672181  1.111731
2 21  0.691917  1.303938
2 22  0.687852  1.329356
2 23  0.676353  1.103331
2 24  0.711494  1.212275
2 25  0.655550  1.406448
2 26  0.641001  1.029699
2 27  0.728458  1.304518
2 28  0.718029  1.254231
2 29  0.641447  1.048281
2 30  0.471529  1.299944
3 4  0.610119  1.069377
3 5  0.525541  0.596549
3 6  0.648766  0.862015
3 7  0.625061  0.848030
3 8  0.670385  0.927126
3 9  0.644047  0.813757
3 10  0.572263  0.669655
3 11  0.659908  0.957032
3 12  0.600233  0.710710
3 13  0.588640  0.680981
3 14  0.559282  0.667490
3 15  0.625012  0.890961
3 16  0.630630  0.928253
3 17  0.630407  0.856232
3 18  0.569567  0.683584
3 19  0.595107  0.697294
3 20  0.606606  0.725704
3 21  0.658762  0.951026
3 22  0.625639  0.958328
3 23  0.565009  0.674182
3 24  0.646572  0.827070
3 25  0.609432  1.038983
3 26  0.523317  0.598709
3 27  0.666530  0.924831
3 28  0.652910  0.871910
3 29  0.301486  0.413090
3 30  0.640512  1.033737
4 5  0.610518  1.060086
4 6  0.683016  1.269643
4 7  0.660063  1.264514
4 8  0.688740  1.343117
4 9  0.675590  1.232059
4 10  0.647910  1.124204
4 11  0.688361  1.368707
4 12  0.636758  1.130759
4 13  0.624196  1.102080
4 14  0.598634  1.088415
4 15  0.662759  1.290475
4 16  0.665326  1.340968
4 17  0.664587  1.271136
4 18  0.606917  1.107969
4 19  0.630713  1.119478
4 20  0.642320  1.146566
4 21  0.684413  1.345314
4 22  0.640627  1.360852
4 23  0.649144  1.139748
4 24  0.680082  1.243562
4 25  0.449391  1.333616
4 26  0.612333  1.066332
4 27  0.684693  1.319439
4 28  0.685839  1.283000
4 29  0.613149  1.084915
4 30  0.657457  1.436614
5 6  0.649165  0.849995
5 7  0.625488  0.835316
5 8  0.670812  0.915422
5 9  0.644449  0.802193
5 10  0.573638  0.664591
5 11  0.660347  0.944643
5 12  0.600625  0.698842
5 13  0.589032  0.669322
5 14  0.557850  0.652317
5 15  0.626951  0.886405
5 16  0.632745  0.917047
5 17  0.630467  0.844810
5 18  0.566273  0.670184
5 19  0.595504  0.685528
5 20  0.606997  0.713932
5 21  0.659037  0.939407
5 22  0.626003  0.946587
5 23  0.568186  0.665101
5 24  0.646973  0.815318
5 25  0.609860  1.027324
5 26  0.299445  0.372493
5 27  0.666921  0.913107
5 28  0.653297  0.860148
5 29  0.521581  0.601737
5 30  0.641381  1.022097
6 7  0.699823  1.041772
6 8  0.731882  1.101272
6 9  0.673769  0.980734
6 10  0.686491  0.912078
6 11  0.730925  1.135935
6 12  0.642560  0.866019
6 13  0.657575  0.881165
6 14  0.637664  0.874036
6 15  0.702665  1.106557
6 16  0.708311  1.136982
6 17  0.706054  1.065528
6 18  0.646513  0.894530
6 19  0.663855  0.900839
6 20  0.657840  0.922354
6 21  0.733807  1.159052
6 22  0.681106  1.156561
6 23  0.688635  0.925983
6 24  0.686117  1.012345
6 25  0.680980  1.236764
6 26  0.650932  0.851725
6 27  0.737855  1.129925
6 28  0.463210  0.889653
6 29  0.651827  0.870443
6 30  0.716056  1.238209
7 8  0.717104  1.085498
7 9  0.695156  0.996400
7 10  0.659584  0.891162
7 11  0.682741  1.068571
7 12  0.652173  0.900294
7 13  0.640659  0.872854
7 14  0.588325  0.823666
7 15  0.639865  1.067970
7 16  0.652479  1.087940
7 17  0.411028  0.880508
7 18  0.604034  0.873136
7 19  0.647319  0.892665
7 20  0.658769  0.920984
7 21  0.697952  1.144265
7 22  0.676609  1.151931
7 23  0.662156  0.909668
7 24  0.698718  1.022172
7 25  0.658572  1.225907
7 26  0.627122  0.837602
7 27  0.717788  1.119564
7 28  0.704840  1.066757
7 29  0.628241  0.855702
7 30  0.688142  1.211948
8 9  0.711365  1.023785
8 10  0.707808  0.972406
8 11  0.728227  1.141773
8 12  0.693829  0.971485
8 13  0.680584  0.938782
8 14  0.658729  0.935220
8 15  0.721125  1.152783
8 16  0.729346  1.200716
8 17  0.727000  1.130381
8 18  0.667948  0.959558
8 19  0.690591  0.970291
8 20  0.703036  0.998575
8 21  0.747942  1.223758
8 22  0.695549  1.211542
8 23  0.710283  0.990942
8 24  0.733388  1.097086
8 25  0.687291  1.285314
8 26  0.672548  0.916735
8 27  0.510660  1.024442
8 28  0.745158  1.141543
8 29  0.673443  0.935396
8 30  0.733897  1.299075
9 10  0.681751  0.862126
9 11  0.725256  1.088243
9 12  0.661028  0.855689
9 13  0.630482  0.801606
9 14  0.632975  0.828208
9 15  0.697702  1.050365
9 16  0.703512  1.089325
9 17  0.701564  1.017503
9 18  0.641939  0.846370
9 19  0.648968  0.848041
9 20  0.671756  0.882199
9 21  0.729183  1.111177
9 22  0.688836  1.107917
9 23  0.683937  0.877718
9 24  0.452997  0.784642
9 25  0.676570  1.193101
9 26  0.646214  0.803459
9 27  0.727296  1.081734
9 28  0.687536  1.009642
9 29  0.647100  0.822170
9 30  0.711021  1.192447
10 11  0.696659  1.000931
10 12  0.638013  0.761267
10 13  0.626419  0.731092
10 14  0.581856  0.705946
10 15  0.652190  0.921441
10 16  0.660028  0.976648
10 17  0.666162  0.906285
10 18  0.588827  0.719760
10 19  0.632911  0.748308
10 20  0.644411  0.776716
10 21  0.696353  1.001917
10 22  0.663303  1.009147
10 23  0.409525  0.570318
10 24  0.684399  0.878084
10 25  0.646435  1.089387
10 26  0.564314  0.649663
10 27  0.704404  0.975846
10 28  0.690720  0.922909
10 29  0.567440  0.671859
10 30  0.676337  1.084308
11 12  0.685888  1.003620
11 13  0.674407  0.976853
11 14  0.645028  0.953340
11 15  0.703409  1.180377
11 16  0.714862  1.221602
11 17  0.704443  1.158182
11 18  0.654875  0.988956
11 19  0.681887  1.001055
11 20  0.693370  1.029320
11 21  0.491123  1.102568
11 22  0.708527  1.256310
11 23  0.699422  1.020319
11 24  0.732750  1.130167
11 25  0.684723  1.315410
11 26  0.661990  0.946571
11 27  0.745269  1.227215
11 28  0.738951  1.174469
11 29  0.662957  0.965051
11 30  0.694545  1.303397
12 13  0.571174  0.700395
12 14  0.589245  0.725962
12 15  0.654782  0.957381
12 16  0.659846  0.986580
12 17  0.657768  0.914488
12 18  0.598115  0.743189
12 19  0.580612  0.723661
12 20  0.319149  0.497066
12 21  0.685960  1.008515
12 22  0.647502  1.013421
12 23  0.640112  0.774555
12 24  0.668591  0.880842
12 25  0.635382  1.094406
12 26  0.602397  0.700268
12 27  0.693015  0.981438
12 28  0.656536  0.917914
12 29  0.603288  0.719004
12 30  0.667976  1.090524
13 14  0.577662  0.697561
13 15  0.643186  0.924962
13 16  0.648180  0.957012
13 17  0.646213  0.884919
13 18  0.586557  0.713582
13 19  0.304793  0.440563
13 20  0.580830  0.722890
13 21  0.674350  0.978972
13 22  0.638168  0.983743
13 23  0.628512  0.744894
13 24  0.645584  0.845681
13 25  0.623543  1.065835
13 26  0.590801  0.670616
13 27  0.680302  0.951751
13 28  0.662318  0.895408
13 29  0.591688  0.689347
13 30  0.656181  1.061327
14 15  0.613485  0.915475
14 16  0.619369  0.939820
14 17  0.600748  0.866842
14 18  0.262040  0.439321
14 19  0.584141  0.714551
14 20  0.595596  0.742913
14 21  0.644704  0.967786
14 22  0.614052  0.975197
14 23  0.581286  0.716697
14 24  0.635569  0.844280
14 25  0.597339  1.055372
14 26  0.560050  0.656572
14 27  0.655175  0.941961
14 28  0.641764  0.889014
14 29  0.564284  0.676679
14 30  0.628841  1.048104
15 16  0.410190  1.014480
15 17  0.651747  1.068962
15 18  0.622728  0.926355
15 19  0.649808  0.945289
15 20  0.661352  0.973581
15 21  0.709430  1.189696
15 22  0.679758  1.201148
15 23  0.658430  0.962016
15 24  0.701205  1.074650
15 25  0.659881  1.276065
15 26  0.629429  0.890373
15 27  0.720772  1.171068
15 28  0.707609  1.118847
15 29  0.628469  0.908518
15 30  0.675947  1.274807
16 17  0.647058  1.098382
16 18  0.627067  0.957538
16 19  0.654485  0.967410
16 20  0.665999  0.999801
16 21  0.707738  1.198573
16 22  0.683609  1.230480
16 23  0.658504  0.956122
16 24  0.704984  1.087909
16 25  0.666644  1.278437
16 26  0.632562  0.912432
16 27  0.722110  1.174007
16 28  0.711588  1.143413
16 29  0.632013  0.922327
16 30  0.671747  1.189203
17 18  0.599977  0.843254
17 19  0.652451  0.896578
17 20  0.663865  0.922597
17 21  0.685769  1.067530
17 22  0.680122  1.139353
17 23  0.666985  0.910637
17 24  0.702896  1.016429
17 25  0.664651  1.236490
17 26  0.632677  0.846149
17 27  0.718289  1.089424
17 28  0.709198  1.058372
17 29  0.633437  0.864914
17 30  0.693489  1.227612
18 19  0.593023  0.728738
18 20  0.604503  0.755662
18 21  0.652287  0.960221
18 22  0.622985  0.980751
18 23  0.589311  0.730604
18 24  0.644362  0.856061
18 25  0.606779  1.066521
18 26  0.568673  0.670070
18 27  0.663642  0.947007
18 28  0.650664  0.898153
18 29  0.570507  0.691125
18 30  0.638226  1.065422
19 20  0.581775  0.729300
19 21  0.679635  0.985598
19 22  0.646362  1.001399
19 23  0.634983  0.759636
19 24  0.637250  0.825524
19 25  0.629745  1.079261
19 26  0.597290  0.686737
19 27  0.682692  0.949339
19 28  0.668015  0.905802
19 29  0.598179  0.705229
19 30  0.661963  1.069398
20 21  0.691078  1.010967
20 22  0.655206  1.010124
20 23  0.646482  0.788887
20 24  0.670079  0.882314
20 25  0.642311  1.108420
20 26  0.608784  0.715205
20 27  0.696358  0.982330
20 28  0.651107  0.885836
20 29  0.609675  0.733974
20 30  0.673698  1.104858
21 22  0.701521  1.217432
21 23  0.697713  1.006738
21 24  0.726375  1.093587
21 25  0.686841  1.327351
21 26  0.661050  0.940707
21 27  0.723286  1.133769
21 28  0.733879  1.137774
21 29  0.661882  0.959251
21 30  0.683003  1.301785
22 23  0.665385  1.021706
22 24  0.693719  1.127326
22 25  0.644487  1.260112
22 26  0.627815  0.946624
22 27  0.686186  1.198242
22 28  0.680067  1.101337
22 29  0.628698  0.965444
22 30  0.688748  1.325313
23 24  0.686366  0.887158
23 25  0.649266  1.098218
23 26  0.578763  0.680964
23 27  0.706069  0.981709
23 28  0.692732  0.934387
23 29  0.577164  0.688235
23 30  0.678860  1.077981
24 25  0.676961  1.204770
24 26  0.648767  0.816482
24 27  0.709305  1.029581
24 28  0.677816  1.000620
24 29  0.649644  0.834685
24 30  0.710192  1.186408
25 26  0.611592  1.023844
25 27  0.683785  1.301496
25 28  0.686109  1.244148
25 29  0.612474  1.040118
25 30  0.658151  1.307936
26 27  0.668766  0.914366
26 28  0.655099  0.861316
26 29  0.529819  0.605594
26 30  0.642857  1.017392
27 28  0.732843  1.107119
27 29  0.669617  0.932431
27 30  0.721503  1.271833
28 29  0.655982  0.880141
28 30  0.717871  1.248254
29 30  0.643417  1.029935
