  -1146.50551782
  -1146.88747531    -1146.78345532
0.00004534452455
2 2 2 2 2 2 2 2 2 2 2 2 2 2 2 0 0 0 0 0 0 0 0 0 0 0 0 0 0 0 
1  0.346744  0.506132
2  0.364027  0.709740
3  0.288544  0.322696
4  0.330490  0.492170
5  0.288487  0.310294
6  0.370229  0.671159
7  0.351248  0.723180
8  0.398041  0.760185
9  0.367643  0.705976
10  0.329089  0.452136
11  0.386941  0.799474
12  0.315992  0.527814
13  0.306428  0.506331
14  0.282956  0.424450
15  0.353588  0.737108
16  0.358804  0.752707
17  0.356816  0.720997
18  0.292248  0.440947
19  0.313114  0.518764
20  0.322676  0.539695
21  0.385212  0.779615
22  0.347671  0.509395
23  0.331059  0.462342
24  0.369936  0.700282
25  0.329760  0.479657
26  0.290404  0.312258
27  0.393799  0.743649
28  0.374375  0.672854
29  0.291579  0.338690
30  0.366135  0.706393
1 2  0.706034  1.197796
1 3  0.635279  0.828652
1 4  0.658154  0.991168
1 5  0.635228  0.816125
1 6  0.689960  1.117142
1 7  0.694635  1.187095
1 8  0.712488  1.188496
1 9  0.708398  1.188003
1 10  0.675611  0.948966
1 11  0.723087  1.238122
1 12  0.659250  1.013371
1 13  0.651854  1.002862
1 14  0.629002  0.915298
1 15  0.698481  1.218282
1 16  0.704646  1.257581
1 17  0.702172  1.225747
1 18  0.638213  0.946771
1 19  0.656901  1.022989
1 20  0.663835  1.043480
1 21  0.728153  1.284466
1 22  0.481913  0.857572
1 23  0.677562  0.968283
1 24  0.708713  1.201050
1 25  0.653954  0.975918
1 26  0.637127  0.818319
1 27  0.713529  1.245435
1 28  0.699964  1.167544
1 29  0.638319  0.844732
1 30  0.709102  1.210903
2 3  0.651976  1.023433
2 4  0.673150  1.163862
2 5  0.652239  1.018061
2 6  0.730835  1.344342
2 7  0.709584  1.387480
2 8  0.747474  1.400077
2 9  0.726816  1.371457
2 10  0.691114  1.129862
2 11  0.708887  1.427460
2 12  0.679038  1.218455
2 13  0.669175  1.195842
2 14  0.646195  1.122730
2 15  0.686277  1.300225
2 16  0.701342  1.454787
2 17  0.715101  1.418724
2 18  0.654873  1.147437
2 19  0.676601  1.226889
2 20  0.686505  1.248140
2 21  0.717094  1.478899
2 22  0.708039  1.217419
2 23  0.692517  1.171209
2 24  0.732871  1.405874
2 25  0.673337  1.177865
2 26  0.654341  1.021832
2 27  0.753717  1.448801
2 28  0.737700  1.381011
2 29  0.654978  1.048137
2 30  0.493349  1.298238
3 4  0.618971  0.812523
3 5  0.529232  0.591196
3 6  0.658759  0.993163
3 7  0.639513  1.045052
3 8  0.686531  1.081882
3 9  0.656165  1.027897
3 10  0.579164  0.745922
3 11  0.675394  1.121364
3 12  0.604531  0.850129
3 13  0.594967  0.828584
3 14  0.568580  0.744916
3 15  0.639092  1.047311
3 16  0.645160  1.074760
3 17  0.645018  1.043109
3 18  0.579323  0.761822
3 19  0.601606  0.841359
3 20  0.611180  0.862291
3 21  0.673554  1.101994
3 22  0.636191  0.832016
3 23  0.571997  0.750501
3 24  0.658394  1.022729
3 25  0.618250  0.802310
3 26  0.527256  0.590884
3 27  0.682199  1.066033
3 28  0.662849  0.995368
3 29  0.305182  0.414771
3 30  0.654057  1.028835
4 5  0.618919  0.800832
4 6  0.697843  1.157516
4 7  0.679335  1.209751
4 8  0.709855  1.241743
4 9  0.692260  1.184787
4 10  0.659516  0.943074
4 11  0.709014  1.284074
4 12  0.645950  1.015974
4 13  0.635224  0.991434
4 14  0.612829  0.914541
4 15  0.681822  1.219892
4 16  0.684590  1.238264
4 17  0.684211  1.206562
4 18  0.621336  0.931793
4 19  0.641950  1.010532
4 20  0.651697  1.031248
4 21  0.704452  1.260307
4 22  0.655450  0.991027
4 23  0.660493  0.953670
4 24  0.696848  1.190949
4 25  0.461913  0.830540
4 26  0.620889  0.804403
4 27  0.705492  1.229491
4 28  0.700631  1.163106
4 29  0.621969  0.830789
4 30  0.675430  1.187370
5 6  0.658713  0.981361
5 7  0.639519  1.031998
5 8  0.686516  1.070239
5 9  0.656124  1.016168
5 10  0.580374  0.741231
5 11  0.675391  1.108949
5 12  0.604477  0.838062
5 13  0.594913  0.816589
5 14  0.566644  0.729058
5 15  0.640674  1.045571
5 16  0.646865  1.062511
5 17  0.644638  1.030986
5 18  0.575581  0.748525
5 19  0.601571  0.828993
5 20  0.611128  0.849917
5 21  0.673350  1.089694
5 22  0.636093  0.819616
5 23  0.574835  0.739709
5 24  0.658364  1.010414
5 25  0.618232  0.789925
5 26  0.302508  0.363995
5 27  0.682138  1.053726
5 28  0.662791  0.983004
5 29  0.525397  0.601763
5 30  0.654573  1.016521
6 7  0.719802  1.353749
6 8  0.752698  1.327819
6 9  0.690406  1.242172
6 10  0.699166  1.112586
6 11  0.751535  1.403288
6 12  0.652790  1.099477
6 13  0.669538  1.124410
6 14  0.652892  1.082581
6 15  0.722440  1.373376
6 16  0.728904  1.420871
6 17  0.726619  1.387851
6 18  0.662159  1.111092
6 19  0.676568  1.187911
6 20  0.668702  1.204333
6 21  0.754453  1.445344
6 22  0.697395  1.170063
6 23  0.701264  1.132942
6 24  0.703624  1.360700
6 25  0.695902  1.148937
6 26  0.660599  0.983282
6 27  0.759401  1.412895
6 28  0.480400  1.158646
6 29  0.661780  1.009636
6 30  0.735705  1.375809
7 8  0.742527  1.400398
7 9  0.717257  1.388549
7 10  0.676417  1.136577
7 11  0.705462  1.346600
7 12  0.666803  1.231411
7 13  0.657318  1.212667
7 14  0.606277  1.065311
7 15  0.663398  1.345710
7 16  0.677823  1.458649
7 17  0.434716  1.294482
7 18  0.623733  1.160939
7 19  0.664347  1.239869
7 20  0.673812  1.260433
7 21  0.722482  1.500226
7 22  0.697520  1.230848
7 23  0.679153  1.184583
7 24  0.721062  1.419065
7 25  0.677952  1.196004
7 26  0.641249  1.035082
7 27  0.743837  1.463477
7 28  0.725181  1.391579
7 29  0.642655  1.061093
7 30  0.712326  1.418771
8 9  0.733091  1.329697
8 10  0.726534  1.192049
8 11  0.752463  1.406649
8 12  0.709934  1.237115
8 13  0.698491  1.215270
8 14  0.679891  1.158297
8 15  0.746499  1.430247
8 16  0.755952  1.506652
8 17  0.753669  1.477733
8 18  0.689796  1.200251
8 19  0.709227  1.277737
8 20  0.719791  1.298349
8 21  0.774179  1.535914
8 22  0.718093  1.265320
8 23  0.729064  1.221540
8 24  0.756953  1.456474
8 25  0.708601  1.233955
8 26  0.688354  1.072183
8 27  0.537202  1.337919
8 28  0.767160  1.430825
8 29  0.689543  1.098417
8 30  0.759534  1.460712
9 10  0.696546  1.147051
9 11  0.747785  1.434997
9 12  0.673173  1.163061
9 13  0.643858  1.116539
9 14  0.650342  1.117604
9 15  0.719561  1.404212
9 16  0.726162  1.452902
9 17  0.724353  1.422348
9 18  0.659815  1.145830
9 19  0.663369  1.220588
9 20  0.684643  1.244275
9 21  0.752042  1.479768
9 22  0.707635  1.210449
9 23  0.698689  1.167400
9 24  0.473048  1.213727
9 25  0.693556  1.183989
9 26  0.658005  1.018063
9 27  0.750606  1.445193
9 28  0.705384  1.368213
9 29  0.659167  1.044342
9 30  0.732636  1.407692
10 11  0.714658  1.220099
10 12  0.645049  0.974461
10 13  0.635481  0.953320
10 14  0.593415  0.840574
10 15  0.668086  1.119990
10 16  0.677318  1.203326
10 17  0.683459  1.172402
10 18  0.601301  0.881175
10 19  0.642182  0.970560
10 20  0.651764  0.991488
10 21  0.713889  1.231217
10 22  0.676573  0.961337
10 23  0.419002  0.736553
10 24  0.699011  1.151619
10 25  0.657861  0.931035
10 26  0.571229  0.728776
10 27  0.722863  1.195009
10 28  0.703449  1.124452
10 29  0.574433  0.759196
10 30  0.692590  1.157724
11 12  0.701389  1.294822
11 13  0.691864  1.277257
11 14  0.665210  1.171427
11 15  0.727865  1.439139
11 16  0.740851  1.547123
11 17  0.729729  1.518772
11 18  0.675907  1.239782
11 19  0.699901  1.315287
11 20  0.709441  1.335625
11 21  0.516995  1.434498
11 22  0.730400  1.307063
11 23  0.717490  1.261188
11 24  0.756042  1.493894
11 25  0.705409  1.267083
11 26  0.677160  1.111473
11 27  0.771754  1.538874
11 28  0.760255  1.466374
11 29  0.678434  1.137696
11 30  0.720366  1.495412
12 13  0.577747  0.951207
12 14  0.598890  0.945610
12 15  0.669208  1.247421
12 16  0.674775  1.278548
12 17  0.672707  1.246494
12 18  0.608135  0.968207
12 19  0.587838  1.029833
12 20  0.325088  0.797674
12 21  0.701046  1.304250
12 22  0.658321  1.034877
12 23  0.647050  0.989803
12 24  0.680964  1.226873
12 25  0.644449  1.006936
12 26  0.606378  0.840006
12 27  0.709047  1.270022
12 28  0.667073  1.195027
12 29  0.607552  0.866386
12 30  0.681968  1.232874
13 14  0.589335  0.925087
13 15  0.659610  1.226470
13 16  0.665061  1.256913
13 17  0.663230  1.225341
13 18  0.598661  0.946799
13 19  0.313733  0.759722
13 20  0.588100  1.029140
13 21  0.691478  1.283316
13 22  0.651231  1.013776
13 23  0.637466  0.968318
13 24  0.659586  1.203159
13 25  0.634578  0.985615
13 26  0.596809  0.818526
13 27  0.698311  1.248857
13 28  0.674775  1.177468
13 29  0.597969  0.844899
13 30  0.672035  1.211077
14 15  0.632728  1.131608
14 16  0.639307  1.173493
14 17  0.620299  1.142988
14 18  0.275417  0.620201
14 19  0.596042  0.942743
14 20  0.605509  0.963599
14 21  0.664685  1.203515
14 22  0.629830  0.933526
14 23  0.593258  0.874586
14 24  0.652785  1.123758
14 25  0.611409  0.902937
14 26  0.569051  0.734112
14 27  0.676193  1.167330
14 28  0.656979  1.096314
14 29  0.573603  0.761208
14 30  0.647890  1.128074
15 16  0.433819  1.350595
15 17  0.676901  1.440231
15 18  0.642711  1.173941
15 19  0.666543  1.253803
15 20  0.676237  1.274836
15 21  0.734456  1.512318
15 22  0.700486  1.245096
15 23  0.675211  1.198269
15 24  0.723266  1.432252
15 25  0.678883  1.209818
15 26  0.643330  1.048900
15 27  0.746635  1.475682
15 28  0.727844  1.406996
15 29  0.642680  1.075251
15 30  0.699237  1.436468
16 17  0.671042  1.351773
16 18  0.647028  1.160854
16 19  0.671448  1.252002
16 20  0.681065  1.272874
16 21  0.731847  1.434479
16 22  0.704415  1.236246
16 23  0.674545  1.139906
16 24  0.726894  1.410440
16 25  0.685951  1.221428
16 26  0.646642  1.058560
16 27  0.747404  1.426437
16 28  0.731715  1.388358
16 29  0.646375  1.070092
16 30  0.693159  1.304149
17 18  0.618244  1.074294
17 19  0.669502  1.220802
17 20  0.678972  1.238985
17 21  0.708210  1.328627
17 22  0.700786  1.186459
17 23  0.683854  1.142352
17 24  0.724908  1.378043
17 25  0.684126  1.196285
17 26  0.647052  1.033016
17 27  0.743488  1.380606
17 28  0.729327  1.350375
17 29  0.648052  1.056501
17 30  0.717364  1.377101
18 19  0.605300  0.953027
18 20  0.614842  0.972918
18 21  0.672211  1.165993
18 22  0.639085  0.933564
18 23  0.601160  0.862701
18 24  0.661871  1.126861
18 25  0.621298  0.918861
18 26  0.578074  0.749680
18 27  0.684778  1.156448
18 28  0.666266  1.099033
18 29  0.580205  0.775991
18 30  0.657549  1.133770
19 20  0.588743  0.972315
19 21  0.696637  1.267085
19 22  0.659382  1.017426
19 23  0.644128  0.975135
19 24  0.650441  1.118816
19 25  0.640950  0.990571
19 26  0.603514  0.830808
19 27  0.700435  1.208357
19 28  0.680140  1.136230
19 29  0.604685  0.856346
19 30  0.677792  1.201718
20 21  0.706197  1.284358
20 22  0.666256  1.026151
20 23  0.653699  0.995847
20 24  0.682143  1.168301
20 25  0.651799  1.015098
20 26  0.613076  0.851792
20 27  0.712312  1.231290
20 28  0.661497  1.108348
20 29  0.614249  0.877390
20 30  0.687726  1.224338
21 22  0.721882  1.221110
21 23  0.714928  1.210139
21 24  0.747953  1.406990
21 25  0.706699  1.254039
21 26  0.675549  1.091659
21 27  0.746637  1.372520
21 28  0.753800  1.382572
21 29  0.676663  1.115339
21 30  0.706808  1.394380
22 23  0.678494  0.962079
22 24  0.711936  1.184778
22 25  0.659555  0.982650
22 26  0.638069  0.821623
22 27  0.707500  1.173981
22 28  0.695217  1.118612
22 29  0.639234  0.847287
22 30  0.708539  1.195761
23 24  0.700783  1.150323
23 25  0.660731  0.940280
23 26  0.585601  0.755920
23 27  0.724240  1.184668
23 28  0.705278  1.123576
23 29  0.583882  0.766053
23 30  0.694885  1.132677
24 25  0.693440  1.165454
24 26  0.660324  1.012185
24 27  0.730505  1.307588
24 28  0.694198  1.236494
24 29  0.661479  1.036956
24 30  0.730867  1.357132
25 26  0.620103  0.790238
25 27  0.704245  1.210664
25 28  0.700842  1.146943
25 29  0.621275  0.815842
25 30  0.675454  1.148416
26 27  0.684167  1.055541
26 28  0.664770  0.984855
26 29  0.533618  0.608187
26 30  0.656101  1.014037
27 28  0.753245  1.314316
27 29  0.685296  1.079478
27 30  0.745483  1.373796
28 29  0.665934  1.009816
28 30  0.736881  1.339450
29 30  0.656974  1.031687
