  -1146.50551782
  -1146.88810392    -1146.78510389
0.00001419293099
2 2 2 2 2 2 2 2 2 2 2 2 2 2 2 0 0 0 0 0 0 0 0 0 0 0 0 0 0 0 
1  0.348766  0.505814
2  0.366045  0.699381
3  0.289036  0.322511
4  0.332483  0.475251
5  0.288968  0.310123
6  0.371370  0.684749
7  0.353104  0.732246
8  0.399760  0.767599
9  0.368895  0.721700
10  0.329763  0.460871
11  0.388658  0.801129
12  0.316416  0.542913
13  0.307155  0.520816
14  0.284173  0.434197
15  0.355373  0.742454
16  0.360682  0.756571
17  0.358731  0.729601
18  0.293523  0.450766
19  0.313876  0.533531
20  0.323193  0.555053
21  0.386908  0.781463
22  0.349539  0.509103
23  0.331786  0.470085
24  0.371206  0.715271
25  0.331692  0.464920
26  0.290882  0.311930
27  0.395557  0.750602
28  0.375543  0.685948
29  0.292050  0.339171
30  0.368021  0.696992
1 2  0.709930  1.184456
1 3  0.637795  0.828065
1 4  0.661826  0.974830
1 5  0.637730  0.815664
1 6  0.692881  1.129435
1 7  0.698390  1.195987
1 8  0.716266  1.196396
1 9  0.711710  1.202992
1 10  0.678296  0.956425
1 11  0.726664  1.240439
1 12  0.661705  1.027423
1 13  0.654616  1.016513
1 14  0.632173  0.924281
1 15  0.702196  1.221143
1 16  0.708530  1.261370
1 17  0.706081  1.234066
1 18  0.641451  0.956254
1 19  0.659662  1.037245
1 20  0.666310  1.058445
1 21  0.731886  1.286127
1 22  0.485672  0.857418
1 23  0.680281  0.975710
1 24  0.712012  1.215471
1 25  0.657627  0.961072
1 26  0.639620  0.817679
1 27  0.717352  1.252223
1 28  0.702967  1.180193
1 29  0.640812  0.844896
1 30  0.712927  1.201651
2 3  0.654476  1.013231
2 4  0.676796  1.141520
2 5  0.654715  1.007841
2 6  0.733886  1.344507
2 7  0.713431  1.383685
2 8  0.751130  1.393967
2 9  0.730032  1.374445
2 10  0.693798  1.127633
2 11  0.712643  1.414061
2 12  0.681458  1.221074
2 13  0.671854  1.198163
2 14  0.649426  1.120666
2 15  0.689676  1.298135
2 16  0.705058  1.448579
2 17  0.719029  1.418132
2 18  0.658169  1.147107
2 19  0.679349  1.231284
2 20  0.689018  1.253142
2 21  0.720831  1.471680
2 22  0.711839  1.207245
2 23  0.695253  1.168631
2 24  0.736145  1.410627
2 25  0.676999  1.152909
2 26  0.656828  1.011153
2 27  0.757510  1.445862
2 28  0.740859  1.383913
2 29  0.657441  1.038295
2 30  0.497161  1.274175
3 4  0.621446  0.795806
3 5  0.530211  0.591407
3 6  0.660394  1.006452
3 7  0.641862  1.053784
3 8  0.688747  1.088998
3 9  0.657910  1.043345
3 10  0.580355  0.754824
3 11  0.677605  1.122681
3 12  0.605448  0.864965
3 13  0.596187  0.842819
3 14  0.570287  0.754476
3 15  0.641361  1.052381
3 16  0.647505  1.078448
3 17  0.647414  1.051537
3 18  0.581085  0.771541
3 19  0.602839  0.855943
3 20  0.612174  0.877462
3 21  0.675726  1.103652
3 22  0.638547  0.831545
3 23  0.573245  0.758959
3 24  0.660125  1.037532
3 25  0.620667  0.787396
3 26  0.528278  0.590470
3 27  0.684423  1.072807
3 28  0.664501  1.008281
3 29  0.306078  0.414319
3 30  0.656410  1.019272
4 5  0.621379  0.783996
4 6  0.700940  1.153212
4 7  0.683158  1.202439
4 8  0.713554  1.230887
4 9  0.695486  1.182214
4 10  0.662182  0.935095
4 11  0.712693  1.269869
4 12  0.648381  1.013499
4 13  0.637888  0.988203
4 14  0.616002  0.907580
4 15  0.685553  1.210082
4 16  0.688405  1.225927
4 17  0.688138  1.198921
4 18  0.624592  0.924711
4 19  0.644649  1.008462
4 20  0.654151  1.029846
4 21  0.708122  1.246627
4 22  0.659031  0.974083
4 23  0.663169  0.944541
4 24  0.700129  1.189273
4 25  0.465732  0.795784
4 26  0.623360  0.787158
4 27  0.709215  1.220372
4 28  0.703699  1.159647
4 29  0.624412  0.814358
4 30  0.679105  1.161278
5 6  0.660335  0.994775
5 7  0.641857  1.040881
5 8  0.688714  1.077474
5 9  0.657856  1.031714
5 10  0.581576  0.750167
5 11  0.677587  1.110442
5 12  0.605381  0.852987
5 13  0.596120  0.830901
5 14  0.568333  0.738584
5 15  0.642917  1.050908
5 16  0.649212  1.066181
5 17  0.647028  1.039419
5 18  0.577321  0.758266
5 19  0.602805  0.843589
5 20  0.612109  0.865104
5 21  0.675521  1.091371
5 22  0.638421  0.819164
5 23  0.576072  0.748098
5 24  0.660095  1.025230
5 25  0.620640  0.775012
5 26  0.303435  0.362755
5 27  0.684357  1.060517
5 28  0.664426  0.995931
5 29  0.526395  0.602400
5 30  0.656938  1.006946
6 7  0.722749  1.374636
6 8  0.755612  1.345636
6 9  0.692917  1.266399
6 10  0.700976  1.133631
6 11  0.754379  1.416940
6 12  0.654268  1.122536
6 13  0.671434  1.148814
6 14  0.655219  1.104742
6 15  0.725297  1.389579
6 16  0.731915  1.438162
6 17  0.729654  1.409702
6 18  0.664535  1.134345
6 19  0.678447  1.216211
6 20  0.670297  1.234125
6 21  0.757302  1.460691
6 22  0.700218  1.183089
6 23  0.703126  1.154168
6 24  0.706126  1.389862
6 25  0.698921  1.148101
6 26  0.662211  0.996546
6 27  0.762369  1.433518
6 28  0.482555  1.191606
6 29  0.663386  1.023702
6 30  0.738703  1.380223
7 8  0.745975  1.415720
7 9  0.720318  1.411212
7 10  0.678949  1.151213
7 11  0.708541  1.355162
7 12  0.669070  1.253913
7 13  0.659890  1.234605
7 14  0.609057  1.080713
7 15  0.667018  1.352903
7 16  0.681591  1.473332
7 17  0.438111  1.310099
7 18  0.626722  1.179889
7 19  0.666968  1.263427
7 20  0.676161  1.284537
7 21  0.725860  1.510975
7 22  0.701235  1.239648
7 23  0.681713  1.201538
7 24  0.724191  1.442718
7 25  0.681773  1.190892
7 26  0.643576  1.043827
7 27  0.747427  1.479257
7 28  0.728179  1.413377
7 29  0.644975  1.070667
7 30  0.716063  1.419464
8 9  0.735662  1.346637
8 10  0.728925  1.206707
8 11  0.755387  1.413908
8 12  0.712143  1.256727
8 13  0.700907  1.233660
8 14  0.682768  1.174218
8 15  0.749949  1.440564
8 16  0.759532  1.517946
8 17  0.757278  1.493532
8 18  0.692771  1.217353
8 19  0.711695  1.300003
8 20  0.722051  1.321069
8 21  0.777396  1.545069
8 22  0.721755  1.272598
8 23  0.731513  1.236588
8 24  0.759750  1.479117
8 25  0.712233  1.227460
8 26  0.690530  1.079283
8 27  0.540429  1.353953
8 28  0.770122  1.451361
8 29  0.691711  1.106320
8 30  0.763142  1.459253
9 10  0.698467  1.170267
9 11  0.750665  1.449868
9 12  0.674885  1.189112
9 13  0.645642  1.140497
9 14  0.652797  1.141843
9 15  0.722538  1.422819
9 16  0.729272  1.472124
9 17  0.727521  1.446256
9 18  0.662332  1.171164
9 19  0.665300  1.251724
9 20  0.686404  1.275383
9 21  0.754977  1.497275
9 22  0.710765  1.225613
9 23  0.700664  1.190715
9 24  0.475177  1.250283
9 25  0.696751  1.185150
9 26  0.659724  1.033454
9 27  0.753470  1.468060
9 28  0.707906  1.397694
9 29  0.660868  1.060529
9 30  0.735767  1.414169
10 11  0.717068  1.228374
10 12  0.646148  0.997426
10 13  0.636879  0.975750
10 14  0.595292  0.856166
10 15  0.670432  1.130936
10 16  0.679838  1.215970
10 17  0.686035  1.189835
10 18  0.603228  0.900294
10 19  0.643610  0.993991
10 20  0.652955  1.015499
10 21  0.716254  1.241776
10 22  0.679093  0.969785
10 23  0.420283  0.752619
10 24  0.700949  1.175203
10 25  0.660436  0.925070
10 26  0.572413  0.738093
10 27  0.725297  1.210585
10 28  0.705288  1.146178
10 29  0.575601  0.769241
10 30  0.695135  1.157072
11 12  0.703536  1.309572
11 13  0.694288  1.291279
11 14  0.668072  1.181321
11 15  0.731328  1.441623
11 16  0.744441  1.553157
11 17  0.733154  1.528950
11 18  0.678884  1.251271
11 19  0.702381  1.331560
11 20  0.711668  1.352392
11 21  0.520604  1.437499
11 22  0.734010  1.308545
11 23  0.719944  1.270574
11 24  0.759022  1.510461
11 25  0.709042  1.255327
11 26  0.679340  1.112808
11 27  0.774998  1.547393
11 28  0.763147  1.480966
11 29  0.680611  1.139833
11 30  0.724027  1.488994
12 13  0.578917  0.976617
12 14  0.600523  0.969592
12 15  0.671405  1.265859
12 16  0.677076  1.297264
12 17  0.675024  1.269898
12 18  0.609804  0.993010
12 19  0.588996  1.060582
12 20  0.325911  0.832606
12 21  0.703159  1.320994
12 22  0.660545  1.049604
12 23  0.648199  1.012564
12 24  0.682673  1.256976
12 25  0.646757  1.007426
12 26  0.607273  0.854775
12 27  0.711247  1.292018
12 28  0.668610  1.223994
12 29  0.608440  0.881957
12 30  0.684265  1.238588
13 14  0.591277  0.948511
13 15  0.662087  1.244554
13 16  0.667637  1.275042
13 17  0.665871  1.248162
13 18  0.600660  0.970988
13 19  0.314942  0.793376
13 20  0.589323  1.059875
13 21  0.693899  1.299516
13 22  0.653808  1.027779
13 23  0.638910  0.990478
13 24  0.661501  1.233198
13 25  0.637181  0.985433
13 26  0.598008  0.832683
13 27  0.700781  1.270376
13 28  0.676652  1.205005
13 29  0.599150  0.859862
13 30  0.674615  1.216170
14 15  0.635713  1.143603
14 16  0.642388  1.187553
14 17  0.623327  1.161433
14 18  0.277480  0.638969
14 19  0.598017  0.967147
14 20  0.607205  0.988597
14 21  0.667589  1.215122
14 22  0.632868  0.942975
14 23  0.595172  0.892667
14 24  0.655256  1.148309
14 25  0.614542  0.897957
14 26  0.570734  0.743628
14 27  0.679138  1.183930
14 28  0.659328  1.119018
14 29  0.575288  0.771537
14 30  0.650995  1.128543
15 16  0.437236  1.356953
15 17  0.680636  1.455831
15 18  0.645759  1.189592
15 19  0.669066  1.273679
15 20  0.678539  1.295280
15 21  0.737953  1.519968
15 22  0.704108  1.250399
15 23  0.677687  1.211378
15 24  0.726299  1.452234
15 25  0.682558  1.201114
15 26  0.645572  1.053890
15 27  0.750167  1.487893
15 28  0.730791  1.425261
15 29  0.644922  1.081082
15 30  0.702739  1.432566
16 17  0.674797  1.357268
16 18  0.650165  1.171398
16 19  0.674048  1.268698
16 20  0.683445  1.289929
16 21  0.735382  1.436160
16 22  0.708079  1.237591
16 23  0.677026  1.148899
16 24  0.729977  1.426705
16 25  0.689689  1.212434
16 26  0.648947  1.062339
16 27  0.750957  1.434919
16 28  0.734678  1.402440
16 29  0.648709  1.074168
16 30  0.696496  1.301885
17 18  0.621082  1.089182
17 19  0.672164  1.242377
17 20  0.681397  1.261151
17 21  0.711315  1.337059
17 22  0.704426  1.194825
17 23  0.686500  1.155720
17 24  0.728034  1.399361
17 25  0.687940  1.190583
17 26  0.649444  1.041299
17 27  0.747032  1.394875
17 28  0.732360  1.370207
17 29  0.650440  1.065160
17 30  0.721131  1.373922
18 19  0.607334  0.976663
18 20  0.616627  0.997112
18 21  0.675122  1.176134
18 22  0.642163  0.942598
18 23  0.603152  0.877277
18 24  0.664394  1.150261
18 25  0.624475  0.914139
18 26  0.579833  0.759232
18 27  0.687746  1.171818
18 28  0.668676  1.120637
18 29  0.581955  0.786056
18 30  0.660713  1.132686
19 20  0.590052  0.998143
19 21  0.699056  1.281395
19 22  0.662036  1.031349
19 23  0.645614  0.996798
19 24  0.652245  1.142270
19 25  0.643605  0.989880
19 26  0.604753  0.845241
19 27  0.702945  1.226598
19 28  0.682106  1.160331
19 29  0.605919  0.871437
19 30  0.680378  1.205175
20 21  0.708424  1.299458
20 22  0.668638  1.040366
20 23  0.654945  1.018047
20 24  0.683968  1.193943
20 25  0.654267  1.015105
20 26  0.614071  0.866807
20 27  0.714638  1.250758
20 28  0.663063  1.131020
20 29  0.615238  0.893055
20 30  0.690110  1.228120
21 22  0.725338  1.223372
21 23  0.717356  1.217798
21 24  0.750857  1.421195
21 25  0.710294  1.241877
21 26  0.677718  1.093167
21 27  0.749505  1.379158
21 28  0.756607  1.395790
21 29  0.678835  1.117308
21 30  0.710441  1.382407
22 23  0.681075  0.968576
22 24  0.715104  1.198953
22 25  0.663080  0.968471
22 26  0.640417  0.820996
22 27  0.711220  1.181022
22 28  0.697992  1.130219
22 29  0.641575  0.847271
22 30  0.712138  1.183422
23 24  0.702774  1.171803
23 25  0.663391  0.933571
23 26  0.586862  0.763827
23 27  0.726723  1.197941
23 28  0.707167  1.143137
23 29  0.585094  0.774318
23 30  0.697491  1.130750
24 25  0.696628  1.164502
24 26  0.662069  1.026841
24 27  0.733156  1.323822
24 28  0.696760  1.259337
24 29  0.663221  1.052212
24 30  0.733956  1.360354
25 26  0.622504  0.775412
25 27  0.707924  1.201639
25 28  0.703889  1.144394
25 29  0.623671  0.801967
25 30  0.678921  1.128604
26 27  0.686401  1.062163
26 28  0.666415  0.997602
26 29  0.534573  0.608856
26 30  0.658446  1.004693
27 28  0.756222  1.331222
27 29  0.687533  1.086651
27 30  0.749039  1.368562
28 29  0.667575  1.023143
28 30  0.739847  1.340066
29 30  0.659326  1.023092
