  -1146.52474622
  -1146.88120468    -1146.74967127
0.00017224672382
2 2 2 2 2 2 2 2 2 2 2 2 2 2 2 0 0 0 0 0 0 0 0 0 0 0 0 0 0 0 
1  0.267711  0.552078
2  0.267628  0.553277
3  0.259983  0.411286
4  0.259968  0.411959
5  0.274389  0.336203
6  0.274638  0.338592
7  0.274525  0.338723
8  0.274430  0.336556
9  0.293862  0.543064
10  0.291527  0.704503
11  0.293943  0.543528
12  0.299909  0.439116
13  0.299790  0.439837
14  0.282263  0.603697
15  0.291626  0.704164
16  0.274067  0.574186
17  0.274024  0.574707
18  0.265639  0.423083
19  0.265744  0.423670
20  0.275966  0.331323
21  0.277916  0.346355
22  0.277877  0.346794
23  0.275829  0.331419
24  0.291587  0.686646
25  0.297241  0.558262
26  0.297124  0.556360
27  0.291699  0.687310
28  0.283149  0.588289
29  0.300165  0.430977
30  0.300214  0.430603
1 2  0.534902  1.100996
1 3  0.525620  0.951733
1 4  0.527588  0.955745
1 5  0.541998  0.887990
1 6  0.541939  0.886617
1 7  0.542224  0.888824
1 8  0.542133  0.885554
1 9  0.539196  1.063260
1 10  0.556725  1.243702
1 11  0.561018  1.073756
1 12  0.565132  0.964683
1 13  0.567482  0.990782
1 14  0.545550  1.119635
1 15  0.538977  1.157991
1 16  0.254986  0.941874
1 17  0.541490  1.120450
1 18  0.532997  0.968932
1 19  0.532883  0.974579
1 20  0.543167  0.882621
1 21  0.544131  0.897844
1 22  0.545588  0.898608
1 23  0.543497  0.883263
1 24  0.555334  1.217178
1 25  0.564321  1.107765
1 26  0.539134  1.073541
1 27  0.534188  1.226069
1 28  0.548443  1.132787
1 29  0.567730  0.982363
1 30  0.565871  0.981812
2 3  0.527528  0.956313
2 4  0.525520  0.953533
2 5  0.542012  0.886421
2 6  0.542257  0.889909
2 7  0.541748  0.887958
2 8  0.541957  0.889529
2 9  0.560921  1.074555
2 10  0.538775  1.159296
2 11  0.539192  1.064841
2 12  0.567517  0.991267
2 13  0.564952  0.966403
2 14  0.545356  1.120870
2 15  0.556812  1.244482
2 16  0.541456  1.121086
2 17  0.254807  0.943726
2 18  0.532702  0.975194
2 19  0.533019  0.970716
2 20  0.543552  0.884367
2 21  0.545544  0.899369
2 22  0.544009  0.899480
2 23  0.542956  0.883915
2 24  0.534033  1.226852
2 25  0.539216  1.076418
2 26  0.564092  1.107080
2 27  0.555329  1.218960
2 28  0.548370  1.133755
2 29  0.565731  0.983384
2 30  0.567700  0.983188
3 4  0.519948  0.820658
3 5  0.528840  0.733662
3 6  0.531079  0.745383
3 7  0.534506  0.749854
3 8  0.534413  0.747640
3 9  0.529575  0.932451
3 10  0.550697  1.093538
3 11  0.553903  0.953717
3 12  0.539058  0.826911
3 13  0.559768  0.848784
3 14  0.541419  1.010692
3 15  0.550091  1.091245
3 16  0.533639  0.980396
3 17  0.533475  0.984857
3 18  0.253049  0.621138
3 19  0.525725  0.834467
3 20  0.532965  0.741199
3 21  0.536752  0.753465
3 22  0.537846  0.757978
3 23  0.535805  0.742639
3 24  0.550617  1.096152
3 25  0.556966  0.968645
3 26  0.526797  0.929161
3 27  0.551221  1.096774
3 28  0.541639  0.997812
3 29  0.560134  0.841926
3 30  0.532540  0.813967
4 5  0.534357  0.747965
4 6  0.534604  0.750394
4 7  0.530935  0.746132
4 8  0.528863  0.734590
4 9  0.553805  0.953915
4 10  0.549977  1.092101
4 11  0.529673  0.933579
4 12  0.559872  0.848734
4 13  0.538982  0.828311
4 14  0.541420  1.011343
4 15  0.550762  1.093720
4 16  0.533466  0.985001
4 17  0.533579  0.981550
4 18  0.525605  0.834552
4 19  0.253019  0.622477
4 20  0.535927  0.743216
4 21  0.537872  0.758211
4 22  0.536703  0.754564
4 23  0.532844  0.741983
4 24  0.551104  1.096767
4 25  0.526938  0.931793
4 26  0.556855  0.967412
4 27  0.550715  1.097452
4 28  0.541609  0.998468
4 29  0.532455  0.814934
4 30  0.560170  0.842224
5 6  0.502881  0.637739
5 7  0.548914  0.674756
5 8  0.548819  0.672725
5 9  0.565327  0.869735
5 10  0.565829  1.035547
5 11  0.568326  0.878613
5 12  0.546795  0.755766
5 13  0.574180  0.775467
5 14  0.556508  0.935593
5 15  0.565924  1.038274
5 16  0.548130  0.909398
5 17  0.548341  0.910610
5 18  0.536291  0.757699
5 19  0.540129  0.759791
5 20  0.269357  0.418609
5 21  0.500191  0.632493
5 22  0.552265  0.682970
5 23  0.550219  0.667603
5 24  0.565782  1.022436
5 25  0.571617  0.894268
5 26  0.570934  0.891669
5 27  0.565825  1.023097
5 28  0.557397  0.924245
5 29  0.574546  0.767111
5 30  0.537809  0.728531
6 7  0.549163  0.677056
6 8  0.549068  0.674979
6 9  0.564341  0.864985
6 10  0.566088  1.041439
6 11  0.568572  0.879862
6 12  0.544816  0.753027
6 13  0.574426  0.778218
6 14  0.556734  0.935775
6 15  0.566222  1.041834
6 16  0.547344  0.912094
6 17  0.548654  0.913040
6 18  0.538970  0.758210
6 19  0.540369  0.762168
6 20  0.499490  0.623495
6 21  0.273366  0.440327
6 22  0.552515  0.685361
6 23  0.550467  0.669991
6 24  0.566168  1.024894
6 25  0.571876  0.896619
6 26  0.570193  0.894525
6 27  0.566096  1.025362
6 28  0.557773  0.926617
6 29  0.574797  0.769503
6 30  0.535734  0.728518
7 8  0.502767  0.638246
7 9  0.568378  0.879529
7 10  0.566010  1.042317
7 11  0.564307  0.865521
7 12  0.574432  0.777626
7 13  0.544619  0.753968
7 14  0.556618  0.935914
7 15  0.566073  1.041196
7 16  0.548583  0.912648
7 17  0.547196  0.912745
7 18  0.540151  0.761713
7 19  0.538959  0.758921
7 20  0.550491  0.670026
7 21  0.552442  0.685052
7 22  0.273376  0.441171
7 23  0.499397  0.623941
7 24  0.565877  1.024828
7 25  0.570213  0.896562
7 26  0.571645  0.894850
7 27  0.566165  1.025686
7 28  0.557660  0.926748
7 29  0.535522  0.728899
7 30  0.574733  0.769260
8 9  0.568287  0.878508
8 10  0.565866  1.038905
8 11  0.565471  0.870620
8 12  0.574339  0.775096
8 13  0.546708  0.756796
8 14  0.556548  0.935975
8 15  0.565967  1.035485
8 16  0.548416  0.910440
8 17  0.548133  0.910267
8 18  0.540066  0.759558
8 19  0.536418  0.758637
8 20  0.550396  0.667860
8 21  0.552345  0.682884
8 22  0.500037  0.633090
8 23  0.269402  0.419296
8 24  0.565762  1.022785
8 25  0.571088  0.893908
8 26  0.571543  0.892719
8 27  0.565931  1.023451
8 28  0.557435  0.924595
8 29  0.537830  0.729357
8 30  0.574637  0.767090
9 10  0.582187  1.224851
9 11  0.587382  1.066627
9 12  0.580521  0.968943
9 13  0.593628  0.979937
9 14  0.569004  1.084841
9 15  0.581500  1.242455
9 16  0.542606  1.081663
9 17  0.567247  1.115210
9 18  0.529756  0.929165
9 19  0.559443  0.965814
9 20  0.569286  0.873796
9 21  0.569799  0.888745
9 22  0.571724  0.889617
9 23  0.569690  0.874322
9 24  0.582046  1.223742
9 25  0.591066  1.098928
9 26  0.358474  0.966996
9 27  0.577476  1.208259
9 28  0.574068  1.129028
9 29  0.593895  0.973383
9 30  0.573126  0.946890
10 11  0.581471  1.243260
10 12  0.591357  1.138012
10 13  0.591074  1.122647
10 14  0.545059  1.282064
10 15  0.555481  1.326991
10 16  0.561459  1.255573
10 17  0.538592  1.264239
10 18  0.556107  1.125405
10 19  0.556630  1.125924
10 20  0.567354  1.035456
10 21  0.569417  1.050445
10 22  0.569206  1.050682
10 23  0.567111  1.035516
10 24  0.376131  1.257055
10 25  0.580104  1.237653
10 26  0.585416  1.254441
10 27  0.548962  1.348770
10 28  0.540304  1.249113
10 29  0.591577  1.133849
10 30  0.591599  1.134015
11 12  0.593829  0.979675
11 13  0.580461  0.970066
11 14  0.569128  1.085362
11 15  0.582331  1.224804
11 16  0.567299  1.115152
11 17  0.542609  1.082653
11 18  0.559428  0.965699
11 19  0.529869  0.930023
11 20  0.569907  0.874692
11 21  0.571846  0.889643
11 22  0.569834  0.889649
11 23  0.569229  0.874364
11 24  0.577563  1.208290
11 25  0.358693  0.969871
11 26  0.591037  1.097504
11 27  0.582210  1.224786
11 28  0.574084  1.129479
11 29  0.573152  0.947756
11 30  0.594039  0.973473
12 13  0.599690  0.878310
12 14  0.581941  1.038238
12 15  0.591291  1.121692
12 16  0.571421  1.012321
12 17  0.573819  1.012989
12 18  0.537180  0.830013
12 19  0.565626  0.862405
12 20  0.538331  0.730469
12 21  0.539044  0.747707
12 22  0.577783  0.785826
12 23  0.575732  0.770470
12 24  0.591398  1.124611
12 25  0.597009  0.996591
12 26  0.575558  0.968855
12 27  0.591451  1.124933
12 28  0.582637  1.026191
12 29  0.600074  0.869853
12 30  0.367499  0.702875
13 14  0.581823  1.038965
13 15  0.591336  1.138358
13 16  0.573735  1.013181
13 17  0.571256  1.013558
13 18  0.565403  0.862536
13 19  0.537230  0.831305
13 20  0.575750  0.771095
13 21  0.577704  0.786107
13 22  0.538990  0.749023
13 23  0.538032  0.731163
13 24  0.591219  1.124971
13 25  0.575522  0.971341
13 26  0.596776  0.995408
13 27  0.591388  1.125981
13 28  0.582522  1.026888
13 29  0.367458  0.704302
13 30  0.600004  0.870198
14 15  0.545122  1.281640
14 16  0.553570  1.168601
14 17  0.553526  1.169185
14 18  0.546578  1.024722
14 19  0.546717  1.025324
14 20  0.558165  0.934789
14 21  0.560157  0.949759
14 22  0.560120  0.950196
14 23  0.558030  0.934885
14 24  0.538708  1.245087
14 25  0.576540  1.159150
14 26  0.576460  1.157293
14 27  0.538780  1.245425
14 28  0.337911  1.019656
14 29  0.581991  1.033371
14 30  0.582016  1.032973
15 16  0.538734  1.263588
15 17  0.561481  1.255656
15 18  0.556619  1.125011
15 19  0.556293  1.125652
15 20  0.567337  1.035087
15 21  0.569338  1.049915
15 22  0.569477  1.050541
15 23  0.567317  1.035211
15 24  0.548828  1.346955
15 25  0.585659  1.255985
15 26  0.580087  1.235660
15 27  0.376298  1.257553
15 28  0.540549  1.249304
15 29  0.591647  1.134044
15 30  0.591724  1.133146
16 17  0.547401  1.143514
16 18  0.536633  0.988308
16 19  0.539697  0.986784
16 20  0.549821  0.905275
16 21  0.551400  0.914247
16 22  0.551937  0.919286
16 23  0.549887  0.902806
16 24  0.562557  1.248328
16 25  0.570614  1.106026
16 26  0.546833  1.093679
16 27  0.544611  1.162827
16 28  0.552839  1.123443
16 29  0.574211  1.004002
16 30  0.571466  0.979035
17 18  0.539545  0.986697
17 19  0.536683  0.989422
17 20  0.549980  0.903228
17 21  0.551933  0.919379
17 22  0.551318  0.915125
17 23  0.549638  0.905886
17 24  0.544442  1.162383
17 25  0.546885  1.095887
17 26  0.570458  1.104765
17 27  0.562662  1.249334
17 28  0.552772  1.124360
17 29  0.571384  0.979827
17 30  0.574217  1.004137
18 19  0.531382  0.844614
18 20  0.535591  0.740389
18 21  0.538810  0.764421
18 22  0.543514  0.769475
18 23  0.541468  0.754413
18 24  0.556311  1.084541
18 25  0.562849  0.979654
18 26  0.537341  0.951676
18 27  0.555673  1.088974
18 28  0.547661  1.004598
18 29  0.565802  0.851565
18 30  0.543749  0.831617
19 20  0.541709  0.754902
19 21  0.543658  0.769626
19 22  0.538877  0.765451
19 23  0.535572  0.741066
19 24  0.555695  1.089105
19 25  0.537581  0.954067
19 26  0.562836  0.978352
19 27  0.556538  1.085736
19 28  0.547741  1.004970
19 29  0.543798  0.832602
19 30  0.565955  0.851781
20 21  0.507179  0.640712
20 22  0.553843  0.677935
20 23  0.551795  0.662702
20 24  0.567461  1.013745
20 25  0.573201  0.888457
20 26  0.569049  0.876840
20 27  0.567580  1.017275
20 28  0.558945  0.915710
20 29  0.576131  0.761913
20 30  0.548756  0.742574
21 22  0.555794  0.692937
21 23  0.553746  0.677592
21 24  0.569450  1.031912
21 25  0.575150  0.902138
21 26  0.570433  0.884550
21 27  0.569588  1.032138
21 28  0.560930  0.928631
21 29  0.578080  0.777225
21 30  0.547884  0.748896
22 23  0.506986  0.641237
22 24  0.569438  1.031866
22 25  0.570510  0.886749
22 26  0.574994  0.900669
22 27  0.569524  1.033030
22 28  0.560889  0.929005
22 29  0.547799  0.749644
22 30  0.578089  0.777291
23 24  0.567334  1.016754
23 25  0.569017  0.878704
23 26  0.572948  0.886649
23 27  0.567439  1.014532
23 28  0.558808  0.915713
23 29  0.548606  0.743164
23 30  0.576043  0.761639
24 25  0.585104  1.240093
24 26  0.585329  1.217596
24 27  0.557099  1.294924
24 28  0.545470  1.248867
24 29  0.591376  1.098520
24 30  0.591690  1.111787
25 26  0.593881  1.091318
25 27  0.585547  1.220248
25 28  0.572227  1.081324
25 29  0.584970  0.976825
25 30  0.597434  0.986176
26 27  0.585042  1.238962
26 28  0.572249  1.080403
26 29  0.597269  0.984639
26 30  0.584897  0.974617
27 28  0.545687  1.249249
27 29  0.591756  1.112771
27 30  0.591533  1.098830
28 29  0.583101  1.015859
28 30  0.583155  1.015461
29 30  0.600374  0.860891
