  -1146.52474622
  -1146.88469129    -1146.75800524
0.00003419958942
2 2 2 2 2 2 2 2 2 2 2 2 2 2 2 0 0 0 0 0 0 0 0 0 0 0 0 0 0 0 
1  0.275982  0.560622
2  0.275972  0.561238
3  0.266598  0.429861
4  0.266550  0.430324
5  0.277358  0.344858
6  0.277589  0.345647
7  0.277490  0.345659
8  0.277389  0.345139
9  0.304469  0.559908
10  0.301078  0.696984
11  0.304571  0.560465
12  0.304736  0.450692
13  0.304598  0.451179
14  0.292218  0.604363
15  0.301205  0.696825
16  0.282748  0.583811
17  0.282779  0.584499
18  0.272397  0.443638
19  0.272492  0.444226
20  0.279130  0.338426
21  0.280934  0.352523
22  0.280892  0.352773
23  0.278998  0.338402
24  0.301099  0.680853
25  0.307378  0.571599
26  0.307251  0.569948
27  0.301190  0.681723
28  0.293221  0.583854
29  0.305009  0.444469
30  0.305062  0.444271
1 2  0.551368  1.117006
1 3  0.540238  0.977952
1 4  0.542396  0.980625
1 5  0.553183  0.905134
1 6  0.553061  0.901467
1 7  0.553448  0.903343
1 8  0.553349  0.901156
1 9  0.557487  1.087807
1 10  0.574345  1.245545
1 11  0.579746  1.095578
1 12  0.577939  0.982561
1 13  0.580556  1.010614
1 14  0.563415  1.128560
1 15  0.555653  1.160935
1 16  0.270136  0.959702
1 17  0.558477  1.138157
1 18  0.547925  0.998225
1 19  0.547712  1.003709
1 20  0.554500  0.897991
1 21  0.555135  0.912458
1 22  0.556871  0.913129
1 23  0.554891  0.898773
1 24  0.572908  1.221288
1 25  0.582584  1.129731
1 26  0.557358  1.098059
1 27  0.551067  1.228821
1 28  0.566682  1.138163
1 29  0.580808  1.004387
1 30  0.578833  1.004099
2 3  0.542433  0.980811
2 4  0.540189  0.979016
2 5  0.553308  0.901508
2 6  0.553537  0.903963
2 7  0.552954  0.902116
2 8  0.553206  0.906018
2 9  0.579636  1.095653
2 10  0.555531  1.161668
2 11  0.557568  1.088870
2 12  0.580685  1.010750
2 13  0.577796  0.983514
2 14  0.563401  1.129074
2 15  0.574467  1.246015
2 16  0.558435  1.138082
2 17  0.270021  0.961154
2 18  0.547602  1.003740
2 19  0.548010  0.999414
2 20  0.555012  0.899414
2 21  0.556903  0.913497
2 22  0.555085  0.913323
2 23  0.554362  0.898581
2 24  0.551041  1.228716
2 25  0.557510  1.100196
2 26  0.582451  1.128711
2 27  0.572944  1.222739
2 28  0.566677  1.138611
2 29  0.578764  1.004909
2 30  0.580847  1.004805
3 4  0.533143  0.856334
3 5  0.538035  0.759186
3 6  0.540335  0.770418
3 7  0.544085  0.775292
3 8  0.543986  0.774600
3 9  0.546156  0.966401
3 10  0.566722  1.100926
3 11  0.571143  0.989099
3 12  0.550169  0.856222
3 13  0.571188  0.877308
3 14  0.557775  1.029119
3 15  0.566112  1.100484
3 16  0.548828  1.008700
3 17  0.548561  1.013233
3 18  0.264017  0.661341
3 19  0.539083  0.873497
3 20  0.542537  0.766961
3 21  0.546257  0.778297
3 22  0.547463  0.782514
3 23  0.545590  0.768179
3 24  0.566484  1.109010
3 25  0.573628  1.000448
3 26  0.543347  0.962487
3 27  0.567294  1.109897
3 28  0.558220  1.011304
3 29  0.571585  0.873910
3 30  0.543626  0.847677
4 5  0.543907  0.774790
4 6  0.544136  0.775740
4 7  0.540169  0.770828
4 8  0.538016  0.759842
4 9  0.570993  0.989001
4 10  0.565943  1.100997
4 11  0.546215  0.967411
4 12  0.571279  0.877291
4 13  0.550034  0.857218
4 14  0.557725  1.029567
4 15  0.566801  1.101145
4 16  0.548483  1.013007
4 17  0.548812  1.009820
4 18  0.538939  0.873372
4 19  0.263939  0.662445
4 20  0.545673  0.768667
4 21  0.547457  0.782729
4 22  0.546172  0.779006
4 23  0.542386  0.767414
4 24  0.567164  1.109483
4 25  0.543460  0.964658
4 26  0.573456  0.999266
4 27  0.566533  1.110316
4 28  0.558160  1.011760
4 29  0.543502  0.848265
4 30  0.571589  0.874176
5 6  0.508961  0.654319
5 7  0.554848  0.690197
5 8  0.554747  0.689962
5 9  0.578494  0.893596
5 10  0.578303  1.034655
5 11  0.581916  0.903822
5 12  0.554604  0.775829
5 13  0.581956  0.794885
5 14  0.569359  0.943899
5 15  0.578458  1.039036
5 16  0.559733  0.927335
5 17  0.560000  0.929027
5 18  0.545794  0.786978
5 19  0.549847  0.788977
5 20  0.275065  0.435244
5 21  0.506535  0.649561
5 22  0.558247  0.697598
5 23  0.556357  0.683237
5 24  0.578162  1.025287
5 25  0.584714  0.916249
5 26  0.583925  0.913751
5 27  0.578276  1.026112
5 28  0.570349  0.928474
5 29  0.582359  0.789239
5 30  0.545732  0.752700
6 7  0.555079  0.690764
6 8  0.554978  0.690466
6 9  0.577452  0.886555
6 10  0.578548  1.040527
6 11  0.582145  0.902655
6 12  0.552405  0.771536
6 13  0.582185  0.796452
6 14  0.569619  0.941694
6 15  0.578745  1.041456
6 16  0.558697  0.928619
6 17  0.560345  0.929875
6 18  0.548603  0.785960
6 19  0.550053  0.789761
6 20  0.505929  0.639569
6 21  0.278895  0.453836
6 22  0.558481  0.698390
6 23  0.556585  0.684024
6 24  0.578562  1.026159
6 25  0.584958  0.916990
6 26  0.583191  0.915175
6 27  0.578488  1.026759
6 28  0.570795  0.929250
6 29  0.582588  0.790039
6 30  0.543529  0.751055
7 8  0.508856  0.654625
7 9  0.581944  0.902109
7 10  0.578520  1.041642
7 11  0.577449  0.887071
7 12  0.582224  0.795974
7 13  0.552213  0.772131
7 14  0.569518  0.941680
7 15  0.578575  1.040351
7 16  0.560215  0.929201
7 17  0.558631  0.929317
7 18  0.549858  0.789186
7 19  0.548595  0.786562
7 20  0.556618  0.684060
7 21  0.558424  0.698153
7 22  0.278897  0.454314
7 23  0.505854  0.639779
7 24  0.578301  1.025900
7 25  0.583235  0.916845
7 26  0.584732  0.915353
7 27  0.578552  1.027039
7 28  0.570696  0.929264
7 29  0.543328  0.751173
7 30  0.582542  0.789854
8 9  0.581845  0.903555
8 10  0.578363  1.039410
8 11  0.578651  0.894519
8 12  0.582126  0.794675
8 13  0.554500  0.776542
8 14  0.569388  0.944199
8 15  0.578460  1.034710
8 16  0.560001  0.928620
8 17  0.559797  0.928300
8 18  0.549783  0.788670
8 19  0.545902  0.787847
8 20  0.556520  0.683541
8 21  0.558320  0.697630
8 22  0.506368  0.649906
8 23  0.275088  0.435686
8 24  0.578220  1.025523
8 25  0.584080  0.915666
8 26  0.584618  0.914879
8 27  0.578287  1.026435
8 28  0.570377  0.928753
8 29  0.545742  0.753288
8 30  0.582443  0.789322
9 10  0.601823  1.232191
9 11  0.608513  1.096904
9 12  0.595428  0.996458
9 13  0.609046  1.007009
9 14  0.588105  1.097374
9 15  0.601423  1.252293
9 16  0.561740  1.110105
9 17  0.586410  1.141883
9 18  0.546743  0.967672
9 19  0.576749  1.003061
9 20  0.582934  0.897589
9 21  0.583320  0.911722
9 22  0.585339  0.912417
9 23  0.583459  0.898140
9 24  0.601932  1.234531
9 25  0.611802  1.129234
9 26  0.377220  0.999997
9 27  0.597386  1.219616
9 28  0.594149  1.141866
9 29  0.609292  1.003655
9 30  0.588022  0.976985
10 11  0.601400  1.252994
10 12  0.605718  1.141193
10 13  0.605382  1.124099
10 14  0.564482  1.276938
10 15  0.573047  1.313624
10 16  0.579382  1.258987
10 17  0.556368  1.266805
10 18  0.572185  1.138555
10 19  0.572868  1.139051
10 20  0.579982  1.035030
10 21  0.581967  1.049088
10 22  0.581684  1.049149
10 23  0.579784  1.034956
10 24  0.393834  1.246671
10 25  0.599578  1.243864
10 26  0.604978  1.260340
10 27  0.566790  1.341290
10 28  0.559903  1.242143
10 29  0.605947  1.139913
10 30  0.605968  1.140182
11 12  0.609286  1.007089
11 13  0.595355  0.997426
11 14  0.588181  1.097802
11 15  0.602042  1.232493
11 16  0.586477  1.141756
11 17  0.561856  1.111340
11 18  0.576754  1.003031
11 19  0.546858  0.968661
11 20  0.583693  0.898722
11 21  0.585482  0.912727
11 22  0.583373  0.912530
11 23  0.582901  0.898133
11 24  0.597503  1.219464
11 25  0.377463  1.002638
11 26  0.611778  1.128154
11 27  0.602102  1.235844
11 28  0.594161  1.142409
11 29  0.588062  0.977791
11 30  0.609443  1.004015
12 13  0.609324  0.900929
12 14  0.596709  1.049915
12 15  0.605647  1.123589
12 16  0.584824  1.033564
12 17  0.587349  1.034340
12 18  0.548691  0.863921
12 19  0.577163  0.894459
12 20  0.546301  0.750753
12 21  0.546812  0.767041
12 22  0.585619  0.803372
12 23  0.583724  0.789016
12 24  0.605727  1.130444
12 25  0.611871  1.021490
12 26  0.590204  0.994077
12 27  0.605742  1.131044
12 28  0.597348  1.033167
12 29  0.609745  0.894887
12 30  0.376659  0.730097
13 14  0.596570  1.050369
13 15  0.605705  1.141492
13 16  0.587178  1.034138
13 17  0.584717  1.034731
13 18  0.576929  0.894356
13 19  0.548717  0.865021
13 20  0.583717  0.789527
13 21  0.585523  0.803610
13 22  0.546741  0.767933
13 23  0.545994  0.751123
13 24  0.605515  1.130644
13 25  0.590160  0.996131
13 26  0.611607  1.020327
13 27  0.605681  1.131794
13 28  0.597212  1.033632
13 29  0.376578  0.731055
13 30  0.609659  0.895176
14 15  0.564585  1.276754
14 16  0.572062  1.180259
14 17  0.572097  1.180972
14 18  0.563149  1.045248
14 19  0.563242  1.045826
14 20  0.571246  0.942568
14 21  0.573116  0.956615
14 22  0.573075  0.956863
14 23  0.571112  0.942544
14 24  0.558300  1.244922
14 25  0.596099  1.173687
14 26  0.595996  1.172060
14 27  0.558332  1.245286
14 28  0.356755  1.018633
14 29  0.596609  1.047203
14 30  0.596654  1.047002
15 16  0.556427  1.266067
15 17  0.579535  1.259396
15 18  0.572898  1.138311
15 19  0.572407  1.138977
15 20  0.580040  1.034825
15 21  0.581852  1.048746
15 22  0.582051  1.049175
15 23  0.579976  1.034846
15 24  0.566684  1.339621
15 25  0.605224  1.261765
15 26  0.599577  1.242276
15 27  0.394065  1.247369
15 28  0.560160  1.242486
15 29  0.606044  1.140218
15 30  0.606125  1.139561
16 17  0.564746  1.162579
16 18  0.551760  1.017136
16 19  0.555044  1.014304
16 20  0.561596  0.921940
16 21  0.562959  0.928879
16 22  0.563620  0.934339
16 23  0.561727  0.918251
16 24  0.580447  1.252414
16 25  0.589193  1.125948
16 26  0.564929  1.115771
16 27  0.561465  1.167655
16 28  0.571069  1.129212
16 29  0.587730  1.026935
16 30  0.584721  0.999183
17 18  0.554979  1.014432
17 19  0.551885  1.018409
17 20  0.561890  0.918964
17 21  0.563693  0.934775
17 22  0.562945  0.929751
17 23  0.561492  0.922601
17 24  0.561392  1.167111
17 25  0.565086  1.117862
17 26  0.589102  1.125128
17 27  0.580585  1.253771
17 28  0.571122  1.130290
17 29  0.584697  0.999982
17 30  0.587813  1.027418
18 19  0.544887  0.884427
18 20  0.545116  0.766581
18 21  0.548283  0.790822
18 22  0.553285  0.795753
18 23  0.551394  0.781830
18 24  0.572367  1.095231
18 25  0.579727  1.013364
18 26  0.553652  0.984559
18 27  0.571675  1.100876
18 28  0.564290  1.020062
18 29  0.577402  0.883892
18 30  0.554951  0.864213
19 20  0.551621  0.782439
19 21  0.553423  0.796094
19 22  0.548340  0.791669
19 23  0.545094  0.767154
19 24  0.571703  1.100820
19 25  0.553878  0.986737
19 26  0.579696  1.012308
19 27  0.572556  1.096579
19 28  0.564366  1.020416
19 29  0.554975  0.865004
19 30  0.577551  0.884280
20 21  0.513517  0.655199
20 22  0.560022  0.690859
20 23  0.558128  0.676798
20 24  0.580108  1.013616
20 25  0.586497  0.908674
20 26  0.581891  0.896313
20 27  0.580224  1.018260
20 28  0.572193  0.918036
20 29  0.584139  0.782073
20 30  0.556907  0.763193
21 22  0.561825  0.704875
21 23  0.559932  0.690586
21 24  0.581941  1.032263
21 25  0.588299  0.920458
21 26  0.583126  0.902567
21 27  0.582086  1.032371
21 28  0.574008  0.929033
21 29  0.585940  0.796847
21 30  0.555625  0.768604
22 23  0.513331  0.655404
22 24  0.581953  1.031706
22 25  0.583210  0.904375
22 26  0.588130  0.919065
22 27  0.581991  1.033402
22 28  0.573964  0.929246
22 29  0.555543  0.768999
22 30  0.585951  0.796900
23 24  0.580004  1.017425
23 25  0.581868  0.897823
23 26  0.586238  0.906997
23 27  0.580069  1.014490
23 28  0.572061  0.917917
23 29  0.556771  0.763480
23 30  0.584060  0.781856
24 25  0.604464  1.247958
24 26  0.604421  1.224835
24 27  0.574820  1.283661
24 28  0.565043  1.240884
24 29  0.605689  1.102986
24 30  0.606023  1.118164
25 26  0.613905  1.114716
25 27  0.604645  1.227457
25 28  0.590884  1.086876
25 29  0.599496  1.003035
25 30  0.612427  1.012287
26 27  0.604377  1.247262
26 28  0.590931  1.086154
26 29  0.612247  1.010832
26 30  0.599420  1.001228
27 28  0.565238  1.241493
27 29  0.606061  1.119159
27 30  0.605827  1.103639
28 29  0.597950  1.024498
28 30  0.598008  1.024256
29 30  0.610066  0.887532
