  -1146.52474622
  -1146.88495841    -1146.75869257
0.00002063620271
2 2 2 2 2 2 2 2 2 2 2 2 2 2 2 0 0 0 0 0 0 0 0 0 0 0 0 0 0 0 
1  0.276683  0.561387
2  0.276677  0.562047
3  0.267085  0.432013
4  0.267037  0.432462
5  0.277602  0.346149
6  0.277822  0.346708
7  0.277720  0.346750
8  0.277636  0.346445
9  0.305304  0.561544
10  0.301985  0.695735
11  0.305392  0.562170
12  0.305097  0.452300
13  0.304960  0.452781
14  0.293099  0.604021
15  0.302105  0.695621
16  0.283507  0.584653
17  0.283551  0.585405
18  0.272902  0.445991
19  0.272999  0.446555
20  0.279365  0.339559
21  0.281163  0.353504
22  0.281119  0.353772
23  0.279234  0.339528
24  0.301950  0.679757
25  0.308200  0.573087
26  0.308080  0.571400
27  0.302044  0.680634
28  0.294131  0.583128
29  0.305356  0.446204
30  0.305412  0.445986
1 2  0.552748  1.118537
1 3  0.541412  0.980778
1 4  0.543572  0.983303
1 5  0.554123  0.907181
1 6  0.553986  0.903204
1 7  0.554373  0.905053
1 8  0.554292  0.903021
1 9  0.558984  1.090127
1 10  0.575943  1.245151
1 11  0.581253  1.097781
1 12  0.578972  0.984700
1 13  0.581620  1.012972
1 14  0.564968  1.129042
1 15  0.557170  1.160765
1 16  0.271410  0.961121
1 17  0.559943  1.139767
1 18  0.549120  1.001355
1 19  0.548868  1.006804
1 20  0.555428  0.899854
1 21  0.556043  0.914192
1 22  0.557799  0.914891
1 23  0.555823  0.900661
1 24  0.574436  1.221185
1 25  0.584094  1.132006
1 26  0.558881  1.100516
1 27  0.552568  1.228490
1 28  0.568286  1.138372
1 29  0.581845  1.006874
1 30  0.579886  1.006591
2 3  0.543615  0.983555
2 4  0.541367  0.981874
2 5  0.554252  0.903404
2 6  0.554470  0.905691
2 7  0.553881  0.903921
2 8  0.554153  0.908123
2 9  0.581163  1.097842
2 10  0.557055  1.161512
2 11  0.559060  1.091290
2 12  0.581751  1.013156
2 13  0.578837  0.985687
2 14  0.564957  1.129604
2 15  0.576064  1.245719
2 16  0.559895  1.139682
2 17  0.271306  0.962695
2 18  0.548767  1.006900
2 19  0.549212  1.002562
2 20  0.555950  0.901351
2 21  0.557837  0.915282
2 22  0.555996  0.915120
2 23  0.555295  0.900481
2 24  0.552540  1.228416
2 25  0.559028  1.102725
2 26  0.583970  1.130993
2 27  0.574480  1.222658
2 28  0.568280  1.138862
2 29  0.579818  1.007464
2 30  0.581891  1.007316
3 4  0.534116  0.860460
3 5  0.538754  0.762405
3 6  0.541039  0.773568
3 7  0.544801  0.778525
3 8  0.544720  0.778028
3 9  0.547473  0.970041
3 10  0.568094  1.101501
3 11  0.572449  0.992942
3 12  0.551009  0.859862
3 13  0.572036  0.880876
3 14  0.559131  1.030846
3 15  0.567479  1.101232
3 16  0.550064  1.011700
3 17  0.549764  1.016290
3 18  0.264838  0.666046
3 19  0.540077  0.877962
3 20  0.543244  0.770263
3 21  0.546968  0.781444
3 22  0.548177  0.785665
3 23  0.546312  0.771456
3 24  0.567825  1.110081
3 25  0.574914  1.004066
3 26  0.544672  0.966239
3 27  0.568628  1.110966
3 28  0.559594  1.012669
3 29  0.572414  0.877787
3 30  0.544457  0.851709
4 5  0.544637  0.778191
4 6  0.544856  0.778929
4 7  0.540868  0.773991
4 8  0.538738  0.763058
4 9  0.572313  0.992760
4 10  0.567317  1.101697
4 11  0.547518  0.971103
4 12  0.572124  0.880849
4 13  0.550876  0.860843
4 14  0.559081  1.031275
4 15  0.568166  1.101752
4 16  0.549674  1.015983
4 17  0.550059  1.012872
4 18  0.539931  0.877847
4 19  0.264759  0.667119
4 20  0.546394  0.771935
4 21  0.548172  0.785846
4 22  0.546882  0.782156
4 23  0.543094  0.770694
4 24  0.568495  1.110531
4 25  0.544782  0.968437
4 26  0.574747  1.002837
4 27  0.567878  1.111380
4 28  0.559529  1.013113
4 29  0.544331  0.852296
4 30  0.572421  0.878019
5 6  0.509452  0.656788
5 7  0.555320  0.692551
5 8  0.555236  0.692558
5 9  0.579539  0.896333
5 10  0.579451  1.034476
5 11  0.582977  0.906751
5 12  0.555244  0.778736
5 13  0.582562  0.797683
5 14  0.570482  0.944735
5 15  0.579602  1.039062
5 16  0.560734  0.929418
5 17  0.561006  0.931219
5 18  0.546532  0.790644
5 19  0.550596  0.792594
5 20  0.275530  0.438048
5 21  0.507029  0.652067
5 22  0.558719  0.699888
5 23  0.556835  0.685654
5 24  0.579247  1.025481
5 25  0.585780  0.919024
5 26  0.584990  0.916479
5 27  0.579377  1.026309
5 28  0.571490  0.929042
5 29  0.582950  0.792262
5 30  0.546336  0.755892
6 7  0.555541  0.692857
6 8  0.555457  0.692805
6 9  0.578488  0.888963
6 10  0.579682  1.040281
6 11  0.583196  0.905247
6 12  0.552991  0.774243
6 13  0.582780  0.799082
6 14  0.570733  0.942214
6 15  0.579878  1.041303
6 16  0.559671  0.930505
6 17  0.561347  0.931838
6 18  0.549336  0.789386
6 19  0.550785  0.793150
6 20  0.506422  0.641987
6 21  0.279336  0.456148
6 22  0.558942  0.700449
6 23  0.557053  0.686211
6 24  0.579647  1.026119
6 25  0.586012  0.919534
6 26  0.584245  0.917698
6 27  0.579566  1.026716
6 28  0.571937  0.929587
6 29  0.583168  0.792834
6 30  0.544109  0.754014
7 8  0.509344  0.657138
7 9  0.583006  0.904659
7 10  0.579655  1.041473
7 11  0.578468  0.889567
7 12  0.582814  0.798639
7 13  0.552799  0.774858
7 14  0.570628  0.942223
7 15  0.579699  1.040175
7 16  0.561200  0.931127
7 17  0.559613  0.931296
7 18  0.550584  0.792627
7 19  0.549326  0.789992
7 20  0.557081  0.686283
7 21  0.558882  0.700223
7 22  0.279333  0.456681
7 23  0.506343  0.642218
7 24  0.579372  1.025879
7 25  0.584279  0.919432
7 26  0.585790  0.917891
7 27  0.579636  1.027034
7 28  0.571835  0.929629
7 29  0.543901  0.754180
7 30  0.583121  0.792658
8 9  0.582923  0.906432
8 10  0.579516  1.039407
8 11  0.579685  0.897338
8 12  0.582733  0.797492
8 13  0.555142  0.779455
8 14  0.570514  0.945048
8 15  0.579604  1.034590
8 16  0.560998  0.930761
8 17  0.560815  0.930461
8 18  0.550533  0.792324
8 19  0.546644  0.791504
8 20  0.557001  0.685979
8 21  0.558796  0.699915
8 22  0.506865  0.652444
8 23  0.275557  0.438491
8 24  0.579322  1.025729
8 25  0.585141  0.918443
8 26  0.585694  0.917634
8 27  0.579378  1.026649
8 28  0.571520  0.929335
8 29  0.546344  0.756512
8 30  0.583040  0.792340
9 10  0.603506  1.232495
9 11  0.610146  1.099928
9 12  0.596585  0.999634
9 13  0.610245  1.010131
9 14  0.589668  1.098315
9 15  0.603128  1.252739
9 16  0.563314  1.112798
9 17  0.588010  1.144445
9 18  0.548084  0.971793
9 19  0.578075  1.007000
9 20  0.583994  0.900342
9 21  0.584377  0.914346
9 22  0.586399  0.915048
9 23  0.584530  0.900899
9 24  0.603607  1.235049
9 25  0.613457  1.132375
9 26  0.378813  1.003342
9 27  0.599043  1.220214
9 28  0.595833  1.142804
9 29  0.610455  1.007024
9 30  0.589182  0.980313
10 11  0.603099  1.253464
10 12  0.606982  1.141459
10 13  0.606645  1.124240
10 14  0.566250  1.275585
10 15  0.574693  1.311425
10 16  0.581022  1.258795
10 17  0.558012  1.266498
10 18  0.573591  1.139675
10 19  0.574285  1.140145
10 20  0.581112  1.034914
10 21  0.583104  1.048812
10 22  0.582808  1.048891
10 23  0.580923  1.034827
10 24  0.395473  1.244639
10 25  0.601283  1.244174
10 26  0.606694  1.260525
10 27  0.568390  1.339474
10 28  0.561710  1.240654
10 29  0.607196  1.140406
10 30  0.607223  1.140645
11 12  0.610469  1.010287
11 13  0.596502  1.000664
11 14  0.589733  1.098799
11 15  0.603708  1.232898
11 16  0.588049  1.144321
11 17  0.563430  1.114158
11 18  0.578065  1.007061
11 19  0.548184  0.972830
11 20  0.584749  0.901556
11 21  0.586531  0.915407
11 22  0.584415  0.915242
11 23  0.583948  0.900948
11 24  0.599145  1.220119
11 25  0.379035  1.006099
11 26  0.613426  1.131327
11 27  0.603767  1.236433
11 28  0.595835  1.143414
11 29  0.589202  0.981214
11 30  0.610597  1.007433
12 13  0.610048  0.904098
12 14  0.597941  1.051139
12 15  0.606902  1.123769
12 16  0.585936  1.036022
12 17  0.588475  1.036841
12 18  0.549569  0.868059
12 19  0.578014  0.898386
12 20  0.546905  0.753640
12 21  0.547406  0.769769
12 22  0.586206  0.805978
12 23  0.584318  0.791748
12 24  0.606935  1.130953
12 25  0.613041  1.024585
12 26  0.591377  0.997120
12 27  0.606952  1.131569
12 28  0.598601  1.034024
12 29  0.610453  0.898225
12 30  0.377394  0.733838
13 14  0.597804  1.051589
13 15  0.606965  1.141801
13 16  0.588296  1.036568
13 17  0.585842  1.037248
13 18  0.577780  0.898301
13 19  0.549596  0.869128
13 20  0.584312  0.792260
13 21  0.586113  0.806191
13 22  0.547336  0.770671
13 23  0.546599  0.753993
13 24  0.606725  1.131157
13 25  0.591330  0.999202
13 26  0.612785  1.023382
13 27  0.606893  1.132302
13 28  0.598465  1.034483
13 29  0.377308  0.734820
13 30  0.610372  0.898487
14 15  0.566349  1.275444
14 16  0.573697  1.180922
14 17  0.573742  1.181705
14 18  0.564518  1.047184
14 19  0.564612  1.047742
14 20  0.572354  0.943357
14 21  0.574224  0.957252
14 22  0.574182  0.957519
14 23  0.572221  0.943327
14 24  0.560039  1.243988
14 25  0.597738  1.174871
14 26  0.597643  1.173210
14 27  0.560074  1.244365
14 28  0.358474  1.017806
14 29  0.597817  1.048561
14 30  0.597865  1.048341
15 16  0.558056  1.265744
15 17  0.581180  1.259313
15 18  0.574307  1.139472
15 19  0.573810  1.140117
15 20  0.581170  1.034747
15 21  0.582969  1.048515
15 22  0.583180  1.048963
15 23  0.581099  1.034769
15 24  0.568282  1.337841
15 25  0.606927  1.262025
15 26  0.601286  1.242593
15 27  0.395702  1.245405
15 28  0.561962  1.241035
15 29  0.607291  1.140743
15 30  0.607371  1.140080
16 17  0.566256  1.164300
16 18  0.552986  1.020195
16 19  0.556301  1.017179
16 20  0.562584  0.923902
16 21  0.563930  0.930575
16 22  0.564605  0.936084
16 23  0.562720  0.920044
16 24  0.582038  1.252235
16 25  0.590748  1.128044
16 26  0.566458  1.117913
16 27  0.562976  1.167645
16 28  0.572711  1.129489
16 29  0.588835  1.029484
16 30  0.585812  1.001431
17 18  0.556246  1.017390
17 19  0.553125  1.021507
17 20  0.562894  0.920824
17 21  0.564692  0.936565
17 22  0.563928  0.931527
17 23  0.562493  0.924622
17 24  0.562907  1.167148
17 25  0.566620  1.120093
17 26  0.590674  1.127238
17 27  0.582190  1.253657
17 28  0.572781  1.130631
17 29  0.585797  1.002302
17 30  0.588934  1.030013
18 19  0.545898  0.888938
18 20  0.545847  0.769864
18 21  0.549006  0.794125
18 22  0.554018  0.799070
18 23  0.552134  0.785285
18 24  0.573694  1.096119
18 25  0.581051  1.017173
18 26  0.554962  0.988241
18 27  0.573009  1.101892
18 28  0.565681  1.021627
18 29  0.578253  0.887746
18 30  0.555799  0.868121
19 20  0.552362  0.785876
19 21  0.554158  0.799370
19 22  0.549063  0.794968
19 23  0.545826  0.770411
19 24  0.573035  1.101809
19 25  0.555183  0.990436
19 26  0.581029  1.016060
19 27  0.573886  1.097449
19 28  0.565758  1.021956
19 29  0.555822  0.868909
19 30  0.578406  0.888095
20 21  0.514000  0.657468
20 22  0.560484  0.692962
20 23  0.558598  0.679059
20 24  0.581190  1.013449
20 25  0.587552  0.911255
20 26  0.582921  0.898734
20 27  0.581310  1.018235
20 28  0.573340  0.918415
20 29  0.584721  0.784862
20 30  0.557525  0.766054
21 22  0.562282  0.706814
21 23  0.560396  0.692664
21 24  0.583017  1.032124
21 25  0.589348  0.922760
21 26  0.584154  0.904754
21 27  0.583168  1.032236
21 28  0.575146  0.929148
21 29  0.586516  0.799552
21 30  0.556189  0.771330
22 23  0.513813  0.657685
22 24  0.583032  1.031579
22 25  0.584230  0.906612
22 26  0.589185  0.921351
22 27  0.583068  1.033291
22 28  0.575100  0.929378
22 29  0.556102  0.771756
22 30  0.586529  0.799605
23 24  0.581088  1.017391
23 25  0.582893  0.900271
23 26  0.587301  0.909538
23 27  0.581153  1.014325
23 28  0.573208  0.918289
23 29  0.557384  0.766357
23 30  0.584646  0.784623
24 25  0.606114  1.248372
24 26  0.606052  1.225202
24 27  0.576395  1.281708
24 28  0.566794  1.239321
24 29  0.606886  1.103314
24 30  0.607221  1.118629
25 26  0.615526  1.117290
25 27  0.606272  1.227877
25 28  0.592463  1.087366
25 29  0.600644  1.006199
25 30  0.613600  1.015407
26 27  0.606036  1.247649
26 28  0.592512  1.086624
26 29  0.613423  1.013934
26 30  0.600576  1.004343
27 28  0.566991  1.239930
27 29  0.607258  1.119639
27 30  0.607029  1.103964
28 29  0.599197  1.025479
28 30  0.599259  1.025219
29 30  0.610763  0.890907
