  -1146.52474622
  -1146.88508888    -1146.75903106
0.00001390195655
2 2 2 2 2 2 2 2 2 2 2 2 2 2 2 0 0 0 0 0 0 0 0 0 0 0 0 0 0 0 
1  0.277010  0.561809
2  0.277003  0.562436
3  0.267298  0.433152
4  0.267253  0.433609
5  0.277725  0.346831
6  0.277928  0.347270
7  0.277828  0.347295
8  0.277761  0.347122
9  0.305680  0.562300
10  0.302382  0.695149
11  0.305782  0.562898
12  0.305278  0.453167
13  0.305138  0.453639
14  0.293463  0.603896
15  0.302505  0.695037
16  0.283864  0.584989
17  0.283897  0.585718
18  0.273109  0.447209
19  0.273206  0.447793
20  0.279492  0.340207
21  0.281255  0.354075
22  0.281214  0.354330
23  0.279364  0.340179
24  0.302326  0.679165
25  0.308606  0.573792
26  0.308472  0.572133
27  0.302419  0.680027
28  0.294501  0.582973
29  0.305532  0.447077
30  0.305586  0.446883
1 2  0.553389  1.119315
1 3  0.541944  0.982290
1 4  0.544113  0.984735
1 5  0.554570  0.908279
1 6  0.554414  0.904146
1 7  0.554808  0.905946
1 8  0.554741  0.904008
1 9  0.559667  1.091282
1 10  0.576656  1.245024
1 11  0.581960  1.098824
1 12  0.579471  0.985842
1 13  0.582125  1.014245
1 14  0.565656  1.129392
1 15  0.557860  1.160705
1 16  0.272010  0.961758
1 17  0.560615  1.140486
1 18  0.549651  1.003007
1 19  0.549395  1.008465
1 20  0.555883  0.900903
1 21  0.556451  0.915182
1 22  0.558222  0.915869
1 23  0.556281  0.901734
1 24  0.575129  1.221111
1 25  0.584824  1.133145
1 26  0.559588  1.101794
1 27  0.553241  1.228307
1 28  0.568984  1.138704
1 29  0.582337  1.008167
1 30  0.580379  1.007919
2 3  0.544151  0.984946
2 4  0.541903  0.983360
2 5  0.554699  0.904365
2 6  0.554902  0.906569
2 7  0.554309  0.904816
2 8  0.554601  0.909184
2 9  0.581854  1.098880
2 10  0.557744  1.161415
2 11  0.559752  1.092388
2 12  0.582258  1.014406
2 13  0.579331  0.986789
2 14  0.565644  1.129924
2 15  0.576778  1.245560
2 16  0.560575  1.140387
2 17  0.271898  0.963278
2 18  0.549294  1.008510
2 19  0.549741  1.004202
2 20  0.556401  0.902389
2 21  0.558256  0.916242
2 22  0.556406  0.916064
2 23  0.555752  0.901500
2 24  0.553213  1.228220
2 25  0.559747  1.103945
2 26  0.584685  1.132127
2 27  0.575172  1.222548
2 28  0.568979  1.139164
2 29  0.580311  1.008736
2 30  0.582381  1.008599
3 4  0.534544  0.862647
3 5  0.539088  0.764107
3 6  0.541352  0.775235
3 7  0.545122  0.780202
3 8  0.545057  0.779828
3 9  0.548072  0.971861
3 10  0.568697  1.101880
3 11  0.573052  0.994798
3 12  0.551388  0.861800
3 13  0.572427  0.882746
3 14  0.559698  1.031815
3 15  0.568082  1.101685
3 16  0.550629  1.013181
3 17  0.550327  1.017743
3 18  0.265171  0.668538
3 19  0.540497  0.880331
3 20  0.543579  0.772061
3 21  0.547271  0.783153
3 22  0.548481  0.787359
3 23  0.546647  0.773243
3 24  0.568395  1.110635
3 25  0.575521  1.005899
3 26  0.545282  0.968180
3 27  0.569215  1.111507
3 28  0.560175  1.013618
3 29  0.572801  0.879793
3 30  0.544838  0.853812
4 5  0.544976  0.780003
4 6  0.545178  0.780629
4 7  0.541187  0.775649
4 8  0.539077  0.764765
4 9  0.572904  0.994652
4 10  0.567920  1.102149
4 11  0.548136  0.972901
4 12  0.572522  0.882735
4 13  0.551257  0.862779
4 14  0.559652  1.032251
4 15  0.568774  1.102141
4 16  0.550246  1.017468
4 17  0.550619  1.014337
4 18  0.540355  0.880204
4 19  0.265097  0.669627
4 20  0.546730  0.773728
4 21  0.548477  0.787561
4 22  0.547190  0.783863
4 23  0.543435  0.772503
4 24  0.569086  1.111095
4 25  0.545404  0.970363
4 26  0.575344  1.004703
4 27  0.568449  1.111926
4 28  0.560114  1.014067
4 29  0.544717  0.854389
4 30  0.572809  0.880055
5 6  0.509674  0.658109
5 7  0.555549  0.693758
5 8  0.555478  0.693916
5 9  0.580027  0.897684
5 10  0.579976  1.034465
5 11  0.583487  0.908120
5 12  0.555567  0.780291
5 13  0.582862  0.799161
5 14  0.570969  0.945243
5 15  0.580123  1.039119
5 16  0.561215  0.930416
5 17  0.561456  0.932212
5 18  0.546859  0.792553
5 19  0.550926  0.794511
5 20  0.275805  0.439582
5 21  0.507245  0.653445
5 22  0.558938  0.701126
5 23  0.557081  0.686986
5 24  0.579744  1.025572
5 25  0.586309  0.920410
5 26  0.585502  0.917883
5 27  0.579874  1.026383
5 28  0.571972  0.929568
5 29  0.583249  0.793815
5 30  0.546639  0.757564
6 7  0.555753  0.693931
6 8  0.555685  0.694023
6 9  0.578962  0.890149
6 10  0.580184  1.040223
6 11  0.583692  0.906445
6 12  0.553288  0.775694
6 13  0.583063  0.800484
6 14  0.571201  0.942548
6 15  0.580383  1.041277
6 16  0.560116  0.931395
6 17  0.561797  0.932711
6 18  0.549647  0.791171
6 19  0.551099  0.794949
6 20  0.506657  0.643321
6 21  0.279531  0.457436
6 22  0.559142  0.701568
6 23  0.557281  0.687424
6 24  0.580123  1.026089
6 25  0.586523  0.920800
6 26  0.584742  0.918996
6 27  0.580033  1.026667
6 28  0.572413  0.929992
6 29  0.583447  0.794268
6 30  0.544388  0.755560
7 8  0.509571  0.658435
7 9  0.583490  0.905873
7 10  0.580159  1.041428
7 11  0.578958  0.890711
7 12  0.583103  0.800033
7 13  0.553094  0.776285
7 14  0.571099  0.942543
7 15  0.580205  1.040102
7 16  0.561663  0.932007
7 17  0.560052  0.932147
7 18  0.550902  0.794390
7 19  0.549639  0.791782
7 20  0.557310  0.687477
7 21  0.559083  0.701338
7 22  0.279534  0.457929
7 23  0.506583  0.643541
7 24  0.579844  1.025830
7 25  0.584792  0.920687
7 26  0.586289  0.919167
7 27  0.580114  1.026971
7 28  0.572313  0.930018
7 29  0.544185  0.755692
7 30  0.583401  0.794099
8 9  0.583420  0.907824
8 10  0.580036  1.039455
8 11  0.580189  0.898656
8 12  0.583038  0.798974
8 13  0.555466  0.780997
8 14  0.571003  0.945550
8 15  0.580134  1.034575
8 16  0.561456  0.931773
8 17  0.561288  0.931433
8 18  0.550865  0.794217
8 19  0.546973  0.793428
8 20  0.557245  0.687305
8 21  0.559016  0.701162
8 22  0.507084  0.653809
8 23  0.275836  0.440021
8 24  0.579822  1.025812
8 25  0.585668  0.919815
8 26  0.586212  0.919041
8 27  0.579877  1.026720
8 28  0.572003  0.929857
8 29  0.546653  0.758160
8 30  0.583339  0.793911
9 10  0.604252  1.232643
9 11  0.610902  1.101273
9 12  0.597126  1.001215
9 13  0.610800  1.011688
9 14  0.590343  1.098777
9 15  0.603889  1.252924
9 16  0.564037  1.114007
9 17  0.588727  1.145524
9 18  0.548672  0.973819
9 19  0.578648  1.008983
9 20  0.584495  0.901738
9 21  0.584846  0.915675
9 22  0.586870  0.916360
9 23  0.585037  0.902305
9 24  0.604354  1.235228
9 25  0.614237  1.133839
9 26  0.379508  1.004978
9 27  0.599782  1.220380
9 28  0.596549  1.143421
9 29  0.611002  1.008652
9 30  0.589712  0.981935
10 11  0.603871  1.253618
10 12  0.607559  1.141689
10 13  0.607216  1.124363
10 14  0.567003  1.274983
10 15  0.575416  1.310427
10 16  0.581758  1.258651
10 17  0.558745  1.266262
10 18  0.574174  1.140313
10 19  0.574885  1.140801
10 20  0.581635  1.034976
10 21  0.583594  1.048793
10 22  0.583288  1.048860
10 23  0.581446  1.034890
10 24  0.396200  1.243567
10 25  0.602077  1.244343
10 26  0.607478  1.260670
10 27  0.569099  1.338524
10 28  0.562464  1.240137
10 29  0.607766  1.140694
10 30  0.607798  1.140957
11 12  0.611042  1.011822
11 13  0.597052  1.002209
11 14  0.590422  1.099226
11 15  0.604470  1.233017
11 16  0.588792  1.145396
11 17  0.564158  1.115318
11 18  0.578654  1.008997
11 19  0.548785  0.974849
11 20  0.585267  0.902931
11 21  0.587013  0.916703
11 22  0.584900  0.916530
11 23  0.584467  0.902317
11 24  0.599898  1.220273
11 25  0.379752  1.007673
11 26  0.614207  1.132789
11 27  0.604526  1.236568
11 28  0.596567  1.144002
11 29  0.589750  0.982785
11 30  0.611156  1.009055
12 13  0.610407  0.905787
12 14  0.598485  1.051860
12 15  0.607479  1.123909
12 16  0.586467  1.037233
12 17  0.588995  1.038015
12 18  0.549947  0.870234
12 19  0.578406  0.900485
12 20  0.547212  0.755233
12 21  0.547681  0.771275
12 22  0.586480  0.807401
12 23  0.584621  0.793265
12 24  0.607492  1.131230
12 25  0.613618  1.026155
12 26  0.591941  0.998711
12 27  0.607506  1.131837
12 28  0.599142  1.034727
12 29  0.610809  0.899962
12 30  0.377733  0.735863
13 14  0.598344  1.052297
13 15  0.607541  1.142028
13 16  0.588822  1.037756
13 17  0.586360  1.038426
13 18  0.578169  0.900371
13 19  0.549971  0.871320
13 20  0.584609  0.793765
13 21  0.586382  0.807618
13 22  0.547610  0.772156
13 23  0.546907  0.755585
13 24  0.607277  1.131431
13 25  0.591904  1.000760
13 26  0.613344  1.024969
13 27  0.607445  1.132554
13 28  0.599005  1.035176
13 29  0.377653  0.736793
13 30  0.610723  0.900239
14 15  0.567104  1.274847
14 16  0.574419  1.181219
14 17  0.574456  1.181977
14 18  0.565082  1.048249
14 19  0.565177  1.048824
14 20  0.572841  0.943882
14 21  0.574681  0.957698
14 22  0.574641  0.957952
14 23  0.572711  0.943853
14 24  0.560773  1.243517
14 25  0.598477  1.175470
14 26  0.598368  1.173834
14 27  0.560807  1.243881
14 28  0.359199  1.017636
14 29  0.598346  1.049300
14 30  0.598391  1.049099
15 16  0.558802  1.265531
15 17  0.581909  1.259147
15 18  0.574912  1.140114
15 19  0.574394  1.140779
15 20  0.581694  1.034811
15 21  0.583451  1.048500
15 22  0.583675  1.048934
15 23  0.581628  1.034836
15 24  0.568991  1.336918
15 25  0.607727  1.262149
15 26  0.602067  1.242792
15 27  0.396428  1.244306
15 28  0.562717  1.240522
15 29  0.607869  1.141035
15 30  0.607943  1.140394
16 17  0.566944  1.164920
16 18  0.553533  1.021698
16 19  0.556857  1.018586
16 20  0.563065  0.924881
16 21  0.564375  0.931404
16 22  0.565055  0.936922
16 23  0.563206  0.920914
16 24  0.582754  1.252030
16 25  0.591499  1.128947
16 26  0.567174  1.118913
16 27  0.563659  1.167521
16 28  0.573433  1.129732
16 29  0.589366  1.030680
16 30  0.586337  1.002530
17 18  0.556794  1.018755
17 19  0.553663  1.023005
17 20  0.563367  0.921671
17 21  0.565129  0.937394
17 22  0.564364  0.932322
17 23  0.562967  0.925581
17 24  0.563584  1.167013
17 25  0.567339  1.121050
17 26  0.591405  1.128152
17 27  0.582897  1.253415
17 28  0.573492  1.130840
17 29  0.586314  1.003358
17 30  0.589453  1.031207
18 19  0.546312  0.891313
18 20  0.546182  0.771605
18 21  0.549303  0.795895
18 22  0.554320  0.800821
18 23  0.552471  0.787141
18 24  0.574270  1.096573
18 25  0.581664  1.019080
18 26  0.555563  0.990105
18 27  0.573585  1.102399
18 28  0.566257  1.022645
18 29  0.578636  0.889710
18 30  0.556171  0.870152
19 20  0.552696  0.787749
19 21  0.554458  0.801154
19 22  0.549361  0.796745
19 23  0.546164  0.772172
19 24  0.573613  1.102342
19 25  0.555797  0.992294
19 26  0.581627  1.018012
19 27  0.574461  1.097900
19 28  0.566334  1.022999
19 29  0.556194  0.870938
19 30  0.578787  0.890099
20 21  0.514215  0.658783
20 22  0.560706  0.694146
20 23  0.558855  0.680359
20 24  0.581693  1.013388
20 25  0.588080  0.912575
20 26  0.583427  0.900024
20 27  0.581812  1.018233
20 28  0.573840  0.918897
20 29  0.585024  0.786334
20 30  0.557842  0.767601
21 22  0.562469  0.707916
21 23  0.560619  0.693863
21 24  0.583484  1.032093
21 25  0.589844  0.923931
21 26  0.584631  0.905928
21 27  0.583635  1.032181
21 28  0.575610  0.929478
21 29  0.586785  0.800993
21 30  0.556463  0.772805
22 23  0.514032  0.658989
22 24  0.583502  1.031529
22 25  0.584723  0.907747
22 26  0.589669  0.922536
22 27  0.583535  1.033231
22 28  0.575566  0.929695
22 29  0.556380  0.773199
22 30  0.586797  0.801056
23 24  0.581595  1.017406
23 25  0.583414  0.901536
23 26  0.587819  0.910886
23 27  0.581658  1.014248
23 28  0.573711  0.918773
23 29  0.557709  0.767884
23 30  0.584950  0.786118
24 25  0.606879  1.248497
24 26  0.606802  1.225359
24 27  0.577096  1.280719
24 28  0.567533  1.238677
24 29  0.607435  1.103472
24 30  0.607769  1.118856
25 26  0.616309  1.118530
25 27  0.607033  1.227991
25 28  0.593162  1.087762
25 29  0.601207  1.007760
25 30  0.614180  1.016971
26 27  0.606788  1.247785
26 28  0.593200  1.087048
26 29  0.613992  1.015501
26 30  0.601126  1.005953
27 28  0.567729  1.239278
27 29  0.607808  1.119830
27 30  0.607575  1.104128
28 29  0.599740  1.026188
28 30  0.599798  1.025953
29 30  0.611113  0.892624
