  -1146.52474622
  -1146.88520345    -1146.75934848
0.00000834198751
2 2 2 2 2 2 2 2 2 2 2 2 2 2 2 0 0 0 0 0 0 0 0 0 0 0 0 0 0 0 
1  0.277317  0.562279
2  0.277313  0.562870
3  0.267526  0.434259
4  0.267479  0.434666
5  0.277893  0.347427
6  0.278045  0.347823
7  0.277946  0.347813
8  0.277929  0.347685
9  0.306100  0.563009
10  0.302762  0.694559
11  0.306194  0.563570
12  0.305484  0.453977
13  0.305346  0.454396
14  0.293837  0.603821
15  0.302884  0.694444
16  0.284206  0.585414
17  0.284243  0.586089
18  0.273349  0.448401
19  0.273446  0.448933
20  0.279649  0.340752
21  0.281382  0.354584
22  0.281341  0.354804
23  0.279521  0.340691
24  0.302674  0.678649
25  0.309015  0.574397
26  0.308886  0.572787
27  0.302766  0.679514
28  0.294893  0.582794
29  0.305742  0.447846
30  0.305794  0.447707
1 2  0.553986  1.120197
1 3  0.542477  0.983815
1 4  0.544639  0.986114
1 5  0.555043  0.909339
1 6  0.554834  0.905120
1 7  0.555232  0.906845
1 8  0.555217  0.904921
1 9  0.560376  1.092422
1 10  0.577335  1.244958
1 11  0.582669  1.099825
1 12  0.579977  0.986984
1 13  0.582639  1.015467
1 14  0.566327  1.129812
1 15  0.558503  1.160699
1 16  0.272602  0.962574
1 17  0.561265  1.141291
1 18  0.550194  1.004679
1 19  0.549925  1.010078
1 20  0.556348  0.901903
1 21  0.556864  0.916157
1 22  0.558655  0.916812
1 23  0.556739  0.902714
1 24  0.575780  1.221178
1 25  0.585533  1.134228
1 26  0.560294  1.103041
1 27  0.553857  1.228241
1 28  0.569686  1.139069
1 29  0.582856  1.009401
1 30  0.580890  1.009217
2 3  0.544683  0.986335
2 4  0.542437  0.984806
2 5  0.555178  0.905272
2 6  0.555328  0.907465
2 7  0.554734  0.905721
2 8  0.555077  0.910176
2 9  0.582574  1.099874
2 10  0.558390  1.161380
2 11  0.560457  1.093461
2 12  0.582774  1.015644
2 13  0.579842  0.987854
2 14  0.566318  1.130306
2 15  0.577459  1.245455
2 16  0.561225  1.141214
2 17  0.272491  0.963993
2 18  0.549823  1.010139
2 19  0.550288  1.005788
2 20  0.556865  0.903366
2 21  0.558692  0.917183
2 22  0.556822  0.916968
2 23  0.556219  0.902431
2 24  0.553835  1.228114
2 25  0.560450  1.105112
2 26  0.585403  1.133224
2 27  0.575825  1.222580
2 28  0.569684  1.139495
2 29  0.580828  1.009943
2 30  0.582902  1.009853
3 4  0.534998  0.864696
3 5  0.539478  0.765702
3 6  0.541693  0.776866
3 7  0.545470  0.781819
3 8  0.545453  0.781479
3 9  0.548719  0.973612
3 10  0.569294  1.102230
3 11  0.573691  0.996570
3 12  0.551816  0.863653
3 13  0.572863  0.884468
3 14  0.560297  1.032810
3 15  0.568681  1.102091
3 16  0.551197  1.014717
3 17  0.550880  1.019225
3 18  0.265531  0.670998
3 19  0.540965  0.882570
3 20  0.543959  0.773722
3 21  0.547624  0.784779
3 22  0.548833  0.788941
3 23  0.547029  0.774861
3 24  0.568963  1.111235
3 25  0.576148  1.007600
3 26  0.545922  0.970027
3 27  0.569787  1.112109
3 28  0.560795  1.014512
3 29  0.573238  0.881664
3 30  0.545255  0.855842
4 5  0.545370  0.781637
4 6  0.545521  0.782231
4 7  0.541528  0.777196
4 8  0.539465  0.766283
4 9  0.573550  0.996411
4 10  0.568519  1.102522
4 11  0.548773  0.974566
4 12  0.572954  0.884460
4 13  0.551684  0.864533
4 14  0.560249  1.033197
4 15  0.569370  1.102447
4 16  0.550795  1.018953
4 17  0.551188  1.015773
4 18  0.540821  0.882445
4 19  0.265455  0.671966
4 20  0.547111  0.775328
4 21  0.548826  0.789128
4 22  0.547542  0.785404
4 23  0.543813  0.774080
4 24  0.569657  1.111644
4 25  0.546040  0.972109
4 26  0.575975  1.006405
4 27  0.569015  1.112481
4 28  0.560732  1.014911
4 29  0.545133  0.856312
4 30  0.573243  0.881932
5 6  0.509953  0.659333
5 7  0.555835  0.694840
5 8  0.555804  0.695069
5 9  0.580607  0.898905
5 10  0.580523  1.034348
5 11  0.584065  0.909350
5 12  0.555950  0.781711
5 13  0.583239  0.800444
5 14  0.571511  0.945718
5 15  0.580670  1.039086
5 16  0.561726  0.931421
5 17  0.561962  0.933177
5 18  0.547259  0.794352
5 19  0.551334  0.796244
5 20  0.276106  0.440945
5 21  0.507534  0.654689
5 22  0.559234  0.702194
5 23  0.557403  0.688091
5 24  0.580251  1.025650
5 25  0.586885  0.921609
5 26  0.586081  0.919124
5 27  0.580389  1.026465
5 28  0.572521  0.929983
5 29  0.583628  0.795174
5 30  0.547013  0.759094
6 7  0.555989  0.694952
6 8  0.555969  0.695108
6 9  0.579486  0.891277
6 10  0.580675  1.040148
6 11  0.584221  0.907556
6 12  0.553624  0.777069
6 13  0.583389  0.801772
6 14  0.571692  0.942915
6 15  0.580880  1.041229
6 16  0.560557  0.932364
6 17  0.562260  0.933632
6 18  0.550005  0.792923
6 19  0.551454  0.796642
6 20  0.506922  0.644557
6 21  0.279756  0.458663
6 22  0.559386  0.702595
6 23  0.557555  0.688488
6 24  0.580584  1.026121
6 25  0.587049  0.921955
6 26  0.585272  0.920208
6 27  0.580495  1.026702
6 28  0.572922  0.930367
6 29  0.583773  0.795588
6 30  0.544726  0.757024
7 8  0.509852  0.659591
7 9  0.584028  0.906985
7 10  0.580659  1.041349
7 11  0.579476  0.891775
7 12  0.583428  0.801340
7 13  0.553432  0.777573
7 14  0.571591  0.942878
7 15  0.580697  1.039991
7 16  0.562124  0.932948
7 17  0.560497  0.933027
7 18  0.551258  0.796100
7 19  0.549999  0.793447
7 20  0.557585  0.688539
7 21  0.559328  0.702365
7 22  0.279760  0.459077
7 23  0.506850  0.644705
7 24  0.580308  1.025827
7 25  0.585318  0.921814
7 26  0.586821  0.920338
7 27  0.580576  1.026972
7 28  0.572824  0.930358
7 29  0.544527  0.757064
7 30  0.583726  0.795440
8 9  0.584006  0.909058
8 10  0.580585  1.039396
8 11  0.580762  0.899814
8 12  0.583413  0.800278
8 13  0.555851  0.782331
8 14  0.571545  0.945992
8 15  0.580680  1.034427
8 16  0.561960  0.932760
8 17  0.561802  0.932352
8 18  0.551272  0.795970
8 19  0.547373  0.795142
8 20  0.557567  0.688411
8 21  0.559310  0.702232
8 22  0.507375  0.654987
8 23  0.276135  0.441309
8 24  0.580339  1.025859
8 25  0.586242  0.920975
8 26  0.586792  0.920259
8 27  0.580382  1.026770
8 28  0.572552  0.930240
8 29  0.547028  0.759603
8 30  0.583715  0.795294
9 10  0.605028  1.232721
9 11  0.611724  1.102489
9 12  0.597732  1.002696
9 13  0.611428  1.013083
9 14  0.591066  1.099238
9 15  0.604677  1.253053
9 16  0.564777  1.115245
9 17  0.589489  1.146616
9 18  0.549327  0.975786
9 19  0.579304  1.010822
9 20  0.585068  0.902985
9 21  0.585391  0.916898
9 22  0.587416  0.917540
9 23  0.585612  0.903524
9 24  0.605119  1.235414
9 25  0.615065  1.135160
9 26  0.380248  1.006523
9 27  0.600533  1.220603
9 28  0.597331  1.143966
9 29  0.611623  1.010132
9 30  0.590318  0.983453
10 11  0.604653  1.253715
10 12  0.608144  1.141862
10 13  0.607804  1.124407
10 14  0.567752  1.274410
10 15  0.576099  1.309430
10 16  0.582467  1.258612
10 17  0.559450  1.266057
10 18  0.574776  1.140924
10 19  0.575504  1.141358
10 20  0.582163  1.034931
10 21  0.584099  1.048707
10 22  0.583788  1.048744
10 23  0.581977  1.034809
10 24  0.396914  1.242560
10 25  0.602855  1.244425
10 26  0.608269  1.260731
10 27  0.569774  1.337651
10 28  0.563228  1.239601
10 29  0.608355  1.140877
10 30  0.608387  1.141190
11 12  0.611660  1.013235
11 13  0.597652  1.003600
11 14  0.591134  1.099660
11 15  0.605236  1.233072
11 16  0.589541  1.146505
11 17  0.564893  1.116470
11 18  0.579300  1.010851
11 19  0.549434  0.976729
11 20  0.585835  0.904147
11 21  0.587550  0.917883
11 22  0.585439  0.917681
11 23  0.585031  0.903496
11 24  0.600643  1.220460
11 25  0.380486  1.009110
11 26  0.615032  1.134124
11 27  0.605283  1.236723
11 28  0.597340  1.144511
11 29  0.590350  0.984211
11 30  0.611767  1.010555
12 13  0.610821  0.907315
12 14  0.599061  1.052574
12 15  0.608064  1.123992
12 16  0.587010  1.038472
12 17  0.589545  1.039189
12 18  0.550372  0.872349
12 19  0.578850  0.902429
12 20  0.547571  0.756683
12 21  0.548027  0.772662
12 22  0.586812  0.808686
12 23  0.584980  0.794587
12 24  0.608046  1.131526
12 25  0.614224  1.027569
12 26  0.592542  1.000179
12 27  0.608057  1.132141
12 28  0.599729  1.035347
12 29  0.611226  0.901538
12 30  0.378130  0.737765
13 14  0.598923  1.052960
13 15  0.608128  1.142145
13 16  0.589371  1.038932
13 17  0.586909  1.039559
13 18  0.578615  0.902315
13 19  0.550400  0.873330
13 20  0.584971  0.795066
13 21  0.586714  0.808885
13 22  0.547958  0.773456
13 23  0.547267  0.756950
13 24  0.607831  1.131679
13 25  0.592503  1.002127
13 26  0.613958  1.026381
13 27  0.608001  1.132802
13 28  0.599594  1.035743
13 29  0.378051  0.738570
13 30  0.611140  0.901817
14 15  0.567853  1.274278
14 16  0.575132  1.181654
14 17  0.575173  1.182362
14 18  0.565703  1.049323
14 19  0.565798  1.049847
14 20  0.573367  0.944348
14 21  0.575179  0.958130
14 22  0.575139  0.958349
14 23  0.573236  0.944287
14 24  0.561492  1.243161
14 25  0.599223  1.176019
14 26  0.599120  1.174431
14 27  0.561526  1.243531
14 28  0.359956  1.017478
14 29  0.598916  1.049974
14 30  0.598958  1.049830
15 16  0.559504  1.265374
15 17  0.582620  1.259060
15 18  0.575529  1.140718
15 19  0.574995  1.141334
15 20  0.582225  1.034759
15 21  0.583949  1.048415
15 22  0.584181  1.048810
15 23  0.582155  1.034755
15 24  0.569666  1.336040
15 25  0.608512  1.262158
15 26  0.602847  1.242912
15 27  0.397148  1.243315
15 28  0.563479  1.239974
15 29  0.608459  1.141210
15 30  0.608528  1.140628
16 17  0.567622  1.165700
16 18  0.554106  1.023262
16 19  0.557436  1.019969
16 20  0.563560  0.925844
16 21  0.564838  0.932271
16 22  0.565522  0.937755
16 23  0.563703  0.921729
16 24  0.583431  1.251985
16 25  0.592239  1.129826
16 26  0.567898  1.119927
16 27  0.564305  1.167554
16 28  0.574161  1.130044
16 29  0.589917  1.031862
16 30  0.586877  1.003648
17 18  0.557375  1.020137
17 19  0.554239  1.024468
17 20  0.563868  0.922462
17 21  0.565600  0.938206
17 22  0.564832  0.933103
17 23  0.563466  0.926457
17 24  0.564234  1.166997
17 25  0.568062  1.121967
17 26  0.592153  1.129018
17 27  0.583576  1.253322
17 28  0.574223  1.131100
17 29  0.586860  1.004382
17 30  0.590006  1.032391
18 19  0.546792  0.893546
18 20  0.546576  0.773229
18 21  0.549667  0.797580
18 22  0.554686  0.802460
18 23  0.552867  0.788828
18 24  0.574848  1.097050
18 25  0.582312  1.020858
18 26  0.556217  0.991873
18 27  0.574165  1.102945
18 28  0.566883  1.023621
18 29  0.579086  0.891515
18 30  0.556603  0.872098
19 20  0.553093  0.789417
19 21  0.554824  0.802775
19 22  0.549727  0.798343
19 23  0.546558  0.773716
19 24  0.574194  1.102846
19 25  0.556449  0.993961
19 26  0.582281  1.019787
19 27  0.575039  1.098335
19 28  0.566962  1.023921
19 29  0.556630  0.872778
19 30  0.579235  0.891906
20 21  0.514491  0.659930
20 22  0.560990  0.695139
20 23  0.559168  0.681415
20 24  0.582197  1.013289
20 25  0.588644  0.913693
20 26  0.583988  0.901140
20 27  0.582316  1.018219
20 28  0.574393  0.919266
20 29  0.585391  0.787591
20 30  0.558213  0.768982
21 22  0.562722  0.708869
21 23  0.560901  0.694859
21 24  0.583955  1.032069
21 25  0.590378  0.924928
21 26  0.585159  0.906972
21 27  0.584109  1.032161
21 28  0.576128  0.929726
21 29  0.587121  0.802267
21 30  0.556806  0.774144
22 23  0.514309  0.660065
22 24  0.583978  1.031470
22 25  0.585247  0.908714
22 26  0.590209  0.923550
22 27  0.584007  1.033177
22 28  0.576085  0.929911
22 29  0.556727  0.774447
22 30  0.587132  0.802350
23 24  0.582099  1.017358
23 25  0.583970  0.902574
23 26  0.588387  0.912022
23 27  0.582161  1.014124
23 28  0.574263  0.919112
23 29  0.558081  0.769175
23 30  0.585314  0.787399
24 25  0.607623  1.248606
24 26  0.607546  1.225488
24 27  0.577741  1.279852
24 28  0.568277  1.238094
24 29  0.607994  1.103608
24 30  0.608322  1.119092
25 26  0.617120  1.119588
25 27  0.607773  1.228079
25 28  0.593887  1.088058
25 29  0.601814  1.009116
25 30  0.614798  1.018354
26 27  0.607535  1.247946
26 28  0.593934  1.087382
26 29  0.614617  1.016880
26 30  0.601734  1.007412
27 28  0.568472  1.238704
27 29  0.608362  1.120017
27 30  0.608131  1.104311
28 29  0.600336  1.026766
28 30  0.600393  1.026586
29 30  0.611531  0.894157
