  -1146.52474622
  -1146.88523109    -1146.75942722
0.00000683491855
2 2 2 2 2 2 2 2 2 2 2 2 2 2 2 0 0 0 0 0 0 0 0 0 0 0 0 0 0 0 
1  0.277399  0.562381
2  0.277389  0.562984
3  0.267574  0.434556
4  0.267530  0.434966
5  0.277921  0.347620
6  0.278065  0.347982
7  0.277967  0.347981
8  0.277959  0.347886
9  0.306198  0.563196
10  0.302866  0.694383
11  0.306294  0.563764
12  0.305534  0.454197
13  0.305397  0.454612
14  0.293928  0.603780
15  0.302987  0.694266
16  0.284293  0.585507
17  0.284324  0.586191
18  0.273405  0.448719
19  0.273503  0.449250
20  0.279682  0.340920
21  0.281404  0.354738
22  0.281365  0.354969
23  0.279555  0.340861
24  0.302765  0.678477
25  0.309113  0.574589
26  0.308983  0.572980
27  0.302857  0.679341
28  0.294991  0.582724
29  0.305788  0.448077
30  0.305839  0.447938
1 2  0.554140  1.120408
1 3  0.542607  0.984200
1 4  0.544770  0.986478
1 5  0.555153  0.909632
1 6  0.554936  0.905368
1 7  0.555335  0.907090
1 8  0.555329  0.905188
1 9  0.560554  1.092704
1 10  0.577519  1.244894
1 11  0.582848  1.100086
1 12  0.580107  0.987271
1 13  0.582772  1.015782
1 14  0.566499  1.129890
1 15  0.558675  1.160650
1 16  0.272748  0.962755
1 17  0.561427  1.141487
1 18  0.550331  1.005103
1 19  0.550060  1.010497
1 20  0.556463  0.902169
1 21  0.556964  0.916411
1 22  0.558761  0.917078
1 23  0.556855  0.902986
1 24  0.575952  1.221139
1 25  0.585713  1.134525
1 26  0.560473  1.103371
1 27  0.554021  1.228170
1 28  0.569867  1.139118
1 29  0.582983  1.009732
1 30  0.581015  1.009551
2 3  0.544805  0.986710
2 4  0.542562  0.985205
2 5  0.555281  0.905543
2 6  0.555423  0.907715
2 7  0.554831  0.905990
2 8  0.555183  0.910488
2 9  0.582745  1.100145
2 10  0.558557  1.161346
2 11  0.560631  1.093760
2 12  0.582899  1.015976
2 13  0.579967  0.988149
2 14  0.566484  1.130397
2 15  0.577636  1.245399
2 16  0.561386  1.141410
2 17  0.272634  0.964191
2 18  0.549951  1.010570
2 19  0.550420  1.006223
2 20  0.556972  0.903647
2 21  0.558790  0.917450
2 22  0.556917  0.917245
2 23  0.556330  0.902712
2 24  0.553991  1.228057
2 25  0.560626  1.105452
2 26  0.585575  1.133533
2 27  0.575992  1.222552
2 28  0.569859  1.139557
2 29  0.580947  1.010289
2 30  0.583022  1.010196
3 4  0.535096  0.865260
3 5  0.539554  0.766159
3 6  0.541760  0.777316
3 7  0.545539  0.782281
3 8  0.545531  0.781972
3 9  0.548867  0.974080
3 10  0.569445  1.102303
3 11  0.573840  0.997058
3 12  0.551909  0.864153
3 13  0.572962  0.884941
3 14  0.560436  1.033058
3 15  0.568830  1.102179
3 16  0.551331  1.015109
3 17  0.551003  1.019624
3 18  0.265616  0.671660
3 19  0.541070  0.883182
3 20  0.544039  0.774191
3 21  0.547693  0.785233
3 22  0.548904  0.789403
3 23  0.547111  0.775328
3 24  0.569097  1.111362
3 25  0.576293  1.008087
3 26  0.546067  0.970537
3 27  0.569926  1.112234
3 28  0.560942  1.014731
3 29  0.573332  0.882191
3 30  0.545343  0.856396
4 5  0.545448  0.782124
4 6  0.545592  0.782687
4 7  0.541598  0.777656
4 8  0.539545  0.766749
4 9  0.573698  0.996896
4 10  0.568670  1.102615
4 11  0.548924  0.975041
4 12  0.573054  0.884941
4 13  0.551780  0.865033
4 14  0.560390  1.033447
4 15  0.569522  1.102522
4 16  0.550926  1.019347
4 17  0.551318  1.016175
4 18  0.540927  0.883059
4 19  0.265543  0.672631
4 20  0.547193  0.775796
4 21  0.548898  0.789581
4 22  0.547614  0.785871
4 23  0.543896  0.774554
4 24  0.569798  1.111773
4 25  0.546189  0.972621
4 26  0.576120  1.006894
4 27  0.569151  1.112609
4 28  0.560882  1.015133
4 29  0.545225  0.856868
4 30  0.573338  0.882461
5 6  0.509999  0.659708
5 7  0.555884  0.695190
5 8  0.555859  0.695461
5 9  0.580732  0.899263
5 10  0.580654  1.034328
5 11  0.584193  0.909723
5 12  0.556033  0.782127
5 13  0.583318  0.800833
5 14  0.571631  0.945857
5 15  0.580802  1.039090
5 16  0.561841  0.931705
5 17  0.562069  0.933472
5 18  0.547341  0.794866
5 19  0.551418  0.796754
5 20  0.276163  0.441370
5 21  0.507583  0.655076
5 22  0.559285  0.702552
5 23  0.557465  0.688455
5 24  0.580368  1.025671
5 25  0.587011  0.921994
5 26  0.586205  0.919508
5 27  0.580509  1.026485
5 28  0.572643  0.930105
5 29  0.583702  0.795597
5 30  0.547086  0.759545
6 7  0.556031  0.695264
6 8  0.556019  0.695457
6 9  0.579604  0.891585
6 10  0.580798  1.040119
6 11  0.584341  0.907875
6 12  0.553697  0.777455
6 13  0.583460  0.802142
6 14  0.571804  0.943006
6 15  0.581003  1.041208
6 16  0.560659  0.932614
6 17  0.562360  0.933893
6 18  0.550080  0.793402
6 19  0.551530  0.797118
6 20  0.506973  0.644920
6 21  0.279801  0.459021
6 22  0.559430  0.702919
6 23  0.557610  0.688818
6 24  0.580693  1.026108
6 25  0.587167  0.922306
6 26  0.585388  0.920560
6 27  0.580604  1.026686
6 28  0.573040  0.930455
6 29  0.583838  0.795978
6 30  0.544795  0.757437
7 8  0.509900  0.659981
7 9  0.584147  0.907306
7 10  0.580784  1.041340
7 11  0.579596  0.892096
7 12  0.583499  0.801723
7 13  0.553507  0.777963
7 14  0.571704  0.942978
7 15  0.580821  1.039968
7 16  0.562230  0.933208
7 17  0.560595  0.933295
7 18  0.551334  0.796586
7 19  0.550077  0.793935
7 20  0.557639  0.688875
7 21  0.559372  0.702687
7 22  0.279808  0.459455
7 23  0.506903  0.645080
7 24  0.580418  1.025821
7 25  0.585438  0.922174
7 26  0.586939  0.920698
7 27  0.580686  1.026967
7 28  0.572943  0.930455
7 29  0.544597  0.757486
7 30  0.583791  0.795839
8 9  0.584135  0.909433
8 10  0.580718  1.039409
8 11  0.580890  0.900184
8 12  0.583492  0.800679
8 13  0.555936  0.782750
8 14  0.571666  0.946139
8 15  0.580813  1.034411
8 16  0.562075  0.933054
8 17  0.561913  0.932652
8 18  0.551357  0.796488
8 19  0.547459  0.795664
8 20  0.557629  0.688778
8 21  0.559363  0.702586
8 22  0.507427  0.655391
8 23  0.276195  0.441745
8 24  0.580460  1.025887
8 25  0.586370  0.921366
8 26  0.586919  0.920652
8 27  0.580502  1.026797
8 28  0.572677  0.930370
8 29  0.547104  0.760061
8 30  0.583791  0.795724
9 10  0.605222  1.232730
9 11  0.611921  1.102820
9 12  0.597875  1.003095
9 13  0.611578  1.013469
9 14  0.591239  1.099340
9 15  0.604876  1.253067
9 16  0.564961  1.115560
9 17  0.589665  1.146909
9 18  0.549479  0.976308
9 19  0.579457  1.011323
9 20  0.585199  0.903339
9 21  0.585513  0.917240
9 22  0.587538  0.917893
9 23  0.585744  0.903883
9 24  0.605308  1.235430
9 25  0.615262  1.135541
9 26  0.380421  1.006948
9 27  0.600720  1.220626
9 28  0.597519  1.144086
9 29  0.611764  1.010552
9 30  0.590454  0.983867
10 11  0.604854  1.253737
10 12  0.608296  1.141895
10 13  0.607958  1.124412
10 14  0.567944  1.274226
10 15  0.576284  1.309108
10 16  0.582654  1.258567
10 17  0.559628  1.265989
10 18  0.574930  1.141068
10 19  0.575663  1.141501
10 20  0.582297  1.034923
10 21  0.584225  1.048685
10 22  0.583913  1.048734
10 23  0.582115  1.034803
10 24  0.397103  1.242244
10 25  0.603053  1.244456
10 26  0.608468  1.260745
10 27  0.569952  1.337356
10 28  0.563428  1.239414
10 29  0.608504  1.140934
10 30  0.608535  1.141246
11 12  0.611811  1.013632
11 13  0.597798  1.004001
11 14  0.591310  1.099766
11 15  0.605432  1.233081
11 16  0.589726  1.146795
11 17  0.565074  1.116798
11 18  0.579455  1.011358
11 19  0.549589  0.977257
11 20  0.585968  0.904508
11 21  0.587673  0.918230
11 22  0.585563  0.918040
11 23  0.585166  0.903858
11 24  0.600831  1.220488
11 25  0.380661  1.009541
11 26  0.615229  1.134512
11 27  0.605474  1.236744
11 28  0.597530  1.144636
11 29  0.590488  0.984632
11 30  0.611909  1.010980
12 13  0.610922  0.907739
12 14  0.599202  1.052748
12 15  0.608217  1.123998
12 16  0.587145  1.038787
12 17  0.589676  1.039511
12 18  0.550474  0.872913
12 19  0.578956  0.902966
12 20  0.547653  0.757097
12 21  0.548103  0.773056
12 22  0.586885  0.809072
12 23  0.585064  0.794978
12 24  0.608187  1.131575
12 25  0.614370  1.027982
12 26  0.592682  1.000591
12 27  0.608197  1.132189
12 28  0.599873  1.035493
12 29  0.611322  0.901988
12 30  0.378228  0.738287
13 14  0.599065  1.053131
13 15  0.608281  1.142171
13 16  0.589508  1.039240
13 17  0.587039  1.039878
13 18  0.578721  0.902847
13 19  0.550504  0.873889
13 20  0.585054  0.795451
13 21  0.586787  0.809255
13 22  0.548035  0.773856
13 23  0.547351  0.757360
13 24  0.607972  1.131724
13 25  0.592644  1.002536
13 26  0.614104  1.026790
13 27  0.608143  1.132845
13 28  0.599740  1.035884
13 29  0.378152  0.739088
13 30  0.611236  0.902263
14 15  0.568044  1.274089
14 16  0.575309  1.181728
14 17  0.575344  1.182444
14 18  0.565851  1.049592
14 19  0.565947  1.050115
14 20  0.573491  0.944475
14 21  0.575292  0.958243
14 22  0.575254  0.958473
14 23  0.573362  0.944417
14 24  0.561673  1.243009
14 25  0.599405  1.176175
14 26  0.599301  1.174587
14 27  0.561707  1.243379
14 28  0.360141  1.017393
14 29  0.599049  1.050158
14 30  0.599091  1.050014
15 16  0.559686  1.265296
15 17  0.582801  1.259016
15 18  0.575687  1.140860
15 19  0.575150  1.141476
15 20  0.582360  1.034748
15 21  0.584073  1.048391
15 22  0.584307  1.048797
15 23  0.582290  1.034747
15 24  0.569845  1.335748
15 25  0.608712  1.262168
15 26  0.603043  1.242943
15 27  0.397336  1.242994
15 28  0.563679  1.239784
15 29  0.608608  1.141263
15 30  0.608676  1.140682
16 17  0.567787  1.165893
16 18  0.554246  1.023660
16 19  0.557578  1.020336
16 20  0.563679  0.926105
16 21  0.564946  0.932498
16 22  0.565631  0.937993
16 23  0.563823  0.921959
16 24  0.583604  1.251918
16 25  0.592420  1.130076
16 26  0.568077  1.120192
16 27  0.564467  1.167513
16 28  0.574342  1.130086
16 29  0.590049  1.032182
16 30  0.587008  1.003937
17 18  0.557510  1.020510
17 19  0.554375  1.024873
17 20  0.563981  0.922699
17 21  0.565702  0.938443
17 22  0.564935  0.933348
17 23  0.563580  0.926729
17 24  0.564391  1.166966
17 25  0.568238  1.122239
17 26  0.592327  1.129278
17 27  0.583744  1.253262
17 28  0.574399  1.131150
17 29  0.586986  1.004677
17 30  0.590131  1.032720
18 19  0.546904  0.894155
18 20  0.546664  0.773682
18 21  0.549744  0.798048
18 22  0.554765  0.802934
18 23  0.552958  0.789313
18 24  0.574991  1.097153
18 25  0.582466  1.021361
18 26  0.556369  0.992362
18 27  0.574309  1.103064
18 28  0.567035  1.023859
18 29  0.579188  0.892020
18 30  0.556700  0.872626
19 20  0.553183  0.789899
19 21  0.554903  0.803238
19 22  0.549806  0.798822
19 23  0.546649  0.774172
19 24  0.574339  1.102964
19 25  0.556603  0.994450
19 26  0.582434  1.020291
19 27  0.575183  1.098436
19 28  0.567114  1.024160
19 29  0.556729  0.873307
19 30  0.579337  0.892411
20 21  0.514544  0.660278
20 22  0.561046  0.695463
20 23  0.559235  0.681753
20 24  0.582321  1.013253
20 25  0.588775  0.914042
20 26  0.584116  0.901478
20 27  0.582439  1.018201
20 28  0.574524  0.919365
20 29  0.585470  0.787974
20 30  0.558295  0.769382
21 22  0.562768  0.709177
21 23  0.560958  0.695175
21 24  0.584068  1.032048
21 25  0.590499  0.925235
21 26  0.585277  0.907282
21 27  0.584222  1.032136
21 28  0.576249  0.929784
21 29  0.587190  0.802650
21 30  0.556878  0.774532
22 23  0.514364  0.660427
22 24  0.584092  1.031457
22 25  0.585368  0.909033
22 26  0.590329  0.923868
22 27  0.584121  1.033166
22 28  0.576207  0.929979
22 29  0.556799  0.774846
22 30  0.587201  0.802745
23 24  0.582223  1.017345
23 25  0.584101  0.902913
23 26  0.588518  0.912374
23 27  0.582287  1.014089
23 28  0.574397  0.919215
23 29  0.558165  0.769578
23 30  0.585394  0.787785
24 25  0.607808  1.248629
24 26  0.607729  1.225510
24 27  0.577909  1.279559
24 28  0.568466  1.237882
24 29  0.608131  1.103628
24 30  0.608457  1.119129
25 26  0.617314  1.119914
25 27  0.607958  1.228099
25 28  0.594065  1.088144
25 29  0.601953  1.009534
25 30  0.614941  1.018763
26 27  0.607719  1.247968
26 28  0.594111  1.087468
26 29  0.614760  1.017289
26 30  0.601872  1.007831
27 28  0.568661  1.238491
27 29  0.608498  1.120052
27 30  0.608267  1.104330
28 29  0.600479  1.026922
28 30  0.600534  1.026743
29 30  0.611621  0.894602
