  -1146.51648089
  -1146.87492682    -1146.74400368
0.00020527526975
2 2 2 2 2 2 2 2 2 2 2 2 2 2 2 0 0 0 0 0 0 0 0 0 0 0 0 0 0 0 
1  0.255786  0.463766
2  0.273271  0.362099
3  0.284120  0.401775
4  0.266953  0.543466
5  0.255746  0.463438
6  0.284241  0.402253
7  0.273266  0.361995
8  0.300775  0.647417
9  0.296588  0.488148
10  0.292787  0.531786
11  0.296537  0.488173
12  0.301071  0.647721
13  0.299802  0.518644
14  0.299892  0.520519
15  0.292863  0.534034
16  0.270594  0.469399
17  0.283750  0.407804
18  0.276747  0.364694
19  0.266244  0.587190
20  0.271046  0.468578
21  0.276706  0.364013
22  0.283427  0.406447
23  0.300409  0.536128
24  0.296909  0.468238
25  0.300776  0.634777
26  0.300990  0.636112
27  0.297260  0.470788
28  0.300492  0.535994
29  0.292963  0.526087
30  0.292586  0.524660
1 2  0.528343  0.819718
1 3  0.538629  0.849518
1 4  0.520740  1.002172
1 5  0.511098  0.907670
1 6  0.540023  0.861777
1 7  0.529050  0.823972
1 8  0.553293  1.074804
1 9  0.537498  0.901038
1 10  0.548536  0.994000
1 11  0.552307  0.942224
1 12  0.536657  1.062352
1 13  0.555583  0.977022
1 14  0.551919  0.963499
1 15  0.545238  0.995505
1 16  0.243715  0.728260
1 17  0.539426  0.869965
1 18  0.531951  0.828112
1 19  0.521393  1.040505
1 20  0.524857  0.931213
1 21  0.532470  0.827454
1 22  0.539212  0.869759
1 23  0.551256  0.990198
1 24  0.552504  0.931134
1 25  0.553540  1.095641
1 26  0.535167  1.079636
1 27  0.533988  0.928248
1 28  0.556161  0.998579
1 29  0.547164  0.977154
1 30  0.548334  0.987236
2 3  0.514027  0.730891
2 4  0.540171  0.903354
2 5  0.529015  0.823803
2 6  0.557512  0.764095
2 7  0.546537  0.724028
2 8  0.574038  1.008729
2 9  0.560208  0.828243
2 10  0.566051  0.892697
2 11  0.569807  0.849662
2 12  0.573774  0.998279
2 13  0.573073  0.879738
2 14  0.558973  0.875078
2 15  0.559593  0.880096
2 16  0.543587  0.830764
2 17  0.273908  0.533012
2 18  0.507243  0.691107
2 19  0.539346  0.948756
2 20  0.544307  0.830413
2 21  0.549975  0.726041
2 22  0.556692  0.768424
2 23  0.541820  0.860137
2 24  0.570175  0.830119
2 25  0.573956  0.996257
2 26  0.574146  0.997589
2 27  0.569012  0.828889
2 28  0.573754  0.897751
2 29  0.564913  0.887769
2 30  0.565855  0.886391
3 4  0.551058  0.944471
3 5  0.539862  0.861064
3 6  0.568361  0.803228
3 7  0.557386  0.763506
3 8  0.584871  1.042878
3 9  0.573490  0.862933
3 10  0.576900  0.932931
3 11  0.580656  0.888165
3 12  0.584854  1.040303
3 13  0.583922  0.918941
3 14  0.560728  0.885151
3 15  0.573114  0.932807
3 16  0.552845  0.870622
3 17  0.513030  0.751233
3 18  0.277936  0.528737
3 19  0.550326  0.988215
3 20  0.555110  0.869871
3 21  0.560826  0.765677
3 22  0.567546  0.808042
3 23  0.560270  0.906879
3 24  0.581028  0.869667
3 25  0.584805  1.035595
3 26  0.584867  1.037161
3 27  0.577043  0.871496
3 28  0.584612  0.937259
3 29  0.574846  0.922176
3 30  0.576680  0.925941
4 5  0.520723  1.001914
4 6  0.551178  0.944947
4 7  0.540170  0.903307
4 8  0.537498  1.149404
4 9  0.563391  1.029757
4 10  0.558072  1.044326
4 11  0.563343  1.029810
4 12  0.537737  1.149791
4 13  0.566527  1.051294
4 14  0.566611  1.052828
4 15  0.558156  1.046088
4 16  0.536866  1.003832
4 17  0.550352  0.950627
4 18  0.543550  0.907765
4 19  0.266318  0.981149
4 20  0.537316  1.003050
4 21  0.543518  0.907088
4 22  0.550038  0.949279
4 23  0.566929  1.077359
4 24  0.563791  1.010494
4 25  0.532025  1.128023
4 26  0.532249  1.129206
4 27  0.564137  1.013016
4 28  0.567020  1.077219
4 29  0.558358  1.067612
4 30  0.557978  1.066185
5 6  0.538709  0.849591
5 7  0.528298  0.819186
5 8  0.536316  1.061924
5 9  0.552319  0.941938
5 10  0.545112  0.992938
5 11  0.537430  0.900857
5 12  0.553566  1.074837
5 13  0.551774  0.961284
5 14  0.555634  0.978610
5 15  0.548570  0.995903
5 16  0.524342  0.931673
5 17  0.539495  0.870785
5 18  0.532472  0.827805
5 19  0.521358  1.040124
5 20  0.243774  0.726305
5 21  0.531863  0.827106
5 22  0.539065  0.868303
5 23  0.556041  0.998397
5 24  0.533833  0.925491
5 25  0.534780  1.077717
5 26  0.553780  1.096599
5 27  0.552800  0.933350
5 28  0.551248  0.989866
5 29  0.548676  0.988340
5 30  0.546714  0.975318
6 7  0.514117  0.731089
6 8  0.584691  1.040390
6 9  0.580827  0.888583
6 10  0.573151  0.931052
6 11  0.573574  0.863386
6 12  0.585288  1.043528
6 13  0.560696  0.883501
6 14  0.584132  0.921256
6 15  0.577097  0.935642
6 16  0.554781  0.871162
6 17  0.567989  0.809875
6 18  0.560987  0.766835
6 19  0.550449  0.988690
6 20  0.553424  0.870258
6 21  0.277937  0.528401
6 22  0.512838  0.750448
6 23  0.584650  0.937871
6 24  0.576837  0.869435
6 25  0.584774  1.036308
6 26  0.585142  1.037412
6 27  0.581498  0.872688
6 28  0.560211  0.907160
6 29  0.577176  0.927846
6 30  0.574601  0.921091
7 8  0.573489  0.997821
7 9  0.569853  0.849510
7 10  0.559517  0.877945
7 11  0.560090  0.827855
7 12  0.574330  1.008887
7 13  0.558903  0.873187
7 14  0.573158  0.881474
7 15  0.566122  0.894842
7 16  0.543851  0.831126
7 17  0.557010  0.769675
7 18  0.550011  0.726617
7 19  0.539341  0.948655
7 20  0.544037  0.829854
7 21  0.507165  0.690303
7 22  0.273611  0.531424
7 23  0.573666  0.897783
7 24  0.568671  0.826365
7 25  0.573929  0.996156
7 26  0.574168  0.997493
7 27  0.570521  0.832561
7 28  0.541983  0.859708
7 29  0.566226  0.887716
7 30  0.564506  0.886231
8 9  0.597252  1.121181
8 10  0.584977  1.146878
8 11  0.594543  1.106679
8 12  0.582765  1.274546
8 13  0.599818  1.163400
8 14  0.600497  1.147077
8 15  0.592889  1.167017
8 16  0.568262  1.113859
8 17  0.584402  1.054247
8 18  0.577401  1.011379
8 19  0.531609  1.183885
8 20  0.546572  1.090716
8 21  0.577441  1.010885
8 22  0.583600  1.052907
8 23  0.601158  1.180915
8 24  0.593800  1.108116
8 25  0.367713  1.184133
8 26  0.573342  1.216335
8 27  0.597904  1.115844
8 28  0.597565  1.177821
8 29  0.593506  1.169354
8 30  0.587472  1.169052
9 10  0.589353  1.018687
9 11  0.593122  0.972196
9 12  0.594909  1.107242
9 13  0.596390  1.003546
9 14  0.570126  0.983036
9 15  0.553684  1.006647
9 16  0.555594  0.955253
9 17  0.577684  0.891109
9 18  0.572115  0.852460
9 19  0.562701  1.072939
9 20  0.567394  0.955742
9 21  0.573293  0.851906
9 22  0.580015  0.894204
9 23  0.557115  0.955674
9 24  0.593497  0.955744
9 25  0.597034  1.120727
9 26  0.596040  1.122193
9 27  0.400697  0.823366
9 28  0.597078  1.023127
9 29  0.550667  0.984979
9 30  0.589079  1.011948
10 11  0.553607  1.004269
10 12  0.593133  1.165455
10 13  0.565558  1.013274
10 14  0.592671  1.049702
10 15  0.585451  1.055570
10 16  0.563299  1.000029
10 17  0.576471  0.938959
10 18  0.569531  0.896144
10 19  0.557282  1.116044
10 20  0.557472  0.971216
10 21  0.567535  0.890133
10 22  0.571820  0.937092
10 23  0.592956  1.066308
10 24  0.544154  0.932708
10 25  0.582455  1.155799
10 26  0.593616  1.165450
10 27  0.589769  1.001777
10 28  0.565243  1.054570
10 29  0.585739  1.056192
10 30  0.396736  0.937849
11 12  0.597495  1.121448
11 13  0.569980  0.981282
11 14  0.596429  1.005419
11 15  0.589375  1.020928
11 16  0.566888  0.956566
11 17  0.580286  0.895582
11 18  0.573283  0.852610
11 19  0.562648  1.072942
11 20  0.556016  0.954402
11 21  0.572013  0.851801
11 22  0.577309  0.889856
11 23  0.596946  1.023285
11 24  0.399642  0.820282
11 25  0.595727  1.120855
11 26  0.597182  1.122083
11 27  0.593795  0.958301
11 28  0.557246  0.955828
11 29  0.589392  1.013392
11 30  0.550322  0.983331
12 13  0.600707  1.145739
12 14  0.600197  1.165586
12 15  0.585360  1.149352
12 16  0.546511  1.091833
12 17  0.584214  1.054555
12 18  0.577778  1.011861
12 19  0.531768  1.183448
12 20  0.568950  1.113383
12 21  0.577655  1.011008
12 22  0.584379  1.053202
12 23  0.597797  1.178305
12 24  0.597858  1.113639
12 25  0.573547  1.215642
12 26  0.367953  1.185840
12 27  0.594406  1.110737
12 28  0.601539  1.181075
12 29  0.588210  1.170900
12 30  0.593433  1.168325
13 14  0.599694  1.037510
13 15  0.592657  1.050124
13 16  0.570234  0.986851
13 17  0.583545  0.925965
13 18  0.576548  0.883051
13 19  0.565842  1.103925
13 20  0.564560  0.982347
13 21  0.545261  0.844860
13 22  0.561647  0.893584
13 23  0.600182  1.053435
13 24  0.568854  0.969264
13 25  0.597128  1.147608
13 26  0.600763  1.152033
13 27  0.597060  0.988603
13 28  0.449757  0.971711
13 29  0.592539  1.043533
13 30  0.552310  0.982425
14 15  0.565708  1.016897
14 16  0.564189  0.985032
14 17  0.561929  0.896652
14 18  0.545406  0.847287
14 19  0.565941  1.105768
14 20  0.570780  0.987906
14 21  0.576597  0.884244
14 22  0.583310  0.926483
14 23  0.450844  0.974484
14 24  0.596794  0.987937
14 25  0.600641  1.152540
14 26  0.597420  1.150783
14 27  0.569307  0.973955
14 28  0.600345  1.055156
14 29  0.552598  0.985153
14 30  0.592270  1.043968
15 16  0.557163  0.974128
15 17  0.572203  0.940703
15 18  0.567663  0.893102
15 19  0.557347  1.118217
15 20  0.563822  1.001458
15 21  0.569566  0.897709
15 22  0.576224  0.939849
15 23  0.565209  1.057219
15 24  0.589487  1.001483
15 25  0.593487  1.166333
15 26  0.582700  1.159034
15 27  0.544478  0.937373
15 28  0.593108  1.068397
15 29  0.398040  0.941983
15 30  0.585439  1.056991
16 17  0.553629  0.874830
16 18  0.546023  0.823518
16 19  0.533725  1.050817
16 20  0.541069  0.922168
16 21  0.547297  0.831378
16 22  0.554019  0.874919
16 23  0.568335  0.997804
16 24  0.567485  0.932747
16 25  0.567914  1.074269
16 26  0.548413  1.062148
16 27  0.547225  0.888964
16 28  0.571072  1.003599
16 29  0.560374  0.988403
16 30  0.563127  0.991491
17 18  0.516045  0.740258
17 19  0.549881  0.986338
17 20  0.554795  0.875445
17 21  0.560455  0.771686
17 22  0.567176  0.813637
17 23  0.561834  0.906031
17 24  0.580658  0.875146
17 25  0.584498  1.040387
17 26  0.583994  1.029095
17 27  0.575677  0.874240
17 28  0.584241  0.941839
17 29  0.569321  0.901044
17 30  0.576324  0.929816
18 19  0.542961  0.950921
18 20  0.547791  0.831216
18 21  0.553452  0.728572
18 22  0.560173  0.771009
18 23  0.560213  0.891344
18 24  0.573654  0.832048
18 25  0.577511  0.998013
18 26  0.577126  0.991020
18 27  0.566565  0.817631
18 28  0.577237  0.899847
18 29  0.560520  0.873918
18 30  0.569325  0.888865
19 20  0.534174  1.050076
19 21  0.542918  0.950257
19 22  0.549559  0.984969
19 23  0.566016  1.097484
19 24  0.562568  1.047470
19 25  0.537567  1.168446
19 26  0.537833  1.170316
19 27  0.562905  1.049810
19 28  0.566112  1.097232
19 29  0.557423  1.079453
19 30  0.557023  1.077628
20 21  0.546435  0.822123
20 22  0.553761  0.872649
20 23  0.571443  1.002954
20 24  0.547325  0.886220
20 25  0.548553  1.060259
20 26  0.568614  1.074864
20 27  0.568288  0.934417
20 28  0.568852  0.996812
20 29  0.563959  0.992012
20 30  0.560480  0.986484
21 22  0.515689  0.738301
21 23  0.577114  0.899322
21 24  0.566182  0.814395
21 25  0.576878  0.989226
21 26  0.577684  0.998672
21 27  0.573964  0.833922
21 28  0.560067  0.890296
21 29  0.569661  0.889628
21 30  0.560247  0.872355
22 23  0.583836  0.940636
22 24  0.574958  0.870252
22 25  0.583457  1.026463
22 26  0.584390  1.040354
22 27  0.580686  0.876333
22 28  0.561689  0.905078
22 29  0.576379  0.929916
22 30  0.568629  0.898448
23 24  0.597316  1.003376
23 25  0.600980  1.152689
23 26  0.599734  1.161033
23 27  0.572879  0.975143
23 28  0.600893  1.068442
23 29  0.568974  1.022908
23 30  0.592960  1.053051
24 25  0.595947  1.097281
24 26  0.597636  1.086858
24 27  0.594164  0.937988
24 28  0.572664  0.972748
24 29  0.589861  0.991543
24 30  0.550835  0.979146
25 26  0.582783  1.258586
25 27  0.597752  1.087751
25 28  0.599616  1.159582
25 29  0.592940  1.151605
25 30  0.584626  1.104574
26 27  0.596513  1.101060
26 28  0.601280  1.153648
26 29  0.585223  1.106581
26 30  0.592737  1.151161
27 28  0.597749  1.005772
27 29  0.551577  0.983122
27 30  0.589836  0.992669
28 29  0.593419  1.054289
28 30  0.568731  1.021027
29 30  0.585292  1.039980
