  -1146.51648089
  -1146.87821449    -1146.75151092
0.00008183991097
2 2 2 2 2 2 2 2 2 2 2 2 2 2 2 0 0 0 0 0 0 0 0 0 0 0 0 0 0 0 
1  0.262468  0.479022
2  0.277212  0.366816
3  0.288015  0.404927
4  0.272251  0.548195
5  0.262451  0.478768
6  0.288136  0.405210
7  0.277236  0.366634
8  0.307615  0.659241
9  0.304036  0.493620
10  0.300616  0.540509
11  0.303925  0.493466
12  0.307950  0.659212
13  0.305305  0.515396
14  0.305405  0.516568
15  0.300708  0.542081
16  0.277745  0.481740
17  0.287936  0.412035
18  0.280735  0.368778
19  0.271494  0.593663
20  0.278135  0.481799
21  0.280678  0.368447
22  0.287621  0.410975
23  0.306267  0.534880
24  0.303875  0.469083
25  0.307597  0.646758
26  0.307784  0.646884
27  0.304198  0.471136
28  0.306387  0.535018
29  0.300400  0.537472
30  0.299970  0.536301
1 2  0.538848  0.838890
1 3  0.549091  0.866374
1 4  0.532495  1.021943
1 5  0.524359  0.935482
1 6  0.550597  0.878699
1 7  0.539700  0.843328
1 8  0.566629  1.099882
1 9  0.550140  0.917987
1 10  0.563036  1.017897
1 11  0.566359  0.960835
1 12  0.549846  1.085997
1 13  0.567760  0.988237
1 14  0.563713  0.973898
1 15  0.559582  1.018775
1 16  0.255506  0.754884
1 17  0.550292  0.889139
1 18  0.542528  0.847441
1 19  0.533263  1.062751
1 20  0.538358  0.959650
1 21  0.543111  0.847146
1 22  0.550089  0.889545
1 23  0.563831  1.004307
1 24  0.566135  0.947260
1 25  0.566938  1.122647
1 26  0.548547  1.107084
1 27  0.546634  0.943669
1 28  0.568731  1.012935
1 29  0.561230  1.004111
1 30  0.562389  1.013866
2 3  0.521935  0.738628
2 4  0.549391  0.912128
2 5  0.539658  0.843292
2 6  0.565348  0.771655
2 7  0.554448  0.733382
2 8  0.584818  1.025282
2 9  0.570750  0.837051
2 10  0.577814  0.905614
2 11  0.581135  0.859528
2 12  0.584430  1.012225
2 13  0.582515  0.880828
2 14  0.568392  0.875694
2 15  0.570706  0.891468
2 16  0.554641  0.847582
2 17  0.280938  0.541436
2 18  0.515475  0.701689
2 19  0.548404  0.959959
2 20  0.555330  0.848351
2 21  0.557887  0.735189
2 22  0.564826  0.777667
2 23  0.551541  0.865356
2 24  0.581082  0.835685
2 25  0.584645  1.012874
2 26  0.584845  1.013116
2 27  0.579738  0.833958
2 28  0.583590  0.901508
2 29  0.576160  0.903920
2 30  0.577178  0.902727
3 4  0.560247  0.952447
3 5  0.550457  0.878192
3 6  0.576150  0.808904
3 7  0.565250  0.771186
3 8  0.595606  1.056904
3 9  0.584375  0.871006
3 10  0.588612  0.944772
3 11  0.591936  0.895935
3 12  0.595535  1.053107
3 13  0.593318  0.918380
3 14  0.569659  0.884228
3 15  0.584525  0.943602
3 16  0.563810  0.886070
3 17  0.521530  0.762469
3 18  0.284758  0.535134
3 19  0.559424  0.997824
3 20  0.566066  0.886244
3 21  0.568691  0.773260
3 22  0.575635  0.815726
3 23  0.570064  0.910322
3 24  0.591888  0.873673
3 25  0.595445  1.050707
3 26  0.595484  1.051135
3 27  0.587564  0.874840
3 28  0.594402  0.939476
3 29  0.586073  0.936737
3 30  0.587957  0.940709
4 5  0.532488  1.021734
4 6  0.560370  0.952724
4 7  0.549418  0.912011
4 8  0.549380  1.165097
4 9  0.576115  1.040010
4 10  0.571012  1.054697
4 11  0.576006  1.039866
4 12  0.549647  1.165228
4 13  0.577249  1.052213
4 14  0.577343  1.053170
4 15  0.571075  1.055923
4 16  0.549216  1.021290
4 17  0.559647  0.959630
4 18  0.552751  0.916553
4 19  0.276821  0.992424
4 20  0.549603  1.021351
4 21  0.552703  0.916225
4 22  0.559344  0.958574
4 23  0.577964  1.081075
4 24  0.576039  1.016136
4 25  0.544278  1.148602
4 26  0.544485  1.148687
4 27  0.576360  1.018167
4 28  0.578087  1.081208
4 29  0.571180  1.083846
4 30  0.570750  1.082672
5 6  0.549194  0.866371
5 7  0.538854  0.838398
5 8  0.549490  1.086007
5 9  0.566454  0.960805
5 10  0.559454  1.016931
5 11  0.550058  0.917702
5 12  0.566941  1.099637
5 13  0.563571  0.972387
5 14  0.567843  0.989173
5 15  0.563111  1.019204
5 16  0.537975  0.959332
5 17  0.550386  0.890348
5 18  0.543155  0.847222
5 19  0.533249  1.062525
5 20  0.255533  0.754240
5 21  0.542446  0.846855
5 22  0.549963  0.887835
5 23  0.568597  1.012544
5 24  0.546530  0.941481
5 25  0.548211  1.106498
5 26  0.567167  1.122521
5 27  0.566442  0.949045
5 28  0.563896  1.004276
5 29  0.562804  1.014774
5 30  0.560756  1.002555
6 7  0.522062  0.738620
6 8  0.595325  1.053448
6 9  0.592169  0.896369
6 10  0.584557  0.942342
6 11  0.584408  0.871166
6 12  0.596063  1.057096
6 13  0.569624  0.883092
6 14  0.593540  0.919835
6 15  0.588826  0.946623
6 16  0.565800  0.886466
6 17  0.576071  0.817069
6 18  0.568871  0.773875
6 19  0.559548  0.998110
6 20  0.564316  0.886410
6 21  0.284760  0.534972
6 22  0.521349  0.761719
6 23  0.594403  0.939622
6 24  0.587389  0.873086
6 25  0.595421  1.051289
6 26  0.595747  1.051119
6 27  0.592333  0.876004
6 28  0.570035  0.910651
6 29  0.588510  0.942165
6 30  0.585781  0.935738
7 8  0.584127  1.012096
7 9  0.581270  0.859486
7 10  0.570638  0.889933
7 11  0.570594  0.836469
7 12  0.585178  1.025045
7 13  0.568348  0.874419
7 14  0.582640  0.881805
7 15  0.577930  0.907016
7 16  0.554965  0.848109
7 17  0.565165  0.778546
7 18  0.557969  0.735339
7 19  0.548431  0.959780
7 20  0.555056  0.847481
7 21  0.515411  0.701129
7 22  0.280678  0.540096
7 23  0.583493  0.901190
7 24  0.579454  0.831840
7 25  0.584683  1.012811
7 26  0.584848  1.012825
7 27  0.581430  0.837553
7 28  0.551764  0.865140
7 29  0.577630  0.903721
7 30  0.575724  0.902555
8 9  0.611515  1.138026
8 10  0.598986  1.164756
8 11  0.608643  1.120893
8 12  0.596242  1.297372
8 13  0.612063  1.172051
8 14  0.612818  1.153169
8 15  0.607365  1.185054
8 16  0.582179  1.137842
8 17  0.595395  1.070248
8 18  0.588179  1.027275
8 19  0.543603  1.205989
8 20  0.560457  1.117441
8 21  0.588241  1.027207
8 22  0.594573  1.069334
8 23  0.613851  1.191720
8 24  0.607498  1.121242
8 25  0.381407  1.210202
8 26  0.586518  1.239739
8 27  0.611658  1.128258
8 28  0.610268  1.188308
8 29  0.607723  1.192052
8 30  0.601406  1.192513
9 10  0.604589  1.032724
9 11  0.607956  0.982052
9 12  0.609076  1.121105
9 13  0.609338  1.005044
9 14  0.582868  0.984957
9 15  0.568649  1.019836
9 16  0.569011  0.972525
9 17  0.589105  0.900855
9 18  0.583442  0.862070
9 19  0.575363  1.084694
9 20  0.581922  0.974463
9 21  0.584711  0.861809
9 22  0.591656  0.904219
9 23  0.569782  0.964658
9 24  0.607906  0.962061
9 25  0.611255  1.138085
9 26  0.610125  1.138728
9 27  0.413893  0.826687
9 28  0.610422  1.027730
9 29  0.565035  1.003096
9 30  0.603893  1.028965
10 11  0.568465  1.018054
10 12  0.607637  1.183712
10 13  0.578303  1.018812
10 14  0.606006  1.054131
10 15  0.600986  1.068627
10 16  0.578242  1.020949
10 17  0.588491  0.951932
10 18  0.581347  0.908971
10 19  0.570311  1.131356
10 20  0.572408  0.994585
10 21  0.579062  0.903016
10 22  0.583443  0.950172
10 23  0.606656  1.073899
10 24  0.558508  0.946062
10 25  0.596867  1.176202
10 26  0.608169  1.184941
10 27  0.604534  1.010964
10 28  0.578089  1.062530
10 29  0.600995  1.076152
10 30  0.410819  0.958565
11 12  0.611736  1.137824
11 13  0.582654  0.983711
11 14  0.609327  1.006034
11 15  0.604569  1.034120
11 16  0.581429  0.974246
11 17  0.591859  0.905125
11 18  0.584658  0.861987
11 19  0.575253  1.084540
11 20  0.569317  0.972423
11 21  0.583264  0.861579
11 22  0.588673  0.899705
11 23  0.610191  1.027440
11 24  0.412870  0.823934
11 25  0.609802  1.138437
11 26  0.611320  1.138065
11 27  0.608117  0.963949
11 28  0.569876  0.964798
11 29  0.604217  1.029981
11 30  0.564536  1.001545
12 13  0.613057  1.152173
12 14  0.612490  1.173210
12 15  0.599356  1.166022
12 16  0.560451  1.117402
12 17  0.595213  1.070362
12 18  0.588634  1.027505
12 19  0.543798  1.205149
12 20  0.582874  1.137879
12 21  0.588446  1.026924
12 22  0.595415  1.069169
12 23  0.610493  1.188192
12 24  0.611663  1.126213
12 25  0.586768  1.239911
12 26  0.381695  1.210248
12 27  0.608129  1.123070
12 28  0.614308  1.191821
12 29  0.602231  1.193763
12 30  0.607639  1.190974
13 14  0.610709  1.030354
13 15  0.605997  1.054559
13 16  0.582865  0.996040
13 17  0.593231  0.926983
13 18  0.586039  0.883901
13 19  0.576548  1.107347
13 20  0.577074  0.992215
13 21  0.554416  0.847785
13 22  0.571352  0.896746
13 23  0.611527  1.049121
13 24  0.581156  0.967275
13 25  0.609389  1.156139
13 26  0.613048  1.159723
13 27  0.609499  0.985807
13 28  0.460855  0.965685
13 29  0.605455  1.051754
13 30  0.564258  0.994699
14 15  0.578511  1.021379
14 16  0.576775  0.993316
14 17  0.571629  0.898849
14 18  0.554580  0.849176
14 19  0.576651  1.108498
14 20  0.583355  0.997268
14 21  0.586082  0.884742
14 22  0.593016  0.927095
14 23  0.461898  0.967415
14 24  0.609275  0.984934
14 25  0.612960  1.160746
14 26  0.609685  1.157429
14 27  0.581587  0.970728
14 28  0.611744  1.050419
14 29  0.564618  0.996585
14 30  0.605144  1.051751
15 16  0.572190  0.996095
15 17  0.583835  0.952818
15 18  0.579221  0.904985
15 19  0.570407  1.132908
15 20  0.578723  1.022572
15 21  0.581382  0.910209
15 22  0.588270  0.952441
15 23  0.578060  1.064168
15 24  0.604305  1.010489
15 25  0.608080  1.186342
15 26  0.597095  1.177741
15 27  0.558870  0.949535
15 28  0.606864  1.075591
15 29  0.412136  0.961744
15 30  0.600656  1.076530
16 17  0.564823  0.890829
16 18  0.557028  0.838783
16 19  0.545864  1.069399
16 20  0.555181  0.945937
16 21  0.558418  0.847384
16 22  0.565364  0.891584
16 23  0.581239  1.009041
16 24  0.581599  0.944933
16 25  0.581624  1.097575
16 26  0.561902  1.082758
16 27  0.559702  0.899050
16 28  0.584114  1.014860
16 29  0.574808  1.011871
16 30  0.577660  1.015343
17 18  0.524348  0.748348
17 19  0.559263  0.995230
17 20  0.566069  0.892707
17 21  0.568613  0.780355
17 22  0.575556  0.822157
17 23  0.571509  0.908822
17 24  0.591810  0.880047
17 25  0.595493  1.056331
17 26  0.594881  1.041713
17 27  0.586379  0.878344
17 28  0.594322  0.944359
17 29  0.580481  0.915031
17 30  0.587895  0.944709
18 19  0.552189  0.961273
18 20  0.558866  0.847779
18 21  0.561413  0.736995
18 22  0.568356  0.779625
18 23  0.570090  0.894194
18 24  0.584608  0.836661
18 25  0.588322  1.013848
18 26  0.587757  1.003883
18 27  0.577016  0.821736
18 28  0.587121  0.902720
18 29  0.570977  0.887743
18 30  0.580691  0.904520
19 20  0.546271  1.069580
19 21  0.552128  0.960941
19 22  0.558947  0.994174
19 23  0.576951  1.100518
19 24  0.574692  1.055395
19 25  0.549483  1.185408
19 26  0.549708  1.186306
19 27  0.574987  1.057121
19 28  0.577090  1.100787
19 29  0.569909  1.093448
19 30  0.569476  1.091962
20 21  0.557358  0.838518
20 22  0.564898  0.889803
20 23  0.584383  1.014802
20 24  0.559772  0.897435
20 25  0.562023  1.082661
20 26  0.582237  1.097882
20 27  0.582312  0.946963
20 28  0.581728  1.009145
20 29  0.578481  1.016489
20 30  0.574802  1.011027
21 22  0.523987  0.747038
21 23  0.586942  0.902274
21 24  0.576643  0.819282
21 25  0.587516  1.003559
21 26  0.588451  1.013627
21 27  0.584874  0.838364
21 28  0.569964  0.893779
21 29  0.581063  0.905382
21 30  0.570650  0.886755
22 23  0.593886  0.943176
22 24  0.585688  0.875120
22 25  0.594377  1.040553
22 26  0.595364  1.055404
22 27  0.591818  0.881015
22 28  0.571422  0.908424
22 29  0.588010  0.944859
22 30  0.579732  0.912938
23 24  0.610130  1.003112
23 25  0.613553  1.161168
23 26  0.612326  1.170263
23 27  0.585321  0.975234
23 28  0.612639  1.065567
23 29  0.581510  1.031639
23 30  0.606211  1.061366
24 25  0.609658  1.109297
24 26  0.611333  1.097812
24 27  0.608057  0.938932
24 28  0.585163  0.973574
24 29  0.604256  1.003725
24 30  0.565030  0.991661
25 26  0.596198  1.281465
25 27  0.611464  1.099358
25 28  0.612272  1.170361
25 29  0.607046  1.173276
25 30  0.598194  1.123259
26 27  0.610159  1.111472
26 28  0.613853  1.161249
26 29  0.598760  1.123854
26 30  0.606787  1.171914
27 28  0.610574  1.005287
27 29  0.565827  0.994913
27 30  0.604150  1.004591
28 29  0.606760  1.062610
28 30  0.581237  1.030337
29 30  0.599945  1.059038
