  -1146.51648089
  -1146.87969780    -1146.75503520
0.00001940339807
2 2 2 2 2 2 2 2 2 2 2 2 2 2 2 0 0 0 0 0 0 0 0 0 0 0 0 0 0 0 
1  0.265956  0.484346
2  0.278620  0.371365
3  0.289348  0.409238
4  0.275405  0.550441
5  0.265868  0.484091
6  0.289464  0.409781
7  0.278649  0.371389
8  0.311682  0.663542
9  0.307437  0.497301
10  0.304825  0.546248
11  0.307311  0.497503
12  0.312040  0.663706
13  0.307921  0.514393
14  0.308057  0.515435
15  0.304989  0.547634
16  0.281420  0.487650
17  0.289296  0.416125
18  0.282105  0.372956
19  0.274700  0.595516
20  0.281771  0.487749
21  0.282041  0.372751
22  0.288980  0.415283
23  0.308978  0.534642
24  0.307195  0.470467
25  0.311637  0.651501
26  0.311862  0.651847
27  0.307541  0.472329
28  0.309082  0.535018
29  0.304504  0.544099
30  0.304067  0.543281
1 2  0.543659  0.848195
1 3  0.553867  0.875195
1 4  0.539009  1.029505
1 5  0.531153  0.945246
1 6  0.555404  0.887621
1 7  0.544596  0.852981
1 8  0.573943  1.109485
1 9  0.556410  0.925445
1 10  0.570722  1.028973
1 11  0.573228  0.969376
1 12  0.557139  1.094745
1 13  0.573862  0.992181
1 14  0.569708  0.978040
1 15  0.567273  1.029687
1 16  0.261712  0.765568
1 17  0.555140  0.898450
1 18  0.547282  0.856920
1 19  0.539909  1.070353
1 20  0.545337  0.970951
1 21  0.547947  0.856769
1 22  0.554935  0.899162
1 23  0.569916  1.009651
1 24  0.572927  0.953974
1 25  0.574397  1.132627
1 26  0.556047  1.118218
1 27  0.553168  0.949908
1 28  0.574886  1.018298
1 29  0.568785  1.016611
1 30  0.569972  1.026011
2 3  0.524610  0.747269
2 4  0.553935  0.918403
2 5  0.544479  0.852748
2 6  0.568083  0.780649
2 7  0.557267  0.742679
2 8  0.590287  1.034132
2 9  0.575353  0.844484
2 10  0.583425  0.915418
2 11  0.585930  0.868010
2 12  0.589860  1.019738
2 13  0.586539  0.883989
2 14  0.572484  0.879133
2 15  0.576231  0.900681
2 16  0.559706  0.857960
2 17  0.283509  0.550779
2 18  0.518338  0.711464
2 19  0.552891  0.966358
2 20  0.560360  0.858845
2 21  0.560659  0.744032
2 22  0.567590  0.786520
2 23  0.555749  0.870373
2 24  0.585808  0.841600
2 25  0.589998  1.022076
2 26  0.590298  1.022631
2 27  0.584451  0.839802
2 28  0.587681  0.906055
2 29  0.581637  0.915120
2 30  0.582677  0.914236
3 4  0.564732  0.959050
3 5  0.555201  0.886870
3 6  0.578811  0.817285
3 7  0.567997  0.780126
3 8  0.601004  1.065082
3 9  0.588980  0.878534
3 10  0.594145  0.954731
3 11  0.596655  0.903731
3 12  0.600919  1.060712
3 13  0.597267  0.921215
3 14  0.573619  0.887378
3 15  0.590066  0.953267
3 16  0.568625  0.896274
3 17  0.524413  0.772738
3 18  0.287328  0.544281
3 19  0.563951  1.003922
3 20  0.571014  0.896502
3 21  0.571389  0.781859
3 22  0.578326  0.824336
3 23  0.574142  0.915078
3 24  0.596540  0.879331
3 25  0.600748  1.059723
3 26  0.600894  1.060411
3 27  0.592174  0.880326
3 28  0.598429  0.943787
3 29  0.591488  0.947667
3 30  0.593374  0.951927
4 5  0.538934  1.029261
4 6  0.564847  0.959585
4 7  0.553967  0.918498
4 8  0.556351  1.171052
4 9  0.582645  1.045869
4 10  0.578200  1.061024
4 11  0.582522  1.046076
4 12  0.556652  1.171306
4 13  0.582970  1.053332
4 14  0.583101  1.054190
4 15  0.578340  1.062096
4 16  0.556006  1.029771
4 17  0.564058  0.965980
4 18  0.557231  0.922935
4 19  0.283057  0.995879
4 20  0.556350  1.029845
4 21  0.557169  0.922732
4 22  0.563749  0.965143
4 23  0.583803  1.083232
4 24  0.582498  1.019791
4 25  0.551512  1.157752
4 26  0.551754  1.158106
4 27  0.582842  1.021633
4 28  0.583914  1.083600
4 29  0.578358  1.092770
4 30  0.577925  1.091956
5 6  0.553895  0.875420
5 7  0.543601  0.847886
5 8  0.556712  1.094565
5 9  0.573266  0.969004
5 10  0.567003  1.028041
5 11  0.556228  0.925491
5 12  0.574210  1.109412
5 13  0.569465  0.976660
5 14  0.573910  0.992995
5 15  0.570799  1.030093
5 16  0.544938  0.970594
5 17  0.555163  0.899747
5 18  0.547925  0.856720
5 19  0.539833  1.070121
5 20  0.261663  0.765011
5 21  0.547125  0.856461
5 22  0.554739  0.897368
5 23  0.574701  1.017672
5 24  0.552967  0.947913
5 25  0.555592  1.117432
5 26  0.574599  1.132719
5 27  0.573185  0.955571
5 28  0.569895  1.009857
5 29  0.570323  1.026570
5 30  0.568236  1.015427
6 7  0.524736  0.747713
6 8  0.600681  1.061103
6 9  0.596897  0.904064
6 10  0.590017  0.952453
6 11  0.588994  0.879247
6 12  0.601477  1.065700
6 13  0.573547  0.886594
6 14  0.597518  0.922795
6 15  0.594425  0.956653
6 16  0.570779  0.896942
6 17  0.578758  0.825719
6 18  0.571569  0.782607
6 19  0.564068  1.004464
6 20  0.569089  0.896913
6 21  0.287310  0.544586
6 22  0.524225  0.772461
6 23  0.598441  0.943954
6 24  0.591973  0.879023
6 25  0.600787  1.060602
6 26  0.601086  1.060609
6 27  0.597002  0.881731
6 28  0.574093  0.915891
6 29  0.593928  0.953285
6 30  0.591183  0.947268
7 8  0.589537  1.019589
7 9  0.586085  0.867813
7 10  0.576098  0.899519
7 11  0.575183  0.844404
7 12  0.590675  1.034292
7 13  0.572408  0.878201
7 14  0.586705  0.885034
7 15  0.583619  0.916838
7 16  0.560038  0.858769
7 17  0.567935  0.787384
7 18  0.560753  0.744261
7 19  0.552922  0.966383
7 20  0.560088  0.858108
7 21  0.518271  0.711248
7 22  0.283257  0.549929
7 23  0.587608  0.905704
7 24  0.584149  0.838080
7 25  0.590104  1.022310
7 26  0.590248  1.022449
7 27  0.586185  0.843483
7 28  0.555964  0.870585
7 29  0.583142  0.915079
7 30  0.581201  0.914313
8 9  0.618967  1.146347
8 10  0.606906  1.172992
8 11  0.616055  1.127716
8 12  0.604125  1.306531
8 13  0.618709  1.175457
8 14  0.619510  1.155797
8 15  0.615556  1.193844
8 16  0.589880  1.147946
8 17  0.600776  1.078540
8 18  0.593538  1.035694
8 19  0.550804  1.214363
8 20  0.568146  1.128706
8 21  0.593672  1.035832
8 22  0.599950  1.077965
8 23  0.620625  1.195945
8 24  0.614828  1.127294
8 25  0.389198  1.219302
8 26  0.594476  1.249682
8 27  0.619044  1.133892
8 28  0.616905  1.192574
8 29  0.615844  1.202686
8 30  0.609422  1.203780
9 10  0.612177  1.041935
9 11  0.614736  0.989378
9 12  0.616532  1.127848
9 13  0.615346  1.007219
9 14  0.588799  0.987944
9 15  0.576010  1.028712
9 16  0.575746  0.981734
9 17  0.593811  0.908830
9 18  0.588170  0.869944
9 19  0.581933  1.090140
9 20  0.588933  0.984118
9 21  0.589476  0.869777
9 22  0.596415  0.912205
9 23  0.575724  0.970435
9 24  0.614622  0.967036
9 25  0.618683  1.146375
9 26  0.617568  1.147554
9 27  0.420069  0.830631
9 28  0.616517  1.031453
9 29  0.572137  1.014220
9 30  0.611383  1.039475
10 11  0.575751  1.027443
10 12  0.615776  1.192911
10 13  0.584852  1.023892
10 14  0.612848  1.058510
10 15  0.609384  1.077144
10 16  0.586123  1.032481
10 17  0.594036  0.961768
10 18  0.586929  0.918882
10 19  0.577675  1.139132
10 20  0.580242  1.007398
10 21  0.584568  0.913011
10 22  0.588935  0.960175
10 23  0.613550  1.079478
10 24  0.565664  0.955148
10 25  0.604938  1.186631
10 26  0.616404  1.195642
10 27  0.612060  1.017910
10 28  0.584616  1.068351
10 29  0.609297  1.088397
10 30  0.418482  0.971748
11 12  0.619197  1.146678
11 13  0.588539  0.987177
11 14  0.615357  1.008426
11 15  0.612213  1.043486
11 16  0.588459  0.984217
11 17  0.596605  0.913248
11 18  0.589414  0.870185
11 19  0.581807  1.090333
11 20  0.576006  0.982033
11 21  0.587972  0.869935
11 22  0.593363  0.908253
11 23  0.616287  1.031281
11 24  0.419001  0.828463
11 25  0.617187  1.147397
11 26  0.618778  1.146921
11 27  0.614842  0.969089
11 28  0.575791  0.971155
11 29  0.611695  1.040485
11 30  0.571632  1.013393
12 13  0.619735  1.155092
12 14  0.619194  1.176676
12 15  0.607378  1.174365
12 16  0.568188  1.128826
12 17  0.600613  1.078967
12 18  0.594093  1.036198
12 19  0.551027  1.213783
12 20  0.590544  1.148210
12 21  0.593834  1.035656
12 22  0.600823  1.077870
12 23  0.617176  1.192411
12 24  0.619052  1.132222
12 25  0.594711  1.249761
12 26  0.389532  1.219773
12 27  0.615500  1.129129
12 28  0.621088  1.196476
12 29  0.610278  1.204870
12 30  0.615775  1.202142
13 14  0.615970  1.028250
13 15  0.612876  1.058891
13 16  0.589146  1.001001
13 17  0.597206  0.930073
13 18  0.590025  0.887070
13 19  0.582335  1.108306
13 20  0.583269  0.997172
13 21  0.558458  0.851748
13 22  0.575354  0.900791
13 23  0.616845  1.047973
13 24  0.586947  0.967773
13 25  0.615856  1.159908
13 26  0.619736  1.163850
13 27  0.615460  0.986009
13 28  0.465974  0.964286
13 29  0.612128  1.057392
13 30  0.570621  1.002428
14 15  0.585159  1.026105
14 16  0.583044  0.998101
14 17  0.575671  0.902564
14 18  0.558666  0.852908
14 19  0.582471  1.109327
14 20  0.589629  1.002140
14 21  0.590096  0.887905
14 22  0.597025  0.930272
14 23  0.467078  0.965586
14 24  0.615249  0.985196
14 25  0.619645  1.164525
14 26  0.616215  1.161268
14 27  0.587439  0.970899
14 28  0.617082  1.049378
14 29  0.571021  1.003857
14 30  0.611830  1.057613
15 16  0.580127  1.008644
15 17  0.589400  0.962414
15 18  0.584807  0.914665
15 19  0.577840  1.140492
15 20  0.586637  1.033951
15 21  0.587029  0.920060
15 22  0.593885  0.962310
15 23  0.584664  1.069558
15 24  0.611874  1.017435
15 25  0.616348  1.196647
15 26  0.605270  1.188202
15 27  0.566104  0.958270
15 28  0.613813  1.081227
15 29  0.419888  0.974378
15 30  0.609024  1.088948
16 17  0.569823  0.900424
16 18  0.562018  0.848159
16 19  0.552594  1.077140
16 20  0.562418  0.956779
16 21  0.563452  0.857046
16 22  0.570394  0.901676
16 23  0.587559  1.014891
16 24  0.588588  0.951539
16 25  0.589144  1.108258
16 26  0.569327  1.092273
16 27  0.566015  0.904607
16 28  0.590482  1.020635
16 29  0.582503  1.024230
16 30  0.585418  1.028243
17 18  0.527040  0.756427
17 19  0.563802  1.000141
17 20  0.571062  0.902616
17 21  0.571336  0.788741
17 22  0.578273  0.830307
17 23  0.575520  0.912659
17 24  0.596487  0.885396
17 25  0.600880  1.065007
17 26  0.600254  1.049292
17 27  0.590987  0.883411
17 28  0.598373  0.947815
17 29  0.585828  0.924838
17 30  0.593343  0.955022
18 19  0.556756  0.967150
18 20  0.563868  0.857352
18 21  0.564146  0.745364
18 22  0.571084  0.788104
18 23  0.574253  0.898161
18 24  0.589297  0.841902
18 25  0.593732  1.022639
18 26  0.593155  1.011749
18 27  0.581635  0.826757
18 28  0.591183  0.906653
18 29  0.576160  0.897726
18 30  0.586143  0.915606
19 20  0.552975  1.077361
19 21  0.556692  0.966947
19 22  0.563487  0.999295
19 23  0.582768  1.101239
19 24  0.581136  1.058943
19 25  0.556582  1.191473
19 26  0.556837  1.192512
19 27  0.581460  1.060494
19 28  0.582882  1.101707
19 29  0.577089  1.100259
19 30  0.576648  1.099093
20 21  0.562303  0.848053
20 22  0.569858  0.899654
20 23  0.590729  1.020389
20 24  0.566021  0.903194
20 25  0.569362  1.091996
20 26  0.589752  1.108789
20 27  0.589287  0.953418
20 28  0.587990  1.015270
20 29  0.586207  1.029070
20 30  0.582453  1.023796
21 22  0.526673  0.755467
21 23  0.591015  0.906096
21 24  0.581235  0.824606
21 25  0.592865  1.011326
21 26  0.593892  1.022761
21 27  0.589579  0.843534
21 28  0.574106  0.898117
21 29  0.586515  0.916246
21 30  0.575823  0.897222
22 23  0.597953  0.946610
22 24  0.590267  0.880587
22 25  0.599706  1.048101
22 26  0.600789  1.064516
22 27  0.596517  0.886384
22 28  0.575418  0.912683
22 29  0.593464  0.955052
22 30  0.585072  0.923265
23 24  0.616150  1.004328
23 25  0.620251  1.164465
23 26  0.619059  1.174974
23 27  0.591188  0.976993
23 28  0.618034  1.064927
23 29  0.588031  1.037431
23 30  0.613015  1.066814
24 25  0.616962  1.114914
24 26  0.618701  1.104013
24 27  0.614707  0.941212
24 28  0.590992  0.975760
24 29  0.611668  1.011792
24 30  0.572292  1.000090
25 26  0.604171  1.291284
25 27  0.618809  1.105150
25 28  0.618950  1.175075
25 29  0.615037  1.183715
25 30  0.605904  1.132761
26 27  0.617521  1.117127
26 28  0.620577  1.164982
26 29  0.606507  1.133237
26 30  0.614801  1.182892
27 28  0.616599  1.006550
27 29  0.573117  1.002790
27 30  0.611579  1.012822
28 29  0.613557  1.067952
28 30  0.587742  1.036672
29 30  0.607985  1.069876
