  -1146.51648089
  -1146.88003474    -1146.75591867
0.00000465419989
2 2 2 2 2 2 2 2 2 2 2 2 2 2 2 0 0 0 0 0 0 0 0 0 0 0 0 0 0 0 
1  0.266823  0.486277
2  0.278981  0.373111
3  0.289712  0.410761
4  0.276271  0.551039
5  0.266749  0.486060
6  0.289827  0.411293
7  0.279012  0.373129
8  0.312792  0.664945
9  0.308361  0.498593
10  0.305869  0.547991
11  0.308232  0.498796
12  0.313139  0.665078
13  0.308610  0.514110
14  0.308745  0.515100
15  0.306037  0.549341
16  0.282362  0.489664
17  0.289656  0.417806
18  0.282512  0.374433
19  0.275560  0.596065
20  0.282718  0.489777
21  0.282448  0.374244
22  0.289340  0.416973
23  0.309642  0.534697
24  0.308100  0.470750
25  0.312694  0.653013
26  0.312917  0.653304
27  0.308449  0.472588
28  0.309744  0.535061
29  0.305602  0.546369
30  0.305157  0.545541
1 2  0.544876  0.851665
1 3  0.555099  0.878407
1 4  0.540701  1.032033
1 5  0.532868  0.948803
1 6  0.556631  0.890702
1 7  0.545821  0.856460
1 8  0.575857  1.112788
1 9  0.558079  0.928175
1 10  0.572629  1.032660
1 11  0.575010  0.972281
1 12  0.559015  1.097635
1 13  0.575415  0.993738
1 14  0.571245  0.979686
1 15  0.569165  1.033340
1 16  0.263284  0.769306
1 17  0.556367  0.902048
1 18  0.548537  0.860331
1 19  0.541617  1.072977
1 20  0.547101  0.974924
1 21  0.549211  0.860194
1 22  0.556161  0.902775
1 23  0.571435  1.011724
1 24  0.574689  0.956202
1 25  0.576314  1.136044
1 26  0.557941  1.121863
1 27  0.554881  0.952018
1 28  0.576406  1.020284
1 29  0.570734  1.020996
1 30  0.571926  1.030153
2 3  0.525271  0.750490
2 4  0.555157  0.920541
2 5  0.545717  0.856271
2 6  0.568805  0.783858
2 7  0.557990  0.746163
2 8  0.591755  1.037286
2 9  0.576607  0.847253
2 10  0.584828  0.918704
2 11  0.587212  0.870997
2 12  0.591308  1.022307
2 13  0.587589  0.885260
2 14  0.573545  0.880575
2 15  0.577622  0.903856
2 16  0.561011  0.861708
2 17  0.284117  0.554547
2 18  0.519091  0.715074
2 19  0.554074  0.968651
2 20  0.561668  0.862615
2 21  0.561426  0.747263
2 22  0.568306  0.789954
2 23  0.556793  0.872461
2 24  0.587073  0.843623
2 25  0.591387  1.025294
2 26  0.591704  1.025836
2 27  0.585713  0.841867
2 28  0.588701  0.907845
2 29  0.583088  0.919144
2 30  0.584125  0.918234
3 4  0.565959  0.961188
3 5  0.556442  0.889997
3 6  0.579534  0.820115
3 7  0.568721  0.783340
3 8  0.602478  1.067901
3 9  0.590245  0.881159
3 10  0.595551  0.957962
3 11  0.597939  0.906332
3 12  0.602377  1.063220
3 13  0.598320  0.922257
3 14  0.574677  0.888615
3 15  0.591465  0.956455
3 16  0.569912  0.899816
3 17  0.525135  0.776607
3 18  0.288053  0.547582
3 19  0.565176  1.005963
3 20  0.572314  0.900056
3 21  0.572159  0.784864
3 22  0.579050  0.827542
3 23  0.575183  0.916908
3 24  0.597806  0.881124
3 25  0.602136  1.062764
3 26  0.602304  1.063394
3 27  0.593436  0.882109
3 28  0.599455  0.945354
3 29  0.592944  0.951500
3 30  0.594824  0.955675
4 5  0.540637  1.031822
4 6  0.566075  0.961713
4 7  0.555189  0.920633
4 8  0.558252  1.172908
4 9  0.584422  1.047725
4 10  0.580071  1.062906
4 11  0.584295  1.047932
4 12  0.558542  1.173131
4 13  0.584513  1.053603
4 14  0.584644  1.054420
4 15  0.580213  1.063952
4 16  0.557797  1.032491
4 17  0.565233  0.968261
4 18  0.558491  0.924989
4 19  0.284798  0.996772
4 20  0.558146  1.032582
4 21  0.558431  0.924801
4 22  0.564924  0.967434
4 23  0.585318  1.083938
4 24  0.584262  1.020678
4 25  0.553420  1.160572
4 26  0.553655  1.160874
4 27  0.584609  1.022497
4 28  0.585430  1.084294
4 29  0.580322  1.095664
4 30  0.579878  1.094840
5 6  0.555141  0.878658
5 7  0.544834  0.851388
5 8  0.558610  1.097530
5 9  0.575067  0.971939
5 10  0.568906  1.031767
5 11  0.557907  0.928259
5 12  0.576128  1.112707
5 13  0.571016  0.978392
5 14  0.575478  0.994539
5 15  0.572723  1.033781
5 16  0.546711  0.974591
5 17  0.556404  0.903388
5 18  0.549204  0.860166
5 19  0.541555  1.072777
5 20  0.263241  0.768820
5 21  0.548394  0.859925
5 22  0.555980  0.901013
5 23  0.576235  1.019708
5 24  0.554692  0.950084
5 25  0.557502  1.121169
5 26  0.576527  1.136119
5 27  0.574964  0.957813
5 28  0.571426  1.011953
5 29  0.572302  1.030759
5 30  0.570191  1.019840
6 7  0.525397  0.750920
6 8  0.602148  1.063637
6 9  0.598184  0.906652
6 10  0.591415  0.955669
6 11  0.590255  0.881864
6 12  0.602940  1.068474
6 13  0.574604  0.887871
6 14  0.598570  0.923780
6 15  0.595833  0.959838
6 16  0.572073  0.900472
6 17  0.579482  0.828905
6 18  0.572339  0.785584
6 19  0.565293  1.006494
6 20  0.570379  0.900457
6 21  0.288035  0.547891
6 22  0.524947  0.776328
6 23  0.599468  0.945522
6 24  0.593231  0.880819
6 25  0.602200  1.063630
6 26  0.602471  1.063584
6 27  0.598271  0.883489
6 28  0.575132  0.917698
6 29  0.595387  0.957031
6 30  0.592631  0.951083
7 8  0.590995  1.022185
7 9  0.587372  0.870791
7 10  0.577486  0.902726
7 11  0.576435  0.847169
7 12  0.592135  1.037409
7 13  0.573469  0.879687
7 14  0.587755  0.886248
7 15  0.585027  0.920086
7 16  0.561343  0.862519
7 17  0.568653  0.790802
7 18  0.561521  0.747468
7 19  0.554107  0.968669
7 20  0.561397  0.861862
7 21  0.519026  0.714867
7 22  0.283862  0.553703
7 23  0.588630  0.907500
7 24  0.585409  0.840159
7 25  0.591514  1.025564
7 26  0.591636  1.025606
7 27  0.587454  0.845475
7 28  0.557007  0.872658
7 29  0.584601  0.919080
7 30  0.582644  0.918321
8 9  0.620997  1.149166
8 10  0.608971  1.175644
8 11  0.618069  1.129912
8 12  0.606223  1.309374
8 13  0.620492  1.176608
8 14  0.621301  1.156757
8 15  0.617668  1.196608
8 16  0.591919  1.151335
8 17  0.602236  1.081575
8 18  0.595027  1.038563
8 19  0.552727  1.217022
8 20  0.570177  1.132423
8 21  0.595187  1.038738
8 22  0.601398  1.081071
8 23  0.622396  1.197454
8 24  0.616824  1.129072
8 25  0.391339  1.222245
8 26  0.596533  1.252833
8 27  0.621058  1.135599
8 28  0.618654  1.193969
8 29  0.618035  1.206299
8 30  0.611570  1.207447
9 10  0.614131  1.044882
9 11  0.616575  0.991823
9 12  0.618541  1.130002
9 13  0.616951  1.008091
9 14  0.590379  0.989061
9 15  0.577870  1.031613
9 16  0.577511  0.984925
9 17  0.595087  0.911891
9 18  0.589492  0.872718
9 19  0.583703  1.091968
9 20  0.590790  0.987460
9 21  0.590808  0.872547
9 22  0.597699  0.915183
9 23  0.577272  0.972577
9 24  0.616450  0.968577
9 25  0.620671  1.149121
9 26  0.619535  1.150351
9 27  0.421748  0.831978
9 28  0.618103  1.032804
9 29  0.574014  1.018120
9 30  0.613393  1.042974
10 11  0.577606  1.030383
10 12  0.617876  1.195674
10 13  0.586553  1.025470
10 14  0.614568  1.059860
10 15  0.611425  1.079594
10 16  0.588105  1.036199
10 17  0.595428  0.965202
10 18  0.588380  0.922099
10 19  0.579576  1.141486
10 20  0.582223  1.011536
10 21  0.586008  0.916273
10 22  0.590340  0.963612
10 23  0.615247  1.081308
10 24  0.567488  0.957884
10 25  0.606996  1.189846
10 26  0.618486  1.198852
10 27  0.614002  1.019913
10 28  0.586254  1.070205
10 29  0.611432  1.092412
10 30  0.420573  0.975820
11 12  0.621214  1.149465
11 13  0.590116  0.988343
11 14  0.616958  1.009246
11 15  0.614166  1.046398
11 16  0.590309  0.987546
11 17  0.597886  0.916217
11 18  0.590743  0.872941
11 19  0.583573  1.092164
11 20  0.577771  0.985240
11 21  0.589292  0.872726
11 22  0.594635  0.911322
11 23  0.617872  1.032644
11 24  0.420673  0.829836
11 25  0.619152  1.150251
11 26  0.620759  1.149614
11 27  0.616670  0.970605
11 28  0.577335  0.973277
11 29  0.613711  1.043991
11 30  0.573500  1.017289
12 13  0.621517  1.156068
12 14  0.620967  1.177744
12 15  0.609435  1.176952
12 16  0.570208  1.132500
12 17  0.602050  1.082033
12 18  0.595599  1.039057
12 19  0.552941  1.216421
12 20  0.592581  1.151582
12 21  0.595313  1.038511
12 22  0.602273  1.080883
12 23  0.618916  1.193785
12 24  0.621052  1.133922
12 25  0.596765  1.252946
12 26  0.391672  1.222628
12 27  0.617489  1.130853
12 28  0.622847  1.197942
12 29  0.612425  1.208515
12 30  0.617948  1.205717
13 14  0.617340  1.027678
13 15  0.614599  1.060257
13 16  0.590774  1.002756
13 17  0.598254  0.931469
13 18  0.591120  0.888262
13 19  0.583874  1.108606
13 20  0.584884  0.998925
13 21  0.559562  0.853234
13 22  0.576409  0.902493
13 23  0.618191  1.047775
13 24  0.588523  0.967825
13 25  0.617574  1.161109
13 26  0.621475  1.165077
13 27  0.617057  0.985990
13 28  0.467292  0.963976
13 29  0.613900  1.059393
13 30  0.572332  1.005025
14 15  0.586864  1.027611
14 16  0.584654  0.999792
14 17  0.576726  0.904207
14 18  0.559769  0.854326
14 19  0.584010  1.109576
14 20  0.591261  1.003855
14 21  0.591191  0.889060
14 22  0.598073  0.931624
14 23  0.468397  0.965236
14 24  0.616843  0.985151
14 25  0.621387  1.165757
14 26  0.617931  1.162363
14 27  0.589020  0.970871
14 28  0.618425  1.049117
14 29  0.572740  1.006418
14 30  0.613593  1.059553
15 16  0.582105  1.012739
15 17  0.590807  0.965806
15 18  0.586249  0.917876
15 19  0.579746  1.142811
15 20  0.588627  1.037647
15 21  0.588484  0.923256
15 22  0.595281  0.965717
15 23  0.586306  1.071382
15 24  0.613818  1.019429
15 25  0.618436  1.199876
15 26  0.607328  1.191329
15 27  0.567933  0.960950
15 28  0.615513  1.083008
15 29  0.421991  0.978418
15 30  0.611153  1.092920
16 17  0.571123  0.903971
16 18  0.563357  0.851409
16 19  0.554341  1.079696
16 20  0.564275  0.960452
16 21  0.564801  0.860325
16 22  0.571695  0.905308
16 23  0.589157  1.017040
16 24  0.590434  0.953610
16 25  0.591092  1.111808
16 26  0.571226  1.095282
16 27  0.567737  0.906463
16 28  0.592085  1.022663
16 29  0.584522  1.028452
16 30  0.587446  1.032534
17 18  0.527742  0.759553
17 19  0.565018  1.001994
17 20  0.572367  0.906255
17 21  0.572102  0.791914
17 22  0.578993  0.833576
17 23  0.576554  0.914336
17 24  0.597751  0.887288
17 25  0.602292  1.068133
17 26  0.601660  1.051903
17 27  0.592238  0.885313
17 28  0.599395  0.949253
17 29  0.587284  0.928440
17 30  0.594791  0.958691
18 19  0.558019  0.969125
18 20  0.565221  0.860635
18 21  0.564957  0.748311
18 22  0.571850  0.791270
18 23  0.575349  0.899734
18 24  0.590607  0.843549
18 25  0.595195  1.025589
18 26  0.594601  1.014249
18 27  0.582932  0.828407
18 28  0.592250  0.908102
18 29  0.577606  0.901241
18 30  0.587632  0.919316
19 20  0.554728  1.079934
19 21  0.557955  0.968938
19 22  0.564703  1.001155
19 23  0.584273  1.101609
19 24  0.582872  1.059895
19 25  0.558448  1.193384
19 26  0.558699  1.194381
19 27  0.583197  1.061422
19 28  0.584386  1.102075
19 29  0.579022  1.102557
19 30  0.578572  1.101383
20 21  0.563646  0.851327
20 22  0.571163  0.903222
20 23  0.592339  1.022440
20 24  0.567747  0.905081
20 25  0.571264  1.095060
20 26  0.591703  1.112315
20 27  0.591139  0.955479
20 28  0.589592  1.017423
20 29  0.588248  1.033390
20 30  0.584467  1.028014
21 22  0.527375  0.758620
21 23  0.592084  0.907572
21 24  0.582529  0.826293
21 25  0.594312  1.013892
21 26  0.595353  1.025669
21 27  0.590892  0.845170
21 28  0.575200  0.899696
21 29  0.588013  0.919982
21 30  0.577261  0.900744
22 23  0.598977  0.948067
22 24  0.591516  0.882519
22 25  0.601113  1.050774
22 26  0.602197  1.067596
22 27  0.597784  0.888257
22 28  0.576451  0.914359
22 29  0.594920  0.958745
22 30  0.586519  0.926867
23 24  0.617711  1.004681
23 25  0.621958  1.165675
23 26  0.620767  1.176468
23 27  0.592726  0.977630
23 28  0.619356  1.064823
23 29  0.589740  1.039592
23 30  0.614768  1.068718
24 25  0.618906  1.116544
24 26  0.620651  1.105826
24 27  0.616513  0.941666
24 28  0.592524  0.976411
24 29  0.613664  1.014409
24 30  0.574194  1.002656
25 26  0.606205  1.294303
25 27  0.620765  1.106985
25 28  0.620658  1.176612
25 29  0.617146  1.187135
25 30  0.607952  1.135838
26 27  0.619466  1.118683
26 28  0.622280  1.166136
26 29  0.608560  1.136282
26 30  0.616899  1.186251
27 28  0.618161  1.006866
27 29  0.575030  1.005343
27 30  0.613569  1.015399
28 29  0.615318  1.069862
28 30  0.589442  1.038820
29 30  0.610092  1.073275
