  -1146.51172999
  -1146.87078163    -1146.74220729
0.00008580960962
2 2 2 2 2 2 2 2 2 2 2 2 2 2 2 0 0 0 0 0 0 0 0 0 0 0 0 0 0 0 
1  0.263240  0.537662
2  0.277465  0.427130
3  0.287933  0.482825
4  0.266053  0.530161
5  0.262712  0.421637
6  0.261191  0.348638
7  0.277328  0.302561
8  0.277137  0.304220
9  0.304288  0.599838
10  0.307590  0.660653
11  0.296590  0.458478
12  0.293045  0.601419
13  0.305095  0.659589
14  0.298134  0.364049
15  0.300960  0.646607
16  0.277875  0.554901
17  0.288243  0.487329
18  0.280751  0.432009
19  0.269842  0.567889
20  0.270395  0.434893
21  0.268497  0.360787
22  0.276020  0.298934
23  0.279057  0.309706
24  0.306403  0.669648
25  0.307218  0.665493
26  0.296633  0.466982
27  0.295479  0.577107
28  0.304001  0.587626
29  0.299123  0.607067
30  0.299353  0.358960
1 2  0.539882  0.953527
1 3  0.549793  0.990381
1 4  0.527334  1.059450
1 5  0.525410  0.943605
1 6  0.524414  0.882954
1 7  0.540553  0.839966
1 8  0.540356  0.841654
1 9  0.551013  1.056362
1 10  0.548410  1.145329
1 11  0.559748  0.994765
1 12  0.553655  1.096849
1 13  0.564294  1.162579
1 14  0.561336  0.898070
1 15  0.560632  1.180332
1 16  0.255964  0.911290
1 17  0.551364  1.022108
1 18  0.543366  0.968521
1 19  0.532437  1.094146
1 20  0.531633  0.971538
1 21  0.531729  0.897926
1 22  0.539243  0.836550
1 23  0.542240  0.847301
1 24  0.564801  1.193208
1 25  0.547604  1.175735
1 26  0.559319  1.002951
1 27  0.555969  1.112225
1 28  0.547542  1.118957
1 29  0.560701  1.130900
1 30  0.562495  0.896442
2 3  0.521836  0.880044
2 4  0.543444  0.953096
2 5  0.540171  0.845641
2 6  0.538653  0.775470
2 7  0.554781  0.729671
2 8  0.554596  0.731312
2 9  0.571599  0.992985
2 10  0.584311  1.065853
2 11  0.574046  0.882883
2 12  0.570498  1.027133
2 13  0.568015  1.079794
2 14  0.575593  0.791089
2 15  0.571330  1.044974
2 16  0.555049  0.980358
2 17  0.281052  0.699851
2 18  0.515509  0.825676
2 19  0.546980  0.993969
2 20  0.547836  0.861552
2 21  0.545953  0.787735
2 22  0.553456  0.726039
2 23  0.556513  0.736809
2 24  0.551795  1.054934
2 25  0.584503  1.090874
2 26  0.574094  0.893620
2 27  0.572752  1.003239
2 28  0.579849  1.008902
2 29  0.575110  1.032961
2 30  0.576814  0.786007
3 4  0.553968  1.010784
3 5  0.550638  0.899285
3 6  0.549122  0.830670
3 7  0.565253  0.785319
3 8  0.565063  0.786964
3 9  0.584584  1.035637
3 10  0.595090  1.128912
3 11  0.584511  0.940360
3 12  0.580950  1.072962
3 13  0.569286  1.088006
3 14  0.586058  0.846011
3 15  0.584751  1.124360
3 16  0.563848  1.036103
3 17  0.521721  0.909834
3 18  0.284468  0.699933
3 19  0.557675  1.049108
3 20  0.558206  0.916940
3 21  0.556430  0.843366
3 22  0.563926  0.781731
3 23  0.566977  0.792490
3 24  0.569950  1.117936
3 25  0.594848  1.146294
3 26  0.584545  0.949191
3 27  0.583183  1.058341
3 28  0.587418  1.069015
3 29  0.584838  1.082132
3 30  0.587282  0.841666
4 5  0.525684  0.945617
4 6  0.526818  0.870118
4 7  0.543335  0.831496
4 8  0.543148  0.833508
4 9  0.570161  1.126284
4 10  0.544267  1.153046
4 11  0.559245  0.961293
4 12  0.534662  1.092678
4 13  0.570833  1.165723
4 14  0.564141  0.893531
4 15  0.565349  1.133746
4 16  0.543273  1.075211
4 17  0.553723  1.016215
4 18  0.546553  0.961246
4 19  0.267799  0.935589
4 20  0.535557  0.957914
4 21  0.533239  0.890463
4 22  0.542001  0.829052
4 23  0.545099  0.839811
4 24  0.571872  1.195430
4 25  0.539997  1.149433
4 26  0.561230  0.996153
4 27  0.530212  1.070414
4 28  0.569965  1.115304
4 29  0.563455  1.134507
4 30  0.565046  0.888850
5 6  0.521568  0.766266
5 7  0.539905  0.724046
5 8  0.539400  0.724282
5 9  0.566957  1.010613
5 10  0.566040  1.048937
5 11  0.534086  0.858162
5 12  0.533202  0.991103
5 13  0.567795  1.077115
5 14  0.558293  0.775697
5 15  0.563605  1.065399
5 16  0.539016  0.975588
5 17  0.550952  0.908310
5 18  0.543449  0.853127
5 19  0.531705  0.982807
5 20  0.261107  0.648304
5 21  0.530508  0.777416
5 22  0.538221  0.720054
5 23  0.540439  0.730634
5 24  0.568983  1.089739
5 25  0.567957  1.085485
5 26  0.529414  0.856619
5 27  0.529525  0.967843
5 28  0.566535  1.008163
5 29  0.561797  1.027714
5 30  0.560518  0.779951
6 7  0.532779  0.642582
6 8  0.534323  0.648519
6 9  0.565476  0.947206
6 10  0.568701  1.008553
6 11  0.533998  0.780393
6 12  0.551564  0.930356
6 13  0.566285  1.003783
6 14  0.539972  0.693749
6 15  0.562095  0.990158
6 16  0.539037  0.903094
6 17  0.549381  0.835710
6 18  0.541921  0.780495
6 19  0.529397  0.915884
6 20  0.530916  0.779308
6 21  0.251832  0.466805
6 22  0.534349  0.645670
6 23  0.539262  0.656163
6 24  0.567517  1.017499
6 25  0.567776  1.012611
6 26  0.527707  0.785900
6 27  0.554904  0.925075
6 28  0.565152  0.935776
6 29  0.560272  0.955106
6 30  0.534337  0.683622
7 8  0.507697  0.565088
7 9  0.581586  0.902258
7 10  0.584859  0.963074
7 11  0.571627  0.756943
7 12  0.570239  0.901949
7 13  0.582410  0.961982
7 14  0.546790  0.642128
7 15  0.578006  0.949020
7 16  0.555160  0.857401
7 17  0.565556  0.789862
7 18  0.558054  0.734548
7 19  0.546689  0.870313
7 20  0.547368  0.736897
7 21  0.541306  0.660443
7 22  0.277233  0.339898
7 23  0.502696  0.560428
7 24  0.583729  0.972134
7 25  0.584409  0.967976
7 26  0.573204  0.768831
7 27  0.572006  0.879354
7 28  0.581263  0.890113
7 29  0.576208  0.909577
7 30  0.538399  0.624391
8 9  0.581399  0.903938
8 10  0.584688  0.963773
8 11  0.569817  0.754793
8 12  0.570098  0.905559
8 13  0.582226  0.963692
8 14  0.545147  0.642106
8 15  0.577933  0.950727
8 16  0.555010  0.859064
8 17  0.565376  0.791519
8 18  0.557881  0.736203
8 19  0.546871  0.872036
8 20  0.546028  0.738131
8 21  0.544412  0.663142
8 22  0.503172  0.556206
8 23  0.277707  0.352015
8 24  0.583539  0.973785
8 25  0.584353  0.969632
8 26  0.572408  0.770488
8 27  0.571864  0.880889
8 28  0.581094  0.891758
8 29  0.576081  0.911224
8 30  0.535897  0.622404
9 10  0.608805  1.219209
9 11  0.600858  1.056082
9 12  0.597201  1.180284
9 13  0.583161  1.222518
9 14  0.602383  0.962493
9 15  0.569376  1.229518
9 16  0.569012  1.152021
9 17  0.589784  1.080529
9 18  0.583708  1.030673
9 19  0.573937  1.163399
9 20  0.574326  1.033422
9 21  0.572770  0.960140
9 22  0.580229  0.898723
9 23  0.583321  0.909478
9 24  0.570656  1.186190
9 25  0.609735  1.260288
9 26  0.600838  1.065785
9 27  0.599314  1.173915
9 28  0.410876  1.074227
9 29  0.564331  1.179491
9 30  0.603640  0.958572
10 11  0.602412  1.098729
10 12  0.584685  1.244670
10 13  0.611762  1.314135
10 14  0.605669  1.022673
10 15  0.598557  1.252861
10 16  0.558966  1.181938
10 17  0.595169  1.145710
10 18  0.588287  1.091355
10 19  0.542244  1.177286
10 20  0.575188  1.093674
10 21  0.575850  1.019936
10 22  0.583598  0.959489
10 23  0.586511  0.970218
10 24  0.610317  1.319662
10 25  0.378697  1.233369
10 26  0.603871  1.126348
10 27  0.578919  1.189514
10 28  0.607534  1.233212
10 29  0.600504  1.264131
10 30  0.606578  1.019214
11 12  0.577908  1.048137
11 13  0.601664  1.114579
11 14  0.583171  0.815097
11 15  0.597462  1.092548
11 16  0.574255  1.011842
11 17  0.584751  0.945101
11 18  0.577326  0.890087
11 19  0.564283  1.025348
11 20  0.536216  0.855510
11 21  0.534818  0.791669
11 22  0.572066  0.757063
11 23  0.573887  0.767115
11 24  0.602804  1.126331
11 25  0.603484  1.122701
11 26  0.357905  0.761998
11 27  0.572288  1.005893
11 28  0.600503  1.045126
11 29  0.595509  1.064161
11 30  0.577349  0.796755
12 13  0.597950  1.228704
12 14  0.590194  0.955414
12 15  0.593297  1.231144
12 16  0.568209  1.153300
12 17  0.581117  1.087113
12 18  0.573598  1.032198
12 19  0.532784  1.132321
12 20  0.535251  1.006290
12 21  0.559485  0.960995
12 22  0.568533  0.900056
12 23  0.571793  0.910774
12 24  0.599424  1.266250
12 25  0.575262  1.216591
12 26  0.570084  1.036521
12 27  0.363218  1.068641
12 28  0.596886  1.185095
12 29  0.591787  1.204539
12 30  0.592244  0.960261
13 14  0.603219  1.020888
13 15  0.579116  1.244318
13 16  0.576289  1.206369
13 17  0.571129  1.110093
13 18  0.554228  1.050700
13 19  0.574698  1.223508
13 20  0.575232  1.092807
13 21  0.573536  1.019692
13 22  0.581106  0.958465
13 23  0.584146  0.969198
13 24  0.458622  1.273009
13 25  0.608618  1.311896
13 26  0.601517  1.124942
13 27  0.600520  1.231938
13 28  0.581507  1.232161
13 29  0.564432  1.192135
13 30  0.604447  1.018255
14 15  0.598854  1.008814
14 16  0.575926  0.918740
14 17  0.586370  0.851243
14 18  0.578885  0.795960
14 19  0.567773  0.931633
14 20  0.566297  0.797927
14 21  0.539682  0.697611
14 22  0.535648  0.624337
14 23  0.539075  0.637324
14 24  0.604515  1.033329
14 25  0.605033  1.029127
14 26  0.575102  0.810671
14 27  0.593383  0.941031
14 28  0.602054  0.951388
14 29  0.597105  0.970751
14 30  0.367073  0.526418
15 16  0.572470  1.164743
15 17  0.584608  1.132041
15 18  0.579687  1.070069
15 19  0.568568  1.209937
15 20  0.571323  1.080029
15 21  0.569397  1.006611
15 22  0.576528  0.945199
15 23  0.579946  0.956181
15 24  0.578856  1.303757
15 25  0.595583  1.298842
15 26  0.597356  1.111744
15 27  0.596012  1.220741
15 28  0.559569  1.156676
15 29  0.410326  1.154246
15 30  0.600305  1.005291
16 17  0.565223  1.036779
16 18  0.557161  0.964365
16 19  0.544669  1.113921
16 20  0.547567  0.973981
16 21  0.546364  0.913813
16 22  0.553870  0.853695
16 23  0.556909  0.863796
16 24  0.581458  1.207973
16 25  0.560360  1.171395
16 26  0.574318  1.019877
16 27  0.570488  1.095811
16 28  0.559348  1.056547
16 29  0.573441  1.149338
16 30  0.577209  0.911012
17 18  0.524505  0.890756
17 19  0.557919  1.041284
17 20  0.558629  0.919658
17 21  0.556737  0.846393
17 22  0.564259  0.786188
17 23  0.567299  0.796878
17 24  0.571875  1.104656
17 25  0.594550  1.124455
17 26  0.584865  0.948735
17 27  0.583695  1.061682
17 28  0.586509  1.068839
17 29  0.579463  1.041244
17 30  0.587593  0.846134
18 19  0.550551  0.998612
18 20  0.551138  0.862784
18 21  0.549245  0.792624
18 22  0.556769  0.730823
18 23  0.559809  0.741465
18 24  0.570156  1.091402
18 25  0.587174  1.080038
18 26  0.577375  0.897264
18 27  0.576221  1.005194
18 28  0.576922  0.987443
18 29  0.569894  1.013521
18 30  0.580103  0.790685
19 20  0.535884  0.995497
19 21  0.537621  0.915980
19 22  0.545808  0.865616
19 23  0.548856  0.876575
19 24  0.575440  1.196828
19 25  0.548512  1.183541
19 26  0.562630  1.001196
19 27  0.539838  1.100578
19 28  0.573129  1.141564
19 29  0.567149  1.138366
19 30  0.569106  0.926098
20 21  0.535364  0.791895
20 22  0.546139  0.733578
20 23  0.548773  0.741606
20 24  0.576772  1.102563
20 25  0.572997  1.066127
20 26  0.541082  0.876783
20 27  0.541328  0.980150
20 28  0.574367  1.016176
20 29  0.569451  1.036051
20 30  0.566679  0.783456
21 22  0.538434  0.651355
21 23  0.542563  0.665585
21 24  0.574892  1.024929
21 25  0.575497  1.023591
21 26  0.540548  0.797422
21 27  0.560944  0.918929
21 28  0.572496  0.946119
21 29  0.567567  0.963267
21 30  0.546288  0.699971
22 23  0.508134  0.566579
22 24  0.582408  0.968526
22 25  0.583155  0.963492
22 26  0.569120  0.760135
22 27  0.571389  0.875365
22 28  0.580003  0.886473
22 29  0.575120  0.905668
22 30  0.546866  0.634315
23 24  0.585456  0.979264
23 25  0.586206  0.972698
23 26  0.571400  0.767582
23 27  0.574428  0.886577
23 28  0.583054  0.897067
23 29  0.578160  0.916354
23 30  0.547818  0.640973
24 25  0.611661  1.315204
24 26  0.602985  1.128375
24 27  0.601620  1.221582
24 28  0.585476  1.205274
24 29  0.580703  1.224439
24 30  0.605749  1.027255
25 26  0.601017  1.101799
25 27  0.587984  1.231886
25 28  0.609219  1.241986
25 29  0.595979  1.190171
25 30  0.606501  1.022907
26 27  0.581886  1.033224
26 28  0.600613  1.053228
26 29  0.595687  1.059571
26 30  0.585399  0.818783
27 28  0.599142  1.138103
27 29  0.593973  1.177167
27 30  0.593313  0.926317
28 29  0.565071  1.180708
28 30  0.603335  0.945173
29 30  0.598403  0.965595
