  -1146.51172999
  -1146.87250429    -1146.74609738
0.00001216859608
2 2 2 2 2 2 2 2 2 2 2 2 2 2 2 0 0 0 0 0 0 0 0 0 0 0 0 0 0 0 
1  0.267861  0.541891
2  0.279393  0.424528
3  0.289885  0.478955
4  0.269774  0.538274
5  0.265831  0.435142
6  0.263077  0.363289
7  0.279287  0.309599
8  0.278508  0.310819
9  0.309113  0.593931
10  0.312763  0.666000
11  0.300094  0.474662
12  0.297100  0.616015
13  0.308606  0.645816
14  0.300467  0.376556
15  0.306815  0.641986
16  0.282682  0.558403
17  0.290126  0.482675
18  0.282817  0.429415
19  0.273618  0.577047
20  0.273643  0.448861
21  0.270363  0.375749
22  0.277959  0.305243
23  0.280363  0.316753
24  0.309940  0.657194
25  0.312409  0.671419
26  0.300007  0.483883
27  0.299613  0.591208
28  0.308644  0.579909
29  0.304943  0.602674
30  0.301428  0.369610
1 2  0.546318  0.955045
1 3  0.556285  0.991019
1 4  0.535556  1.071624
1 5  0.533059  0.959896
1 6  0.530908  0.901147
1 7  0.547127  0.851030
1 8  0.546340  0.852407
1 9  0.559441  1.054973
1 10  0.557776  1.153881
1 11  0.567856  1.015009
1 12  0.562109  1.114216
1 13  0.572224  1.153942
1 14  0.568282  0.913889
1 15  0.570986  1.180197
1 16  0.264004  0.917011
1 17  0.557869  1.021617
1 18  0.549920  0.970315
1 19  0.540778  1.107910
1 20  0.539315  0.989689
1 21  0.538215  0.916952
1 22  0.545803  0.847075
1 23  0.548142  0.858560
1 24  0.572825  1.185643
1 25  0.557318  1.187071
1 26  0.567274  1.023845
1 27  0.564672  1.130505
1 28  0.556256  1.115208
1 29  0.571077  1.131538
1 30  0.569179  0.911279
2 3  0.525580  0.873234
2 4  0.549070  0.958289
2 5  0.545207  0.855979
2 6  0.542463  0.787446
2 7  0.558667  0.734089
2 8  0.557879  0.735305
2 9  0.578078  0.985023
2 10  0.591292  1.067866
2 11  0.579467  0.895837
2 12  0.576476  1.039161
2 13  0.573538  1.063536
2 14  0.579850  0.800975
2 15  0.578894  1.038249
2 16  0.561760  0.981249
2 17  0.284568  0.689994
2 18  0.519596  0.821846
2 19  0.552503  1.000636
2 20  0.553002  0.872919
2 21  0.549734  0.800081
2 22  0.557298  0.729719
2 23  0.559736  0.741244
2 24  0.557389  1.041644
2 25  0.591574  1.094396
2 26  0.579389  0.907902
2 27  0.578698  1.014790
2 28  0.586385  0.998941
2 29  0.582805  1.026212
2 30  0.580811  0.794048
3 4  0.559637  1.015165
3 5  0.555698  0.907977
3 6  0.552957  0.841196
3 7  0.569151  0.788375
3 8  0.568369  0.789667
3 9  0.591185  1.027618
3 10  0.602157  1.129724
3 11  0.589959  0.952535
3 12  0.586956  1.082905
3 13  0.574786  1.072240
3 14  0.590345  0.854314
3 15  0.592445  1.115922
3 16  0.570401  1.035945
3 17  0.525747  0.904493
3 18  0.288118  0.690971
3 19  0.563376  1.054353
3 20  0.563354  0.927033
3 21  0.560248  0.854415
3 22  0.567791  0.784153
3 23  0.570227  0.795655
3 24  0.575511  1.103313
3 25  0.601983  1.148467
3 26  0.589863  0.962199
3 27  0.589159  1.068663
3 28  0.593934  1.057636
3 29  0.592593  1.074116
3 30  0.591307  0.848426
4 5  0.532334  0.966801
4 6  0.532384  0.891422
4 7  0.549013  0.846377
4 8  0.548220  0.848042
4 9  0.578664  1.128599
4 10  0.552827  1.166266
4 11  0.566226  0.983264
4 12  0.542288  1.113916
4 13  0.578008  1.160027
4 14  0.570187  0.913970
4 15  0.574706  1.136583
4 16  0.551730  1.087040
4 17  0.559184  1.019803
4 18  0.552276  0.966745
4 19  0.274963  0.954064
4 20  0.542464  0.980008
4 21  0.538695  0.913499
4 22  0.547649  0.843465
4 23  0.550126  0.854949
4 24  0.579073  1.191487
4 25  0.548800  1.164983
4 26  0.568301  1.021094
4 27  0.538067  1.093674
4 28  0.578309  1.115827
4 29  0.572886  1.138347
4 30  0.570815  0.907532
5 6  0.526488  0.793876
5 7  0.544970  0.744504
5 8  0.543877  0.744126
5 9  0.574898  1.017191
5 10  0.574042  1.065683
5 11  0.540470  0.887450
5 12  0.540134  1.017444
5 13  0.574424  1.076586
5 14  0.563629  0.800220
5 15  0.572561  1.074241
5 16  0.546777  0.992568
5 17  0.555954  0.917157
5 18  0.548622  0.864034
5 19  0.538540  1.005401
5 20  0.266753  0.678222
5 21  0.535448  0.805571
5 22  0.543267  0.739791
5 23  0.544781  0.751171
5 24  0.575611  1.090851
5 25  0.576208  1.104834
5 26  0.535778  0.887346
5 27  0.536687  0.996051
5 28  0.574288  1.013948
5 29  0.570732  1.036802
5 30  0.565690  0.804165
6 7  0.536565  0.663524
6 8  0.537517  0.669548
6 9  0.572184  0.955745
6 10  0.575754  1.028392
6 11  0.539332  0.809995
6 12  0.557408  0.956542
6 13  0.571680  1.003545
6 14  0.544073  0.720391
6 15  0.569823  0.999112
6 16  0.545715  0.921118
6 17  0.553109  0.845687
6 18  0.545853  0.792537
6 19  0.534926  0.939643
6 20  0.536010  0.807606
6 21  0.255105  0.499595
6 22  0.538128  0.666770
6 23  0.542428  0.677684
6 24  0.572924  1.019596
6 25  0.574806  1.032819
6 26  0.532911  0.817588
6 27  0.560901  0.953842
6 28  0.571681  0.942635
6 29  0.567969  0.965286
6 30  0.538215  0.709398
7 8  0.511087  0.579660
7 9  0.588362  0.903234
7 10  0.591972  0.975458
7 11  0.577033  0.779710
7 12  0.576239  0.922964
7 13  0.587841  0.955097
7 14  0.551323  0.662268
7 15  0.585567  0.951293
7 16  0.561927  0.867912
7 17  0.569384  0.792242
7 18  0.562058  0.738977
7 19  0.552363  0.886490
7 20  0.552592  0.757803
7 21  0.545082  0.682658
7 22  0.281082  0.355585
7 23  0.506079  0.575412
7 24  0.589217  0.966671
7 25  0.591499  0.980919
7 26  0.578482  0.792704
7 27  0.578024  0.900479
7 28  0.587815  0.889319
7 29  0.583813  0.912137
7 30  0.542561  0.642642
8 9  0.587583  0.904611
8 10  0.591215  0.975498
8 11  0.574619  0.776721
8 12  0.575515  0.926729
8 13  0.587111  0.956467
8 14  0.548928  0.661522
8 15  0.585079  0.952599
8 16  0.561186  0.869151
8 17  0.568621  0.793455
8 18  0.561282  0.740182
8 19  0.551997  0.887776
8 20  0.550581  0.758641
8 21  0.547623  0.684633
8 22  0.506611  0.570040
8 23  0.280302  0.367966
8 24  0.588446  0.967904
8 25  0.590913  0.982132
8 26  0.577162  0.794013
8 27  0.577338  0.901529
8 28  0.587077  0.890553
8 29  0.583207  0.913365
8 30  0.539424  0.639869
9 10  0.618731  1.218679
9 11  0.609174  1.066087
9 12  0.606060  1.188868
9 13  0.591345  1.204621
9 14  0.609500  0.968861
9 15  0.579614  1.219344
9 16  0.578089  1.149539
9 17  0.596427  1.070296
9 18  0.590533  1.022392
9 19  0.582487  1.166635
9 20  0.582352  1.041475
9 21  0.579460  0.969081
9 22  0.586960  0.899082
9 23  0.589438  0.910601
9 24  0.578840  1.172715
9 25  0.619677  1.260871
9 26  0.609030  1.076753
9 27  0.608250  1.182176
9 28  0.419468  1.057581
9 29  0.574435  1.169764
9 30  0.610538  0.963215
10 11  0.610868  1.118255
10 12  0.593656  1.263970
10 13  0.620402  1.306440
10 14  0.613175  1.040168
10 15  0.609023  1.254337
10 16  0.568807  1.192175
10 17  0.602165  1.146686
10 18  0.595524  1.094283
10 19  0.551131  1.193196
10 20  0.583548  1.112910
10 21  0.582865  1.039898
10 22  0.590704  0.971114
10 23  0.592958  0.982571
10 24  0.618858  1.312719
10 25  0.388509  1.245088
10 26  0.612366  1.148536
10 27  0.588018  1.208806
10 28  0.617290  1.231767
10 29  0.611197  1.265274
10 30  0.613773  1.035153
11 12  0.585224  1.078056
11 13  0.608673  1.116690
11 14  0.588858  0.843838
11 15  0.606802  1.102894
11 16  0.582542  1.031320
11 17  0.590104  0.956602
11 18  0.582895  0.903668
11 19  0.571514  1.050594
11 20  0.542801  0.885777
11 21  0.540110  0.823044
11 22  0.577475  0.779525
11 23  0.578677  0.790381
11 24  0.609804  1.130046
11 25  0.612128  1.144747
11 26  0.364401  0.799962
11 27  0.579700  1.035703
11 28  0.608658  1.053577
11 29  0.604781  1.075922
11 30  0.582790  0.823130
12 13  0.605488  1.228477
12 14  0.596487  0.980466
12 15  0.603035  1.240461
12 16  0.576973  1.171339
12 17  0.587010  1.097116
12 18  0.579641  1.044254
12 19  0.540610  1.157435
12 20  0.542485  1.035278
12 21  0.565385  0.990566
12 22  0.574465  0.920919
12 23  0.577130  0.932326
12 24  0.607009  1.268730
12 25  0.584285  1.236830
12 26  0.577263  1.067662
12 27  0.371028  1.100513
12 28  0.605570  1.192182
12 29  0.601585  1.214641
12 30  0.598349  0.985482
13 14  0.609051  1.018869
13 15  0.588153  1.228735
13 16  0.584536  1.196403
13 17  0.576599  1.093678
13 18  0.559874  1.035982
13 19  0.581925  1.219238
13 20  0.581941  1.093069
13 21  0.578900  1.020789
13 22  0.586529  0.950995
13 23  0.588958  0.962456
13 24  0.465425  1.244148
13 25  0.617067  1.304399
13 26  0.608345  1.128080
13 27  0.608157  1.232540
13 28  0.589473  1.211116
13 29  0.573318  1.178100
13 30  0.610033  1.015079
14 15  0.606931  1.015918
14 16  0.583056  0.934701
14 17  0.590568  0.859082
14 18  0.583280  0.805861
14 19  0.573867  0.953212
14 20  0.571849  0.824487
14 21  0.543846  0.725429
14 22  0.540062  0.643543
14 23  0.542772  0.657294
14 24  0.610389  1.033327
14 25  0.612474  1.047473
14 26  0.580703  0.839789
14 27  0.599821  0.967619
14 28  0.608995  0.956031
14 29  0.605247  0.978705
14 30  0.371461  0.553758
15 16  0.583106  1.165716
15 17  0.592277  1.122991
15 18  0.587540  1.063133
15 19  0.578118  1.214864
15 20  0.580419  1.089323
15 21  0.577109  1.016855
15 22  0.584226  0.946459
15 23  0.587073  0.958506
15 24  0.587798  1.286934
15 25  0.606411  1.300214
15 26  0.606555  1.123971
15 27  0.605926  1.230363
15 28  0.569628  1.147952
15 29  0.421126  1.142963
15 30  0.608231  1.011261
16 17  0.571869  1.035461
16 18  0.563958  0.965455
16 19  0.553047  1.126369
16 20  0.555499  0.989972
16 21  0.553031  0.931973
16 22  0.560612  0.863465
16 23  0.563018  0.874030
16 24  0.589744  1.200019
16 25  0.569917  1.179613
16 26  0.582461  1.039972
16 27  0.579204  1.112311
16 28  0.567877  1.053638
16 29  0.583980  1.149114
16 30  0.584085  0.924544
17 18  0.528342  0.883213
17 19  0.563549  1.045021
17 20  0.563754  0.928553
17 21  0.560485  0.856241
17 22  0.568075  0.787826
17 23  0.570488  0.799172
17 24  0.577268  1.089548
17 25  0.601524  1.125147
17 26  0.590115  0.959834
17 27  0.589701  1.071126
17 28  0.592912  1.056486
17 29  0.587010  1.034082
17 30  0.591552  0.852126
18 19  0.556385  1.005195
18 20  0.556442  0.873407
18 21  0.553176  0.804964
18 22  0.560769  0.734471
18 23  0.563178  0.745764
18 24  0.575910  1.076529
18 25  0.594356  1.082721
18 26  0.582805  0.911242
18 27  0.582421  1.016477
18 28  0.583494  0.978382
18 29  0.577335  1.006715
18 30  0.584243  0.798634
19 20  0.542739  1.018163
19 21  0.543209  0.938084
19 22  0.551517  0.880832
19 23  0.553925  0.892504
19 24  0.582631  1.192901
19 25  0.557145  1.197861
19 26  0.569564  1.024500
19 27  0.547532  1.121956
19 28  0.581440  1.143222
19 29  0.576553  1.142347
19 30  0.574954  0.945769
20 21  0.540351  0.820426
20 22  0.551310  0.753813
20 23  0.553287  0.761977
20 24  0.583553  1.104099
20 25  0.581150  1.083824
20 26  0.547459  0.906806
20 27  0.548485  1.006870
20 28  0.582253  1.021940
20 29  0.578503  1.045432
20 30  0.571899  0.806609
21 22  0.542191  0.672105
21 23  0.545693  0.687430
21 24  0.580295  1.026152
21 25  0.582534  1.043953
21 26  0.545676  0.827616
21 27  0.566871  0.945420
21 28  0.579004  0.953044
21 29  0.575234  0.972736
21 30  0.550124  0.725384
22 23  0.511439  0.580811
22 24  0.587857  0.962363
22 25  0.590256  0.975580
22 26  0.574335  0.782687
22 27  0.577458  0.895629
22 28  0.586554  0.884973
22 29  0.582856  0.907440
22 30  0.551053  0.651957
23 24  0.590299  0.973837
23 25  0.592696  0.984896
23 26  0.576020  0.790348
23 27  0.579854  0.907641
23 28  0.589001  0.896264
23 29  0.585271  0.918842
23 30  0.551241  0.658858
24 25  0.620322  1.309580
24 26  0.609885  1.131776
24 27  0.609223  1.222118
24 28  0.593447  1.187744
24 29  0.589652  1.208861
24 30  0.611360  1.025285
25 26  0.609280  1.121353
25 27  0.597046  1.251523
25 28  0.618975  1.240542
25 29  0.606369  1.192483
25 30  0.613766  1.039139
26 27  0.589232  1.063609
26 28  0.608623  1.062407
26 29  0.604873  1.070791
26 30  0.590725  0.846242
27 28  0.607860  1.144103
27 29  0.603789  1.186437
27 30  0.599405  0.949373
28 29  0.575291  1.169072
28 30  0.610036  0.947976
29 30  0.606232  0.971640
