  -1146.51172999
  -1146.87272996    -1146.74666606
0.00000374216662
2 2 2 2 2 2 2 2 2 2 2 2 2 2 2 0 0 0 0 0 0 0 0 0 0 0 0 0 0 0 
1  0.268507  0.542484
2  0.279618  0.424023
3  0.290135  0.478106
4  0.270377  0.539964
5  0.266416  0.438125
6  0.263357  0.366718
7  0.279717  0.311400
8  0.278782  0.312432
9  0.309757  0.592302
10  0.313563  0.666898
11  0.300680  0.478249
12  0.297774  0.619023
13  0.309063  0.642901
14  0.300906  0.379283
15  0.307624  0.640450
16  0.283363  0.558759
17  0.290355  0.481687
18  0.283111  0.428862
19  0.274225  0.578868
20  0.274237  0.451896
21  0.270642  0.379260
22  0.278394  0.306790
23  0.280628  0.318463
24  0.310383  0.654507
25  0.313191  0.672443
26  0.300579  0.487589
27  0.300305  0.594131
28  0.309271  0.577923
29  0.305776  0.601366
30  0.301832  0.372031
1 2  0.547181  0.955137
1 3  0.557186  0.990895
1 4  0.536781  1.073895
1 5  0.534272  0.963158
1 6  0.531830  0.904976
1 7  0.548201  0.853363
1 8  0.547258  0.854596
1 9  0.560633  1.054180
1 10  0.559147  1.155139
1 11  0.569084  1.019154
1 12  0.563398  1.117559
1 13  0.573318  1.151882
1 14  0.569367  0.916965
1 15  0.572425  1.179314
1 16  0.265136  0.917501
1 17  0.558746  1.021240
1 18  0.550850  0.970387
1 19  0.542020  1.110394
1 20  0.540529  0.993310
1 21  0.539139  0.921013
1 22  0.546883  0.849213
1 23  0.549045  0.860860
1 24  0.573906  1.183700
1 25  0.558723  1.188914
1 26  0.568486  1.028092
1 27  0.566002  1.134017
1 28  0.557465  1.113766
1 29  0.572546  1.130996
1 30  0.570224  0.914286
2 3  0.526013  0.871830
2 4  0.549894  0.959408
2 5  0.546012  0.858301
2 6  0.542968  0.790353
2 7  0.559320  0.735382
2 8  0.558377  0.736409
2 9  0.578934  0.983060
2 10  0.592308  1.068171
2 11  0.580275  0.898731
2 12  0.577373  1.041683
2 13  0.574237  1.060132
2 14  0.580516  0.803193
2 15  0.579922  1.036369
2 16  0.562667  0.981115
2 17  0.284981  0.688082
2 18  0.520112  0.820985
2 19  0.553306  1.001961
2 20  0.553821  0.875450
2 21  0.550232  0.803087
2 22  0.557953  0.730749
2 23  0.560225  0.742446
2 24  0.558067  1.038771
2 25  0.592573  1.094953
2 26  0.580185  0.911100
2 27  0.579592  1.017211
2 28  0.587234  0.996531
2 29  0.583858  1.024443
2 30  0.581439  0.795964
3 4  0.560489  1.016040
3 5  0.556532  0.909889
3 6  0.553486  0.843694
3 7  0.569830  0.789276
3 8  0.568874  0.790425
3 9  0.592066  1.025520
3 10  0.603201  1.129688
3 11  0.590792  0.955233
3 12  0.587882  1.084962
3 13  0.575517  1.068885
3 14  0.591036  0.856080
3 15  0.593498  1.113575
3 16  0.571314  1.035495
3 17  0.526222  0.903192
3 18  0.288631  0.689165
3 19  0.564230  1.055305
3 20  0.564190  0.929220
3 21  0.560776  0.857066
3 22  0.568472  0.784846
3 23  0.570737  0.796513
3 24  0.576218  1.100069
3 25  0.603007  1.148670
3 26  0.590682  0.965052
3 27  0.590073  1.070765
3 28  0.594807  1.054837
3 29  0.593675  1.072044
3 30  0.591959  0.849997
4 5  0.533482  0.971376
4 6  0.533263  0.896200
4 7  0.550044  0.849796
4 8  0.549092  0.851289
4 9  0.579901  1.128680
4 10  0.554168  1.168841
4 11  0.567375  0.988015
4 12  0.543536  1.118315
4 13  0.579057  1.158862
4 14  0.571227  0.918355
4 15  0.576092  1.136739
4 16  0.553003  1.089128
4 17  0.559984  1.020528
4 18  0.553168  0.967870
4 19  0.276153  0.957806
4 20  0.543648  0.984725
4 21  0.539542  0.918692
4 22  0.548682  0.846701
4 23  0.550994  0.858343
4 24  0.580111  1.190573
4 25  0.550159  1.167970
4 26  0.569468  1.026475
4 27  0.539348  1.098470
4 28  0.579534  1.115563
4 29  0.574320  1.138754
4 30  0.571820  0.911625
5 6  0.527345  0.800167
5 7  0.545983  0.749267
5 8  0.544734  0.748671
5 9  0.576125  1.018353
5 10  0.575377  1.069107
5 11  0.541592  0.893942
5 12  0.541350  1.023054
5 13  0.575465  1.076613
5 14  0.564638  0.805614
5 15  0.573951  1.075687
5 16  0.548012  0.995902
5 17  0.556768  0.919151
5 18  0.549499  0.866463
5 19  0.539720  1.010171
5 20  0.267773  0.684768
5 21  0.536308  0.812005
5 22  0.544286  0.744308
5 23  0.545618  0.755864
5 24  0.576633  1.091154
5 25  0.577566  1.108824
5 26  0.536910  0.894120
5 27  0.537940  1.002067
5 28  0.575497  1.014948
5 29  0.572148  1.038474
5 30  0.566672  0.809582
6 7  0.537277  0.668578
6 8  0.538073  0.674547
6 9  0.573109  0.957493
6 10  0.576833  1.032679
6 11  0.540214  0.816710
6 12  0.558348  0.962286
6 13  0.572417  1.003771
6 14  0.544782  0.726442
6 15  0.570910  1.000764
6 16  0.546676  0.924866
6 17  0.553603  0.848125
6 18  0.546424  0.795409
6 19  0.535781  0.944883
6 20  0.536880  0.814009
6 21  0.255589  0.507317
6 22  0.538833  0.671779
6 23  0.542973  0.682796
6 24  0.573647  1.020317
6 25  0.575865  1.037183
6 26  0.533762  0.824782
6 27  0.561864  0.960198
6 28  0.572584  0.944063
6 29  0.569079  0.967396
6 30  0.538887  0.715373
7 8  0.511785  0.583277
7 9  0.589435  0.903374
7 10  0.593197  0.978153
7 11  0.578047  0.785003
7 12  0.577341  0.927620
7 13  0.588701  0.953870
7 14  0.552242  0.666894
7 15  0.586736  0.951488
7 16  0.563035  0.870064
7 17  0.570038  0.793054
7 18  0.562781  0.740228
7 19  0.553394  0.890111
7 20  0.553617  0.762621
7 21  0.545784  0.688026
7 22  0.281893  0.359422
7 23  0.506786  0.579109
7 24  0.590086  0.965763
7 25  0.592699  0.983739
7 26  0.579474  0.798197
7 27  0.579143  0.905206
7 28  0.588865  0.889115
7 29  0.585055  0.912617
7 30  0.543425  0.646993
8 9  0.588498  0.904588
8 10  0.592285  0.977944
8 11  0.575474  0.781722
8 12  0.576462  0.931344
8 13  0.587842  0.955157
8 14  0.549665  0.665956
8 15  0.586146  0.952661
8 16  0.562140  0.871120
8 17  0.569122  0.794077
8 18  0.561842  0.741219
8 19  0.552874  0.891206
8 20  0.551442  0.763280
8 21  0.548176  0.689748
8 22  0.507335  0.573401
8 23  0.280821  0.371813
8 24  0.589163  0.966825
8 25  0.591969  0.984765
8 26  0.578011  0.799338
8 27  0.578300  0.906052
8 28  0.587971  0.890158
8 29  0.584309  0.913670
8 30  0.540134  0.643953
9 10  0.620170  1.218019
9 11  0.610401  1.067993
9 12  0.607375  1.190285
9 13  0.592436  1.200451
9 14  0.610571  0.969909
9 15  0.581004  1.216255
9 16  0.579351  1.148254
9 17  0.597297  1.067779
9 18  0.591466  1.020249
9 19  0.583729  1.166835
9 20  0.583581  1.042889
9 21  0.580380  0.970931
9 22  0.588033  0.898990
9 23  0.590345  0.910679
9 24  0.579924  1.169348
9 25  0.621090  1.260364
9 26  0.610245  1.078827
9 27  0.609592  1.183475
9 28  0.420646  1.053407
9 29  0.575822  1.166961
9 30  0.611585  0.963983
10 11  0.612215  1.122299
10 12  0.595069  1.267730
10 13  0.621650  1.304554
10 14  0.614413  1.043702
10 15  0.610555  1.253999
10 16  0.570246  1.193664
10 17  0.603184  1.146655
10 18  0.596618  1.094662
10 19  0.552512  1.196176
10 20  0.584931  1.116830
10 21  0.583941  1.044227
10 22  0.591938  0.973552
10 23  0.594017  0.985172
10 24  0.620087  1.310980
10 25  0.390059  1.247055
10 26  0.613728  1.153133
10 27  0.589454  1.212605
10 28  0.618699  1.230864
10 29  0.612786  1.264899
10 30  0.614962  1.038460
11 12  0.586435  1.084439
11 13  0.609715  1.117294
11 14  0.589863  0.850170
11 15  0.608195  1.104690
11 16  0.583805  1.035217
11 17  0.590917  0.959195
11 18  0.583777  0.906703
11 19  0.572698  1.055982
11 20  0.543938  0.892427
11 21  0.540970  0.830211
11 22  0.578489  0.784650
11 23  0.579529  0.795687
11 24  0.610823  1.130945
11 25  0.613485  1.149346
11 26  0.365509  0.808397
11 27  0.580934  1.042082
11 28  0.609871  1.055178
11 29  0.606194  1.078203
11 30  0.583769  0.829063
12 13  0.606614  1.228470
12 14  0.597584  0.985789
12 15  0.604494  1.241837
12 16  0.578320  1.174698
12 17  0.587905  1.099142
12 18  0.580588  1.046730
12 19  0.541882  1.162515
12 20  0.543735  1.041400
12 21  0.566333  0.997091
12 22  0.575566  0.925468
12 23  0.578065  0.937026
12 24  0.608126  1.269118
12 25  0.585682  1.240806
12 26  0.578457  1.074261
12 27  0.372384  1.107097
12 28  0.606869  1.193250
12 29  0.603081  1.216316
12 30  0.599421  0.990905
13 14  0.609940  1.018527
13 15  0.589414  1.224948
13 16  0.585659  1.193923
13 17  0.577296  1.090141
13 18  0.560635  1.032842
13 19  0.582979  1.218213
13 20  0.582984  1.093202
13 21  0.579632  1.021363
13 22  0.587410  0.949625
13 23  0.589679  0.961250
13 24  0.466337  1.237990
13 25  0.618282  1.302585
13 26  0.609355  1.128875
13 27  0.609304  1.232598
13 28  0.590552  1.206292
13 29  0.574583  1.174682
13 30  0.610892  1.014578
14 15  0.608156  1.017003
14 16  0.584172  0.937775
14 17  0.591233  0.860820
14 18  0.584014  0.808033
14 19  0.574910  0.957741
14 20  0.572881  0.830266
14 21  0.544559  0.731761
14 22  0.540975  0.647899
14 23  0.543497  0.661822
14 24  0.611273  1.033359
14 25  0.613678  1.051206
14 26  0.581704  0.846183
14 27  0.600946  0.973264
14 28  0.610057  0.956752
14 29  0.606523  0.980123
14 30  0.372323  0.559840
15 16  0.584586  1.165000
15 17  0.593317  1.120515
15 18  0.588637  1.061121
15 19  0.579527  1.215236
15 20  0.581820  1.090819
15 21  0.578194  1.018816
15 22  0.585466  0.946426
15 23  0.588141  0.958657
15 24  0.589016  1.282753
15 25  0.607966  1.299747
15 26  0.607931  1.126136
15 27  0.607418  1.231776
15 28  0.571009  1.145152
15 29  0.422687  1.139583
15 30  0.609440  1.012141
16 17  0.572779  1.034805
16 18  0.564930  0.965359
16 19  0.554290  1.128520
16 20  0.556752  0.993026
16 21  0.553990  0.935752
16 22  0.561727  0.865366
16 23  0.563962  0.876008
16 24  0.590863  1.197928
16 25  0.571314  1.180757
16 26  0.583707  1.043972
16 27  0.580547  1.115382
16 28  0.569107  1.052488
16 29  0.585481  1.148298
16 30  0.585168  0.927170
17 18  0.528831  0.881621
17 19  0.564382  1.045751
17 20  0.564574  0.930476
17 21  0.560993  0.858647
17 22  0.568737  0.788376
17 23  0.570983  0.799850
17 24  0.577954  1.086278
17 25  0.602529  1.125126
17 26  0.590914  0.962263
17 27  0.590619  1.073068
17 28  0.593763  1.053551
17 29  0.588068  1.032228
17 30  0.592185  0.853560
18 19  0.557283  1.006472
18 20  0.557330  0.875724
18 21  0.553751  0.807918
18 22  0.561495  0.735451
18 23  0.563737  0.746885
18 24  0.576669  1.073317
18 25  0.595425  1.083132
18 26  0.583667  0.914325
18 27  0.583408  1.018830
18 28  0.584410  0.976134
18 29  0.578428  1.004984
18 30  0.584940  0.800495
19 20  0.543903  1.022919
19 21  0.544087  0.942952
19 22  0.552556  0.884132
19 23  0.554794  0.895955
19 24  0.583668  1.192064
19 25  0.558473  1.200605
19 26  0.570708  1.029409
19 27  0.548786  1.126309
19 28  0.582655  1.143132
19 29  0.577969  1.142795
19 30  0.575962  0.949981
20 21  0.541205  0.826889
20 22  0.552335  0.758389
20 23  0.554140  0.766581
20 24  0.584589  1.104455
20 25  0.582480  1.087404
20 26  0.548580  0.913373
20 27  0.549730  1.012537
20 28  0.583472  1.022884
20 29  0.579927  1.047116
20 30  0.572879  0.811762
21 22  0.542908  0.677039
21 23  0.546243  0.692622
21 24  0.581016  1.026658
21 25  0.583592  1.048373
21 26  0.546531  0.834442
21 27  0.567836  0.951253
21 28  0.579910  0.954494
21 29  0.576340  0.974686
21 30  0.550795  0.731279
22 23  0.512129  0.584257
22 24  0.588725  0.961213
22 25  0.591466  0.978117
22 26  0.575332  0.787808
22 27  0.578582  0.900056
22 28  0.587601  0.884501
22 29  0.584112  0.907637
22 30  0.551937  0.656058
23 24  0.591008  0.972855
23 25  0.593742  0.987415
23 26  0.576850  0.795496
23 27  0.580810  0.912258
23 28  0.589893  0.895948
23 29  0.586364  0.919182
23 30  0.551931  0.663048
24 25  0.621539  1.308114
24 26  0.610899  1.132566
24 27  0.610347  1.222218
24 28  0.594509  1.183652
24 29  0.590896  1.205234
24 30  0.612207  1.024998
25 26  0.610578  1.125388
25 27  0.598459  1.255377
25 28  0.620370  1.239669
25 29  0.607904  1.192525
25 30  0.614951  1.042523
26 27  0.590463  1.070084
26 28  0.609820  1.064130
26 29  0.606276  1.072943
26 30  0.591683  0.852362
27 28  0.609169  1.145043
27 29  0.605290  1.187973
27 30  0.600477  0.954363
28 29  0.576701  1.165863
28 30  0.611061  0.948389
29 30  0.607442  0.972690
