  -1146.51795158
  -1146.87736312    -1146.74440125
0.00006819545287
2 2 2 2 2 2 2 2 2 2 2 2 2 2 2 0 0 0 0 0 0 0 0 0 0 0 0 0 0 0 
1  0.262596  0.537236
2  0.277666  0.497225
3  0.289752  0.583486
4  0.274713  0.323922
5  0.272602  0.305066
6  0.260831  0.298858
7  0.276256  0.287492
8  0.273714  0.289072
9  0.302578  0.675571
10  0.295861  0.434971
11  0.303344  0.798170
12  0.303601  0.626733
13  0.289936  0.401137
14  0.299302  0.766662
15  0.291487  0.326328
16  0.279179  0.606562
17  0.291441  0.593532
18  0.280821  0.505508
19  0.268637  0.306385
20  0.276356  0.285118
21  0.276199  0.292473
22  0.293696  0.439349
23  0.294049  0.327510
24  0.301822  0.718456
25  0.303400  0.798483
26  0.275808  0.301613
27  0.300958  0.606332
28  0.291078  0.398064
29  0.302838  0.683678
30  0.275920  0.325358
1 2  0.539288  1.016457
1 3  0.550874  1.078846
1 4  0.537128  0.860097
1 5  0.535044  0.838159
1 6  0.523090  0.832438
1 7  0.538824  0.824128
1 8  0.536294  0.825645
1 9  0.550317  1.122642
1 10  0.557715  0.967936
1 11  0.561241  1.289154
1 12  0.540108  1.127979
1 13  0.550844  0.920186
1 14  0.557137  1.297180
1 15  0.554037  0.863480
1 16  0.260031  0.972258
1 17  0.553867  1.126141
1 18  0.542965  1.040292
1 19  0.529712  0.843144
1 20  0.538811  0.822300
1 21  0.538787  0.829682
1 22  0.555972  0.972901
1 23  0.556353  0.864582
1 24  0.543050  1.242575
1 25  0.561885  1.314021
1 26  0.538137  0.838674
1 27  0.538584  1.114307
1 28  0.550756  0.934268
1 29  0.564081  1.210028
1 30  0.538482  0.861610
2 3  0.524177  1.049465
2 4  0.552361  0.818385
2 5  0.550258  0.800819
2 6  0.538492  0.794605
2 7  0.553919  0.784707
2 8  0.551377  0.786219
2 9  0.568096  1.114333
2 10  0.573483  0.929069
2 11  0.568914  1.288448
2 12  0.580254  1.091448
2 13  0.567595  0.897277
2 14  0.569977  1.225100
2 15  0.569145  0.822472
2 16  0.556447  1.100495
2 17  0.285876  0.903833
2 18  0.517689  0.972452
2 19  0.546294  0.803530
2 20  0.554017  0.782321
2 21  0.553864  0.789676
2 22  0.571166  0.935940
2 23  0.571710  0.824689
2 24  0.577267  1.204242
2 25  0.549562  1.247856
2 26  0.553472  0.798796
2 27  0.578478  1.100800
2 28  0.568662  0.894860
2 29  0.579383  1.177083
2 30  0.553536  0.822478
3 4  0.564459  0.907007
3 5  0.562350  0.887046
3 6  0.550578  0.880567
3 7  0.566001  0.870736
3 8  0.563463  0.872330
3 9  0.584626  1.193509
3 10  0.585605  1.015966
3 11  0.569269  1.285991
3 12  0.592731  1.196880
3 13  0.579675  0.976642
3 14  0.585105  1.338801
3 15  0.581230  0.909685
3 16  0.566903  1.185529
3 17  0.526066  1.101720
3 18  0.289287  0.903130
3 19  0.558320  0.889719
3 20  0.566094  0.868565
3 21  0.565948  0.875927
3 22  0.583371  1.021912
3 23  0.583796  0.910933
3 24  0.586115  1.296484
3 25  0.572662  1.338114
3 26  0.565559  0.885025
3 27  0.590357  1.186406
3 28  0.580665  0.980858
3 29  0.589211  1.257347
3 30  0.565665  0.908690
4 5  0.501267  0.592388
4 6  0.535428  0.621001
4 7  0.550954  0.611376
4 8  0.548385  0.612943
4 9  0.577241  0.997231
4 10  0.537314  0.729738
4 11  0.578053  1.120424
4 12  0.574373  0.932842
4 13  0.562719  0.722685
4 14  0.573848  1.081508
4 15  0.566142  0.649495
4 16  0.553801  0.929269
4 17  0.565981  0.917243
4 18  0.555487  0.829335
4 19  0.542916  0.630055
4 20  0.551059  0.609016
4 21  0.550861  0.616312
4 22  0.527664  0.732417
4 23  0.568529  0.651211
4 24  0.576408  1.041775
4 25  0.577797  1.121912
4 26  0.498443  0.580474
4 27  0.573518  0.929384
4 28  0.565397  0.720435
4 29  0.577001  1.007315
4 30  0.277096  0.402909
5 6  0.533320  0.602992
5 7  0.548823  0.592421
5 8  0.546227  0.593872
5 9  0.575142  0.976935
5 10  0.536980  0.722495
5 11  0.575945  1.102590
5 12  0.573921  0.925008
5 13  0.559146  0.698718
5 14  0.571843  1.070855
5 15  0.563890  0.631256
5 16  0.551411  0.911321
5 17  0.564014  0.898500
5 18  0.553422  0.810509
5 19  0.541085  0.611287
5 20  0.548882  0.590107
5 21  0.548443  0.597230
5 22  0.525134  0.710879
5 23  0.565923  0.631939
5 24  0.574353  1.023149
5 25  0.575910  1.103299
5 26  0.273457  0.350264
5 27  0.573064  0.910991
5 28  0.562029  0.702097
5 29  0.575337  0.988592
5 30  0.498224  0.586477
6 7  0.531148  0.579789
6 8  0.530375  0.583774
6 9  0.563379  0.970755
6 10  0.555774  0.732302
6 11  0.564162  1.096083
6 12  0.562118  0.916804
6 13  0.524256  0.676298
6 14  0.560067  1.064591
6 15  0.531941  0.606707
6 16  0.538554  0.905023
6 17  0.552272  0.892283
6 18  0.541635  0.804266
6 19  0.253570  0.346833
6 20  0.534184  0.581480
6 21  0.535991  0.589706
6 22  0.554333  0.737100
6 23  0.527867  0.599854
6 24  0.562480  1.017054
6 25  0.564168  1.097079
6 26  0.536495  0.600274
6 27  0.559313  0.904199
6 28  0.518954  0.667838
6 29  0.563662  0.982407
6 30  0.536393  0.624012
7 8  0.503499  0.532489
7 9  0.578798  0.962873
7 10  0.572083  0.722318
7 11  0.579578  1.084822
7 12  0.579800  0.914110
7 13  0.563351  0.685142
7 14  0.575394  1.053330
7 15  0.540028  0.589300
7 16  0.555259  0.893994
7 17  0.567697  0.881008
7 18  0.557076  0.792979
7 19  0.540696  0.590364
7 20  0.271318  0.298111
7 21  0.499029  0.528167
7 22  0.569802  0.726715
7 23  0.533114  0.578926
7 24  0.578051  1.005878
7 25  0.579656  1.085946
7 26  0.552020  0.589063
7 27  0.576782  0.893616
7 28  0.566483  0.684954
7 29  0.578850  0.970966
7 30  0.552168  0.612829
8 9  0.576277  0.964523
8 10  0.569381  0.722644
8 11  0.577052  1.085950
8 12  0.577281  0.915708
8 13  0.559261  0.683568
8 14  0.572916  1.053964
8 15  0.537113  0.588474
8 16  0.552862  0.895595
8 17  0.565146  0.882580
8 18  0.554531  0.794563
8 19  0.541153  0.593862
8 20  0.499673  0.526116
8 21  0.270392  0.311901
8 22  0.566682  0.727978
8 23  0.529271  0.579019
8 24  0.575479  1.007452
8 25  0.577098  1.087494
8 26  0.549162  0.590378
8 27  0.574405  0.895142
8 28  0.563375  0.686243
8 29  0.576523  0.972646
8 30  0.549578  0.614344
9 10  0.598361  1.109007
9 11  0.578304  1.425576
9 12  0.601845  1.255538
9 13  0.592446  1.066383
9 14  0.567283  1.415753
9 15  0.594033  1.001207
9 16  0.571306  1.276695
9 17  0.590019  1.259924
9 18  0.582239  1.177679
9 19  0.571062  0.981750
9 20  0.578881  0.960578
9 21  0.578763  0.967986
9 22  0.596114  1.113322
9 23  0.596618  1.002993
9 24  0.452227  1.301667
9 25  0.558028  1.357921
9 26  0.578384  0.977037
9 27  0.602137  1.277010
9 28  0.593367  1.072691
9 29  0.564481  1.344994
9 30  0.578474  1.000619
10 11  0.599127  1.212897
10 12  0.588062  1.035259
10 13  0.576202  0.822021
10 14  0.594295  1.167072
10 15  0.586226  0.755594
10 16  0.574804  1.037988
10 17  0.586855  1.027600
10 18  0.576483  0.939827
10 19  0.564209  0.740066
10 20  0.571993  0.719968
10 21  0.571322  0.727051
10 22  0.363534  0.710777
10 23  0.589145  0.762073
10 24  0.597583  1.152009
10 25  0.598762  1.230931
10 26  0.530758  0.704269
10 27  0.581388  1.019351
10 28  0.571356  0.814641
10 29  0.597667  1.117137
10 30  0.528882  0.728235
11 12  0.605530  1.412351
11 13  0.593202  1.183271
11 14  0.575470  1.453620
11 15  0.594812  1.123558
11 16  0.576252  1.394143
11 17  0.575626  1.344756
11 18  0.553482  1.257178
11 19  0.571794  1.104231
11 20  0.579677  1.083228
11 21  0.579510  1.090573
11 22  0.596986  1.235512
11 23  0.597310  1.125473
11 24  0.576115  1.505465
11 25  0.496053  1.566834
11 26  0.579127  1.099522
11 27  0.600854  1.384345
11 28  0.594298  1.194537
11 29  0.556623  1.369260
11 30  0.579211  1.123039
12 13  0.584201  1.019674
12 14  0.590503  1.307191
12 15  0.594419  0.948264
12 16  0.551043  1.176995
12 17  0.594078  1.215882
12 18  0.584294  1.129965
12 19  0.569503  0.931598
12 20  0.579615  0.911744
12 21  0.579686  0.919047
12 22  0.580519  1.046354
12 23  0.597496  0.954006
12 24  0.599569  1.313300
12 25  0.602783  1.412049
12 26  0.579005  0.927879
12 27  0.362754  1.112493
12 28  0.579308  1.005183
12 29  0.600443  1.305284
12 30  0.577385  0.951288
13 14  0.588789  1.161820
13 15  0.568606  0.717705
13 16  0.566171  1.006691
13 17  0.581286  0.994068
13 18  0.570630  0.906182
13 19  0.525503  0.679343
13 20  0.565617  0.685851
13 21  0.564229  0.692194
13 22  0.569379  0.821719
13 23  0.563495  0.708645
13 24  0.591672  1.118163
13 25  0.593323  1.198287
13 26  0.563599  0.701370
13 27  0.573866  0.988051
13 28  0.344573  0.607653
13 29  0.592539  1.083536
13 30  0.565415  0.724936
14 15  0.590675  1.088386
14 16  0.570663  1.323822
14 17  0.585385  1.353495
14 18  0.577457  1.257853
14 19  0.567833  1.072766
14 20  0.575354  1.051458
14 21  0.575494  1.059024
14 22  0.591975  1.203786
14 23  0.593126  1.094010
14 24  0.554435  1.407570
14 25  0.573048  1.553925
14 26  0.574938  1.068122
14 27  0.585413  1.349118
14 28  0.590325  1.163611
14 29  0.454686  1.363081
14 30  0.574562  1.091620
15 16  0.570481  0.932706
15 17  0.582909  0.919778
15 18  0.572307  0.831795
15 19  0.533026  0.605246
15 20  0.530075  0.574533
15 21  0.531148  0.583786
15 22  0.584310  0.765200
15 23  0.358581  0.447028
15 24  0.593177  1.044631
15 25  0.594810  1.124593
15 26  0.566455  0.627204
15 27  0.592327  0.932484
15 28  0.561819  0.704443
15 29  0.594315  1.009867
15 30  0.567167  0.651471
16 17  0.569639  1.192682
16 18  0.558392  1.077225
16 19  0.547407  0.908554
16 20  0.555528  0.891509
16 21  0.555374  0.898541
16 22  0.571559  1.038670
16 23  0.573136  0.933981
16 24  0.558462  1.198462
16 25  0.579665  1.376557
16 26  0.554926  0.905813
16 27  0.552321  1.174014
16 28  0.568363  0.983731
16 29  0.577539  1.265300
16 30  0.554964  0.931543
17 18  0.528008  1.068862
17 19  0.560071  0.899222
17 20  0.567794  0.878367
17 21  0.567639  0.885494
17 22  0.585040  1.022436
17 23  0.585483  0.919486
17 24  0.588133  1.302268
17 25  0.571418  1.296633
17 26  0.567239  0.894343
17 27  0.591252  1.161183
17 28  0.582502  0.990699
17 29  0.586402  1.201411
17 30  0.567329  0.914459
18 19  0.549454  0.810085
18 20  0.557168  0.790602
18 21  0.557018  0.797965
18 22  0.574487  0.944139
18 23  0.574864  0.832612
18 24  0.574823  1.178135
18 25  0.570176  1.294716
18 26  0.556623  0.806222
18 27  0.580701  1.086476
18 28  0.571890  0.900010
18 29  0.571082  1.138180
18 30  0.556726  0.829914
19 20  0.538628  0.584965
19 21  0.539556  0.593882
19 22  0.560950  0.744165
19 23  0.540153  0.613761
19 24  0.570442  1.022357
19 25  0.572004  1.104558
19 26  0.544289  0.607333
19 27  0.567064  0.903853
19 28  0.531894  0.678863
19 29  0.571408  0.987563
19 30  0.544488  0.630622
20 21  0.505806  0.533275
20 22  0.569934  0.724153
20 23  0.542916  0.588441
20 24  0.578141  1.003407
20 25  0.579754  1.083041
20 26  0.552091  0.586620
20 27  0.577266  0.891433
20 28  0.563348  0.678892
20 29  0.579019  0.968222
20 30  0.552250  0.610447
21 22  0.569572  0.729882
21 23  0.541661  0.591903
21 24  0.578020  1.010205
21 25  0.579595  1.089568
21 26  0.551879  0.593814
21 27  0.577081  0.898497
21 28  0.562633  0.683859
21 29  0.578989  0.975380
21 30  0.552056  0.617720
22 23  0.586282  0.760559
22 24  0.595037  1.143126
22 25  0.596645  1.208921
22 26  0.537686  0.722579
22 27  0.583445  1.021276
22 28  0.574973  0.822302
22 29  0.595589  1.106835
22 30  0.537608  0.734982
23 24  0.595848  1.045653
23 25  0.597409  1.123821
23 26  0.569583  0.628850
23 27  0.593922  0.928763
23 28  0.573490  0.716280
23 29  0.596847  1.008083
23 30  0.569874  0.652218
24 25  0.579790  1.418716
24 26  0.577607  1.019100
24 27  0.599964  1.313805
24 28  0.592721  1.098337
24 29  0.567632  1.379506
24 30  0.577645  1.042941
25 26  0.579176  1.099860
25 27  0.601391  1.375463
25 28  0.594381  1.186178
25 29  0.580374  1.420462
25 30  0.579192  1.117479
26 27  0.574089  0.902946
26 28  0.562973  0.692706
26 29  0.578548  0.983424
26 30  0.505055  0.590096
27 28  0.582395  0.995533
27 29  0.591652  1.189601
27 30  0.572683  0.915891
28 29  0.593604  1.080462
28 30  0.564092  0.720605
29 30  0.578451  1.000878
