  -1146.51795158
  -1146.87970986    -1146.74952517
0.00001507352223
2 2 2 2 2 2 2 2 2 2 2 2 2 2 2 0 0 0 0 0 0 0 0 0 0 0 0 0 0 0 
1  0.268675  0.541843
2  0.279603  0.469706
3  0.291641  0.547109
4  0.280421  0.355310
5  0.278744  0.340774
6  0.265342  0.338430
7  0.278185  0.304344
8  0.275220  0.311465
9  0.307343  0.636540
10  0.302971  0.498808
11  0.306990  0.739640
12  0.312894  0.661281
13  0.298199  0.487820
14  0.304806  0.730340
15  0.294657  0.366348
16  0.285511  0.599095
17  0.293372  0.557546
18  0.282896  0.476997
19  0.273405  0.345338
20  0.278450  0.299474
21  0.277741  0.316456
22  0.300498  0.509155
23  0.297191  0.367611
24  0.306492  0.672996
25  0.307179  0.748020
26  0.282114  0.335767
27  0.309844  0.644895
28  0.299167  0.479994
29  0.308353  0.653314
30  0.281699  0.354928
1 2  0.547178  0.995526
1 3  0.558739  1.050972
1 4  0.548892  0.894985
1 5  0.547239  0.874899
1 6  0.533557  0.873412
1 7  0.546817  0.844547
1 8  0.543867  0.851563
1 9  0.560030  1.094059
1 10  0.570828  1.034573
1 11  0.570737  1.238703
1 12  0.555020  1.161758
1 13  0.564730  1.001823
1 14  0.568647  1.266317
1 15  0.563258  0.907927
1 16  0.270933  0.967500
1 17  0.561891  1.095136
1 18  0.550986  1.017119
1 19  0.540212  0.886642
1 20  0.546939  0.841249
1 21  0.546408  0.858186
1 22  0.568815  1.046660
1 23  0.565506  0.909072
1 24  0.553242  1.202428
1 25  0.571610  1.270423
1 26  0.550470  0.877339
1 27  0.553493  1.159971
1 28  0.564778  1.020561
1 29  0.575601  1.184820
1 30  0.550326  0.895817
2 3  0.527839  0.986500
2 4  0.559992  0.821643
2 5  0.558328  0.808684
2 6  0.544931  0.805742
2 7  0.557785  0.774021
2 8  0.554818  0.781049
2 9  0.574517  1.056041
2 10  0.582516  0.965109
2 11  0.574563  1.203851
2 12  0.591311  1.100591
2 13  0.577793  0.955939
2 14  0.577235  1.167498
2 15  0.574239  0.834196
2 16  0.564709  1.066033
2 17  0.289462  0.829179
2 18  0.521773  0.917717
2 19  0.552990  0.814880
2 20  0.558048  0.769125
2 21  0.557341  0.786096
2 22  0.579804  0.978057
2 23  0.576781  0.837181
2 24  0.583828  1.133057
2 25  0.555409  1.174866
2 26  0.561708  0.805349
2 27  0.589243  1.112221
2 28  0.578620  0.948982
2 29  0.586805  1.120694
2 30  0.561198  0.824482
3 4  0.572052  0.901488
3 5  0.570380  0.884918
3 6  0.556967  0.882183
3 7  0.569820  0.850783
3 8  0.566857  0.857890
3 9  0.591138  1.128692
3 10  0.594606  1.042866
3 11  0.574830  1.206022
3 12  0.603835  1.193997
3 13  0.589819  1.023180
3 14  0.592460  1.268943
3 15  0.586277  0.913165
3 16  0.574917  1.143156
3 17  0.530045  1.037151
3 18  0.292843  0.827114
3 19  0.564948  0.892131
3 20  0.570066  0.846485
3 21  0.569377  0.863458
3 22  0.592056  1.054962
3 23  0.588826  0.914532
3 24  0.592574  1.216979
3 25  0.578390  1.256619
3 26  0.573755  0.882668
3 27  0.601110  1.188945
3 28  0.590566  1.025888
3 29  0.596621  1.191952
3 30  0.573324  0.901809
4 5  0.512042  0.661679
4 6  0.545621  0.689894
4 7  0.558591  0.659406
4 8  0.555582  0.666693
4 9  0.587710  0.988492
4 10  0.549667  0.826698
4 11  0.587404  1.093770
4 12  0.589052  0.992934
4 13  0.576538  0.839356
4 14  0.585017  1.076832
4 15  0.575008  0.720179
4 16  0.565820  0.953306
4 17  0.573564  0.912552
4 18  0.563253  0.832161
4 19  0.553349  0.700460
4 20  0.558861  0.654728
4 21  0.558105  0.671620
4 22  0.539662  0.832653
4 23  0.577366  0.722670
4 24  0.586787  1.027644
4 25  0.587232  1.102693
4 26  0.509314  0.644235
4 27  0.588052  0.999520
4 28  0.579121  0.833161
4 29  0.588172  1.008215
4 30  0.286079  0.469816
5 6  0.543955  0.677334
5 7  0.556888  0.644592
5 8  0.553850  0.651317
5 9  0.586047  0.971510
5 10  0.549158  0.822227
5 11  0.585732  1.078261
5 12  0.589061  0.992561
5 13  0.573300  0.815030
5 14  0.583467  1.070538
5 15  0.573180  0.706844
5 16  0.563826  0.939462
5 17  0.572086  0.898115
5 18  0.561639  0.817612
5 19  0.551986  0.685886
5 20  0.557120  0.640165
5 21  0.556107  0.656934
5 22  0.536900  0.814166
5 23  0.575218  0.707801
5 24  0.585148  1.013271
5 25  0.585830  1.088367
5 26  0.284150  0.429458
5 27  0.587995  0.984648
5 28  0.576177  0.820076
5 29  0.586981  0.993758
5 30  0.509195  0.651278
6 7  0.537500  0.634509
6 8  0.536324  0.645202
6 9  0.572642  0.968893
6 10  0.567243  0.834573
6 11  0.572311  1.075956
6 12  0.575355  0.983730
6 13  0.536605  0.801013
6 14  0.570058  1.067399
6 15  0.539622  0.687401
6 16  0.549048  0.937005
6 17  0.558714  0.895719
6 18  0.548195  0.815219
6 19  0.261674  0.436903
6 20  0.540759  0.635776
6 21  0.542028  0.652486
6 22  0.565590  0.845570
6 23  0.535719  0.679490
6 24  0.571623  1.010962
6 25  0.572419  1.085890
6 26  0.547301  0.673876
6 27  0.572457  0.982396
6 28  0.531461  0.790083
6 29  0.573681  0.991417
6 30  0.546625  0.693186
7 8  0.507044  0.574547
7 9  0.585468  0.940300
7 10  0.581114  0.802943
7 11  0.585118  1.042326
7 12  0.591009  0.964978
7 13  0.573425  0.786522
7 14  0.582724  1.033257
7 15  0.545288  0.649012
7 16  0.563475  0.903348
7 17  0.571554  0.861848
7 18  0.561080  0.781301
7 19  0.547395  0.646725
7 20  0.275273  0.336472
7 21  0.502723  0.571328
7 22  0.578513  0.813293
7 23  0.538358  0.636837
7 24  0.584628  0.977125
7 25  0.585359  1.052263
7 26  0.560253  0.640068
7 27  0.587503  0.948932
7 28  0.576462  0.783818
7 29  0.586221  0.957145
7 30  0.559872  0.659221
8 9  0.582541  0.947595
8 10  0.577972  0.807074
8 11  0.582198  1.048175
8 12  0.588072  0.972544
8 13  0.568865  0.788021
8 14  0.579882  1.038016
8 15  0.541850  0.651263
8 16  0.560690  0.910449
8 17  0.568573  0.868934
8 18  0.558113  0.788405
8 19  0.547404  0.654627
8 20  0.503481  0.565804
8 21  0.273334  0.368699
8 22  0.574925  0.820237
8 23  0.534085  0.642250
8 24  0.581637  0.984236
8 25  0.582376  1.059276
8 26  0.556950  0.646953
8 27  0.584773  0.955613
8 28  0.572971  0.790857
8 29  0.583540  0.964462
8 30  0.556858  0.666258
9 10  0.610229  1.133103
9 11  0.586520  1.336690
9 12  0.615795  1.251472
9 13  0.605457  1.109913
9 14  0.577357  1.346283
9 15  0.601939  1.001739
9 16  0.581853  1.231399
9 17  0.596654  1.186502
9 18  0.589040  1.111556
9 19  0.580559  0.981452
9 20  0.585724  0.935731
9 21  0.585060  0.952797
9 22  0.607642  1.143538
9 23  0.604523  1.003895
9 24  0.460823  1.212642
9 25  0.566369  1.282348
9 26  0.589451  0.971952
9 27  0.615702  1.277348
9 28  0.606212  1.114680
9 29  0.574330  1.275695
9 30  0.589011  0.991063
10 11  0.609862  1.215840
10 12  0.604084  1.130139
10 13  0.591014  0.965913
10 14  0.606753  1.189509
10 15  0.596317  0.853152
10 16  0.588191  1.093868
10 17  0.595798  1.055145
10 18  0.585617  0.974926
10 19  0.576035  0.841980
10 20  0.581174  0.798143
10 21  0.579918  0.814971
10 22  0.376973  0.863803
10 23  0.599357  0.866147
10 24  0.609365  1.169966
10 25  0.609632  1.243309
10 26  0.542869  0.800363
10 27  0.597341  1.117010
10 28  0.586350  0.957219
10 29  0.610249  1.149954
10 30  0.541018  0.820398
11 12  0.618416  1.391195
11 13  0.605081  1.203157
11 14  0.584294  1.377994
11 15  0.601617  1.103977
11 16  0.586172  1.330383
11 17  0.581274  1.256236
11 18  0.559265  1.174763
11 19  0.580158  1.084335
11 20  0.585405  1.038971
11 21  0.584669  1.055871
11 22  0.607417  1.245886
11 23  0.604044  1.106759
11 24  0.584198  1.404648
11 25  0.503262  1.452919
11 26  0.589076  1.074953
11 27  0.613124  1.366909
11 28  0.606001  1.216471
11 29  0.565323  1.293255
11 30  0.588613  1.093990
12 13  0.600242  1.136346
12 14  0.604864  1.315736
12 15  0.606628  1.018142
12 16  0.566651  1.211066
12 17  0.605212  1.215172
12 18  0.595672  1.136413
12 19  0.583314  1.005235
12 20  0.590929  0.960560
12 21  0.590496  0.977118
12 22  0.596560  1.144914
12 23  0.609866  1.028365
12 24  0.613485  1.306989
12 25  0.615692  1.396889
12 26  0.594486  0.995810
12 27  0.379694  1.195923
12 28  0.595685  1.112070
12 29  0.614993  1.310207
12 30  0.592333  1.015509
13 14  0.602351  1.207031
13 15  0.579980  0.843978
13 16  0.580571  1.085307
13 17  0.591450  1.044203
13 18  0.580881  0.964004
13 19  0.538385  0.805965
13 20  0.575931  0.786995
13 21  0.574026  0.803121
13 22  0.584218  0.975052
13 23  0.574889  0.833805
13 24  0.604585  1.158097
13 25  0.605360  1.233284
13 26  0.578103  0.822630
13 27  0.589973  1.103539
13 28  0.359515  0.800928
13 29  0.606242  1.138469
13 30  0.579370  0.840633
14 15  0.599309  1.088052
14 16  0.582514  1.284319
14 17  0.592728  1.283687
14 18  0.584942  1.194937
14 19  0.578083  1.075060
14 20  0.582875  1.029242
14 21  0.582538  1.046476
14 22  0.604242  1.236089
14 23  0.601689  1.097470
14 24  0.564291  1.334375
14 25  0.581857  1.470865
14 26  0.586732  1.065810
14 27  0.599643  1.351642
14 28  0.603877  1.208291
14 29  0.465038  1.295699
14 30  0.585762  1.084737
15 16  0.579914  0.964987
15 17  0.587990  0.923652
15 18  0.577553  0.843220
15 19  0.541111  0.683367
15 20  0.535485  0.629376
15 21  0.535958  0.649128
15 22  0.594238  0.875160
15 23  0.365030  0.545015
15 24  0.600976  1.039004
15 25  0.601705  1.113789
15 26  0.575961  0.701473
15 27  0.604322  1.010786
15 28  0.573126  0.824908
15 29  0.602991  1.019258
15 30  0.576099  0.721043
16 17  0.577838  1.150405
16 18  0.566704  1.045886
16 19  0.558362  0.936875
16 20  0.563949  0.897827
16 21  0.563241  0.914110
16 22  0.584556  1.098623
16 23  0.582566  0.966402
16 24  0.568484  1.159918
16 25  0.589728  1.324099
16 26  0.567552  0.929847
16 27  0.566994  1.201744
16 28  0.582324  1.048604
16 29  0.589283  1.231776
16 30  0.567058  0.953136
17 18  0.531841  1.005179
17 19  0.566766  0.901601
17 20  0.571818  0.856685
17 21  0.571110  0.872879
17 22  0.593761  1.054551
17 23  0.590551  0.922034
17 24  0.594660  1.223164
17 25  0.577092  1.223700
17 26  0.575462  0.892596
17 27  0.601908  1.165627
17 28  0.592519  1.035893
17 29  0.593772  1.145341
17 30  0.575025  0.907325
18 19  0.556292  0.819351
18 20  0.561334  0.776446
18 21  0.560634  0.793391
18 22  0.583359  0.985180
18 23  0.580076  0.843962
18 24  0.581470  1.113020
18 25  0.576172  1.217632
18 26  0.564999  0.811238
18 27  0.591510  1.097269
18 28  0.582053  0.952067
18 29  0.578248  1.086374
18 30  0.564571  0.830426
19 20  0.545427  0.637122
19 21  0.545819  0.656698
19 22  0.572361  0.851943
19 23  0.548050  0.694176
19 24  0.579876  1.014672
19 25  0.580546  1.092682
19 26  0.555342  0.679879
19 27  0.580161  0.974304
19 28  0.544227  0.798320
19 29  0.581675  0.994610
19 30  0.555017  0.697693
20 21  0.509596  0.574558
20 22  0.578814  0.808091
20 23  0.548330  0.645926
20 24  0.584881  0.971902
20 25  0.585624  1.046477
20 26  0.560480  0.634896
20 27  0.588234  0.944234
20 28  0.573376  0.773322
20 29  0.586506  0.951981
20 30  0.560125  0.654336
21 22  0.577877  0.820927
21 23  0.546388  0.655429
21 24  0.584231  0.987351
21 25  0.584914  1.060982
21 26  0.559703  0.651350
21 27  0.587500  0.960688
21 28  0.572092  0.785273
21 29  0.586021  0.968085
21 30  0.559364  0.671233
22 23  0.596007  0.863353
22 24  0.606412  1.163058
22 25  0.607159  1.222322
22 26  0.549693  0.825792
22 27  0.598874  1.124584
22 28  0.589292  0.966445
22 29  0.607802  1.142638
22 30  0.549724  0.835253
23 24  0.603652  1.039487
23 25  0.604315  1.110576
23 26  0.579015  0.702765
23 27  0.605621  1.002405
23 28  0.584682  0.837419
23 29  0.605482  1.015010
23 30  0.578781  0.721174
24 25  0.588015  1.339436
24 26  0.588577  1.006133
24 27  0.613456  1.308258
24 28  0.605434  1.127236
24 29  0.577761  1.309968
24 30  0.588073  1.027133
25 26  0.589239  1.083401
25 27  0.613928  1.364679
25 28  0.606213  1.212092
25 29  0.589289  1.345545
25 30  0.588722  1.096394
26 27  0.589008  0.974119
26 28  0.577147  0.803476
26 29  0.590342  0.987254
26 30  0.516077  0.656857
27 28  0.598021  1.112623
27 29  0.605258  1.200236
27 30  0.587065  0.978391
28 29  0.607091  1.131022
28 30  0.577801  0.831311
29 30  0.589696  0.998393
