  -1146.51795158
  -1146.87979630    -1146.74972285
0.00001275931245
2 2 2 2 2 2 2 2 2 2 2 2 2 2 2 0 0 0 0 0 0 0 0 0 0 0 0 0 0 0 
1  0.268883  0.541811
2  0.279669  0.468442
3  0.291706  0.545438
4  0.280729  0.356939
5  0.279026  0.342551
6  0.265532  0.340335
7  0.278301  0.305313
8  0.275283  0.312664
9  0.307505  0.634735
10  0.303305  0.501596
11  0.307105  0.736899
12  0.313261  0.662664
13  0.298520  0.491599
14  0.305014  0.728579
15  0.294792  0.368327
16  0.285722  0.598423
17  0.293439  0.555904
18  0.282965  0.475692
19  0.273616  0.347245
20  0.278587  0.300379
21  0.277800  0.317778
22  0.300789  0.512176
23  0.297337  0.369633
24  0.306644  0.670765
25  0.307287  0.745602
26  0.282424  0.337547
27  0.310168  0.646365
28  0.299518  0.483667
29  0.308573  0.651983
30  0.282009  0.356457
1 2  0.547451  0.994326
1 3  0.559011  1.049491
1 4  0.549407  0.896523
1 5  0.547728  0.876488
1 6  0.533946  0.875121
1 7  0.547141  0.845418
1 8  0.544138  0.852669
1 9  0.560373  1.092553
1 10  0.571368  1.037274
1 11  0.571055  1.236149
1 12  0.555577  1.162854
1 13  0.565241  1.005184
1 14  0.569063  1.264571
1 15  0.563600  0.909862
1 16  0.271306  0.966576
1 17  0.562166  1.093486
1 18  0.551260  1.015815
1 19  0.540616  0.888511
1 20  0.547286  0.842121
1 21  0.546676  0.859469
1 22  0.569313  1.049623
1 23  0.565855  0.911047
1 24  0.553589  1.200206
1 25  0.571927  1.268097
1 26  0.550986  0.879081
1 27  0.554025  1.161565
1 28  0.565335  1.024183
1 29  0.576028  1.183493
1 30  0.550844  0.897316
2 3  0.527958  0.983588
2 4  0.560365  0.821980
2 5  0.558675  0.809189
2 6  0.545187  0.806346
2 7  0.557968  0.773724
2 8  0.554947  0.780981
2 9  0.574735  1.053331
2 10  0.582915  0.966622
2 11  0.574746  1.199891
2 12  0.591738  1.100830
2 13  0.578180  0.958440
2 14  0.577505  1.164742
2 15  0.574439  0.834871
2 16  0.564987  1.064126
2 17  0.289583  0.825783
2 18  0.521909  0.915192
2 19  0.553266  0.815519
2 20  0.558251  0.768763
2 21  0.557467  0.786151
2 22  0.580156  0.979808
2 23  0.576991  0.837934
2 24  0.584045  1.129642
2 25  0.555586  1.171390
2 26  0.562084  0.805860
2 27  0.589631  1.112450
2 28  0.579032  0.951379
2 29  0.587090  1.118155
2 30  0.561572  0.824744
3 4  0.572424  0.901417
3 5  0.570726  0.884965
3 6  0.557222  0.882339
3 7  0.570002  0.850050
3 8  0.566985  0.857392
3 9  0.591359  1.125667
3 10  0.595004  1.043979
3 11  0.575012  1.202250
3 12  0.604265  1.193676
3 13  0.590204  1.025172
3 14  0.592732  1.265630
3 15  0.586476  0.913461
3 16  0.575189  1.140876
3 17  0.530177  1.034158
3 18  0.292964  0.823646
3 19  0.565222  0.892359
3 20  0.570266  0.845711
3 21  0.569501  0.863103
3 22  0.592412  1.056297
3 23  0.589036  0.914876
3 24  0.592790  1.213160
3 25  0.578565  1.252752
3 26  0.574130  0.882769
3 27  0.601497  1.188771
3 28  0.590977  1.027873
3 29  0.596905  1.189008
3 30  0.573699  0.901664
4 5  0.512563  0.665155
4 6  0.546118  0.693325
4 7  0.559015  0.661989
4 8  0.555952  0.669518
4 9  0.588180  0.988267
4 10  0.550274  0.831169
4 11  0.587827  1.092675
4 12  0.589715  0.995683
4 13  0.577160  0.844680
4 14  0.585532  1.076725
4 15  0.575450  0.723757
4 16  0.566338  0.954271
4 17  0.573934  0.912535
4 18  0.563628  0.832483
4 19  0.553867  0.703998
4 20  0.559305  0.657258
4 21  0.558472  0.674568
4 22  0.540236  0.837240
4 23  0.577820  0.726320
4 24  0.587249  1.027041
4 25  0.587646  1.101898
4 26  0.509838  0.647552
4 27  0.588679  1.002624
4 28  0.579776  0.838432
4 29  0.588697  1.008507
4 30  0.286530  0.473028
5 6  0.544426  0.680972
5 7  0.557285  0.647313
5 8  0.554193  0.654250
5 9  0.586491  0.971407
5 10  0.549733  0.826735
5 11  0.586128  1.077222
5 12  0.589696  0.995604
5 13  0.573891  0.820273
5 14  0.583955  1.070559
5 15  0.573597  0.710589
5 16  0.564318  0.940560
5 17  0.572434  0.898245
5 18  0.561989  0.818079
5 19  0.552476  0.689567
5 20  0.557538  0.642848
5 21  0.556447  0.660036
5 22  0.537423  0.818863
5 23  0.575643  0.711605
5 24  0.585581  1.012813
5 25  0.586220  1.087718
5 26  0.284664  0.433354
5 27  0.588595  0.987858
5 28  0.576807  0.825538
5 29  0.587482  0.994194
5 30  0.509731  0.654560
6 7  0.537804  0.637283
6 8  0.536576  0.648271
6 9  0.572994  0.968891
6 10  0.567759  0.839208
6 11  0.572616  1.075057
6 12  0.575884  0.986674
6 13  0.537103  0.806576
6 14  0.570456  1.067535
6 15  0.539944  0.691329
6 16  0.549435  0.938231
6 17  0.558970  0.895975
6 18  0.548452  0.815814
6 19  0.262041  0.441217
6 20  0.541086  0.638604
6 21  0.542278  0.655676
6 22  0.566070  0.850459
6 23  0.536066  0.683412
6 24  0.571964  1.010627
6 25  0.572716  1.085363
6 26  0.547801  0.677555
6 27  0.572962  0.985773
6 28  0.531990  0.795703
6 29  0.574092  0.991981
6 30  0.547125  0.696621
7 8  0.507236  0.576834
7 9  0.585743  0.939440
7 10  0.581564  0.806697
7 11  0.585346  1.040500
7 12  0.591492  0.967290
7 13  0.573859  0.791140
7 14  0.583034  1.032408
7 15  0.545554  0.652084
7 16  0.563804  0.903643
7 17  0.571736  0.861174
7 18  0.561265  0.780963
7 19  0.547724  0.649626
7 20  0.275537  0.338691
7 21  0.502913  0.573752
7 22  0.578921  0.817278
7 23  0.538641  0.639880
7 24  0.584892  0.975846
7 25  0.585584  1.050809
7 26  0.560681  0.642817
7 27  0.587942  0.951363
7 28  0.576927  0.788462
7 29  0.586537  0.956746
7 30  0.560299  0.661716
8 9  0.582765  0.946974
8 10  0.578369  0.810965
8 11  0.582376  1.046547
8 12  0.588503  0.975119
8 13  0.569246  0.792735
8 14  0.580146  1.037326
8 15  0.542060  0.654438
8 16  0.560963  0.910971
8 17  0.568702  0.868489
8 18  0.558245  0.788297
8 19  0.547678  0.657708
8 20  0.503695  0.568071
8 21  0.273460  0.371708
8 22  0.575276  0.824459
8 23  0.534308  0.645515
8 24  0.581847  0.983193
8 25  0.582545  1.058050
8 26  0.557323  0.649934
8 27  0.585159  0.958251
8 28  0.573385  0.795741
8 29  0.583819  0.964313
8 30  0.557231  0.668984
9 10  0.610724  1.134065
9 11  0.586793  1.332488
9 12  0.616319  1.251092
9 13  0.605938  1.111759
9 14  0.577725  1.342925
9 15  0.602235  1.001888
9 16  0.582211  1.228971
9 17  0.596881  1.183123
9 18  0.589269  1.108499
9 19  0.580929  0.981545
9 20  0.586017  0.934809
9 21  0.585279  0.952302
9 22  0.608094  1.144733
9 23  0.604831  1.004103
9 24  0.461115  1.208371
9 25  0.566638  1.278752
9 26  0.589923  0.971917
9 27  0.616185  1.277054
9 28  0.606726  1.116509
9 29  0.574701  1.272554
9 30  0.589483  0.990783
10 11  0.610310  1.215875
10 12  0.604768  1.134174
10 13  0.591640  0.972160
10 14  0.607291  1.190399
10 15  0.596777  0.857598
10 16  0.588734  1.095969
10 17  0.596193  1.056284
10 18  0.586019  0.976401
10 19  0.576575  0.846633
10 20  0.581644  0.801834
10 21  0.580305  0.819084
10 22  0.377565  0.870366
10 23  0.599830  0.870960
10 24  0.609850  1.170514
10 25  0.610074  1.243652
10 26  0.543444  0.804829
10 27  0.597995  1.121097
10 28  0.587010  0.963536
10 29  0.610804  1.151390
10 30  0.541606  0.824597
11 12  0.618896  1.389963
11 13  0.605515  1.203921
11 14  0.584621  1.374371
11 15  0.601866  1.103173
11 16  0.586497  1.327071
11 17  0.581457  1.252112
11 18  0.559453  1.170908
11 19  0.580480  1.083488
11 20  0.585653  1.037123
11 21  0.584841  1.054442
11 22  0.607823  1.246137
11 23  0.604303  1.106024
11 24  0.584465  1.399772
11 25  0.503483  1.447475
11 26  0.589502  1.073984
11 27  0.613559  1.365771
11 28  0.606466  1.217348
11 29  0.565652  1.289757
11 30  0.589037  1.092776
12 13  0.600873  1.141262
12 14  0.605427  1.315856
12 15  0.607118  1.021278
12 16  0.567233  1.212142
12 17  0.605642  1.214952
12 18  0.596108  1.136512
12 19  0.583880  1.008522
12 20  0.591431  0.962841
12 21  0.590921  0.979792
12 22  0.597214  1.149076
12 23  0.610377  1.031757
12 24  0.614002  1.306381
12 25  0.616166  1.395919
12 26  0.595157  0.998920
12 27  0.380350  1.199144
12 28  0.596348  1.116663
12 29  0.615573  1.310295
12 30  0.593005  1.018421
13 14  0.602872  1.208832
13 15  0.580435  0.849688
13 16  0.581104  1.088388
13 17  0.591837  1.046316
13 18  0.581266  0.966467
13 19  0.538915  0.811706
13 20  0.576388  0.791682
13 21  0.574407  0.808233
13 22  0.584815  0.981734
13 23  0.575352  0.839525
13 24  0.605058  1.159596
13 25  0.605788  1.234596
13 26  0.578731  0.828207
13 27  0.590574  1.108310
13 28  0.360136  0.809482
13 29  0.606779  1.140848
13 30  0.579996  0.845917
14 15  0.599652  1.088098
14 16  0.582935  1.282115
14 17  0.593003  1.280377
14 18  0.585214  1.191962
14 19  0.578498  1.075191
14 20  0.583208  1.028356
14 21  0.582806  1.046024
14 22  0.604742  1.237311
14 23  0.602029  1.097717
14 24  0.564649  1.330722
14 25  0.582171  1.466807
14 26  0.587250  1.065822
14 27  0.600173  1.351399
14 28  0.604433  1.210163
14 29  0.465453  1.292543
14 30  0.586277  1.084500
15 16  0.580258  0.966280
15 17  0.588192  0.923981
15 18  0.577756  0.843889
15 19  0.541464  0.687208
15 20  0.535774  0.632292
15 21  0.536163  0.652497
15 22  0.594662  0.880163
15 23  0.365329  0.549796
15 24  0.601262  1.038743
15 25  0.601947  1.113331
15 26  0.576408  0.705238
15 27  0.604779  1.014221
15 28  0.573605  0.830495
15 29  0.603345  1.019896
15 30  0.576545  0.724550
16 17  0.578115  1.148147
16 18  0.566981  1.044139
16 19  0.558777  0.937950
16 20  0.564297  0.898030
16 21  0.563512  0.914712
16 22  0.585053  1.100904
16 23  0.582920  0.967741
16 24  0.568825  1.157774
16 25  0.590047  1.321282
16 26  0.568074  0.930831
16 27  0.567513  1.202404
16 28  0.582869  1.051256
16 29  0.589711  1.229951
16 30  0.567579  0.953963
17 18  0.531966  1.002244
17 19  0.567042  0.901840
17 20  0.572021  0.855936
17 21  0.571236  0.872516
17 22  0.594119  1.055883
17 23  0.590763  0.922339
17 24  0.594877  1.219384
17 25  0.577264  1.220210
17 26  0.575838  0.892738
17 27  0.602296  1.165573
17 28  0.592935  1.037893
17 29  0.594055  1.142807
17 30  0.575400  0.907192
18 19  0.556570  0.819901
18 20  0.561539  0.776045
18 21  0.560762  0.793406
18 22  0.583719  0.986890
18 23  0.580289  0.844668
18 24  0.581691  1.109867
18 25  0.576353  1.213980
18 26  0.565378  0.811684
18 27  0.591897  1.097489
18 28  0.582472  0.954400
18 29  0.578526  1.084032
18 30  0.564948  0.830624
19 20  0.545774  0.639863
19 21  0.546091  0.659916
19 22  0.572853  0.856817
19 23  0.548396  0.698167
19 24  0.580239  1.014296
19 25  0.580864  1.092153
19 26  0.555861  0.683539
19 27  0.580667  0.977354
19 28  0.544775  0.803774
19 29  0.582104  0.995138
19 30  0.555535  0.701052
20 21  0.509807  0.576918
20 22  0.579241  0.812004
20 23  0.548631  0.648989
20 24  0.585166  0.970559
20 25  0.585869  1.044928
20 26  0.560927  0.637566
20 27  0.588694  0.946600
20 28  0.573861  0.777783
20 29  0.586844  0.951507
20 30  0.560571  0.656767
21 22  0.578227  0.825113
21 23  0.546604  0.658712
21 24  0.584442  0.986366
21 25  0.585081  1.059753
21 26  0.560073  0.654413
21 27  0.587883  0.963458
21 28  0.572500  0.790006
21 29  0.586298  0.968008
21 30  0.559732  0.674082
22 23  0.596435  0.868022
22 24  0.606852  1.163719
22 25  0.607556  1.222748
22 26  0.550252  0.830489
22 27  0.599477  1.128852
22 28  0.589908  0.972760
22 29  0.608311  1.144178
22 30  0.550298  0.839816
23 24  0.603949  1.039233
23 25  0.604567  1.110037
23 26  0.579470  0.706543
23 27  0.606074  1.005643
23 28  0.585171  0.843040
23 29  0.605848  1.015588
23 30  0.579236  0.724691
24 25  0.588274  1.335544
24 26  0.589040  1.005598
24 27  0.613930  1.307571
24 28  0.605935  1.128421
24 29  0.578133  1.306628
24 30  0.588534  1.026435
25 26  0.589656  1.082742
25 27  0.614356  1.363813
25 28  0.606669  1.213122
25 29  0.589615  1.342047
25 30  0.589138  1.095514
26 27  0.589631  0.977303
26 28  0.577800  0.808642
26 29  0.590872  0.987711
26 30  0.516621  0.660289
27 28  0.598641  1.117601
27 29  0.605780  1.200573
27 30  0.587686  0.981142
28 29  0.607658  1.133315
28 30  0.578453  0.836469
29 30  0.590224  0.998536
