  -1146.51795158
  -1146.88010084    -1146.75046087
0.00000424107546
2 2 2 2 2 2 2 2 2 2 2 2 2 2 2 0 0 0 0 0 0 0 0 0 0 0 0 0 0 0 
1  0.269605  0.541306
2  0.279869  0.462986
3  0.291927  0.538037
4  0.281847  0.363598
5  0.280210  0.350120
6  0.266268  0.349224
7  0.278869  0.309609
8  0.275608  0.318291
9  0.308057  0.626726
10  0.304492  0.512733
11  0.307519  0.724990
12  0.314440  0.667940
13  0.299876  0.507523
14  0.305732  0.720916
15  0.295403  0.377711
16  0.286502  0.595718
17  0.293633  0.548771
18  0.283206  0.469998
19  0.274381  0.355985
20  0.279206  0.304230
21  0.278118  0.323828
22  0.301950  0.524326
23  0.297960  0.378899
24  0.307195  0.661245
25  0.307702  0.735109
26  0.283643  0.344950
27  0.311300  0.652238
28  0.300833  0.498940
29  0.309355  0.645941
30  0.283120  0.362551
1 2  0.548366  0.988802
1 3  0.559954  1.042598
1 4  0.551244  0.902418
1 5  0.549632  0.882915
1 6  0.535370  0.882769
1 7  0.548426  0.848938
1 8  0.545179  0.857503
1 9  0.561565  1.085609
1 10  0.573270  1.047706
1 11  0.572177  1.224724
1 12  0.557414  1.166654
1 13  0.567260  1.019033
1 14  0.570498  1.256599
1 15  0.564926  0.918692
1 16  0.272683  0.962425
1 17  0.563084  1.085973
1 18  0.552216  1.009746
1 19  0.542019  0.896722
1 20  0.548618  0.845466
1 21  0.547715  0.864981
1 22  0.571188  1.061169
1 23  0.567193  0.919742
1 24  0.554832  1.190363
1 25  0.573062  1.257640
1 26  0.552913  0.885958
1 27  0.555877  1.167510
1 28  0.567371  1.038874
1 29  0.577525  1.177123
1 30  0.552674  0.902930
2 3  0.528336  0.970830
2 4  0.561678  0.823074
2 5  0.560055  0.811263
2 6  0.546120  0.809564
2 7  0.558736  0.772555
2 8  0.555471  0.781134
2 9  0.575472  1.041405
2 10  0.584303  0.972265
2 11  0.575372  1.182701
2 12  0.593104  1.101194
2 13  0.579736  0.968862
2 14  0.578416  1.152742
2 15  0.575249  0.838609
2 16  0.565967  1.056087
2 17  0.289953  0.811051
2 18  0.522347  0.904205
2 19  0.554231  0.818784
2 20  0.559069  0.767147
2 21  0.557983  0.786733
2 22  0.581503  0.986481
2 23  0.577815  0.841723
2 24  0.584793  1.115010
2 25  0.556218  1.156328
2 26  0.563502  0.807784
2 27  0.590960  1.112966
2 28  0.580533  0.961148
2 29  0.588069  1.106892
2 30  0.562870  0.825370
3 4  0.573763  0.900556
3 5  0.572130  0.884887
3 6  0.558175  0.883461
3 7  0.570792  0.846832
3 8  0.567529  0.855505
3 9  0.592114  1.112215
3 10  0.596412  1.047714
3 11  0.575655  1.185726
3 12  0.605660  1.191486
3 13  0.591780  1.033287
3 14  0.593674  1.251067
3 15  0.587302  0.915391
3 16  0.576178  1.131031
3 17  0.530594  1.020953
3 18  0.293399  0.808380
3 19  0.566198  0.893666
3 20  0.571101  0.842136
3 21  0.570039  0.861728
3 22  0.593794  1.060994
3 23  0.589882  0.916712
3 24  0.593556  1.196564
3 25  0.579210  1.235796
3 26  0.575569  0.882736
3 27  0.602845  1.187358
3 28  0.592492  1.035677
3 29  0.597907  1.175822
3 30  0.575030  0.900345
4 5  0.514644  0.679587
4 6  0.547965  0.708386
4 7  0.560701  0.672868
4 8  0.557392  0.681788
4 9  0.589849  0.986719
4 10  0.552491  0.849257
4 11  0.589357  1.087499
4 12  0.591966  1.006553
4 13  0.579600  0.866870
4 14  0.587364  1.075866
4 15  0.577174  0.739664
4 16  0.568233  0.958257
4 17  0.575234  0.912043
4 18  0.564985  0.833438
4 19  0.555743  0.719404
4 20  0.561041  0.667758
4 21  0.559907  0.687259
4 22  0.542419  0.855750
4 23  0.579562  0.742231
4 24  0.588919  1.024176
4 25  0.589175  1.098047
4 26  0.511898  0.661170
4 27  0.590921  1.015173
4 28  0.582189  0.860258
4 29  0.590599  1.009103
4 30  0.288206  0.486126
5 6  0.546340  0.697237
5 7  0.559036  0.659072
5 8  0.555699  0.667248
5 9  0.588225  0.970663
5 10  0.551895  0.845189
5 11  0.587724  1.072568
5 12  0.591991  1.007939
5 13  0.576389  0.842399
5 14  0.585851  1.070473
5 15  0.575389  0.727491
5 16  0.566270  0.945399
5 17  0.573812  0.898659
5 18  0.563413  0.819931
5 19  0.554422  0.705860
5 20  0.559341  0.654266
5 21  0.557948  0.673663
5 22  0.539536  0.838125
5 23  0.577457  0.728451
5 24  0.587313  1.010839
5 25  0.587820  1.084758
5 26  0.286728  0.449859
5 27  0.590889  1.001147
5 28  0.579284  0.848433
5 29  0.589444  0.995679
5 30  0.511833  0.668046
6 7  0.539092  0.649997
6 8  0.537634  0.662628
6 9  0.574279  0.969266
6 10  0.569649  0.858925
6 11  0.573763  1.071783
6 12  0.577726  0.999258
6 13  0.539149  0.830818
6 14  0.571905  1.068679
6 15  0.541268  0.709752
6 16  0.550866  0.944380
6 17  0.559900  0.897698
6 18  0.549424  0.818989
6 19  0.263390  0.461350
6 20  0.542437  0.651425
6 21  0.543329  0.670447
6 22  0.567953  0.871334
6 23  0.537443  0.701553
6 24  0.573237  1.009959
6 25  0.573853  1.083694
6 26  0.549752  0.693820
6 27  0.574821  1.000537
6 28  0.534041  0.819947
6 29  0.575607  0.994779
6 30  0.548961  0.711607
7 8  0.508137  0.587355
7 9  0.586845  0.935643
7 10  0.583317  0.822124
7 11  0.586301  1.032715
7 12  0.593235  0.976693
7 13  0.575764  0.810806
7 14  0.584255  1.028806
7 15  0.546783  0.666346
7 16  0.565143  0.905225
7 17  0.572498  0.858330
7 18  0.562074  0.779556
7 19  0.549061  0.662778
7 20  0.276717  0.348333
7 21  0.503826  0.584669
7 22  0.580648  0.833699
7 23  0.539885  0.653683
7 24  0.586000  0.970574
7 25  0.586564  1.044592
7 26  0.562468  0.654515
7 27  0.589632  0.961506
7 28  0.578801  0.808038
7 29  0.587846  0.954913
7 30  0.561977  0.672095
8 9  0.583637  0.944529
8 10  0.579883  0.827294
8 11  0.583110  1.039880
8 12  0.590008  0.985987
8 13  0.570908  0.813072
8 14  0.581165  1.034706
8 15  0.543041  0.669429
8 16  0.562063  0.913865
8 17  0.569218  0.866968
8 18  0.558812  0.788215
8 19  0.548768  0.671950
8 20  0.504670  0.578244
8 21  0.274052  0.385593
8 22  0.576750  0.842242
8 23  0.535293  0.660618
8 24  0.582708  0.979245
8 25  0.583280  1.053146
8 26  0.558867  0.662975
8 27  0.586603  0.969607
8 28  0.575023  0.816693
8 29  0.584924  0.963834
8 30  0.558668  0.680693
9 10  0.612462  1.137120
9 11  0.587749  1.314047
9 12  0.618040  1.248653
9 13  0.607841  1.119206
9 14  0.578983  1.328101
9 15  0.603391  1.003147
9 16  0.583505  1.218463
9 17  0.597625  1.168261
9 18  0.590057  1.095008
9 19  0.582236  0.982234
9 20  0.587182  0.930593
9 21  0.586147  0.950288
9 22  0.609802  1.148807
9 23  0.606006  1.005322
9 24  0.462149  1.189793
9 25  0.567615  1.262862
9 26  0.591693  0.971277
9 27  0.617860  1.275096
9 28  0.608600  1.123611
9 29  0.575994  1.258464
9 30  0.591146  0.988860
10 11  0.611908  1.215104
10 12  0.607090  1.150012
10 13  0.594065  0.997897
10 14  0.609182  1.193330
10 15  0.598542  0.876609
10 16  0.590691  1.104334
10 17  0.597557  1.060259
10 18  0.587444  0.981816
10 19  0.578514  0.866353
10 20  0.583446  0.816807
10 21  0.581798  0.836281
10 22  0.379889  0.896885
10 23  0.601635  0.891373
10 24  0.611588  1.172089
10 25  0.611675  1.244204
10 26  0.545607  0.822981
10 27  0.600309  1.137410
10 28  0.589429  0.989311
10 29  0.612780  1.156394
10 30  0.543745  0.841399
11 12  0.620482  1.383839
11 13  0.607276  1.206892
11 14  0.585782  1.358428
11 15  0.602886  1.100433
11 16  0.587684  1.312882
11 17  0.582076  1.234152
11 18  0.560116  1.154120
11 19  0.581649  1.080256
11 20  0.586683  1.029046
11 21  0.585567  1.048538
11 22  0.609395  1.246287
11 23  0.605324  1.103314
11 24  0.585437  1.378702
11 25  0.504308  1.423792
11 26  0.591134  1.069435
11 27  0.615091  1.360312
11 28  0.608191  1.220501
11 29  0.566856  1.274213
11 30  0.590558  1.086956
12 13  0.603204  1.161480
12 14  0.607277  1.315570
12 15  0.608860  1.034869
12 16  0.569186  1.216161
12 17  0.607011  1.213269
12 18  0.597529  1.136189
12 19  0.585808  1.022551
12 20  0.593217  0.971935
12 21  0.592408  0.990981
12 22  0.599544  1.165547
12 23  0.612173  1.046242
12 24  0.615721  1.303097
12 25  0.617750  1.390979
12 26  0.597535  1.011401
12 27  0.382654  1.211784
12 28  0.598652  1.135387
12 29  0.617504  1.309709
12 30  0.595281  1.029798
13 14  0.604912  1.216211
13 15  0.582386  0.874699
13 16  0.583241  1.101491
13 17  0.593384  1.055011
13 18  0.582846  0.976652
13 19  0.541028  0.836465
13 20  0.578352  0.811468
13 21  0.576078  0.830258
13 22  0.587245  1.009254
13 23  0.577328  0.864286
13 24  0.606963  1.165811
13 25  0.607558  1.239842
13 26  0.581282  0.851604
13 27  0.592863  1.128199
13 28  0.362581  0.845508
13 29  0.608905  1.150476
13 30  0.582443  0.867846
14 15  0.600978  1.088968
14 16  0.584435  1.272746
14 17  0.593919  1.265951
14 18  0.586169  1.178990
14 19  0.579977  1.076179
14 20  0.584538  1.024497
14 21  0.583840  1.044357
14 22  0.606626  1.241657
14 23  0.603339  1.099247
14 24  0.565910  1.315004
14 25  0.583292  1.449136
14 26  0.589186  1.065532
14 27  0.602012  1.349831
14 28  0.606457  1.217621
14 29  0.466932  1.278502
14 30  0.588104  1.082916
15 16  0.581635  0.972879
15 17  0.588992  0.926192
15 18  0.578608  0.847557
15 19  0.542856  0.705128
15 20  0.537056  0.645669
15 21  0.537121  0.668255
15 22  0.596426  0.901710
15 23  0.366596  0.572190
15 24  0.602412  1.038564
15 25  0.602958  1.112137
15 26  0.578244  0.722048
15 27  0.606515  1.029413
15 28  0.575538  0.854752
15 29  0.604730  1.023187
15 30  0.578269  0.740022
16 17  0.579090  1.138539
16 18  0.567994  1.036742
16 19  0.560292  0.943266
16 20  0.565694  0.899036
16 21  0.564607  0.917814
16 22  0.586976  1.110124
16 23  0.584311  0.974245
16 24  0.570095  1.148750
16 25  0.591236  1.309218
16 26  0.570070  0.935043
16 27  0.569354  1.204976
16 28  0.584896  1.062332
16 29  0.591267  1.221940
16 30  0.569465  0.957212
17 18  0.532366  0.989463
17 19  0.568000  0.903312
17 20  0.572833  0.852630
17 21  0.571748  0.871262
17 22  0.595476  1.060721
17 23  0.591580  0.924126
17 24  0.595620  1.203115
17 25  0.577880  1.204999
17 26  0.577246  0.893022
17 27  0.603614  1.164883
17 28  0.594444  1.045915
17 29  0.595026  1.131544
17 30  0.576701  0.906080
18 19  0.557575  0.822687
18 20  0.562396  0.774196
18 21  0.561321  0.793746
18 22  0.585119  0.993320
18 23  0.581151  0.848189
18 24  0.582479  1.096251
18 25  0.577024  1.198069
18 26  0.566837  0.813289
18 27  0.593256  1.097953
18 28  0.584027  0.963843
18 29  0.579520  1.073576
18 30  0.566298  0.830902
19 20  0.547147  0.652126
19 21  0.547174  0.674654
19 22  0.574739  0.877439
19 23  0.549758  0.716376
19 24  0.581554  1.013277
19 25  0.582042  1.090317
19 26  0.557841  0.699572
19 27  0.582498  0.990441
19 28  0.546798  0.827268
19 29  0.583647  0.997571
19 30  0.557407  0.715548
20 21  0.510762  0.587458
20 22  0.581019  0.827964
20 23  0.549925  0.662730
20 24  0.586316  0.964836
20 25  0.586901  1.038201
20 26  0.562763  0.648752
20 27  0.590445  0.956272
20 28  0.575768  0.796412
20 29  0.588163  0.949148
20 30  0.562300  0.666691
21 22  0.579706  0.842629
21 23  0.547582  0.673774
21 24  0.585310  0.982539
21 25  0.585813  1.054732
21 26  0.561606  0.667677
21 27  0.589333  0.975281
21 28  0.574112  0.810127
21 29  0.587385  0.967741
21 30  0.561157  0.686222
22 23  0.598188  0.887746
22 24  0.608549  1.165907
22 25  0.609127  1.223812
22 26  0.552414  0.849524
22 27  0.601735  1.145974
22 28  0.592265  0.998613
22 29  0.610241  1.149698
22 30  0.552471  0.858254
23 24  0.605117  1.038770
23 25  0.605602  1.108144
23 26  0.581309  0.723094
23 27  0.607762  1.019628
23 28  0.587099  0.867187
23 29  0.607252  1.018275
23 30  0.580965  0.739920
24 25  0.589237  1.318678
24 26  0.590806  1.003147
24 27  0.615604  1.304234
24 28  0.607787  1.133192
24 29  0.579469  1.291941
24 30  0.590192  1.023042
25 26  0.591283  1.079561
25 27  0.615892  1.359599
25 28  0.608389  1.217078
25 29  0.590794  1.326639
25 30  0.590661  1.091225
26 27  0.591918  0.990310
26 28  0.580297  0.830072
26 29  0.592865  0.989120
26 30  0.518762  0.674208
27 28  0.600897  1.138050
27 29  0.607620  1.201396
27 30  0.589885  0.992111
28 29  0.609730  1.142360
28 30  0.580844  0.857595
29 30  0.592108  0.998395
