  -1146.53038492
  -1146.89744521    -1146.77854909
0.00023113895268
2 2 2 2 2 2 2 2 2 2 2 2 2 2 2 0 0 0 0 0 0 0 0 0 0 0 0 0 0 0 
1  0.271407  0.389858
2  0.265828  0.347064
3  0.309356  0.527783
4  0.317555  0.393100
5  0.312086  0.372142
6  0.316172  0.610656
7  0.339380  0.625267
8  0.281019  0.325112
9  0.283861  0.338166
10  0.323093  0.624540
11  0.286336  0.322964
12  0.283784  0.322645
13  0.314127  0.753969
14  0.314325  0.532683
15  0.310774  0.747438
16  0.313585  0.555776
17  0.274041  0.363023
18  0.279795  0.401032
19  0.337645  0.620671
20  0.328088  0.613566
21  0.319360  0.409826
22  0.314946  0.389601
23  0.313931  0.713949
24  0.317132  0.536254
25  0.285896  0.323072
26  0.287477  0.318144
27  0.320034  0.640010
28  0.286551  0.349421
29  0.283029  0.329981
30  0.310373  0.725956
1 2  0.537206  0.732509
1 3  0.576874  0.909443
1 4  0.588956  0.782440
1 5  0.567276  0.745964
1 6  0.587428  0.999219
1 7  0.609346  1.002211
1 8  0.548725  0.708896
1 9  0.555266  0.727599
1 10  0.570150  0.948149
1 11  0.552404  0.702588
1 12  0.555189  0.711819
1 13  0.583474  1.108246
1 14  0.585385  0.912060
1 15  0.581899  1.130827
1 16  0.584771  0.944987
1 17  0.251443  0.502720
1 18  0.550838  0.790581
1 19  0.607258  1.009310
1 20  0.598725  1.002428
1 21  0.567326  0.779109
1 22  0.586287  0.779384
1 23  0.583483  1.102195
1 24  0.573183  0.921046
1 25  0.553705  0.710027
1 26  0.558869  0.707971
1 27  0.587703  1.014849
1 28  0.557339  0.736460
1 29  0.554428  0.719797
1 30  0.578874  1.109906
2 3  0.574978  0.869964
2 4  0.565545  0.724193
2 5  0.577904  0.718018
2 6  0.579535  0.955217
2 7  0.602782  0.955289
2 8  0.546846  0.671974
2 9  0.546936  0.682327
2 10  0.588611  0.959928
2 11  0.552163  0.669543
2 12  0.545076  0.662746
2 13  0.578682  1.086285
2 14  0.558919  0.839462
2 15  0.575287  1.090238
2 16  0.577816  0.897116
2 17  0.539837  0.709920
2 18  0.251762  0.498088
2 19  0.603346  0.966932
2 20  0.571535  0.954076
2 21  0.585187  0.756825
2 22  0.562751  0.720868
2 23  0.574611  1.057872
2 24  0.582884  0.882899
2 25  0.551719  0.670106
2 26  0.548208  0.661659
2 27  0.585818  0.986417
2 28  0.552373  0.696443
2 29  0.547536  0.674431
2 30  0.575685  1.070782
3 4  0.626717  0.913847
3 5  0.610559  0.873284
3 6  0.623421  1.111089
3 7  0.629666  1.080068
3 8  0.588774  0.849423
3 9  0.593180  0.864845
3 10  0.596162  1.123449
3 11  0.594857  0.850067
3 12  0.593130  0.850279
3 13  0.616656  1.277081
3 14  0.621426  1.036017
3 15  0.614182  1.251163
3 16  0.622734  1.081421
3 17  0.581368  0.884930
3 18  0.588989  0.928252
3 19  0.645511  1.146225
3 20  0.637001  1.138908
3 21  0.622670  0.935855
3 22  0.624298  0.917136
3 23  0.620183  1.226670
3 24  0.594290  1.042613
3 25  0.594571  0.849730
3 26  0.596817  0.845857
3 27  0.387893  1.028899
3 28  0.593936  0.875732
3 29  0.592351  0.857637
3 30  0.594962  1.212762
4 5  0.629632  0.763893
4 6  0.622629  0.968949
4 7  0.656019  1.006375
4 8  0.598572  0.717970
4 9  0.563097  0.697183
4 10  0.640555  1.015798
4 11  0.603890  0.716033
4 12  0.564295  0.691383
4 13  0.631526  1.145977
4 14  0.628896  0.915109
4 15  0.627501  1.127901
4 16  0.624110  0.946812
4 17  0.591591  0.756057
4 18  0.574773  0.774189
4 19  0.654632  1.013381
4 20  0.641796  1.001191
4 21  0.636849  0.802862
4 22  0.395705  0.595900
4 23  0.629517  1.103736
4 24  0.634630  0.929168
4 25  0.603435  0.716152
4 26  0.558640  0.669169
4 27  0.637290  1.032674
4 28  0.604067  0.742481
4 29  0.552519  0.678753
4 30  0.627133  1.118262
5 6  0.628096  0.977832
5 7  0.649974  0.983473
5 8  0.557272  0.669103
5 9  0.595944  0.710145
5 10  0.633490  0.989851
5 11  0.559136  0.664994
5 12  0.595868  0.694770
5 13  0.625754  1.125322
5 14  0.626238  0.899491
5 15  0.622285  1.116096
5 16  0.625666  0.927706
5 17  0.569011  0.720438
5 18  0.591834  0.773115
5 19  0.649686  0.992601
5 20  0.640076  0.985522
5 21  0.404289  0.603093
5 22  0.627031  0.761701
5 23  0.625544  1.085249
5 24  0.627879  0.907672
5 25  0.547732  0.647586
5 26  0.599559  0.690269
5 27  0.619475  1.006754
5 28  0.555550  0.683212
5 29  0.595108  0.702094
5 30  0.619546  1.095659
6 7  0.646238  1.197010
6 8  0.597176  0.933966
6 9  0.597197  0.934097
6 10  0.637990  1.229218
6 11  0.602505  0.933166
6 12  0.598655  0.928086
6 13  0.627010  1.345641
6 14  0.594579  1.116258
6 15  0.605041  1.253276
6 16  0.386922  1.027200
6 17  0.590133  0.973015
6 18  0.591408  0.995079
6 19  0.647470  1.226974
6 20  0.604809  1.150889
6 21  0.635277  1.019981
6 22  0.619517  0.995399
6 23  0.620584  1.293003
6 24  0.632803  1.144486
6 25  0.602027  0.933631
6 26  0.603402  0.928278
6 27  0.634841  1.245888
6 28  0.602598  0.959832
6 29  0.597590  0.939880
6 30  0.622197  1.330694
7 8  0.620268  0.949858
7 9  0.623153  0.962838
7 10  0.653141  1.208577
7 11  0.625661  0.947799
7 12  0.623147  0.947676
7 13  0.625471  1.355593
7 14  0.633943  1.082623
7 15  0.623300  1.351028
7 16  0.651230  1.178383
7 17  0.613279  0.987343
7 18  0.617541  1.025024
7 19  0.630495  1.236945
7 20  0.660630  1.234011
7 21  0.658254  1.034598
7 22  0.654252  1.014589
7 23  0.572739  1.239387
7 24  0.654964  1.159325
7 25  0.625169  0.948014
7 26  0.626732  0.943246
7 27  0.652645  1.259697
7 28  0.625586  0.974249
7 29  0.622269  0.954924
7 30  0.568538  1.254369
8 9  0.564879  0.662848
8 10  0.603606  0.944403
8 11  0.519152  0.603989
8 12  0.564802  0.647463
8 13  0.594831  1.070281
8 14  0.595338  0.857682
8 15  0.591682  1.066401
8 16  0.594545  0.880770
8 17  0.553091  0.685589
8 18  0.560788  0.726105
8 19  0.618425  0.945525
8 20  0.609058  0.938571
8 21  0.551468  0.688632
8 22  0.595952  0.714685
8 23  0.594920  1.038856
8 24  0.597771  0.860629
8 25  0.518055  0.608168
8 26  0.568495  0.643251
8 27  0.599670  0.964281
8 28  0.303583  0.439285
8 29  0.564047  0.655081
8 30  0.591248  1.050755
9 10  0.606945  0.961742
9 11  0.570196  0.660875
9 12  0.519484  0.616469
9 13  0.597974  1.085788
9 14  0.597967  0.870343
9 15  0.594212  1.070749
9 16  0.595620  0.892412
9 17  0.557884  0.701152
9 18  0.562731  0.736813
9 19  0.620997  0.958408
9 20  0.611859  0.950662
9 21  0.603173  0.747953
9 22  0.554754  0.687090
9 23  0.597683  1.051747
9 24  0.600880  0.874290
9 25  0.569751  0.661229
9 26  0.515067  0.607758
9 27  0.603723  0.977964
9 28  0.570394  0.687565
9 29  0.294600  0.425678
9 30  0.593969  1.063748
10 11  0.609052  0.940445
10 12  0.606875  0.945541
10 13  0.614720  1.266552
10 14  0.635077  1.126550
10 15  0.630717  1.351848
10 16  0.636156  1.177344
10 17  0.574240  0.980463
10 18  0.602135  1.024451
10 19  0.654202  1.240566
10 20  0.649636  1.234005
10 21  0.637848  1.026699
10 22  0.637892  1.013865
10 23  0.632351  1.332685
10 24  0.398042  1.022977
10 25  0.608730  0.946951
10 26  0.610546  0.942584
10 27  0.604808  1.190536
10 28  0.609552  0.972016
10 29  0.606108  0.954376
10 30  0.623754  1.317406
11 12  0.570119  0.645383
11 13  0.600380  1.069244
11 14  0.600654  0.854963
11 15  0.597096  1.067160
11 16  0.599888  0.878669
11 17  0.554702  0.682398
11 18  0.566095  0.723959
11 19  0.623772  0.943478
11 20  0.614360  0.936431
11 21  0.562332  0.694781
11 22  0.601273  0.712548
11 23  0.600168  1.036750
11 24  0.602866  0.858809
11 25  0.305800  0.401254
11 26  0.573812  0.641104
11 27  0.606135  0.962259
11 28  0.515033  0.620770
11 29  0.569364  0.652939
11 30  0.596667  1.048730
12 13  0.597886  1.070543
12 14  0.597895  0.853557
12 15  0.594304  1.061077
12 16  0.596851  0.877262
12 17  0.557815  0.685635
12 18  0.559337  0.720737
12 19  0.621290  0.943001
12 20  0.611405  0.935763
12 21  0.603128  0.732449
12 22  0.550807  0.667620
12 23  0.597665  1.036395
12 24  0.600867  0.858795
12 25  0.569679  0.645712
12 26  0.293872  0.385738
12 27  0.603773  0.962556
12 28  0.570331  0.672055
12 29  0.515576  0.608682
12 30  0.594124  1.048445
13 14  0.621940  1.259000
13 15  0.603547  1.381805
13 16  0.624455  1.292786
13 17  0.582952  1.113121
13 18  0.592064  1.152948
13 19  0.571565  1.276739
13 20  0.637616  1.361155
13 21  0.631501  1.159545
13 22  0.628450  1.142363
13 23  0.603262  1.458438
13 24  0.606698  1.245292
13 25  0.599998  1.076791
13 26  0.601567  1.071973
13 27  0.623905  1.358677
13 28  0.600487  1.102778
13 29  0.597150  1.083695
13 30  0.575871  1.455857
14 15  0.617826  1.275083
14 16  0.596315  1.065319
14 17  0.588306  0.895236
14 18  0.578374  0.928374
14 19  0.650630  1.151144
14 20  0.401758  1.008971
14 21  0.633657  0.942279
14 22  0.627254  0.920685
14 23  0.603251  1.205710
14 24  0.631208  1.067164
14 25  0.600193  0.855637
14 26  0.601376  0.850385
14 27  0.633958  1.169845
14 28  0.600824  0.881931
14 29  0.597166  0.861611
14 30  0.621710  1.243172
15 16  0.599604  1.260716
15 17  0.584197  1.107733
15 18  0.587547  1.140727
15 19  0.567890  1.271538
15 20  0.628188  1.323717
15 21  0.629460  1.156190
15 22  0.622801  1.134008
15 23  0.576330  1.437002
15 24  0.624627  1.267871
15 25  0.596624  1.070331
15 26  0.598230  1.065417
15 27  0.626445  1.380370
15 28  0.597101  1.096338
15 29  0.593636  1.077085
15 30  0.597688  1.463639
16 17  0.587324  0.913174
16 18  0.589353  0.947836
16 19  0.631092  1.096285
16 20  0.602791  1.138509
16 21  0.632702  0.955774
16 22  0.616665  0.911249
16 23  0.620704  1.264707
16 24  0.628084  1.064346
16 25  0.599462  0.878095
16 26  0.599906  0.872533
16 27  0.631246  1.158966
16 28  0.600087  0.902464
16 29  0.594426  0.878388
16 30  0.617475  1.246824
17 18  0.553790  0.759086
17 19  0.608803  0.964981
17 20  0.601725  0.963997
17 21  0.572471  0.754030
17 22  0.588971  0.751136
17 23  0.586464  1.061994
17 24  0.567667  0.854996
17 25  0.555399  0.680549
17 26  0.561518  0.680948
17 27  0.591359  0.999630
17 28  0.557061  0.709794
17 29  0.557069  0.692953
17 30  0.583002  1.085630
18 19  0.615874  1.007566
18 20  0.581204  0.946216
18 21  0.599145  0.810223
18 22  0.575129  0.771905
18 23  0.591192  1.080878
18 24  0.596507  0.925879
18 25  0.565689  0.723782
18 26  0.561899  0.710813
18 27  0.599615  1.039415
18 28  0.566345  0.750267
18 29  0.558391  0.726217
18 30  0.589749  1.122051
19 20  0.656363  1.191995
19 21  0.656046  1.015891
19 22  0.650842  0.992665
19 23  0.622826  1.312660
19 24  0.634106  1.078974
19 25  0.623510  0.943490
19 26  0.625059  0.938671
19 27  0.648336  1.213933
19 28  0.624087  0.968040
19 29  0.620465  0.948789
19 30  0.620314  1.318538
20 21  0.647325  1.021233
20 22  0.641282  0.995780
20 23  0.619962  1.227184
20 24  0.642627  1.118072
20 25  0.613979  0.935948
20 26  0.615253  0.927757
20 27  0.646586  1.246833
20 28  0.614625  0.962581
20 29  0.610615  0.940858
20 30  0.634840  1.324789
21 22  0.634291  0.797207
21 23  0.633071  1.122430
21 24  0.633511  0.933180
21 25  0.569135  0.710476
21 26  0.606837  0.727829
21 27  0.627655  1.006362
21 28  0.567574  0.721344
21 29  0.602387  0.739169
21 30  0.628741  1.118438
22 23  0.628350  1.102852
22 24  0.631857  0.919130
22 25  0.600839  0.712518
22 26  0.564432  0.680951
22 27  0.634756  1.021670
22 28  0.601493  0.738447
22 29  0.561818  0.688741
22 30  0.624550  1.108771
23 24  0.624129  1.223934
23 25  0.599807  1.032620
23 26  0.601314  1.026647
23 27  0.630282  1.335765
23 28  0.600463  1.058402
23 29  0.596631  1.036969
23 30  0.604396  1.338483
24 25  0.602874  0.858853
24 26  0.604606  0.854230
24 27  0.598866  1.142650
24 28  0.603399  0.885004
24 29  0.600149  0.866034
24 30  0.620550  1.257317
25 26  0.573373  0.641036
25 27  0.603575  0.953971
25 28  0.523742  0.627564
25 29  0.568924  0.652733
25 30  0.595951  1.039476
26 27  0.607508  0.957253
26 28  0.574028  0.667303
26 29  0.521805  0.604152
26 30  0.597827  1.040820
27 28  0.603051  0.968240
27 29  0.603040  0.966799
27 30  0.608997  1.251925
28 29  0.569580  0.678834
28 30  0.596444  1.058803
29 30  0.593268  1.048712
