  -1146.53038492
  -1146.90252630    -1146.79034676
0.00002871229072
2 2 2 2 2 2 2 2 2 2 2 2 2 2 2 0 0 0 0 0 0 0 0 0 0 0 0 0 0 0 
1  0.282421  0.417410
2  0.276719  0.378432
3  0.326117  0.548410
4  0.325007  0.408627
5  0.319196  0.387900
6  0.332444  0.626179
7  0.354419  0.630174
8  0.285162  0.345204
9  0.288060  0.358279
10  0.339543  0.636988
11  0.289842  0.338128
12  0.287198  0.338524
13  0.327232  0.743779
14  0.330158  0.550814
15  0.324066  0.736881
16  0.329860  0.574478
17  0.285208  0.391507
18  0.291268  0.428708
19  0.352302  0.624334
20  0.344245  0.623708
21  0.326848  0.423873
22  0.321934  0.404785
23  0.326691  0.707056
24  0.333709  0.551084
25  0.289253  0.338877
26  0.290969  0.333838
27  0.336630  0.655148
28  0.290950  0.369492
29  0.286903  0.350576
30  0.323524  0.718352
1 2  0.559070  0.789368
1 3  0.604198  0.958431
1 4  0.607413  0.825257
1 5  0.584673  0.789120
1 6  0.614576  1.042045
1 7  0.635196  1.034158
1 8  0.563670  0.754819
1 9  0.570479  0.774851
1 10  0.594371  0.979988
1 11  0.566588  0.743124
1 12  0.569616  0.754610
1 13  0.607325  1.122112
1 14  0.612081  0.955551
1 15  0.606108  1.146736
1 16  0.611989  0.990876
1 17  0.270217  0.557991
1 18  0.573119  0.845718
1 19  0.632681  1.040079
1 20  0.625656  1.040078
1 21  0.585724  0.822026
1 22  0.604256  0.822086
1 23  0.607051  1.122844
1 24  0.599456  0.962678
1 25  0.567957  0.753578
1 26  0.573336  0.751193
1 27  0.615327  1.058914
1 28  0.572678  0.784150
1 29  0.569297  0.767904
1 30  0.603134  1.130060
2 3  0.602444  0.921000
2 4  0.583051  0.770784
2 5  0.595890  0.764616
2 6  0.606357  1.002392
2 7  0.628055  0.989116
2 8  0.561879  0.723186
2 9  0.561907  0.732969
2 10  0.615698  1.000034
2 11  0.566560  0.715594
2 12  0.559109  0.708317
2 13  0.602320  1.103624
2 14  0.582674  0.880950
2 15  0.599353  1.109696
2 16  0.604856  0.947444
2 17  0.561732  0.769745
2 18  0.270542  0.556012
2 19  0.628867  1.001732
2 20  0.597154  0.995265
2 21  0.603563  0.802206
2 22  0.580562  0.768316
2 23  0.598143  1.082551
2 24  0.610207  0.929090
2 25  0.565941  0.717255
2 26  0.562453  0.708860
2 27  0.613318  1.032416
2 28  0.567641  0.747835
2 29  0.562244  0.726395
2 30  0.599625  1.093968
3 4  0.650831  0.947531
3 5  0.632886  0.905150
3 6  0.655673  1.142643
3 7  0.658171  1.100810
3 8  0.609424  0.888501
3 9  0.614135  0.904982
3 10  0.627918  1.158073
3 11  0.614982  0.885494
3 12  0.613303  0.886725
3 13  0.646361  1.287638
3 14  0.653131  1.072271
3 15  0.643407  1.258926
3 16  0.655673  1.120858
3 17  0.609182  0.934492
3 18  0.617158  0.976220
3 19  0.676770  1.170974
3 20  0.669864  1.169305
3 21  0.646366  0.970473
3 22  0.648030  0.952942
3 23  0.649350  1.240071
3 24  0.627030  1.079775
3 25  0.614544  0.885770
3 26  0.617012  0.882138
3 27  0.417985  1.065823
3 28  0.614857  0.916155
3 29  0.612893  0.898814
3 30  0.623824  1.228778
4 5  0.644184  0.794318
4 6  0.644946  0.996285
4 7  0.678379  1.024862
4 8  0.610165  0.753372
4 9  0.574639  0.733149
4 10  0.664376  1.042939
4 11  0.614848  0.746700
4 12  0.575768  0.724115
4 13  0.652015  1.151359
4 14  0.651905  0.947751
4 15  0.648141  1.132322
4 16  0.647373  0.980979
4 17  0.610214  0.800050
4 18  0.593558  0.818635
4 19  0.676670  1.032639
4 20  0.665310  1.027547
4 21  0.651755  0.832421
4 22  0.409575  0.630341
4 23  0.649649  1.112112
4 24  0.658661  0.959528
4 25  0.614215  0.747477
4 26  0.569941  0.701657
4 27  0.661258  1.063294
4 28  0.615860  0.778066
4 29  0.564004  0.716252
4 30  0.647586  1.126151
5 6  0.651356  1.007189
5 7  0.671851  1.001651
5 8  0.568598  0.705685
5 9  0.607253  0.745888
5 10  0.656768  1.017634
5 11  0.570143  0.697504
5 12  0.606392  0.726399
5 13  0.645872  1.130891
5 14  0.649092  0.931835
5 15  0.642472  1.120261
5 16  0.649024  0.962162
5 17  0.587156  0.765406
5 18  0.610399  0.816522
5 19  0.671437  1.012040
5 20  0.663362  1.011375
5 21  0.418271  0.636316
5 22  0.641125  0.792639
5 23  0.645311  1.093932
5 24  0.651412  0.938361
5 25  0.558560  0.680531
5 26  0.610139  0.721715
5 27  0.642961  1.037708
5 28  0.567188  0.720191
5 29  0.606059  0.738442
5 30  0.639687  1.103723
6 7  0.676564  1.217147
6 8  0.617573  0.968251
6 9  0.617471  0.966534
6 10  0.670023  1.256564
6 11  0.622283  0.963501
6 12  0.618043  0.958125
6 13  0.656071  1.352066
6 14  0.625185  1.150806
6 15  0.632612  1.257355
6 16  0.416551  1.062165
6 17  0.617604  1.016589
6 18  0.619233  1.040023
6 19  0.677647  1.246394
6 20  0.637288  1.185593
6 21  0.658950  1.049523
6 22  0.642477  1.026130
6 23  0.649355  1.304352
6 24  0.665598  1.174516
6 25  0.621580  0.964928
6 26  0.623086  0.959310
6 27  0.667441  1.276750
6 28  0.623116  0.995362
6 29  0.617517  0.975945
6 30  0.651108  1.339114
7 8  0.639380  0.974508
7 9  0.642402  0.987690
7 10  0.683655  1.226406
7 11  0.644203  0.967692
7 12  0.641590  0.968282
7 13  0.653774  1.351996
7 14  0.661820  1.102247
7 15  0.651584  1.347026
7 16  0.682387  1.202491
7 17  0.639442  1.020577
7 18  0.643772  1.057152
7 19  0.660937  1.246510
7 20  0.690987  1.249161
7 21  0.680743  1.053647
7 22  0.676256  1.034700
7 23  0.599360  1.244211
7 24  0.686351  1.179553
7 25  0.643451  0.968495
7 26  0.645155  0.963711
7 27  0.683366  1.279933
7 28  0.644857  0.998933
7 29  0.641121  0.980148
7 30  0.594933  1.257622
8 9  0.573220  0.702489
8 10  0.624077  0.975316
8 11  0.527148  0.639675
8 12  0.572358  0.683066
8 13  0.611976  1.077061
8 14  0.615309  0.895810
8 15  0.609046  1.072776
8 16  0.614823  0.919505
8 17  0.568344  0.734121
8 18  0.576358  0.773838
8 19  0.637117  0.969022
8 20  0.629259  0.968717
8 21  0.563267  0.724462
8 22  0.607031  0.749955
8 23  0.611812  1.051976
8 24  0.618381  0.895243
8 25  0.525980  0.646924
8 26  0.576130  0.679028
8 27  0.620227  0.999431
8 28  0.311060  0.482605
8 29  0.572062  0.695753
8 30  0.608465  1.063195
9 10  0.627596  0.993755
9 11  0.577901  0.695814
9 12  0.527359  0.652509
9 13  0.615264  1.093526
9 14  0.617948  0.908177
9 15  0.611638  1.076796
9 16  0.615828  0.930956
9 17  0.573204  0.749712
9 18  0.578317  0.784617
9 19  0.639700  0.981862
9 20  0.632170  0.980737
9 21  0.614791  0.782100
9 22  0.566079  0.723738
9 23  0.614654  1.064898
9 24  0.621527  0.909115
9 25  0.577303  0.697134
9 26  0.523260  0.646963
9 27  0.624360  1.013130
9 28  0.578970  0.727725
9 29  0.301740  0.469795
9 30  0.611233  1.076145
10 11  0.628982  0.966277
10 12  0.626739  0.972830
10 13  0.642318  1.268932
10 14  0.666726  1.153959
10 15  0.660146  1.355036
10 16  0.668849  1.208058
10 17  0.600304  1.020792
10 18  0.629833  1.064511
10 19  0.684561  1.256853
10 20  0.682087  1.257041
10 21  0.661634  1.054169
10 22  0.661348  1.041445
10 23  0.661162  1.338858
10 24  0.427996  1.049029
10 25  0.628522  0.975152
10 26  0.630422  0.970645
10 27  0.637878  1.227192
10 28  0.630377  1.004371
10 29  0.626387  0.987302
10 30  0.653353  1.326306
11 12  0.577038  0.676133
11 13  0.616960  1.071709
11 14  0.619995  0.887844
11 15  0.613878  1.070151
11 16  0.619596  0.912492
11 17  0.569215  0.726149
11 18  0.581011  0.766776
11 19  0.641808  0.962174
11 20  0.633915  0.961681
11 21  0.573777  0.725303
11 22  0.611735  0.742889
11 23  0.616355  1.044961
11 24  0.622879  0.888674
11 25  0.311995  0.434237
11 26  0.580803  0.671957
11 27  0.626193  0.992345
11 28  0.523406  0.659468
11 29  0.576745  0.688688
11 30  0.613322  1.056283
12 13  0.614379  1.073968
12 14  0.617142  0.886775
12 15  0.610917  1.064368
12 16  0.616416  0.911475
12 17  0.572347  0.729979
12 18  0.574048  0.764448
12 19  0.639235  0.962326
12 20  0.630933  0.961747
12 21  0.613993  0.762367
12 22  0.561571  0.700263
12 23  0.613789  1.045340
12 24  0.620755  0.889447
12 25  0.576450  0.677387
12 26  0.300135  0.419811
12 27  0.623706  0.993527
12 28  0.578138  0.707990
12 29  0.523369  0.648223
12 30  0.610668  1.056663
13 14  0.650244  1.265555
13 15  0.628701  1.369766
13 16  0.653458  1.301651
13 17  0.607080  1.131729
13 18  0.616469  1.170434
13 19  0.598102  1.277046
13 20  0.666471  1.361790
13 21  0.652061  1.163260
13 22  0.648468  1.147169
13 23  0.628858  1.443907
13 24  0.635473  1.253817
13 25  0.616444  1.082360
13 26  0.618114  1.077402
13 27  0.653311  1.367645
13 28  0.617986  1.112544
13 29  0.614126  1.093998
13 30  0.602375  1.440409
14 15  0.647014  1.283009
14 16  0.627822  1.104082
14 17  0.615160  0.941865
14 18  0.604053  0.973128
14 19  0.680917  1.173431
14 20  0.431395  1.036282
14 21  0.656978  0.974442
14 22  0.649959  0.954297
14 23  0.631085  1.220490
14 24  0.663562  1.100303
14 25  0.619319  0.889503
14 26  0.620625  0.884041
14 27  0.666302  1.202634
14 28  0.620972  0.920011
14 29  0.616778  0.899974
14 30  0.650367  1.254016
15 16  0.628228  1.272634
15 17  0.608508  1.125161
15 18  0.612399  1.158304
15 19  0.594079  1.270056
15 20  0.657677  1.328002
15 21  0.650019  1.159703
15 22  0.642869  1.138675
15 23  0.602544  1.421656
15 24  0.654165  1.272579
15 25  0.613240  1.075503
15 26  0.615011  1.070516
15 27  0.655907  1.385711
15 28  0.614669  1.105725
15 29  0.610700  1.087052
15 30  0.623647  1.448199
16 17  0.614552  0.959402
16 18  0.616670  0.995258
16 19  0.658728  1.114857
16 20  0.633752  1.168864
16 21  0.656351  0.985687
16 22  0.638387  0.940797
16 23  0.649679  1.276511
16 24  0.659957  1.095386
16 25  0.619089  0.912329
16 26  0.619438  0.906048
16 27  0.663315  1.187959
16 28  0.620750  0.940104
16 29  0.614300  0.915305
16 30  0.646104  1.255716
17 18  0.576376  0.813220
17 19  0.634024  0.994965
17 20  0.628760  0.999211
17 21  0.590332  0.796287
17 22  0.607105  0.794182
17 23  0.610012  1.080395
17 24  0.592227  0.891363
17 25  0.569755  0.723724
17 26  0.576176  0.724871
17 27  0.618827  1.043633
17 28  0.572500  0.757953
17 29  0.572109  0.741940
17 30  0.607191  1.105622
18 19  0.641811  1.038727
18 20  0.605512  0.976796
18 21  0.618096  0.851675
18 22  0.592858  0.814520
18 23  0.615115  1.098630
18 24  0.624361  0.966422
18 25  0.580519  0.766908
18 26  0.576619  0.752371
18 27  0.627540  1.081989
18 28  0.582217  0.797790
18 29  0.573512  0.773253
18 30  0.614297  1.141257
19 20  0.686327  1.206963
19 21  0.678061  1.031921
19 22  0.672194  1.008968
19 23  0.650377  1.311059
19 24  0.662158  1.094795
19 25  0.641506  0.962929
19 26  0.643185  0.957859
19 27  0.678855  1.233540
19 28  0.643149  0.991558
19 29  0.638935  0.972420
19 30  0.647962  1.316339
20 21  0.670894  1.044583
20 22  0.664198  1.020551
20 23  0.646999  1.230973
20 24  0.674645  1.140658
20 25  0.633493  0.961391
20 26  0.634891  0.952361
20 27  0.678681  1.271515
20 28  0.635181  0.992544
20 29  0.630548  0.970515
20 30  0.663683  1.328305
21 22  0.648754  0.825305
21 23  0.653264  1.129683
21 24  0.657247  0.961166
21 25  0.580675  0.741562
21 26  0.617814  0.757465
21 27  0.650337  1.032145
21 28  0.579276  0.755278
21 29  0.613745  0.773346
21 30  0.649243  1.124374
22 23  0.648057  1.111109
22 24  0.655307  0.947352
22 25  0.611183  0.743441
22 26  0.575274  0.713434
22 27  0.658205  1.049636
22 28  0.612879  0.773372
22 29  0.572716  0.724836
22 30  0.644522  1.115257
23 24  0.652759  1.231410
23 25  0.615910  1.039789
23 26  0.617525  1.033264
23 27  0.659166  1.344514
23 28  0.617613  1.069795
23 29  0.613154  1.048030
23 30  0.629324  1.329997
24 25  0.622792  0.889176
24 26  0.624676  0.884614
24 27  0.630477  1.173450
24 28  0.624339  0.919797
24 29  0.620596  0.901386
24 30  0.650305  1.265042
25 26  0.580221  0.672300
25 27  0.623129  0.982720
25 28  0.531737  0.663376
25 29  0.576156  0.688761
25 30  0.612363  1.045450
26 27  0.627589  0.987449
26 28  0.581918  0.702725
26 29  0.529511  0.640939
26 30  0.614441  1.047190
27 28  0.623759  0.999672
27 29  0.623486  1.000608
27 30  0.636824  1.257826
28 29  0.577853  0.718840
28 30  0.613942  1.067715
29 30  0.610209  1.058422
