  -1146.53038492
  -1146.90283677    -1146.79110917
0.00001424489449
2 2 2 2 2 2 2 2 2 2 2 2 2 2 2 0 0 0 0 0 0 0 0 0 0 0 0 0 0 0 
1  0.283137  0.420283
2  0.277453  0.381158
3  0.327366  0.550110
4  0.325582  0.410280
5  0.319772  0.389723
6  0.333677  0.627230
7  0.355612  0.630404
8  0.285393  0.347690
9  0.288276  0.360610
10  0.340793  0.638057
11  0.290086  0.340061
12  0.287387  0.340438
13  0.328196  0.742480
14  0.331318  0.552154
15  0.325084  0.735451
16  0.331078  0.576026
17  0.285999  0.394164
18  0.292004  0.431263
19  0.353457  0.624536
20  0.345507  0.624252
21  0.327415  0.425501
22  0.322498  0.406438
23  0.327659  0.705809
24  0.334888  0.552234
25  0.289440  0.340909
26  0.291184  0.335697
27  0.337863  0.656495
28  0.291166  0.372066
29  0.287129  0.352994
30  0.324546  0.717223
1 2  0.560509  0.794694
1 3  0.606126  0.963055
1 4  0.608701  0.829734
1 5  0.585922  0.793738
1 6  0.616504  1.045925
1 7  0.637090  1.037208
1 8  0.564619  0.759990
1 9  0.571411  0.779998
1 10  0.596166  0.983104
1 11  0.567546  0.747667
1 12  0.570521  0.759299
1 13  0.608989  1.123351
1 14  0.613936  0.959505
1 15  0.607836  1.148119
1 16  0.613936  0.995242
1 17  0.271520  0.563697
1 18  0.574533  0.851135
1 19  0.634537  1.043112
1 20  0.627581  1.043492
1 21  0.586977  0.826659
1 22  0.605533  0.826607
1 23  0.608728  1.124478
1 24  0.601289  0.966628
1 25  0.568859  0.758509
1 26  0.574263  0.755922
1 27  0.617273  1.063229
1 28  0.573609  0.789600
1 29  0.570238  0.773188
1 30  0.604867  1.131840
2 3  0.604392  0.925344
2 4  0.584323  0.775092
2 5  0.597198  0.769083
2 6  0.608303  1.006197
2 7  0.629932  0.991885
2 8  0.562843  0.728358
2 9  0.562858  0.737945
2 10  0.617650  1.003488
2 11  0.567536  0.720174
2 12  0.560036  0.712769
2 13  0.603993  1.104764
2 14  0.584385  0.884395
2 15  0.601100  1.110875
2 16  0.606805  0.951726
2 17  0.563230  0.775124
2 18  0.271816  0.561407
2 19  0.630750  1.004649
2 20  0.599063  0.998518
2 21  0.604861  0.806552
2 22  0.581846  0.772784
2 23  0.599798  1.084043
2 24  0.612094  0.932964
2 25  0.566855  0.722011
2 26  0.563397  0.713478
2 27  0.615285  1.036432
2 28  0.568586  0.753128
2 29  0.563202  0.731540
2 30  0.601368  1.095551
3 4  0.652645  0.950610
3 5  0.634612  0.908232
3 6  0.658088  1.145119
3 7  0.660343  1.102408
3 8  0.610903  0.892542
3 9  0.615600  0.908935
3 10  0.630309  1.160963
3 11  0.616472  0.889087
3 12  0.614738  0.890333
3 13  0.648557  1.288061
3 14  0.655451  1.075196
3 15  0.645607  1.259086
3 16  0.658121  1.124109
3 17  0.611213  0.938871
3 18  0.619140  0.980424
3 19  0.679159  1.172926
3 20  0.672367  1.171528
3 21  0.648148  0.973802
3 22  0.649841  0.956291
3 23  0.651526  1.240571
3 24  0.629402  1.082733
3 25  0.615963  0.889462
3 26  0.618462  0.885695
3 27  0.420257  1.069044
3 28  0.616305  0.920415
3 29  0.614343  0.902929
3 30  0.626038  1.229551
4 5  0.645334  0.797666
4 6  0.646669  0.998676
4 7  0.680133  1.026531
4 8  0.610971  0.757481
4 9  0.575452  0.737225
4 10  0.666187  1.045541
4 11  0.615667  0.750283
4 12  0.576564  0.727873
4 13  0.653546  1.151723
4 14  0.653627  0.950631
4 15  0.649726  1.132534
4 16  0.649134  0.984178
4 17  0.611580  0.804357
4 18  0.594835  0.822962
4 19  0.678407  1.034505
4 20  0.667129  1.029804
4 21  0.652897  0.835700
4 22  0.410646  0.634210
4 23  0.651170  1.112486
4 24  0.660419  0.962330
4 25  0.614969  0.751162
4 26  0.570758  0.705320
4 27  0.663056  1.066292
4 28  0.616636  0.782293
4 29  0.564829  0.720463
4 30  0.649151  1.126670
5 6  0.653151  1.009857
5 7  0.673599  1.003442
5 8  0.569434  0.710148
5 9  0.608044  0.750025
5 10  0.658574  1.020422
5 11  0.570995  0.701483
5 12  0.607156  0.730135
5 13  0.647404  1.131397
5 14  0.650814  0.934801
5 15  0.644045  1.120573
5 16  0.650813  0.965529
5 17  0.588498  0.769964
5 18  0.611709  0.820896
5 19  0.673166  1.014064
5 20  0.665199  1.013734
5 21  0.419361  0.640346
5 22  0.642264  0.796113
5 23  0.646827  1.094490
5 24  0.653154  0.941350
5 25  0.559353  0.684546
5 26  0.610924  0.725398
5 27  0.644746  1.040879
5 28  0.568006  0.724729
5 29  0.606849  0.742686
5 30  0.641240  1.104396
6 7  0.678897  1.218479
6 8  0.619035  0.971627
6 9  0.618926  0.969604
6 10  0.672441  1.258610
6 11  0.623758  0.966443
6 12  0.619458  0.960955
6 13  0.658227  1.352018
6 14  0.627467  1.153279
6 15  0.634671  1.257105
6 16  0.418815  1.064791
6 17  0.619630  1.020249
6 18  0.621198  1.043769
6 19  0.679948  1.247659
6 20  0.639773  1.187848
6 21  0.660746  1.052201
6 22  0.644248  1.028834
6 23  0.651534  1.304501
6 24  0.667998  1.176701
6 25  0.622988  0.968006
6 26  0.624529  0.962196
6 27  0.669890  1.279179
6 28  0.624533  0.998980
6 29  0.618964  0.979417
6 30  0.653336  1.339076
7 8  0.640797  0.977182
7 9  0.643813  0.990227
7 10  0.685992  1.227795
7 11  0.645639  0.969822
7 12  0.642969  0.970400
7 13  0.655939  1.351077
7 14  0.663935  1.103628
7 15  0.653767  1.345978
7 16  0.684778  1.204316
7 17  0.641419  1.023452
7 18  0.645691  1.059906
7 19  0.663313  1.247011
7 20  0.693352  1.249942
7 21  0.682503  1.055514
7 22  0.678012  1.036584
7 23  0.601435  1.243779
7 24  0.688708  1.180978
7 25  0.644812  0.970720
7 26  0.646560  0.965779
7 27  0.685693  1.281502
7 28  0.646267  1.001698
7 29  0.642518  0.982758
7 30  0.597007  1.257240
8 9  0.573666  0.707214
8 10  0.625556  0.978677
8 11  0.527630  0.644123
8 12  0.572777  0.687408
8 13  0.613165  1.077919
8 14  0.616698  0.899620
8 15  0.610291  1.073486
8 16  0.616241  0.923531
8 17  0.569363  0.739265
8 18  0.577316  0.778873
8 19  0.638481  0.971676
8 20  0.630734  0.971732
8 21  0.564090  0.728724
8 22  0.607812  0.754095
8 23  0.613015  1.053207
8 24  0.619785  0.898852
8 25  0.526405  0.651784
8 26  0.576577  0.683372
8 27  0.621684  1.003267
8 28  0.311475  0.488172
8 29  0.572514  0.700655
8 30  0.609704  1.064545
9 10  0.629061  0.997096
9 11  0.578360  0.700022
9 12  0.527762  0.656762
9 13  0.616443  1.094339
9 14  0.619325  0.911802
9 15  0.612874  1.077354
9 16  0.617253  0.934827
9 17  0.574200  0.754694
9 18  0.579268  0.789502
9 19  0.641060  0.984357
9 20  0.633647  0.983596
9 21  0.615559  0.786056
9 22  0.566888  0.727873
9 23  0.615837  1.065975
9 24  0.622903  0.912576
9 25  0.577706  0.701495
9 26  0.523703  0.651511
9 27  0.625769  1.016797
9 28  0.579398  0.732626
9 29  0.302148  0.475016
9 30  0.612460  1.077335
10 11  0.630478  0.969050
10 12  0.628177  0.975679
10 13  0.644346  1.268812
10 14  0.669098  1.156216
10 15  0.662367  1.354871
10 16  0.671307  1.210646
10 17  0.602251  1.024470
10 18  0.631775  1.068134
10 19  0.686883  1.258144
10 20  0.684588  1.258697
10 21  0.663437  1.056957
10 22  0.663162  1.044161
10 23  0.663346  1.338738
10 24  0.430262  1.051102
10 25  0.629952  0.978249
10 26  0.631872  0.973568
10 27  0.640350  1.230277
10 28  0.631842  1.007999
10 29  0.627853  0.990772
10 30  0.655602  1.326647
11 12  0.577470  0.679931
11 13  0.618166  1.072054
11 14  0.621400  0.891049
11 15  0.615136  1.070469
11 16  0.621040  0.915967
11 17  0.570239  0.730775
11 18  0.581977  0.771260
11 19  0.643202  0.964294
11 20  0.635402  0.964151
11 21  0.574607  0.729027
11 22  0.612536  0.746476
11 23  0.617548  1.045638
11 24  0.624296  0.891751
11 25  0.312421  0.438633
11 26  0.581263  0.675748
11 27  0.627668  0.995601
11 28  0.523874  0.664341
11 29  0.577215  0.693038
11 30  0.614587  1.057085
12 13  0.615529  1.074335
12 14  0.618491  0.889939
12 15  0.612121  1.064641
12 16  0.617815  0.914898
12 17  0.573311  0.734549
12 18  0.574968  0.768945
12 19  0.640561  0.964411
12 20  0.632377  0.964207
12 21  0.614741  0.765907
12 22  0.562364  0.704005
12 23  0.614940  1.046001
12 24  0.622115  0.892499
12 25  0.576826  0.681332
12 26  0.300543  0.423991
12 27  0.625112  0.996782
12 28  0.578544  0.712477
12 29  0.523791  0.652900
12 30  0.611883  1.057442
13 14  0.652302  1.265533
13 15  0.630610  1.368086
13 16  0.655606  1.302043
13 17  0.608779  1.133102
13 18  0.618159  1.171708
13 19  0.600143  1.276535
13 20  0.668667  1.361104
13 21  0.653577  1.163565
13 22  0.649975  1.147501
13 23  0.630754  1.441565
13 24  0.637554  1.253933
13 25  0.617594  1.083085
13 26  0.619281  1.077953
13 27  0.655489  1.368110
13 28  0.619165  1.113809
13 29  0.615318  1.095104
13 30  0.604387  1.438139
14 15  0.649184  1.282962
14 16  0.630157  1.107091
14 17  0.617092  0.945863
14 18  0.605866  0.976927
14 19  0.683216  1.175020
14 20  0.433651  1.037984
14 21  0.658706  0.977407
14 22  0.651666  0.957321
14 23  0.633160  1.220863
14 24  0.665897  1.102807
14 25  0.620659  0.892863
14 26  0.621995  0.887234
14 27  0.668682  1.205296
14 28  0.622331  0.923903
14 29  0.618156  0.903707
14 30  0.652517  1.254332
15 16  0.630389  1.273019
15 17  0.610314  1.126363
15 18  0.614156  1.159487
15 19  0.596099  1.269303
15 20  0.659938  1.327570
15 21  0.651583  1.159896
15 22  0.644414  1.138894
15 23  0.604547  1.419101
15 24  0.656331  1.272418
15 25  0.614448  1.076099
15 26  0.616245  1.070943
15 27  0.658136  1.385712
15 28  0.615885  1.106853
15 29  0.611930  1.088034
15 30  0.625609  1.445874
16 17  0.616522  0.963521
16 18  0.618591  0.999432
16 19  0.660832  1.116340
16 20  0.636125  1.171092
16 21  0.658125  0.988557
16 22  0.640073  0.943601
16 23  0.651841  1.276831
16 24  0.662269  1.097959
16 25  0.620490  0.915873
16 26  0.620857  0.909361
16 27  0.665687  1.190514
16 28  0.622187  0.944061
16 29  0.615741  0.919042
16 30  0.648276  1.256024
17 18  0.577890  0.818186
17 19  0.635933  0.997650
17 20  0.630789  1.002117
17 21  0.591649  0.800498
17 22  0.608460  0.798415
17 23  0.611730  1.081566
17 24  0.593998  0.894594
17 25  0.570744  0.728274
17 26  0.577183  0.729345
17 27  0.620831  1.047676
17 28  0.573510  0.763157
17 29  0.573127  0.746999
17 30  0.609002  1.107072
18 19  0.643689  1.041480
18 20  0.607343  0.979268
18 21  0.619396  0.855805
18 22  0.594111  0.818669
18 23  0.616796  1.099721
18 24  0.626257  0.969925
18 25  0.581441  0.771439
18 26  0.577577  0.756583
18 27  0.629487  1.085849
18 28  0.583169  0.802889
18 29  0.574473  0.778113
18 30  0.616051  1.142656
19 20  0.688649  1.207879
19 21  0.679765  1.033552
19 22  0.673897  1.010589
19 23  0.652504  1.310181
19 24  0.664249  1.095952
19 25  0.642845  0.965157
19 26  0.644555  0.959898
19 27  0.681164  1.235179
19 28  0.644523  0.994296
19 29  0.640315  0.974988
19 30  0.650108  1.315562
20 21  0.672712  1.046638
20 22  0.666011  1.022661
20 23  0.649044  1.230533
20 24  0.677020  1.142291
20 25  0.634941  0.963898
20 26  0.636373  0.954623
20 27  0.681111  1.273345
20 28  0.636660  0.995633
20 29  0.632039  0.973368
20 30  0.665917  1.327902
21 22  0.649885  0.828438
21 23  0.654789  1.130086
21 24  0.658984  0.963833
21 25  0.581466  0.745430
21 26  0.618596  0.760940
21 27  0.652054  1.034818
21 28  0.580071  0.759495
21 29  0.614538  0.777331
21 30  0.650822  1.124866
22 23  0.649585  1.111506
22 24  0.657036  0.949964
22 25  0.611933  0.747118
22 26  0.576094  0.717160
22 27  0.659988  1.052397
22 28  0.613659  0.777548
22 29  0.573526  0.728993
22 30  0.646084  1.115685
23 24  0.654842  1.231359
23 25  0.617065  1.040367
23 26  0.618705  1.033642
23 27  0.661318  1.344741
23 28  0.618796  1.070928
23 29  0.614339  1.048918
23 30  0.631247  1.328420
24 25  0.624157  0.892320
24 26  0.626070  0.887598
24 27  0.632769  1.175997
24 28  0.625735  0.923503
24 29  0.621999  0.904945
24 30  0.652493  1.265115
25 26  0.580623  0.676151
25 27  0.624534  0.985844
25 28  0.532142  0.667959
25 29  0.576568  0.693148
25 30  0.613573  1.046092
26 27  0.629034  0.990577
26 28  0.582350  0.707101
26 29  0.529954  0.645268
26 30  0.615674  1.047727
27 28  0.625214  1.003140
27 29  0.624943  1.004142
27 30  0.638905  1.258003
28 29  0.578294  0.723719
28 30  0.615183  1.068771
29 30  0.611451  1.059354
