  -1146.53038492
  -1146.90290314    -1146.79128334
0.00001148008164
2 2 2 2 2 2 2 2 2 2 2 2 2 2 2 0 0 0 0 0 0 0 0 0 0 0 0 0 0 0 
1  0.283288  0.420923
2  0.277602  0.381828
3  0.327649  0.550552
4  0.325690  0.410714
5  0.319893  0.390175
6  0.333924  0.627512
7  0.355853  0.630427
8  0.285440  0.348310
9  0.288308  0.361257
10  0.341057  0.638273
11  0.290141  0.340558
12  0.287425  0.340971
13  0.328413  0.742139
14  0.331580  0.552480
15  0.325312  0.735105
16  0.331355  0.576398
17  0.286172  0.394784
18  0.292159  0.431912
19  0.353694  0.624564
20  0.345770  0.624413
21  0.327541  0.425924
22  0.322605  0.406862
23  0.327861  0.705525
24  0.335161  0.552505
25  0.289493  0.341432
26  0.291228  0.336201
27  0.338130  0.656787
28  0.291212  0.372726
29  0.287162  0.353621
30  0.324750  0.716901
1 2  0.560808  0.795933
1 3  0.606551  0.964149
1 4  0.608960  0.830794
1 5  0.586184  0.794811
1 6  0.616898  1.046836
1 7  0.637481  1.037864
1 8  0.564820  0.761204
1 9  0.571594  0.781269
1 10  0.596543  0.983783
1 11  0.567754  0.748741
1 12  0.570710  0.760445
1 13  0.609354  1.123595
1 14  0.614346  0.960407
1 15  0.608213  1.148402
1 16  0.614362  0.996239
1 17  0.271802  0.565019
1 18  0.574829  0.852423
1 19  0.634919  1.043774
1 20  0.627990  1.044295
1 21  0.587253  0.827756
1 22  0.605792  0.827669
1 23  0.609079  1.124836
1 24  0.601697  0.967526
1 25  0.569062  0.759678
1 26  0.574457  0.757065
1 27  0.617692  1.064188
1 28  0.573807  0.790900
1 29  0.570420  0.774453
1 30  0.605222  1.132166
2 3  0.604818  0.926418
2 4  0.584568  0.776179
2 5  0.597468  0.770179
2 6  0.608692  1.007154
2 7  0.630312  0.992539
2 8  0.563039  0.729638
2 9  0.563041  0.739241
2 10  0.618058  1.004280
2 11  0.567741  0.721319
2 12  0.560225  0.713924
2 13  0.604351  1.105030
2 14  0.584761  0.885237
2 15  0.601477  1.111172
2 16  0.607227  0.952776
2 17  0.563541  0.776413
2 18  0.272089  0.562782
2 19  0.631136  1.005344
2 20  0.599458  0.999343
2 21  0.605136  0.807644
2 22  0.582095  0.773906
2 23  0.600145  1.084435
2 24  0.612515  0.933905
2 25  0.567055  0.723204
2 26  0.563588  0.714662
2 27  0.615700  1.037380
2 28  0.568780  0.754456
2 29  0.563383  0.732838
2 30  0.601719  1.095894
3 4  0.653033  0.951399
3 5  0.634994  0.909015
3 6  0.658601  1.145755
3 7  0.660804  1.102791
3 8  0.611234  0.893567
3 9  0.615915  0.909999
3 10  0.630832  1.161652
3 11  0.616810  0.890016
3 12  0.615059  0.891307
3 13  0.649054  1.288170
3 14  0.655979  1.075931
3 15  0.646105  1.259143
3 16  0.658679  1.124924
3 17  0.611665  0.939941
3 18  0.619576  0.981500
3 19  0.679676  1.173408
3 20  0.672911  1.172123
3 21  0.648548  0.974668
3 22  0.650229  0.957155
3 23  0.652001  1.240749
3 24  0.629946  1.083479
3 25  0.616296  0.890416
3 26  0.618784  0.886641
3 27  0.420772  1.069817
3 28  0.616635  0.921518
3 29  0.614652  0.903997
3 30  0.626512  1.229716
4 5  0.645564  0.798514
4 6  0.647013  0.999310
4 7  0.680484  1.026947
4 8  0.611126  0.758526
4 9  0.575602  0.738327
4 10  0.666557  1.046157
4 11  0.615830  0.751214
4 12  0.576720  0.728894
4 13  0.653868  1.151819
4 14  0.653996  0.951358
4 15  0.650062  1.132616
4 16  0.649514  0.984986
4 17  0.611860  0.805410
4 18  0.595086  0.824082
4 19  0.678755  1.034969
4 20  0.667497  1.030415
4 21  0.653131  0.836557
4 22  0.410856  0.635221
4 23  0.651471  1.112629
4 24  0.660802  0.963036
4 25  0.615129  0.752118
4 26  0.570918  0.706295
4 27  0.663422  1.067017
4 28  0.616786  0.783387
4 29  0.564978  0.721558
4 30  0.649463  1.126777
5 6  0.653515  1.010530
5 7  0.673959  1.003853
5 8  0.569615  0.711257
5 9  0.608198  0.751119
5 10  0.658957  1.021066
5 11  0.571180  0.702489
5 12  0.607316  0.731121
5 13  0.647739  1.131505
5 14  0.651194  0.935523
5 15  0.644392  1.120663
5 16  0.651210  0.966352
5 17  0.588788  0.771058
5 18  0.611985  0.821996
5 19  0.673525  1.014545
5 20  0.665582  1.014346
5 21  0.419589  0.641386
5 22  0.642492  0.796988
5 23  0.647151  1.094650
5 24  0.653544  0.942078
5 25  0.559537  0.685560
5 26  0.611087  0.726355
5 27  0.645127  1.041625
5 28  0.568183  0.725877
5 29  0.607001  0.743765
5 30  0.641563  1.104517
6 7  0.679367  1.218811
6 8  0.619328  0.972483
6 9  0.619208  0.970445
6 10  0.672933  1.259086
6 11  0.624059  0.967213
6 12  0.619744  0.961731
6 13  0.658678  1.351999
6 14  0.627947  1.153915
6 15  0.635108  1.257053
6 16  0.419333  1.065445
6 17  0.620049  1.021135
6 18  0.621599  1.044739
6 19  0.680414  1.247974
6 20  0.640281  1.188463
6 21  0.661114  1.052907
6 22  0.644598  1.029538
6 23  0.651980  1.304577
6 24  0.668515  1.177249
6 25  0.623288  0.968809
6 26  0.624819  0.962978
6 27  0.670409  1.279761
6 28  0.624816  0.999921
6 29  0.619243  0.980328
6 30  0.653779  1.339054
7 8  0.641083  0.977814
7 9  0.644085  0.990892
7 10  0.686484  1.228061
7 11  0.645934  0.970334
7 12  0.643248  0.970952
7 13  0.656396  1.350803
7 14  0.664384  1.103945
7 15  0.654230  1.345693
7 16  0.685293  1.204725
7 17  0.641832  1.024098
7 18  0.646079  1.060574
7 19  0.663804  1.247080
7 20  0.693829  1.250120
7 21  0.682872  1.055965
7 22  0.678360  1.037032
7 23  0.601866  1.243658
7 24  0.689219  1.181286
7 25  0.645101  0.971256
7 26  0.646844  0.966302
7 27  0.686175  1.281819
7 28  0.646549  1.002371
7 29  0.642789  0.983397
7 30  0.597423  1.257072
8 9  0.573744  0.708453
8 10  0.625868  0.979469
8 11  0.527732  0.645249
8 12  0.572862  0.688545
8 13  0.613427  1.078122
8 14  0.617007  0.900562
8 15  0.610566  1.073684
8 16  0.616558  0.924521
8 17  0.569581  0.740504
8 18  0.577513  0.780140
8 19  0.638762  0.972315
8 20  0.631039  0.972508
8 21  0.564277  0.729799
8 22  0.607964  0.755138
8 23  0.613264  1.053540
8 24  0.620102  0.899739
8 25  0.526507  0.653014
8 26  0.576668  0.684495
8 27  0.621996  1.004180
8 28  0.311547  0.489588
8 29  0.572594  0.701901
8 30  0.609952  1.064842
9 10  0.629357  0.997942
9 11  0.578447  0.701150
9 12  0.527834  0.657936
9 13  0.616690  1.094586
9 14  0.619618  0.912765
9 15  0.613135  1.077562
9 16  0.617559  0.935845
9 17  0.574401  0.755959
9 18  0.579455  0.790799
9 19  0.641323  0.985019
9 20  0.633940  0.984400
9 21  0.615712  0.787126
9 22  0.567034  0.728985
9 23  0.616072  1.066336
9 24  0.623204  0.913488
9 25  0.577791  0.702664
9 26  0.523782  0.652756
9 27  0.626058  1.017733
9 28  0.579472  0.733931
9 29  0.302208  0.476415
9 30  0.612692  1.077657
10 11  0.630799  0.969711
10 12  0.628479  0.976393
10 13  0.644787  1.268739
10 14  0.669615  1.156717
10 15  0.662850  1.354793
10 16  0.671847  1.211227
10 17  0.602671  1.025294
10 18  0.632190  1.069000
10 19  0.687359  1.258385
10 20  0.685115  1.259085
10 21  0.663821  1.057625
10 22  0.663531  1.044799
10 23  0.663806  1.338685
10 24  0.430759  1.051563
10 25  0.630267  0.978988
10 26  0.632172  0.974287
10 27  0.640889  1.230959
10 28  0.632152  1.008871
10 29  0.628146  0.991610
10 30  0.656074  1.326639
11 12  0.577563  0.680947
11 13  0.618438  1.072143
11 14  0.621717  0.891852
11 15  0.615418  1.070580
11 16  0.621367  0.916835
11 17  0.570466  0.731900
11 18  0.582180  0.772406
11 19  0.643493  0.964815
11 20  0.635715  0.964807
11 21  0.574796  0.729984
11 22  0.612698  0.747396
11 23  0.617804  1.045848
11 24  0.624621  0.892519
11 25  0.312523  0.439764
11 26  0.581362  0.676749
11 27  0.627990  0.996384
11 28  0.523975  0.665589
11 29  0.577303  0.694161
11 30  0.614846  1.057260
12 13  0.615784  1.074465
12 14  0.618792  0.890776
12 15  0.612386  1.064769
12 16  0.618128  0.915794
12 17  0.573517  0.735702
12 18  0.575161  0.770135
12 19  0.640832  0.964963
12 20  0.632674  0.964903
12 21  0.614903  0.766865
12 22  0.562519  0.705007
12 23  0.615180  1.046250
12 24  0.622418  0.893302
12 25  0.576918  0.682389
12 26  0.300637  0.425133
12 27  0.625416  0.997605
12 28  0.578627  0.713670
12 29  0.523864  0.654150
12 30  0.612125  1.057653
13 14  0.652774  1.265501
13 15  0.631027  1.367649
13 16  0.656085  1.302111
13 17  0.609157  1.133390
13 18  0.618530  1.172015
13 19  0.600581  1.276369
13 20  0.669142  1.360944
13 21  0.653920  1.163636
13 22  0.650292  1.147578
13 23  0.631166  1.440993
13 24  0.638027  1.253916
13 25  0.617864  1.083266
13 26  0.619536  1.078114
13 27  0.655968  1.368160
13 28  0.619426  1.114125
13 29  0.615568  1.095388
13 30  0.604812  1.437513
14 15  0.649673  1.282953
14 16  0.630681  1.107820
14 17  0.617523  0.946809
14 18  0.606268  0.977880
14 19  0.683714  1.175382
14 20  0.434143  1.038441
14 21  0.659095  0.978156
14 22  0.652031  0.958077
14 23  0.633609  1.220955
14 24  0.666430  1.103410
14 25  0.620970  0.893708
14 26  0.622299  0.888062
14 27  0.669207  1.205905
14 28  0.622636  0.924882
14 29  0.618449  0.904656
14 30  0.652973  1.254367
15 16  0.630873  1.273100
15 17  0.610710  1.126633
15 18  0.614537  1.159803
15 19  0.596540  1.269110
15 20  0.660430  1.327492
15 21  0.651930  1.159972
15 22  0.644744  1.138973
15 23  0.604978  1.418503
15 24  0.656820  1.272382
15 25  0.614730  1.076274
15 26  0.616517  1.071100
15 27  0.658629  1.385680
15 28  0.616152  1.107163
15 29  0.612188  1.088312
15 30  0.626028  1.445263
16 17  0.616963  0.964477
16 18  0.619013  1.000469
16 19  0.661274  1.116666
16 20  0.636639  1.171652
16 21  0.658526  0.989268
16 22  0.640437  0.944300
16 23  0.652320  1.276927
16 24  0.662801  1.098578
16 25  0.620820  0.916759
16 26  0.621175  0.910217
16 27  0.666211  1.191103
16 28  0.622509  0.945048
16 29  0.616052  0.919984
16 30  0.648746  1.256063
17 18  0.578214  0.819385
17 19  0.636332  0.998259
17 20  0.631217  1.002821
17 21  0.591933  0.801516
17 22  0.608738  0.799428
17 23  0.612099  1.081854
17 24  0.594396  0.895349
17 25  0.570973  0.729383
17 26  0.577399  0.730457
17 27  0.621263  1.048595
17 28  0.573730  0.764429
17 29  0.573332  0.748242
17 30  0.609377  1.107357
18 19  0.644080  1.042155
18 20  0.607724  0.979922
18 21  0.619677  0.856865
18 22  0.594363  0.819718
18 23  0.617148  1.100027
18 24  0.626684  0.970788
18 25  0.581650  0.772596
18 26  0.577780  0.757681
18 27  0.629898  1.086779
18 28  0.583370  0.804189
18 29  0.574663  0.779361
18 30  0.616413  1.142980
19 20  0.689135  1.208108
19 21  0.680124  1.033963
19 22  0.674236  1.010972
19 23  0.652947  1.309964
19 24  0.664699  1.096203
19 25  0.643135  0.965706
19 26  0.644835  0.960424
19 27  0.681657  1.235538
19 28  0.644807  0.994974
19 29  0.640586  0.975629
19 30  0.650543  1.315301
20 21  0.673098  1.047195
20 22  0.666377  1.023220
20 23  0.649472  1.230450
20 24  0.677540  1.142713
20 25  0.635257  0.964564
20 26  0.636681  0.955250
20 27  0.681625  1.273782
20 28  0.636967  0.996445
20 29  0.632334  0.974129
20 30  0.666366  1.327779
21 22  0.650119  0.829240
21 23  0.655116  1.130230
21 24  0.659379  0.964489
21 25  0.581659  0.746426
21 26  0.618766  0.761864
21 27  0.652430  1.035456
21 28  0.580251  0.760581
21 29  0.614697  0.778362
21 30  0.651151  1.124964
22 23  0.649894  1.111642
22 24  0.657411  0.950598
22 25  0.612094  0.748062
22 26  0.576254  0.718143
22 27  0.660360  1.053043
22 28  0.613812  0.778617
22 29  0.573677  0.730066
22 30  0.646388  1.115771
23 24  0.655306  1.231363
23 25  0.617321  1.040555
23 26  0.618951  1.033796
23 27  0.661770  1.344780
23 28  0.619044  1.071253
23 29  0.614573  1.049190
23 30  0.631635  1.328038
24 25  0.624484  0.893106
24 26  0.626387  0.888366
24 27  0.633285  1.176563
24 28  0.626054  0.924430
24 29  0.622304  0.905841
24 30  0.652970  1.265079
25 26  0.580720  0.677166
25 27  0.624851  0.986597
25 28  0.532239  0.669138
25 29  0.576654  0.694281
25 30  0.613830  1.046231
26 27  0.629343  0.991351
26 28  0.582439  0.708248
26 29  0.530034  0.646408
26 30  0.615921  1.047860
27 28  0.625528  1.003979
27 29  0.625242  1.004994
27 30  0.639342  1.257981
28 29  0.578372  0.724971
28 30  0.615434  1.069009
29 30  0.611688  1.059572
