  -1146.53038492
  -1146.90294784    -1146.79139895
0.00000928432498
2 2 2 2 2 2 2 2 2 2 2 2 2 2 2 0 0 0 0 0 0 0 0 0 0 0 0 0 0 0 
1  0.283372  0.421429
2  0.277700  0.382321
3  0.327820  0.550774
4  0.325768  0.411053
5  0.319970  0.390473
6  0.334109  0.627733
7  0.356021  0.630475
8  0.285468  0.348762
9  0.288326  0.361728
10  0.341232  0.638435
11  0.290177  0.340905
12  0.287446  0.341346
13  0.328570  0.741900
14  0.331742  0.552759
15  0.325462  0.734836
16  0.331526  0.576712
17  0.286273  0.395249
18  0.292259  0.432349
19  0.353857  0.624580
20  0.345943  0.624488
21  0.327626  0.426191
22  0.322676  0.407196
23  0.328010  0.705318
24  0.335321  0.552693
25  0.289524  0.341813
26  0.291255  0.336553
27  0.338310  0.656972
28  0.291235  0.373216
29  0.287178  0.354092
30  0.324902  0.716728
1 2  0.560988  0.796879
1 3  0.606803  0.964884
1 4  0.609122  0.831629
1 5  0.586342  0.795603
1 6  0.617163  1.047555
1 7  0.637731  1.038408
1 8  0.564933  0.762131
1 9  0.571696  0.782234
1 10  0.596780  0.984313
1 11  0.567875  0.749550
1 12  0.570815  0.761307
1 13  0.609594  1.123809
1 14  0.614588  0.961148
1 15  0.608447  1.148628
1 16  0.614616  0.997048
1 17  0.271964  0.566012
1 18  0.575001  0.853365
1 19  0.635166  1.044292
1 20  0.628249  1.044879
1 21  0.587417  0.828556
1 22  0.605946  0.828509
1 23  0.609310  1.125137
1 24  0.601931  0.968211
1 25  0.569175  0.760571
1 26  0.574563  0.757924
1 27  0.617955  1.064906
1 28  0.573914  0.791900
1 29  0.570518  0.775429
1 30  0.605457  1.132506
2 3  0.605082  0.927105
2 4  0.584737  0.776994
2 5  0.597642  0.770951
2 6  0.608972  1.007869
2 7  0.630573  0.993041
2 8  0.563166  0.730577
2 9  0.563159  0.740189
2 10  0.618328  1.004873
2 11  0.567875  0.722145
2 12  0.560347  0.714757
2 13  0.604603  1.105235
2 14  0.584997  0.885890
2 15  0.601725  1.111382
2 16  0.607495  0.953585
2 17  0.563729  0.777369
2 18  0.272266  0.563759
2 19  0.631397  1.005852
2 20  0.599715  0.999912
2 21  0.605319  0.808402
2 22  0.582259  0.774753
2 23  0.600388  1.084720
2 24  0.612774  0.934585
2 25  0.567182  0.724078
2 26  0.563712  0.715513
2 27  0.615979  1.038045
2 28  0.568900  0.755438
2 29  0.563498  0.733803
2 30  0.601967  1.096214
3 4  0.653280  0.951905
3 5  0.635234  0.909467
3 6  0.658947  1.146164
3 7  0.661097  1.103016
3 8  0.611435  0.894218
3 9  0.616105  0.910678
3 10  0.631170  1.162053
3 11  0.617016  0.890579
3 12  0.615251  0.891903
3 13  0.649380  1.288162
3 14  0.656298  1.076397
3 15  0.646416  1.259105
3 16  0.659019  1.125462
3 17  0.611935  0.940637
3 18  0.619845  0.982150
3 19  0.680007  1.173655
3 20  0.673255  1.172424
3 21  0.648799  0.975157
3 22  0.650470  0.957711
3 23  0.652312  1.240776
3 24  0.630278  1.083909
3 25  0.616496  0.891013
3 26  0.618979  0.887216
3 27  0.421104  1.070237
3 28  0.616828  0.922229
3 29  0.614836  0.904689
3 30  0.626820  1.229799
4 5  0.645718  0.799124
4 6  0.647262  0.999805
4 7  0.680730  1.027294
4 8  0.611232  0.759311
4 9  0.575705  0.739155
4 10  0.666809  1.046636
4 11  0.615943  0.751900
4 12  0.576828  0.729642
4 13  0.654102  1.151919
4 14  0.654234  0.951948
4 15  0.650288  1.132683
4 16  0.649760  0.985639
4 17  0.612038  0.806212
4 18  0.595254  0.824881
4 19  0.678997  1.035327
4 20  0.667744  1.030839
4 21  0.653292  0.837162
4 22  0.410995  0.636020
4 23  0.651693  1.112757
4 24  0.661041  0.963563
4 25  0.615235  0.752838
4 26  0.571029  0.707012
4 27  0.663674  1.067541
4 28  0.616884  0.784215
4 29  0.565078  0.722393
4 30  0.649690  1.126939
5 6  0.653775  1.011010
5 7  0.674203  1.004160
5 8  0.569722  0.712035
5 9  0.608293  0.751884
5 10  0.659208  1.021511
5 11  0.571296  0.703174
5 12  0.607413  0.731793
5 13  0.647972  1.131561
5 14  0.651431  0.936060
5 15  0.644618  1.120680
5 16  0.651457  0.966962
5 17  0.588960  0.771837
5 18  0.612160  0.822730
5 19  0.673764  1.014859
5 20  0.665831  1.014719
5 21  0.419739  0.642040
5 22  0.642639  0.797620
5 23  0.647372  1.094740
5 24  0.653778  0.942565
5 25  0.559646  0.686272
5 26  0.611189  0.727005
5 27  0.645380  1.042107
5 28  0.568286  0.726693
5 29  0.607092  0.744534
5 30  0.641786  1.104638
6 7  0.679708  1.219083
6 8  0.619541  0.973129
6 9  0.619413  0.971075
6 10  0.673279  1.259460
6 11  0.624280  0.967775
6 12  0.619948  0.962304
6 13  0.659012  1.352013
6 14  0.628281  1.154413
6 15  0.635413  1.257032
6 16  0.419663  1.066008
6 17  0.620335  1.021810
6 18  0.621884  1.045420
6 19  0.680745  1.248215
6 20  0.640641  1.188872
6 21  0.661379  1.053393
6 22  0.644848  1.030095
6 23  0.652309  1.304639
6 24  0.668858  1.177658
6 25  0.623503  0.969409
6 26  0.625029  0.963547
6 27  0.670771  1.280171
6 28  0.625019  1.000629
6 29  0.619443  0.981021
6 30  0.654111  1.339106
7 8  0.641279  0.978306
7 9  0.644272  0.991406
7 10  0.686817  1.228286
7 11  0.646138  0.970723
7 12  0.643436  0.971369
7 13  0.656719  1.350635
7 14  0.664673  1.104227
7 15  0.654545  1.345504
7 16  0.685630  1.205094
7 17  0.642100  1.024610
7 18  0.646348  1.061057
7 19  0.664141  1.247157
7 20  0.694153  1.250243
7 21  0.683126  1.056282
7 22  0.678600  1.037414
7 23  0.602169  1.243588
7 24  0.689546  1.181529
7 25  0.645297  0.971678
7 26  0.647038  0.966697
7 27  0.686501  1.282048
7 28  0.646741  1.002899
7 29  0.642970  0.983908
7 30  0.597718  1.257029
8 9  0.573791  0.709355
8 10  0.626073  0.980053
8 11  0.527794  0.646056
8 12  0.572911  0.689360
8 13  0.613611  1.078283
8 14  0.617196  0.901290
8 15  0.610744  1.073815
8 16  0.616754  0.925284
8 17  0.569710  0.741423
8 18  0.577640  0.781028
8 19  0.638949  0.972775
8 20  0.631238  0.973033
8 21  0.564391  0.730551
8 22  0.608062  0.755925
8 23  0.613441  1.053784
8 24  0.620290  0.900377
8 25  0.526564  0.653910
8 26  0.576722  0.685300
8 27  0.622203  1.004818
8 28  0.311597  0.490590
8 29  0.572637  0.702824
8 30  0.610131  1.065120
9 10  0.629551  0.998562
9 11  0.578501  0.701955
9 12  0.527870  0.658782
9 13  0.616866  1.094776
9 14  0.619799  0.913507
9 15  0.613304  1.077698
9 16  0.617747  0.936629
9 17  0.574518  0.756893
9 18  0.579573  0.791707
9 19  0.641502  0.985499
9 20  0.634132  0.984945
9 21  0.615812  0.787863
9 22  0.567131  0.729818
9 23  0.616239  1.066597
9 24  0.623379  0.914142
9 25  0.577839  0.703515
9 26  0.523822  0.653652
9 27  0.626252  1.018386
9 28  0.579511  0.734891
9 29  0.302238  0.477444
9 30  0.612861  1.077951
10 11  0.631011  0.970185
10 12  0.628675  0.976906
10 13  0.645085  1.268679
10 14  0.669945  1.157140
10 15  0.663168  1.354716
10 16  0.672194  1.211699
10 17  0.602936  1.025909
10 18  0.632462  1.069599
10 19  0.687682  1.258564
10 20  0.685460  1.259333
10 21  0.664079  1.058071
10 22  0.663774  1.045295
10 23  0.664122  1.338653
10 24  0.431083  1.051889
10 25  0.630472  0.979530
10 26  0.632370  0.974800
10 27  0.641245  1.231436
10 28  0.632351  1.009520
10 29  0.628336  0.992240
10 30  0.656401  1.326699
11 12  0.577620  0.681659
11 13  0.618631  1.072208
11 14  0.621915  0.892467
11 15  0.615603  1.070631
11 16  0.621573  0.917494
11 17  0.570601  0.732718
11 18  0.582313  0.773189
11 19  0.643692  0.965175
11 20  0.635917  0.965229
11 21  0.574920  0.730629
11 22  0.612804  0.748078
11 23  0.617985  1.045987
11 24  0.624817  0.893056
11 25  0.312587  0.440552
11 26  0.581425  0.677448
11 27  0.628206  0.996913
11 28  0.524034  0.666498
11 29  0.577355  0.694979
11 30  0.615035  1.057433
12 13  0.615961  1.074558
12 14  0.618975  0.891414
12 15  0.612556  1.064836
12 16  0.618319  0.916478
12 17  0.573635  0.736541
12 18  0.575278  0.770954
12 19  0.641012  0.965348
12 20  0.632867  0.965353
12 21  0.615006  0.767506
12 22  0.562618  0.705749
12 23  0.615348  1.046417
12 24  0.622593  0.893863
12 25  0.576969  0.683144
12 26  0.300689  0.425933
12 27  0.625617  0.998163
12 28  0.578671  0.714534
12 29  0.523899  0.655060
12 30  0.612299  1.057853
13 14  0.653083  1.265533
13 15  0.631316  1.367320
13 16  0.656406  1.302199
13 17  0.609411  1.133621
13 18  0.618783  1.172216
13 19  0.600885  1.276247
13 20  0.669468  1.360793
13 21  0.654154  1.163660
13 22  0.650515  1.147672
13 23  0.631463  1.440583
13 24  0.638329  1.253916
13 25  0.618050  1.083407
13 26  0.619717  1.078225
13 27  0.656300  1.368176
13 28  0.619606  1.114375
13 29  0.615741  1.095617
13 30  0.605122  1.437124
14 15  0.649985  1.282970
14 16  0.631015  1.108438
14 17  0.617786  0.947552
14 18  0.606515  0.978581
14 19  0.684036  1.175684
14 20  0.434467  1.038790
14 21  0.659342  0.978702
14 22  0.652260  0.958693
14 23  0.633912  1.221062
14 24  0.666751  1.103882
14 25  0.621158  0.894366
14 26  0.622486  0.888693
14 27  0.669547  1.206370
14 28  0.622820  0.925645
14 29  0.618626  0.905403
14 30  0.653280  1.254486
15 16  0.631176  1.273186
15 17  0.610959  1.126826
15 18  0.614785  1.159984
15 19  0.596829  1.268923
15 20  0.660750  1.327377
15 21  0.652157  1.159971
15 22  0.644963  1.139039
15 23  0.605278  1.418050
15 24  0.657123  1.272324
15 25  0.614910  1.076384
15 26  0.616693  1.071183
15 27  0.658954  1.385612
15 28  0.616323  1.107380
15 29  0.612352  1.088513
15 30  0.626321  1.444857
16 17  0.617230  0.965231
16 18  0.619281  1.001224
16 19  0.661562  1.116943
16 20  0.636972  1.172053
16 21  0.658782  0.989791
16 22  0.640671  0.944865
16 23  0.652639  1.277036
16 24  0.663121  1.099061
16 25  0.621020  0.917446
16 26  0.621370  0.910868
16 27  0.666550  1.191539
16 28  0.622704  0.945821
16 29  0.616242  0.920725
16 30  0.649061  1.256180
17 18  0.578412  0.820234
17 19  0.636592  0.998717
17 20  0.631487  1.003309
17 21  0.592113  0.802239
17 22  0.608909  0.800208
17 23  0.612343  1.082074
17 24  0.594633  0.895904
17 25  0.571108  0.730203
17 26  0.577526  0.731265
17 27  0.621541  1.049251
17 28  0.573855  0.765378
17 29  0.573449  0.749175
17 30  0.609631  1.107636
18 19  0.644341  1.042600
18 20  0.607975  0.980330
18 21  0.619861  0.857558
18 22  0.594527  0.820477
18 23  0.617393  1.100229
18 24  0.626942  0.971366
18 25  0.581780  0.773402
18 26  0.577910  0.758433
18 27  0.630172  1.087391
18 28  0.583492  0.805109
18 29  0.574780  0.780250
18 30  0.616665  1.143247
19 20  0.689460  1.208223
19 21  0.680370  1.034217
19 22  0.674471  1.011274
19 23  0.653256  1.309807
19 24  0.664982  1.096387
19 25  0.643326  0.966102
19 26  0.645024  0.960787
19 27  0.681992  1.235754
19 28  0.644994  0.995475
19 29  0.640764  0.976104
19 30  0.650856  1.315164
20 21  0.673354  1.047515
20 22  0.666620  1.023615
20 23  0.649766  1.230385
20 24  0.677863  1.142967
20 25  0.635461  0.965009
20 26  0.636881  0.955656
20 27  0.681968  1.274034
20 28  0.637164  0.997006
20 29  0.632525  0.974658
20 30  0.666684  1.327715
21 22  0.650275  0.829812
21 23  0.655349  1.130293
21 24  0.659622  0.964921
21 25  0.581782  0.747108
21 26  0.618876  0.762480
21 27  0.652684  1.035859
21 28  0.580360  0.761341
21 29  0.614798  0.779087
21 30  0.651386  1.125057
22 23  0.650113  1.111769
22 24  0.657640  0.951080
22 25  0.612195  0.748776
22 26  0.576358  0.718873
22 27  0.660610  1.053515
22 28  0.613906  0.779432
22 29  0.573770  0.730886
22 30  0.646610  1.115908
23 24  0.655606  1.231357
23 25  0.617500  1.040690
23 26  0.619126  1.033904
23 27  0.662090  1.344780
23 28  0.619216  1.071501
23 29  0.614737  1.049407
23 30  0.631920  1.327791
24 25  0.624675  0.893669
24 26  0.626573  0.888901
24 27  0.633616  1.176947
24 28  0.626238  0.925105
24 29  0.622479  0.906499
24 30  0.653283  1.265105
25 26  0.580777  0.677890
25 27  0.625058  0.987121
25 28  0.532291  0.670001
25 29  0.576700  0.695119
25 30  0.614011  1.046391
26 27  0.629548  0.991873
26 28  0.582488  0.709077
26 29  0.530073  0.647244
26 30  0.616099  1.048010
27 28  0.625732  1.004575
27 29  0.625437  1.005605
27 30  0.639645  1.257997
28 29  0.578411  0.725907
28 30  0.615611  1.069257
29 30  0.611856  1.059812
