   -993.90978383
   -994.22259633     -994.08888778
0.00004750194935
2 2 2 2 2 2 2 2 2 2 2 2 2 0 0 0 0 0 0 0 0 0 0 0 0 0 
1  0.271349  0.606171
2  0.300857  0.723046
3  0.302718  0.454317
4  0.302582  0.606022
5  0.280592  0.346249
6  0.279913  0.492202
7  0.309815  0.799251
8  0.286688  0.490823
9  0.276123  0.313991
10  0.299465  0.422431
11  0.278040  0.314418
12  0.275682  0.324131
13  0.299763  0.749414
14  0.277988  0.608199
15  0.308990  0.765556
16  0.304331  0.624751
17  0.301195  0.435809
18  0.304820  0.475433
19  0.283059  0.358572
20  0.278279  0.326434
21  0.288808  0.467641
22  0.303028  0.716933
23  0.302520  0.768168
24  0.278599  0.311331
25  0.282244  0.501497
26  0.280321  0.306529
1 2  0.567008  1.262221
1 3  0.573920  1.056937
1 4  0.556915  1.179358
1 5  0.551911  0.951279
1 6  0.546706  1.071117
1 7  0.560939  1.303023
1 8  0.551975  1.046498
1 9  0.547451  0.917512
1 10  0.570429  1.008381
1 11  0.549354  0.920091
1 12  0.546930  0.925220
1 13  0.568235  1.343964
1 14  0.258783  1.040607
1 15  0.553179  1.348763
1 16  0.553405  1.197309
1 17  0.571487  1.040872
1 18  0.576100  1.078378
1 19  0.554376  0.963740
1 20  0.549182  0.932402
1 21  0.555584  1.071964
1 22  0.571652  1.314490
1 23  0.571400  1.347559
1 24  0.549898  0.917201
1 25  0.552497  1.101345
1 26  0.551600  0.912625
2 3  0.602287  1.154156
2 4  0.598771  1.254661
2 5  0.581327  1.068254
2 6  0.580271  1.211684
2 7  0.579459  1.480418
2 8  0.587189  1.193371
2 9  0.576916  1.035925
2 10  0.593456  1.091819
2 11  0.578431  1.036462
2 12  0.575384  1.042430
2 13  0.564628  1.422491
2 14  0.575854  1.322756
2 15  0.572057  1.428475
2 16  0.604028  1.342150
2 17  0.596547  1.156496
2 18  0.604606  1.191735
2 19  0.583740  1.079287
2 20  0.577891  1.048435
2 21  0.588977  1.186476
2 22  0.355714  1.283626
2 23  0.560598  1.430171
2 24  0.579337  1.033830
2 25  0.582238  1.219033
2 26  0.580863  1.028895
3 4  0.605105  1.041117
3 5  0.545913  0.765205
3 6  0.582579  0.941709
3 7  0.611764  1.243888
3 8  0.589395  0.944517
3 9  0.544945  0.752261
3 10  0.594638  0.861944
3 11  0.578500  0.760235
3 12  0.576864  0.774633
3 13  0.594823  1.137259
3 14  0.580636  1.059673
3 15  0.609110  1.210370
3 16  0.606719  1.077842
3 17  0.593393  0.876922
3 18  0.369602  0.766329
3 19  0.538822  0.782391
3 20  0.580640  0.779439
3 21  0.591418  0.921536
3 22  0.604945  1.166542
3 23  0.594642  1.219300
3 24  0.537179  0.734104
3 25  0.584626  0.955261
3 26  0.580753  0.759496
4 5  0.583131  0.948935
4 6  0.551040  1.078437
4 7  0.607042  1.396781
4 8  0.553523  1.070402
4 9  0.578685  0.919696
4 10  0.601894  1.014495
4 11  0.580618  0.919355
4 12  0.578252  0.929901
4 13  0.599233  1.304186
4 14  0.558718  1.179481
4 15  0.600431  1.341803
4 16  0.378319  1.128027
4 17  0.603747  1.041024
4 18  0.607033  1.080172
4 19  0.585385  0.964242
4 20  0.580767  0.932238
4 21  0.545944  1.019911
4 22  0.604242  1.317869
4 23  0.602540  1.367671
4 24  0.581080  0.917222
4 25  0.544645  1.055587
4 26  0.582851  0.912418
5 6  0.560485  0.834265
5 7  0.590031  1.131735
5 8  0.567274  0.835828
5 9  0.507712  0.617292
5 10  0.579217  0.767828
5 11  0.558431  0.658921
5 12  0.556179  0.667821
5 13  0.578275  1.070512
5 14  0.558505  0.953669
5 15  0.589288  1.110813
5 16  0.584619  0.970676
5 17  0.581419  0.780096
5 18  0.538885  0.790245
5 19  0.284323  0.462465
5 20  0.558689  0.672550
5 21  0.569392  0.813787
5 22  0.583419  1.061465
5 23  0.581096  1.113745
5 24  0.505265  0.614990
5 25  0.562728  0.847556
5 26  0.560768  0.652622
6 7  0.587204  1.235886
6 8  0.518939  0.941672
6 9  0.556024  0.803784
6 10  0.579370  0.913684
6 11  0.557949  0.804852
6 12  0.555591  0.813775
6 13  0.578916  1.217214
6 14  0.556713  1.095662
6 15  0.588250  1.254133
6 16  0.544109  1.062137
6 17  0.580888  0.927495
6 18  0.584370  0.967008
6 19  0.562866  0.850590
6 20  0.558177  0.818539
6 21  0.515865  0.915941
6 22  0.581987  1.204001
6 23  0.581407  1.257152
6 24  0.558495  0.803480
6 25  0.287040  0.810050
6 26  0.560231  0.798684
7 8  0.595503  1.247038
7 9  0.585657  1.102710
7 10  0.607275  1.207315
7 11  0.587624  1.108572
7 12  0.584773  1.110327
7 13  0.577630  1.462403
7 14  0.559780  1.381393
7 15  0.405611  1.462505
7 16  0.602688  1.389969
7 17  0.607577  1.230147
7 18  0.611959  1.264611
7 19  0.592528  1.156384
7 20  0.587466  1.125136
7 21  0.597938  1.263521
7 22  0.574503  1.449685
7 23  0.573533  1.508956
7 24  0.588372  1.110253
7 25  0.591317  1.296548
7 26  0.590057  1.105603
8 9  0.562806  0.803280
8 10  0.586142  0.906757
8 11  0.564724  0.804559
8 12  0.562364  0.812062
8 13  0.586201  1.235424
8 14  0.560028  1.096822
8 15  0.594882  1.253122
8 16  0.546865  1.065266
8 17  0.587640  0.926171
8 18  0.591401  0.965607
8 19  0.569737  0.849238
8 20  0.564909  0.817140
8 21  0.291553  0.757736
8 22  0.589016  1.203167
8 23  0.588961  1.255183
8 24  0.565286  0.802106
8 25  0.516160  0.943489
8 26  0.567006  0.797308
9 10  0.573856  0.732558
9 11  0.553660  0.628042
9 12  0.551577  0.637011
9 13  0.574639  1.055002
9 14  0.553999  0.921948
9 15  0.585075  1.079296
9 16  0.580314  0.938590
9 17  0.575804  0.748533
9 18  0.537788  0.758027
9 19  0.504946  0.629041
9 20  0.554142  0.640231
9 21  0.564929  0.781582
9 22  0.579020  1.030429
9 23  0.578293  1.081702
9 24  0.279381  0.370698
9 25  0.558345  0.815411
9 26  0.555390  0.619584
10 11  0.541163  0.715150
10 12  0.540347  0.720925
10 13  0.597812  1.167735
10 14  0.576334  1.029691
10 15  0.604642  1.184013
10 16  0.603742  1.046420
10 17  0.366548  0.688905
10 18  0.593902  0.884529
10 19  0.582201  0.778903
10 20  0.533504  0.714963
10 21  0.588080  0.889708
10 22  0.596927  1.137475
10 23  0.598766  1.180359
10 24  0.576599  0.732462
10 25  0.581566  0.923421
10 26  0.533658  0.693211
11 12  0.506046  0.597862
11 13  0.577560  1.055180
11 14  0.555937  0.922503
11 15  0.586943  1.079765
11 16  0.582281  0.939019
11 17  0.534326  0.714896
11 18  0.580729  0.788609
11 19  0.560974  0.672850
11 20  0.503024  0.594602
11 21  0.566845  0.782010
11 22  0.580750  1.030310
11 23  0.580384  1.082208
11 24  0.555598  0.624787
11 25  0.560275  0.815847
11 26  0.280197  0.361568
12 13  0.574671  1.066348
12 14  0.553167  0.932136
12 15  0.584045  1.089236
12 16  0.579855  0.948666
12 17  0.532782  0.724594
12 18  0.580146  0.798481
12 19  0.558561  0.682571
12 20  0.280824  0.406105
12 21  0.564453  0.791670
12 22  0.577509  1.039632
12 23  0.578045  1.091458
12 24  0.554004  0.635236
12 25  0.557925  0.825526
12 26  0.503369  0.586126
13 14  0.575065  1.331575
13 15  0.570418  1.451348
13 16  0.601978  1.367494
13 17  0.597652  1.173503
13 18  0.594001  1.221655
13 19  0.580723  1.107236
13 20  0.577873  1.074494
13 21  0.588322  1.214344
13 22  0.560424  1.412930
13 23  0.372482  1.381854
13 24  0.577971  1.060297
13 25  0.580997  1.247767
13 26  0.579916  1.055538
14 15  0.565617  1.276935
14 16  0.563162  1.199296
14 17  0.578643  1.021752
14 18  0.582610  1.079970
14 19  0.561010  0.966152
14 20  0.556151  0.928510
14 21  0.560387  1.032861
14 22  0.575659  1.263422
14 23  0.576811  1.364703
14 24  0.556563  0.918478
14 25  0.554366  1.088886
14 26  0.558259  0.914118
15 16  0.608161  1.380364
15 17  0.607824  1.185993
15 18  0.612878  1.229200
15 19  0.591687  1.111626
15 20  0.586491  1.079763
15 21  0.596559  1.199300
15 22  0.581045  1.449341
15 23  0.581297  1.446185
15 24  0.587344  1.069309
15 25  0.588417  1.216322
15 26  0.589032  1.068328
16 17  0.605273  1.044213
16 18  0.608879  1.075533
16 19  0.587340  0.976996
16 20  0.582594  0.950586
16 21  0.557982  1.070859
16 22  0.601593  1.259092
16 23  0.603297  1.328668
16 24  0.582908  0.934894
16 25  0.554978  1.096217
16 26  0.584648  0.930836
17 18  0.597249  0.894431
17 19  0.583039  0.793318
17 20  0.544768  0.734369
17 21  0.589996  0.898572
17 22  0.596200  1.095062
17 23  0.602186  1.199064
17 24  0.577801  0.744421
17 25  0.583431  0.936736
17 26  0.545803  0.721798
18 19  0.550837  0.793242
18 20  0.581004  0.798712
18 21  0.593610  0.942432
18 22  0.606488  1.164263
18 23  0.598509  1.164796
18 24  0.549815  0.770977
18 25  0.586993  0.968344
18 26  0.582565  0.775067
19 20  0.561252  0.683516
19 21  0.571861  0.825308
19 22  0.585937  1.072206
19 23  0.583053  1.094510
19 24  0.511907  0.626401
19 25  0.565283  0.854797
19 26  0.563132  0.663795
20 21  0.567083  0.791527
20 22  0.579891  1.036657
20 23  0.579920  1.089859
20 24  0.556572  0.637053
20 25  0.560520  0.826267
20 26  0.510065  0.592037
21 22  0.591500  1.172717
21 23  0.591001  1.230692
21 24  0.567403  0.778265
21 25  0.522676  0.932177
21 26  0.569126  0.773522
22 23  0.568832  1.423323
22 24  0.581561  1.028016
22 25  0.584586  1.212830
22 26  0.582759  1.022725
23 24  0.579286  1.068366
23 25  0.583891  1.235349
23 26  0.582528  1.069698
24 25  0.560833  0.810632
24 26  0.558372  0.617500
25 26  0.562562  0.806787
