   -993.90978383
   -994.22317528     -994.09016811
0.00003189307323
2 2 2 2 2 2 2 2 2 2 2 2 2 0 0 0 0 0 0 0 0 0 0 0 0 0 
1  0.272003  0.603256
2  0.302131  0.722914
3  0.305324  0.465713
4  0.303163  0.600204
5  0.282130  0.354431
6  0.280236  0.487469
7  0.311053  0.796451
8  0.286949  0.486197
9  0.277864  0.321282
10  0.301873  0.432780
11  0.279945  0.321518
12  0.277448  0.331283
13  0.301303  0.749536
14  0.278705  0.605243
15  0.310152  0.762934
16  0.304938  0.618898
17  0.303467  0.445966
18  0.307221  0.486157
19  0.284857  0.368526
20  0.280068  0.333504
21  0.289097  0.463266
22  0.304228  0.716035
23  0.304005  0.768482
24  0.280509  0.318440
25  0.282572  0.496667
26  0.282379  0.312914
1 2  0.568874  1.259475
1 3  0.577172  1.065060
1 4  0.558125  1.171122
1 5  0.554101  0.956417
1 6  0.547686  1.064122
1 7  0.562738  1.298196
1 8  0.552898  1.040216
1 9  0.549844  0.921358
1 10  0.573478  1.015203
1 11  0.551907  0.924272
1 12  0.549340  0.929313
1 13  0.570400  1.341379
1 14  0.259970  1.033089
1 15  0.554936  1.343673
1 16  0.554662  1.189314
1 17  0.574391  1.048034
1 18  0.579154  1.086114
1 19  0.556824  0.970637
1 20  0.551585  0.936532
1 21  0.556513  1.064785
1 22  0.573494  1.310967
1 23  0.573531  1.345441
1 24  0.552454  0.921344
1 25  0.553477  1.093797
1 26  0.554309  0.916083
2 3  0.606147  1.164514
2 4  0.600530  1.249938
2 5  0.584129  1.076274
2 6  0.581861  1.206956
2 7  0.581899  1.477194
2 8  0.588724  1.188973
2 9  0.579933  1.042658
2 10  0.597010  1.100110
2 11  0.581587  1.043260
2 12  0.578352  1.049241
2 13  0.567510  1.423779
2 14  0.577829  1.319921
2 15  0.574478  1.426945
2 16  0.605876  1.336489
2 17  0.600070  1.166503
2 18  0.608275  1.202257
2 19  0.586802  1.088939
2 20  0.580893  1.055304
2 21  0.590512  1.182089
2 22  0.357958  1.282599
2 23  0.563403  1.430926
2 24  0.582514  1.040741
2 25  0.583824  1.214158
2 26  0.584178  1.035067
3 4  0.608285  1.046173
3 5  0.549519  0.784033
3 6  0.585504  0.948358
3 7  0.615590  1.252627
3 8  0.592260  0.951252
3 9  0.548692  0.771052
3 10  0.599554  0.882866
3 11  0.582974  0.777891
3 12  0.581204  0.792809
3 13  0.598798  1.147032
3 14  0.583957  1.068019
3 15  0.612864  1.218811
3 16  0.609932  1.083320
3 17  0.598234  0.898124
3 18  0.374366  0.791039
3 19  0.542680  0.803200
3 20  0.585010  0.797823
3 21  0.594312  0.928534
3 22  0.608744  1.176959
3 23  0.598664  1.230843
3 24  0.541081  0.751685
3 25  0.587542  0.961800
3 26  0.585420  0.777330
4 5  0.585247  0.951196
4 6  0.551965  1.068084
4 7  0.608839  1.388592
4 8  0.554414  1.060270
4 9  0.581005  0.921212
4 10  0.604876  1.018708
4 11  0.583104  0.920487
4 12  0.580598  0.931223
4 13  0.601302  1.299650
4 14  0.559993  1.171478
4 15  0.602142  1.333890
4 16  0.379464  1.114506
4 17  0.606597  1.045324
4 18  0.610013  1.085032
4 19  0.587740  0.968344
4 20  0.583129  0.933474
4 21  0.546841  1.010652
4 22  0.605993  1.311475
4 23  0.604596  1.362453
4 24  0.583562  0.918496
4 25  0.545576  1.045943
4 26  0.585489  0.912981
5 6  0.562342  0.837444
5 7  0.592785  1.136221
5 8  0.569071  0.839256
5 9  0.511190  0.633534
5 10  0.583129  0.786246
5 11  0.561866  0.674028
5 12  0.559477  0.682795
5 13  0.581267  1.077174
5 14  0.560760  0.958815
5 15  0.591979  1.116310
5 16  0.586746  0.972973
5 17  0.585212  0.798289
5 18  0.542446  0.808569
5 19  0.287355  0.482943
5 20  0.562011  0.687808
5 21  0.571218  0.817582
5 22  0.586151  1.068667
5 23  0.584055  1.122218
5 24  0.508818  0.630792
5 25  0.564585  0.850885
5 26  0.564357  0.667182
6 7  0.588753  1.229630
6 8  0.519506  0.932595
6 9  0.558087  0.806148
6 10  0.582101  0.919267
6 11  0.560175  0.807086
6 12  0.557680  0.816044
6 13  0.580765  1.213025
6 14  0.557745  1.088127
6 15  0.589732  1.247038
6 16  0.545057  1.052627
6 17  0.583464  0.932894
6 18  0.587086  0.972977
6 19  0.564976  0.855787
6 20  0.560287  0.820864
6 21  0.516477  0.907344
6 22  0.583497  1.198454
6 23  0.583198  1.252903
6 24  0.560726  0.805842
6 25  0.287611  0.798546
6 26  0.562611  0.800330
7 8  0.596999  1.240479
7 9  0.588610  1.106060
7 10  0.610870  1.214239
7 11  0.590750  1.112557
7 12  0.587737  1.114053
7 13  0.580232  1.460498
7 14  0.561694  1.376145
7 15  0.407892  1.457162
7 16  0.604496  1.381900
7 17  0.611101  1.237390
7 18  0.615598  1.272296
7 19  0.595539  1.163410
7 20  0.590449  1.129356
7 21  0.599450  1.256550
7 22  0.576897  1.447304
7 23  0.576134  1.507347
7 24  0.591516  1.114532
7 25  0.592878  1.289208
7 26  0.593345  1.109153
8 9  0.564809  0.805697
8 10  0.588813  0.912371
8 11  0.566889  0.807002
8 12  0.564390  0.814477
8 13  0.587999  1.231071
8 14  0.560994  1.089377
8 15  0.596296  1.246080
8 16  0.547767  1.055640
8 17  0.590160  0.931682
8 18  0.594059  0.971677
8 19  0.571795  0.854543
8 20  0.566949  0.819573
8 21  0.292053  0.747026
8 22  0.590451  1.197789
8 23  0.590709  1.250972
8 24  0.567457  0.804578
8 25  0.516755  0.934683
8 26  0.569325  0.799061
9 10  0.577903  0.749480
9 11  0.557291  0.642435
9 12  0.555077  0.651317
9 13  0.577814  1.062065
9 14  0.556443  0.926255
9 15  0.587975  1.083924
9 16  0.582645  0.940008
9 17  0.579818  0.766015
9 18  0.541466  0.775201
9 19  0.508580  0.646647
9 20  0.557678  0.654594
9 21  0.566960  0.784486
9 22  0.581965  1.036787
9 23  0.581496  1.089242
9 24  0.282727  0.387130
9 25  0.560413  0.817854
9 26  0.559209  0.633276
10 11  0.545005  0.732363
10 12  0.544208  0.738467
10 13  0.601740  1.178115
10 14  0.579442  1.037025
10 15  0.608227  1.191626
10 16  0.606753  1.050871
10 17  0.370949  0.711753
10 18  0.598667  0.905251
10 19  0.586376  0.799009
10 20  0.537296  0.731647
10 21  0.590762  0.895672
10 22  0.600514  1.146920
10 23  0.602656  1.190716
10 24  0.580867  0.749900
10 25  0.584294  0.928910
10 26  0.537462  0.708994
11 12  0.509584  0.612434
11 13  0.580997  1.061505
11 14  0.558550  0.926627
11 15  0.590004  1.084211
11 16  0.584787  0.940248
11 17  0.537996  0.731390
11 18  0.584985  0.806465
11 19  0.564670  0.689895
11 20  0.506525  0.608752
11 21  0.569039  0.784728
11 22  0.583839  1.036383
11 23  0.583755  1.089588
11 24  0.559427  0.639018
11 25  0.562506  0.818105
11 26  0.283692  0.376475
12 13  0.577952  1.072944
12 14  0.555613  0.936310
12 15  0.586954  1.093721
12 16  0.582215  0.949942
12 17  0.536484  0.741012
12 18  0.584293  0.816289
12 19  0.562123  0.699683
12 20  0.283799  0.421510
12 21  0.566505  0.794439
12 22  0.580440  1.045811
12 23  0.581294  1.098920
12 24  0.557683  0.649504
12 25  0.560020  0.827835
12 26  0.506918  0.599590
13 14  0.577294  1.329204
13 15  0.572985  1.449811
13 16  0.604117  1.362075
13 17  0.601472  1.183475
13 18  0.597925  1.232397
13 19  0.583975  1.117294
13 20  0.581192  1.081659
13 21  0.590148  1.210183
13 22  0.563187  1.412655
13 23  0.375389  1.383703
13 24  0.581382  1.067496
13 25  0.582853  1.243238
13 26  0.583503  1.062023
14 15  0.567387  1.272107
14 16  0.564448  1.190991
14 17  0.581621  1.028294
14 18  0.585720  1.087451
14 19  0.563525  0.973047
14 20  0.558651  0.932343
14 21  0.561393  1.026666
14 22  0.577539  1.259936
14 23  0.578961  1.362285
14 24  0.559188  0.922315
14 25  0.555399  1.081583
14 26  0.561029  0.917555
15 16  0.609913  1.372372
15 17  0.611211  1.192813
15 18  0.616420  1.237476
15 19  0.594627  1.117912
15 20  0.589406  1.083491
15 21  0.597998  1.193037
15 22  0.583369  1.445646
15 23  0.583830  1.444423
15 24  0.590398  1.072756
15 25  0.589900  1.210116
15 26  0.592235  1.071922
16 17  0.608137  1.048202
16 18  0.611878  1.079952
16 19  0.589740  0.980752
16 20  0.584989  0.951783
16 21  0.558915  1.060857
16 22  0.603307  1.253793
16 23  0.605348  1.324587
16 24  0.585423  0.936208
16 25  0.555922  1.085957
16 26  0.587312  0.931286
17 18  0.601840  0.914546
17 19  0.587064  0.813394
17 20  0.548497  0.751304
17 21  0.592557  0.904294
17 22  0.599555  1.102600
17 23  0.605931  1.209503
17 24  0.581894  0.761204
17 25  0.586031  0.942036
17 26  0.549606  0.738107
18 19  0.554474  0.812397
18 20  0.585168  0.816273
18 21  0.596297  0.948768
18 22  0.610073  1.173420
18 23  0.602246  1.174250
18 24  0.553500  0.788911
18 25  0.589718  0.974197
18 26  0.586981  0.791519
19 20  0.564834  0.700279
19 21  0.573944  0.830778
19 22  0.588916  1.081187
19 23  0.586212  1.102203
19 24  0.515773  0.644042
19 25  0.567404  0.859502
19 26  0.566980  0.679984
20 21  0.569161  0.794087
20 22  0.582826  1.042501
20 23  0.583163  1.096745
20 24  0.560261  0.651110
20 25  0.562638  0.828375
20 26  0.513775  0.605880
21 22  0.592987  1.167746
21 23  0.592774  1.226717
21 24  0.569601  0.780852
21 25  0.523287  0.923127
21 26  0.571472  0.775507
22 23  0.571571  1.424410
22 24  0.584669  1.034196
22 25  0.586102  1.207346
22 26  0.585980  1.028096
23 24  0.582547  1.075005
23 25  0.585688  1.231365
23 26  0.586063  1.075885
24 25  0.563070  0.812700
24 26  0.562324  0.630993
25 26  0.564948  0.808242
