   -993.90978383
   -994.22379116     -994.09149968
0.00001497949509
2 2 2 2 2 2 2 2 2 2 2 2 2 0 0 0 0 0 0 0 0 0 0 0 0 0 
1  0.272603  0.599462
2  0.303449  0.721995
3  0.308524  0.479266
4  0.303808  0.593453
5  0.284143  0.365642
6  0.280495  0.482068
7  0.312234  0.792736
8  0.287246  0.480772
9  0.280030  0.331025
10  0.304618  0.445141
11  0.282471  0.329838
12  0.279733  0.340098
13  0.302894  0.749196
14  0.279368  0.601703
15  0.311281  0.759745
16  0.305556  0.612190
17  0.306069  0.458407
18  0.310265  0.499385
19  0.286917  0.380111
20  0.282331  0.341853
21  0.289423  0.458238
22  0.305618  0.714659
23  0.305628  0.768270
24  0.282738  0.327127
25  0.282836  0.491151
26  0.285090  0.320673
1 2  0.570745  1.255398
1 3  0.580962  1.074371
1 4  0.559346  1.161207
1 5  0.556713  0.963676
1 6  0.548558  1.055696
1 7  0.564462  1.291896
1 8  0.553802  1.032497
1 9  0.552608  0.926647
1 10  0.576807  1.023027
1 11  0.555024  0.928817
1 12  0.552212  0.934116
1 13  0.572560  1.337523
1 14  0.261150  1.023853
1 15  0.556632  1.337198
1 16  0.555870  1.179661
1 17  0.577566  1.056599
1 18  0.582793  1.095509
1 19  0.559481  0.978291
1 20  0.554405  0.941061
1 21  0.557430  1.056079
1 22  0.575486  1.306133
1 23  0.575739  1.342015
1 24  0.555265  0.926205
1 25  0.554341  1.084699
1 26  0.557621  0.920032
2 3  0.610658  1.176201
2 4  0.602399  1.243868
2 5  0.587446  1.086498
2 6  0.583433  1.200798
2 7  0.584348  1.472396
2 8  0.590338  1.183143
2 9  0.583414  1.050927
2 10  0.600934  1.109238
2 11  0.585390  1.050404
2 12  0.581869  1.056798
2 13  0.570498  1.424197
2 14  0.579799  1.315768
2 15  0.576934  1.424142
2 16  0.607777  1.329233
2 17  0.603978  1.178000
2 18  0.612632  1.214523
2 19  0.590167  1.099443
2 20  0.584422  1.062640
2 21  0.592125  1.176306
2 22  0.360485  1.280282
2 23  0.566413  1.430567
2 24  0.586047  1.048474
2 25  0.585403  1.207844
2 26  0.588181  1.041798
3 4  0.612120  1.052449
3 5  0.554069  0.807929
3 6  0.588959  0.956537
3 7  0.619951  1.262665
3 8  0.595754  0.959340
3 9  0.553404  0.794526
3 10  0.605407  0.907756
3 11  0.588630  0.798811
3 12  0.586659  0.814800
3 13  0.603387  1.158523
3 14  0.587814  1.077944
3 15  0.617194  1.228800
3 16  0.613740  1.090090
3 17  0.603983  0.923679
3 18  0.379803  0.820593
3 19  0.547319  0.827666
3 20  0.590438  0.819617
3 21  0.597839  0.937030
3 22  0.613325  1.189114
3 23  0.603408  1.243946
3 24  0.545817  0.772784
3 25  0.590980  0.969808
3 26  0.591311  0.798740
4 5  0.587900  0.955528
4 6  0.552898  1.056107
4 7  0.610650  1.378615
4 8  0.555387  1.048441
4 9  0.583811  0.924234
4 10  0.608253  1.023932
4 11  0.586275  0.921882
4 12  0.583524  0.933261
4 13  0.603503  1.293963
4 14  0.561278  1.162016
4 15  0.603888  1.324613
4 16  0.380643  1.098936
4 17  0.609842  1.050973
4 18  0.613691  1.091452
4 19  0.590417  0.973140
4 20  0.586029  0.935053
4 21  0.547821  0.999857
4 22  0.607995  1.303707
4 23  0.606860  1.355807
4 24  0.586429  0.920418
4 25  0.546528  1.034705
4 26  0.588835  0.913979
5 6  0.564608  0.842928
5 7  0.595956  1.142605
5 8  0.571377  0.844883
5 9  0.515594  0.655285
5 10  0.587842  0.809672
5 11  0.566400  0.693382
5 12  0.563767  0.702379
5 13  0.584721  1.085998
5 14  0.563427  0.966379
5 15  0.595104  1.124241
5 16  0.589343  0.977439
5 17  0.589802  0.821694
5 18  0.546955  0.832188
5 19  0.291010  0.507897
5 20  0.566282  0.707371
5 21  0.573555  0.823746
5 22  0.589536  1.078376
5 23  0.587547  1.133175
5 24  0.513122  0.651161
5 25  0.566841  0.856548
5 26  0.569074  0.686135
6 7  0.590190  1.222035
6 8  0.520038  0.922077
6 9  0.560506  0.810255
6 10  0.585103  0.926192
6 11  0.562960  0.809890
6 12  0.560222  0.819281
6 13  0.582608  1.207792
6 14  0.558667  1.079361
6 15  0.591120  1.238723
6 16  0.545961  1.041636
6 17  0.586321  0.939905
6 18  0.590366  0.980778
6 19  0.567277  0.861941
6 20  0.562806  0.823799
6 21  0.517045  0.897396
6 22  0.585144  1.191798
6 23  0.585069  1.247479
6 24  0.563211  0.809112
6 25  0.288063  0.785490
6 26  0.565581  0.802678
7 8  0.598467  1.232456
7 9  0.591932  1.110719
7 10  0.614741  1.222059
7 11  0.594432  1.116980
7 12  0.591153  1.118347
7 13  0.582859  1.457228
7 14  0.563521  1.369521
7 15  0.410157  1.450304
7 16  0.606280  1.372241
7 17  0.614904  1.245955
7 18  0.619829  1.281537
7 19  0.598764  1.171177
7 20  0.593867  1.133933
7 21  0.600949  1.248034
7 22  0.579456  1.443689
7 23  0.578817  1.504527
7 24  0.594920  1.119467
7 25  0.594322  1.280287
7 26  0.597230  1.113157
8 9  0.567269  0.809701
8 10  0.591855  0.919190
8 11  0.569711  0.809885
8 12  0.566970  0.817708
8 13  0.589880  1.225479
8 14  0.561939  1.080555
8 15  0.597711  1.237698
8 16  0.548705  1.044415
8 17  0.593039  0.938678
8 18  0.597406  0.979447
8 19  0.574149  0.860675
8 20  0.569502  0.822485
8 21  0.292611  0.734622
8 22  0.592118  1.191179
8 23  0.592629  1.245477
8 24  0.569983  0.807828
8 25  0.517302  0.924383
8 26  0.572333  0.801385
9 10  0.582748  0.770741
9 11  0.561961  0.660508
9 12  0.559515  0.669702
9 13  0.581431  1.070947
9 14  0.559245  0.932427
9 15  0.591262  1.090424
9 16  0.585421  0.943017
9 17  0.584559  0.788243
9 18  0.546007  0.796944
9 19  0.512834  0.668283
9 20  0.562106  0.672690
9 21  0.569452  0.789186
9 22  0.585502  1.045108
9 23  0.585267  1.098684
9 24  0.286663  0.407788
9 25  0.562843  0.822058
9 26  0.564102  0.650809
10 11  0.549432  0.752612
10 12  0.548938  0.759746
10 13  0.606052  1.190063
10 14  0.582819  1.045780
10 15  0.612131  1.200610
10 16  0.610116  1.056471
10 17  0.376061  0.739269
10 18  0.604425  0.930410
10 19  0.591155  0.822709
10 20  0.541843  0.751760
10 21  0.593820  0.902987
10 22  0.604621  1.157893
10 23  0.607037  1.202402
10 24  0.585816  0.770990
10 25  0.587291  0.935720
10 26  0.541978  0.728158
11 12  0.514229  0.630052
11 13  0.585102  1.068587
11 14  0.561744  0.931383
11 15  0.593650  1.089303
11 16  0.587924  0.941841
11 17  0.542286  0.751130
11 18  0.590552  0.828114
11 19  0.569248  0.709792
11 20  0.511179  0.625472
11 21  0.571892  0.788010
11 22  0.587740  1.043186
11 23  0.587890  1.097641
11 24  0.564203  0.656061
11 25  0.565295  0.820896
11 26  0.288293  0.393987
12 13  0.581800  1.080645
12 14  0.558517  0.941552
12 15  0.590338  1.099298
12 16  0.585103  0.952019
12 17  0.541027  0.761628
12 18  0.589593  0.838237
12 19  0.566464  0.720089
12 20  0.287273  0.439081
12 21  0.569109  0.798213
12 22  0.584052  1.053142
12 23  0.585196  1.107496
12 24  0.562204  0.667007
12 25  0.562567  0.831117
12 26  0.511528  0.615977
13 14  0.579528  1.325875
13 15  0.575632  1.447594
13 16  0.606327  1.355372
13 17  0.605675  1.195138
13 18  0.602529  1.245120
13 19  0.587473  1.128507
13 20  0.585037  1.089650
13 21  0.592066  1.204935
13 22  0.566202  1.411559
13 23  0.378653  1.384808
13 24  0.585177  1.075786
13 25  0.584694  1.237574
13 26  0.587789  1.069407
14 15  0.569109  1.266317
14 16  0.565710  1.181316
14 17  0.584868  1.036403
14 18  0.589418  1.096783
14 19  0.566247  0.980963
14 20  0.561561  0.936854
14 21  0.562391  1.019401
14 22  0.579544  1.255562
14 23  0.581207  1.358790
14 24  0.562080  0.927084
14 25  0.556323  1.073092
14 26  0.564392  0.921816
15 16  0.611638  1.363018
15 17  0.614889  1.201188
15 18  0.620574  1.247711
15 19  0.597797  1.125225
15 20  0.592746  1.087844
15 21  0.599444  1.185716
15 22  0.585868  1.440915
15 23  0.586475  1.441626
15 24  0.593728  1.077220
15 25  0.591292  1.202864
15 26  0.596039  1.076394
16 17  0.611342  1.053489
16 18  0.615533  1.086021
16 19  0.592414  0.985406
16 20  0.587866  0.953396
16 21  0.559902  1.049345
16 22  0.605212  1.247449
16 23  0.607546  1.319429
16 24  0.588261  0.938289
16 25  0.556833  1.074188
16 26  0.590641  0.932218
17 18  0.607398  0.939193
17 19  0.591688  0.837368
17 20  0.553082  0.771920
17 21  0.595487  0.911651
17 22  0.603414  1.111582
17 23  0.610134  1.221696
17 24  0.586663  0.781723
17 25  0.588896  0.948933
17 26  0.554097  0.757828
18 19  0.558937  0.835763
18 20  0.590434  0.837564
18 21  0.599665  0.956954
18 22  0.614506  1.184564
18 23  0.606751  1.185647
18 24  0.558119  0.811028
18 25  0.593025  0.981900
18 26  0.592668  0.811635
19 20  0.569150  0.719891
19 21  0.576327  0.837203
19 22  0.592360  1.091422
19 23  0.589758  1.111198
19 24  0.520282  0.665164
19 25  0.569722  0.865167
19 26  0.571741  0.699171
20 21  0.571749  0.797267
20 22  0.586372  1.049065
20 23  0.587022  1.104269
20 24  0.564741  0.668012
20 25  0.565163  0.831066
20 26  0.518637  0.622721
21 22  0.594701  1.161710
21 23  0.594711  1.221602
21 24  0.572155  0.784351
21 25  0.523856  0.912753
21 26  0.574508  0.778229
22 23  0.574634  1.424923
22 24  0.588284  1.041424
22 25  0.587754  1.200727
22 26  0.590013  1.034269
23 24  0.586196  1.082766
23 25  0.587562  1.226325
23 26  0.590378  1.082796
24 25  0.565556  0.815706
24 26  0.567242  0.647435
25 26  0.567922  0.810388
