   -993.90978383
   -994.22386523     -994.09167973
0.00001246748830
2 2 2 2 2 2 2 2 2 2 2 2 2 0 0 0 0 0 0 0 0 0 0 0 0 0 
1  0.272676  0.598731
2  0.303612  0.721802
3  0.308909  0.481514
4  0.303886  0.592275
5  0.284408  0.367520
6  0.280520  0.481102
7  0.312382  0.792047
8  0.287281  0.479804
9  0.280319  0.332483
10  0.304932  0.447215
11  0.282820  0.331255
12  0.280032  0.341685
13  0.303110  0.749081
14  0.279443  0.601030
15  0.311424  0.759163
16  0.305633  0.610994
17  0.306395  0.460528
18  0.310646  0.501637
19  0.287190  0.382062
20  0.282618  0.343409
21  0.289461  0.457340
22  0.305791  0.714379
23  0.305832  0.768106
24  0.283053  0.328406
25  0.282867  0.490156
26  0.285440  0.321975
1 2  0.570976  1.254594
1 3  0.581420  1.075820
1 4  0.559495  1.159407
1 5  0.557052  0.964795
1 6  0.548659  1.054139
1 7  0.564676  1.290704
1 8  0.553913  1.031060
1 9  0.552970  0.927271
1 10  0.577192  1.024254
1 11  0.555445  0.929508
1 12  0.552583  0.934939
1 13  0.572847  1.336728
1 14  0.261283  1.022123
1 15  0.556842  1.335979
1 16  0.556018  1.177878
1 17  0.577964  1.057975
1 18  0.583247  1.097018
1 19  0.559827  0.979487
1 20  0.554762  0.941881
1 21  0.557539  1.054469
1 22  0.575731  1.305177
1 23  0.576017  1.341230
1 24  0.555649  0.926754
1 25  0.554446  1.083008
1 26  0.558043  0.920600
2 3  0.611204  1.178109
2 4  0.602626  1.242790
2 5  0.587875  1.088171
2 6  0.583621  1.199668
2 7  0.584657  1.471487
2 8  0.590537  1.182074
2 9  0.583865  1.052086
2 10  0.601394  1.110727
2 11  0.585896  1.051577
2 12  0.582318  1.058145
2 13  0.570889  1.424180
2 14  0.580037  1.314953
2 15  0.577241  1.423579
2 16  0.608013  1.327904
2 17  0.604466  1.179920
2 18  0.613174  1.216559
2 19  0.590602  1.101169
2 20  0.584871  1.063984
2 21  0.592321  1.175245
2 22  0.360810  1.279812
2 23  0.566792  1.430336
2 24  0.586522  1.049561
2 25  0.585598  1.206683
2 26  0.588691  1.042895
3 4  0.612582  1.053437
3 5  0.554653  0.811920
3 6  0.589370  0.957822
3 7  0.620481  1.264238
3 8  0.596174  0.960614
3 9  0.554010  0.798294
3 10  0.606091  0.911900
3 11  0.589356  0.802287
3 12  0.587339  0.818559
3 13  0.603956  1.160328
3 14  0.588274  1.079500
3 15  0.617721  1.230395
3 16  0.614202  1.091130
3 17  0.604688  0.927957
3 18  0.380476  0.825656
3 19  0.547916  0.831778
3 20  0.591108  0.823403
3 21  0.598262  0.938375
3 22  0.613881  1.191064
3 23  0.603992  1.245984
3 24  0.546433  0.776142
3 25  0.591393  0.971057
3 26  0.592041  0.802309
4 5  0.588243  0.956209
4 6  0.553008  1.053989
4 7  0.610874  1.376829
4 8  0.555506  1.046347
4 9  0.584177  0.924520
4 10  0.608644  1.024764
4 11  0.586702  0.922086
4 12  0.583901  0.933667
4 13  0.603789  1.292928
4 14  0.561432  1.160311
4 15  0.604104  1.322971
4 16  0.380795  1.096180
4 17  0.610246  1.051908
4 18  0.614150  1.092515
4 19  0.590763  0.973907
4 20  0.586393  0.935425
4 21  0.547941  0.997933
4 22  0.608241  1.302305
4 23  0.607141  1.354519
4 24  0.586820  0.920518
4 25  0.546642  1.032696
4 26  0.589260  0.914102
5 6  0.564898  0.843790
5 7  0.596367  1.143621
5 8  0.571677  0.845768
5 9  0.516166  0.658775
5 10  0.588422  0.813603
5 11  0.567013  0.696644
5 12  0.564331  0.705763
5 13  0.585181  1.087437
5 14  0.563767  0.967565
5 15  0.595512  1.125522
5 16  0.589683  0.978115
5 17  0.590392  0.825655
5 18  0.547529  0.836168
5 19  0.291454  0.512076
5 20  0.566835  0.710806
5 21  0.573858  0.824722
5 22  0.589973  1.079951
5 23  0.588005  1.134887
5 24  0.513700  0.654348
5 25  0.567135  0.857426
5 26  0.569688  0.689311
6 7  0.590363  1.220659
6 8  0.520098  0.920200
6 9  0.560820  0.810722
6 10  0.585443  0.927296
6 11  0.563334  0.810324
6 12  0.560546  0.819872
6 13  0.582849  1.206805
6 14  0.558767  1.077751
6 15  0.591289  1.237220
6 16  0.546071  1.039653
6 17  0.586672  0.941055
6 18  0.590769  0.982060
6 19  0.567574  0.862921
6 20  0.563118  0.824386
6 21  0.517109  0.895597
6 22  0.585341  1.190574
6 23  0.585298  1.246381
6 24  0.563552  0.809422
6 25  0.288116  0.783157
6 26  0.565956  0.803013
7 8  0.598649  1.231010
7 9  0.592365  1.111310
7 10  0.615197  1.223306
7 11  0.594925  1.117686
7 12  0.591592  1.119102
7 13  0.583204  1.456562
7 14  0.563741  1.368268
7 15  0.410447  1.449040
7 16  0.606502  1.370490
7 17  0.615380  1.247357
7 18  0.620358  1.283043
7 19  0.599183  1.172423
7 20  0.594301  1.134791
7 21  0.601134  1.246487
7 22  0.579779  1.442960
7 23  0.579156  1.503856
7 24  0.595382  1.120052
7 25  0.594501  1.278656
7 26  0.597727  1.113762
8 9  0.567593  0.810146
8 10  0.592204  0.920290
8 11  0.570094  0.810335
8 12  0.567304  0.818306
8 13  0.590129  1.224426
8 14  0.562047  1.078938
8 15  0.597887  1.236186
8 16  0.548821  1.042395
8 17  0.593398  0.939827
8 18  0.597822  0.980727
8 19  0.574458  0.861653
8 20  0.569824  0.823070
8 21  0.292684  0.732411
8 22  0.592322  1.189964
8 23  0.592869  1.244372
8 24  0.570334  0.808137
8 25  0.517367  0.922510
8 26  0.572718  0.801718
9 10  0.583343  0.774123
9 11  0.562595  0.663385
9 12  0.560101  0.672722
9 13  0.581912  1.072257
9 14  0.559604  0.933211
9 15  0.591692  1.091291
9 16  0.585785  0.943278
9 17  0.585169  0.791834
9 18  0.546586  0.800491
9 19  0.513397  0.671702
9 20  0.562682  0.675704
9 21  0.569779  0.789743
9 22  0.585960  1.046281
9 23  0.585755  1.099959
9 24  0.287212  0.410849
9 25  0.563163  0.822517
9 26  0.564744  0.653573
10 11  0.550001  0.756060
10 12  0.549524  0.763435
10 13  0.606579  1.192009
10 14  0.583207  1.047169
10 15  0.612594  1.202069
10 16  0.610508  1.057341
10 17  0.376673  0.743989
10 18  0.605115  0.934643
10 19  0.591741  0.826686
10 20  0.542408  0.755267
10 21  0.594170  0.904159
10 22  0.605105  1.159682
10 23  0.607556  1.204234
10 24  0.586441  0.774358
10 25  0.587635  0.936794
10 26  0.542534  0.731398
11 12  0.514836  0.633123
11 13  0.585664  1.069719
11 14  0.562166  0.932122
11 15  0.594140  1.090128
11 16  0.588347  0.942060
11 17  0.542855  0.754538
11 18  0.591278  0.831804
11 19  0.569868  0.713157
11 20  0.511770  0.628419
11 21  0.572278  0.788528
11 22  0.588258  1.044306
11 23  0.588441  1.098881
11 24  0.564872  0.658762
11 25  0.565675  0.821316
11 26  0.288880  0.397037
12 13  0.582312  1.081966
12 14  0.558885  0.942462
12 15  0.590777  1.100295
12 16  0.585477  0.952406
12 17  0.541619  0.765206
12 18  0.590269  0.842059
12 19  0.567036  0.723628
12 20  0.287739  0.442418
12 21  0.569446  0.798900
12 22  0.584516  1.054429
12 23  0.585699  1.108917
12 24  0.562818  0.669872
12 25  0.562898  0.831707
12 26  0.512116  0.618811
13 14  0.579816  1.325193
13 15  0.575981  1.447114
13 16  0.606618  1.354118
13 17  0.606217  1.197063
13 18  0.603129  1.247223
13 19  0.587941  1.130338
13 20  0.585538  1.091088
13 21  0.592319  1.203944
13 22  0.566597  1.411256
13 23  0.379084  1.384804
13 24  0.585697  1.076934
13 25  0.584939  1.236495
13 26  0.588351  1.070586
14 15  0.569317  1.265227
14 16  0.565860  1.179548
14 17  0.585267  1.037715
14 18  0.589873  1.098303
14 19  0.566595  0.982218
14 20  0.561921  0.937684
14 21  0.562504  1.018060
14 22  0.579787  1.254706
14 23  0.581483  1.358003
14 24  0.562470  0.927634
14 25  0.556431  1.071526
14 26  0.564815  0.922455
15 16  0.611856  1.361333
15 17  0.615352  1.202570
15 18  0.621093  1.249395
15 19  0.598212  1.126417
15 20  0.593170  1.088657
15 21  0.599623  1.184398
15 22  0.586182  1.440016
15 23  0.586811  1.441000
15 24  0.594183  1.077801
15 25  0.591465  1.201551
15 26  0.596527  1.077098
16 17  0.611743  1.054349
16 18  0.615989  1.087007
16 19  0.592764  0.986132
16 20  0.588230  0.953753
16 21  0.560021  1.047285
16 22  0.605449  1.246300
16 23  0.607822  1.318395
16 24  0.588653  0.938396
16 25  0.556946  1.072078
16 26  0.591067  0.932300
17 18  0.608090  0.943389
17 19  0.592286  0.841431
17 20  0.553660  0.775554
17 21  0.595851  0.912867
17 22  0.603896  1.113052
17 23  0.610662  1.223642
17 24  0.587294  0.785007
17 25  0.589253  0.950054
17 26  0.554676  0.761200
18 19  0.559516  0.839727
18 20  0.591101  0.841316
18 21  0.600083  0.958306
18 22  0.615059  1.186425
18 23  0.607316  1.187444
18 24  0.558735  0.814630
18 25  0.593438  0.983157
18 26  0.593391  0.815017
19 20  0.569710  0.723335
19 21  0.576637  0.838234
19 22  0.592805  1.093100
19 23  0.590217  1.112604
19 24  0.520903  0.668564
19 25  0.570025  0.866063
19 26  0.572362  0.702392
20 21  0.572074  0.797899
20 22  0.586815  1.050270
20 23  0.587513  1.105543
20 24  0.565342  0.670827
20 25  0.565481  0.831600
20 26  0.519250  0.625695
21 22  0.594911  1.160593
21 23  0.594951  1.220562
21 24  0.572508  0.784712
21 25  0.523923  0.910890
21 26  0.574895  0.778634
22 23  0.575022  1.424851
22 24  0.588772  1.042405
22 25  0.587957  1.199499
22 26  0.590523  1.035254
23 24  0.586678  1.083830
23 25  0.587798  1.225300
23 26  0.590931  1.083812
24 25  0.565902  0.815982
24 26  0.567904  0.650017
25 26  0.568303  0.810679
