   -993.90978383
   -994.22406623     -994.09219786
0.00000532264248
2 2 2 2 2 2 2 2 2 2 2 2 2 0 0 0 0 0 0 0 0 0 0 0 0 0 
1  0.272883  0.596408
2  0.304094  0.721164
3  0.309982  0.488335
4  0.304079  0.588539
5  0.285232  0.373451
6  0.280603  0.478086
7  0.312801  0.789934
8  0.287379  0.476793
9  0.281208  0.337282
10  0.305912  0.453447
11  0.283784  0.335900
12  0.280960  0.346531
13  0.303730  0.748742
14  0.279665  0.598990
15  0.311836  0.757405
16  0.305826  0.607267
17  0.307326  0.466824
18  0.311677  0.508303
19  0.288036  0.388042
20  0.283554  0.348150
21  0.289563  0.454591
22  0.306297  0.713528
23  0.306465  0.767698
24  0.283962  0.332583
25  0.282951  0.487054
26  0.286460  0.326221
1 2  0.571654  1.252014
1 3  0.582694  1.080105
1 4  0.559896  1.153689
1 5  0.558082  0.968310
1 6  0.548952  1.049231
1 7  0.565284  1.286965
1 8  0.554223  1.026533
1 9  0.554065  0.929408
1 10  0.578375  1.027837
1 11  0.556609  0.931842
1 12  0.553712  0.937363
1 13  0.573663  1.334222
1 14  0.261690  1.016769
1 15  0.557456  1.332170
1 16  0.556418  1.172265
1 17  0.579097  1.061908
1 18  0.584482  1.101330
1 19  0.560878  0.983066
1 20  0.555889  0.944285
1 21  0.557843  1.049452
1 22  0.576442  1.302171
1 23  0.576852  1.338827
1 24  0.556754  0.928610
1 25  0.554736  1.077694
1 26  0.559269  0.922513
2 3  0.612753  1.183819
2 4  0.603273  1.239334
2 5  0.589179  1.093421
2 6  0.584184  1.196101
2 7  0.585547  1.468654
2 8  0.591118  1.178707
2 9  0.585235  1.055912
2 10  0.602803  1.115201
2 11  0.587321  1.055424
2 12  0.583696  1.062192
2 13  0.572026  1.424029
2 14  0.580740  1.312426
2 15  0.578137  1.421830
2 16  0.608679  1.323716
2 17  0.605871  1.185563
2 18  0.614682  1.222524
2 19  0.591922  1.106409
2 20  0.586267  1.068032
2 21  0.592895  1.171942
2 22  0.361754  1.278333
2 23  0.567939  1.429663
2 24  0.587908  1.053091
2 25  0.586165  1.203025
2 26  0.590180  1.046450
3 4  0.613845  1.056274
3 5  0.556358  0.824195
3 6  0.590524  0.961641
3 7  0.621963  1.268997
3 8  0.597343  0.964404
3 9  0.555788  0.810048
3 10  0.608102  0.924422
3 11  0.591376  0.813181
3 12  0.589332  0.829999
3 13  0.605558  1.165846
3 14  0.589565  1.084231
3 15  0.619204  1.235246
3 16  0.615467  1.094185
3 17  0.606667  0.940841
3 18  0.382394  0.840748
3 19  0.549654  0.844297
3 20  0.593103  0.834907
3 21  0.599437  0.942431
3 22  0.615451  1.196994
3 23  0.605673  1.252252
3 24  0.548187  0.786587
3 25  0.592540  0.974763
3 26  0.594118  0.813424
4 5  0.589258  0.958334
4 6  0.553294  1.047319
4 7  0.611481  1.371226
4 8  0.555812  1.039757
4 9  0.585256  0.925595
4 10  0.609813  1.027088
4 11  0.587859  0.922884
4 12  0.585020  0.934763
4 13  0.604588  1.289623
4 14  0.561845  1.154988
4 15  0.604705  1.317862
4 16  0.381180  1.087541
4 17  0.611370  1.054446
4 18  0.615372  1.095415
4 19  0.591791  0.976132
4 20  0.587519  0.936416
4 21  0.548240  0.991914
4 22  0.608933  1.297889
4 23  0.607966  1.350540
4 24  0.587919  0.920951
4 25  0.546929  1.026356
4 26  0.590468  0.914608
5 6  0.565801  0.846520
5 7  0.597603  1.146829
5 8  0.572596  0.848600
5 9  0.517921  0.669938
5 10  0.590217  0.825696
5 11  0.568797  0.707110
5 12  0.566080  0.716279
5 13  0.586574  1.091957
5 14  0.564810  0.971388
5 15  0.596742  1.129645
5 16  0.590685  0.980297
5 17  0.592139  0.837760
5 18  0.549205  0.848349
5 19  0.292879  0.525391
5 20  0.568592  0.721481
5 21  0.574784  0.827893
5 22  0.591295  1.084943
5 23  0.589424  1.140399
5 24  0.515420  0.664602
5 25  0.568033  0.860236
5 26  0.571528  0.699476
6 7  0.590864  1.216383
6 8  0.520269  0.914339
6 9  0.561788  0.812410
6 10  0.586505  0.930504
6 11  0.564380  0.811897
6 12  0.561555  0.821611
6 13  0.583554  1.203749
6 14  0.559071  1.072786
6 15  0.591785  1.232581
6 16  0.546358  1.033452
6 17  0.587683  0.944322
6 18  0.591876  0.985698
6 19  0.568488  0.865868
6 20  0.564134  0.826102
6 21  0.517288  0.890027
6 22  0.585929  1.186781
6 23  0.586008  1.243055
6 24  0.564542  0.810574
6 25  0.288270  0.775883
6 26  0.567059  0.804236
7 8  0.599163  1.226523
7 9  0.593661  1.113383
7 10  0.616577  1.227033
7 11  0.596296  1.120135
7 12  0.592923  1.121409
7 13  0.584207  1.454591
7 14  0.564379  1.364445
7 15  0.411281  1.445185
7 16  0.607108  1.365079
7 17  0.616738  1.251453
7 18  0.621805  1.287427
7 19  0.600439  1.176233
7 20  0.595646  1.137391
7 21  0.601649  1.241740
7 22  0.580706  1.440737
7 23  0.580186  1.501850
7 24  0.596705  1.122097
7 25  0.595003  1.273593
7 26  0.599161  1.115865
8 9  0.568579  0.811779
8 10  0.593283  0.923485
8 11  0.571155  0.811972
8 12  0.568328  0.820074
8 13  0.590845  1.221167
8 14  0.562362  1.073957
8 15  0.598394  1.231528
8 16  0.549121  1.036085
8 17  0.594420  0.943102
8 18  0.598950  0.984366
8 19  0.575402  0.864607
8 20  0.570852  0.824793
8 21  0.292874  0.725606
8 22  0.592919  1.186201
8 23  0.593599  1.241036
8 24  0.571340  0.809292
8 25  0.517544  0.916672
8 26  0.573836  0.802947
9 10  0.585186  0.784685
9 11  0.564439  0.672837
9 12  0.561911  0.682281
9 13  0.583339  1.076535
9 14  0.560698  0.935966
9 15  0.592987  1.094303
9 16  0.586862  0.944337
9 17  0.586975  0.802956
9 18  0.548293  0.811376
9 19  0.515103  0.682540
9 20  0.564505  0.685242
9 21  0.570769  0.791781
9 22  0.587348  1.050214
9 23  0.587258  1.104288
9 24  0.288854  0.421042
9 25  0.564136  0.824204
9 26  0.566656  0.662630
10 11  0.551671  0.766710
10 12  0.551297  0.774525
10 13  0.608170  1.197858
10 14  0.584405  1.051328
10 15  0.613997  1.206445
10 16  0.611680  1.059821
10 17  0.378554  0.758020
10 18  0.607105  0.947323
10 19  0.593557  0.838780
10 20  0.544137  0.765806
10 21  0.595245  0.907636
10 22  0.606578  1.165055
10 23  0.609166  1.209838
10 24  0.588316  0.784794
10 25  0.588695  0.939907
10 26  0.544214  0.741361
11 12  0.516625  0.642784
11 13  0.587242  1.073494
11 14  0.563350  0.934710
11 15  0.595512  1.092983
11 16  0.589501  0.942968
11 17  0.544440  0.764944
11 18  0.593261  0.843164
11 19  0.571674  0.723773
11 20  0.513555  0.637705
11 21  0.573344  0.790418
11 22  0.589717  1.048034
11 23  0.590026  1.103082
11 24  0.566750  0.667597
11 25  0.566721  0.822850
11 26  0.290683  0.406853
12 13  0.583855  1.086031
12 14  0.560021  0.945254
12 15  0.592111  1.103360
12 16  0.586595  0.953509
12 17  0.543350  0.775922
12 18  0.592215  0.853521
12 19  0.568808  0.734460
12 20  0.289139  0.452520
12 21  0.570472  0.800992
12 22  0.585935  1.058360
12 23  0.587257  1.113342
12 24  0.564653  0.678894
12 25  0.563909  0.833442
12 26  0.513876  0.627737
13 14  0.580651  1.323115
13 15  0.576999  1.445630
13 16  0.607432  1.350224
13 17  0.607773  1.202801
13 18  0.604770  1.253450
13 19  0.589353  1.135975
13 20  0.587092  1.095485
13 21  0.593041  1.200919
13 22  0.567745  1.410360
13 23  0.380371  1.384909
13 24  0.587203  1.080730
13 25  0.585638  1.233153
13 26  0.589983  1.074468
14 15  0.569930  1.261918
14 16  0.566275  1.174089
14 17  0.586417  1.041606
14 18  0.591123  1.102749
14 19  0.567662  0.986087
14 20  0.563072  0.940227
14 21  0.562835  1.013954
14 22  0.580502  1.252080
14 23  0.582323  1.355698
14 24  0.563601  0.929568
14 25  0.556737  1.066700
14 26  0.566049  0.924680
15 16  0.612458  1.356126
15 17  0.616680  1.206661
15 18  0.622526  1.254377
15 19  0.599467  1.130096
15 20  0.594503  1.091178
15 21  0.600135  1.180381
15 22  0.587099  1.437279
15 23  0.587831  1.439255
15 24  0.595496  1.079788
15 25  0.591961  1.197496
15 26  0.597945  1.079525
16 17  0.612863  1.056735
16 18  0.617209  1.089756
16 19  0.593802  0.988267
16 20  0.589356  0.954754
16 21  0.560331  1.040899
16 22  0.606120  1.242720
16 23  0.608632  1.315236
16 24  0.589751  0.938916
16 25  0.557233  1.065498
16 26  0.592280  0.932742
17 18  0.610019  0.955831
17 19  0.594052  0.853682
17 20  0.555385  0.786431
17 21  0.596884  0.916398
17 22  0.605286  1.117468
17 23  0.612217  1.229509
17 24  0.589111  0.795117
17 25  0.590268  0.953235
17 26  0.556342  0.771508
18 19  0.561189  0.851613
18 20  0.593057  0.852558
18 21  0.601214  0.962216
18 22  0.616591  1.191892
18 23  0.608911  1.192882
18 24  0.560475  0.825615
18 25  0.594551  0.986742
18 26  0.595421  0.825413
19 20  0.571487  0.733867
19 21  0.577581  0.841394
19 22  0.594155  1.098230
19 23  0.591639  1.116928
19 24  0.522710  0.679184
19 25  0.570951  0.868730
19 26  0.574223  0.712520
20 21  0.573111  0.799820
20 22  0.588216  1.053947
20 23  0.589078  1.109520
20 24  0.567180  0.679671
20 25  0.566499  0.833157
20 26  0.521129  0.634992
21 22  0.595518  1.157170
21 23  0.595682  1.217476
21 24  0.573519  0.786056
21 25  0.524099  0.905122
21 26  0.576016  0.780130
22 23  0.576188  1.424675
22 24  0.590185  1.045659
22 25  0.588545  1.195693
22 26  0.592016  1.038532
23 24  0.588101  1.087348
23 25  0.588512  1.222209
23 26  0.592575  1.087265
24 25  0.566892  0.816997
24 26  0.569821  0.658440
25 26  0.569406  0.811768
