   -993.88247477
   -994.18773274     -994.04093202
0.00022477425619
2 2 2 2 2 2 2 2 2 2 2 2 2 0 0 0 0 0 0 0 0 0 0 0 0 0 
1  0.255364  0.525175
2  0.264822  0.353824
3  0.254685  0.515127
4  0.272435  0.475131
5  0.270460  0.471387
6  0.270154  0.465157
7  0.272037  0.465792
8  0.279599  0.633835
9  0.287725  0.625723
10  0.264952  0.352746
11  0.279722  0.626282
12  0.285392  0.530297
13  0.287689  0.632856
14  0.261996  0.536645
15  0.261706  0.529916
16  0.271556  0.454624
17  0.273595  0.486712
18  0.273554  0.479237
19  0.271413  0.449278
20  0.291025  0.619394
21  0.280000  0.620476
22  0.285873  0.556711
23  0.267324  0.349787
24  0.279729  0.624907
25  0.267812  0.350057
26  0.291546  0.631974
1 2  0.520072  0.876078
1 3  0.509842  1.032453
1 4  0.522133  0.959901
1 5  0.521896  0.982278
1 6  0.525494  0.985376
1 7  0.527386  0.986068
1 8  0.507998  1.125379
1 9  0.543040  1.146674
1 10  0.520227  0.867329
1 11  0.533547  1.119507
1 12  0.540047  1.045177
1 13  0.522791  1.122817
1 14  0.243750  0.885512
1 15  0.515776  1.052759
1 16  0.524178  0.978249
1 17  0.528039  1.002531
1 18  0.528912  1.002650
1 19  0.526621  0.972909
1 20  0.546124  1.141272
1 21  0.533226  1.141311
1 22  0.541086  1.077157
1 23  0.522585  0.873556
1 24  0.502029  1.096948
1 25  0.522963  0.874626
1 26  0.519117  1.111337
2 3  0.519412  0.858647
2 4  0.537230  0.826834
2 5  0.535208  0.820400
2 6  0.534946  0.817475
2 7  0.536845  0.815771
2 8  0.541391  0.961219
2 9  0.552505  0.976851
2 10  0.486808  0.680524
2 11  0.543070  0.971567
2 12  0.517049  0.863794
2 13  0.552319  0.984072
2 14  0.526716  0.889302
2 15  0.526258  0.883104
2 16  0.536324  0.808219
2 17  0.538093  0.840156
2 18  0.538336  0.832746
2 19  0.536232  0.802797
2 20  0.555609  0.972573
2 21  0.544568  0.972562
2 22  0.509086  0.874183
2 23  0.260902  0.483786
2 24  0.542776  0.977760
2 25  0.484106  0.665228
2 26  0.555618  0.985065
3 4  0.527107  0.985247
3 5  0.525128  0.981494
3 6  0.520940  0.967140
3 7  0.521103  0.943006
3 8  0.532743  1.117570
3 9  0.522270  1.106539
3 10  0.519527  0.865285
3 11  0.507545  1.109855
3 12  0.539350  1.034826
3 13  0.542329  1.143833
3 14  0.515410  1.049494
3 15  0.243369  0.866918
3 16  0.526107  0.968214
3 17  0.528275  1.000071
3 18  0.527269  0.985253
3 19  0.523368  0.962945
3 20  0.517982  1.089813
3 21  0.501579  1.083140
3 22  0.540423  1.067447
3 23  0.521777  0.864336
3 24  0.532457  1.135797
3 25  0.522403  0.863844
3 26  0.545964  1.143773
4 5  0.496776  0.914619
4 6  0.542588  0.938833
4 7  0.544472  0.938679
4 8  0.549467  1.090491
4 9  0.560150  1.098048
4 10  0.537376  0.823765
4 11  0.552076  1.090012
4 12  0.557802  1.003156
4 13  0.532541  1.080400
4 14  0.530372  1.009895
4 15  0.533935  1.003182
4 16  0.264823  0.731727
4 17  0.492218  0.890527
4 18  0.545988  0.953414
4 19  0.543839  0.923618
4 20  0.563427  1.092285
4 21  0.552077  1.093027
4 22  0.558108  1.030193
4 23  0.539722  0.824660
4 24  0.551341  1.096117
4 25  0.540245  0.824829
4 26  0.527277  1.053704
5 6  0.540613  0.935632
5 7  0.542497  0.935753
5 8  0.545617  1.063078
5 9  0.558174  1.091554
5 10  0.535391  0.822464
5 11  0.550135  1.094614
5 12  0.555673  0.995803
5 13  0.530434  1.078122
5 14  0.531307  0.999776
5 15  0.532108  0.999591
5 16  0.492230  0.873834
5 17  0.265781  0.764783
5 18  0.544012  0.949662
5 19  0.541872  0.919912
5 20  0.561485  1.088434
5 21  0.550248  1.089653
5 22  0.555676  1.026692
5 23  0.537538  0.820892
5 24  0.548819  1.093867
5 25  0.538239  0.821117
5 26  0.523260  1.038375
6 7  0.496178  0.899478
6 8  0.549704  1.096050
6 9  0.530018  1.064188
6 10  0.535027  0.813520
6 11  0.545525  1.051045
6 12  0.555392  0.989620
6 13  0.557830  1.092453
6 14  0.532094  1.000118
6 15  0.530745  0.986896
6 16  0.541706  0.919034
6 17  0.543745  0.950901
6 18  0.265321  0.748676
6 19  0.491743  0.861993
6 20  0.522624  1.021001
6 21  0.548759  1.083437
6 22  0.555368  1.020540
6 23  0.537436  0.814616
6 24  0.549684  1.087938
6 25  0.537702  0.814936
6 26  0.561699  1.094752
7 8  0.551552  1.088835
7 9  0.532116  1.064871
7 10  0.536963  0.816629
7 11  0.549111  1.074759
7 12  0.557407  0.993892
7 13  0.559717  1.095930
7 14  0.533840  1.000635
7 15  0.529702  0.993999
7 16  0.543582  0.919652
7 17  0.545631  0.951567
7 18  0.491900  0.874870
7 19  0.264352  0.714587
7 20  0.526416  1.032232
7 21  0.551237  1.082690
7 22  0.557726  1.020988
7 23  0.539360  0.815228
7 24  0.551455  1.088265
7 25  0.539812  0.815608
7 26  0.563551  1.095543
8 9  0.566894  1.237123
8 10  0.543145  0.977574
8 11  0.552427  1.244267
8 12  0.556619  1.138212
8 13  0.553772  1.244244
8 14  0.507158  1.111752
8 15  0.538786  1.159285
8 16  0.550546  1.085782
8 17  0.551100  1.118082
8 18  0.553054  1.110647
8 19  0.550722  1.080827
8 20  0.570507  1.248102
8 21  0.546365  1.231894
8 22  0.551720  1.161410
8 23  0.544923  0.982593
8 24  0.323508  1.150230
8 25  0.547173  0.982242
8 26  0.549939  1.218120
9 10  0.552458  0.976031
9 11  0.554049  1.229817
9 12  0.572197  1.120965
9 13  0.575342  1.246568
9 14  0.549535  1.158764
9 15  0.522370  1.106382
9 16  0.559257  1.078323
9 17  0.561315  1.109746
9 18  0.524882  1.052673
9 19  0.521493  1.011520
9 20  0.352024  1.144787
9 21  0.546353  1.198457
9 22  0.572651  1.178545
9 23  0.554874  0.974892
9 24  0.567372  1.245562
9 25  0.554814  0.975143
9 26  0.579136  1.251881
10 11  0.541660  0.953818
10 12  0.517071  0.862847
10 13  0.552614  0.982910
10 14  0.526724  0.888711
10 15  0.526533  0.881586
10 16  0.536498  0.807051
10 17  0.538509  0.839122
10 18  0.538203  0.831638
10 19  0.536313  0.801814
10 20  0.555302  0.971458
10 21  0.543192  0.972249
10 22  0.508866  0.872800
10 23  0.483874  0.664257
10 24  0.544424  0.975783
10 25  0.261051  0.482115
10 26  0.556258  0.984043
11 12  0.556595  1.130455
11 13  0.566981  1.236461
11 14  0.539335  1.158482
11 15  0.507104  1.098963
11 16  0.551003  1.078612
11 17  0.553214  1.110515
11 18  0.551228  1.103281
11 19  0.550485  1.072961
11 20  0.549356  1.198997
11 21  0.323650  1.136020
11 22  0.551924  1.155012
11 23  0.546783  0.974230
11 24  0.546134  1.228616
11 25  0.545476  0.975342
11 26  0.571158  1.253025
12 13  0.572139  1.128196
12 14  0.547206  1.062926
12 15  0.546897  1.056161
12 16  0.556678  0.983684
12 17  0.558313  1.015677
12 18  0.558264  1.008286
12 19  0.556564  0.978377
12 20  0.575561  1.146396
12 21  0.551323  1.122426
12 22  0.343579  0.964376
12 23  0.510147  0.845332
12 24  0.551325  1.127843
12 25  0.510623  0.845315
12 26  0.576085  1.158785
13 14  0.522643  1.120030
13 15  0.549215  1.159181
13 16  0.521565  1.022813
13 17  0.525328  1.067166
13 18  0.561239  1.109458
13 19  0.559072  1.080127
13 20  0.578575  1.246603
13 21  0.567601  1.248116
13 22  0.572651  1.185533
13 23  0.554361  0.981974
13 24  0.545804  1.209188
13 25  0.555319  0.982277
13 26  0.352505  1.167371
14 15  0.523393  1.057995
14 16  0.527467  0.953123
14 17  0.530645  1.012935
14 18  0.535537  1.011203
14 19  0.533397  0.981454
14 20  0.552955  1.151963
14 21  0.540161  1.124066
14 22  0.546768  1.081798
14 23  0.529195  0.884914
14 24  0.514170  1.129414
14 25  0.529756  0.878656
14 26  0.530897  1.128441
15 16  0.533246  0.980033
15 17  0.535284  1.011914
15 18  0.530313  0.998798
15 19  0.527072  0.942183
15 20  0.530155  1.110528
15 21  0.514185  1.117526
15 22  0.546490  1.075870
15 23  0.528988  0.871605
15 24  0.539614  1.122222
15 25  0.529377  0.878282
15 26  0.553187  1.157711
16 17  0.498733  0.910096
16 18  0.545108  0.932831
16 19  0.542968  0.902486
16 20  0.562574  1.071599
16 21  0.551470  1.066342
16 22  0.557362  1.009766
16 23  0.538835  0.802842
16 24  0.547232  1.057656
16 25  0.539348  0.802188
16 26  0.535959  1.065247
17 18  0.547148  0.964547
17 19  0.545007  0.934968
17 20  0.564610  1.099841
17 21  0.553540  1.104477
17 22  0.559202  1.032930
17 23  0.540820  0.831480
17 24  0.548658  1.067781
17 25  0.541374  0.835942
17 26  0.536381  1.081808
18 19  0.498640  0.897034
18 20  0.535893  1.063512
18 21  0.548970  1.057740
18 22  0.559158  1.026140
18 23  0.540850  0.828211
18 24  0.553228  1.101539
18 25  0.541274  0.824408
18 26  0.565090  1.104976
19 20  0.535377  1.047591
19 21  0.547341  1.048304
19 22  0.557207  1.004540
19 23  0.538720  0.796549
19 24  0.551061  1.065668
19 25  0.539166  0.797725
19 26  0.562952  1.078777
20 21  0.558777  1.218943
20 22  0.575623  1.136764
20 23  0.558287  0.966857
20 24  0.570142  1.220962
20 25  0.558570  0.965523
20 26  0.582518  1.239339
21 22  0.556920  1.146994
21 23  0.545179  0.963675
21 24  0.552829  1.230754
21 25  0.544274  0.945537
21 26  0.570918  1.228428
22 23  0.520328  0.883605
22 24  0.556628  1.150344
22 25  0.520633  0.884199
22 26  0.576131  1.146983
23 24  0.543642  0.949686
23 25  0.491454  0.675457
23 26  0.558575  0.977592
24 25  0.545425  0.968487
24 26  0.558955  1.234484
25 26  0.559290  0.979733
