   -993.88247477
   -994.18969771     -994.04660919
0.00015568955547
2 2 2 2 2 2 2 2 2 2 2 2 2 0 0 0 0 0 0 0 0 0 0 0 0 0 
1  0.258755  0.517878
2  0.268486  0.390596
3  0.258133  0.512230
4  0.274783  0.450251
5  0.272522  0.450915
6  0.272565  0.446367
7  0.274614  0.444650
8  0.285369  0.666177
9  0.290652  0.600934
10  0.268763  0.389409
11  0.285604  0.662103
12  0.290577  0.585414
13  0.290819  0.606340
14  0.265596  0.525294
15  0.265325  0.521344
16  0.274234  0.430361
17  0.275709  0.465540
18  0.275750  0.459853
19  0.274072  0.426405
20  0.293911  0.599061
21  0.285784  0.655708
22  0.291184  0.616519
23  0.271224  0.385676
24  0.285396  0.656855
25  0.271376  0.385448
26  0.294315  0.607925
1 2  0.527129  0.904486
1 3  0.516650  1.020564
1 4  0.527561  0.931799
1 5  0.527064  0.955400
1 6  0.531300  0.958355
1 7  0.533350  0.956685
1 8  0.516969  1.148645
1 9  0.549369  1.115447
1 10  0.527440  0.893769
1 11  0.542619  1.140599
1 12  0.548624  1.091564
1 13  0.529061  1.092174
1 14  0.249561  0.863383
1 15  0.522869  1.037206
1 16  0.530157  0.947046
1 17  0.533442  0.974637
1 18  0.534501  0.976413
1 19  0.532662  0.943172
1 20  0.552391  1.114312
1 21  0.542471  1.169137
1 22  0.549772  1.129209
1 23  0.529880  0.902274
1 24  0.511035  1.127719
1 25  0.529876  0.902529
1 26  0.525051  1.083288
2 3  0.526528  0.889382
2 4  0.543233  0.837937
2 5  0.540923  0.835715
2 6  0.541016  0.835202
2 7  0.543084  0.830276
2 8  0.550693  1.023286
2 9  0.559092  0.987656
2 10  0.493466  0.752863
2 11  0.552471  1.041161
2 12  0.525588  0.954393
2 13  0.559091  0.994069
2 14  0.533974  0.914810
2 15  0.533515  0.911085
2 16  0.542642  0.820660
2 17  0.543853  0.855660
2 18  0.544183  0.850030
2 19  0.542552  0.816563
2 20  0.562196  0.988838
2 21  0.553943  1.043452
2 22  0.517802  0.968362
2 23  0.266754  0.560628
2 24  0.552085  1.046285
2 25  0.490488  0.734359
2 26  0.562078  0.997666
3 4  0.532895  0.956653
3 5  0.530634  0.957165
3 6  0.526523  0.946020
3 7  0.526792  0.921891
3 8  0.541768  1.139244
3 9  0.528385  1.081460
3 10  0.526787  0.897803
3 11  0.516536  1.139979
3 12  0.547977  1.085583
3 13  0.548914  1.115195
3 14  0.522488  1.035535
3 15  0.249301  0.852541
3 16  0.532202  0.941465
3 17  0.533839  0.976422
3 18  0.532842  0.963595
3 19  0.529377  0.937506
3 20  0.524230  1.069740
3 21  0.510779  1.121186
3 22  0.549141  1.123625
3 23  0.529123  0.897145
3 24  0.541548  1.164751
3 25  0.529418  0.896372
3 26  0.552159  1.117495
4 5  0.501331  0.869368
4 6  0.547333  0.895135
4 7  0.549367  0.892283
4 8  0.557370  1.097022
4 9  0.565403  1.049043
4 10  0.543533  0.834520
4 11  0.560305  1.099306
4 12  0.565333  1.033517
4 13  0.537894  1.032165
4 14  0.536188  0.974073
4 15  0.539881  0.970239
4 16  0.269397  0.673774
4 17  0.496895  0.851537
4 18  0.550481  0.909467
4 19  0.548643  0.876114
4 20  0.568667  1.047824
4 21  0.560166  1.103711
4 22  0.565787  1.064971
4 23  0.545963  0.835627
4 24  0.559328  1.104095
4 25  0.546156  0.835215
4 26  0.532455  1.009656
5 6  0.545071  0.896679
5 7  0.547121  0.894096
5 8  0.553320  1.075600
5 9  0.563144  1.045984
5 10  0.541249  0.838364
5 11  0.558084  1.110037
5 12  0.562920  1.029445
5 13  0.535501  1.031584
5 14  0.536890  0.968845
5 15  0.537803  0.971010
5 16  0.497181  0.833345
5 17  0.269466  0.715649
5 18  0.548268  0.910088
5 19  0.546489  0.876794
5 20  0.566420  1.048279
5 21  0.558053  1.104387
5 22  0.562998  1.065819
5 23  0.543462  0.836221
5 24  0.556512  1.105806
5 25  0.543856  0.835932
5 26  0.528051  1.000936
6 7  0.501263  0.859336
6 8  0.557890  1.109662
6 9  0.535277  1.021413
6 10  0.541243  0.830366
6 11  0.553559  1.068226
6 12  0.562956  1.024944
6 13  0.563354  1.046827
6 14  0.538121  0.970427
6 15  0.536677  0.960431
6 16  0.546706  0.876208
6 17  0.548272  0.911225
6 18  0.269324  0.703723
6 19  0.496985  0.824615
6 20  0.527819  0.988411
6 21  0.556890  1.100210
6 22  0.563030  1.061339
6 23  0.543740  0.831632
6 24  0.557704  1.101065
6 25  0.543630  0.831446
6 26  0.566866  1.052599
7 8  0.559900  1.098161
7 9  0.537601  1.021665
7 10  0.543344  0.831249
7 11  0.557405  1.087887
7 12  0.565161  1.027999
7 13  0.565400  1.048850
7 14  0.540006  0.968615
7 15  0.535717  0.964552
7 16  0.548655  0.874481
7 17  0.550278  0.909556
7 18  0.496872  0.841126
7 19  0.269026  0.662681
7 20  0.531812  0.995387
7 21  0.559553  1.097515
7 22  0.565617  1.059416
7 23  0.545834  0.829872
7 24  0.559606  1.099354
7 25  0.545946  0.829808
7 26  0.568909  1.051104
8 9  0.575548  1.241403
8 10  0.552482  1.043512
8 11  0.563405  1.306859
8 12  0.567069  1.219833
8 13  0.562377  1.251152
8 14  0.516530  1.140641
8 15  0.548286  1.183125
8 16  0.558915  1.094564
8 17  0.558910  1.129602
8 18  0.560987  1.123583
8 19  0.559087  1.090570
8 20  0.579161  1.260392
8 21  0.557274  1.288916
8 22  0.562413  1.248116
8 23  0.554591  1.050714
8 24  0.334169  1.222552
8 25  0.556421  1.048765
8 26  0.558295  1.230488
9 10  0.559190  0.987777
9 11  0.562443  1.242147
9 12  0.580172  1.146530
9 13  0.581406  1.195094
9 14  0.556066  1.123530
9 15  0.528781  1.076418
9 16  0.564752  1.029975
9 17  0.566359  1.064537
9 18  0.530041  1.013989
9 19  0.527063  0.970056
9 20  0.357681  1.093157
9 21  0.554860  1.212763
9 22  0.580902  1.212977
9 23  0.561710  0.985857
9 24  0.575959  1.253162
9 25  0.561293  0.985627
9 26  0.584771  1.204489
10 11  0.551290  1.019204
10 12  0.525788  0.953927
10 13  0.559529  0.992068
10 14  0.534052  0.913885
10 15  0.533984  0.909750
10 16  0.542991  0.819332
10 17  0.544420  0.854520
10 18  0.544183  0.848826
10 19  0.542758  0.815534
10 20  0.561969  0.987659
10 21  0.552778  1.043963
10 22  0.517670  0.966353
10 23  0.490641  0.733168
10 24  0.553832  1.043584
10 25  0.266993  0.558950
10 26  0.562894  0.996497
11 12  0.567239  1.216057
11 13  0.575938  1.242549
11 14  0.548802  1.182918
11 15  0.516556  1.133652
11 16  0.559447  1.090407
11 17  0.561174  1.125110
11 18  0.559201  1.119987
11 19  0.558988  1.086618
11 20  0.558019  1.218226
11 21  0.334337  1.215989
11 22  0.562776  1.244205
11 23  0.556492  1.044917
11 24  0.557061  1.285753
11 25  0.554905  1.046430
11 26  0.579800  1.265078
12 13  0.580368  1.151936
12 14  0.555969  1.106091
12 15  0.555680  1.102061
12 16  0.564530  1.014423
12 17  0.565545  1.049451
12 18  0.565596  1.043844
12 19  0.564381  1.010490
12 20  0.583642  1.180557
12 21  0.562010  1.207756
12 22  0.352800  1.092730
12 23  0.518769  0.933037
12 24  0.561902  1.209419
12 25  0.519161  0.933432
12 26  0.584002  1.189252
13 14  0.529242  1.085683
13 15  0.555962  1.124951
13 16  0.527275  0.978489
13 17  0.530475  1.025083
13 18  0.566565  1.064291
13 19  0.564742  1.031436
13 20  0.584513  1.201087
13 21  0.576518  1.257303
13 22  0.581043  1.218186
13 23  0.561348  0.991222
13 24  0.554477  1.218557
13 25  0.562027  0.991021
13 26  0.358230  1.109715
14 15  0.530576  1.036645
14 16  0.533405  0.922368
14 17  0.536176  0.981361
14 18  0.541335  0.980168
14 19  0.539656  0.946818
14 20  0.559449  1.121101
14 21  0.549401  1.141619
14 22  0.555555  1.128829
14 23  0.536693  0.908648
14 24  0.523209  1.148442
14 25  0.536928  0.900093
14 26  0.536944  1.097193
15 16  0.539550  0.946742
15 17  0.541025  0.981852
15 18  0.535926  0.971675
15 19  0.533036  0.915201
15 20  0.536378  1.085560
15 21  0.523156  1.142668
15 22  0.555298  1.125578
15 23  0.536507  0.896493
15 24  0.548731  1.139333
15 25  0.536559  0.904393
15 26  0.559572  1.125962
16 17  0.503684  0.864999
16 18  0.549972  0.889426
16 19  0.548256  0.855377
16 20  0.568121  1.027523
16 21  0.559931  1.076678
16 22  0.565318  1.045408
16 23  0.545389  0.813788
16 24  0.555359  1.065125
16 25  0.545590  0.812695
16 26  0.541477  1.019362
17 18  0.551451  0.924142
17 19  0.549769  0.891160
17 20  0.569609  1.057626
17 21  0.561431  1.118775
17 22  0.566594  1.069632
17 23  0.546823  0.845354
17 24  0.556213  1.079488
17 25  0.547049  0.850177
17 26  0.541215  1.037184
18 19  0.503567  0.855153
18 20  0.540940  1.023837
18 21  0.556648  1.073972
18 22  0.566631  1.064461
18 23  0.546932  0.844704
18 24  0.561082  1.114343
18 25  0.547015  0.839447
18 26  0.570051  1.060837
19 20  0.540886  1.006585
19 21  0.555614  1.060358
19 22  0.565160  1.041526
19 23  0.545275  0.809003
19 24  0.559378  1.074131
19 25  0.545373  0.809606
19 26  0.568361  1.032414
20 21  0.567165  1.233184
20 22  0.583705  1.169170
20 23  0.565054  0.981271
20 24  0.578580  1.228383
20 25  0.565005  0.980050
20 26  0.588163  1.193738
21 22  0.567519  1.234330
21 23  0.554711  1.032844
21 24  0.563705  1.294530
21 25  0.553575  1.009339
21 26  0.579382  1.235403
22 23  0.529177  0.977384
22 24  0.567122  1.235261
22 25  0.529261  0.977012
22 26  0.584130  1.176440
23 24  0.553147  1.011185
23 25  0.498075  0.746565
23 26  0.565253  0.989205
24 25  0.554501  1.034003
24 26  0.567161  1.242251
25 26  0.565613  0.989719
