   -993.88247477
   -994.19065577     -994.04982075
0.00011536774499
2 2 2 2 2 2 2 2 2 2 2 2 2 0 0 0 0 0 0 0 0 0 0 0 0 0 
1  0.260757  0.513025
2  0.271087  0.414274
3  0.260084  0.508226
4  0.275808  0.436473
5  0.273590  0.439346
6  0.273476  0.437636
7  0.275550  0.433242
8  0.289141  0.681649
9  0.292106  0.588659
10  0.271287  0.413450
11  0.289511  0.680840
12  0.294113  0.614542
13  0.292354  0.591778
14  0.267728  0.518560
15  0.267435  0.518282
16  0.275397  0.417672
17  0.276740  0.454176
18  0.276724  0.450876
19  0.275219  0.415619
20  0.295514  0.589415
21  0.289358  0.672136
22  0.294531  0.645071
23  0.273536  0.407614
24  0.289249  0.673741
25  0.274045  0.408749
26  0.295864  0.593038
1 2  0.531730  0.922612
1 3  0.520568  1.010925
1 4  0.530496  0.915738
1 5  0.530017  0.939783
1 6  0.534210  0.944220
1 7  0.536281  0.940060
1 8  0.522553  1.158416
1 9  0.552818  1.098728
1 10  0.531946  0.911043
1 11  0.548429  1.150874
1 12  0.554051  1.115079
1 13  0.532548  1.074477
1 14  0.253041  0.848821
1 15  0.526911  1.029525
1 16  0.533270  0.929645
1 17  0.536444  0.959036
1 18  0.537477  0.962801
1 19  0.535797  0.927720
1 20  0.555973  1.100165
1 21  0.548039  1.180796
1 22  0.555105  1.152698
1 23  0.534193  0.919398
1 24  0.516892  1.143117
1 25  0.534543  0.920838
1 26  0.528579  1.065759
2 3  0.531072  0.907210
2 4  0.546856  0.847380
2 5  0.544579  0.847340
2 6  0.544523  0.849953
2 7  0.546620  0.841988
2 8  0.556963  1.058376
2 9  0.563138  0.998621
2 10  0.498075  0.799933
2 11  0.558873  1.081635
2 12  0.531568  1.006310
2 13  0.563218  1.003108
2 14  0.538697  0.931762
2 15  0.538211  0.931567
2 16  0.546403  0.831615
2 17  0.547474  0.867919
2 18  0.547764  0.864658
2 19  0.546299  0.829364
2 20  0.566383  1.002771
2 21  0.560081  1.083125
2 22  0.523429  1.018272
2 23  0.270793  0.610966
2 24  0.558503  1.086633
2 25  0.495133  0.777774
2 26  0.566223  1.006393
3 4  0.535867  0.938578
3 5  0.533651  0.941286
3 6  0.529270  0.933751
3 7  0.529600  0.908568
3 8  0.547386  1.147836
3 9  0.531715  1.066980
3 10  0.531259  0.917057
3 11  0.522317  1.153681
3 12  0.553363  1.110364
3 13  0.552394  1.097082
3 14  0.526571  1.025032
3 15  0.252680  0.843455
3 16  0.535301  0.924972
3 17  0.536820  0.961285
3 18  0.535749  0.951070
3 19  0.532412  0.922815
3 20  0.527734  1.057966
3 21  0.516309  1.136753
3 22  0.554436  1.148092
3 23  0.533355  0.914934
3 24  0.547292  1.177687
3 25  0.534026  0.915709
3 26  0.555665  1.098993
4 5  0.503394  0.843992
4 6  0.549267  0.872666
4 7  0.551323  0.867082
4 8  0.562082  1.098747
4 9  0.567873  1.023293
4 10  0.547077  0.844269
4 11  0.565234  1.103870
4 12  0.569888  1.049026
4 13  0.540444  1.005309
4 14  0.539284  0.953707
4 15  0.543029  0.953632
4 16  0.271271  0.642246
4 17  0.499046  0.830086
4 18  0.552479  0.886818
4 19  0.550771  0.851560
4 20  0.571302  1.024721
4 21  0.564726  1.106532
4 22  0.570158  1.079731
4 23  0.549302  0.843759
4 24  0.564170  1.107660
4 25  0.549847  0.844646
4 26  0.535020  0.983816
5 6  0.547047  0.876489
5 7  0.549120  0.871189
5 8  0.558008  1.080412
5 9  0.565658  1.021879
5 10  0.544833  0.850729
5 11  0.563057  1.117457
5 12  0.567499  1.046450
5 13  0.538002  1.005549
5 14  0.540044  0.951152
5 15  0.540990  0.956598
5 16  0.499499  0.811310
5 17  0.271369  0.688105
5 18  0.550310  0.889651
5 19  0.548710  0.854498
5 20  0.569089  1.027367
5 21  0.562673  1.109159
5 22  0.567343  1.082780
5 23  0.546817  0.846530
5 24  0.561423  1.111383
5 25  0.547601  0.847608
5 26  0.530670  0.978366
6 7  0.503069  0.839029
6 8  0.562573  1.116589
6 9  0.537569  1.000315
6 10  0.544669  0.844953
6 11  0.558261  1.078174
6 12  0.567392  1.044626
6 13  0.565788  1.023107
6 14  0.541173  0.955174
6 15  0.539653  0.949164
6 16  0.548764  0.854839
6 17  0.550213  0.891236
6 18  0.271081  0.682223
6 19  0.499134  0.807302
6 20  0.530321  0.973643
6 21  0.561395  1.108125
6 22  0.567233  1.081099
6 23  0.546970  0.844775
6 24  0.562456  1.109052
6 25  0.547188  0.845952
6 26  0.569324  1.029275
7 8  0.564613  1.101826
7 9  0.539993  0.999556
7 10  0.546800  0.843337
7 11  0.562137  1.094749
7 12  0.569630  1.045907
7 13  0.567859  1.023132
7 14  0.543067  0.950705
7 15  0.538740  0.950189
7 16  0.550688  0.850394
7 17  0.552237  0.886886
7 18  0.498863  0.824148
7 19  0.270784  0.636146
7 20  0.534403  0.976903
7 21  0.564030  1.102958
7 22  0.569897  1.076544
7 23  0.549080  0.840310
7 24  0.564382  1.104943
7 25  0.549552  0.841669
7 26  0.571390  1.025126
8 9  0.580725  1.243365
8 10  0.558692  1.081109
8 11  0.570635  1.338616
8 12  0.574014  1.261429
8 13  0.567597  1.252591
8 14  0.522431  1.153584
8 15  0.554110  1.195592
8 16  0.563806  1.097728
8 17  0.563723  1.133944
8 18  0.565731  1.129960
8 19  0.563913  1.095371
8 20  0.584532  1.266486
8 21  0.564226  1.314342
8 22  0.569354  1.289599
8 23  0.560673  1.087951
8 24  0.340677  1.258308
8 25  0.562826  1.087004
8 26  0.563559  1.233613
9 10  0.563164  0.999252
9 11  0.567757  1.248566
9 12  0.585121  1.160852
9 13  0.584392  1.167556
9 14  0.559636  1.104899
9 15  0.532326  1.063125
9 16  0.567397  1.005305
9 17  0.568839  1.041234
9 18  0.532464  0.995618
9 19  0.529654  0.950287
9 20  0.360359  1.067908
9 21  0.559809  1.219155
9 22  0.585681  1.229069
9 23  0.565471  0.995445
9 24  0.581269  1.258072
9 25  0.565415  0.996570
9 26  0.587759  1.177992
10 11  0.557557  1.057182
10 12  0.531691  1.005839
10 13  0.563588  1.000970
10 14  0.538715  0.931037
10 15  0.538597  0.930702
10 16  0.546675  0.830603
10 17  0.547971  0.867129
10 18  0.547655  0.863817
10 19  0.546426  0.828747
10 20  0.566093  1.001964
10 21  0.558843  1.084185
10 22  0.523294  1.016995
10 23  0.495122  0.776513
10 24  0.560166  1.084009
10 25  0.271071  0.611149
10 26  0.566934  1.005550
11 12  0.574254  1.260052
11 13  0.581297  1.244829
11 14  0.554828  1.195063
11 15  0.522578  1.153008
11 16  0.564472  1.096589
11 17  0.566104  1.132385
11 18  0.564089  1.129891
11 19  0.563995  1.094909
11 20  0.563508  1.229345
11 21  0.340743  1.255183
11 22  0.569809  1.289142
11 23  0.562675  1.085152
11 24  0.564366  1.314817
11 25  0.561465  1.088284
11 26  0.585259  1.269223
12 13  0.585348  1.163741
12 14  0.561602  1.128271
12 15  0.561312  1.127824
12 16  0.569234  1.030780
12 17  0.570064  1.067204
12 18  0.570034  1.063949
12 19  0.569055  1.028729
12 20  0.588756  1.199921
12 21  0.568918  1.251051
12 22  0.359195  1.157733
12 23  0.524439  0.981912
12 24  0.569015  1.253086
12 25  0.525036  0.983470
12 26  0.589105  1.203458
13 14  0.532949  1.066540
13 15  0.559590  1.107713
13 16  0.529985  0.954935
13 17  0.533006  1.002172
13 18  0.569071  1.041074
13 19  0.567487  1.006378
13 20  0.587660  1.177513
13 21  0.581620  1.259541
13 22  0.585943  1.232122
13 23  0.565197  0.998552
13 24  0.559840  1.223550
13 25  0.566234  0.999690
13 26  0.360978  1.075724
14 15  0.534784  1.026013
14 16  0.536624  0.905627
14 17  0.539216  0.963683
14 18  0.544439  0.964257
14 19  0.542932  0.928967
14 20  0.563169  1.105148
14 21  0.554981  1.148672
14 22  0.560922  1.150513
14 23  0.541128  0.923272
14 24  0.529009  1.157605
14 25  0.541727  0.915184
14 26  0.540551  1.078275
15 16  0.542814  0.930538
15 17  0.544160  0.967053
15 18  0.538895  0.960122
15 19  0.536232  0.903573
15 20  0.540043  1.074514
15 21  0.528708  1.155089
15 22  0.560640  1.150308
15 23  0.540922  0.913761
15 24  0.554561  1.149428
15 25  0.541335  0.924076
15 26  0.563226  1.108430
16 17  0.505874  0.840770
16 18  0.552103  0.867884
16 19  0.550531  0.831916
16 20  0.570877  1.005317
16 21  0.564668  1.080395
16 22  0.569821  1.061420
16 23  0.548861  0.822588
16 24  0.560214  1.069085
16 25  0.549418  0.823026
16 26  0.544176  0.993027
17 18  0.553453  0.903802
17 19  0.551941  0.869118
17 20  0.572236  1.035966
17 21  0.566029  1.124068
17 22  0.570937  1.085809
17 23  0.550161  0.855395
17 24  0.560957  1.085651
17 25  0.550741  0.862073
17 26  0.543707  1.011341
18 19  0.505666  0.835404
18 20  0.543382  1.005124
18 21  0.561101  1.081705
18 22  0.570923  1.082898
18 23  0.550215  0.857639
18 24  0.565905  1.122434
18 25  0.550648  0.853238
18 26  0.572571  1.036470
19 20  0.543644  0.987200
19 21  0.560137  1.065713
19 22  0.569642  1.059391
19 23  0.548732  0.819851
19 24  0.564379  1.080003
19 25  0.549187  0.821689
19 26  0.571047  1.006950
20 21  0.572295  1.239793
20 22  0.588545  1.184650
20 23  0.568962  0.992856
20 24  0.583944  1.233092
20 25  0.569266  0.993580
20 26  0.591314  1.168234
21 22  0.574156  1.275597
21 23  0.560481  1.070019
21 24  0.570734  1.326112
21 25  0.559706  1.045142
21 26  0.584444  1.235511
22 23  0.534739  1.026466
22 24  0.573955  1.276216
22 25  0.535078  1.027380
22 26  0.588918  1.187550
23 24  0.559179  1.045981
23 25  0.502589  0.791698
23 26  0.569116  0.996076
24 25  0.560927  1.073067
24 26  0.572452  1.244221
25 26  0.569825  0.997531
