   -993.88247477
   -994.19188121     -994.05244097
0.00007117880893
2 2 2 2 2 2 2 2 2 2 2 2 2 0 0 0 0 0 0 0 0 0 0 0 0 0 
1  0.262856  0.509766
2  0.276037  0.431324
3  0.262133  0.507504
4  0.277106  0.428399
5  0.274549  0.433747
6  0.274449  0.433008
7  0.276891  0.426673
8  0.292917  0.689320
9  0.293979  0.583599
10  0.276343  0.431014
11  0.293279  0.689362
12  0.298308  0.630923
13  0.294149  0.584084
14  0.269931  0.516054
15  0.269608  0.515985
16  0.276801  0.410610
17  0.277759  0.448632
18  0.277707  0.446495
19  0.276579  0.409434
20  0.297252  0.583657
21  0.293075  0.681238
22  0.298637  0.660683
23  0.278637  0.424483
24  0.292980  0.681188
25  0.279083  0.425719
26  0.297675  0.586131
1 2  0.538770  0.936023
1 3  0.524669  1.006438
1 4  0.533818  0.906072
1 5  0.532994  0.931329
1 6  0.537275  0.935992
1 7  0.539709  0.929957
1 8  0.528365  1.162606
1 9  0.556780  1.090607
1 10  0.539092  0.924279
1 11  0.554123  1.154354
1 12  0.560287  1.127865
1 13  0.536392  1.064691
1 14  0.256905  0.840940
1 15  0.530945  1.024144
1 16  0.536733  0.919380
1 17  0.539540  0.950577
1 18  0.540559  0.955280
1 19  0.539220  0.918393
1 20  0.559766  1.091383
1 21  0.553682  1.186813
1 22  0.561292  1.165147
1 23  0.541381  0.933012
1 24  0.522720  1.149201
1 25  0.541652  0.934500
1 26  0.532508  1.057136
2 3  0.538061  0.922294
2 4  0.553103  0.856042
2 5  0.550473  0.858384
2 6  0.550434  0.862227
2 7  0.552912  0.852063
2 8  0.565566  1.080536
2 9  0.569952  1.010321
2 10  0.506395  0.833293
2 11  0.567474  1.105842
2 12  0.540237  1.039047
2 13  0.569949  1.012343
2 14  0.545840  0.946313
2 15  0.545300  0.946285
2 16  0.552760  0.841581
2 17  0.553414  0.879383
2 18  0.553691  0.877282
2 19  0.552609  0.840202
2 20  0.573078  1.013990
2 21  0.568699  1.109055
2 22  0.531924  1.049612
2 23  0.278279  0.648050
2 24  0.567142  1.110938
2 25  0.503407  0.809295
2 26  0.572989  1.016476
3 4  0.539200  0.929491
3 5  0.536652  0.934504
3 6  0.532213  0.928738
3 7  0.532921  0.902561
3 8  0.553051  1.152375
3 9  0.535584  1.061898
3 10  0.538358  0.933491
3 11  0.528035  1.161086
3 12  0.559550  1.125407
3 13  0.556226  1.088859
3 14  0.530594  1.021975
3 15  0.256472  0.838839
3 16  0.538717  0.917307
3 17  0.539889  0.955144
3 18  0.538767  0.946301
3 19  0.535768  0.915946
3 20  0.531557  1.052998
3 21  0.522080  1.146749
3 22  0.560572  1.162955
3 23  0.540488  0.931021
3 24  0.552917  1.184534
3 25  0.541103  0.931950
3 26  0.559481  1.091592
4 5  0.505579  0.830317
4 6  0.551512  0.859977
4 7  0.553878  0.852420
4 8  0.567050  1.098400
4 9  0.571006  1.010300
4 10  0.553432  0.853391
4 11  0.570294  1.104128
4 12  0.575377  1.057456
4 13  0.543615  0.990578
4 14  0.542750  0.943181
4 15  0.546448  0.943415
4 16  0.273763  0.623789
4 17  0.501406  0.818994
4 18  0.554751  0.874414
4 19  0.553494  0.837348
4 20  0.574330  1.011074
4 21  0.569693  1.107698
4 22  0.575572  1.087268
4 23  0.555701  0.852536
4 24  0.569166  1.107295
4 25  0.556182  0.853501
4 26  0.538213  0.970740
5 6  0.548973  0.866310
5 7  0.551397  0.859019
5 8  0.562668  1.082809
5 9  0.568472  1.010750
5 10  0.550839  0.862545
5 11  0.567781  1.120537
5 12  0.572645  1.056834
5 13  0.540788  0.992033
5 14  0.543191  0.943397
5 15  0.544107  0.948817
5 16  0.501870  0.800151
5 17  0.273070  0.674368
5 18  0.552253  0.879729
5 19  0.551052  0.842761
5 20  0.571786  1.016167
5 21  0.567334  1.112550
5 22  0.572387  1.092799
5 23  0.552867  0.857760
5 24  0.566118  1.113409
5 25  0.553592  0.858944
5 26  0.533518  0.968443
6 7  0.505307  0.827893
6 8  0.567319  1.119787
6 9  0.540454  0.990442
6 10  0.550685  0.857448
6 11  0.562937  1.082159
6 12  0.572547  1.055956
6 13  0.568541  1.010383
6 14  0.544334  0.948156
6 15  0.542783  0.942547
6 16  0.551175  0.843195
6 17  0.552206  0.881124
6 18  0.272778  0.670961
6 19  0.501469  0.798004
6 20  0.533091  0.965667
6 21  0.566093  1.112738
6 22  0.572278  1.092072
6 23  0.553045  0.856982
6 24  0.567135  1.111759
6 25  0.553197  0.858252
6 26  0.572107  1.017901
7 8  0.569719  1.102592
7 9  0.543280  0.988789
7 10  0.553194  0.854001
7 11  0.567150  1.096628
7 12  0.575162  1.055793
7 13  0.570959  1.009013
7 14  0.546564  0.941774
7 15  0.542226  0.941379
7 16  0.553501  0.836793
7 17  0.554587  0.874822
7 18  0.501208  0.815559
7 19  0.273271  0.620480
7 20  0.537538  0.966453
7 21  0.569052  1.105693
7 22  0.575350  1.085554
7 23  0.555521  0.850552
7 24  0.569387  1.105944
7 25  0.555929  0.852050
7 26  0.574542  1.011828
8 9  0.586278  1.244779
8 10  0.567399  1.105019
8 11  0.577623  1.353044
8 12  0.581684  1.283740
8 13  0.573088  1.252490
8 14  0.528354  1.161157
8 15  0.559919  1.201104
8 16  0.568961  1.098546
8 17  0.568520  1.136225
8 18  0.570465  1.133142
8 19  0.569039  1.096973
8 20  0.590008  1.268637
8 21  0.571378  1.328351
8 22  0.577123  1.312027
8 23  0.569492  1.112310
8 24  0.347723  1.275346
8 25  0.571581  1.111375
8 26  0.569075  1.235532
9 10  0.570088  1.011621
9 11  0.573316  1.251818
9 12  0.591092  1.170082
9 13  0.588053  1.153751
9 14  0.563693  1.097568
9 15  0.536371  1.057215
9 16  0.570691  0.993342
9 17  0.571729  1.030810
9 18  0.535344  0.988198
9 19  0.532950  0.941359
9 20  0.363857  1.055325
9 21  0.565380  1.224161
9 22  0.591660  1.239611
9 23  0.572429  1.007193
9 24  0.586842  1.260696
9 25  0.572313  1.008431
9 26  0.591409  1.166465
10 11  0.566247  1.080642
10 12  0.540466  1.039158
10 13  0.570427  1.010627
10 14  0.545943  0.946039
10 15  0.545818  0.945953
10 16  0.553137  0.841075
10 17  0.554049  0.879115
10 18  0.553682  0.876951
10 19  0.552844  0.840096
10 20  0.572870  1.013711
10 21  0.567556  1.110654
10 22  0.531816  1.048479
10 23  0.503533  0.808437
10 24  0.568904  1.108758
10 25  0.278572  0.648831
10 26  0.573799  1.016138
11 12  0.581963  1.283460
11 13  0.586792  1.244914
11 14  0.560655  1.201221
11 15  0.528460  1.161309
11 16  0.569606  1.098172
11 17  0.570868  1.135255
11 18  0.568847  1.134159
11 19  0.569105  1.097426
11 20  0.568926  1.233047
11 21  0.347784  1.275145
11 22  0.577544  1.312354
11 23  0.571483  1.110259
11 24  0.571517  1.328119
11 25  0.570215  1.113601
11 26  0.590799  1.271105
12 13  0.591266  1.170812
12 14  0.567981  1.142014
12 15  0.567663  1.141889
12 16  0.574829  1.040069
12 17  0.575250  1.078038
12 18  0.575186  1.075933
12 19  0.574616  1.038904
12 20  0.594655  1.210544
12 21  0.576695  1.275850
12 22  0.366926  1.193894
12 23  0.533048  1.013414
12 24  0.576815  1.276103
12 25  0.533653  1.015336
12 26  0.595089  1.212967
13 14  0.536961  1.057992
13 15  0.563527  1.097976
13 16  0.533242  0.942562
13 17  0.535838  0.990953
13 18  0.571848  1.029174
13 19  0.570629  0.992654
13 20  0.591150  1.164502
13 21  0.587104  1.261217
13 22  0.591816  1.240086
13 23  0.572059  1.007692
13 24  0.565323  1.224556
13 25  0.573054  1.008912
13 26  0.364479  1.058739
14 15  0.539105  1.020463
14 16  0.540169  0.897682
14 17  0.542382  0.955920
14 18  0.547620  0.956994
14 19  0.546490  0.919896
14 20  0.567089  1.097104
14 21  0.560713  1.153016
14 22  0.567145  1.163296
14 23  0.548417  0.937251
14 24  0.534826  1.161937
14 25  0.548950  0.928675
14 26  0.544478  1.070135
15 16  0.546390  0.920915
15 17  0.547348  0.958950
15 18  0.542001  0.953684
15 19  0.539701  0.896521
15 20  0.543899  1.067735
15 21  0.534502  1.161379
15 22  0.566835  1.163336
15 23  0.548183  0.927426
15 24  0.560281  1.152694
15 25  0.548534  0.938412
15 26  0.567187  1.099465
16 17  0.508243  0.828096
16 18  0.554481  0.856478
16 19  0.553186  0.818735
16 20  0.573995  0.992619
16 21  0.569784  1.082371
16 22  0.575327  1.070054
16 23  0.555356  0.832057
16 24  0.565198  1.069450
16 25  0.555858  0.832699
16 26  0.547490  0.979780
17 18  0.555455  0.893812
17 19  0.554311  0.857422
17 20  0.574983  1.024028
17 21  0.570770  1.127760
17 22  0.576059  1.095219
17 23  0.556263  0.866349
17 24  0.565648  1.087764
17 25  0.556781  0.873461
17 26  0.546567  0.998855
18 19  0.507938  0.824793
18 20  0.546125  0.994795
18 21  0.565737  1.086276
18 22  0.576011  1.093361
18 23  0.556282  0.870052
18 24  0.570625  1.125614
18 25  0.556650  0.865359
18 26  0.575356  1.024498
19 20  0.546818  0.975958
19 21  0.565087  1.068475
19 22  0.575107  1.068888
19 23  0.555189  0.830236
19 24  0.569466  1.081141
19 25  0.555578  0.832112
19 26  0.574194  0.993966
20 21  0.577693  1.242773
20 22  0.594301  1.192642
20 23  0.575798  1.003715
20 24  0.589309  1.233847
20 25  0.576045  1.004632
20 26  0.594859  1.154612
21 22  0.581696  1.298291
21 23  0.569148  1.094951
21 24  0.577606  1.341158
21 25  0.568349  1.068675
21 26  0.589825  1.236495
22 23  0.543469  1.058310
22 24  0.581540  1.297794
22 25  0.543779  1.058904
22 26  0.594712  1.194572
23 24  0.567880  1.067911
23 25  0.511050  0.824508
23 26  0.576031  1.005992
24 25  0.569550  1.096546
24 26  0.577955  1.244669
25 26  0.576670  1.007237
