   -993.88247477
   -994.19293714     -994.05518732
0.00002011121418
2 2 2 2 2 2 2 2 2 2 2 2 2 0 0 0 0 0 0 0 0 0 0 0 0 0 
1  0.265332  0.511925
2  0.279515  0.441116
3  0.264631  0.509692
4  0.278295  0.424561
5  0.275419  0.431888
6  0.275316  0.431443
7  0.278070  0.423101
8  0.297496  0.698857
9  0.295839  0.581980
10  0.279871  0.441045
11  0.297851  0.698906
12  0.301745  0.640376
13  0.295951  0.582340
14  0.272539  0.517831
15  0.272267  0.518156
16  0.278055  0.407273
17  0.278630  0.446881
18  0.278595  0.444941
19  0.277829  0.406340
20  0.299085  0.582048
21  0.297522  0.690804
22  0.302035  0.670136
23  0.282236  0.434183
24  0.297391  0.690689
25  0.282628  0.435471
26  0.299455  0.584114
1 2  0.544714  0.947787
1 3  0.529577  1.009766
1 4  0.537440  0.905237
1 5  0.536314  0.931814
1 6  0.540603  0.935993
1 7  0.543355  0.928037
1 8  0.535242  1.173421
1 9  0.561100  1.091336
1 10  0.545082  0.936030
1 11  0.560909  1.163546
1 12  0.566114  1.139182
1 13  0.540634  1.065656
1 14  0.261405  0.843930
1 15  0.535871  1.028590
1 16  0.540442  0.918234
1 17  0.542880  0.951309
1 18  0.543921  0.955950
1 19  0.542915  0.917535
1 20  0.564024  1.092024
1 21  0.560486  1.198625
1 22  0.567135  1.176682
1 23  0.547446  0.944912
1 24  0.529573  1.162352
1 25  0.547633  0.946437
1 26  0.536824  1.058751
2 3  0.544024  0.933892
2 4  0.557767  0.861844
2 5  0.554811  0.866036
2 6  0.554767  0.870379
2 7  0.557569  0.858165
2 8  0.573516  1.098819
2 9  0.575275  1.018493
2 10  0.512142  0.851495
2 11  0.575368  1.124466
2 12  0.546939  1.058069
2 13  0.575222  1.020401
2 14  0.551916  0.957919
2 15  0.551393  0.958269
2 16  0.557490  0.848040
2 17  0.557748  0.887429
2 18  0.558054  0.885506
2 19  0.557337  0.846888
2 20  0.578369  1.022185
2 21  0.576574  1.128400
2 22  0.538453  1.068884
2 23  0.284573  0.666014
2 24  0.574987  1.130209
2 25  0.509318  0.827640
2 26  0.578248  1.024275
3 4  0.542878  0.927338
3 5  0.540006  0.934242
3 6  0.535557  0.929512
3 7  0.536560  0.901989
3 8  0.559857  1.161569
3 9  0.539887  1.063031
3 10  0.544372  0.945489
3 11  0.534941  1.171890
3 12  0.565402  1.136809
3 13  0.560511  1.089489
3 14  0.535503  1.026058
3 15  0.261012  0.842296
3 16  0.542440  0.916234
3 17  0.543255  0.955645
3 18  0.542147  0.947249
3 19  0.539492  0.915067
3 20  0.535937  1.055038
3 21  0.528983  1.160001
3 22  0.566436  1.174539
3 23  0.546540  0.942938
3 24  0.559702  1.196310
3 25  0.547136  0.943933
3 26  0.563704  1.091858
4 5  0.507575  0.824632
4 6  0.553557  0.854524
4 7  0.556167  0.845067
4 8  0.572748  1.103821
4 9  0.574024  1.004824
4 10  0.558150  0.859482
4 11  0.576054  1.109596
4 12  0.579999  1.063210
4 13  0.546714  0.985832
4 14  0.546529  0.941158
4 15  0.550267  0.941840
4 16  0.276142  0.614280
4 17  0.503493  0.815830
4 18  0.556813  0.868941
4 19  0.555909  0.830137
4 20  0.577337  1.005743
4 21  0.575267  1.113533
4 22  0.580147  1.092902
4 23  0.560488  0.858403
4 24  0.574726  1.113129
4 25  0.560914  0.859396
4 26  0.541284  0.966663
5 6  0.550704  0.862882
5 7  0.553434  0.853538
5 8  0.568037  1.089940
5 9  0.571183  1.006383
5 10  0.555226  0.870661
5 11  0.573222  1.128348
5 12  0.576943  1.063994
5 13  0.543523  0.988086
5 14  0.546666  0.943612
5 15  0.547630  0.949199
5 16  0.504028  0.796571
5 17  0.274678  0.669066
5 18  0.554010  0.876294
5 19  0.553164  0.837686
5 20  0.574488  1.012797
5 21  0.572637  1.120068
5 22  0.576610  1.100422
5 23  0.557311  0.865595
5 24  0.571390  1.121187
5 25  0.558004  0.866827
5 26  0.536269  0.966975
6 7  0.507286  0.822750
6 8  0.572763  1.127875
6 9  0.543246  0.986914
6 10  0.555066  0.865566
6 11  0.568291  1.089546
6 12  0.576842  1.063412
6 13  0.571191  1.006179
6 14  0.547801  0.948434
6 15  0.546302  0.943442
6 16  0.553286  0.838166
6 17  0.553942  0.877785
6 18  0.274400  0.666223
6 19  0.503625  0.794956
6 20  0.535889  0.964828
6 21  0.571396  1.120869
6 22  0.576502  1.099987
6 23  0.557504  0.865100
6 24  0.572405  1.119504
6 25  0.557583  0.866436
6 26  0.574752  1.014414
7 8  0.575475  1.108296
7 9  0.546438  0.984428
7 10  0.557898  0.860263
7 11  0.572831  1.102274
7 12  0.579773  1.061815
7 13  0.573909  1.003678
7 14  0.550319  0.940069
7 15  0.546055  0.940017
7 16  0.555905  0.829586
7 17  0.556624  0.869415
7 18  0.503305  0.812813
7 19  0.275639  0.611543
7 20  0.540660  0.963033
7 21  0.574638  1.111850
7 22  0.579916  1.091451
7 23  0.560296  0.856663
7 24  0.574913  1.111976
7 25  0.560652  0.858232
7 26  0.577486  1.006353
8 9  0.592581  1.251296
8 10  0.575341  1.123884
8 11  0.586076  1.370211
8 12  0.589399  1.301366
8 13  0.579447  1.260014
8 14  0.535461  1.174363
8 15  0.566999  1.212887
8 16  0.574762  1.104884
8 17  0.573963  1.144137
8 18  0.575926  1.140934
8 19  0.574812  1.103470
8 20  0.596386  1.276784
8 21  0.579769  1.344638
8 22  0.584916  1.330774
8 23  0.577626  1.131548
8 24  0.355901  1.296535
8 25  0.579648  1.130611
8 26  0.575378  1.243791
9 10  0.575465  1.020023
9 11  0.579710  1.259464
9 12  0.596308  1.176459
9 13  0.591711  1.149237
9 14  0.568121  1.097817
9 15  0.540945  1.059165
9 16  0.573775  0.988451
9 17  0.574457  1.027529
9 18  0.538164  0.986979
9 19  0.536151  0.938880
9 20  0.367615  1.051053
9 21  0.571627  1.232823
9 22  0.596885  1.247587
9 23  0.577877  1.015298
9 24  0.593079  1.268804
9 25  0.577717  1.016588
9 26  0.594976  1.163145
10 11  0.574215  1.098989
10 12  0.547228  1.058423
10 13  0.575743  1.018884
10 14  0.552035  0.957875
10 15  0.551994  0.958190
10 16  0.557918  0.847751
10 17  0.558443  0.887372
10 18  0.558070  0.885428
10 19  0.557622  0.847039
10 20  0.578230  1.022148
10 21  0.575493  1.130249
10 22  0.538397  1.068002
10 23  0.509581  0.827107
10 24  0.576795  1.128285
10 25  0.284872  0.666973
10 26  0.579090  1.024167
11 12  0.589683  1.301123
11 13  0.593029  1.251306
11 14  0.567676  1.212619
11 15  0.535612  1.174951
11 16  0.575366  1.104452
11 17  0.576306  1.142865
11 18  0.574297  1.142268
11 19  0.574897  1.104012
11 20  0.575276  1.241722
11 21  0.355977  1.296434
11 22  0.585332  1.331122
11 23  0.579597  1.129462
11 24  0.579883  1.344346
11 25  0.578286  1.132880
11 26  0.597119  1.278861
12 13  0.596421  1.176976
12 14  0.573987  1.153163
12 15  0.573715  1.153416
12 16  0.579506  1.046154
12 17  0.579512  1.085777
12 18  0.579468  1.083863
12 19  0.579289  1.045228
12 20  0.599910  1.218528
12 21  0.584417  1.294772
12 22  0.373938  1.214391
12 23  0.539678  1.032470
12 24  0.584499  1.294938
12 25  0.540245  1.034436
12 26  0.600282  1.220552
13 14  0.541430  1.059458
13 15  0.567952  1.098486
13 16  0.536385  0.939776
13 17  0.538583  0.989418
13 18  0.574534  1.025968
13 19  0.573658  0.987883
13 20  0.594715  1.161474
13 21  0.593319  1.269276
13 22  0.596996  1.247936
13 23  0.577458  1.015668
13 24  0.571494  1.233027
13 25  0.578391  1.016943
13 26  0.368159  1.053877
14 15  0.544263  1.023167
14 16  0.544019  0.897053
14 17  0.545856  0.956097
14 18  0.551108  0.956819
14 19  0.550348  0.918153
14 20  0.571512  1.097465
14 21  0.567493  1.162031
14 22  0.573026  1.174350
14 23  0.554611  0.948560
14 24  0.541650  1.172155
14 25  0.555095  0.940040
14 26  0.548839  1.070658
15 16  0.550303  0.919319
15 17  0.550871  0.958959
15 18  0.545544  0.954447
15 19  0.543596  0.896461
15 20  0.548356  1.069014
15 21  0.541405  1.172032
15 22  0.572770  1.174740
15 23  0.554430  0.939081
15 24  0.567073  1.162013
15 25  0.554726  0.950202
15 26  0.571611  1.099817
16 17  0.510328  0.823027
16 18  0.556613  0.851618
16 19  0.555600  0.812482
16 20  0.577059  0.987703
16 21  0.575478  1.088493
16 22  0.579970  1.076264
16 23  0.560203  0.838205
16 24  0.570755  1.075259
16 25  0.560657  0.839040
16 26  0.550645  0.975030
17 18  0.557206  0.890304
17 19  0.556422  0.852605
17 20  0.577678  1.019597
17 21  0.576083  1.135633
17 22  0.580311  1.102150
17 23  0.560717  0.873971
17 24  0.570851  1.095009
17 25  0.561185  0.881449
17 26  0.549268  0.994749
18 19  0.510047  0.820175
18 20  0.548894  0.991261
18 21  0.570996  1.093762
18 22  0.580279  1.100470
18 23  0.560756  0.878196
18 24  0.575917  1.133616
18 25  0.561071  0.873292
18 26  0.578013  1.019857
19 20  0.550029  0.971828
19 21  0.570677  1.074590
19 22  0.579745  1.075338
19 23  0.560038  0.836782
19 24  0.575121  1.087410
19 25  0.560369  0.838602
19 26  0.577203  0.988886
20 21  0.583936  1.250468
20 22  0.599432  1.198895
20 23  0.581208  1.011725
20 24  0.595378  1.240008
20 25  0.581409  1.012806
20 26  0.598461  1.149799
21 22  0.589237  1.315722
21 23  0.577024  1.113703
21 24  0.585837  1.358739
21 25  0.576235  1.087109
21 26  0.595882  1.242339
22 23  0.550275  1.077209
22 24  0.589069  1.315238
22 25  0.550523  1.077798
22 26  0.599793  1.200536
23 24  0.575758  1.086088
23 25  0.516921  0.842471
23 26  0.581393  1.013704
24 25  0.577337  1.115280
24 26  0.584114  1.251903
25 26  0.581975  1.014899
