  -1146.54246222
  -1146.90823310    -1146.78356721
0.00012617226203
2 2 2 2 2 2 2 2 2 2 2 2 2 2 2 0 0 0 0 0 0 0 0 0 0 0 0 0 0 0 
1  0.263949  0.458969
2  0.264049  0.459115
3  0.277654  0.360140
4  0.284374  0.385734
5  0.284322  0.385846
6  0.277586  0.360308
7  0.299534  0.608163
8  0.309812  0.648748
9  0.309913  0.649055
10  0.303967  0.498138
11  0.303962  0.497591
12  0.312073  0.527381
13  0.305497  0.542731
14  0.305300  0.543122
15  0.312051  0.526686
16  0.279411  0.513827
17  0.279607  0.514093
18  0.288948  0.387015
19  0.280546  0.369167
20  0.280554  0.369702
21  0.288890  0.387385
22  0.314287  0.648984
23  0.299297  0.535062
24  0.307112  0.473062
25  0.307187  0.473948
26  0.299529  0.534171
27  0.314151  0.648869
28  0.302578  0.625550
29  0.308678  0.501376
30  0.308664  0.501966
1 2  0.527752  0.914491
1 3  0.540590  0.809633
1 4  0.547849  0.842973
1 5  0.548246  0.841932
1 6  0.541530  0.818820
1 7  0.553633  1.022914
1 8  0.568170  1.068791
1 9  0.566445  1.098747
1 10  0.567806  0.953348
1 11  0.547849  0.897681
1 12  0.575867  0.977072
1 13  0.567326  0.997125
1 14  0.568872  0.988090
1 15  0.573560  0.973843
1 16  0.254371  0.765221
1 17  0.543420  0.970154
1 18  0.551125  0.845445
1 19  0.544144  0.826932
1 20  0.544444  0.828387
1 21  0.552825  0.846067
1 22  0.576300  1.095135
1 23  0.562623  0.992503
1 24  0.557461  0.928950
1 25  0.571061  0.932266
1 26  0.560638  0.975455
1 27  0.554098  1.096012
1 28  0.565682  1.080124
1 29  0.567201  0.956753
1 30  0.572548  0.960032
2 3  0.541698  0.818789
2 4  0.548397  0.841948
2 5  0.547899  0.843216
2 6  0.540623  0.809899
2 7  0.553727  1.023182
2 8  0.566401  1.098483
2 9  0.568349  1.069035
2 10  0.547979  0.898257
2 11  0.567901  0.952960
2 12  0.573687  0.974649
2 13  0.569158  0.987783
2 14  0.567233  0.997633
2 15  0.575942  0.976531
2 16  0.543327  0.970058
2 17  0.254618  0.765901
2 18  0.552983  0.845845
2 19  0.544534  0.828001
2 20  0.544254  0.827608
2 21  0.551180  0.845963
2 22  0.554252  1.096243
2 23  0.560511  0.976433
2 24  0.571086  0.931531
2 25  0.557680  0.929996
2 26  0.562964  0.991780
2 27  0.576267  1.095253
2 28  0.565768  1.080272
2 29  0.572656  0.959592
2 30  0.567308  0.957497
3 4  0.518338  0.713020
3 5  0.561975  0.745397
3 6  0.555239  0.720071
3 7  0.577170  0.966487
3 8  0.587400  1.001403
3 9  0.587164  1.002194
3 10  0.581620  0.858062
3 11  0.574528  0.839935
3 12  0.589726  0.886879
3 13  0.575689  0.886966
3 14  0.582952  0.900780
3 15  0.571542  0.875949
3 16  0.556241  0.873562
3 17  0.557176  0.873980
3 18  0.279859  0.501450
3 19  0.513684  0.691923
3 20  0.558208  0.729776
3 21  0.566542  0.747452
3 22  0.591864  1.008746
3 23  0.576916  0.894933
3 24  0.583263  0.832796
3 25  0.584834  0.833941
3 26  0.575589  0.889752
3 27  0.591754  1.008455
3 28  0.580026  0.984896
3 29  0.553495  0.826337
3 30  0.586303  0.861901
4 5  0.568695  0.771194
4 6  0.561959  0.745448
4 7  0.583858  0.992358
4 8  0.594133  1.030706
4 9  0.593712  1.019851
4 10  0.588339  0.882586
4 11  0.583768  0.878649
4 12  0.596445  0.912766
4 13  0.582274  0.899565
4 14  0.589671  0.927627
4 15  0.573218  0.882323
4 16  0.563684  0.898011
4 17  0.563658  0.899409
4 18  0.519528  0.720292
4 19  0.280961  0.513858
4 20  0.564926  0.755350
4 21  0.573253  0.773011
4 22  0.598193  1.034031
4 23  0.583621  0.920476
4 24  0.589594  0.855002
4 25  0.591526  0.859452
4 26  0.579641  0.918774
4 27  0.598332  1.033963
4 28  0.586317  1.010636
4 29  0.567867  0.856887
4 30  0.593005  0.887416
5 6  0.518220  0.713339
5 7  0.583808  0.992468
5 8  0.593564  1.019681
5 9  0.594186  1.031153
5 10  0.583718  0.879275
5 11  0.588281  0.882166
5 12  0.573209  0.883190
5 13  0.589816  0.927351
5 14  0.582036  0.900041
5 15  0.596371  0.912185
5 16  0.563415  0.899255
5 17  0.563829  0.898392
5 18  0.573260  0.772754
5 19  0.564867  0.754927
5 20  0.280770  0.514506
5 21  0.519379  0.720782
5 22  0.598417  1.034188
5 23  0.579378  0.919787
5 24  0.591399  0.858678
5 25  0.589624  0.856010
5 26  0.583803  0.919699
5 27  0.598011  1.034031
5 28  0.586266  1.010750
5 29  0.592968  0.886939
5 30  0.567813  0.857566
6 7  0.577102  0.966646
6 8  0.586998  1.002057
6 9  0.587434  1.001866
6 10  0.574471  0.840569
6 11  0.581546  0.857685
6 12  0.571476  0.876774
6 13  0.583081  0.900540
6 14  0.575445  0.887558
6 15  0.589636  0.886342
6 16  0.556912  0.873882
6 17  0.556372  0.873997
6 18  0.566531  0.747251
6 19  0.558132  0.729410
6 20  0.513568  0.692604
6 21  0.279723  0.502111
6 22  0.591823  1.008737
6 23  0.575287  0.890801
6 24  0.584690  0.833224
6 25  0.583276  0.833854
6 26  0.577081  0.894212
6 27  0.591660  1.008798
6 28  0.579954  0.985064
6 29  0.586249  0.861479
6 30  0.553432  0.827121
7 8  0.576997  1.229325
7 9  0.577103  1.229627
7 10  0.602275  1.077809
7 11  0.602261  1.077246
7 12  0.611051  1.113247
7 13  0.604115  1.141767
7 14  0.603942  1.142105
7 15  0.611021  1.112630
7 16  0.571913  1.115213
7 17  0.572128  1.115364
7 18  0.588114  0.994620
7 19  0.579803  0.976771
7 20  0.579821  0.977301
7 21  0.588070  0.994987
7 22  0.527233  1.156310
7 23  0.598614  1.141232
7 24  0.605772  1.079687
7 25  0.605842  1.080565
7 26  0.598842  1.140354
7 27  0.526542  1.156662
7 28  0.564126  1.225979
7 29  0.608136  1.107801
7 30  0.608123  1.108379
8 9  0.585208  1.243988
8 10  0.612779  1.145348
8 11  0.613433  1.127940
8 12  0.620183  1.157775
8 13  0.614188  1.176913
8 14  0.604705  1.117460
8 15  0.621709  1.172294
8 16  0.583015  1.160008
8 17  0.581568  1.133759
8 18  0.598626  1.035042
8 19  0.590352  1.017442
8 20  0.590052  1.017843
8 21  0.598659  1.035541
8 22  0.555115  1.239396
8 23  0.597469  1.176268
8 24  0.616378  1.120057
8 25  0.616337  1.120415
8 26  0.608378  1.177836
8 27  0.586019  1.290897
8 28  0.523116  1.176163
8 29  0.617919  1.148289
8 30  0.615808  1.146163
9 10  0.613540  1.128607
9 11  0.612873  1.145138
9 12  0.621838  1.173238
9 13  0.604920  1.117327
9 14  0.614105  1.177709
9 15  0.620244  1.157281
9 16  0.581515  1.133744
9 17  0.583331  1.160554
9 18  0.598818  1.035482
9 19  0.590144  1.017621
9 20  0.590460  1.018280
9 21  0.598664  1.035713
9 22  0.586221  1.291182
9 23  0.608248  1.178989
9 24  0.616362  1.119833
9 25  0.616567  1.121229
9 26  0.597737  1.175680
9 27  0.555393  1.239463
9 28  0.522761  1.176143
9 29  0.615909  1.145881
9 30  0.618013  1.149173
10 11  0.607916  0.992306
10 12  0.589929  0.991262
10 13  0.609443  1.033958
10 14  0.574293  1.027690
10 15  0.616009  1.019306
10 16  0.583240  1.010933
10 17  0.561610  1.005615
10 18  0.592903  0.884902
10 19  0.584498  0.867067
10 20  0.582862  0.863267
10 21  0.588895  0.884315
10 22  0.614780  1.141368
10 23  0.561879  0.974733
10 24  0.611041  0.970563
10 25  0.384441  0.817481
10 26  0.603441  1.030854
10 27  0.617623  1.143363
10 28  0.606325  1.121846
10 29  0.612645  0.998664
10 30  0.586177  0.980491
11 12  0.616026  1.019471
11 13  0.574536  1.026781
11 14  0.609240  1.033865
11 15  0.589894  0.990004
11 16  0.561357  1.004772
11 17  0.583432  1.010652
11 18  0.588925  0.883386
11 19  0.582841  0.862181
11 20  0.584500  0.867053
11 21  0.592840  0.884724
11 22  0.617750  1.142944
11 23  0.603202  1.031193
11 24  0.384538  0.815944
11 25  0.611111  0.970900
11 26  0.562145  0.973428
11 27  0.614658  1.140709
11 28  0.606316  1.121312
11 29  0.586190  0.979395
11 30  0.612625  0.998709
12 13  0.617552  1.068298
12 14  0.592056  1.036272
12 15  0.624119  1.050538
12 16  0.590897  1.039820
12 17  0.586068  1.031073
12 18  0.600995  0.914065
12 19  0.592609  0.896277
12 20  0.560506  0.860352
12 21  0.574131  0.881872
12 22  0.624551  1.171181
12 23  0.584074  1.047609
12 24  0.619094  0.999657
12 25  0.582354  0.943593
12 26  0.611594  1.060291
12 27  0.625238  1.174371
12 28  0.613959  1.150800
12 29  0.620722  1.027795
12 30  0.437511  0.925435
13 14  0.610718  1.081291
13 15  0.592246  1.035217
13 16  0.582893  1.040782
13 17  0.583583  1.055220
13 18  0.592495  0.924949
13 19  0.584448  0.911493
13 20  0.586042  0.912154
13 21  0.594338  0.929730
13 22  0.617387  1.189513
13 23  0.604657  1.076484
13 24  0.573544  0.979386
13 25  0.612476  1.015620
13 26  0.383422  0.938782
13 27  0.617454  1.187893
13 28  0.605246  1.163843
13 29  0.576796  0.990134
13 30  0.614036  1.043602
14 15  0.617332  1.068010
14 16  0.583203  1.055337
14 17  0.582888  1.041395
14 18  0.594202  0.929752
14 19  0.585839  0.912009
14 20  0.584262  0.912419
14 21  0.592242  0.925691
14 22  0.617383  1.188412
14 23  0.382973  0.940349
14 24  0.612207  1.015128
14 25  0.573353  0.980570
14 26  0.604693  1.075995
14 27  0.617070  1.189794
14 28  0.605050  1.164239
14 29  0.613855  1.043405
14 30  0.576586  0.991047
15 16  0.585831  1.030111
15 17  0.591063  1.039403
15 18  0.574194  0.880876
15 19  0.560459  0.859145
15 20  0.592593  0.896117
15 21  0.600913  0.913740
15 22  0.625341  1.173799
15 23  0.611339  1.060488
15 24  0.582271  0.942139
15 25  0.619146  0.999845
15 26  0.584317  1.046064
15 27  0.624403  1.170374
15 28  0.613928  1.150112
15 29  0.437855  0.924214
15 30  0.620684  1.027691
16 17  0.558448  1.025890
16 18  0.566851  0.885607
16 19  0.559064  0.877574
16 20  0.559936  0.880354
16 21  0.568292  0.900655
16 22  0.590903  1.151954
16 23  0.578276  1.028269
16 24  0.565926  0.931343
16 25  0.586527  0.986583
16 26  0.575811  1.045641
16 27  0.570894  1.072835
16 28  0.579150  1.113817
16 29  0.583790  0.996678
16 30  0.588031  1.009973
17 18  0.568546  0.900556
17 19  0.560125  0.880116
17 20  0.559266  0.878336
17 21  0.566989  0.886171
17 22  0.571154  1.073175
17 23  0.575780  1.046786
17 24  0.586646  0.985973
17 25  0.566195  0.932307
17 26  0.578693  1.027741
17 27  0.590952  1.152143
17 28  0.579314  1.114055
17 29  0.588241  1.009686
17 30  0.583977  0.997507
18 19  0.524691  0.722980
18 20  0.569501  0.756237
18 21  0.577837  0.774190
18 22  0.603160  1.033701
18 23  0.588242  0.919850
18 24  0.588084  0.835328
18 25  0.596134  0.860633
18 26  0.583265  0.916856
18 27  0.602846  1.025323
18 28  0.591421  1.010165
18 29  0.573436  0.859281
18 30  0.597611  0.888522
19 20  0.561100  0.738511
19 21  0.569436  0.756076
19 22  0.594592  1.009941
19 23  0.579839  0.903797
19 24  0.577929  0.824228
19 25  0.587732  0.842093
19 26  0.572660  0.882768
19 27  0.594199  1.009327
19 28  0.582846  0.992466
19 29  0.571304  0.857947
19 30  0.589209  0.870793
20 21  0.524640  0.723898
20 22  0.594346  1.009884
20 23  0.572438  0.884066
20 24  0.587664  0.841726
20 25  0.578010  0.825563
20 26  0.580078  0.903442
20 27  0.594466  1.010272
20 28  0.582858  0.992991
20 29  0.589231  0.870732
20 30  0.571295  0.859074
21 22  0.602928  1.025756
21 23  0.582982  0.918110
21 24  0.596001  0.860113
21 25  0.588105  0.836478
21 26  0.588416  0.919338
21 27  0.602967  1.033941
21 28  0.591365  1.010524
21 29  0.597568  0.888306
21 30  0.573356  0.860223
22 23  0.610007  1.174719
22 24  0.621061  1.116692
22 25  0.619598  1.092552
22 26  0.610599  1.145627
22 27  0.596104  1.237738
22 28  0.584256  1.247355
22 29  0.622527  1.143617
22 30  0.622564  1.146967
23 24  0.606393  1.002324
23 25  0.570701  0.992291
23 26  0.598613  1.064507
23 27  0.610264  1.146086
23 28  0.595110  1.114136
23 29  0.607944  1.030388
23 30  0.583839  0.998237
24 25  0.614297  0.946324
24 26  0.570894  0.990548
24 27  0.619387  1.091706
24 28  0.609312  1.092724
24 29  0.590839  0.950464
24 30  0.615774  0.973528
25 26  0.606699  1.002356
25 27  0.621004  1.117430
25 28  0.609392  1.093596
25 29  0.615863  0.973831
25 30  0.590885  0.951957
26 27  0.610092  1.173884
26 28  0.595245  1.113242
26 29  0.584095  0.996838
26 30  0.608160  1.030107
27 28  0.584116  1.247100
27 29  0.622441  1.146238
27 30  0.622385  1.144005
28 29  0.610299  1.100458
28 30  0.610297  1.100971
29 30  0.617340  0.999924
