  -1146.54246222
  -1146.90935122    -1146.78622091
0.00008458721339
2 2 2 2 2 2 2 2 2 2 2 2 2 2 2 0 0 0 0 0 0 0 0 0 0 0 0 0 0 0 
1  0.266559  0.465161
2  0.266516  0.464919
3  0.278847  0.362728
4  0.285543  0.388451
5  0.285512  0.387900
6  0.278792  0.362230
7  0.301789  0.611459
8  0.312920  0.649954
9  0.313020  0.650340
10  0.306566  0.500247
11  0.306535  0.500812
12  0.314148  0.528343
13  0.308557  0.547673
14  0.308510  0.546948
15  0.314094  0.528489
16  0.282674  0.520267
17  0.282730  0.520020
18  0.290224  0.389766
19  0.281610  0.372215
20  0.281647  0.371970
21  0.290183  0.389304
22  0.317232  0.651456
23  0.302075  0.537706
24  0.309664  0.477149
25  0.309777  0.476673
26  0.302234  0.538358
27  0.317143  0.651102
28  0.305405  0.627324
29  0.310492  0.502325
30  0.310493  0.501794
1 2  0.532852  0.926238
1 3  0.544359  0.818089
1 4  0.551586  0.851755
1 5  0.552042  0.849852
1 6  0.545345  0.826918
1 7  0.558226  1.031109
1 8  0.573706  1.075574
1 9  0.572101  1.106349
1 10  0.573013  0.961448
1 11  0.552565  0.905683
1 12  0.580538  0.983372
1 13  0.572961  1.008342
1 14  0.574648  0.997290
1 15  0.578234  0.981622
1 16  0.259345  0.777818
1 17  0.549154  0.982073
1 18  0.554981  0.854386
1 19  0.547808  0.836053
1 20  0.548100  0.836848
1 21  0.556700  0.854179
1 22  0.581791  1.103849
1 23  0.568002  1.001354
1 24  0.562334  0.939064
1 25  0.576268  0.941179
1 26  0.565933  0.986342
1 27  0.559618  1.104365
1 28  0.571094  1.088278
1 29  0.571566  0.963936
1 30  0.576982  0.966066
2 3  0.545357  0.827166
2 4  0.552031  0.850141
2 5  0.551510  0.850967
2 6  0.544258  0.817379
2 7  0.558190  1.031063
2 8  0.571933  1.105661
2 9  0.573733  1.075644
2 10  0.552556  0.905029
2 11  0.572938  0.961763
2 12  0.578252  0.981232
2 13  0.574651  0.997739
2 14  0.572873  1.007397
2 15  0.580441  0.983257
2 16  0.549052  0.982067
2 17  0.259431  0.777358
2 18  0.556702  0.854397
2 19  0.548022  0.836851
2 20  0.547805  0.835567
2 21  0.554913  0.853686
2 22  0.559594  1.104429
2 23  0.565733  0.985463
2 24  0.576108  0.941409
2 25  0.562433  0.938346
2 26  0.568119  1.001765
2 27  0.581674  1.103239
2 28  0.571050  1.088075
2 29  0.576933  0.966353
2 30  0.571550  0.963176
3 4  0.520738  0.718335
3 5  0.564358  0.749923
3 6  0.557637  0.724525
3 7  0.580613  0.972276
3 8  0.591689  1.004678
3 9  0.591420  1.005734
3 10  0.585411  0.862754
3 11  0.578185  0.845453
3 12  0.592994  0.890332
3 13  0.579696  0.894045
3 14  0.587354  0.906873
3 15  0.574798  0.880338
3 16  0.560590  0.882564
3 17  0.561474  0.882493
3 18  0.281930  0.507035
3 19  0.516067  0.698166
3 20  0.560493  0.734629
3 21  0.569026  0.751957
3 22  0.595993  1.013800
3 23  0.580878  0.900164
3 24  0.586957  0.839464
3 25  0.588616  0.839252
3 26  0.579436  0.896460
3 27  0.595940  1.013269
3 28  0.584033  0.989187
3 29  0.556564  0.830401
3 30  0.589321  0.864318
4 5  0.571055  0.775903
4 6  0.564334  0.749976
4 7  0.587288  0.998290
4 8  0.598405  1.034404
4 9  0.597949  1.023051
4 10  0.592107  0.887259
4 11  0.587410  0.884451
4 12  0.599690  0.916439
4 13  0.586385  0.906666
4 14  0.594050  0.934049
4 15  0.576278  0.886609
4 16  0.568113  0.907101
4 17  0.567899  0.908052
4 18  0.522150  0.726780
4 19  0.282964  0.519667
4 20  0.567187  0.760333
4 21  0.575708  0.777644
4 22  0.602262  1.039230
4 23  0.587558  0.925841
4 24  0.593278  0.861828
4 25  0.595284  0.864889
4 26  0.583436  0.925642
4 27  0.602480  1.038920
4 28  0.590299  1.015102
4 29  0.570873  0.860996
4 30  0.595996  0.889963
5 6  0.520648  0.717317
5 7  0.587257  0.997738
5 8  0.597821  1.022220
5 9  0.598475  1.034278
5 10  0.587407  0.883326
5 11  0.592044  0.887278
5 12  0.576320  0.886013
5 13  0.594065  0.934222
5 14  0.586318  0.905527
5 15  0.599604  0.916036
5 16  0.567814  0.907749
5 17  0.568139  0.906303
5 18  0.575718  0.777555
5 19  0.567119  0.760027
5 20  0.282816  0.518586
5 21  0.522041  0.725773
5 22  0.602537  1.038726
5 23  0.583269  0.924440
5 24  0.595140  0.864813
5 25  0.593365  0.860818
5 26  0.587686  0.925943
5 27  0.602152  1.038330
5 28  0.590272  1.014557
5 29  0.595962  0.889944
5 30  0.570850  0.859966
6 7  0.580558  0.971788
6 8  0.591269  1.004907
6 9  0.591734  1.004607
6 10  0.578167  0.844430
6 11  0.585325  0.862824
6 12  0.574781  0.879653
6 13  0.587345  0.907107
6 14  0.579617  0.892956
6 15  0.592884  0.889979
6 16  0.561364  0.882244
6 17  0.560589  0.881823
6 18  0.569012  0.751922
6 19  0.560401  0.734377
6 20  0.515992  0.697357
6 21  0.281814  0.505894
6 22  0.595978  1.013127
6 23  0.579223  0.895318
6 24  0.588448  0.839231
6 25  0.587019  0.838494
6 26  0.580982  0.900319
6 27  0.595852  1.012950
6 28  0.583976  0.988706
6 29  0.589264  0.864352
6 30  0.556527  0.829453
7 8  0.582410  1.233878
7 9  0.582524  1.234342
7 10  0.607075  1.082799
7 11  0.607042  1.083191
7 12  0.615377  1.116758
7 13  0.609419  1.149775
7 14  0.609377  1.148975
7 15  0.615327  1.116896
7 16  0.577310  1.124917
7 17  0.577403  1.124661
7 18  0.591650  1.000656
7 19  0.583120  0.983081
7 20  0.583156  0.982839
7 21  0.591610  1.000201
7 22  0.532291  1.163715
7 23  0.603620  1.147201
7 24  0.610504  1.087077
7 25  0.610609  1.086617
7 26  0.603777  1.147844
7 27  0.531640  1.163444
7 28  0.569310  1.231249
7 29  0.612192  1.112080
7 30  0.612197  1.111554
8 9  0.591070  1.246818
8 10  0.618467  1.148721
8 11  0.619113  1.132021
8 12  0.625298  1.159357
8 13  0.620312  1.182883
8 14  0.610546  1.120641
8 15  0.626845  1.175346
8 16  0.589254  1.167697
8 17  0.587716  1.141665
8 18  0.602967  1.038998
8 19  0.594519  1.021699
8 20  0.594227  1.021343
8 21  0.603055  1.038658
8 22  0.561151  1.244564
8 23  0.603194  1.180104
8 24  0.622036  1.125362
8 25  0.622004  1.124257
8 26  0.614158  1.183171
8 27  0.591941  1.294406
8 28  0.528699  1.180402
8 29  0.622837  1.150502
8 30  0.620658  1.147089
9 10  0.619239  1.131850
9 11  0.618536  1.149666
9 12  0.627000  1.175566
9 13  0.610677  1.121482
9 14  0.620364  1.182691
9 15  0.625339  1.159747
9 16  0.587807  1.142226
9 17  0.589391  1.167839
9 18  0.603195  1.039501
9 19  0.594290  1.021973
9 20  0.594655  1.021842
9 21  0.603019  1.038925
9 22  0.592059  1.295167
9 23  0.614112  1.182922
9 24  0.621992  1.125101
9 25  0.622252  1.125277
9 26  0.603414  1.181137
9 27  0.561466  1.244491
9 28  0.528357  1.180793
9 29  0.620748  1.147994
9 30  0.622937  1.150363
10 11  0.613086  0.997492
10 12  0.594492  0.994329
10 13  0.615100  1.040620
10 14  0.579992  1.033681
10 15  0.620650  1.022740
10 16  0.589116  1.019464
10 17  0.566917  1.013461
10 18  0.596765  0.889765
10 19  0.588146  0.872223
10 20  0.586525  0.867693
10 21  0.592715  0.888318
10 22  0.620231  1.146028
10 23  0.567146  0.980954
10 24  0.616200  0.976773
10 25  0.388953  0.821389
10 26  0.608725  1.037165
10 27  0.623195  1.147631
10 28  0.611736  1.125769
10 29  0.617056  1.001738
10 30  0.590504  0.982780
11 12  0.620674  1.023143
11 13  0.580048  1.034994
11 14  0.615023  1.040440
11 15  0.594387  0.994985
11 16  0.566781  1.014258
11 17  0.589140  1.019781
11 18  0.592698  0.889344
11 19  0.586446  0.868484
11 20  0.588151  0.872544
11 21  0.596691  0.889868
11 22  0.623248  1.148538
11 23  0.608537  1.037078
11 24  0.388987  0.822726
11 25  0.616282  0.976863
11 26  0.567309  0.982101
11 27  0.620137  1.146259
11 28  0.611702  1.126318
11 29  0.590462  0.983935
11 30  0.617027  1.001773
12 13  0.622685  1.074177
12 14  0.597108  1.040538
12 15  0.628237  1.052968
12 16  0.596175  1.047244
12 17  0.591096  1.037979
12 18  0.604323  0.917779
12 19  0.595736  0.900288
12 20  0.563639  0.864143
12 21  0.577505  0.885264
12 22  0.629559  1.174502
12 23  0.588765  1.051378
12 24  0.623726  1.004708
12 25  0.586961  0.948680
12 26  0.616372  1.065468
12 27  0.630239  1.177613
12 28  0.618849  1.153620
12 29  0.624605  1.029725
12 30  0.441111  0.925726
13 14  0.616984  1.089898
13 15  0.597105  1.041430
13 16  0.589195  1.052609
13 17  0.589681  1.066104
13 18  0.596774  0.932633
13 19  0.588542  0.919488
13 20  0.590185  0.919364
13 21  0.598654  0.936591
13 22  0.623335  1.197010
13 23  0.610468  1.084072
13 24  0.578949  0.988856
13 25  0.618131  1.023288
13 26  0.388505  0.947503
13 27  0.623455  1.195021
13 28  0.610955  1.170211
13 29  0.581451  0.997155
13 30  0.618902  1.048395
14 15  0.622584  1.073599
14 16  0.589578  1.065625
14 17  0.589195  1.051609
14 18  0.598653  0.936327
14 19  0.590104  0.918885
14 20  0.588536  0.918520
14 21  0.596690  0.931443
14 22  0.623485  1.194656
14 23  0.388317  0.945984
14 24  0.617971  1.023036
14 25  0.578954  0.987593
14 26  0.610576  1.084004
14 27  0.623212  1.195934
14 28  0.610920  1.169543
14 29  0.618851  1.048201
14 30  0.581434  0.995937
15 16  0.590983  1.038395
15 17  0.596181  1.047143
15 18  0.577514  0.885871
15 19  0.563528  0.864491
15 20  0.595718  0.900191
15 21  0.604225  0.917465
15 22  0.630265  1.178110
15 23  0.616159  1.064968
15 24  0.586801  0.949299
15 25  0.623785  1.004381
15 26  0.588879  1.052219
15 27  0.629400  1.174314
15 28  0.618789  1.153768
15 29  0.441412  0.926828
15 30  0.624552  1.029344
16 17  0.564859  1.038224
16 18  0.571383  0.894137
16 19  0.563354  0.886764
16 20  0.564286  0.888692
16 21  0.572846  0.908964
16 22  0.596995  1.160816
16 23  0.584292  1.036460
16 24  0.571133  0.940032
16 25  0.592378  0.995737
16 26  0.581741  1.056300
16 27  0.576697  1.080210
16 28  0.585198  1.121939
16 29  0.588778  1.003654
16 30  0.593119  1.015884
17 18  0.572944  0.909180
17 19  0.564306  0.888696
17 20  0.563448  0.886281
17 21  0.571398  0.893476
17 22  0.576779  1.080380
17 23  0.581634  1.055399
17 24  0.592322  0.995966
17 25  0.571270  0.939445
17 26  0.584502  1.036818
17 27  0.596960  1.160293
17 28  0.585229  1.121518
17 29  0.593176  1.016144
17 30  0.588854  1.002932
18 19  0.527089  0.728711
18 20  0.571869  0.761132
18 21  0.580405  0.778806
18 22  0.607369  1.038634
18 23  0.592295  0.924937
18 24  0.591772  0.841716
18 25  0.600000  0.866055
18 26  0.587096  0.923558
18 27  0.607102  1.029506
18 28  0.595514  1.014592
18 29  0.576473  0.862985
18 30  0.600716  0.891069
19 20  0.563256  0.743734
19 21  0.571791  0.760917
19 22  0.598563  1.014700
19 23  0.583681  0.909444
19 24  0.581355  0.830867
19 25  0.591385  0.847666
19 26  0.576340  0.889419
19 27  0.598219  1.014097
19 28  0.586710  0.997193
19 29  0.574188  0.861981
19 30  0.592102  0.873644
20 21  0.527080  0.728001
20 22  0.598345  1.014194
20 23  0.576220  0.888577
20 24  0.591309  0.847891
20 25  0.581502  0.830176
20 26  0.583877  0.909849
20 27  0.598510  1.014103
20 28  0.586750  0.996983
20 29  0.592137  0.873929
20 30  0.574226  0.861198
21 22  0.607150  1.029434
21 23  0.586905  0.922462
21 24  0.599847  0.866070
21 25  0.591850  0.840872
21 26  0.592413  0.925137
21 27  0.607238  1.037826
21 28  0.595475  1.014130
21 29  0.600674  0.891140
21 30  0.576431  0.862039
22 23  0.615628  1.179741
22 24  0.626556  1.123037
22 25  0.625077  1.097000
22 26  0.616146  1.151189
22 27  0.601727  1.242286
22 28  0.590155  1.251793
22 29  0.627277  1.146890
22 30  0.627328  1.149215
23 24  0.611718  1.008586
23 25  0.575882  0.997588
23 26  0.604078  1.071286
23 27  0.615917  1.150320
23 28  0.600298  1.117753
23 29  0.612527  1.033563
23 30  0.588247  1.000524
24 25  0.619439  0.953110
24 26  0.575964  0.998728
24 27  0.624886  1.097035
24 28  0.614678  1.098493
24 29  0.595140  0.955489
24 30  0.620155  0.977325
25 26  0.611989  1.008782
25 27  0.626583  1.122229
25 28  0.614795  1.098004
25 29  0.620266  0.977387
25 30  0.595254  0.954525
26 27  0.615719  1.180059
26 28  0.600393  1.118123
26 29  0.588401  1.001696
26 30  0.612687  1.033719
27 28  0.590043  1.251575
27 29  0.627238  1.149350
27 30  0.627190  1.146016
28 29  0.614925  1.102422
28 30  0.614926  1.102010
29 30  0.620981  1.000315
