  -1146.54246222
  -1146.91085271    -1146.78990994
0.00001744712588
2 2 2 2 2 2 2 2 2 2 2 2 2 2 2 0 0 0 0 0 0 0 0 0 0 0 0 0 0 0 
1  0.270479  0.472861
2  0.270408  0.472543
3  0.280322  0.368376
4  0.287160  0.393734
5  0.287129  0.393447
6  0.280259  0.368164
7  0.305264  0.613425
8  0.317392  0.649103
9  0.317517  0.649221
10  0.309981  0.505808
11  0.309957  0.505995
12  0.316948  0.531797
13  0.312686  0.554631
14  0.312676  0.554545
15  0.316851  0.531705
16  0.286942  0.526888
17  0.286937  0.526828
18  0.291833  0.395149
19  0.283203  0.377832
20  0.283228  0.377757
21  0.291778  0.394946
22  0.321431  0.650132
23  0.306289  0.545143
24  0.313041  0.482231
25  0.313126  0.482223
26  0.306350  0.545395
27  0.321310  0.649758
28  0.309401  0.631672
29  0.313134  0.505320
30  0.313153  0.505021
1 2  0.540634  0.941328
1 3  0.549716  0.830784
1 4  0.557087  0.864516
1 5  0.557570  0.862478
1 6  0.550727  0.840491
1 7  0.565085  1.039561
1 8  0.581713  1.081928
1 9  0.580448  1.113047
1 10  0.580303  0.974555
1 11  0.559206  0.916281
1 12  0.587223  0.993288
1 13  0.580982  1.023055
1 14  0.582688  1.011400
1 15  0.584862  0.992271
1 16  0.266407  0.791646
1 17  0.557285  0.996402
1 18  0.560340  0.867444
1 19  0.553292  0.849242
1 20  0.553490  0.850347
1 21  0.562176  0.867514
1 22  0.589829  1.110723
1 23  0.575933  1.016531
1 24  0.569330  0.951547
1 25  0.583544  0.954400
1 26  0.573959  1.001892
1 27  0.567505  1.110506
1 28  0.578990  1.100658
1 29  0.578049  0.974653
1 30  0.583527  0.977006
2 3  0.550719  0.840380
2 4  0.557530  0.862432
2 5  0.556985  0.863908
2 6  0.549583  0.830266
2 7  0.565032  1.039433
2 8  0.580227  1.112565
2 9  0.581756  1.081690
2 10  0.559178  0.915875
2 11  0.580207  0.974417
2 12  0.584889  0.992054
2 13  0.582627  1.011170
2 14  0.580904  1.022662
2 15  0.587054  0.992875
2 16  0.557220  0.996145
2 17  0.266392  0.791279
2 18  0.562159  0.867398
2 19  0.553394  0.850103
2 20  0.553248  0.848855
2 21  0.560229  0.866927
2 22  0.567492  1.110519
2 23  0.573826  1.001349
2 24  0.583387  0.954090
2 25  0.569386  0.951227
2 26  0.575920  1.016466
2 27  0.589655  1.110070
2 28  0.578913  1.100367
2 29  0.583436  0.976987
2 30  0.578018  0.974041
3 4  0.523745  0.729248
3 5  0.567449  0.760834
3 6  0.560579  0.735947
3 7  0.585553  0.979747
3 8  0.597622  1.008620
3 9  0.597338  1.009642
3 10  0.590301  0.873927
3 11  0.582947  0.855622
3 12  0.597268  0.899251
3 13  0.585038  0.905685
3 14  0.592993  0.919453
3 15  0.579093  0.889203
3 16  0.566173  0.894788
3 17  0.567129  0.894928
3 18  0.284794  0.518879
3 19  0.519228  0.710481
3 20  0.563548  0.746053
3 21  0.572099  0.763236
3 22  0.601669  1.018108
3 23  0.586529  0.913237
3 24  0.591753  0.850207
3 25  0.593438  0.850439
3 26  0.584962  0.909025
3 27  0.601574  1.017567
3 28  0.589447  0.999027
3 29  0.560763  0.839739
3 30  0.593439  0.873187
4 5  0.574288  0.786567
4 6  0.567418  0.760910
4 7  0.592380  1.005420
4 8  0.604485  1.038482
4 9  0.604036  1.025929
4 10  0.597139  0.897719
4 11  0.592361  0.894675
4 12  0.604105  0.925151
4 13  0.591927  0.917692
4 14  0.599831  0.946641
4 15  0.580543  0.894907
4 16  0.573995  0.918865
4 17  0.573624  0.920133
4 18  0.525534  0.738984
4 19  0.285842  0.531396
4 20  0.570386  0.771392
4 21  0.578917  0.788555
4 22  0.608006  1.043208
4 23  0.593360  0.938556
4 24  0.598235  0.872342
4 25  0.600236  0.875703
4 26  0.589086  0.937932
4 27  0.608263  1.042860
4 28  0.595843  1.024664
4 29  0.575129  0.869817
4 30  0.600247  0.898470
5 6  0.523653  0.728767
5 7  0.592348  1.005128
5 8  0.603881  1.025575
5 9  0.604579  1.038330
5 10  0.592348  0.894179
5 11  0.597083  0.897627
5 12  0.580629  0.894800
5 13  0.599809  0.946440
5 14  0.591891  0.917380
5 15  0.603976  0.924774
5 16  0.573601  0.919908
5 17  0.573959  0.918525
5 18  0.578941  0.788471
5 19  0.570330  0.771179
5 20  0.285689  0.530829
5 21  0.525409  0.738501
5 22  0.608354  1.042949
5 23  0.589015  0.937396
5 24  0.600119  0.875424
5 25  0.598294  0.872064
5 26  0.593389  0.938522
5 27  0.607859  1.042552
5 28  0.595818  1.024378
5 29  0.600196  0.898482
5 30  0.575134  0.869248
6 7  0.585490  0.979547
6 8  0.597152  1.009343
6 9  0.597684  1.008546
6 10  0.582913  0.855220
6 11  0.590214  0.873905
6 12  0.579112  0.889043
6 13  0.592940  0.919333
6 14  0.584985  0.905474
6 15  0.597107  0.898946
6 16  0.567071  0.894777
6 17  0.566109  0.894520
6 18  0.572090  0.763228
6 19  0.563460  0.745916
6 20  0.519137  0.710137
6 21  0.284665  0.518388
6 22  0.601632  1.017732
6 23  0.584836  0.908558
6 24  0.593290  0.850235
6 25  0.591781  0.849992
6 26  0.586526  0.913278
6 27  0.601484  1.017524
6 28  0.589383  0.998821
6 29  0.593356  0.873275
6 30  0.560746  0.839282
7 8  0.590322  1.235253
7 9  0.590430  1.235469
7 10  0.613868  1.089737
7 11  0.613843  1.089813
7 12  0.621637  1.121289
7 13  0.616987  1.158448
7 14  0.616975  1.158279
7 15  0.621542  1.121239
7 16  0.584895  1.133613
7 17  0.584918  1.133513
7 18  0.596699  1.007984
7 19  0.588126  0.990571
7 20  0.588152  0.990497
7 21  0.596647  1.007782
7 22  0.539541  1.167144
7 23  0.611286  1.156658
7 24  0.617229  1.094119
7 25  0.617314  1.094109
7 26  0.611346  1.156905
7 27  0.538824  1.166792
7 28  0.576965  1.237883
7 29  0.618311  1.117124
7 30  0.618331  1.116829
8 9  0.599464  1.246668
8 10  0.626301  1.153453
8 11  0.626997  1.135737
8 12  0.632509  1.161412
8 13  0.628882  1.188945
8 14  0.618569  1.124672
8 15  0.634067  1.177785
8 16  0.597877  1.173564
8 17  0.596405  1.149109
8 18  0.608995  1.043547
8 19  0.600579  1.026462
8 20  0.600228  1.026304
8 21  0.609118  1.043418
8 22  0.569741  1.244324
8 23  0.611672  1.186541
8 24  0.629870  1.129669
8 25  0.629805  1.128967
8 26  0.622686  1.189278
8 27  0.600190  1.292398
8 28  0.536547  1.186264
8 29  0.629860  1.152761
8 30  0.627695  1.149300
9 10  0.627145  1.135635
9 11  0.626399  1.153766
9 12  0.634289  1.177977
9 13  0.618686  1.124812
9 14  0.628999  1.189040
9 15  0.632529  1.161360
9 16  0.596573  1.149265
9 17  0.597984  1.173626
9 18  0.609298  1.043736
9 19  0.600326  1.026494
9 20  0.600729  1.026506
9 21  0.609065  1.043464
9 22  0.600348  1.292884
9 23  0.622756  1.189152
9 24  0.629846  1.129084
9 25  0.630080  1.129779
9 26  0.611806  1.186912
9 27  0.570055  1.243978
9 28  0.536241  1.186362
9 29  0.627788  1.149707
9 30  0.630010  1.152583
10 11  0.619909  1.008151
10 12  0.600477  1.003368
10 13  0.622641  1.052227
10 14  0.587399  1.046953
10 15  0.626817  1.030686
10 16  0.596808  1.031582
10 17  0.574098  1.025461
10 18  0.601776  0.900705
10 19  0.593132  0.883397
10 20  0.591466  0.879063
10 21  0.597645  0.899528
10 22  0.627727  1.150557
10 23  0.574559  0.995583
10 24  0.622993  0.987421
10 25  0.395125  0.832382
10 26  0.616223  1.049775
10 27  0.630767  1.151717
10 28  0.619118  1.135670
10 29  0.623111  1.010300
10 30  0.596395  0.991996
11 12  0.626890  1.030960
11 13  0.587428  1.047244
11 14  0.622607  1.052325
11 15  0.600354  1.003408
11 16  0.574036  1.025694
11 17  0.596778  1.031708
11 18  0.597653  0.899910
11 19  0.591409  0.879308
11 20  0.593132  0.883510
11 21  0.601697  0.900689
11 22  0.630858  1.152262
11 23  0.616139  1.049709
11 24  0.395198  0.832738
11 25  0.623054  0.987600
11 26  0.574630  0.996039
11 27  0.627597  1.150373
11 28  0.619092  1.135854
11 29  0.596358  0.992527
11 30  0.623107  1.010188
12 13  0.629611  1.084499
12 14  0.603664  1.050931
12 15  0.633791  1.059031
12 16  0.603164  1.057356
12 17  0.597973  1.048488
12 18  0.608709  0.926606
12 19  0.600113  0.909355
12 20  0.568022  0.873958
12 21  0.581925  0.894868
12 22  0.636492  1.176566
12 23  0.595491  1.062461
12 24  0.629882  1.013235
12 25  0.592944  0.959306
12 26  0.623292  1.076005
12 27  0.637100  1.179849
12 28  0.625640  1.161564
12 29  0.630040  1.036184
12 30  0.446327  0.932909
13 14  0.625277  1.104086
13 15  0.603604  1.050948
13 16  0.597560  1.067008
13 17  0.597892  1.079932
13 18  0.602477  0.944938
13 19  0.594230  0.932090
13 20  0.595892  0.932094
13 21  0.604364  0.949164
13 22  0.631621  1.202816
13 23  0.618825  1.098418
13 24  0.586095  1.001762
13 25  0.625585  1.035781
13 26  0.395802  0.961650
13 27  0.631698  1.200670
13 28  0.618925  1.181124
13 29  0.587851  1.008324
13 30  0.625652  1.058607
14 15  0.629504  1.084323
14 16  0.597892  1.079906
14 17  0.597536  1.066853
14 18  0.604409  0.949280
14 19  0.595858  0.932083
14 20  0.594248  0.931932
14 21  0.602414  0.944650
14 22  0.631794  1.200958
14 23  0.395690  0.961283
14 24  0.625490  1.035702
14 25  0.586107  1.001623
14 26  0.618876  1.098584
14 27  0.631497  1.202357
14 28  0.618937  1.181032
14 29  0.625622  1.058819
14 30  0.587874  1.007981
15 16  0.597865  1.048452
15 17  0.603059  1.057206
15 18  0.581909  0.895003
15 19  0.567883  0.873935
15 20  0.600040  0.909189
15 21  0.608557  0.926312
15 22  0.637112  1.180129
15 23  0.623135  1.075664
15 24  0.592781  0.959242
15 25  0.629870  1.013136
15 26  0.595489  1.062665
15 27  0.636278  1.176111
15 28  0.625532  1.161474
15 29  0.446565  0.933438
15 30  0.629962  1.035795
16 17  0.573334  1.051638
16 18  0.577172  0.905204
16 19  0.569166  0.898523
16 20  0.570122  0.900448
16 21  0.578704  0.921174
16 22  0.605354  1.166508
16 23  0.592717  1.049129
16 24  0.578007  0.949531
16 25  0.599982  1.007865
16 26  0.590062  1.069992
16 27  0.584493  1.085267
16 28  0.593408  1.132718
16 29  0.595516  1.012623
16 30  0.600035  1.025126
17 18  0.578754  0.921315
17 19  0.570093  0.900455
17 20  0.569186  0.898389
17 21  0.577112  0.904967
17 22  0.584591  1.085596
17 23  0.589995  1.069685
17 24  0.599892  1.007815
17 25  0.578090  0.949504
17 26  0.592771  1.049294
17 27  0.605229  1.166144
17 28  0.593388  1.132530
17 29  0.600011  1.025353
17 30  0.595535  1.012310
18 19  0.530237  0.739716
18 20  0.575058  0.772033
18 21  0.583609  0.789754
18 22  0.613160  1.042355
18 23  0.598118  0.937111
18 24  0.596621  0.851614
18 25  0.604958  0.876885
18 26  0.592631  0.935615
18 27  0.612871  1.032425
18 28  0.601104  1.024083
18 29  0.580738  0.871262
18 30  0.604986  0.899570
19 20  0.566430  0.754924
19 21  0.574979  0.771905
19 22  0.604307  1.017779
19 23  0.589487  0.922400
19 24  0.586110  0.840843
19 25  0.596327  0.858430
19 26  0.581890  0.901162
19 27  0.603919  1.017458
19 28  0.592248  1.006987
19 29  0.578469  0.870658
19 30  0.596355  0.882427
20 21  0.530209  0.739432
20 22  0.604063  1.017733
20 23  0.581854  0.900859
20 24  0.596266  0.858366
20 25  0.586219  0.840758
20 26  0.589572  0.922576
20 27  0.604211  1.017366
20 28  0.592275  1.006942
20 29  0.596360  0.882652
20 30  0.578516  0.870283
21 22  0.612937  1.032613
21 23  0.592523  0.935166
21 24  0.604818  0.876691
21 25  0.596655  0.851436
21 26  0.598124  0.937163
21 27  0.612985  1.041804
21 28  0.601051  1.023869
21 29  0.604912  0.899667
21 30  0.580702  0.870777
22 23  0.623940  1.185780
22 24  0.634120  1.126540
22 25  0.632623  1.100395
22 26  0.624259  1.155820
22 27  0.609633  1.241015
22 28  0.598406  1.255233
22 29  0.634069  1.148457
22 30  0.634167  1.151065
23 24  0.619300  1.020342
23 25  0.583086  1.010464
23 26  0.612357  1.085472
23 27  0.624084  1.155210
23 28  0.607908  1.127414
23 29  0.619369  1.043164
23 30  0.594752  1.010453
24 25  0.626162  0.963651
24 26  0.583094  1.010749
24 27  0.632421  1.100030
24 28  0.622007  1.107902
24 29  0.601019  0.963751
24 30  0.626188  0.985480
25 26  0.619446  1.020586
25 27  0.634085  1.126189
25 28  0.622095  1.107870
25 29  0.626254  0.985771
25 30  0.601110  0.963475
26 27  0.623895  1.185738
26 28  0.607930  1.127425
26 29  0.594800  1.010961
26 30  0.619449  1.043127
27 28  0.598286  1.254929
27 29  0.634028  1.150955
27 30  0.633967  1.147767
28 29  0.621504  1.108715
28 30  0.621527  1.108485
29 30  0.626280  1.005851
