  -1146.54246222
  -1146.91100306    -1146.79032683
0.00001039836204
2 2 2 2 2 2 2 2 2 2 2 2 2 2 2 0 0 0 0 0 0 0 0 0 0 0 0 0 0 0 
1  0.270959  0.473889
2  0.270886  0.473529
3  0.280482  0.369263
4  0.287329  0.394644
5  0.287299  0.394336
6  0.280421  0.369041
7  0.305696  0.613484
8  0.317925  0.648832
9  0.318053  0.648940
10  0.310398  0.506558
11  0.310374  0.506779
12  0.317242  0.532446
13  0.313139  0.555542
14  0.313139  0.555432
15  0.317140  0.532393
16  0.287431  0.527852
17  0.287429  0.527793
18  0.292001  0.396046
19  0.283366  0.378759
20  0.283390  0.378665
21  0.291947  0.395841
22  0.321927  0.649856
23  0.306745  0.545995
24  0.313466  0.483007
25  0.313551  0.482994
26  0.306798  0.546284
27  0.321805  0.649476
28  0.309865  0.631889
29  0.313434  0.505911
30  0.313458  0.505591
1 2  0.541589  0.943323
1 3  0.550354  0.832606
1 4  0.557733  0.866422
1 5  0.558218  0.864277
1 6  0.551367  0.842389
1 7  0.565923  1.040504
1 8  0.582676  1.082641
1 9  0.581450  1.113818
1 10  0.581194  0.976311
1 11  0.560045  0.917770
1 12  0.587992  0.994757
1 13  0.581906  1.025005
1 14  0.583621  1.013166
1 15  0.585628  0.993935
1 16  0.267221  0.793615
1 17  0.558254  0.998378
1 18  0.560976  0.869370
1 19  0.553934  0.851181
1 20  0.554109  0.852283
1 21  0.562817  0.869437
1 22  0.590792  1.111541
1 23  0.576855  1.018416
1 24  0.570184  0.953308
1 25  0.584449  0.956194
1 26  0.574881  1.003924
1 27  0.568444  1.111217
1 28  0.579933  1.101951
1 29  0.578822  0.976280
1 30  0.584308  0.978606
2 3  0.551356  0.842247
2 4  0.558175  0.864210
2 5  0.557631  0.865752
2 6  0.550220  0.832038
2 7  0.565868  1.040346
2 8  0.581225  1.113306
2 9  0.582718  1.082363
2 10  0.560016  0.917303
2 11  0.581097  0.976165
2 12  0.585658  0.993642
2 13  0.583547  1.012926
2 14  0.581836  1.024548
2 15  0.587816  0.994341
2 16  0.558184  0.998083
2 17  0.267209  0.793204
2 18  0.562798  0.869282
2 19  0.554011  0.852017
2 20  0.553889  0.850734
2 21  0.560864  0.868809
2 22  0.568430  1.111193
2 23  0.574755  1.003305
2 24  0.584292  0.955848
2 25  0.570239  0.952939
2 26  0.576831  1.018348
2 27  0.590616  1.110840
2 28  0.579855  1.101619
2 29  0.584210  0.978566
2 30  0.578794  0.975606
3 4  0.524040  0.731075
3 5  0.567779  0.762549
3 6  0.560901  0.737684
3 7  0.586145  0.980659
3 8  0.598312  1.009092
3 9  0.598028  1.010182
3 10  0.590877  0.875560
3 11  0.583516  0.857185
3 12  0.597722  0.900747
3 13  0.585629  0.907370
3 14  0.593616  0.921114
3 15  0.579556  0.890776
3 16  0.566808  0.896637
3 17  0.567778  0.896775
3 18  0.285097  0.520837
3 19  0.519549  0.712444
3 20  0.563870  0.747846
3 21  0.572428  0.765016
3 22  0.602327  1.018717
3 23  0.587136  0.914977
3 24  0.592333  0.851874
3 25  0.594021  0.852095
3 26  0.585568  0.910791
3 27  0.602230  1.018174
3 28  0.590066  1.000110
3 29  0.561229  0.841316
3 30  0.593900  0.874644
4 5  0.574626  0.788325
4 6  0.567748  0.762634
4 7  0.592981  1.006375
4 8  0.605186  1.039049
4 9  0.604738  1.026368
4 10  0.597723  0.899305
4 11  0.592936  0.896343
4 12  0.604567  0.926705
4 13  0.592548  0.919340
4 14  0.600461  0.948384
4 15  0.581006  0.896462
4 16  0.574652  0.920721
4 17  0.574263  0.922005
4 18  0.525863  0.741002
4 19  0.286116  0.533400
4 20  0.570717  0.773207
4 21  0.579253  0.790357
4 22  0.608649  1.043845
4 23  0.593983  0.940317
4 24  0.598826  0.874044
4 25  0.600822  0.877382
4 26  0.589702  0.939732
4 27  0.608927  1.043489
4 28  0.596468  1.025776
4 29  0.575597  0.871407
4 30  0.600716  0.899949
5 6  0.523953  0.730561
5 7  0.592951  1.006063
5 8  0.604582  1.026007
5 9  0.605284  1.038866
5 10  0.592925  0.895793
5 11  0.597670  0.899226
5 12  0.581098  0.896299
5 13  0.600432  0.948186
5 14  0.592523  0.918988
5 15  0.604435  0.926346
5 16  0.574238  0.921758
5 17  0.574621  0.920362
5 18  0.579278  0.790254
5 19  0.570663  0.772993
5 20  0.285963  0.532788
5 21  0.525742  0.740494
5 22  0.609020  1.043563
5 23  0.589641  0.939137
5 24  0.600709  0.877087
5 25  0.598887  0.873739
5 26  0.594005  0.940299
5 27  0.608503  1.043162
5 28  0.596445  1.025469
5 29  0.600662  0.899962
5 30  0.575608  0.870796
6 7  0.586083  0.980449
6 8  0.597841  1.009883
6 9  0.598378  1.008998
6 10  0.583483  0.856740
6 11  0.590792  0.875560
6 12  0.579582  0.890565
6 13  0.593554  0.921007
6 14  0.585587  0.907125
6 15  0.597558  0.900469
6 16  0.567718  0.896613
6 17  0.566749  0.896359
6 18  0.572420  0.764999
6 19  0.563784  0.747718
6 20  0.519461  0.712068
6 21  0.284967  0.520334
6 22  0.602290  1.018334
6 23  0.585452  0.910276
6 24  0.593876  0.851887
6 25  0.592363  0.851641
6 26  0.587127  0.915044
6 27  0.602143  1.018115
6 28  0.590004  0.999892
6 29  0.593814  0.874742
6 30  0.561217  0.840826
7 8  0.591283  1.235112
7 9  0.591395  1.235324
7 10  0.614709  1.090476
7 11  0.614685  1.090578
7 12  0.622363  1.121882
7 13  0.617868  1.159408
7 14  0.617865  1.159212
7 15  0.622263  1.121867
7 16  0.585788  1.134650
7 17  0.585814  1.134550
7 18  0.597296  1.008934
7 19  0.588710  0.991541
7 20  0.588736  0.991448
7 21  0.597244  1.008730
7 22  0.540421  1.167323
7 23  0.612172  1.157576
7 24  0.618072  1.094950
7 25  0.618158  1.094935
7 26  0.612224  1.157860
7 27  0.539706  1.166959
7 28  0.577879  1.238199
7 29  0.619044  1.117780
7 30  0.619069  1.117463
8 9  0.600458  1.246305
8 10  0.627242  1.153936
8 11  0.627949  1.136166
8 12  0.633328  1.161736
8 13  0.629866  1.189601
8 14  0.619493  1.125010
8 15  0.634887  1.178210
8 16  0.598885  1.174272
8 17  0.597424  1.150025
8 18  0.609685  1.044175
8 19  0.601275  1.027118
8 20  0.600907  1.026945
8 21  0.609820  1.044036
8 22  0.570766  1.244076
8 23  0.612637  1.187086
8 24  0.630830  1.130175
8 25  0.630754  1.129461
8 26  0.623661  1.189897
8 27  0.601168  1.291863
8 28  0.537475  1.186531
8 29  0.630676  1.153099
8 30  0.628525  1.149557
9 10  0.628099  1.136029
9 11  0.627343  1.154273
9 12  0.635117  1.178357
9 13  0.619603  1.125166
9 14  0.629996  1.189658
9 15  0.633346  1.161715
9 16  0.597593  1.150168
9 17  0.598998  1.174326
9 18  0.610002  1.044346
9 19  0.601006  1.027146
9 20  0.601427  1.027134
9 21  0.609759  1.044081
9 22  0.601328  1.292341
9 23  0.623742  1.189727
9 24  0.630799  1.129575
9 25  0.631041  1.130272
9 26  0.612764  1.187484
9 27  0.571076  1.243720
9 28  0.537177  1.186625
9 29  0.628615  1.149976
9 30  0.630833  1.152892
10 11  0.620738  1.009668
10 12  0.601162  1.004749
10 13  0.623511  1.053767
10 14  0.588241  1.048609
10 15  0.627522  1.031978
10 16  0.597715  1.033285
10 17  0.574947  1.027119
10 18  0.602358  0.902352
10 19  0.593704  0.885075
10 20  0.592040  0.880729
10 21  0.598228  0.901175
10 22  0.628624  1.151079
10 23  0.575387  0.997415
10 24  0.623835  0.988950
10 25  0.395861  0.833949
10 26  0.617087  1.051419
10 27  0.631678  1.152172
10 28  0.619995  1.136638
10 29  0.623828  1.011641
10 30  0.597097  0.993386
11 12  0.627600  1.032248
11 13  0.588262  1.048958
11 14  0.623487  1.053870
11 15  0.601034  1.004857
11 16  0.574881  1.027386
11 17  0.597687  1.033445
11 18  0.598236  0.901594
11 19  0.591984  0.881027
11 20  0.593705  0.885202
11 21  0.602280  0.902368
11 22  0.631770  1.152755
11 23  0.617011  1.051350
11 24  0.395935  0.834350
11 25  0.623895  0.989157
11 26  0.575450  0.997942
11 27  0.628494  1.150922
11 28  0.619969  1.136855
11 29  0.597054  0.993973
11 30  0.623828  1.011542
12 13  0.630358  1.086048
12 14  0.604387  1.052393
12 15  0.634375  1.060260
12 16  0.603932  1.058973
12 17  0.598747  1.050132
12 18  0.609168  0.928151
12 19  0.600566  0.910931
12 20  0.568484  0.875602
12 21  0.582394  0.896484
12 22  0.637278  1.176919
12 23  0.596209  1.063989
12 24  0.630594  1.014660
12 25  0.593646  0.960939
12 26  0.624036  1.077549
12 27  0.637886  1.180227
12 28  0.626403  1.162455
12 29  0.630635  1.037422
12 30  0.446891  0.934262
13 14  0.626193  1.105853
13 15  0.604313  1.052469
13 16  0.598500  1.069002
13 17  0.598827  1.081819
13 18  0.603094  0.946743
13 19  0.594842  0.933934
13 20  0.596506  0.933911
13 21  0.604975  0.950968
13 22  0.632571  1.203476
13 23  0.619734  1.100175
13 24  0.586913  1.003587
13 25  0.626471  1.037460
13 26  0.396620  0.963460
13 27  0.632640  1.201309
13 28  0.619820  1.182218
13 29  0.588564  1.009968
13 30  0.626398  1.060093
14 15  0.630256  1.085886
14 16  0.598832  1.081767
14 17  0.598489  1.068828
14 18  0.605030  0.951062
14 19  0.596482  0.933895
14 20  0.594871  0.933732
14 21  0.603041  0.946427
14 22  0.632745  1.201580
14 23  0.396523  0.963026
14 24  0.626386  1.037362
14 25  0.586935  1.003418
14 26  0.619787  1.100353
14 27  0.632456  1.202988
14 28  0.619841  1.182101
14 29  0.626373  1.060302
14 30  0.588599  1.009582
15 16  0.598631  1.050133
15 17  0.603823  1.058862
15 18  0.582372  0.896661
15 19  0.568339  0.875638
15 20  0.600488  0.910785
15 21  0.609011  0.927894
15 22  0.637895  1.180551
15 23  0.623881  1.077209
15 24  0.593477  0.960918
15 25  0.630576  1.014594
15 26  0.596195  1.064271
15 27  0.637058  1.176494
15 28  0.626290  1.162403
15 29  0.447120  0.934857
15 30  0.630557  1.037050
16 17  0.574313  1.053571
16 18  0.577828  0.906919
16 19  0.569814  0.900347
16 20  0.570771  0.902196
16 21  0.579359  0.923025
16 22  0.606325  1.167256
16 23  0.593659  1.050763
16 24  0.578841  0.950949
16 25  0.600893  1.009593
16 26  0.590989  1.071852
16 27  0.585401  1.085922
16 28  0.594354  1.133891
16 29  0.596295  1.014076
16 30  0.600828  1.026557
17 18  0.579411  0.923169
17 19  0.570745  0.902220
17 20  0.569836  0.900195
17 21  0.577772  0.906679
17 22  0.585500  1.086258
17 23  0.590933  1.071510
17 24  0.600807  1.009548
17 25  0.578928  0.950917
17 26  0.593709  1.050963
17 27  0.606202  1.166888
17 28  0.594337  1.133704
17 29  0.600803  1.026805
17 30  0.596321  1.013744
18 19  0.530543  0.741568
18 20  0.575388  0.773784
18 21  0.583945  0.791534
18 22  0.613822  1.042936
18 23  0.598742  0.938745
18 24  0.597209  0.853180
18 25  0.605550  0.878537
18 26  0.593228  0.937360
18 27  0.613536  1.032886
18 28  0.601733  1.025155
18 29  0.581209  0.872708
18 30  0.605459  0.901013
19 20  0.566754  0.756717
19 21  0.575310  0.773672
19 22  0.604959  1.018238
19 23  0.590105  0.924162
19 24  0.586685  0.842453
19 25  0.596914  0.860050
19 26  0.582508  0.902850
19 27  0.604568  1.017976
19 28  0.592871  1.008102
19 29  0.578936  0.872192
19 30  0.596822  0.883910
20 21  0.530518  0.741262
20 22  0.604712  1.018239
20 23  0.582479  0.902498
20 24  0.596854  0.859972
20 25  0.586793  0.842344
20 26  0.590182  0.924357
20 27  0.604862  1.017804
20 28  0.592897  1.008040
20 29  0.596822  0.884137
20 30  0.578987  0.871779
21 22  0.613603  1.033076
21 23  0.593128  0.936873
21 24  0.605412  0.878347
21 25  0.597242  0.852994
21 26  0.598741  0.938831
21 27  0.613647  1.042378
21 28  0.601680  1.024937
21 29  0.605381  0.901128
21 30  0.581179  0.872196
22 23  0.624883  1.186358
22 24  0.635038  1.127012
22 25  0.633544  1.100779
22 26  0.625179  1.156334
22 27  0.610558  1.240625
22 28  0.599371  1.255254
22 29  0.634863  1.148746
22 30  0.634966  1.151346
23 24  0.620182  1.021851
23 25  0.583926  1.012090
23 26  0.613255  1.087181
23 27  0.625011  1.155680
23 28  0.608752  1.128233
23 29  0.620124  1.044482
23 30  0.595479  1.011779
24 25  0.627012  0.965186
24 26  0.583928  1.012417
24 27  0.633342  1.100412
24 28  0.622891  1.108903
24 29  0.601724  0.965132
24 30  0.626918  0.986790
25 26  0.620319  1.022128
25 27  0.635002  1.126653
25 28  0.622978  1.108862
25 29  0.626978  0.987097
25 30  0.601818  0.964826
26 27  0.624830  1.186346
26 28  0.608768  1.128276
26 29  0.595516  1.012339
26 30  0.620200  1.044461
27 28  0.599252  1.254946
27 29  0.634822  1.151251
27 30  0.634765  1.148028
28 29  0.622267  1.109435
28 30  0.622294  1.109186
29 30  0.626885  1.006884
