  -1146.52583616
  -1146.88778915    -1146.75422802
0.00008756326313
2 2 2 2 2 2 2 2 2 2 2 2 2 2 2 0 0 0 0 0 0 0 0 0 0 0 0 0 0 0 
1  0.275200  0.291121
2  0.281384  0.299862
3  0.267081  0.546732
4  0.289419  0.595641
5  0.276624  0.504534
6  0.309552  0.629724
7  0.305316  0.700911
8  0.296497  0.380807
9  0.272145  0.298081
10  0.270122  0.279919
11  0.305109  0.830625
12  0.300962  0.342558
13  0.288857  0.324966
14  0.289178  0.336372
15  0.299509  0.767388
16  0.281550  0.300497
17  0.280757  0.297062
18  0.281630  0.617441
19  0.280101  0.519747
20  0.287362  0.589072
21  0.303285  0.726326
22  0.297436  0.382163
23  0.301912  0.347179
24  0.305505  0.841595
25  0.272705  0.296427
26  0.308227  0.608769
27  0.291645  0.324885
28  0.290812  0.334959
29  0.302704  0.693984
30  0.273697  0.280392
1 2  0.512312  0.549937
1 3  0.542238  0.837480
1 4  0.564617  0.886602
1 5  0.551824  0.795371
1 6  0.584258  0.918898
1 7  0.580512  0.991579
1 8  0.571420  0.671110
1 9  0.547336  0.588990
1 10  0.545302  0.570988
1 11  0.580304  1.121690
1 12  0.557798  0.616983
1 13  0.556891  0.608317
1 14  0.557670  0.619388
1 15  0.574697  1.058055
1 16  0.268712  0.313740
1 17  0.508330  0.541735
1 18  0.556576  0.908485
1 19  0.555296  0.810846
1 20  0.562562  0.880170
1 21  0.578460  1.017384
1 22  0.572615  0.673236
1 23  0.545984  0.606732
1 24  0.580692  1.132645
1 25  0.547809  0.587476
1 26  0.582854  0.899564
1 27  0.565584  0.614356
1 28  0.563792  0.624425
1 29  0.577904  0.985077
1 30  0.548769  0.571400
2 3  0.548453  0.846562
2 4  0.570802  0.895472
2 5  0.558008  0.804177
2 6  0.590722  0.928403
2 7  0.586699  1.000687
2 8  0.577417  0.678907
2 9  0.553506  0.597801
2 10  0.551408  0.579699
2 11  0.586491  1.130101
2 12  0.559145  0.619613
2 13  0.563118  0.615841
2 14  0.566322  0.632270
2 15  0.580886  1.066070
2 16  0.510204  0.548020
2 17  0.271198  0.316124
2 18  0.562994  0.917249
2 19  0.561485  0.819588
2 20  0.568741  0.888901
2 21  0.584662  1.026127
2 22  0.578139  0.681559
2 23  0.553691  0.617202
2 24  0.586876  1.141358
2 25  0.553959  0.596174
2 26  0.589573  0.908599
2 27  0.569592  0.622025
2 28  0.570744  0.632713
2 29  0.584078  0.993800
2 30  0.554589  0.579817
3 4  0.554973  1.099509
3 5  0.542732  1.030731
3 6  0.546913  1.139889
3 7  0.556640  1.148293
3 8  0.562880  0.926534
3 9  0.539043  0.844455
3 10  0.537108  0.825667
3 11  0.567399  1.332838
3 12  0.567882  0.886670
3 13  0.555816  0.870949
3 14  0.555037  0.875789
3 15  0.561769  1.307420
3 16  0.548189  0.847072
3 17  0.547760  0.843754
3 18  0.265903  0.996355
3 19  0.546721  1.063414
3 20  0.554266  1.131529
3 21  0.550519  1.260823
3 22  0.564381  0.925608
3 23  0.568158  0.893541
3 24  0.567544  1.363213
3 25  0.539766  0.842365
3 26  0.546995  1.120255
3 27  0.558668  0.871522
3 28  0.554977  0.880679
3 29  0.567958  1.227604
3 30  0.540714  0.826962
4 5  0.522932  1.069486
4 6  0.598302  1.213711
4 7  0.587022  1.225645
4 8  0.585904  0.975596
4 9  0.561559  0.893653
4 10  0.559538  0.875345
4 11  0.570394  1.323243
4 12  0.590380  0.937172
4 13  0.578275  0.920157
4 14  0.578579  0.929112
4 15  0.585024  1.350945
4 16  0.570942  0.896096
4 17  0.570172  0.892674
4 18  0.569280  1.207779
4 19  0.284168  0.929925
4 20  0.522614  1.109999
4 21  0.587948  1.314891
4 22  0.586818  0.977342
4 23  0.591260  0.942676
4 24  0.571786  1.393037
4 25  0.562114  0.891980
4 26  0.597321  1.200311
4 27  0.581053  0.920444
4 28  0.580059  0.930416
4 29  0.589342  1.277622
4 30  0.563115  0.876011
5 6  0.585148  1.100344
5 7  0.570120  1.145069
5 8  0.573078  0.881621
5 9  0.548755  0.800636
5 10  0.546738  0.783533
5 11  0.569480  1.327326
5 12  0.577585  0.847001
5 13  0.565480  0.829304
5 14  0.565793  0.839483
5 15  0.569481  1.231835
5 16  0.558169  0.805008
5 17  0.557381  0.801579
5 18  0.557931  1.118792
5 19  0.514701  0.989968
5 20  0.279465  0.907780
5 21  0.578141  1.221819
5 22  0.573925  0.886400
5 23  0.578508  0.851621
5 24  0.550791  1.294062
5 25  0.549288  0.800915
5 26  0.584687  1.110376
5 27  0.568262  0.829354
5 28  0.567404  0.839396
5 29  0.578025  1.193937
5 30  0.550319  0.784917
6 7  0.610254  1.285551
6 8  0.595291  0.980125
6 9  0.578542  0.915607
6 10  0.577926  0.905608
6 11  0.613108  1.443634
6 12  0.609622  0.971876
6 13  0.597210  0.952193
6 14  0.589844  0.953386
6 15  0.596034  1.298973
6 16  0.590239  0.929650
6 17  0.590257  0.926720
6 18  0.556463  1.180973
6 19  0.589531  1.146607
6 20  0.595936  1.214271
6 21  0.607446  1.320932
6 22  0.593471  1.002028
6 23  0.607749  0.974395
6 24  0.610286  1.453743
6 25  0.579990  0.924968
6 26  0.364947  1.104546
6 27  0.599491  0.953025
6 28  0.591923  0.959920
6 29  0.604704  1.317962
6 30  0.582989  0.909920
7 8  0.601700  1.080793
7 9  0.577419  0.998115
7 10  0.575413  0.979680
7 11  0.582509  1.475924
7 12  0.606271  1.042112
7 13  0.594170  1.025550
7 14  0.594416  1.031727
7 15  0.570423  1.440677
7 16  0.586814  1.001349
7 17  0.586067  0.997938
7 18  0.575959  1.311841
7 19  0.584164  1.216336
7 20  0.589131  1.280734
7 21  0.433552  1.335270
7 22  0.602637  1.082014
7 23  0.607103  1.047877
7 24  0.567041  1.421928
7 25  0.577992  0.997080
7 26  0.611763  1.302496
7 27  0.596949  1.025666
7 28  0.595789  1.035583
7 29  0.567711  1.375483
7 30  0.579010  0.981228
8 9  0.532233  0.644740
8 10  0.532640  0.638767
8 11  0.601568  1.198215
8 12  0.596247  0.721031
8 13  0.578052  0.693643
8 14  0.584875  0.716425
8 15  0.595358  1.120651
8 16  0.578025  0.681213
8 17  0.576824  0.677604
8 18  0.577991  0.994230
8 19  0.576437  0.900198
8 20  0.583424  0.969467
8 21  0.599690  1.105876
8 22  0.363340  0.573297
8 23  0.595101  0.724621
8 24  0.601416  1.221143
8 25  0.522740  0.643265
8 26  0.593386  0.978622
8 27  0.579412  0.699657
8 28  0.585955  0.713081
8 29  0.597897  1.074165
8 30  0.527091  0.628369
9 10  0.496610  0.537595
9 11  0.577249  1.125928
9 12  0.572897  0.640466
9 13  0.560354  0.622079
9 14  0.561141  0.633852
9 15  0.571485  1.056685
9 16  0.553522  0.598449
9 17  0.552769  0.595030
9 18  0.553747  0.914344
9 19  0.552190  0.817766
9 20  0.559331  0.887060
9 21  0.575374  1.023908
9 22  0.526156  0.648561
9 23  0.574032  0.645218
9 24  0.577369  1.139363
9 25  0.276274  0.342615
9 26  0.577823  0.905366
9 27  0.563569  0.622641
9 28  0.562800  0.632909
9 29  0.574237  0.991890
9 30  0.493139  0.532982
10 11  0.575228  1.110370
10 12  0.570542  0.621651
10 13  0.557498  0.603494
10 14  0.558844  0.615341
10 15  0.569553  1.045417
10 16  0.551500  0.580270
10 17  0.550457  0.576619
10 18  0.551638  0.897078
10 19  0.550220  0.799652
10 20  0.557452  0.868963
10 21  0.573385  1.006018
10 22  0.522853  0.627390
10 23  0.571696  0.626792
10 24  0.575556  1.121386
10 25  0.493245  0.532870
10 26  0.577869  0.888419
10 27  0.560103  0.603280
10 28  0.560885  0.614818
10 29  0.572724  0.973849
10 30  0.272741  0.296119
11 12  0.606061  1.170430
11 13  0.593962  1.152952
11 14  0.594217  1.164157
11 15  0.577412  1.479364
11 16  0.586610  1.131024
11 17  0.585852  1.127603
11 18  0.580480  1.434704
11 19  0.554547  1.305690
11 20  0.573230  1.371311
11 21  0.579892  1.541315
11 22  0.602458  1.211640
11 23  0.606965  1.177464
11 24  0.478767  1.640277
11 25  0.577778  1.126738
11 26  0.609552  1.412944
11 27  0.596753  1.155285
11 28  0.595655  1.165143
11 29  0.562682  1.413779
11 30  0.578795  1.110899
12 13  0.564831  0.644217
12 14  0.564298  0.654206
12 15  0.600430  1.108471
12 16  0.555685  0.615090
12 17  0.548929  0.606068
12 18  0.581998  0.959701
12 19  0.581027  0.862223
12 20  0.588297  0.931525
12 21  0.604223  1.068677
12 22  0.595320  0.721679
12 23  0.400398  0.511262
12 24  0.606466  1.183861
12 25  0.573626  0.638922
12 26  0.605771  0.949218
12 27  0.563410  0.638691
12 28  0.556825  0.641909
12 29  0.603591  1.036394
12 30  0.574005  0.622326
13 14  0.542836  0.634153
13 15  0.588344  1.089132
13 16  0.568820  0.623363
13 17  0.567528  0.620436
13 18  0.570466  0.942286
13 19  0.568953  0.844657
13 20  0.576198  0.913944
13 21  0.592134  1.051106
13 22  0.579916  0.702900
13 23  0.556339  0.635411
13 24  0.594324  1.166254
13 25  0.561190  0.620986
13 26  0.595914  0.932536
13 27  0.339175  0.427809
13 28  0.540454  0.621580
13 29  0.591509  1.018788
13 30  0.560564  0.603531
14 15  0.588461  1.103080
14 16  0.567349  0.634363
14 17  0.568415  0.631306
14 18  0.567727  0.952925
14 19  0.569188  0.855989
14 20  0.576516  0.925322
14 21  0.592209  1.062334
14 22  0.584123  0.714068
14 23  0.561706  0.655627
14 24  0.594637  1.177543
14 25  0.561802  0.632717
14 26  0.586040  0.939706
14 27  0.537895  0.617177
14 28  0.344583  0.461884
14 29  0.591788  1.030140
14 30  0.562807  0.616647
15 16  0.581041  1.067826
15 17  0.580248  1.064376
15 18  0.573257  1.336775
15 19  0.577194  1.272258
15 20  0.582169  1.349408
15 21  0.557698  1.414638
15 22  0.595641  1.148657
15 23  0.601411  1.114360
15 24  0.576679  1.594525
15 25  0.571689  1.063627
15 26  0.591340  1.352961
15 27  0.591109  1.092082
15 28  0.590226  1.101876
15 29  0.432080  1.370804
15 30  0.573125  1.047715
16 17  0.516814  0.555652
16 18  0.563107  0.917133
16 19  0.561651  0.819907
16 20  0.568911  0.889334
16 21  0.584831  1.026411
16 22  0.578656  0.681992
16 23  0.561875  0.626608
16 24  0.587048  1.142007
16 25  0.554247  0.596784
16 26  0.589120  0.906923
16 27  0.566560  0.618953
16 28  0.565083  0.625966
16 29  0.584243  0.993918
16 30  0.555221  0.580845
17 18  0.562364  0.914474
17 19  0.560857  0.816743
17 20  0.568118  0.885838
17 21  0.584040  1.023331
17 22  0.577628  0.677554
17 23  0.561727  0.625103
17 24  0.586259  1.138238
17 25  0.553418  0.593389
17 26  0.588586  0.904592
17 27  0.564869  0.613026
17 28  0.564698  0.625178
17 29  0.583455  0.990406
17 30  0.554347  0.577344
18 19  0.560131  1.097508
18 20  0.568023  1.197274
18 21  0.562023  1.210807
18 22  0.578113  0.997463
18 23  0.583184  0.959371
18 24  0.583971  1.424441
18 25  0.554194  0.913638
18 26  0.558542  1.185837
18 27  0.573066  0.939845
18 28  0.570958  0.944346
18 29  0.580053  1.290141
18 30  0.555292  0.897564
19 20  0.523384  1.082477
19 21  0.575405  1.186945
19 22  0.577506  0.901449
19 23  0.582011  0.865884
19 24  0.569753  1.343194
19 25  0.552797  0.815940
19 26  0.587251  1.106137
19 27  0.571745  0.844268
19 28  0.570900  0.852473
19 29  0.572494  1.175034
19 30  0.553793  0.799974
20 21  0.585099  1.304604
20 22  0.584721  0.962478
20 23  0.589269  0.936127
20 24  0.570652  1.344283
20 25  0.560045  0.882389
20 26  0.594376  1.156210
20 27  0.579005  0.913647
20 28  0.578155  0.923557
20 29  0.582225  1.202108
20 30  0.561049  0.868700
21 22  0.600459  1.103377
21 23  0.605175  1.069573
21 24  0.583663  1.465580
21 25  0.575923  1.022005
21 26  0.608538  1.321036
21 27  0.594902  1.048446
21 28  0.594033  1.056552
21 29  0.566785  1.396771
21 30  0.576965  1.006660
22 23  0.598303  0.727754
22 24  0.602595  1.203264
22 25  0.535417  0.646682
22 26  0.594105  0.963230
22 27  0.580545  0.695225
22 28  0.587456  0.716199
22 29  0.599275  1.058810
22 30  0.536130  0.639342
23 24  0.607404  1.186665
23 25  0.574291  0.643270
23 26  0.608652  0.953599
23 27  0.568958  0.648159
23 28  0.568591  0.657812
23 29  0.604578  1.040917
23 30  0.575071  0.626712
24 25  0.578113  1.132499
24 26  0.610802  1.419482
24 27  0.597136  1.163805
24 28  0.596262  1.175264
24 29  0.583685  1.461635
24 30  0.579172  1.121181
25 26  0.577794  0.895868
25 27  0.562908  0.620038
25 28  0.563353  0.631042
25 29  0.575164  0.984520
25 30  0.500131  0.535670
26 27  0.598856  0.933149
26 28  0.589172  0.929639
26 29  0.598150  1.198964
26 30  0.579911  0.886666
27 28  0.545289  0.631262
27 29  0.594321  1.018434
27 30  0.563080  0.602824
28 29  0.593309  1.027265
28 30  0.564182  0.614900
29 30  0.576299  0.972985
