  -1146.52583616
  -1146.88895115    -1146.75664526
0.00007005551060
2 2 2 2 2 2 2 2 2 2 2 2 2 2 2 0 0 0 0 0 0 0 0 0 0 0 0 0 0 0 
1  0.276303  0.307098
2  0.282404  0.318808
3  0.270062  0.547220
4  0.290746  0.579607
5  0.278011  0.491972
6  0.313661  0.638201
7  0.308211  0.682311
8  0.299674  0.405701
9  0.275307  0.306540
10  0.272710  0.288568
11  0.306676  0.804641
12  0.302652  0.380022
13  0.291124  0.358660
14  0.292088  0.370155
15  0.302286  0.746312
16  0.282756  0.319214
17  0.281825  0.315263
18  0.284716  0.614117
19  0.281469  0.507611
20  0.288704  0.572282
21  0.305909  0.707520
22  0.300454  0.408221
23  0.303804  0.385216
24  0.307420  0.816414
25  0.275767  0.304505
26  0.312094  0.619193
27  0.293914  0.358124
28  0.293840  0.365772
29  0.305471  0.674248
30  0.276343  0.288703
1 2  0.514518  0.587562
1 3  0.546300  0.853702
1 4  0.567047  0.886448
1 5  0.554313  0.798656
1 6  0.589373  0.942075
1 7  0.584509  0.988752
1 8  0.575671  0.711368
1 9  0.551602  0.613229
1 10  0.548991  0.595589
1 11  0.582974  1.111566
1 12  0.560582  0.671641
1 13  0.560136  0.656830
1 14  0.561529  0.667247
1 15  0.578574  1.052739
1 16  0.270810  0.356106
1 17  0.510657  0.576768
1 18  0.560658  0.921087
1 19  0.557765  0.814652
1 20  0.565006  0.879309
1 21  0.582170  1.014480
1 22  0.576732  0.715227
1 23  0.549038  0.659608
1 24  0.583701  1.123320
1 25  0.551970  0.611535
1 26  0.587790  0.925954
1 27  0.568927  0.663100
1 28  0.567874  0.671463
1 29  0.581773  0.981258
1 30  0.552507  0.595670
2 3  0.552449  0.865911
2 4  0.573148  0.898315
2 5  0.560414  0.810441
2 6  0.595795  0.955013
2 7  0.590613  1.000960
2 8  0.581573  0.721279
2 9  0.557682  0.625135
2 10  0.555008  0.607234
2 11  0.589078  1.122610
2 12  0.561825  0.675480
2 13  0.566288  0.665860
2 14  0.570125  0.684788
2 15  0.584680  1.063098
2 16  0.512620  0.585694
2 17  0.273172  0.361697
2 18  0.567076  0.932809
2 19  0.563873  0.826354
2 20  0.571101  0.890991
2 21  0.588298  1.026169
2 22  0.582180  0.726657
2 23  0.556680  0.673367
2 24  0.589801  1.134947
2 25  0.558028  0.623185
2 26  0.594454  0.937896
2 27  0.572864  0.674768
2 28  0.574751  0.681612
2 29  0.587865  0.992916
2 30  0.558229  0.607092
3 4  0.559222  1.085965
3 5  0.547017  1.019910
3 6  0.553822  1.148190
3 7  0.561970  1.133795
3 8  0.569025  0.951430
3 9  0.545178  0.853249
3 10  0.542670  0.834125
3 11  0.571872  1.309183
3 12  0.572523  0.922870
3 13  0.561051  0.904593
3 14  0.560848  0.907920
3 15  0.567499  1.287512
3 16  0.552252  0.866245
3 17  0.551751  0.862394
3 18  0.271011  0.991889
3 19  0.551047  1.052192
3 20  0.558595  1.115453
3 21  0.555465  1.242931
3 22  0.570372  0.951848
3 23  0.572948  0.931902
3 24  0.572403  1.339994
3 25  0.545809  0.850917
3 26  0.553818  1.131600
3 27  0.563901  0.905106
3 28  0.560981  0.912113
3 29  0.573696  1.209064
3 30  0.546332  0.835758
4 5  0.525526  1.041530
4 6  0.603702  1.206442
4 7  0.591121  1.196511
4 8  0.590407  0.984106
4 9  0.566048  0.886051
4 10  0.563453  0.867765
4 11  0.573163  1.288520
4 12  0.593396  0.957944
4 13  0.581869  0.937518
4 14  0.582814  0.946115
4 15  0.589106  1.315347
4 16  0.573462  0.898718
4 17  0.572564  0.894788
4 18  0.573581  1.189212
4 19  0.286434  0.896691
4 20  0.525375  1.080294
4 21  0.591824  1.281617
4 22  0.591159  0.987255
4 23  0.594459  0.964470
4 24  0.575059  1.354084
4 25  0.566502  0.884014
4 26  0.602484  1.194835
4 27  0.584646  0.937505
4 28  0.584390  0.945044
4 29  0.593439  1.242583
4 30  0.567088  0.868282
5 6  0.590557  1.097964
5 7  0.574142  1.118115
5 8  0.577633  0.893962
5 9  0.553301  0.796432
5 10  0.550712  0.779569
5 11  0.572510  1.289724
5 12  0.580662  0.871780
5 13  0.569133  0.850232
5 14  0.570088  0.860317
5 15  0.573466  1.201582
5 16  0.560757  0.811123
5 17  0.559836  0.807179
5 18  0.562396  1.103176
5 19  0.517520  0.966019
5 20  0.281777  0.873053
5 21  0.582107  1.191061
5 22  0.578287  0.899832
5 23  0.581768  0.876980
5 24  0.554201  1.258720
5 25  0.553722  0.796431
5 26  0.589922  1.108471
5 27  0.571914  0.849943
5 28  0.571799  0.857571
5 29  0.582132  1.162665
5 30  0.554350  0.780662
6 7  0.617092  1.277673
6 8  0.602337  1.011549
6 9  0.585677  0.931110
6 10  0.584537  0.922262
6 11  0.618780  1.427866
6 12  0.615359  1.017535
6 13  0.603525  0.992731
6 14  0.596429  0.991264
6 15  0.602555  1.292628
6 16  0.595532  0.956879
6 17  0.595429  0.953339
6 18  0.563689  1.188517
6 19  0.595011  1.143096
6 20  0.601387  1.206389
6 21  0.614066  1.312331
6 22  0.600578  1.034780
6 23  0.613698  1.020601
6 24  0.616195  1.437810
6 25  0.587086  0.941592
6 26  0.372554  1.126733
6 27  0.605823  0.993705
6 28  0.598693  0.999888
6 29  0.611407  1.307238
6 30  0.589721  0.926611
7 8  0.607768  1.087015
7 9  0.583473  0.987815
7 10  0.580895  0.969283
7 11  0.587000  1.436285
7 12  0.610852  1.060118
7 13  0.599331  1.040304
7 14  0.600212  1.045655
7 15  0.575823  1.404900
7 16  0.590888  1.001381
7 17  0.590024  0.997469
7 18  0.581598  1.290814
7 19  0.588400  1.186456
7 20  0.593298  1.246224
7 21  0.438421  1.295617
7 22  0.608548  1.089326
7 23  0.611850  1.066995
7 24  0.571654  1.384268
7 25  0.583941  0.986533
7 26  0.618470  1.294737
7 27  0.602106  1.040080
7 28  0.601753  1.047554
7 29  0.573093  1.337401
7 30  0.584551  0.970919
8 9  0.538287  0.679418
8 10  0.538360  0.673975
8 11  0.606308  1.195271
8 12  0.601053  0.782184
8 13  0.583118  0.747062
8 14  0.590931  0.774901
8 15  0.601265  1.122476
8 16  0.582405  0.724765
8 17  0.581058  0.720735
8 18  0.584244  1.015538
8 19  0.580985  0.912862
8 20  0.587929  0.977461
8 21  0.605488  1.111940
8 22  0.368806  0.631984
8 23  0.600100  0.787203
8 24  0.606496  1.220468
8 25  0.528696  0.676989
8 26  0.600357  1.012005
8 27  0.584773  0.758643
8 28  0.592110  0.767984
8 29  0.603850  1.079162
8 30  0.532835  0.662436
9 10  0.501632  0.555285
9 11  0.581978  1.108731
9 12  0.577738  0.686327
9 13  0.565735  0.664015
9 14  0.567210  0.675499
9 15  0.577408  1.044351
9 16  0.557881  0.625637
9 17  0.556991  0.621685
9 18  0.559990  0.919495
9 19  0.556720  0.814080
9 20  0.563819  0.878722
9 21  0.581155  1.013537
9 22  0.532034  0.683812
9 23  0.579077  0.691695
9 24  0.582418  1.122620
9 25  0.280634  0.359501
9 26  0.584807  0.924402
9 27  0.568968  0.664166
9 28  0.568990  0.672211
9 29  0.580167  0.980606
9 30  0.498253  0.549406
10 11  0.579384  1.093129
10 12  0.574789  0.667115
10 13  0.562269  0.645464
10 14  0.564334  0.657210
10 15  0.574908  1.033459
10 16  0.555281  0.607631
10 17  0.554084  0.603477
10 18  0.557308  0.902402
10 19  0.554177  0.796158
10 20  0.561379  0.860812
10 21  0.578594  0.995831
10 22  0.528422  0.662736
10 23  0.576181  0.673512
10 24  0.580049  1.104829
10 25  0.498303  0.549400
10 26  0.584292  0.907414
10 27  0.564955  0.645260
10 28  0.566499  0.654246
10 29  0.578082  0.962746
10 30  0.276582  0.315254
11 12  0.609315  1.179987
11 13  0.597795  1.159051
11 14  0.598683  1.170987
11 15  0.581585  1.442281
11 16  0.589359  1.123612
11 17  0.588475  1.119686
11 18  0.585034  1.406750
11 19  0.557426  1.269750
11 20  0.576168  1.331128
11 21  0.584080  1.498552
11 22  0.607040  1.211489
11 23  0.610410  1.188961
11 24  0.482167  1.587555
11 25  0.582404  1.108823
11 26  0.614907  1.398790
11 27  0.600588  1.162107
11 28  0.600258  1.169588
11 29  0.566919  1.373491
11 30  0.583009  1.093211
12 13  0.568798  0.715565
12 14  0.568651  0.724623
12 15  0.604883  1.123505
12 16  0.558627  0.669727
12 17  0.551768  0.660744
12 18  0.586709  0.993611
12 19  0.584075  0.887418
12 20  0.591324  0.952011
12 21  0.608528  1.086970
12 22  0.600009  0.785101
12 23  0.403967  0.602624
12 24  0.610070  1.195596
12 25  0.578372  0.684438
12 26  0.611186  0.996650
12 27  0.567398  0.709314
12 28  0.561390  0.707334
12 29  0.608054  1.053832
12 30  0.578337  0.668184
13 14  0.548057  0.705046
13 15  0.593388  1.099584
13 16  0.572258  0.675207
13 17  0.570821  0.672654
13 18  0.575815  0.972451
13 19  0.572587  0.866118
13 20  0.579806  0.930690
13 21  0.597026  1.065681
13 22  0.585074  0.763483
13 23  0.560513  0.704455
13 24  0.598510  1.174251
13 25  0.566471  0.662608
13 26  0.601999  0.975831
13 27  0.343299  0.507857
13 28  0.545735  0.684396
13 29  0.596538  1.032468
13 30  0.565450  0.645639
14 15  0.594116  1.115340
14 16  0.571381  0.687247
14 17  0.572338  0.682345
14 18  0.573756  0.983342
14 19  0.573434  0.877516
14 20  0.580758  0.942167
14 21  0.597740  1.076985
14 22  0.590036  0.772684
14 23  0.566312  0.726687
14 24  0.599460  1.185749
14 25  0.567765  0.674585
14 26  0.592441  0.984596
14 27  0.543052  0.680702
14 28  0.350011  0.538924
14 29  0.597469  1.043995
14 30  0.568361  0.658649
15 16  0.585003  1.065377
15 17  0.584068  1.061399
15 18  0.579082  1.315147
15 19  0.581311  1.239765
15 20  0.586204  1.313029
15 21  0.563013  1.378076
15 22  0.601377  1.153332
15 23  0.606081  1.130965
15 24  0.581146  1.550707
15 25  0.577508  1.050608
15 26  0.597775  1.343241
15 27  0.596159  1.103888
15 28  0.596027  1.111404
15 29  0.436967  1.328202
15 30  0.578550  1.034930
16 17  0.519170  0.595487
16 18  0.567378  0.932051
16 19  0.564224  0.826273
16 20  0.571457  0.890991
16 21  0.588658  1.026156
16 22  0.582857  0.726261
16 23  0.564873  0.683477
16 24  0.590167  1.135352
16 25  0.558514  0.623388
16 26  0.594108  0.934230
16 27  0.569942  0.670624
16 28  0.569140  0.672831
16 29  0.588209  0.992411
16 30  0.559070  0.607843
17 18  0.566514  0.929273
17 19  0.563293  0.822760
17 20  0.570528  0.886897
17 21  0.587731  1.022541
17 22  0.581661  0.720250
17 23  0.564676  0.681922
17 24  0.589239  1.130548
17 25  0.557543  0.619605
17 26  0.593467  0.932231
17 27  0.568071  0.662071
17 28  0.568631  0.673646
17 29  0.587284  0.988220
17 30  0.558053  0.603775
18 19  0.564489  1.084180
18 20  0.572384  1.177859
18 21  0.567141  1.195081
18 22  0.584177  1.019294
18 23  0.588113  0.991347
18 24  0.588951  1.398850
18 25  0.560338  0.918383
18 26  0.565342  1.192281
18 27  0.578377  0.968289
18 28  0.577058  0.970289
18 29  0.585830  1.268971
18 30  0.561022  0.902092
19 20  0.526029  1.053921
19 21  0.579348  1.160400
19 22  0.581888  0.915335
19 23  0.585268  0.891244
19 24  0.573059  1.307334
19 25  0.557226  0.811792
19 26  0.592414  1.105247
19 27  0.575382  0.865148
19 28  0.575294  0.870741
19 29  0.576247  1.145758
19 30  0.557809  0.796030
20 21  0.588879  1.270203
20 22  0.589068  0.971370
20 23  0.592502  0.957166
20 24  0.573864  1.309429
20 25  0.564445  0.873543
20 26  0.599499  1.151706
20 27  0.582615  0.929740
20 28  0.582524  0.937277
20 29  0.586258  1.171928
20 30  0.565037  0.860320
21 22  0.606076  1.108954
21 23  0.609678  1.086897
21 24  0.588137  1.429905
21 25  0.581601  1.011410
21 26  0.615003  1.313674
21 27  0.599778  1.061149
21 28  0.599692  1.068218
21 29  0.572160  1.361379
21 30  0.582232  0.996027
22 23  0.603164  0.790938
22 24  0.607505  1.201577
22 25  0.541268  0.682195
22 26  0.600782  0.998030
22 27  0.585497  0.749682
22 28  0.593462  0.772657
22 29  0.605014  1.064510
22 30  0.541733  0.675107
23 24  0.611209  1.198022
23 25  0.579230  0.689219
23 26  0.614340  1.001158
23 27  0.573058  0.718696
23 28  0.573285  0.725563
23 29  0.609236  1.058911
23 30  0.579585  0.672362
24 25  0.583081  1.115600
24 26  0.616539  1.406279
24 27  0.601315  1.169793
24 28  0.601201  1.180567
24 29  0.588056  1.423016
24 30  0.583731  1.104691
25 26  0.584618  0.912946
25 27  0.568195  0.661291
25 28  0.569438  0.669557
25 29  0.580964  0.972588
25 30  0.505109  0.552649
26 27  0.604946  0.976322
26 28  0.595525  0.966135
26 29  0.604337  1.194333
26 30  0.586376  0.905128
27 28  0.550585  0.698866
27 29  0.599362  1.031333
27 30  0.567914  0.643544
28 29  0.599080  1.037738
28 30  0.569852  0.653792
29 30  0.581704  0.961712
