  -1146.52583616
  -1146.89072069    -1146.76046846
0.00003223687817
2 2 2 2 2 2 2 2 2 2 2 2 2 2 2 0 0 0 0 0 0 0 0 0 0 0 0 0 0 0 
1  0.278109  0.349848
2  0.284074  0.370708
3  0.274699  0.535712
4  0.292076  0.530768
5  0.279505  0.454128
6  0.321373  0.652455
7  0.311708  0.626858
8  0.305398  0.460943
9  0.279121  0.325866
10  0.277587  0.315240
11  0.309319  0.728015
12  0.305921  0.477351
13  0.295311  0.446353
14  0.298695  0.455771
15  0.306095  0.684204
16  0.284793  0.367321
17  0.283546  0.364392
18  0.289480  0.594105
19  0.282909  0.468266
20  0.290242  0.523352
21  0.309220  0.649132
22  0.306118  0.468798
23  0.307193  0.482016
24  0.310116  0.742523
25  0.279665  0.321749
26  0.319527  0.637310
27  0.297949  0.446684
28  0.300392  0.443981
29  0.309305  0.617461
30  0.281159  0.316345
1 2  0.518138  0.687450
1 3  0.552706  0.883987
1 4  0.570182  0.880023
1 5  0.557613  0.803145
1 6  0.598737  0.994183
1 7  0.589808  0.975358
1 8  0.583133  0.806967
1 9  0.557219  0.674447
1 10  0.555669  0.664918
1 11  0.587420  1.077284
1 12  0.565684  0.814088
1 13  0.565928  0.783450
1 14  0.569649  0.789095
1 15  0.584184  1.032627
1 16  0.274409  0.465337
1 17  0.514462  0.670641
1 18  0.567124  0.943644
1 19  0.561005  0.817945
1 20  0.568351  0.872969
1 21  0.587272  0.998601
1 22  0.584195  0.818415
1 23  0.554351  0.796486
1 24  0.588194  1.091775
1 25  0.557641  0.671524
1 26  0.596959  0.986620
1 27  0.574731  0.793353
1 28  0.576194  0.792979
1 29  0.587412  0.967010
1 30  0.559110  0.665979
2 3  0.558745  0.905916
2 4  0.576147  0.901109
2 5  0.563578  0.824151
2 6  0.605094  1.018632
2 7  0.595778  0.997091
2 8  0.588900  0.823144
2 9  0.563157  0.696251
2 10  0.561540  0.685367
2 11  0.593391  1.096485
2 12  0.566791  0.821149
2 13  0.571964  0.796017
2 14  0.578235  0.821673
2 15  0.590157  1.050475
2 16  0.516632  0.685687
2 17  0.276323  0.482728
2 18  0.573490  0.964391
2 19  0.566983  0.838761
2 20  0.574307  0.893731
2 21  0.593270  1.019335
2 22  0.589469  0.839214
2 23  0.561868  0.820278
2 24  0.594156  1.112334
2 25  0.563579  0.692311
2 26  0.603551  1.007433
2 27  0.578531  0.816276
2 28  0.582925  0.809584
2 29  0.593353  0.987691
2 30  0.564685  0.686707
3 4  0.565108  1.032924
3 5  0.553036  0.974255
3 6  0.565805  1.148302
3 7  0.569087  1.079461
3 8  0.579360  0.994096
3 9  0.553615  0.860386
3 10  0.552173  0.846909
3 11  0.578968  1.227719
3 12  0.580375  1.003325
3 13  0.569833  0.979285
3 14  0.571870  0.975666
3 15  0.575913  1.215563
3 16  0.558829  0.902695
3 17  0.558086  0.899792
3 18  0.279339  0.953515
3 19  0.557011  1.002396
3 20  0.564781  1.055809
3 21  0.562966  1.174071
3 22  0.580648  1.000386
3 23  0.580891  1.016556
3 24  0.579623  1.258397
3 25  0.554341  0.856785
3 26  0.565888  1.140585
3 27  0.572580  0.981585
3 28  0.572008  0.978711
3 29  0.582126  1.142715
3 30  0.555767  0.851843
4 5  0.528271  0.955942
4 6  0.612680  1.173007
4 7  0.595837  1.106368
4 8  0.597461  0.989962
4 9  0.571190  0.856407
4 10  0.569659  0.844863
4 11  0.577191  1.181798
4 12  0.597995  1.004687
4 13  0.587385  0.975597
4 14  0.590744  0.981264
4 15  0.594182  1.207783
4 16  0.576819  0.897781
4 17  0.575613  0.894879
4 18  0.579524  1.122250
4 19  0.288949  0.793597
4 20  0.528385  0.988877
4 21  0.596374  1.177302
4 22  0.598140  0.998763
4 23  0.599156  1.011790
4 24  0.579129  1.236377
4 25  0.571721  0.852405
4 26  0.611233  1.164865
4 27  0.590007  0.976746
4 28  0.592235  0.974015
4 29  0.598622  1.138764
4 30  0.573232  0.847023
5 6  0.599609  1.080047
5 7  0.578916  1.035708
5 8  0.584836  0.911835
5 9  0.558601  0.777950
5 10  0.557079  0.768342
5 11  0.576686  1.176876
5 12  0.585425  0.930868
5 13  0.574815  0.899574
5 14  0.578185  0.907127
5 15  0.578603  1.110004
5 16  0.564286  0.821258
5 17  0.563052  0.818328
5 18  0.568647  1.046109
5 19  0.520544  0.889573
5 20  0.284569  0.770959
5 21  0.586873  1.096328
5 22  0.585372  0.922464
5 23  0.586631  0.935587
5 24  0.558458  1.152524
5 25  0.559074  0.775822
5 26  0.598797  1.089492
5 27  0.577440  0.900363
5 28  0.579817  0.897728
5 29  0.587429  1.069901
5 30  0.560653  0.770416
6 7  0.628208  1.242001
6 8  0.615369  1.078392
6 9  0.597008  0.961531
6 10  0.596941  0.961872
6 11  0.629111  1.370283
6 12  0.626175  1.127215
6 13  0.615236  1.090206
6 14  0.609233  1.075332
6 15  0.613765  1.262882
6 16  0.605202  1.019043
6 17  0.604845  1.016321
6 18  0.576188  1.190129
6 19  0.604167  1.118687
6 20  0.610571  1.172933
6 21  0.625101  1.273505
6 22  0.613923  1.104622
6 23  0.624659  1.129726
6 24  0.626481  1.380938
6 25  0.598651  0.973310
6 26  0.386416  1.164832
6 27  0.617510  1.092295
6 28  0.612254  1.093713
6 29  0.622759  1.266175
6 30  0.602176  0.967958
7 8  0.616986  1.086499
7 9  0.590777  0.951269
7 10  0.589264  0.939203
7 11  0.592999  1.315506
7 12  0.617614  1.099519
7 13  0.607013  1.071530
7 14  0.610309  1.072751
7 15  0.583028  1.294376
7 16  0.596405  0.993750
7 17  0.595240  0.990884
7 18  0.589394  1.217234
7 19  0.593308  1.093337
7 20  0.598292  1.143455
7 21  0.444512  1.173263
7 22  0.617694  1.094171
7 23  0.618702  1.107363
7 24  0.577721  1.269756
7 25  0.591335  0.948301
7 26  0.629331  1.258714
7 27  0.609643  1.072436
7 28  0.611781  1.069624
7 29  0.580183  1.224866
7 30  0.592865  0.943017
8 9  0.547569  0.757633
8 10  0.548033  0.757267
8 11  0.614658  1.172340
8 12  0.609943  0.931214
8 13  0.592452  0.874421
8 14  0.603141  0.914871
8 15  0.610729  1.114866
8 16  0.590163  0.827928
8 17  0.588444  0.825110
8 18  0.594701  1.050452
8 19  0.588125  0.928624
8 20  0.595118  0.983615
8 21  0.614531  1.108781
8 22  0.379396  0.766177
8 23  0.609192  0.938064
8 24  0.614890  1.201217
8 25  0.537887  0.749442
8 26  0.613472  1.080842
8 27  0.594229  0.903875
8 28  0.604394  0.899834
8 29  0.613341  1.077339
8 30  0.542349  0.744973
9 10  0.509685  0.603794
9 11  0.588432  1.052442
9 12  0.584796  0.802296
9 13  0.573651  0.770727
9 14  0.577610  0.777762
9 15  0.584997  1.003209
9 16  0.563698  0.693088
9 17  0.562508  0.690116
9 18  0.568561  0.919044
9 19  0.561958  0.794046
9 20  0.569123  0.849093
9 21  0.588278  0.974507
9 22  0.541149  0.763967
9 23  0.586273  0.807746
9 24  0.588885  1.068044
9 25  0.287206  0.401358
9 26  0.596039  0.962165
9 27  0.576784  0.771566
9 28  0.579354  0.769752
9 29  0.587763  0.943119
9 30  0.506266  0.595859
10 11  0.586902  1.042682
10 12  0.582859  0.787992
10 13  0.571203  0.758068
10 14  0.575781  0.767296
10 15  0.583570  0.998879
10 16  0.562173  0.682345
10 17  0.560635  0.679287
10 18  0.566930  0.909050
10 19  0.560491  0.783442
10 20  0.567791  0.838504
10 21  0.586773  0.964082
10 22  0.537931  0.748600
10 23  0.584424  0.797024
10 24  0.587628  1.057540
10 25  0.506408  0.593722
10 26  0.596535  0.951837
10 27  0.573833  0.760689
10 28  0.577921  0.758953
10 29  0.586796  0.932573
10 30  0.284710  0.379641
11 12  0.615224  1.195903
11 13  0.604622  1.166407
11 14  0.607908  1.177811
11 15  0.587645  1.328653
11 16  0.594019  1.094627
11 17  0.592824  1.091721
11 18  0.592391  1.313229
11 19  0.561571  1.158095
11 20  0.580401  1.211545
11 21  0.589821  1.366736
11 22  0.615315  1.194981
11 23  0.616431  1.207469
11 24  0.487264  1.428886
11 25  0.588927  1.049468
11 26  0.624817  1.344651
11 27  0.607266  1.172683
11 28  0.609398  1.170177
11 29  0.572957  1.253025
11 30  0.590464  1.044137
12 13  0.576213  0.897485
12 14  0.578287  0.902480
12 15  0.611951  1.155364
12 16  0.563988  0.811555
12 17  0.556882  0.805048
12 18  0.594656  1.070092
12 19  0.588759  0.944994
12 20  0.596118  0.999836
12 21  0.615107  1.124711
12 22  0.608891  0.942284
12 23  0.410373  0.831365
12 24  0.616035  1.217285
12 25  0.585528  0.798926
12 26  0.621784  1.109677
12 27  0.574721  0.895338
12 28  0.571097  0.876340
12 29  0.615138  1.093454
12 30  0.586424  0.793300
13 14  0.558719  0.884436
13 15  0.601385  1.120075
13 16  0.578436  0.809783
13 17  0.576693  0.810076
13 18  0.584756  1.039384
13 19  0.578212  0.914160
13 20  0.585519  0.968973
13 21  0.604522  1.094017
13 22  0.594644  0.913197
13 23  0.568093  0.883062
13 24  0.605381  1.186487
13 25  0.574511  0.767149
13 26  0.613575  1.078361
13 27  0.350855  0.713523
13 28  0.556457  0.846406
13 29  0.604579  1.062469
13 30  0.574454  0.761239
14 15  0.604425  1.137576
14 16  0.579973  0.821810
14 17  0.580603  0.814806
14 18  0.584887  1.048526
14 19  0.581404  0.923482
14 20  0.588896  0.978457
14 21  0.607637  1.103377
14 22  0.602342  0.915857
14 23  0.576149  0.907971
14 24  0.608744  1.196391
14 25  0.578256  0.777394
14 26  0.605636  1.089402
14 27  0.553757  0.846897
14 28  0.361694  0.731056
14 29  0.607881  1.072233
14 30  0.579765  0.771534
15 16  0.590851  1.051018
15 17  0.589573  1.047986
15 18  0.587703  1.239479
15 19  0.586485  1.140561
15 20  0.591450  1.204626
15 21  0.569958  1.265345
15 22  0.610816  1.151209
15 23  0.613272  1.164458
15 24  0.587278  1.418275
15 25  0.585137  1.005714
15 26  0.608937  1.301735
15 27  0.604012  1.129076
15 28  0.606359  1.126889
15 29  0.443890  1.202622
15 30  0.587176  1.000389
16 17  0.523086  0.698486
16 18  0.574140  0.958705
16 19  0.567700  0.834634
16 20  0.575032  0.889660
16 21  0.594007  1.015514
16 22  0.590513  0.833099
16 23  0.570219  0.827652
16 24  0.594899  1.108955
16 25  0.564445  0.687994
16 26  0.603418  0.994824
16 27  0.575873  0.806084
16 28  0.577405  0.790477
16 29  0.594076  0.982947
16 30  0.565920  0.683515
17 18  0.572986  0.957955
17 19  0.566454  0.832427
17 20  0.573787  0.886352
17 21  0.592764  1.012425
17 22  0.588975  0.824443
17 23  0.569890  0.827549
17 24  0.593655  1.103747
17 25  0.563152  0.685911
17 26  0.602520  0.996841
17 27  0.573665  0.791011
17 28  0.576623  0.799204
17 29  0.592837  0.979297
17 30  0.564573  0.679898
18 19  0.570611  1.032141
18 20  0.578632  1.110927
18 21  0.574379  1.136849
18 22  0.594545  1.058004
18 23  0.596187  1.060660
18 24  0.596392  1.312654
18 25  0.568992  0.915264
18 26  0.577125  1.188488
18 27  0.587128  1.033541
18 28  0.588090  1.023253
18 29  0.594379  1.196894
18 30  0.570596  0.907697
19 20  0.528929  0.966075
19 21  0.583991  1.074963
19 22  0.588986  0.936459
19 23  0.590096  0.947477
19 24  0.577318  1.197395
19 25  0.562558  0.789493
19 26  0.601154  1.087139
19 27  0.580856  0.913878
19 28  0.583282  0.908583
19 29  0.581247  1.056639
19 30  0.564063  0.783911
20 21  0.593648  1.165468
20 22  0.596253  0.983200
20 23  0.597428  1.004402
20 24  0.578065  1.202808
20 25  0.569869  0.842125
20 26  0.608315  1.127728
20 27  0.588188  0.968236
20 28  0.590611  0.965619
20 29  0.591502  1.082788
20 30  0.571384  0.839271
21 22  0.615011  1.107867
21 23  0.616369  1.120932
21 24  0.593964  1.318116
21 25  0.588799  0.970518
21 26  0.625744  1.276248
21 27  0.607108  1.087143
21 28  0.609551  1.087208
21 29  0.579242  1.251801
21 30  0.590356  0.964194
22 23  0.612105  0.945234
22 24  0.615821  1.185180
22 25  0.550528  0.764091
22 26  0.613565  1.074010
22 27  0.594589  0.882956
22 28  0.605551  0.909898
22 29  0.614450  1.068604
22 30  0.551276  0.763301
23 24  0.617290  1.216966
23 25  0.586491  0.802185
23 26  0.624938  1.112487
23 27  0.580462  0.898429
23 28  0.582959  0.895681
23 29  0.616457  1.097920
23 30  0.587728  0.793451
24 25  0.589656  1.060171
24 26  0.626571  1.355704
24 27  0.608038  1.178957
24 28  0.610446  1.184011
24 29  0.594293  1.306646
24 30  0.591227  1.058691
25 26  0.595776  0.945461
25 27  0.576001  0.766876
25 28  0.579878  0.763279
25 29  0.588656  0.933481
25 30  0.513241  0.600577
26 27  0.616279  1.081004
26 28  0.608040  1.046280
26 29  0.615042  1.171376
26 30  0.598482  0.950189
27 28  0.561152  0.872090
27 29  0.607234  1.061169
27 30  0.576604  0.755974
28 29  0.609400  1.057456
28 30  0.581200  0.758759
29 30  0.590328  0.932950
