  -1146.52583616
  -1146.89138738    -1146.76211923
0.00001330837696
2 2 2 2 2 2 2 2 2 2 2 2 2 2 2 0 0 0 0 0 0 0 0 0 0 0 0 0 0 0 
1  0.278908  0.372771
2  0.284750  0.399097
3  0.276402  0.527451
4  0.292536  0.503793
5  0.280006  0.433245
6  0.324469  0.656878
7  0.312835  0.595595
8  0.307875  0.485288
9  0.281184  0.336692
10  0.279476  0.330863
11  0.310118  0.684862
12  0.307210  0.526412
13  0.297446  0.491504
14  0.301826  0.498459
15  0.307319  0.647568
16  0.285674  0.393056
17  0.284240  0.391735
18  0.291259  0.581236
19  0.283440  0.446958
20  0.290734  0.496379
21  0.310229  0.615997
22  0.308370  0.495319
23  0.308551  0.530021
24  0.310941  0.699331
25  0.281728  0.331217
26  0.322449  0.643513
27  0.300007  0.492784
28  0.303558  0.483848
29  0.310597  0.584946
30  0.283282  0.333274
1 2  0.519633  0.740576
1 3  0.555190  0.898020
1 4  0.571440  0.875812
1 5  0.558912  0.804958
1 6  0.602568  1.018213
1 7  0.591730  0.966675
1 8  0.586380  0.852512
1 9  0.560080  0.707637
1 10  0.558356  0.703412
1 11  0.589016  1.056878
1 12  0.567781  0.886879
1 13  0.568806  0.848948
1 14  0.573480  0.850601
1 15  0.586204  1.018506
1 16  0.275992  0.523093
1 17  0.516051  0.722030
1 18  0.569637  0.953592
1 19  0.562330  0.819514
1 20  0.569642  0.868848
1 21  0.589068  0.988288
1 22  0.587244  0.867776
1 23  0.556553  0.866111
1 24  0.589809  1.071339
1 25  0.560495  0.703905
1 26  0.600644  1.015569
1 27  0.577580  0.861951
1 28  0.580140  0.855918
1 29  0.589502  0.957321
1 30  0.562032  0.705773
2 3  0.561119  0.925790
2 4  0.577282  0.902388
2 5  0.564753  0.831505
2 6  0.608831  1.050021
2 7  0.597579  0.994071
2 8  0.592027  0.872529
2 9  0.565889  0.735469
2 10  0.564100  0.728942
2 11  0.594865  1.080971
2 12  0.568776  0.895511
2 13  0.574721  0.863281
2 14  0.581973  0.892212
2 15  0.592055  1.040988
2 16  0.518308  0.740016
2 17  0.277669  0.548345
2 18  0.575931  0.979698
2 19  0.568189  0.845779
2 20  0.575473  0.895045
2 21  0.594948  1.014434
2 22  0.592364  0.894076
2 23  0.563958  0.895932
2 24  0.595649  1.097254
2 25  0.566322  0.730162
2 26  0.607142  1.041632
2 27  0.581252  0.891056
2 28  0.586753  0.876889
2 29  0.595314  0.983411
2 30  0.567468  0.732065
3 4  0.567247  1.001792
3 5  0.555205  0.947055
3 6  0.570470  1.143076
3 7  0.571658  1.047172
3 8  0.583534  1.009816
3 9  0.557378  0.862467
3 10  0.555760  0.852991
3 11  0.581419  1.180000
3 12  0.583331  1.040968
3 13  0.573652  1.015487
3 14  0.576539  1.006660
3 15  0.578844  1.171379
3 16  0.561349  0.920078
3 17  0.560468  0.918699
3 18  0.282485  0.926954
3 19  0.559218  0.973257
3 20  0.566978  1.021022
3 21  0.565592  1.133115
3 22  0.584593  1.018469
3 23  0.583944  1.055929
3 24  0.582149  1.209140
3 25  0.558106  0.858110
3 26  0.570551  1.140176
3 27  0.576341  1.019036
3 28  0.576743  1.010227
3 29  0.585113  1.103138
3 30  0.559585  0.860457
4 5  0.529164  0.908191
4 6  0.616218  1.151316
4 7  0.597403  1.055018
4 8  0.600399  0.987257
4 9  0.573712  0.840159
4 10  0.572008  0.833154
4 11  0.578458  1.120556
4 12  0.599744  1.026002
4 13  0.589979  0.993505
4 14  0.594333  0.996504
4 15  0.595864  1.145479
4 16  0.578147  0.896459
4 17  0.576768  0.895161
4 18  0.581717  1.083188
4 19  0.289871  0.737131
4 20  0.529350  0.937926
4 21  0.597840  1.118123
4 22  0.600853  0.998269
4 23  0.600955  1.032593
4 24  0.580424  1.168591
4 25  0.574244  0.834892
4 26  0.614608  1.144536
4 27  0.592524  0.995692
4 28  0.595827  0.986788
4 29  0.600376  1.080201
4 30  0.575815  0.836924
5 6  0.603163  1.066763
5 7  0.580484  0.988987
5 8  0.587811  0.915587
5 9  0.561158  0.767964
5 10  0.559462  0.763088
5 11  0.578005  1.113169
5 12  0.587214  0.958896
5 13  0.577451  0.923623
5 14  0.581815  0.928553
5 15  0.580287  1.056492
5 16  0.565667  0.826057
5 17  0.564246  0.824730
5 18  0.570923  1.012727
5 19  0.521571  0.847490
5 20  0.285484  0.714751
5 21  0.588376  1.043045
5 22  0.588096  0.928105
5 23  0.588483  0.962596
5 24  0.559808  1.091063
5 25  0.561616  0.764392
5 26  0.602202  1.075219
5 27  0.579995  0.925472
5 28  0.583474  0.916640
5 29  0.589215  1.017151
5 30  0.563274  0.766426
6 7  0.632405  1.218465
6 8  0.620829  1.106507
6 9  0.602079  0.975335
6 10  0.601823  0.981122
6 11  0.633001  1.333802
6 12  0.630515  1.179102
6 13  0.620385  1.137369
6 14  0.614565  1.112138
6 15  0.618017  1.240255
6 16  0.609151  1.049022
6 17  0.608632  1.047769
6 18  0.581114  1.186049
6 19  0.607795  1.102159
6 20  0.614139  1.151019
6 21  0.629207  1.247713
6 22  0.619290  1.133229
6 23  0.629052  1.180818
6 24  0.630388  1.343840
6 25  0.603800  0.987251
6 26  0.392184  1.177081
6 27  0.622594  1.140265
6 28  0.618165  1.138301
6 29  0.627104  1.238791
6 30  0.607368  0.988891
7 8  0.620591  1.079501
7 9  0.593965  0.930645
7 10  0.592277  0.923002
7 11  0.594892  1.245602
7 12  0.620026  1.116114
7 13  0.610275  1.085022
7 14  0.614559  1.083092
7 15  0.585335  1.228807
7 16  0.598397  0.988106
7 17  0.597062  0.986851
7 18  0.592183  1.173766
7 19  0.594955  1.041354
7 20  0.599899  1.085879
7 21  0.446394  1.103437
7 22  0.621067  1.089358
7 23  0.621183  1.123733
7 24  0.579656  1.203085
7 25  0.594524  0.926513
7 26  0.633362  1.234347
7 27  0.612829  1.086976
7 28  0.616055  1.078003
7 29  0.582512  1.160500
7 30  0.596114  0.928622
8 9  0.551919  0.794731
8 10  0.552094  0.797120
8 11  0.617932  1.153877
8 12  0.613663  1.002701
8 13  0.596688  0.934806
8 14  0.608697  0.981183
8 15  0.614407  1.103591
8 16  0.593518  0.877896
8 17  0.591592  0.876738
8 18  0.598944  1.061858
8 19  0.591123  0.931639
8 20  0.598053  0.980996
8 21  0.618017  1.100039
8 22  0.384256  0.825506
8 23  0.612997  1.009652
8 24  0.618194  1.182353
8 25  0.542097  0.782657
8 26  0.618863  1.109524
8 27  0.598527  0.974678
8 28  0.610032  0.963537
8 29  0.617133  1.069129
8 30  0.546457  0.785729
9 10  0.513304  0.630928
9 11  0.591292  1.020554
9 12  0.588132  0.861424
9 13  0.577800  0.826617
9 14  0.582794  0.829409
9 15  0.588270  0.978398
9 16  0.566631  0.729645
9 17  0.565264  0.728267
9 18  0.572399  0.917165
9 19  0.564547  0.783556
9 20  0.571658  0.832929
9 21  0.591352  0.952231
9 22  0.545341  0.801061
9 23  0.589689  0.866527
9 24  0.591765  1.035687
9 25  0.290440  0.423210
9 26  0.601022  0.979301
9 27  0.580888  0.828228
9 28  0.584586  0.820409
9 29  0.591112  0.921411
9 30  0.509989  0.623201
10 11  0.589588  1.014677
10 12  0.586014  0.850347
10 13  0.575166  0.817498
10 14  0.580782  0.824262
10 15  0.586668  0.978039
10 16  0.564942  0.723660
10 17  0.563205  0.722275
10 18  0.570581  0.911780
10 19  0.562909  0.777724
10 20  0.570169  0.827119
10 21  0.589665  0.946563
10 22  0.541739  0.789894
10 23  0.587667  0.860654
10 24  0.590340  1.029936
10 25  0.510126  0.619145
10 26  0.601318  0.973398
10 27  0.577786  0.822538
10 28  0.582971  0.814324
10 29  0.589966  0.915621
10 30  0.288561  0.417321
11 12  0.617310  1.199783
11 13  0.607555  1.166982
11 14  0.611824  1.176746
11 15  0.589608  1.260502
11 16  0.595680  1.077028
11 17  0.594314  1.075703
11 18  0.594964  1.258592
11 19  0.562904  1.095619
11 20  0.581701  1.144390
11 21  0.591612  1.291034
11 22  0.618360  1.178310
11 23  0.618585  1.211721
11 24  0.488831  1.336094
11 25  0.591781  1.015806
11 26  0.628505  1.310103
11 27  0.610123  1.175117
11 28  0.613328  1.166605
11 29  0.574966  1.184147
11 30  0.593387  1.017851
12 13  0.579644  0.988500
12 14  0.582676  0.990503
12 15  0.614458  1.166434
12 16  0.566202  0.884680
12 17  0.558918  0.880583
12 18  0.597693  1.105826
12 19  0.590571  0.972605
12 20  0.597886  1.021727
12 21  0.617404  1.140148
12 22  0.612401  1.017311
12 23  0.412897  0.943900
12 24  0.618149  1.222499
12 25  0.588876  0.857406
12 26  0.625945  1.163279
12 27  0.578100  0.990642
12 28  0.575577  0.962098
12 29  0.617708  1.109631
12 30  0.589833  0.859339
13 14  0.563919  0.973889
13 15  0.604745  1.126477
13 16  0.581439  0.880171
13 17  0.579507  0.882676
13 18  0.588663  1.071203
13 19  0.580878  0.937898
13 20  0.588141  0.986984
13 21  0.607664  1.105671
13 22  0.598815  0.985235
13 23  0.571624  0.973588
13 24  0.608335  1.187865
13 25  0.578694  0.821564
13 26  0.618588  1.127807
13 27  0.354614  0.818973
13 28  0.561739  0.929525
13 29  0.608004  1.074734
13 30  0.578715  0.823454
14 15  0.608721  1.143123
14 16  0.583966  0.890469
14 17  0.584408  0.883835
14 18  0.589696  1.078161
14 19  0.585029  0.944777
14 20  0.592522  0.994047
14 21  0.611763  1.112683
14 22  0.607730  0.983997
14 23  0.580639  0.998168
14 24  0.612685  1.195561
14 25  0.583447  0.829489
14 26  0.611296  1.138402
14 27  0.558975  0.931783
14 28  0.367299  0.826379
14 29  0.612292  1.082186
14 30  0.585005  0.830912
15 16  0.592952  1.039963
15 17  0.591463  1.038489
15 18  0.590728  1.193919
15 19  0.588227  1.083806
15 20  0.593158  1.141814
15 21  0.572129  1.199457
15 22  0.614307  1.141044
15 23  0.615852  1.175361
15 24  0.589255  1.338981
15 25  0.588408  0.978529
15 26  0.613101  1.272934
15 27  0.607290  1.138010
15 28  0.610726  1.129890
15 29  0.446205  1.128432
15 30  0.590517  0.980629
16 17  0.524677  0.753611
16 18  0.576778  0.970639
16 19  0.569110  0.838838
16 20  0.576404  0.888099
16 21  0.595896  1.007980
16 22  0.593616  0.883949
16 23  0.572422  0.900495
16 24  0.596602  1.091189
16 25  0.567386  0.722703
16 26  0.607148  1.022889
16 27  0.578771  0.876900
16 28  0.581343  0.850603
16 29  0.596244  0.975739
16 30  0.568921  0.726135
17 18  0.575447  0.972161
17 19  0.567677  0.838406
17 20  0.574972  0.886309
17 21  0.594466  1.006099
17 22  0.591895  0.874687
17 23  0.571995  0.901793
17 24  0.595172  1.086699
17 25  0.565902  0.722733
17 26  0.606087  1.028746
17 27  0.576371  0.858445
17 28  0.580380  0.865080
17 29  0.594821  0.973502
17 30  0.567386  0.723556
18 19  0.572899  1.001835
18 20  0.580886  1.071967
18 21  0.576962  1.101952
18 22  0.598554  1.071139
18 23  0.599272  1.091832
18 24  0.598994  1.260513
18 25  0.572827  0.911495
18 26  0.581699  1.180690
18 27  0.590945  1.065440
18 28  0.592865  1.047615
18 29  0.597433  1.153509
18 30  0.574493  0.910570
19 20  0.529882  0.917441
19 21  0.585510  1.026342
19 22  0.591767  0.941668
19 23  0.591982  0.973643
19 24  0.578707  1.134037
19 25  0.565147  0.777533
19 26  0.604563  1.073834
19 27  0.583443  0.938524
19 28  0.586975  0.926780
19 29  0.582975  1.006039
19 30  0.566715  0.779326
20 21  0.595126  1.106299
20 22  0.598997  0.983224
20 23  0.599277  1.025220
20 24  0.579390  1.140342
20 25  0.572419  0.824879
20 26  0.611686  1.110745
20 27  0.590738  0.986830
20 28  0.594266  0.978000
20 29  0.593273  1.031539
20 30  0.573993  0.829303
21 22  0.618257  1.100361
21 23  0.618730  1.134067
21 24  0.595780  1.251368
21 25  0.591865  0.946935
21 26  0.629670  1.250779
21 27  0.610168  1.098401
21 28  0.613723  1.094028
21 29  0.581536  1.187574
21 30  0.593486  0.947275
22 23  0.615699  1.017999
22 24  0.618883  1.168558
22 25  0.554716  0.802358
22 26  0.618653  1.105867
22 27  0.598525  0.946009
22 28  0.610919  0.975091
22 29  0.617974  1.063464
22 30  0.555294  0.805494
23 24  0.619468  1.220335
23 25  0.589899  0.858658
23 26  0.629134  1.164166
23 27  0.583892  0.988057
23 28  0.587410  0.980299
23 29  0.619103  1.113033
23 30  0.591193  0.855936
24 25  0.592536  1.027225
24 26  0.630289  1.321749
24 27  0.610914  1.179427
24 28  0.614431  1.180471
24 29  0.596326  1.237752
24 30  0.594166  1.032211
25 26  0.600684  0.959951
25 27  0.580061  0.822228
25 28  0.585100  0.811421
25 29  0.591992  0.910927
25 30  0.516997  0.627856
26 27  0.621209  1.131967
26 28  0.613232  1.082017
26 29  0.619116  1.154028
26 30  0.603453  0.972929
27 28  0.566338  0.959922
27 29  0.610583  1.073879
27 30  0.580718  0.816239
28 29  0.613825  1.064081
28 30  0.586476  0.815054
29 30  0.593727  0.917513
