  -1146.51884308
  -1146.89531835    -1146.78559478
0.00003390261882
2 2 2 2 2 2 2 2 2 2 2 2 2 2 2 0 0 0 0 0 0 0 0 0 0 0 0 0 0 0 
1  0.338243  0.652109
2  0.332700  0.591109
3  0.278537  0.426688
4  0.297289  0.376887
5  0.307223  0.415797
6  0.283637  0.337451
7  0.283297  0.341179
8  0.356757  0.634872
9  0.312002  0.480083
10  0.345419  0.523536
11  0.308900  0.431216
12  0.338838  0.698745
13  0.342164  0.584822
14  0.317960  0.398902
15  0.324736  0.715415
16  0.334570  0.628709
17  0.348420  0.634750
18  0.292927  0.461750
19  0.313060  0.436170
20  0.303193  0.394339
21  0.287596  0.341447
22  0.285804  0.346546
23  0.341938  0.678760
24  0.316938  0.398925
25  0.345305  0.526480
26  0.312430  0.485090
27  0.322700  0.688694
28  0.353221  0.627419
29  0.344728  0.590094
30  0.312168  0.420165
1 2  0.636375  1.216871
1 3  0.615264  1.076345
1 4  0.634791  1.017675
1 5  0.644932  1.064446
1 6  0.621606  0.987059
1 7  0.620881  0.985225
1 8  0.685903  1.262493
1 9  0.635292  1.069072
1 10  0.680581  1.150121
1 11  0.646368  1.082305
1 12  0.649498  1.231066
1 13  0.678470  1.231192
1 14  0.653773  1.036670
1 15  0.660697  1.342302
1 16  0.401799  1.140182
1 17  0.652014  1.224298
1 18  0.629236  1.100341
1 19  0.650591  1.087333
1 20  0.641262  1.045792
1 21  0.625631  0.993076
1 22  0.622895  0.998205
1 23  0.673728  1.301916
1 24  0.652541  1.050321
1 25  0.682848  1.177088
1 26  0.638785  1.134621
1 27  0.656401  1.333331
1 28  0.679592  1.276852
1 29  0.681451  1.239311
1 30  0.649934  1.069603
2 3  0.585892  0.957044
2 4  0.629363  0.959745
2 5  0.639120  0.991005
2 6  0.616253  0.924903
2 7  0.615920  0.931366
2 8  0.662606  1.127038
2 9  0.643652  1.069468
2 10  0.674418  1.085468
2 11  0.639370  0.998779
2 12  0.667022  1.284738
2 13  0.671704  1.140268
2 14  0.650019  0.981868
2 15  0.652996  1.280924
2 16  0.638961  1.185899
2 17  0.413727  1.083686
2 18  0.606035  1.045954
2 19  0.645692  1.026504
2 20  0.635750  0.985030
2 21  0.619794  0.932231
2 22  0.618305  0.937077
2 23  0.652090  1.252982
2 24  0.649035  0.989755
2 25  0.677689  1.116483
2 26  0.644717  1.071772
2 27  0.651390  1.265241
2 28  0.683816  1.213214
2 29  0.677038  1.178112
2 30  0.641882  1.010232
3 4  0.575772  0.802138
3 5  0.585661  0.835638
3 6  0.561214  0.757422
3 7  0.561417  0.765035
3 8  0.631971  1.032062
3 9  0.589146  0.903582
3 10  0.623525  0.943746
3 11  0.566517  0.814051
3 12  0.616608  1.118616
3 13  0.620186  0.994268
3 14  0.593271  0.819362
3 15  0.602199  1.118480
3 16  0.612280  1.046366
3 17  0.603803  1.055918
3 18  0.268492  0.647332
3 19  0.591543  0.862470
3 20  0.581539  0.820829
3 21  0.564202  0.767296
3 22  0.563978  0.772506
3 23  0.615422  1.103784
3 24  0.590567  0.822619
3 25  0.623551  0.952541
3 26  0.589728  0.904436
3 27  0.600445  1.113204
3 28  0.631637  1.051160
3 29  0.623241  1.015561
3 30  0.572900  0.839676
4 5  0.560599  0.759061
4 6  0.580925  0.714314
4 7  0.580585  0.717816
4 8  0.650482  0.994561
4 9  0.609241  0.854332
4 10  0.617018  0.855985
4 11  0.606178  0.807347
4 12  0.633539  1.063146
4 13  0.633918  0.955320
4 14  0.615236  0.774140
4 15  0.618991  1.089578
4 16  0.631704  1.005147
4 17  0.645596  1.011119
4 18  0.590094  0.838370
4 19  0.307349  0.554823
4 20  0.561323  0.743566
4 21  0.584854  0.718288
4 22  0.583052  0.723380
4 23  0.638622  1.053781
4 24  0.614224  0.775767
4 25  0.639410  0.901528
4 26  0.609632  0.861780
4 27  0.614449  1.057948
4 28  0.650262  1.003908
4 29  0.617405  0.954220
4 30  0.609417  0.796953
5 6  0.590859  0.752581
5 7  0.590519  0.756804
5 8  0.660964  1.027170
5 9  0.619196  0.895530
5 10  0.643870  0.921835
5 11  0.616113  0.843674
5 12  0.644597  1.112628
5 13  0.620307  0.938363
5 14  0.625175  0.813416
5 15  0.629697  1.114178
5 16  0.641716  1.043720
5 17  0.654951  1.049843
5 18  0.599670  0.877236
5 19  0.572960  0.814501
5 20  0.307526  0.552140
5 21  0.594773  0.757180
5 22  0.592990  0.762282
5 23  0.647525  1.093675
5 24  0.624153  0.814656
5 25  0.638342  0.936940
5 26  0.619643  0.900607
5 27  0.624666  1.097613
5 28  0.659675  1.041930
5 29  0.643762  0.993355
5 30  0.619283  0.835797
6 7  0.522878  0.639380
6 8  0.640378  0.970256
6 9  0.590216  0.808132
6 10  0.629054  0.860824
6 11  0.585059  0.753462
6 12  0.622422  1.032131
6 13  0.625800  0.920242
6 14  0.578870  0.718073
6 15  0.608361  1.047426
6 16  0.618011  0.965529
6 17  0.631649  0.971954
6 18  0.574629  0.798407
6 19  0.596651  0.773566
6 20  0.586793  0.731739
6 21  0.282023  0.415376
6 22  0.520451  0.643875
6 23  0.625478  1.015936
6 24  0.568317  0.705562
6 25  0.628865  0.863789
6 26  0.594729  0.820464
6 27  0.606331  1.025875
6 28  0.636723  0.964558
6 29  0.628306  0.927422
6 30  0.592899  0.756251
7 8  0.640033  0.975627
7 9  0.587660  0.803050
7 10  0.628709  0.864406
7 11  0.586633  0.763543
7 12  0.622045  1.032475
7 13  0.625458  0.925186
7 14  0.578846  0.720273
7 15  0.608027  1.051450
7 16  0.616741  0.969309
7 17  0.631634  0.975554
7 18  0.575942  0.802257
7 19  0.596265  0.777280
7 20  0.586437  0.735471
7 21  0.521364  0.642014
7 22  0.281011  0.427505
7 23  0.625232  1.019679
7 24  0.569090  0.710021
7 25  0.628468  0.867525
7 26  0.592457  0.824942
7 27  0.605891  1.029530
7 28  0.636088  0.968291
7 29  0.627881  0.931105
7 30  0.594222  0.759751
8 9  0.668281  1.112459
8 10  0.680839  1.093534
8 11  0.665191  1.052005
8 12  0.659930  1.317472
8 13  0.687726  1.168471
8 14  0.674517  1.027073
8 15  0.664372  1.322956
8 16  0.688720  1.256677
8 17  0.693018  1.266919
8 18  0.646317  1.094987
8 19  0.669041  1.069483
8 20  0.659670  1.028746
8 21  0.644134  0.976038
8 22  0.642437  0.981033
8 23  0.531990  1.221169
8 24  0.673596  1.033532
8 25  0.700435  1.160215
8 26  0.669129  1.117978
8 27  0.641387  1.252572
8 28  0.669492  1.249363
8 29  0.697274  1.217372
8 30  0.668215  1.054218
9 10  0.657188  0.998723
9 11  0.588976  0.890812
9 12  0.648992  1.141189
9 13  0.654043  1.063657
9 14  0.604406  0.856111
9 15  0.636668  1.181031
9 16  0.636510  1.105616
9 17  0.659943  1.110140
9 18  0.603299  0.934019
9 19  0.624714  0.915942
9 20  0.615063  0.874211
9 21  0.598137  0.819478
9 22  0.594857  0.825539
9 23  0.653605  1.156576
9 24  0.597336  0.853515
9 25  0.656941  1.005951
9 26  0.365646  0.777405
9 27  0.633858  1.166950
9 28  0.663225  1.106252
9 29  0.656122  1.069252
9 30  0.585753  0.862249
10 11  0.654236  0.951415
10 12  0.674514  1.196471
10 13  0.646857  1.076201
10 14  0.663302  0.918181
10 15  0.657267  1.234396
10 16  0.679619  1.150912
10 17  0.693212  1.156955
10 18  0.637908  0.984418
10 19  0.643486  0.953825
10 20  0.644834  0.915609
10 21  0.632932  0.864848
10 22  0.631134  0.869923
10 23  0.683885  1.195470
10 24  0.662356  0.922315
10 25  0.651973  1.037332
10 26  0.657701  1.008039
10 27  0.636229  1.155079
10 28  0.697052  1.149897
10 29  0.485487  0.982095
10 30  0.657460  0.943352
11 12  0.647653  1.126938
11 13  0.651003  1.007693
11 14  0.601994  0.811020
11 15  0.633552  1.135402
11 16  0.642969  1.056597
11 17  0.653507  1.064909
11 18  0.581970  0.885714
11 19  0.621942  0.867208
11 20  0.612030  0.825411
11 21  0.593465  0.771252
11 22  0.593321  0.775785
11 23  0.649800  1.108868
11 24  0.595795  0.802591
11 25  0.654091  0.957321
11 26  0.583702  0.876973
11 27  0.631468  1.118899
11 28  0.662081  1.057678
11 29  0.653613  1.020817
11 30  0.364131  0.648440
12 13  0.675582  1.275141
12 14  0.656557  1.092367
12 15  0.642046  1.321928
12 16  0.649936  1.309735
12 17  0.680154  1.301642
12 18  0.630578  1.154396
12 19  0.650244  1.133772
12 20  0.641300  1.090866
12 21  0.626417  1.039965
12 22  0.624415  1.044967
12 23  0.644378  1.327364
12 24  0.654968  1.097206
12 25  0.680670  1.218503
12 26  0.648581  1.182074
12 27  0.642928  1.381853
12 28  0.525295  1.233358
12 29  0.679033  1.285876
12 30  0.650835  1.118010
13 14  0.660076  0.981515
13 15  0.644493  1.223490
13 16  0.676270  1.210100
13 17  0.689028  1.217090
13 18  0.634136  1.045558
13 19  0.646118  1.005971
13 20  0.620344  0.965346
13 21  0.629692  0.926099
13 22  0.627924  0.931208
13 23  0.679484  1.260878
13 24  0.659062  0.983516
13 25  0.482201  0.979277
13 26  0.654586  1.068969
13 27  0.648907  1.256567
13 28  0.691392  1.205741
13 29  0.646355  1.125791
13 30  0.654067  1.004458
14 15  0.642687  1.113693
14 16  0.650303  1.026976
14 17  0.665479  1.033117
14 18  0.605541  0.857563
14 19  0.630965  0.834984
14 20  0.621146  0.793189
14 21  0.573453  0.708748
14 22  0.572178  0.714517
14 23  0.659391  1.077075
14 24  0.413867  0.631139
14 25  0.663235  0.925238
14 26  0.599336  0.860580
14 27  0.640298  1.087072
14 28  0.670819  1.026061
14 29  0.662576  0.988744
14 30  0.599061  0.790110
15 16  0.654875  1.328567
15 17  0.668595  1.342109
15 18  0.615933  1.174802
15 19  0.632636  1.143472
15 20  0.622211  1.100803
15 21  0.612307  1.056545
15 22  0.610539  1.061614
15 23  0.647380  1.387609
15 24  0.641351  1.113712
15 25  0.639047  1.183235
15 26  0.636667  1.198453
15 27  0.565910  1.385086
15 28  0.640418  1.273815
15 29  0.652889  1.286946
15 30  0.636553  1.134419
16 17  0.645632  1.234783
16 18  0.625085  1.087003
16 19  0.646704  1.044949
16 20  0.637016  1.013496
16 21  0.621831  0.968480
16 22  0.619666  0.968061
16 23  0.672023  1.302280
16 24  0.648968  1.011631
16 25  0.675864  1.124088
16 26  0.631141  1.050977
16 27  0.652638  1.285362
16 28  0.660216  1.150150
16 29  0.675913  1.176450
16 30  0.645817  1.047662
17 18  0.610161  1.015304
17 19  0.660851  1.066720
17 20  0.650715  1.015562
17 21  0.635891  0.971314
17 22  0.634098  0.979553
17 23  0.662358  1.199805
17 24  0.664936  1.026778
17 25  0.690371  1.132965
17 26  0.659897  1.117980
17 27  0.668535  1.303060
17 28  0.693026  1.235463
17 29  0.691006  1.218644
17 30  0.658421  1.031831
18 19  0.605930  0.897340
18 20  0.596017  0.851362
18 21  0.579349  0.795691
18 22  0.578156  0.805158
18 23  0.631178  1.091394
18 24  0.606012  0.853078
18 25  0.637787  0.979826
18 26  0.603295  0.944504
18 27  0.615433  1.134249
18 28  0.645283  1.084517
18 29  0.637414  1.050563
18 30  0.581419  0.836646
19 20  0.570193  0.794772
19 21  0.600655  0.777373
19 22  0.598861  0.781661
19 23  0.653314  1.112788
19 24  0.629980  0.832935
19 25  0.649774  0.943377
19 26  0.625408  0.914452
19 27  0.633015  1.105787
19 28  0.663103  1.036944
19 29  0.627217  0.957384
19 30  0.625211  0.856105
20 21  0.590788  0.735599
20 22  0.588996  0.740840
20 23  0.642162  1.058058
20 24  0.620117  0.791533
20 25  0.620721  0.871004
20 26  0.615569  0.877704
20 27  0.622476  1.079911
20 28  0.652476  1.002297
20 29  0.642251  0.976896
20 30  0.615345  0.812891
21 22  0.528364  0.648411
21 23  0.629493  1.014520
21 24  0.581108  0.721435
21 25  0.632899  0.867726
21 26  0.593549  0.817400
21 27  0.610279  1.025615
21 28  0.640776  0.968325
21 29  0.632322  0.930639
21 30  0.591742  0.745977
22 23  0.627673  1.021444
22 24  0.580384  0.725426
22 25  0.631099  0.872700
22 26  0.590395  0.812838
22 27  0.608454  1.029038
22 28  0.638912  0.970779
22 29  0.630518  0.933882
22 30  0.590804  0.756425
23 24  0.658838  1.075854
23 25  0.676984  1.176129
23 26  0.654034  1.159120
23 27  0.644525  1.285691
23 28  0.657171  1.287517
23 29  0.680509  1.261356
23 30  0.653835  1.082664
24 25  0.662147  0.920843
24 26  0.604823  0.858973
24 27  0.639514  1.086129
24 28  0.669678  1.016511
24 29  0.661570  0.985051
24 30  0.605014  0.800707
25 26  0.657378  1.004929
25 27  0.655079  1.210337
25 28  0.676822  1.088464
25 29  0.647443  1.081282
25 30  0.657392  0.943849
26 27  0.634501  1.154268
26 28  0.663257  1.084402
26 29  0.656790  1.059589
26 30  0.591093  0.883937
27 28  0.659021  1.288366
27 29  0.646211  1.203661
27 30  0.634845  1.103016
28 29  0.686789  1.163188
28 30  0.665186  1.046093
29 30  0.656827  1.009719
