  -1146.51884308
  -1146.89594503    -1146.78695529
0.00000613476077
2 2 2 2 2 2 2 2 2 2 2 2 2 2 2 0 0 0 0 0 0 0 0 0 0 0 0 0 0 0 
1  0.340987  0.658289
2  0.335022  0.598077
3  0.280522  0.439345
4  0.298321  0.376493
5  0.308056  0.414457
6  0.284141  0.349400
7  0.283902  0.353503
8  0.359519  0.635524
9  0.313758  0.497974
10  0.347513  0.522318
11  0.310276  0.449736
12  0.341237  0.692334
13  0.344060  0.579307
14  0.319055  0.408105
15  0.326554  0.700414
16  0.337186  0.638078
17  0.350845  0.637312
18  0.295062  0.472824
19  0.314020  0.434168
20  0.304154  0.392440
21  0.288134  0.353270
22  0.286382  0.359199
23  0.344221  0.672815
24  0.318003  0.407783
25  0.347460  0.525641
26  0.314201  0.503983
27  0.324474  0.675474
28  0.355962  0.628824
29  0.346640  0.583913
30  0.313521  0.437114
1 2  0.641323  1.229805
1 3  0.619966  1.095117
1 4  0.638485  1.023292
1 5  0.648474  1.069038
1 6  0.624846  1.004727
1 7  0.624225  1.002583
1 8  0.691278  1.269406
1 9  0.639485  1.089360
1 10  0.685312  1.155352
1 11  0.650458  1.106758
1 12  0.654020  1.231061
1 13  0.682988  1.231614
1 14  0.657539  1.051061
1 15  0.665202  1.334924
1 16  0.406792  1.157041
1 17  0.657239  1.234212
1 18  0.634093  1.117867
1 19  0.654215  1.091577
1 20  0.644981  1.050103
1 21  0.628904  1.010956
1 22  0.626158  1.016972
1 23  0.678744  1.303210
1 24  0.656349  1.065336
1 25  0.687725  1.182525
1 26  0.643209  1.159472
1 27  0.660855  1.326602
1 28  0.684818  1.284448
1 29  0.686052  1.239533
1 30  0.654018  1.092517
2 3  0.589636  0.973557
2 4  0.632664  0.965986
2 5  0.642249  0.996248
2 6  0.619079  0.943101
2 7  0.618844  0.950365
2 8  0.667036  1.133029
2 9  0.647698  1.094196
2 10  0.678708  1.090706
2 11  0.643052  1.022006
2 12  0.671706  1.285412
2 13  0.675872  1.141295
2 14  0.653425  0.997218
2 15  0.657057  1.272704
2 16  0.643919  1.202537
2 17  0.418416  1.093993
2 18  0.610290  1.063720
2 19  0.648976  1.031475
2 20  0.639002  0.990135
2 21  0.622639  0.950938
2 22  0.621190  0.956553
2 23  0.656493  1.254138
2 24  0.652408  1.005555
2 25  0.682132  1.122679
2 26  0.648792  1.097479
2 27  0.655411  1.259600
2 28  0.688844  1.221715
2 29  0.681254  1.179101
2 30  0.645512  1.033968
3 4  0.578783  0.814235
3 5  0.588461  0.846505
3 6  0.563700  0.780826
3 7  0.564009  0.789377
3 8  0.636589  1.044053
3 9  0.592868  0.933703
3 10  0.627553  0.954661
3 11  0.569695  0.841127
3 12  0.620976  1.124630
3 13  0.624015  1.000649
3 14  0.596314  0.840621
3 15  0.605927  1.115300
3 16  0.616854  1.068423
3 17  0.608070  1.070909
3 18  0.272084  0.673409
3 19  0.594483  0.873074
3 20  0.584401  0.831589
3 21  0.566672  0.791835
3 22  0.566545  0.797791
3 23  0.619653  1.110436
3 24  0.593590  0.844252
3 25  0.627649  0.964292
3 26  0.593460  0.935971
3 27  0.604150  1.112681
3 28  0.636355  1.065112
3 29  0.627135  1.021969
3 30  0.576145  0.869619
4 5  0.562275  0.756537
4 6  0.582461  0.725863
4 7  0.582221  0.729705
4 8  0.654226  0.994734
4 9  0.612014  0.871644
4 10  0.619963  0.854604
4 11  0.608580  0.825363
4 12  0.636908  1.056627
4 13  0.636790  0.948985
4 14  0.617358  0.782666
4 15  0.621824  1.074380
4 16  0.635307  1.014156
4 17  0.649060  1.013314
4 18  0.593245  0.849022
4 19  0.309178  0.552001
4 20  0.563321  0.741632
4 21  0.586403  0.729708
4 22  0.584629  0.735631
4 23  0.641927  1.047578
4 24  0.616315  0.784226
4 25  0.642588  0.900464
4 26  0.612386  0.880276
4 27  0.617214  1.044665
4 28  0.654025  1.004961
4 29  0.620348  0.947384
4 30  0.611800  0.813470
5 6  0.592196  0.763027
5 7  0.591958  0.767750
5 8  0.664551  1.026448
5 9  0.621781  0.912021
5 10  0.646707  0.918758
5 11  0.618317  0.860376
5 12  0.647831  1.104898
5 13  0.622976  0.932447
5 14  0.627102  0.820993
5 15  0.632379  1.098643
5 16  0.645167  1.051735
5 17  0.658133  1.051124
5 18  0.602549  0.886982
5 19  0.574753  0.811604
5 20  0.309226  0.548466
5 21  0.596121  0.767650
5 22  0.594383  0.773576
5 23  0.650591  1.086478
5 24  0.626049  0.822166
5 25  0.641315  0.934745
5 26  0.622244  0.918093
5 27  0.627269  1.083478
5 28  0.663257  1.042066
5 29  0.646527  0.986336
5 30  0.621449  0.851372
6 7  0.523923  0.663654
6 8  0.643639  0.982373
6 9  0.592418  0.836653
6 10  0.631650  0.871487
6 11  0.586918  0.781933
6 12  0.625316  1.037047
6 13  0.628200  0.926273
6 14  0.580507  0.739626
6 15  0.610679  1.043436
6 16  0.621123  0.986681
6 17  0.634580  0.986391
6 18  0.577210  0.821477
6 19  0.598100  0.783499
6 20  0.588231  0.741777
6 21  0.283036  0.441851
6 22  0.521548  0.670224
6 23  0.628257  1.021873
6 24  0.569918  0.726808
6 25  0.631495  0.874830
6 26  0.596991  0.851273
6 27  0.608611  1.024532
6 28  0.639949  0.977767
6 29  0.630706  0.933152
6 30  0.594741  0.785313
7 8  0.643397  0.988420
7 9  0.590000  0.830989
7 10  0.631408  0.875463
7 11  0.588578  0.793167
7 12  0.625041  1.037312
7 13  0.627959  0.931852
7 14  0.580556  0.742210
7 15  0.610447  1.047919
7 16  0.619907  0.990924
7 17  0.634653  0.990333
7 18  0.578680  0.825620
7 19  0.597790  0.787590
7 20  0.587976  0.745880
7 21  0.522510  0.667917
7 22  0.282038  0.455236
7 23  0.628119  1.025988
7 24  0.570782  0.731582
7 25  0.631194  0.878939
7 26  0.594823  0.856329
7 27  0.608256  1.028553
7 28  0.639407  0.981888
7 29  0.630350  0.937210
7 30  0.596170  0.789075
8 9  0.672786  1.130899
8 10  0.685344  1.092949
8 11  0.669283  1.069693
8 12  0.664932  1.312041
8 13  0.692187  1.163365
8 14  0.678371  1.036232
8 15  0.668908  1.308608
8 16  0.694059  1.266738
8 17  0.697914  1.270156
8 18  0.651198  1.106610
8 19  0.672766  1.068214
8 20  0.663381  1.027564
8 21  0.647427  0.988380
8 22  0.645761  0.994162
8 23  0.536423  1.215623
8 24  0.677415  1.043007
8 25  0.705315  1.160173
8 26  0.673649  1.137220
8 27  0.645834  1.242955
8 28  0.674887  1.251320
8 29  0.701859  1.212515
8 30  0.672281  1.071558
9 10  0.661018  1.015264
9 11  0.592020  0.926653
9 12  0.653083  1.150986
9 13  0.657676  1.075918
9 14  0.607099  0.883190
9 15  0.640238  1.183312
9 16  0.640777  1.132682
9 17  0.664105  1.130562
9 18  0.607169  0.962996
9 19  0.627368  0.931824
9 20  0.617764  0.890161
9 21  0.600420  0.849175
9 22  0.597191  0.856221
9 23  0.657645  1.168419
9 24  0.600058  0.880567
9 25  0.660843  1.022860
9 26  0.368883  0.818076
9 27  0.637364  1.171523
9 28  0.667700  1.125279
9 29  0.659732  1.080937
9 30  0.588759  0.897682
10 11  0.657678  0.968264
10 12  0.678872  1.189805
10 13  0.650521  1.067949
10 14  0.666480  0.925607
10 15  0.661191  1.218572
10 16  0.684291  1.159122
10 17  0.697712  1.158428
10 18  0.642127  0.994194
10 19  0.646482  0.950422
10 20  0.647887  0.912791
10 21  0.635538  0.875394
10 22  0.633770  0.881286
10 23  0.688177  1.188759
10 24  0.665514  0.929937
10 25  0.656019  1.035256
10 26  0.661541  1.025610
10 27  0.640127  1.142006
10 28  0.701851  1.150220
10 29  0.489208  0.973443
10 30  0.660889  0.958934
11 12  0.651417  1.138466
11 13  0.654264  1.019704
11 14  0.604411  0.839096
11 15  0.636743  1.137471
11 16  0.646946  1.084175
11 17  0.657234  1.085799
11 18  0.585373  0.915524
11 19  0.624271  0.883672
11 20  0.614341  0.842013
11 21  0.595371  0.801762
11 22  0.595263  0.807003
11 23  0.653392  1.121279
11 24  0.598198  0.830566
11 25  0.657610  0.974893
11 26  0.586782  0.915075
11 27  0.634614  1.124085
11 28  0.666191  1.077324
11 29  0.656894  1.033035
11 30  0.366637  0.687791
12 13  0.679744  1.264029
12 14  0.660039  1.094892
12 15  0.646085  1.306126
12 16  0.654764  1.312878
12 17  0.684978  1.299165
12 18  0.635111  1.159188
12 19  0.653541  1.125486
12 20  0.644654  1.082756
12 21  0.629352  1.045319
12 22  0.627350  1.051154
12 23  0.649072  1.316300
12 24  0.658398  1.099633
12 25  0.685129  1.211748
12 26  0.652701  1.194400
12 27  0.647012  1.362677
12 28  0.529735  1.227472
12 29  0.683302  1.273709
12 30  0.654589  1.128413
13 14  0.663059  0.984751
13 15  0.648106  1.206628
13 16  0.680762  1.214058
13 17  0.693302  1.214355
13 18  0.638089  1.051159
13 19  0.648990  0.999167
13 20  0.623209  0.957757
13 21  0.632096  0.932360
13 22  0.630384  0.938288
13 23  0.683622  1.249775
13 24  0.662013  0.986841
13 25  0.486008  0.972292
13 26  0.658250  1.082188
13 27  0.652531  1.238471
13 28  0.695925  1.202036
13 29  0.650070  1.115993
13 30  0.657320  1.015809
14 15  0.645597  1.107851
14 16  0.654004  1.045567
14 17  0.668978  1.044847
14 18  0.608737  0.877953
14 19  0.633007  0.842177
14 20  0.623206  0.800490
14 21  0.575128  0.730099
14 22  0.573876  0.736686
14 23  0.662740  1.080293
14 24  0.415936  0.653501
14 25  0.666492  0.933589
14 26  0.602120  0.889074
14 27  0.643132  1.083043
14 28  0.674659  1.036652
14 29  0.665568  0.991753
14 30  0.601483  0.816888
15 16  0.659206  1.323689
15 17  0.672806  1.330120
15 18  0.619855  1.170954
15 19  0.635396  1.127051
15 20  0.624943  1.084289
15 21  0.614654  1.053283
15 22  0.612931  1.059177
15 23  0.651433  1.367161
15 24  0.644186  1.107564
15 25  0.642924  1.169062
15 26  0.640232  1.202282
15 27  0.569321  1.355982
15 28  0.644860  1.263486
15 29  0.656576  1.266500
15 30  0.639728  1.136218
16 17  0.650574  1.246617
16 18  0.629794  1.107501
16 19  0.650258  1.051995
16 20  0.640522  1.020487
16 21  0.624972  0.989263
16 22  0.622852  0.988936
16 23  0.676871  1.305792
16 24  0.652604  1.028790
16 25  0.680485  1.131790
16 26  0.635158  1.074636
16 27  0.656947  1.280974
16 28  0.664869  1.158787
16 29  0.680318  1.179208
16 30  0.649750  1.073803
17 18  0.614136  1.026600
17 19  0.664208  1.067202
17 20  0.654038  1.016463
17 21  0.638858  0.984908
17 22  0.637090  0.994393
17 23  0.666528  1.197620
17 24  0.668418  1.037523
17 25  0.694859  1.135051
17 26  0.664057  1.139257
17 27  0.672680  1.293856
17 28  0.698078  1.239515
17 29  0.695258  1.214840
17 30  0.662177  1.049391
18 19  0.609023  0.906384
18 20  0.599088  0.860508
18 21  0.582015  0.817364
18 22  0.580874  0.828252
18 23  0.635469  1.095916
18 24  0.609176  0.872380
18 25  0.642056  0.990006
18 26  0.607170  0.974153
18 27  0.619326  1.132269
18 28  0.650137  1.096984
18 29  0.641440  1.055451
18 30  0.584690  0.860828
19 20  0.571924  0.789905
19 21  0.602152  0.787147
19 22  0.600399  0.792086
19 23  0.656553  1.104937
19 24  0.632002  0.839490
19 25  0.652796  0.940302
19 26  0.628130  0.930765
19 27  0.635766  1.091215
19 28  0.666796  1.036734
19 29  0.629979  0.950147
19 30  0.627517  0.871020
20 21  0.592288  0.745492
20 22  0.590535  0.751576
20 23  0.645334  1.051095
20 24  0.622139  0.798161
20 25  0.623696  0.868952
20 26  0.618294  0.894456
20 27  0.625219  1.065196
20 28  0.656145  1.001663
20 29  0.645066  0.968120
20 30  0.617652  0.827804
21 22  0.529428  0.672963
21 23  0.632313  1.019418
21 24  0.582737  0.742547
21 25  0.635591  0.878652
21 26  0.595787  0.846967
21 27  0.612590  1.023435
21 28  0.644049  0.981391
21 29  0.634770  0.936144
21 30  0.593613  0.772848
22 23  0.630520  1.027433
22 24  0.582036  0.747283
22 25  0.633828  0.884416
22 26  0.592736  0.842029
22 27  0.610798  1.027386
22 28  0.642221  0.984292
22 29  0.633006  0.939873
22 30  0.592701  0.784848
23 24  0.662182  1.078546
23 25  0.681303  1.170414
23 26  0.658081  1.171463
23 27  0.648471  1.270857
23 28  0.662083  1.283344
23 29  0.684575  1.249889
23 30  0.657457  1.091995
24 25  0.665349  0.928212
24 26  0.607530  0.886517
24 27  0.642339  1.081666
24 28  0.673464  1.025982
24 29  0.664532  0.987266
24 30  0.607388  0.827014
25 26  0.661251  1.022344
25 27  0.659022  1.196675
25 28  0.681251  1.088560
25 29  0.651185  1.072787
25 30  0.660884  0.959774
26 27  0.638016  1.158432
26 28  0.667697  1.103041
26 29  0.660445  1.071277
26 30  0.594115  0.919329
27 28  0.663458  1.276716
27 29  0.649823  1.187963
27 30  0.637967  1.105959
28 29  0.691274  1.158697
28 30  0.669256  1.064342
29 30  0.660069  1.020375
