   -993.87986081
   -994.18652275     -994.04426249
0.00015444242382
2 2 2 2 2 2 2 2 2 2 2 2 2 0 0 0 0 0 0 0 0 0 0 0 0 0 
1  0.259426  0.529285
2  0.261523  0.499859
3  0.262435  0.389659
4  0.275065  0.464456
5  0.271340  0.446891
6  0.274834  0.438658
7  0.272768  0.439222
8  0.285279  0.664136
9  0.282539  0.586719
10  0.289196  0.672968
11  0.262365  0.399841
12  0.292275  0.581096
13  0.293236  0.598740
14  0.264543  0.512266
15  0.267707  0.521194
16  0.276676  0.440631
17  0.274659  0.468923
18  0.277491  0.430255
19  0.275009  0.442874
20  0.285816  0.664061
21  0.293698  0.579934
22  0.283987  0.593940
23  0.265575  0.401694
24  0.290607  0.686766
25  0.293885  0.599050
26  0.264521  0.380483
1 2  0.520873  1.024689
1 3  0.521517  0.914136
1 4  0.528354  0.952782
1 5  0.526391  0.960271
1 6  0.534239  0.966589
1 7  0.532178  0.964198
1 8  0.517762  1.156330
1 9  0.540461  1.071800
1 10  0.547854  1.185302
1 11  0.521684  0.926031
1 12  0.551640  1.093101
1 13  0.531545  1.095065
1 14  0.250257  0.863185
1 15  0.527064  1.048273
1 16  0.532986  0.968613
1 17  0.533044  0.990191
1 18  0.536912  0.958618
1 19  0.534416  0.970863
1 20  0.511949  1.147020
1 21  0.553040  1.105930
1 22  0.541515  1.119855
1 23  0.524604  0.929698
1 24  0.549824  1.209616
1 25  0.524973  1.084143
1 26  0.522614  0.908954
2 3  0.523871  0.876373
2 4  0.536574  0.960529
2 5  0.532817  0.940467
2 6  0.530400  0.904888
2 7  0.530139  0.926426
2 8  0.544879  1.125756
2 9  0.543349  1.075344
2 10  0.522491  1.138548
2 11  0.523758  0.896135
2 12  0.533538  1.053096
2 13  0.554593  1.093446
2 14  0.526009  1.010458
2 15  0.252800  0.836021
2 16  0.538151  0.939526
2 17  0.535899  0.967360
2 18  0.535570  0.929037
2 19  0.535462  0.936075
2 20  0.545145  1.159916
2 21  0.528658  1.039717
2 22  0.545334  1.088675
2 23  0.526969  0.900405
2 24  0.516815  1.141656
2 25  0.554845  1.096276
2 26  0.525850  0.879542
3 4  0.537447  0.850078
3 5  0.533730  0.830800
3 6  0.537252  0.822713
3 7  0.535159  0.826349
3 8  0.545214  1.021454
3 9  0.513020  0.958265
3 10  0.549795  1.047464
3 11  0.481247  0.763200
3 12  0.554646  0.968076
3 13  0.555612  0.986484
3 14  0.525828  0.901133
3 15  0.529915  0.909994
3 16  0.538983  0.829937
3 17  0.537093  0.858135
3 18  0.539918  0.819500
3 19  0.537418  0.832163
3 20  0.546869  1.052278
3 21  0.555956  0.968794
3 22  0.505602  0.940611
3 23  0.478662  0.748500
3 24  0.552788  1.073976
3 25  0.556028  0.987835
3 26  0.258909  0.562261
4 5  0.500674  0.877804
4 6  0.549898  0.902184
4 7  0.547833  0.902571
4 8  0.557548  1.107708
4 9  0.557481  1.033504
4 10  0.564222  1.133305
4 11  0.537400  0.863626
4 12  0.567335  1.038079
4 13  0.540026  1.035492
4 14  0.535686  0.975274
4 15  0.542733  0.984456
4 16  0.269487  0.699985
4 17  0.497259  0.871807
4 18  0.552538  0.894233
4 19  0.550059  0.906726
4 20  0.560052  1.124875
4 21  0.568763  1.042663
4 22  0.558523  1.056519
4 23  0.540637  0.865673
4 24  0.565436  1.148277
4 25  0.532290  1.012362
4 26  0.539429  0.844537
5 6  0.546171  0.883325
5 7  0.544105  0.885405
5 8  0.551942  1.070130
5 9  0.553826  1.030103
5 10  0.560307  1.114019
5 11  0.533672  0.843777
5 12  0.563605  1.024317
5 13  0.537256  1.024506
5 14  0.534695  0.953410
5 15  0.538759  0.966818
5 16  0.497819  0.838715
5 17  0.269320  0.717974
5 18  0.548771  0.876684
5 19  0.546333  0.889248
5 20  0.555598  1.109002
5 21  0.565006  1.025440
5 22  0.554983  1.039108
5 23  0.536846  0.848156
5 24  0.561116  1.131328
5 25  0.527544  0.988739
5 26  0.535843  0.827025
6 7  0.501415  0.845761
6 8  0.559953  1.088010
6 9  0.557339  1.023131
6 10  0.561207  1.092862
6 11  0.537160  0.835580
6 12  0.538368  0.996074
6 13  0.568053  1.033782
6 14  0.539371  0.949997
6 15  0.538674  0.958516
6 16  0.551480  0.878869
6 17  0.549415  0.906968
6 18  0.270600  0.658934
6 19  0.498137  0.823805
6 20  0.559996  1.100651
6 21  0.530505  0.967795
6 22  0.558563  1.030840
6 23  0.540377  0.840019
6 24  0.564631  1.122456
6 25  0.568629  1.036268
6 26  0.539349  0.818710
7 8  0.557968  1.099760
7 9  0.555108  1.019478
7 10  0.557339  1.072516
7 11  0.535034  0.832371
7 12  0.536650  0.995258
7 13  0.565986  1.031521
7 14  0.537261  0.950435
7 15  0.539361  0.954462
7 16  0.549415  0.879409
7 17  0.547388  0.907567
7 18  0.498129  0.815693
7 19  0.270624  0.679011
7 20  0.558217  1.101263
7 21  0.529309  0.966867
7 22  0.555902  1.031768
7 23  0.538081  0.840507
7 24  0.561722  1.124083
7 25  0.566640  1.036813
7 26  0.537268  0.819341
8 9  0.560717  1.225927
8 10  0.565326  1.307633
8 11  0.546285  1.051842
8 12  0.577145  1.224491
8 13  0.563797  1.243650
8 14  0.515383  1.127541
8 15  0.550226  1.181335
8 16  0.561196  1.102381
8 17  0.557739  1.130847
8 18  0.562124  1.092492
8 19  0.560064  1.104867
8 20  0.334347  1.229742
8 21  0.578765  1.239730
8 22  0.556261  1.223129
8 23  0.550594  1.061992
8 24  0.561581  1.314579
8 25  0.556825  1.223616
8 26  0.548110  1.043282
9 10  0.563173  1.227245
9 11  0.512310  0.960942
9 12  0.573879  1.128553
9 13  0.575349  1.161957
9 14  0.544810  1.096174
9 15  0.550007  1.102405
9 16  0.558583  1.025855
9 17  0.556929  1.053672
9 18  0.559657  1.015540
9 19  0.556700  1.028290
9 20  0.555311  1.219002
9 21  0.575381  1.162994
9 22  0.341760  1.075395
9 23  0.505098  0.947494
9 24  0.559174  1.237144
9 25  0.576312  1.182705
9 26  0.506033  0.928053
10 11  0.548378  1.034134
10 12  0.568025  1.232966
10 13  0.581186  1.228316
10 14  0.553438  1.180047
10 15  0.522657  1.150085
10 16  0.565465  1.111297
10 17  0.562829  1.139445
10 18  0.565936  1.100572
10 19  0.562350  1.114025
10 20  0.560130  1.301042
10 21  0.561114  1.212954
10 22  0.559233  1.232799
10 23  0.552952  1.073319
10 24  0.339602  1.261060
10 25  0.581974  1.265554
10 26  0.553446  1.050971
11 12  0.554408  0.976700
11 13  0.555517  0.985352
11 14  0.526733  0.910970
11 15  0.529957  0.919720
11 16  0.539036  0.840093
11 17  0.536957  0.868237
11 18  0.539816  0.829782
11 19  0.537062  0.842262
11 20  0.547935  1.060224
11 21  0.555283  0.978915
11 22  0.504444  0.954003
11 23  0.262751  0.602297
11 24  0.551012  1.085048
11 25  0.555905  0.997816
11 26  0.477878  0.736767
12 13  0.585496  1.173601
12 14  0.556679  1.090303
12 15  0.532690  1.058211
12 16  0.568946  1.020409
12 17  0.566920  1.048468
12 18  0.530669  0.959101
12 19  0.529826  0.974221
12 20  0.577990  1.240898
12 21  0.358499  1.048711
12 22  0.575312  1.171384
12 23  0.557253  0.981968
12 24  0.561302  1.228915
12 25  0.586041  1.176631
12 26  0.556674  0.960868
13 14  0.530190  1.068469
13 15  0.560278  1.117278
13 16  0.531064  0.982270
13 17  0.531813  1.017717
13 18  0.570625  1.027769
13 19  0.568241  1.040146
13 20  0.556103  1.220405
13 21  0.586750  1.175338
13 22  0.577146  1.189597
13 23  0.558422  0.999385
13 24  0.582697  1.279069
13 25  0.361319  1.093256
13 26  0.557489  0.978388
14 15  0.532134  1.029015
14 16  0.534448  0.918205
14 17  0.533903  0.970152
14 18  0.542013  0.941283
14 19  0.539542  0.951371
14 20  0.522510  1.140573
14 21  0.558190  1.077114
14 22  0.546895  1.065498
14 23  0.529939  0.911271
14 24  0.554101  1.185200
14 25  0.535815  1.081274
14 26  0.528636  0.887203
15 16  0.544348  0.957720
15 17  0.542296  0.981112
15 18  0.538608  0.916676
15 19  0.537151  0.952121
15 20  0.551024  1.139752
15 21  0.539634  1.071403
15 22  0.550449  1.105118
15 23  0.533134  0.919069
15 24  0.529122  1.167008
15 25  0.561373  1.112228
15 26  0.532137  0.889434
16 17  0.505092  0.878460
16 18  0.554165  0.869836
16 19  0.551683  0.882740
16 20  0.558572  1.082184
16 21  0.570363  1.014478
16 22  0.560566  1.021776
16 23  0.542215  0.841827
16 24  0.567193  1.124984
16 25  0.542932  1.019821
16 26  0.541165  0.817061
17 18  0.552146  0.896379
17 19  0.549665  0.910839
17 20  0.555385  1.086616
17 21  0.568340  1.045160
17 22  0.558578  1.060823
17 23  0.540206  0.866068
17 24  0.564951  1.144002
17 25  0.540288  1.032341
17 26  0.539149  0.844325
18 19  0.505751  0.843299
18 20  0.563142  1.080190
18 21  0.542490  0.985936
18 22  0.561394  1.022370
18 23  0.543016  0.829648
18 24  0.564568  1.098801
18 25  0.571361  1.025822
18 26  0.541992  0.806621
19 20  0.560755  1.104277
19 21  0.540156  0.993191
19 22  0.558684  1.027401
19 23  0.540479  0.838402
19 24  0.560527  1.089236
19 25  0.568883  1.036565
19 26  0.539485  0.822013
20 21  0.578830  1.220291
20 22  0.562699  1.236040
20 23  0.549229  1.053278
20 24  0.567403  1.317282
20 25  0.565965  1.238420
20 26  0.547368  1.014116
21 22  0.576305  1.131655
21 23  0.559031  0.977350
21 24  0.571299  1.246096
21 25  0.587563  1.174393
21 26  0.558138  0.957539
22 23  0.516989  0.966255
22 24  0.565077  1.240770
22 25  0.577251  1.170187
22 26  0.516702  0.955777
23 24  0.552793  1.049080
23 25  0.559376  0.986970
23 26  0.485798  0.757083
24 25  0.583124  1.239524
24 26  0.552845  1.054922
25 26  0.558324  0.978008
