   -993.87986081
   -994.18870348     -994.04997707
0.00006650644745
2 2 2 2 2 2 2 2 2 2 2 2 2 0 0 0 0 0 0 0 0 0 0 0 0 0 
1  0.262975  0.535900
2  0.265940  0.496855
3  0.270539  0.419193
4  0.276833  0.455484
5  0.273457  0.437906
6  0.276597  0.423170
7  0.274502  0.426454
8  0.293644  0.687471
9  0.291434  0.618351
10  0.298057  0.693687
11  0.270243  0.429307
12  0.295689  0.566013
13  0.297013  0.585906
14  0.268264  0.520622
15  0.272294  0.518481
16  0.278672  0.432498
17  0.276838  0.458154
18  0.279364  0.415879
19  0.276739  0.430187
20  0.293985  0.686943
21  0.297174  0.563916
22  0.293099  0.626377
23  0.273403  0.429327
24  0.299012  0.707054
25  0.297533  0.586043
26  0.272615  0.410640
1 2  0.528812  1.027985
1 3  0.533156  0.949556
1 4  0.533556  0.951439
1 5  0.531894  0.957892
1 6  0.539540  0.957889
1 7  0.537452  0.957391
1 8  0.529684  1.183763
1 9  0.552680  1.105087
1 10  0.560055  1.210784
1 11  0.533090  0.961899
1 12  0.558599  1.081568
1 13  0.538732  1.089863
1 14  0.256903  0.878033
1 15  0.535172  1.051939
1 16  0.538446  0.967240
1 17  0.538727  0.986894
1 18  0.542335  0.951042
1 19  0.539662  0.965000
1 20  0.523668  1.179561
1 21  0.559931  1.096863
1 22  0.554041  1.158680
1 23  0.535976  0.963688
1 24  0.561751  1.235520
1 25  0.532140  1.081418
1 26  0.534213  0.945649
2 3  0.536368  0.901073
2 4  0.542747  0.948238
2 5  0.539326  0.927194
2 6  0.536404  0.889216
2 7  0.536093  0.911401
2 8  0.557285  1.140897
2 9  0.556573  1.103343
2 10  0.535425  1.154983
2 11  0.536041  0.922076
2 12  0.541204  1.036896
2 13  0.562750  1.077181
2 14  0.534130  1.015791
2 15  0.260430  0.826236
2 16  0.544522  0.928583
2 17  0.542377  0.953845
2 18  0.541712  0.911747
2 19  0.541575  0.921154
2 20  0.557572  1.180048
2 21  0.536589  1.023968
2 22  0.558824  1.118243
2 23  0.539212  0.925035
2 24  0.529635  1.163120
2 25  0.562764  1.080859
2 26  0.538295  0.906625
3 4  0.547308  0.870027
3 5  0.543931  0.850379
3 6  0.547114  0.836028
3 7  0.544979  0.842973
3 8  0.561401  1.069705
3 9  0.529066  1.018159
3 10  0.566474  1.095583
3 11  0.495233  0.820062
3 12  0.566150  0.982146
3 13  0.567484  1.002855
3 14  0.537646  0.938942
3 15  0.542512  0.936733
3 16  0.549053  0.851318
3 17  0.547375  0.876842
3 18  0.549897  0.834608
3 19  0.547244  0.848965
3 20  0.563069  1.104477
3 21  0.567480  0.982257
3 22  0.521578  1.000371
3 23  0.492820  0.803383
3 24  0.569191  1.123421
3 25  0.567754  1.004320
3 26  0.271333  0.623655
4 5  0.504507  0.859615
4 6  0.553429  0.877784
4 7  0.551334  0.880763
4 8  0.567494  1.120926
4 9  0.568141  1.054657
4 10  0.574827  1.145213
4 11  0.547019  0.884057
4 12  0.572514  1.012800
4 13  0.545740  1.014971
4 14  0.541079  0.974793
4 15  0.549081  0.973005
4 16  0.272820  0.678693
4 17  0.501333  0.857213
4 18  0.556173  0.871021
4 19  0.553559  0.885195
4 20  0.569946  1.139224
4 21  0.574006  1.017966
4 22  0.569286  1.080013
4 23  0.550230  0.884277
4 24  0.575604  1.159296
4 25  0.537790  0.994395
4 26  0.549270  0.865680
5 6  0.550050  0.858451
5 7  0.547954  0.863732
5 8  0.562193  1.083854
5 9  0.564834  1.052522
5 10  0.571221  1.125307
5 11  0.543645  0.863659
5 12  0.569129  0.999958
5 13  0.543046  1.003332
5 14  0.540474  0.953525
5 15  0.545351  0.955362
5 16  0.502055  0.825304
5 17  0.273137  0.693591
5 18  0.552731  0.853451
5 19  0.550172  0.867702
5 20  0.565851  1.123175
5 21  0.570597  1.000743
5 22  0.566167  1.062397
5 23  0.546771  0.866777
5 24  0.571477  1.142614
5 25  0.533321  0.971547
5 26  0.546050  0.848140
6 7  0.504830  0.817617
6 8  0.570054  1.094755
6 9  0.567989  1.039543
6 10  0.571661  1.097946
6 11  0.546790  0.849058
6 12  0.543672  0.967121
6 13  0.573589  1.005084
6 14  0.544852  0.943055
6 15  0.544947  0.940473
6 16  0.555218  0.855373
6 17  0.553324  0.880884
6 18  0.273792  0.622959
6 19  0.501724  0.800053
6 20  0.569793  1.108314
6 21  0.535843  0.940593
6 22  0.569438  1.047764
6 23  0.549967  0.852158
6 24  0.574758  1.127841
6 25  0.574017  1.008155
6 26  0.549209  0.833326
7 8  0.568054  1.110536
7 9  0.565708  1.037687
7 10  0.567736  1.080902
7 11  0.544615  0.848438
7 12  0.541774  0.967336
7 13  0.571492  1.004707
7 14  0.542675  0.946185
7 15  0.545624  0.939722
7 16  0.553138  0.858609
7 17  0.551286  0.884188
7 18  0.501846  0.792343
7 19  0.273707  0.647746
7 20  0.568064  1.111288
7 21  0.534574  0.943037
7 22  0.566668  1.051483
7 23  0.547630  0.855336
7 24  0.571871  1.131968
7 25  0.572018  1.011371
7 26  0.547095  0.836685
8 9  0.577341  1.277667
8 10  0.581158  1.346645
8 11  0.562331  1.102446
8 12  0.588828  1.231279
8 13  0.575613  1.254271
8 14  0.527562  1.162429
8 15  0.562889  1.202180
8 16  0.571491  1.117929
8 17  0.568284  1.143674
8 18  0.572214  1.101660
8 19  0.570103  1.115427
8 20  0.349481  1.281146
8 21  0.590565  1.247509
8 22  0.573208  1.276320
8 23  0.566686  1.112714
8 24  0.577323  1.352701
8 25  0.568628  1.235815
8 26  0.564502  1.096597
9 10  0.580334  1.276264
9 11  0.528258  1.020470
9 12  0.586017  1.142188
9 13  0.587883  1.179361
9 14  0.557398  1.136000
9 15  0.563457  1.131181
9 16  0.569432  1.049325
9 17  0.567975  1.074337
9 18  0.570435  1.032738
9 19  0.567218  1.047263
9 20  0.571940  1.271603
9 21  0.587712  1.178802
9 22  0.356404  1.143025
9 23  0.521041  1.005913
9 24  0.576087  1.287680
9 25  0.588838  1.201438
9 26  0.521774  0.988514
10 11  0.564883  1.080312
10 12  0.580033  1.238429
10 13  0.593614  1.230872
10 14  0.565976  1.208101
10 15  0.535885  1.172773
10 16  0.576295  1.123575
10 17  0.573730  1.149502
10 18  0.576615  1.107405
10 19  0.572939  1.122364
10 20  0.576171  1.338600
10 21  0.573193  1.219850
10 22  0.576883  1.285053
10 23  0.569522  1.121444
10 24  0.355040  1.306228
10 25  0.594503  1.273834
10 26  0.570288  1.101367
11 12  0.565681  0.990973
11 13  0.567158  1.000127
11 14  0.538322  0.948427
11 15  0.542406  0.946585
11 16  0.548911  0.861379
11 17  0.547000  0.886898
11 18  0.549566  0.844860
11 19  0.546612  0.858997
11 20  0.563902  1.112159
11 21  0.566628  0.992349
11 22  0.520622  1.015339
11 23  0.273701  0.657642
11 24  0.567244  1.134592
11 25  0.567419  1.014209
11 26  0.491900  0.792270
12 13  0.592680  1.145902
12 14  0.563756  1.083795
12 15  0.540663  1.044015
12 16  0.574356  0.997428
12 17  0.572514  1.023008
12 18  0.535983  0.934181
12 19  0.534979  0.951180
12 20  0.589541  1.249181
12 21  0.364725  1.012162
12 22  0.587821  1.188922
12 23  0.568462  0.994493
12 24  0.573022  1.236230
12 25  0.593084  1.149401
12 26  0.568173  0.975880
13 14  0.537667  1.067642
13 15  0.568461  1.102285
13 16  0.536888  0.965830
13 17  0.537750  0.998081
13 18  0.576263  1.000900
13 19  0.573748  1.014963
13 20  0.567797  1.232625
13 21  0.593960  1.147317
13 22  0.590007  1.209310
13 23  0.569952  1.014139
13 24  0.594785  1.287025
13 25  0.368149  1.063874
13 26  0.569337  0.995647
14 15  0.540394  1.034458
14 16  0.540065  0.919324
14 17  0.539628  0.967687
14 18  0.547601  0.935339
14 19  0.544992  0.946298
14 20  0.534303  1.168344
14 21  0.565377  1.066641
14 22  0.559453  1.100613
14 23  0.541456  0.947022
14 24  0.565959  1.211836
14 25  0.543040  1.077686
14 26  0.540411  0.924680
15 16  0.550905  0.946529
15 17  0.549022  0.966098
15 18  0.544946  0.902341
15 19  0.543311  0.937210
15 20  0.563394  1.154868
15 21  0.547562  1.055158
15 22  0.564015  1.134838
15 23  0.545531  0.943036
15 24  0.541843  1.181938
15 25  0.569553  1.095626
15 26  0.544816  0.915166
16 17  0.509209  0.859417
16 18  0.558033  0.847272
16 19  0.555409  0.861887
16 20  0.568455  1.095614
16 21  0.575830  0.989340
16 22  0.571675  1.044779
16 23  0.552035  0.861300
16 24  0.577551  1.137307
16 25  0.548771  0.999387
16 26  0.551252  0.838487
17 18  0.556198  0.870742
17 19  0.553574  0.887427
17 20  0.565525  1.098726
17 21  0.573983  1.018444
17 22  0.569865  1.082510
17 23  0.550200  0.882342
17 24  0.575449  1.152602
17 25  0.546000  1.010140
17 26  0.549407  0.862917
18 19  0.509284  0.816273
18 20  0.573194  1.087704
18 21  0.547935  0.956872
18 22  0.572362  1.040689
18 23  0.552696  0.842293
18 24  0.574644  1.104378
18 25  0.576886  0.998160
18 26  0.551953  0.821744
19 20  0.570650  1.114757
19 21  0.545318  0.964710
19 22  0.569492  1.046311
19 23  0.550004  0.852399
19 24  0.570537  1.097225
19 25  0.574262  1.009813
19 26  0.549288  0.839358
20 21  0.590205  1.225755
20 22  0.579363  1.288099
20 23  0.564992  1.101923
20 24  0.582612  1.355754
20 25  0.577466  1.248973
20 26  0.563409  1.062807
21 22  0.588751  1.146368
21 23  0.570324  0.988783
21 24  0.583106  1.250638
21 25  0.594666  1.145742
21 26  0.569689  0.971298
22 23  0.533202  1.024499
22 24  0.582099  1.290185
22 25  0.589840  1.187574
22 26  0.532782  1.016372
23 24  0.568719  1.091654
23 25  0.570815  0.999934
23 26  0.499887  0.813402
24 25  0.594921  1.241247
24 26  0.569005  1.103366
25 26  0.570054  0.994982
