   -993.87986081
   -994.18989248     -994.05311830
0.00000709225308
2 2 2 2 2 2 2 2 2 2 2 2 2 0 0 0 0 0 0 0 0 0 0 0 0 0 
1  0.265384  0.543084
2  0.268923  0.500381
3  0.275214  0.428307
4  0.277814  0.455673
5  0.274548  0.437746
6  0.277646  0.419592
7  0.275375  0.425072
8  0.299317  0.699482
9  0.296177  0.626322
10  0.303884  0.705018
11  0.274751  0.438495
12  0.297639  0.564580
13  0.299276  0.583980
14  0.270821  0.526904
15  0.275453  0.523648
16  0.279751  0.432544
17  0.278023  0.457104
18  0.280434  0.413486
19  0.277600  0.428872
20  0.299411  0.697004
21  0.299194  0.562273
22  0.298025  0.634413
23  0.277789  0.438300
24  0.304750  0.719972
25  0.299776  0.583918
26  0.277262  0.419608
1 2  0.534183  1.038610
1 3  0.540214  0.965831
1 4  0.536933  0.958417
1 5  0.535376  0.964522
1 6  0.542970  0.961512
1 7  0.540722  0.962457
1 8  0.537826  1.201632
1 9  0.559686  1.118673
1 10  0.568082  1.227916
1 11  0.539981  0.978367
1 12  0.562946  1.085297
1 13  0.543381  1.095152
1 14  0.261407  0.891892
1 15  0.540717  1.063940
1 16  0.541920  0.974503
1 17  0.542312  0.993490
1 18  0.545809  0.955866
1 19  0.542912  0.970933
1 20  0.531582  1.198355
1 21  0.564239  1.102612
1 22  0.561325  1.173992
1 23  0.542759  0.979801
1 24  0.569847  1.255145
1 25  0.536843  1.088492
1 26  0.541272  0.961841
2 3  0.544000  0.913382
2 4  0.546691  0.951645
2 5  0.543364  0.929442
2 6  0.540395  0.889795
2 7  0.539925  0.913618
2 8  0.565558  1.153176
2 9  0.564216  1.114603
2 10  0.544032  1.168583
2 11  0.543518  0.934697
2 12  0.546090  1.039699
2 13  0.567963  1.078289
2 14  0.539634  1.025500
2 15  0.265803  0.834126
2 16  0.548576  0.932208
2 17  0.546463  0.956386
2 18  0.545732  0.912905
2 19  0.545409  0.923765
2 20  0.565827  1.193768
2 21  0.541658  1.027601
2 22  0.566694  1.129876
2 23  0.546557  0.937552
2 24  0.538304  1.181470
2 25  0.567843  1.082537
2 26  0.545858  0.919210
3 4  0.552951  0.879153
3 5  0.549682  0.858911
3 6  0.552834  0.841457
3 7  0.550504  0.850584
3 8  0.571602  1.090152
3 9  0.538123  1.035042
3 10  0.576758  1.115391
3 11  0.503060  0.836584
3 12  0.572748  0.989923
3 13  0.574412  1.010028
3 14  0.544863  0.954346
3 15  0.550269  0.951084
3 16  0.554796  0.860503
3 17  0.553234  0.884926
3 18  0.555640  0.841317
3 19  0.552772  0.856740
3 20  0.573110  1.123784
3 21  0.574152  0.989756
3 22  0.530471  1.017707
3 23  0.500884  0.821070
3 24  0.579516  1.145510
3 25  0.574663  1.011353
3 26  0.279074  0.638307
4 5  0.506544  0.859258
4 6  0.555457  0.874361
4 7  0.553188  0.879428
4 8  0.574075  1.132190
4 9  0.573876  1.062282
4 10  0.581624  1.156659
4 11  0.552484  0.893416
4 12  0.575444  1.010514
4 13  0.549141  1.013653
4 14  0.544595  0.981298
4 15  0.553213  0.978386
4 16  0.274758  0.678140
4 17  0.503550  0.859027
4 18  0.558234  0.868841
4 19  0.555396  0.884082
4 20  0.576327  1.149627
4 21  0.577006  1.016542
4 22  0.575088  1.088317
4 23  0.555594  0.893435
4 24  0.582312  1.172098
4 25  0.541131  0.994393
4 26  0.554876  0.874867
5 6  0.552186  0.854271
5 7  0.549916  0.862167
5 8  0.568856  1.094600
5 9  0.570670  1.060230
5 10  0.578116  1.136232
5 11  0.549231  0.872494
5 12  0.572162  0.997910
5 13  0.546438  1.001659
5 14  0.544116  0.960016
5 15  0.549517  0.960421
5 16  0.504265  0.827248
5 17  0.275192  0.691185
5 18  0.554881  0.850926
5 19  0.552115  0.866249
5 20  0.572353  1.133199
5 21  0.573694  0.998992
5 22  0.572159  1.070194
5 23  0.552243  0.875598
5 24  0.578234  1.155210
5 25  0.536746  0.971468
5 26  0.551785  0.856956
6 7  0.506718  0.812827
6 8  0.576775  1.102433
6 9  0.573772  1.044068
6 10  0.578462  1.105304
6 11  0.552340  0.854532
6 12  0.546827  0.962810
6 13  0.576888  0.999139
6 14  0.548455  0.945824
6 15  0.549134  0.942115
6 16  0.557316  0.851886
6 17  0.555481  0.876318
6 18  0.275825  0.615322
6 19  0.503685  0.797470
6 20  0.576151  1.114907
6 21  0.539033  0.937541
6 22  0.575416  1.052212
6 23  0.555405  0.857567
6 24  0.581516  1.137362
6 25  0.577305  1.002579
6 26  0.554903  0.838704
7 8  0.574602  1.121180
7 9  0.571320  1.043901
7 10  0.574339  1.089992
7 11  0.549980  0.855937
7 12  0.544688  0.964239
7 13  0.574618  1.000215
7 14  0.546091  0.951141
7 15  0.549647  0.943852
7 16  0.555070  0.857291
7 17  0.553301  0.881806
7 18  0.503838  0.790571
7 19  0.275316  0.643538
7 20  0.574342  1.119803
7 21  0.537570  0.942414
7 22  0.572424  1.058177
7 23  0.552862  0.862934
7 24  0.578485  1.143634
7 25  0.575134  1.007936
7 26  0.552613  0.844263
8 9  0.587401  1.296663
8 10  0.591497  1.366943
8 11  0.572368  1.123175
8 12  0.596285  1.240836
8 13  0.583402  1.264268
8 14  0.535828  1.182284
8 15  0.571577  1.219424
8 16  0.578219  1.130111
8 17  0.575123  1.154763
8 18  0.578842  1.111321
8 19  0.576627  1.125941
8 20  0.359540  1.305758
8 21  0.598209  1.258120
8 22  0.583538  1.296153
8 23  0.576683  1.133813
8 24  0.587863  1.374682
8 25  0.576491  1.246546
8 26  0.574765  1.117670
9 10  0.590544  1.294526
9 11  0.537253  1.037356
9 12  0.592623  1.147392
9 13  0.594801  1.185043
9 14  0.564635  1.150344
9 15  0.571318  1.144317
9 16  0.575162  1.057396
9 17  0.573887  1.081226
9 18  0.576244  1.038236
9 19  0.572778  1.053935
9 20  0.581886  1.289920
9 21  0.594439  1.185401
9 22  0.364638  1.156968
9 23  0.529957  1.023685
9 24  0.586305  1.308947
9 25  0.595796  1.207478
9 26  0.530663  1.005798
10 11  0.575071  1.100457
10 12  0.587782  1.247881
10 13  0.601465  1.237101
10 14  0.574293  1.225357
10 15  0.544757  1.191252
10 16  0.583185  1.134645
10 17  0.580661  1.159718
10 18  0.583488  1.116455
10 19  0.579623  1.132504
10 20  0.586576  1.357304
10 21  0.580984  1.230216
10 22  0.587430  1.305057
10 23  0.579668  1.141838
10 24  0.365417  1.333034
10 25  0.602508  1.283340
10 26  0.580678  1.121661
11 12  0.572127  0.998741
11 13  0.573914  1.007184
11 14  0.545368  0.963831
11 15  0.550055  0.961004
11 16  0.554494  0.870620
11 17  0.552685  0.895066
11 18  0.555145  0.851668
11 19  0.551967  0.866883
11 20  0.573775  1.131499
11 21  0.573159  0.999941
11 22  0.529839  1.033258
11 23  0.280427  0.671107
11 24  0.577429  1.156800
11 25  0.574122  1.021370
11 26  0.499713  0.809316
12 13  0.596883  1.142469
12 14  0.568157  1.088861
12 15  0.545835  1.049656
12 16  0.577389  0.996070
12 17  0.575641  1.020625
12 18  0.539087  0.932575
12 19  0.537870  0.950622
12 20  0.596874  1.258083
12 21  0.368783  1.007836
12 22  0.594690  1.195762
12 23  0.574751  1.002072
12 24  0.580703  1.248426
12 25  0.597230  1.146195
12 26  0.574753  0.983469
13 14  0.542562  1.073987
13 15  0.573739  1.105749
13 16  0.540319  0.966055
13 17  0.541266  0.996953
13 18  0.579546  0.996692
13 19  0.576871  1.011799
13 20  0.575451  1.241715
13 21  0.598188  1.144065
13 22  0.597166  1.215638
13 23  0.576558  1.021277
13 24  0.602747  1.298308
13 25  0.372626  1.058891
13 26  0.576239  1.002735
14 15  0.546080  1.045822
14 16  0.543707  0.925577
14 17  0.543372  0.972756
14 18  0.551221  0.939155
14 19  0.548411  0.950658
14 20  0.542350  1.183370
14 21  0.569934  1.069490
14 22  0.566765  1.113333
14 23  0.548365  0.962313
14 24  0.573967  1.229724
14 25  0.547810  1.082078
14 26  0.547585  0.939873
15 16  0.555104  0.951274
15 17  0.553307  0.968643
15 18  0.549150  0.905442
15 19  0.547322  0.941018
15 20  0.571600  1.166702
15 21  0.552675  1.059424
15 22  0.572027  1.148183
15 23  0.553060  0.956955
15 24  0.550500  1.197760
15 25  0.574892  1.097778
15 26  0.552614  0.929381
16 17  0.511442  0.858184
16 18  0.560173  0.844715
16 19  0.557346  0.860531
16 20  0.574854  1.104789
16 21  0.578927  0.986769
16 22  0.577680  1.052342
16 23  0.557495  0.870328
16 24  0.584349  1.150234
16 25  0.552278  0.997656
16 26  0.556977  0.847401
17 18  0.558446  0.866637
17 19  0.555616  0.884997
17 20  0.572035  1.106942
17 21  0.577177  1.015388
17 22  0.575978  1.089549
17 23  0.555768  0.890089
17 24  0.582333  1.163854
17 25  0.549451  1.007548
17 26  0.555232  0.870582
18 19  0.511214  0.812769
18 20  0.579692  1.094371
18 21  0.551199  0.953264
18 22  0.578349  1.046434
18 23  0.558136  0.848612
18 24  0.581376  1.114349
18 25  0.580201  0.993360
18 26  0.557665  0.828143
19 20  0.576935  1.123562
19 21  0.548261  0.961677
19 22  0.575273  1.052564
19 23  0.555225  0.859529
19 24  0.577050  1.107904
19 25  0.577361  1.005401
19 26  0.554772  0.846919
20 21  0.597399  1.232964
20 22  0.589337  1.305520
20 23  0.574662  1.120585
20 24  0.592727  1.375688
20 25  0.585001  1.256917
20 26  0.573360  1.081580
21 22  0.595637  1.152270
21 23  0.576711  0.996088
21 24  0.590872  1.261813
21 25  0.598916  1.142046
21 26  0.576326  0.978731
22 23  0.542238  1.041094
22 24  0.592479  1.310175
22 25  0.596880  1.192701
22 26  0.541823  1.032905
23 24  0.578596  1.112470
23 25  0.577422  1.006449
23 26  0.507800  0.829887
24 25  0.602639  1.248766
24 26  0.579124  1.124620
25 26  0.576933  1.001875
