  -1146.53206862
  -1146.89306208    -1146.76334640
0.00019896461600
2 2 2 2 2 2 2 2 2 2 2 2 2 2 2 0 0 0 0 0 0 0 0 0 0 0 0 0 0 0 
1  0.262236  0.525838
2  0.268176  0.433483
3  0.264738  0.500512
4  0.285345  0.403176
5  0.273565  0.357994
6  0.297681  0.491829
7  0.284834  0.347750
8  0.277177  0.342715
9  0.302746  0.543854
10  0.294825  0.525019
11  0.299987  0.606383
12  0.293238  0.554473
13  0.297621  0.653414
14  0.301759  0.412880
15  0.318787  0.665862
16  0.275894  0.574797
17  0.267231  0.392341
18  0.272659  0.517558
19  0.277806  0.368866
20  0.284526  0.403389
21  0.297188  0.494071
22  0.300532  0.640543
23  0.312034  0.455729
24  0.307486  0.633307
25  0.300115  0.502835
26  0.297882  0.532131
27  0.282662  0.339467
28  0.303120  0.548768
29  0.293924  0.616799
30  0.284626  0.378853
1 2  0.529407  0.937140
1 3  0.525129  1.021346
1 4  0.547558  0.928058
1 5  0.535723  0.881763
1 6  0.559630  1.015809
1 7  0.547043  0.870062
1 8  0.539401  0.867748
1 9  0.564815  1.056362
1 10  0.555480  1.020969
1 11  0.556524  1.085968
1 12  0.546668  1.034479
1 13  0.549748  1.165783
1 14  0.563543  0.929095
1 15  0.553976  1.148599
1 16  0.267571  0.934421
1 17  0.528874  0.917177
1 18  0.534414  1.033304
1 19  0.539857  0.894253
1 20  0.546237  0.928664
1 21  0.559268  1.018409
1 22  0.536671  1.133246
1 23  0.574243  0.980833
1 24  0.544583  1.127862
1 25  0.559778  1.027258
1 26  0.559260  1.055921
1 27  0.544802  0.864990
1 28  0.564474  1.072524
1 29  0.554522  1.130460
1 30  0.546736  0.904176
2 3  0.532900  0.932141
2 4  0.553518  0.836283
2 5  0.541738  0.790965
2 6  0.565855  0.924484
2 7  0.547394  0.765717
2 8  0.541274  0.767706
2 9  0.570920  0.974191
2 10  0.562989  0.951825
2 11  0.547790  0.968442
2 12  0.557517  0.968997
2 13  0.563522  1.074783
2 14  0.553269  0.825654
2 15  0.586647  1.092834
2 16  0.541585  1.006757
2 17  0.250730  0.593455
2 18  0.540815  0.950020
2 19  0.545968  0.802141
2 20  0.552657  0.836522
2 21  0.565335  0.926894
2 22  0.561945  1.070418
2 23  0.553584  0.859253
2 24  0.575079  1.065075
2 25  0.568060  0.935521
2 26  0.556544  0.961691
2 27  0.547864  0.770879
2 28  0.571192  0.981155
2 29  0.555364  1.024508
2 30  0.552146  0.807186
3 4  0.548744  0.887225
3 5  0.537494  0.851726
3 6  0.546928  0.937310
3 7  0.549567  0.847259
3 8  0.541908  0.841099
3 9  0.563334  1.022193
3 10  0.555722  1.023309
3 11  0.564603  1.098821
3 12  0.557624  1.049565
3 13  0.560979  1.111304
3 14  0.566464  0.911646
3 15  0.557253  1.112395
3 16  0.540067  1.064241
3 17  0.531777  0.892181
3 18  0.257074  0.825469
3 19  0.542076  0.868938
3 20  0.549094  0.902589
3 21  0.542656  0.986480
3 22  0.563799  1.138469
3 23  0.576200  0.955570
3 24  0.549319  1.103735
3 25  0.562795  0.993295
3 26  0.561277  1.030422
3 27  0.547333  0.839814
3 28  0.562310  1.037442
3 29  0.556984  1.114800
3 30  0.549118  0.878961
4 5  0.515596  0.729416
4 6  0.575744  0.867970
4 7  0.570180  0.750796
4 8  0.562522  0.745617
4 9  0.564641  0.906946
4 10  0.576354  0.925186
4 11  0.585327  1.008225
4 12  0.578579  0.956545
4 13  0.582953  1.050204
4 14  0.587103  0.815710
4 15  0.603685  1.061726
4 16  0.561199  0.977176
4 17  0.552571  0.795317
4 18  0.556244  0.920088
4 19  0.278310  0.531880
4 20  0.515584  0.748527
4 21  0.578242  0.896285
4 22  0.585808  1.042701
4 23  0.597358  0.858677
4 24  0.592579  1.035574
4 25  0.583082  0.900250
4 26  0.583181  0.934831
4 27  0.568004  0.742599
4 28  0.564556  0.921732
4 29  0.579192  1.019036
4 30  0.569961  0.781918
5 6  0.561383  0.828676
5 7  0.558399  0.705707
5 8  0.550742  0.700665
5 9  0.562733  0.895210
5 10  0.562079  0.868973
5 11  0.573545  0.963506
5 12  0.566798  0.910551
5 13  0.571175  1.010398
5 14  0.575323  0.770417
5 15  0.591589  1.012471
5 16  0.549312  0.932273
5 17  0.540795  0.750201
5 18  0.545967  0.874900
5 19  0.508464  0.690507
5 20  0.274133  0.521083
5 21  0.569232  0.848264
5 22  0.574059  0.997938
5 23  0.585597  0.813595
5 24  0.580925  0.990725
5 25  0.572421  0.860467
5 26  0.571446  0.889810
5 27  0.556225  0.697433
5 28  0.545281  0.870296
5 29  0.567472  0.974280
5 30  0.558188  0.736784
6 7  0.582516  0.839209
6 8  0.574858  0.833817
6 9  0.573769  1.006427
6 10  0.558389  1.004621
6 11  0.597660  1.095249
6 12  0.590897  1.043594
6 13  0.595247  1.129938
6 14  0.599438  0.903873
6 15  0.612739  1.132388
6 16  0.573405  1.064343
6 17  0.564887  0.883783
6 18  0.559099  1.007593
6 19  0.574285  0.860286
6 20  0.579454  0.890502
6 21  0.405709  0.855783
6 22  0.598015  1.130216
6 23  0.609636  0.947026
6 24  0.603616  1.120961
6 25  0.559200  0.966140
6 26  0.595384  1.023071
6 27  0.580333  0.831181
6 28  0.560793  0.971096
6 29  0.591396  1.106741
6 30  0.582273  0.870406
7 8  0.514051  0.649298
7 9  0.587580  0.890805
7 10  0.579656  0.871682
7 11  0.584327  0.942240
7 12  0.577501  0.899891
7 13  0.582252  0.996382
7 14  0.549523  0.732234
7 15  0.603613  1.013255
7 16  0.560512  0.922307
7 17  0.546663  0.737464
7 18  0.557492  0.865119
7 19  0.562638  0.716581
7 20  0.569353  0.751084
7 21  0.582018  0.841677
7 22  0.585067  0.987981
7 23  0.556118  0.765532
7 24  0.592216  0.980775
7 25  0.584906  0.850428
7 26  0.582223  0.879495
7 27  0.300055  0.451068
7 28  0.587937  0.896334
7 29  0.578484  0.963345
7 30  0.511146  0.670797
8 9  0.579922  0.885661
8 10  0.571999  0.867074
8 11  0.575889  0.938678
8 12  0.569417  0.895398
8 13  0.574077  0.985944
8 14  0.546679  0.733078
8 15  0.595899  1.007202
8 16  0.552971  0.917267
8 17  0.542498  0.731649
8 18  0.549821  0.860029
8 19  0.554981  0.711539
8 20  0.561699  0.746045
8 21  0.574364  0.836619
8 22  0.577685  0.982950
8 23  0.542745  0.749510
8 24  0.584474  0.975697
8 25  0.577267  0.845385
8 26  0.574662  0.873998
8 27  0.511911  0.643860
8 28  0.580291  0.891287
8 29  0.570217  0.959078
8 30  0.297024  0.494614
9 10  0.570935  1.026421
9 11  0.602716  1.140211
9 12  0.595978  1.096170
9 13  0.600253  1.177924
9 14  0.604503  0.956264
9 15  0.620381  1.206734
9 16  0.578506  1.116507
9 17  0.569918  0.935556
9 18  0.569198  1.056248
9 19  0.549672  0.877057
9 20  0.566261  0.916059
9 21  0.572334  1.023887
9 22  0.603235  1.181255
9 23  0.614704  0.998868
9 24  0.606443  1.167474
9 25  0.561639  0.980621
9 26  0.600383  1.074533
9 27  0.585403  0.883183
9 28  0.458723  1.013605
9 29  0.596523  1.158107
9 30  0.587349  0.922364
10 11  0.594677  1.114716
10 12  0.588022  1.071149
10 13  0.591906  1.168076
10 14  0.596581  0.936317
10 15  0.602775  1.158945
10 16  0.568472  1.097238
10 17  0.561917  0.916683
10 18  0.561132  1.016900
10 19  0.570702  0.887901
10 20  0.575097  0.927197
10 21  0.548568  0.960702
10 22  0.595271  1.163158
10 23  0.606795  0.980127
10 24  0.587796  1.145616
10 25  0.408625  0.905388
10 26  0.592354  1.055712
10 27  0.577486  0.864327
10 28  0.570691  1.061636
10 29  0.588709  1.140003
10 30  0.579442  0.903549
11 12  0.559311  1.132779
11 13  0.568505  1.200837
11 14  0.599693  1.014878
11 15  0.616916  1.263435
11 16  0.570525  1.178098
11 17  0.542979  0.985545
11 18  0.572606  1.121107
11 19  0.577754  0.974747
11 20  0.584413  1.008935
11 21  0.597156  1.098975
11 22  0.569475  1.239174
11 23  0.606117  1.045497
11 24  0.605777  1.231158
11 25  0.599661  1.107289
11 26  0.454112  1.031886
11 27  0.582410  0.945442
11 28  0.602950  1.152554
11 29  0.548003  1.150719
11 30  0.584219  0.983183
12 13  0.563082  1.191641
12 14  0.587553  0.932526
12 15  0.607513  1.172258
12 16  0.565129  1.125087
12 17  0.559339  0.942922
12 18  0.565347  1.069795
12 19  0.571039  0.922960
12 20  0.577714  0.957232
12 21  0.590333  1.047408
12 22  0.541449  1.100356
12 23  0.601800  1.009275
12 24  0.600372  1.184720
12 25  0.593072  1.055974
12 26  0.552095  1.076170
12 27  0.575227  0.891868
12 28  0.596179  1.101417
12 29  0.445333  1.066702
12 30  0.576380  0.931473
13 14  0.597263  1.061623
13 15  0.604768  1.282625
13 16  0.559291  1.193703
13 17  0.561029  1.034325
13 18  0.568155  1.167655
13 19  0.575331  1.021501
13 20  0.582061  1.055836
13 21  0.594701  1.144797
13 22  0.492701  1.255757
13 23  0.606644  1.105981
13 24  0.586878  1.250616
13 25  0.597410  1.153777
13 26  0.542919  1.095070
13 27  0.580131  0.992653
13 28  0.600726  1.199107
13 29  0.561183  1.262939
13 30  0.581465  1.031617
14 15  0.620152  1.066755
14 16  0.577279  0.987176
14 17  0.551532  0.788719
14 18  0.574306  0.929894
14 19  0.579565  0.781648
14 20  0.586281  0.816118
14 21  0.598929  0.906562
14 22  0.599566  1.048613
14 23  0.396320  0.713221
14 24  0.609213  1.045293
14 25  0.601847  0.915323
14 26  0.599067  0.944717
14 27  0.537030  0.702411
14 28  0.604856  0.961134
14 29  0.582381  1.017786
14 30  0.546722  0.753807
15 16  0.559231  1.174316
15 17  0.585935  1.056853
15 18  0.560962  1.146346
15 19  0.596513  1.034115
15 20  0.602501  1.068223
15 21  0.611541  1.144818
15 22  0.607535  1.270152
15 23  0.630278  1.120141
15 24  0.392220  1.199369
15 25  0.611819  1.166463
15 26  0.614974  1.195853
15 27  0.601328  1.005062
15 28  0.617689  1.207182
15 29  0.609399  1.278239
15 30  0.603046  1.044131
16 17  0.541860  0.947347
16 18  0.546028  1.081899
16 19  0.553669  0.943178
16 20  0.560302  0.971988
16 21  0.572433  1.055838
16 22  0.555185  1.149240
16 23  0.587601  1.026531
16 24  0.556948  1.168342
16 25  0.574320  1.056290
16 26  0.568031  1.071734
16 27  0.558532  0.912142
16 28  0.578297  1.097952
16 29  0.566180  1.185842
16 30  0.560480  0.952823
17 18  0.539859  0.909187
17 19  0.545035  0.760918
17 20  0.551756  0.794496
17 21  0.564415  0.885391
17 22  0.562665  1.016503
17 23  0.558206  0.825044
17 24  0.574016  1.014220
17 25  0.567332  0.891046
17 26  0.549210  0.883237
17 27  0.544898  0.724128
17 28  0.570345  0.938092
17 29  0.556231  1.006139
17 30  0.548043  0.768227
18 19  0.549024  0.873566
18 20  0.556398  0.918105
18 21  0.548826  0.952265
18 22  0.571192  1.123863
18 23  0.584606  0.967312
18 24  0.554539  1.107398
18 25  0.569172  1.012729
18 26  0.569780  1.043192
18 27  0.555311  0.854964
18 28  0.572768  1.056283
18 29  0.565789  1.107016
18 30  0.557263  0.891952
19 20  0.517873  0.741165
19 21  0.567506  0.843172
19 22  0.578323  1.007198
19 23  0.589840  0.823686
19 24  0.584444  0.992716
19 25  0.568613  0.855758
19 26  0.575676  0.899104
19 27  0.560468  0.708197
19 28  0.564441  0.907451
19 29  0.571720  0.982564
19 30  0.562432  0.747310
20 21  0.576416  0.893192
20 22  0.585045  1.042689
20 23  0.596560  0.858313
20 24  0.591022  1.020988
20 25  0.577166  0.876257
20 26  0.582391  0.932077
20 27  0.567187  0.742812
20 28  0.565522  0.916520
20 29  0.578437  1.018505
20 30  0.569151  0.782096
21 22  0.597540  1.116075
21 23  0.609218  0.948544
21 24  0.602415  1.122591
21 25  0.559626  0.983058
21 26  0.595034  1.025110
21 27  0.579848  0.832604
21 28  0.575517  1.004655
21 29  0.591080  1.102932
21 30  0.581811  0.871465
22 23  0.611535  1.092164
22 24  0.601582  1.266257
22 25  0.600490  1.139479
22 26  0.570474  1.158478
22 27  0.582814  0.970081
22 28  0.603584  1.175618
22 29  0.567121  1.195509
22 30  0.584726  1.007950
23 24  0.618991  1.071496
23 25  0.612142  0.956311
23 26  0.607125  0.965385
23 27  0.561177  0.777398
23 28  0.615152  1.003680
23 29  0.596997  1.028435
23 30  0.560716  0.795622
24 25  0.595250  1.080752
24 26  0.597805  1.110800
24 27  0.590126  0.972142
24 28  0.608192  1.169125
24 29  0.597050  1.208989
24 30  0.592025  1.007827
25 26  0.597745  1.023553
25 27  0.582771  0.842137
25 28  0.579194  1.016477
25 29  0.593900  1.115726
25 30  0.584734  0.881337
26 27  0.580422  0.871118
26 28  0.600942  1.076479
26 29  0.558426  1.117171
26 30  0.582273  0.908900
27 28  0.585779  0.887678
27 29  0.574061  0.944634
27 30  0.518709  0.676009
28 29  0.597019  1.162235
28 30  0.587743  0.926984
29 30  0.575417  0.967854
