  -1146.53206862
  -1146.89528919    -1146.76838373
0.00011673948564
2 2 2 2 2 2 2 2 2 2 2 2 2 2 2 0 0 0 0 0 0 0 0 0 0 0 0 0 0 0 
1  0.265772  0.531449
2  0.272592  0.442960
3  0.269719  0.510305
4  0.288175  0.404377
5  0.276412  0.359834
6  0.302323  0.493425
7  0.286617  0.351695
8  0.279419  0.347793
9  0.306370  0.543248
10  0.299628  0.527030
11  0.305065  0.610711
12  0.299094  0.556826
13  0.302439  0.654320
14  0.305226  0.418658
15  0.324063  0.674357
16  0.280079  0.580433
17  0.271754  0.401824
18  0.277632  0.525899
19  0.280672  0.371234
20  0.287444  0.405679
21  0.301530  0.494685
22  0.305233  0.643122
23  0.315512  0.461002
24  0.312273  0.642063
25  0.304949  0.505332
26  0.302851  0.533864
27  0.284576  0.343644
28  0.306878  0.549027
29  0.299591  0.619742
30  0.287061  0.383806
1 2  0.537337  0.950375
1 3  0.533613  1.036672
1 4  0.553918  0.934901
1 5  0.542084  0.888857
1 6  0.567817  1.023079
1 7  0.552355  0.879108
1 8  0.545178  0.878344
1 9  0.571936  1.061063
1 10  0.563721  1.027444
1 11  0.564843  1.095141
1 12  0.555348  1.040907
1 13  0.558127  1.172464
1 14  0.570536  0.939523
1 15  0.562538  1.161612
1 16  0.275091  0.946388
1 17  0.536896  0.932263
1 18  0.542901  1.047594
1 19  0.546212  0.902205
1 20  0.552549  0.936573
1 21  0.567141  1.024613
1 22  0.544549  1.141911
1 23  0.581254  0.991677
1 24  0.552972  1.143835
1 25  0.568136  1.035419
1 26  0.567749  1.063416
1 27  0.550209  0.874736
1 28  0.571711  1.078481
1 29  0.563689  1.139050
1 30  0.552674  0.914647
2 3  0.542294  0.951231
2 4  0.560763  0.846928
2 5  0.549001  0.802170
2 6  0.574913  0.935539
2 7  0.553259  0.778199
2 8  0.547739  0.781604
2 9  0.578961  0.982514
2 10  0.572208  0.962197
2 11  0.556490  0.979395
2 12  0.567744  0.980758
2 13  0.572741  1.084411
2 14  0.560715  0.840722
2 15  0.596301  1.110176
2 16  0.550191  1.021830
2 17  0.257883  0.613662
2 18  0.550193  0.967743
2 19  0.553245  0.813986
2 20  0.559971  0.848282
2 21  0.574091  0.936990
2 22  0.570918  1.082410
2 23  0.561278  0.874384
2 24  0.584314  1.083068
2 25  0.577278  0.947478
2 26  0.565620  0.972548
2 27  0.554113  0.784619
2 28  0.579341  0.990869
2 29  0.565406  1.037732
2 30  0.558947  0.821735
3 4  0.556386  0.897167
3 5  0.545191  0.863030
3 6  0.555492  0.946281
3 7  0.556329  0.860774
3 8  0.549128  0.855403
3 9  0.571591  1.030200
3 10  0.565321  1.035094
3 11  0.574650  1.112696
3 12  0.568455  1.061303
3 13  0.570646  1.120670
3 14  0.574909  0.926893
3 15  0.567122  1.128908
3 16  0.549186  1.080063
3 17  0.541277  0.911337
3 18  0.265475  0.843321
3 19  0.549892  0.881131
3 20  0.557011  0.914431
3 21  0.551178  0.996852
3 22  0.573443  1.150845
3 23  0.584644  0.970614
3 24  0.558916  1.123470
3 25  0.572614  1.005742
3 26  0.571163  1.041823
3 27  0.554206  0.853770
3 28  0.571188  1.047195
3 29  0.567521  1.127550
3 30  0.556507  0.893679
4 5  0.521345  0.732709
4 6  0.582838  0.870624
4 7  0.574792  0.755894
4 8  0.567594  0.751772
4 9  0.570694  0.907043
4 10  0.583787  0.928164
4 11  0.593232  1.013657
4 12  0.587262  0.959969
4 13  0.590596  1.051530
4 14  0.593399  0.822605
4 15  0.611697  1.070758
4 16  0.568189  0.984006
4 17  0.559924  0.805999
4 18  0.564034  0.929619
4 19  0.283215  0.534100
4 20  0.521630  0.754498
4 21  0.585193  0.898033
4 22  0.593294  1.046520
4 23  0.603657  0.865151
4 24  0.600152  1.045488
4 25  0.590692  0.903874
4 26  0.590973  0.937801
4 27  0.572745  0.747974
4 28  0.571190  0.924375
4 29  0.587650  1.023221
4 30  0.575220  0.788067
5 6  0.568234  0.831486
5 7  0.563028  0.711487
5 8  0.555830  0.707574
5 9  0.569151  0.896296
5 10  0.569290  0.872216
5 11  0.581467  0.969563
5 12  0.575498  0.914339
5 13  0.578838  1.013121
5 14  0.581637  0.777885
5 15  0.599528  1.021847
5 16  0.556254  0.939790
5 17  0.548163  0.761521
5 18  0.553744  0.884986
5 19  0.514423  0.695810
5 20  0.279174  0.523694
5 21  0.576314  0.850684
5 22  0.581577  1.002378
5 23  0.591920  0.820708
5 24  0.588519  1.001370
5 25  0.580020  0.864818
5 26  0.579262  0.893405
5 27  0.560984  0.703448
5 28  0.551763  0.873565
5 29  0.575972  0.979093
5 30  0.563467  0.743575
6 7  0.588940  0.844673
6 8  0.581741  0.840264
6 9  0.581912  1.007333
6 10  0.567760  1.008119
6 11  0.607376  1.101215
6 12  0.601395  1.047214
6 13  0.604690  1.131642
6 14  0.607547  0.911053
6 15  0.622579  1.141301
6 16  0.582205  1.071460
6 17  0.574063  0.894865
6 18  0.567983  1.017336
6 19  0.581710  0.864287
6 20  0.586883  0.894174
6 21  0.414248  0.856409
6 22  0.607353  1.134520
6 23  0.617761  0.953907
6 24  0.612954  1.131504
6 25  0.568410  0.970508
6 26  0.605020  1.026483
6 27  0.586885  0.836950
6 28  0.568653  0.975802
6 29  0.601712  1.111381
6 30  0.589344  0.876950
7 8  0.518222  0.658480
7 9  0.592987  0.893901
7 10  0.586241  0.877375
7 11  0.591155  0.949781
7 12  0.585113  0.906086
7 13  0.588820  1.000604
7 14  0.554737  0.742147
7 15  0.610670  1.025671
7 16  0.566405  0.931868
7 17  0.552877  0.750866
7 18  0.564248  0.877397
7 19  0.567285  0.722891
7 20  0.574052  0.757315
7 21  0.588145  0.846232
7 22  0.591540  0.994510
7 23  0.561468  0.775265
7 24  0.598743  0.993441
7 25  0.591514  0.856864
7 26  0.588972  0.885133
7 27  0.303464  0.459322
7 28  0.593479  0.900529
7 29  0.585911  0.970139
7 30  0.515524  0.681241
8 9  0.585788  0.889834
8 10  0.579043  0.874041
8 11  0.583117  0.947262
8 12  0.577379  0.902513
8 13  0.581025  0.990430
8 14  0.552230  0.743944
8 15  0.603398  1.020480
8 16  0.559333  0.927925
8 17  0.549225  0.746166
8 18  0.557017  0.873430
8 19  0.560086  0.718981
8 20  0.566857  0.753408
8 21  0.580949  0.842302
8 22  0.584622  0.990606
8 23  0.548308  0.760687
8 24  0.591446  0.989499
8 25  0.584342  0.852954
8 26  0.581844  0.880651
8 27  0.516184  0.654112
8 28  0.586293  0.896613
8 29  0.578059  0.967104
8 30  0.301016  0.505367
9 10  0.578957  1.027683
9 11  0.611418  1.143030
9 12  0.605456  1.098059
9 13  0.608669  1.177076
9 14  0.611594  0.961438
9 15  0.629210  1.214657
9 16  0.586247  1.121601
9 17  0.578053  0.944434
9 18  0.577828  1.064009
9 19  0.555852  0.879929
9 20  0.572808  0.919033
9 21  0.580205  1.024206
9 22  0.611564  1.183380
9 23  0.621806  1.003557
9 24  0.614971  1.175173
9 25  0.569356  0.984644
9 26  0.608972  1.075794
9 27  0.590942  0.886749
9 28  0.465997  1.012069
9 29  0.605807  1.160623
9 30  0.593410  0.926708
10 11  0.604541  1.119725
10 12  0.598671  1.074864
10 13  0.601448  1.170958
10 14  0.604851  0.943835
10 15  0.612313  1.168465
10 16  0.577501  1.105003
10 17  0.571193  0.928167
10 18  0.570835  1.028205
10 19  0.578192  0.892148
10 20  0.582581  0.931380
10 21  0.557616  0.965391
10 22  0.604767  1.167889
10 23  0.615072  0.987430
10 24  0.597125  1.156533
10 25  0.417585  0.909031
10 26  0.602110  1.059557
10 27  0.584203  0.870512
10 28  0.578775  1.063953
10 29  0.599172  1.145096
10 30  0.586685  0.910518
11 12  0.570090  1.140204
11 13  0.578032  1.205485
11 14  0.608129  1.025038
11 15  0.627175  1.275879
11 16  0.579659  1.188065
11 17  0.551920  0.999322
11 18  0.582651  1.133659
11 19  0.585673  0.981472
11 20  0.592353  1.015592
11 21  0.606581  1.104008
11 22  0.579155  1.246186
11 23  0.614477  1.055519
11 24  0.615560  1.243861
11 25  0.609561  1.114182
11 26  0.463070  1.037563
11 27  0.589388  0.953934
11 28  0.611754  1.157243
11 29  0.558619  1.161731
11 30  0.591697  0.992401
12 13  0.573513  1.194859
12 14  0.596360  0.938915
12 15  0.618395  1.181186
12 16  0.574861  1.132981
12 17  0.569672  0.954945
12 18  0.576145  1.080492
12 19  0.579760  0.927707
12 20  0.586476  0.961904
12 21  0.600532  1.050462
12 22  0.551233  1.108513
12 23  0.611023  1.016856
12 24  0.610955  1.195950
12 25  0.603803  1.060894
12 26  0.562755  1.080379
12 27  0.582907  0.898233
12 28  0.605781  1.104179
12 29  0.455236  1.071731
12 30  0.584518  0.938634
13 14  0.605416  1.067891
13 15  0.614479  1.291378
13 16  0.568324  1.201638
13 17  0.570336  1.044489
13 18  0.577964  1.177025
13 19  0.582962  1.024854
13 20  0.589743  1.059135
13 21  0.603844  1.146513
13 22  0.502386  1.259865
13 23  0.614826  1.112006
13 24  0.596265  1.260053
13 25  0.607051  1.157272
13 26  0.552268  1.100955
13 27  0.586841  0.997716
13 28  0.609297  1.200544
13 29  0.571125  1.267079
13 30  0.588704  1.037481
14 15  0.628854  1.079398
14 16  0.584937  0.998555
14 17  0.559308  0.804201
14 18  0.582684  0.944031
14 19  0.585898  0.789792
14 20  0.592660  0.824183
14 21  0.606725  0.912967
14 22  0.607766  1.056672
14 23  0.402806  0.725193
14 24  0.617477  1.059808
14 25  0.610124  0.923600
14 26  0.607468  0.952261
14 27  0.542363  0.713041
14 28  0.612056  0.967172
14 29  0.591129  1.026458
14 30  0.552475  0.764949
15 16  0.568851  1.190815
15 17  0.595732  1.074695
15 18  0.571254  1.164302
15 19  0.604645  1.045002
15 20  0.610668  1.079056
15 21  0.621104  1.154331
15 22  0.617379  1.281184
15 23  0.639033  1.133888
15 24  0.402686  1.217985
15 25  0.621753  1.177400
15 26  0.625093  1.206242
15 27  0.608458  1.017699
15 28  0.626723  1.215488
15 29  0.620144  1.289733
15 30  0.610691  1.057549
16 17  0.550437  0.960547
16 18  0.555050  1.095679
16 19  0.560710  0.951173
16 20  0.567379  0.979109
16 21  0.580880  1.061906
16 22  0.563397  1.156638
16 23  0.595221  1.036989
16 24  0.565756  1.181758
16 25  0.583214  1.063184
16 26  0.577036  1.078497
16 27  0.564624  0.921624
16 28  0.586155  1.102186
16 29  0.575871  1.194176
16 30  0.567095  0.963337
17 18  0.549361  0.926957
17 19  0.552424  0.772731
17 20  0.559196  0.805874
17 21  0.573280  0.895351
17 22  0.571634  1.027472
17 23  0.565798  0.839514
17 24  0.583273  1.031264
17 25  0.576684  0.902305
17 26  0.557785  0.892364
17 27  0.551180  0.737401
17 28  0.578623  0.947071
17 29  0.566314  1.018554
17 30  0.554886  0.782520
18 19  0.556733  0.883479
18 20  0.564152  0.928426
18 21  0.557049  0.959601
18 22  0.580781  1.133713
18 23  0.593046  0.980179
18 24  0.563953  1.123317
18 25  0.578847  1.023627
18 26  0.579603  1.052954
18 27  0.562196  0.867093
18 28  0.581403  1.064682
18 29  0.576307  1.116342
18 30  0.564666  0.904420
19 20  0.523746  0.745870
19 21  0.574337  0.845965
19 22  0.585885  1.011903
19 23  0.596183  0.831057
19 24  0.591970  1.002787
19 25  0.575639  0.859697
19 26  0.583504  0.902924
19 27  0.565248  0.714691
19 28  0.571059  0.910021
19 29  0.580247  0.987224
19 30  0.567733  0.754475
20 21  0.583385  0.895793
20 22  0.592664  1.047515
20 23  0.602955  0.865654
20 24  0.598624  1.030792
20 25  0.584622  0.880493
20 26  0.590273  0.935502
20 27  0.572019  0.749274
20 28  0.571962  0.918885
20 29  0.587016  1.023600
20 30  0.574504  0.789320
21 22  0.606559  1.118349
21 23  0.617038  0.954284
21 24  0.611453  1.131747
21 25  0.568847  0.986165
21 26  0.604346  1.027529
21 27  0.586105  0.837150
21 28  0.583350  1.005376
21 29  0.601086  1.105639
21 30  0.588589  0.876684
22 23  0.619660  1.099910
22 24  0.610969  1.277442
22 25  0.609997  1.144339
22 26  0.580174  1.162972
22 27  0.589376  0.975859
22 28  0.612031  1.177239
22 29  0.577034  1.199632
22 30  0.591821  1.014417
23 24  0.627231  1.083686
23 25  0.620455  0.963791
23 26  0.615518  0.972181
23 27  0.566739  0.787051
23 28  0.622386  1.009200
23 29  0.605729  1.035566
23 30  0.566359  0.805497
24 25  0.604351  1.090374
24 26  0.607028  1.119459
24 27  0.596822  0.985039
24 28  0.616617  1.177972
24 29  0.607215  1.219548
24 30  0.599239  1.021021
25 26  0.607557  1.027178
25 27  0.589519  0.848787
25 28  0.587280  1.018740
25 29  0.604413  1.121209
25 30  0.592005  0.888773
26 27  0.587287  0.876971
26 28  0.609668  1.078209
26 29  0.568647  1.122870
26 30  0.589660  0.915590
27 28  0.591451  0.891931
27 29  0.581387  0.950893
27 30  0.523091  0.685165
28 29  0.606440  1.165389
28 30  0.593935  0.932071
29 30  0.583419  0.974280
