  -1146.53206862
  -1146.89769668    -1146.77425262
0.00000936194570
2 2 2 2 2 2 2 2 2 2 2 2 2 2 2 0 0 0 0 0 0 0 0 0 0 0 0 0 0 0 
1  0.271819  0.539796
2  0.277047  0.459088
3  0.276223  0.519873
4  0.290788  0.409676
5  0.279187  0.364805
6  0.308153  0.497686
7  0.288516  0.361904
8  0.281387  0.360320
9  0.310463  0.542050
10  0.306124  0.528895
11  0.311610  0.617992
12  0.305663  0.561924
13  0.309077  0.654107
14  0.308793  0.430244
15  0.332131  0.682125
16  0.286303  0.589083
17  0.276432  0.417758
18  0.283971  0.536326
19  0.283340  0.377475
20  0.290397  0.410123
21  0.306920  0.497367
22  0.311334  0.644139
23  0.319136  0.471337
24  0.319748  0.650681
25  0.311775  0.507688
26  0.309586  0.538089
27  0.286361  0.353763
28  0.311355  0.548606
29  0.306625  0.625174
30  0.289007  0.396785
1 2  0.547678  0.972645
1 3  0.546076  1.054577
1 4  0.562574  0.948562
1 5  0.550860  0.901511
1 6  0.579663  1.035669
1 7  0.560306  0.896736
1 8  0.553189  0.898993
1 9  0.582004  1.067336
1 10  0.576008  1.035978
1 11  0.577000  1.109931
1 12  0.566916  1.052915
1 13  0.570712  1.180583
1 14  0.580057  0.958083
1 15  0.576126  1.176875
1 16  0.286845  0.962702
1 17  0.547386  0.956550
1 18  0.555222  1.067073
1 19  0.554822  0.916642
1 20  0.561296  0.949377
1 21  0.578567  1.035582
1 22  0.556450  1.152762
1 23  0.590919  1.010322
1 24  0.566411  1.163037
1 25  0.580938  1.046158
1 26  0.580428  1.076192
1 27  0.557922  0.893132
1 28  0.582136  1.086603
1 29  0.576592  1.153114
1 30  0.560618  0.935746
2 3  0.553248  0.976656
2 4  0.567829  0.868251
2 5  0.556227  0.822938
2 6  0.585193  0.955858
2 7  0.559538  0.802818
2 8  0.554023  0.809007
2 9  0.587507  0.996187
2 10  0.583151  0.978352
2 11  0.566653  0.998524
2 12  0.578661  1.002120
2 13  0.583802  1.099375
2 14  0.568481  0.868004
2 15  0.608749  1.133165
2 16  0.560539  1.046658
2 17  0.265479  0.647015
2 18  0.560975  0.993996
2 19  0.560358  0.836332
2 20  0.567329  0.868833
2 21  0.583933  0.955788
2 22  0.581279  1.099665
2 23  0.569121  0.901956
2 24  0.596209  1.107416
2 25  0.588449  0.965984
2 26  0.576441  0.992634
2 27  0.560294  0.810972
2 28  0.588216  1.006530
2 29  0.576904  1.060628
2 30  0.565326  0.850875
3 4  0.565405  0.910830
3 5  0.554309  0.876868
3 6  0.566475  0.957407
3 7  0.564722  0.880100
3 8  0.557582  0.876326
3 9  0.581998  1.038322
3 10  0.578200  1.046641
3 11  0.587662  1.129183
3 12  0.581466  1.075540
3 13  0.583552  1.128821
3 14  0.584963  0.947488
3 15  0.580916  1.144793
3 16  0.561864  1.099104
3 17  0.552379  0.936570
3 18  0.276749  0.861864
3 19  0.558886  0.896944
3 20  0.566472  0.928274
3 21  0.562190  1.008702
3 22  0.585985  1.161537
3 23  0.594633  0.990515
3 24  0.572804  1.143638
3 25  0.585889  1.018662
3 26  0.584345  1.055287
3 27  0.562497  0.873417
3 28  0.581982  1.056724
3 29  0.580940  1.142705
3 30  0.564880  0.916144
4 5  0.526629  0.743056
4 6  0.591070  0.879827
4 7  0.579304  0.771277
4 8  0.572175  0.769238
4 9  0.577263  0.910731
4 10  0.592761  0.935143
4 11  0.602386  1.025975
4 12  0.596439  0.970002
4 13  0.599849  1.055212
4 14  0.599578  0.839239
4 15  0.622286  1.082589
4 16  0.576981  0.997823
4 17  0.567216  0.827209
4 18  0.572732  0.945376
4 19  0.287922  0.545910
4 20  0.527432  0.766962
4 21  0.593055  0.905964
4 22  0.601949  1.052904
4 23  0.609875  0.880766
4 24  0.610214  1.059278
4 25  0.600117  0.911620
4 26  0.600286  0.947354
4 27  0.577137  0.763379
4 28  0.578287  0.930400
4 29  0.597250  1.033966
4 30  0.579761  0.806320
5 6  0.576405  0.840041
5 7  0.567702  0.726640
5 8  0.560573  0.725040
5 9  0.576067  0.900020
5 10  0.578220  0.878195
5 11  0.590775  0.981541
5 12  0.584831  0.923446
5 13  0.588239  1.017758
5 14  0.587978  0.793986
5 15  0.610181  1.032709
5 16  0.565004  0.953433
5 17  0.555606  0.782412
5 18  0.562837  0.900273
5 19  0.520006  0.708507
5 20  0.284282  0.533154
5 21  0.584390  0.858371
5 22  0.590390  1.008412
5 23  0.598317  0.836000
5 24  0.598687  1.014975
5 25  0.589536  0.872171
5 26  0.588772  0.902602
5 27  0.565539  0.718532
5 28  0.559124  0.879230
5 29  0.585769  0.989518
5 30  0.568178  0.761514
6 7  0.596667  0.858954
6 8  0.589537  0.856471
6 9  0.591706  1.010695
6 10  0.579590  1.014129
6 11  0.619739  1.112670
6 12  0.613801  1.056030
6 13  0.617156  1.134623
6 14  0.616943  0.926460
6 15  0.636387  1.151978
6 16  0.594217  1.084096
6 17  0.584570  0.915037
6 18  0.579399  1.031648
6 19  0.590143  0.874812
6 20  0.595531  0.903012
6 21  0.424210  0.861523
6 22  0.619251  1.139979
6 23  0.627171  0.968502
6 24  0.626164  1.144644
6 25  0.580437  0.978054
6 26  0.617601  1.035053
6 27  0.594492  0.851306
6 28  0.578680  0.983414
6 29  0.614490  1.121164
6 30  0.597084  0.894150
7 8  0.522091  0.681479
7 9  0.598977  0.902293
7 10  0.594633  0.888918
7 11  0.599595  0.965562
7 12  0.593535  0.921087
7 13  0.597304  1.009541
7 14  0.560389  0.764592
7 15  0.620624  1.043578
7 16  0.574306  0.950689
7 17  0.559318  0.777122
7 18  0.572473  0.897996
7 19  0.571844  0.739333
7 20  0.578895  0.771955
7 21  0.595436  0.859098
7 22  0.599451  1.005732
7 23  0.567151  0.796504
7 24  0.608026  1.012190
7 25  0.600244  0.869409
7 26  0.597540  0.899472
7 27  0.306771  0.481660
7 28  0.599856  0.910281
7 29  0.594807  0.985619
7 30  0.519476  0.706457
8 9  0.591847  0.900418
8 10  0.587503  0.888199
8 11  0.591552  0.965423
8 12  0.585833  0.919600
8 13  0.589541  1.000514
8 14  0.557800  0.768442
8 15  0.613405  1.040302
8 16  0.567445  0.948981
8 17  0.555816  0.774573
8 18  0.565225  0.896324
8 19  0.564710  0.737738
8 20  0.571771  0.770364
8 21  0.588298  0.857476
8 22  0.592686  1.004124
8 23  0.554012  0.784351
8 24  0.600724  1.010539
8 25  0.593143  0.867808
8 26  0.590443  0.897194
8 27  0.520039  0.678411
8 28  0.592741  0.908678
8 29  0.586987  0.985062
8 30  0.304421  0.533044
9 10  0.589045  1.028585
9 11  0.622053  1.147458
9 12  0.616113  1.102065
9 13  0.619376  1.174458
9 14  0.619252  0.971792
9 15  0.641331  1.221427
9 16  0.596503  1.129179
9 17  0.586790  0.959163
9 18  0.588129  1.073287
9 19  0.562543  0.886339
9 20  0.579847  0.923601
9 21  0.589527  1.025880
9 22  0.621750  1.183489
9 23  0.629477  1.012711
9 24  0.626288  1.182514
9 25  0.579744  0.989126
9 26  0.619699  1.078984
9 27  0.596818  0.895638
9 28  0.474087  1.009417
9 29  0.616879  1.165094
9 30  0.599433  0.938444
10 11  0.617540  1.127444
10 12  0.611720  1.080964
10 13  0.614348  1.172829
10 14  0.614911  0.956690
10 15  0.626117  1.176137
10 16  0.590105  1.115890
10 17  0.582232  0.945963
10 18  0.583679  1.042670
10 19  0.587233  0.900272
10 20  0.591869  0.937550
10 21  0.568997  0.973159
10 22  0.617323  1.171090
10 23  0.625185  0.999654
10 24  0.610681  1.167158
10 25  0.429602  0.910843
10 26  0.615292  1.065701
10 27  0.592479  0.882481
10 28  0.589267  1.065282
10 29  0.612699  1.152557
10 30  0.595130  0.925343
11 12  0.583006  1.153854
11 13  0.590601  1.211299
11 14  0.618171  1.043839
11 15  0.641525  1.290680
11 16  0.592202  1.204176
11 17  0.562636  1.022624
11 18  0.595521  1.151074
11 19  0.594882  0.994985
11 20  0.601795  1.027362
11 21  0.618518  1.114084
11 22  0.591397  1.254903
11 23  0.624507  1.073884
11 24  0.629403  1.259214
11 25  0.622766  1.124051
11 26  0.474845  1.048850
11 27  0.597679  0.971335
11 28  0.622762  1.164240
11 29  0.571861  1.179864
11 30  0.600183  1.012613
12 13  0.586416  1.199861
12 14  0.605921  0.952577
12 15  0.632656  1.192354
12 16  0.587331  1.146686
12 17  0.580868  0.976057
12 18  0.588958  1.096020
12 19  0.589001  0.939049
12 20  0.595976  0.971453
12 21  0.612492  1.058313
12 22  0.563163  1.119160
12 23  0.621000  1.032300
12 24  0.624944  1.209908
12 25  0.617207  1.068476
12 26  0.575833  1.089779
12 27  0.591151  0.912976
12 28  0.616779  1.109056
12 29  0.467324  1.082041
12 30  0.592976  0.956376
13 14  0.615422  1.078703
13 15  0.628637  1.298802
13 16  0.581167  1.212766
13 17  0.581383  1.060471
13 18  0.590822  1.187531
13 19  0.592127  1.030941
13 20  0.599287  1.063443
13 21  0.615857  1.149218
13 22  0.514975  1.260679
13 23  0.624899  1.121828
13 24  0.610074  1.269022
13 25  0.620445  1.159265
13 26  0.564882  1.109009
13 27  0.595259  1.007626
13 28  0.620411  1.200340
13 29  0.584170  1.272455
13 30  0.597168  1.050233
14 15  0.640395  1.096313
14 16  0.594676  1.018763
14 17  0.567418  0.832195
14 18  0.592453  0.966057
14 19  0.592132  0.807604
14 20  0.599178  0.840193
14 21  0.615662  0.927238
14 22  0.617186  1.068862
14 23  0.409499  0.749729
14 24  0.628488  1.079955
14 25  0.620497  0.937543
14 26  0.617741  0.968090
14 27  0.547840  0.735520
14 28  0.620071  0.978341
14 29  0.601507  1.043273
14 30  0.558040  0.790168
15 16  0.583335  1.211551
15 17  0.608489  1.098133
15 18  0.585478  1.184489
15 19  0.615382  1.059033
15 20  0.621610  1.091340
15 21  0.634458  1.165419
15 22  0.631333  1.290487
15 23  0.650658  1.152002
15 24  0.417695  1.234478
15 25  0.636185  1.187517
15 26  0.639671  1.218488
15 27  0.618245  1.035490
15 28  0.639031  1.222534
15 29  0.635023  1.302973
15 30  0.620516  1.078214
16 17  0.561164  0.982324
16 18  0.567381  1.114568
16 19  0.569585  0.966053
16 20  0.576502  0.991153
16 21  0.592380  1.072969
16 22  0.574930  1.165486
16 23  0.605044  1.054968
16 24  0.579051  1.197825
16 25  0.596043  1.073245
16 26  0.589705  1.090685
16 27  0.572629  0.939707
16 28  0.596711  1.108437
16 29  0.588734  1.208017
16 30  0.575264  0.984809
17 18  0.560363  0.953229
17 19  0.559764  0.794835
17 20  0.566821  0.825420
17 21  0.583343  0.913684
17 22  0.582167  1.042604
17 23  0.573804  0.865183
17 24  0.595240  1.053991
17 25  0.588182  0.919378
17 26  0.568170  0.909536
17 27  0.557597  0.762560
17 28  0.587769  0.961036
17 29  0.578008  1.040015
17 30  0.561468  0.811242
18 19  0.565661  0.898710
18 20  0.573371  0.942693
18 21  0.567591  0.970706
18 22  0.593001  1.144281
18 23  0.602981  0.999859
18 24  0.577350  1.141010
18 25  0.591897  1.036186
18 26  0.592500  1.067267
18 27  0.570305  0.886901
18 28  0.592190  1.074797
18 29  0.589435  1.129719
18 30  0.572932  0.926155
19 20  0.529290  0.756550
19 21  0.582237  0.854283
19 22  0.594651  1.018565
19 23  0.602473  0.846961
19 24  0.601942  1.016017
19 25  0.584571  0.867387
19 26  0.592892  0.912855
19 27  0.569700  0.730906
19 28  0.578308  0.915646
19 29  0.589929  0.997390
19 30  0.572346  0.773235
20 21  0.591480  0.902587
20 22  0.601720  1.052981
20 23  0.609531  0.879793
20 24  0.608886  1.041775
20 25  0.594104  0.886983
20 26  0.599952  0.942967
20 27  0.576756  0.763820
20 28  0.579179  0.923266
20 29  0.596987  1.033015
20 30  0.579402  0.806659
21 22  0.618015  1.120808
21 23  0.626052  0.967057
21 24  0.624267  1.142820
21 25  0.580809  0.991241
21 26  0.616468  1.034538
21 27  0.593278  0.849415
21 28  0.593003  1.008033
21 29  0.613497  1.112457
21 30  0.595923  0.891549
22 23  0.629292  1.111440
22 24  0.624360  1.287091
22 25  0.622896  1.147868
22 26  0.593009  1.168219
22 27  0.597230  0.985587
22 28  0.622593  1.176301
22 29  0.589615  1.205605
22 30  0.599824  1.026935
23 24  0.638260  1.099911
23 25  0.630905  0.975722
23 26  0.625837  0.986026
23 27  0.572409  0.808205
23 28  0.630488  1.019026
23 29  0.615895  1.050056
23 30  0.571852  0.828325
24 25  0.617640  1.098846
24 26  0.620356  1.130064
24 27  0.606063  1.003739
24 28  0.628444  1.186127
24 29  0.621275  1.232553
24 30  0.608652  1.041790
25 26  0.621117  1.032868
25 27  0.598128  0.861214
25 28  0.598054  1.020745
25 29  0.618246  1.128801
25 30  0.600775  0.904024
26 27  0.595805  0.891159
26 28  0.620879  1.081496
26 29  0.581998  1.133804
26 30  0.598335  0.932761
27 28  0.597713  0.901205
27 29  0.589959  0.964929
27 30  0.526816  0.708266
28 29  0.617947  1.170387
28 30  0.600358  0.944343
29 30  0.592317  0.990115
