  -1146.52292248
  -1146.88823729    -1146.76446198
0.00004093531587
2 2 2 2 2 2 2 2 2 2 2 2 2 2 2 0 0 0 0 0 0 0 0 0 0 0 0 0 0 0 
1  0.299409  0.534567
2  0.288652  0.475934
3  0.268291  0.306122
4  0.276698  0.286489
5  0.275923  0.283830
6  0.303573  0.395251
7  0.327575  0.655643
8  0.307005  0.410639
9  0.278099  0.315456
10  0.281262  0.345062
11  0.319086  0.734274
12  0.308534  0.695471
13  0.299719  0.597466
14  0.299346  0.316555
15  0.311905  0.840159
16  0.305020  0.560146
17  0.293623  0.497635
18  0.274246  0.318703
19  0.278899  0.286012
20  0.278434  0.284357
21  0.309343  0.425579
22  0.321572  0.729266
23  0.301011  0.317416
24  0.304824  0.403660
25  0.310879  0.801199
26  0.283809  0.351431
27  0.328452  0.655273
28  0.301824  0.603545
29  0.280361  0.312598
30  0.313530  0.698815
1 2  0.543995  0.978107
1 3  0.567680  0.838177
1 4  0.576105  0.820193
1 5  0.575329  0.817778
1 6  0.602830  0.918652
1 7  0.619113  1.156450
1 8  0.606351  0.942768
1 9  0.577505  0.848872
1 10  0.580664  0.879162
1 11  0.592642  1.168022
1 12  0.606617  1.221739
1 13  0.597112  1.093227
1 14  0.598751  0.851084
1 15  0.608607  1.353703
1 16  0.295807  0.882325
1 17  0.548305  0.993503
1 18  0.573393  0.853154
1 19  0.578263  0.820570
1 20  0.577841  0.818921
1 21  0.608741  0.959575
1 22  0.594838  1.253081
1 23  0.600352  0.851966
1 24  0.603890  0.937804
1 25  0.603866  1.314082
1 26  0.583159  0.885696
1 27  0.623648  1.181858
1 28  0.600428  1.135169
1 29  0.579722  0.847040
1 30  0.612480  1.226609
2 3  0.556936  0.781973
2 4  0.565348  0.762281
2 5  0.564573  0.759457
2 6  0.592131  0.866657
2 7  0.595261  1.056743
2 8  0.595524  0.876736
2 9  0.566737  0.791033
2 10  0.569887  0.818685
2 11  0.601715  1.203688
2 12  0.595094  1.137328
2 13  0.586506  1.050413
2 14  0.587996  0.792146
2 15  0.595438  1.297249
2 16  0.548691  0.997188
2 17  0.286960  0.763689
2 18  0.562794  0.794522
2 19  0.567534  0.761942
2 20  0.567086  0.760288
2 21  0.597790  0.901198
2 22  0.600839  1.182262
2 23  0.589622  0.793333
2 24  0.593437  0.879342
2 25  0.593079  1.265323
2 26  0.572287  0.827226
2 27  0.605803  1.127883
2 28  0.590236  1.077612
2 29  0.568951  0.788474
2 30  0.601005  1.172171
3 4  0.538737  0.585347
3 5  0.539951  0.585758
3 6  0.541389  0.674157
3 7  0.595753  0.961020
3 8  0.574670  0.715601
3 9  0.546275  0.620335
3 10  0.549503  0.649196
3 11  0.587248  1.033771
3 12  0.576594  0.998620
3 13  0.566417  0.897163
3 14  0.545941  0.603229
3 15  0.579893  1.136970
3 16  0.573011  0.866149
3 17  0.561762  0.803653
3 18  0.267169  0.369237
3 19  0.543850  0.589435
3 20  0.545500  0.589295
3 21  0.577474  0.730907
3 22  0.589356  1.035098
3 23  0.541221  0.598794
3 24  0.536315  0.680608
3 25  0.578822  1.106905
3 26  0.552034  0.657475
3 27  0.596291  0.961013
3 28  0.567667  0.908398
3 29  0.548609  0.618681
3 30  0.581799  1.004225
4 5  0.506766  0.525995
4 6  0.576503  0.677325
4 7  0.604249  0.941525
4 8  0.583643  0.697099
4 9  0.554768  0.601678
4 10  0.557950  0.631332
4 11  0.595762  1.019047
4 12  0.585220  0.981876
4 13  0.576144  0.881761
4 14  0.549330  0.577204
4 15  0.588567  1.125349
4 16  0.581658  0.846621
4 17  0.570302  0.784117
4 18  0.547170  0.602185
4 19  0.272566  0.295842
4 20  0.503523  0.521044
4 21  0.585858  0.711899
4 22  0.598135  1.015715
4 23  0.541392  0.568838
4 24  0.580669  0.689548
4 25  0.587400  1.087599
4 26  0.560493  0.637871
4 27  0.605071  0.941739
4 28  0.577976  0.889873
4 29  0.556989  0.599011
4 30  0.590179  0.985209
5 6  0.574031  0.672385
5 7  0.603475  0.938599
5 8  0.582694  0.693957
5 9  0.553940  0.599068
5 10  0.557146  0.628831
5 11  0.594988  1.017201
5 12  0.584448  0.979125
5 13  0.575424  0.879486
5 14  0.547335  0.573733
5 15  0.587804  1.123796
5 16  0.580930  0.843971
5 17  0.569545  0.781460
5 18  0.548917  0.601408
5 19  0.503787  0.520551
5 20  0.274091  0.293150
5 21  0.584320  0.708824
5 22  0.597451  1.013080
5 23  0.539774  0.565100
5 24  0.578836  0.686164
5 25  0.586698  1.084967
5 26  0.559698  0.635183
5 27  0.604365  0.939094
5 28  0.577621  0.887354
5 29  0.555920  0.596081
5 30  0.589396  0.982569
6 7  0.630192  1.036416
6 8  0.601145  0.795174
6 9  0.579352  0.705897
6 10  0.583674  0.738729
6 11  0.621934  1.110881
6 12  0.611149  1.088145
6 13  0.593074  0.952963
6 14  0.586980  0.701078
6 15  0.614580  1.228347
6 16  0.608203  0.954958
6 17  0.597134  0.892611
6 18  0.541386  0.686213
6 19  0.581619  0.680628
6 20  0.579819  0.678041
6 21  0.601909  0.808600
6 22  0.624084  1.123625
6 23  0.579987  0.692799
6 24  0.362010  0.602226
6 25  0.612155  1.192970
6 26  0.586962  0.744731
6 27  0.631502  1.050008
6 28  0.596798  0.996862
6 29  0.581774  0.706061
6 30  0.615518  1.087162
7 8  0.633957  1.048137
7 9  0.605642  0.970879
7 10  0.608748  0.998007
7 11  0.609833  1.357860
7 12  0.627318  1.287514
7 13  0.613255  1.180448
7 14  0.626904  0.971755
7 15  0.615725  1.466183
7 16  0.627516  1.205764
7 17  0.609192  1.149157
7 18  0.601449  0.973908
7 19  0.606394  0.941635
7 20  0.606007  0.939994
7 21  0.636791  1.080394
7 22  0.610223  1.342417
7 23  0.628493  0.972982
7 24  0.631961  1.058755
7 25  0.610454  1.406182
7 26  0.611191  1.006440
7 27  0.407641  1.155021
7 28  0.625167  1.255372
7 29  0.607823  0.968004
7 30  0.637689  1.346466
8 9  0.549103  0.706255
8 10  0.549125  0.719390
8 11  0.625885  1.143481
8 12  0.606107  1.055114
8 13  0.605386  0.999916
8 14  0.605386  0.724094
8 15  0.618231  1.231083
8 16  0.612011  0.970223
8 17  0.600407  0.907969
8 18  0.581106  0.728344
8 19  0.585664  0.696491
8 20  0.584453  0.694371
8 21  0.379225  0.661424
8 22  0.628403  1.138063
8 23  0.606625  0.726967
8 24  0.600247  0.802117
8 25  0.614993  1.208863
8 26  0.542012  0.725740
8 27  0.635328  1.065240
8 28  0.607743  1.009772
8 29  0.541425  0.687780
8 30  0.610931  1.107695
9 10  0.511690  0.617834
9 11  0.597170  1.044903
9 12  0.585288  1.003903
9 13  0.577736  0.910763
9 14  0.577209  0.631865
9 15  0.589764  1.143299
9 16  0.583008  0.875474
9 17  0.571611  0.813022
9 18  0.552306  0.634125
9 19  0.556922  0.601386
9 20  0.556166  0.599471
9 21  0.541506  0.705529
9 22  0.599606  1.044481
9 23  0.578538  0.632390
9 24  0.580914  0.717471
9 25  0.588916  1.116409
9 26  0.508920  0.625053
9 27  0.606365  0.970458
9 28  0.579837  0.918538
9 29  0.284946  0.376702
9 30  0.591212  1.013785
10 11  0.600329  1.075158
10 12  0.587254  1.019240
10 13  0.580827  0.941634
10 14  0.580529  0.661079
10 15  0.592847  1.163724
10 16  0.586155  0.904906
10 17  0.574631  0.842550
10 18  0.555432  0.663680
10 19  0.560153  0.631047
10 20  0.559669  0.629369
10 21  0.543172  0.734959
10 22  0.602801  1.073686
10 23  0.582210  0.662436
10 24  0.585666  0.747001
10 25  0.591531  1.145630
10 26  0.289909  0.459365
10 27  0.609414  0.999724
10 28  0.583011  0.946958
10 29  0.508436  0.616268
10 30  0.592372  1.043075
11 12  0.623111  1.414955
11 13  0.611453  1.271273
11 14  0.618421  1.050369
11 15  0.606743  1.460412
11 16  0.597168  1.283146
11 17  0.603008  1.205515
11 18  0.592832  1.052625
11 19  0.597872  1.020252
11 20  0.597505  1.018620
11 21  0.628226  1.157812
11 22  0.412872  1.322882
11 23  0.620012  1.051641
11 24  0.622931  1.136896
11 25  0.598913  1.493985
11 26  0.602882  1.084985
11 27  0.609097  1.348895
11 28  0.617311  1.331146
11 29  0.599417  1.046614
11 30  0.629180  1.409171
12 13  0.574393  1.266167
12 14  0.607806  1.009200
12 15  0.597863  1.412661
12 16  0.613035  1.247928
12 17  0.600948  1.190251
12 18  0.582721  1.012819
12 19  0.587416  0.981439
12 20  0.586930  0.979794
12 21  0.608356  1.119150
12 22  0.626748  1.399812
12 23  0.609515  1.012813
12 24  0.611553  1.091341
12 25  0.593080  1.464977
12 26  0.589913  1.046143
12 27  0.633824  1.343066
12 28  0.575329  1.241683
12 29  0.588499  1.007696
12 30  0.361222  1.265919
13 14  0.598775  0.913844
13 15  0.600919  1.418976
13 16  0.603932  1.154442
13 17  0.593096  1.093092
13 18  0.571281  0.914804
13 19  0.578009  0.883265
13 20  0.578079  0.881815
13 21  0.607604  1.017649
13 22  0.617410  1.320002
13 23  0.600232  0.914522
13 24  0.596213  0.999091
13 25  0.595365  1.356355
13 26  0.583465  0.946745
13 27  0.624026  1.249294
13 28  0.346911  1.063907
13 29  0.580008  0.909499
13 30  0.577514  1.238100
14 15  0.611211  1.153974
14 16  0.604313  0.876683
14 17  0.592922  0.814175
14 18  0.544671  0.609282
14 19  0.541174  0.566203
14 20  0.540916  0.564757
14 21  0.607240  0.741128
14 22  0.620872  1.045780
14 23  0.370261  0.415359
14 24  0.580100  0.700455
14 25  0.610219  1.117686
14 26  0.583107  0.667947
14 27  0.627722  0.971772
14 28  0.600865  0.919879
14 29  0.579125  0.628650
14 30  0.612818  1.015339
15 16  0.610182  1.376557
15 17  0.599409  1.324291
15 18  0.585687  1.158241
15 19  0.590666  1.126100
15 20  0.590290  1.124469
15 21  0.618378  1.262174
15 22  0.602634  1.528395
15 23  0.612892  1.157469
15 24  0.614576  1.239523
15 25  0.426122  1.536802
15 26  0.595164  1.190896
15 27  0.612526  1.441253
15 28  0.597912  1.397638
15 29  0.592217  1.152545
15 30  0.598116  1.505456
16 17  0.552694  1.022718
16 18  0.579229  0.874775
16 19  0.583917  0.845690
16 20  0.583452  0.844254
16 21  0.614278  0.983008
16 22  0.599699  1.179385
16 23  0.606026  0.877237
16 24  0.609632  0.950627
16 25  0.612596  1.339999
16 26  0.588822  0.911252
16 27  0.625564  1.177505
16 28  0.604554  1.119291
16 29  0.585378  0.872090
16 30  0.616963  1.249900
17 18  0.567855  0.816069
17 19  0.572521  0.783591
17 20  0.572056  0.781779
17 21  0.602786  0.911292
17 22  0.608886  1.219576
17 23  0.594631  0.814918
17 24  0.598310  0.895930
17 25  0.598712  1.277148
17 26  0.577403  0.845801
17 27  0.599301  1.071123
17 28  0.593187  1.075658
17 29  0.573968  0.809601
17 30  0.604738  1.157554
18 19  0.546350  0.597207
18 20  0.547102  0.597845
18 21  0.582568  0.743101
18 22  0.595631  1.038982
18 23  0.551975  0.614877
18 24  0.547805  0.691969
18 25  0.584740  1.110395
18 26  0.558005  0.668640
18 27  0.602508  0.972239
18 28  0.574074  0.912365
18 29  0.554438  0.630228
18 30  0.587481  1.015357
19 20  0.510930  0.525586
19 21  0.588131  0.711531
19 22  0.600455  1.014345
19 23  0.553088  0.577057
19 24  0.578949  0.684898
19 25  0.589746  1.086422
19 26  0.562694  0.637303
19 27  0.607333  0.941012
19 28  0.580607  0.888503
19 29  0.559209  0.598429
19 30  0.592412  0.984713
20 21  0.587460  0.709305
20 22  0.599992  1.013336
20 23  0.551230  0.574697
20 24  0.577406  0.681706
20 25  0.589297  1.085542
20 26  0.562190  0.635741
20 27  0.606870  0.939121
20 28  0.580145  0.887092
20 29  0.558692  0.596818
20 30  0.591961  0.982952
21 22  0.630653  1.153246
21 23  0.609198  0.740039
21 24  0.603630  0.817555
21 25  0.619355  1.204437
21 26  0.554462  0.738558
21 27  0.637106  1.060760
21 28  0.609856  1.020537
21 29  0.553896  0.718703
21 30  0.611866  1.066095
22 23  0.622564  1.045426
22 24  0.625541  1.112071
22 25  0.609693  1.426552
22 26  0.605359  1.077593
22 27  0.611996  1.348112
22 28  0.615481  1.266113
22 29  0.601921  1.038741
22 30  0.629789  1.414290
23 24  0.590971  0.712063
23 25  0.611819  1.115282
23 26  0.584695  0.668320
23 27  0.629439  0.972604
23 28  0.602339  0.920274
23 29  0.581090  0.629843
23 30  0.614450  1.014008
24 25  0.614761  1.197811
24 26  0.586937  0.753378
24 27  0.632112  1.042570
24 28  0.595828  0.963784
24 29  0.582570  0.711994
24 30  0.617407  1.099480
25 26  0.594362  1.132100
25 27  0.615393  1.427222
25 28  0.602135  1.386780
25 29  0.590993  1.103535
25 30  0.602524  1.381326
26 27  0.612182  1.002900
26 28  0.585438  0.954283
26 29  0.515891  0.621019
26 30  0.594436  1.025773
27 28  0.614649  1.182165
27 29  0.608775  0.967420
27 30  0.633026  1.287575
28 29  0.582087  0.915027
28 30  0.579645  1.273977
29 30  0.592029  1.003198
