  -1146.52292248
  -1146.88936658    -1146.76689081
0.00001213462046
2 2 2 2 2 2 2 2 2 2 2 2 2 2 2 0 0 0 0 0 0 0 0 0 0 0 0 0 0 0 
1  0.300429  0.529958
2  0.289996  0.473770
3  0.271044  0.321972
4  0.277534  0.291317
5  0.276683  0.287624
6  0.308428  0.415659
7  0.330481  0.651875
8  0.310991  0.424364
9  0.280903  0.325302
10  0.284185  0.356567
11  0.321437  0.724608
12  0.312255  0.699610
13  0.304743  0.605547
14  0.301006  0.324353
15  0.314528  0.832402
16  0.306075  0.555395
17  0.295014  0.495254
18  0.277123  0.335282
19  0.279751  0.290107
20  0.279199  0.287621
21  0.313217  0.439222
22  0.323956  0.720278
23  0.302664  0.324841
24  0.309634  0.423569
25  0.313306  0.794630
26  0.286843  0.362714
27  0.331279  0.651228
28  0.306828  0.610358
29  0.283400  0.321958
30  0.317245  0.702636
1 2  0.546231  0.971288
1 3  0.571442  0.848953
1 4  0.577959  0.820132
1 5  0.577106  0.816725
1 6  0.608671  0.933082
1 7  0.622976  1.148604
1 8  0.611350  0.951528
1 9  0.581330  0.853913
1 10  0.584607  0.886000
1 11  0.595983  1.156706
1 12  0.611310  1.221251
1 13  0.603075  1.096714
1 14  0.601428  0.854272
1 15  0.612291  1.342618
1 16  0.297783  0.870918
1 17  0.550782  0.987730
1 18  0.577214  0.865092
1 19  0.580126  0.820053
1 20  0.579625  0.817574
1 21  0.613635  0.968570
1 22  0.598236  1.239676
1 23  0.603002  0.854775
1 24  0.609669  0.953048
1 25  0.607314  1.303820
1 26  0.587199  0.892303
1 27  0.627504  1.173850
1 28  0.606404  1.137550
1 29  0.583762  0.851773
1 30  0.617211  1.225932
2 3  0.561029  0.795634
2 4  0.567527  0.764930
2 5  0.566675  0.760979
2 6  0.598304  0.884430
2 7  0.599289  1.051974
2 8  0.600829  0.887654
2 9  0.570877  0.798718
2 10  0.574143  0.827877
2 11  0.605382  1.192098
2 12  0.600042  1.139375
2 13  0.592788  1.056477
2 14  0.590999  0.797605
2 15  0.599364  1.287779
2 16  0.551127  0.991455
2 17  0.289481  0.757300
2 18  0.566986  0.808864
2 19  0.569728  0.763870
2 20  0.569194  0.761386
2 21  0.602971  0.912656
2 22  0.604586  1.172179
2 23  0.592599  0.798587
2 24  0.599594  0.897031
2 25  0.596843  1.256971
2 26  0.576622  0.836331
2 27  0.609928  1.121777
2 28  0.596579  1.082341
2 29  0.573316  0.795661
2 30  0.605982  1.173980
3 4  0.542265  0.605386
3 5  0.543431  0.605272
3 6  0.548775  0.709841
3 7  0.601364  0.972957
3 8  0.581359  0.744764
3 9  0.551825  0.645711
3 10  0.555171  0.675907
3 11  0.592311  1.038538
3 12  0.583032  1.017459
3 13  0.573998  0.919767
3 14  0.550388  0.627190
3 15  0.585205  1.142500
3 16  0.576747  0.877210
3 17  0.565877  0.817058
3 18  0.271939  0.403664
3 19  0.547447  0.609536
3 20  0.549011  0.608397
3 21  0.584073  0.760272
3 22  0.594426  1.041888
3 23  0.545769  0.622967
3 24  0.543882  0.716791
3 25  0.583964  1.116046
3 26  0.557815  0.684592
3 27  0.601808  0.972616
3 28  0.575176  0.930831
3 29  0.554398  0.643885
3 30  0.588263  1.023728
4 5  0.508435  0.535350
4 6  0.582112  0.702018
4 7  0.607977  0.942459
4 8  0.588457  0.715647
4 9  0.558405  0.616225
4 10  0.561708  0.647529
4 11  0.598941  1.013602
4 12  0.589774  0.990755
4 13  0.581972  0.894064
4 14  0.551924  0.590178
4 15  0.592023  1.121831
4 16  0.583524  0.846692
4 17  0.572520  0.786558
4 18  0.550874  0.623765
4 19  0.274303  0.306631
4 20  0.505258  0.529976
4 21  0.590571  0.730334
4 22  0.601314  1.011538
4 23  0.543964  0.581642
4 24  0.586289  0.714252
4 25  0.590657  1.085833
4 26  0.564360  0.653963
4 27  0.608719  0.942508
4 28  0.583740  0.901494
4 29  0.560865  0.613198
4 30  0.594726  0.993820
5 6  0.579520  0.695835
5 7  0.607126  0.938326
5 8  0.587421  0.711369
5 9  0.557492  0.612629
5 10  0.560820  0.644099
5 11  0.598086  1.010993
5 12  0.588927  0.987020
5 13  0.581193  0.890844
5 14  0.549785  0.585840
5 15  0.591177  1.119749
5 16  0.582739  0.843010
5 17  0.571696  0.782870
5 18  0.552548  0.621779
5 19  0.505525  0.529289
5 20  0.275683  0.301618
5 21  0.588928  0.726249
5 22  0.600584  1.007878
5 23  0.542270  0.576747
5 24  0.584404  0.709928
5 25  0.589870  1.082171
5 26  0.563491  0.650244
5 27  0.607952  0.938840
5 28  0.583389  0.897965
5 29  0.559714  0.609226
5 30  0.593857  0.990151
6 7  0.637797  1.051415
6 8  0.609538  0.828381
6 9  0.586912  0.735378
6 10  0.591391  0.770354
6 11  0.629013  1.119300
6 12  0.619669  1.112538
6 13  0.601960  0.976109
6 14  0.593500  0.729704
6 15  0.621952  1.239812
6 16  0.614050  0.970550
6 17  0.603385  0.910578
6 18  0.549087  0.723693
6 19  0.587304  0.705095
6 20  0.585435  0.701775
6 21  0.610514  0.842033
6 22  0.631284  1.134894
6 23  0.586541  0.720803
6 24  0.370800  0.647400
6 25  0.619406  1.206303
6 26  0.594808  0.776277
6 27  0.639201  1.066302
6 28  0.606345  1.024036
6 29  0.589658  0.735916
6 30  0.623991  1.110585
7 8  0.640833  1.057346
7 9  0.611345  0.976964
7 10  0.614571  1.005723
7 11  0.614897  1.345112
7 12  0.633797  1.289120
7 13  0.620366  1.184046
7 14  0.631467  0.975566
7 15  0.621338  1.456191
7 16  0.631491  1.198012
7 17  0.613429  1.143161
7 18  0.607163  0.986480
7 19  0.610154  0.941955
7 20  0.609679  0.939487
7 21  0.643549  1.090250
7 22  0.615474  1.331496
7 23  0.633014  0.976603
7 24  0.639670  1.074818
7 25  0.615849  1.397450
7 26  0.617099  1.013878
7 27  0.413056  1.147347
7 28  0.632833  1.258675
7 29  0.613769  0.973578
7 30  0.644272  1.346863
8 9  0.555542  0.730055
8 10  0.555796  0.744574
8 11  0.632194  1.147371
8 12  0.613371  1.070490
8 13  0.614312  1.021195
8 14  0.610943  0.744751
8 15  0.624816  1.237005
8 16  0.617049  0.979150
8 17  0.605748  0.919289
8 18  0.587942  0.758490
8 19  0.590498  0.714297
8 20  0.589159  0.711365
8 21  0.386874  0.691958
8 22  0.634759  1.142745
8 23  0.612232  0.748170
8 24  0.608937  0.835192
8 25  0.621385  1.215802
8 26  0.548719  0.750510
8 27  0.642130  1.074898
8 28  0.616709  1.030284
8 29  0.547912  0.710080
8 30  0.618498  1.125210
9 10  0.517124  0.638878
9 11  0.602323  1.044539
9 12  0.591614  1.017191
9 13  0.585562  0.928257
9 14  0.581656  0.649497
9 15  0.595149  1.144397
9 16  0.586845  0.880546
9 17  0.575782  0.820472
9 18  0.557981  0.660544
9 19  0.560579  0.615323
9 20  0.559731  0.612569
9 21  0.547849  0.728351
9 22  0.604780  1.045306
9 23  0.583006  0.649676
9 24  0.588531  0.747300
9 25  0.594138  1.119638
9 26  0.514581  0.646490
9 27  0.612004  0.976228
9 28  0.587641  0.935191
9 29  0.290305  0.396947
9 30  0.597671  1.027341
10 11  0.605598  1.076696
10 12  0.593715  1.033423
10 13  0.588771  0.961044
10 14  0.585099  0.680220
10 15  0.598347  1.166199
10 16  0.590118  0.911590
10 17  0.578894  0.851650
10 18  0.561219  0.691751
10 19  0.563927  0.646635
10 20  0.563354  0.644124
10 21  0.549850  0.759977
10 22  0.608106  1.076127
10 23  0.586787  0.681366
10 24  0.593366  0.778296
10 25  0.596866  1.150483
10 26  0.294713  0.482410
10 27  0.615137  1.007104
10 28  0.590931  0.965242
10 29  0.513989  0.637051
10 30  0.598963  1.058390
11 12  0.629041  1.410054
11 13  0.618501  1.269378
11 14  0.622429  1.048413
11 15  0.611487  1.447771
11 16  0.600590  1.268934
11 17  0.606755  1.194754
11 18  0.597976  1.059449
11 19  0.601067  1.014672
11 20  0.600621  1.012211
11 21  0.634435  1.161753
11 22  0.417553  1.304944
11 23  0.623999  1.049376
11 24  0.630047  1.146989
11 25  0.603559  1.479182
11 26  0.608265  1.086502
11 27  0.614243  1.337022
11 28  0.624619  1.328602
11 29  0.604800  1.046273
11 30  0.635181  1.404234
12 13  0.583106  1.278850
12 14  0.613183  1.020159
12 15  0.604012  1.410420
12 16  0.617786  1.247383
12 17  0.605993  1.192158
12 18  0.589315  1.033308
12 19  0.591990  0.989655
12 20  0.591399  0.987183
12 21  0.615761  1.136919
12 22  0.632804  1.395858
12 23  0.614882  1.024365
12 24  0.620010  1.114641
12 25  0.599070  1.463142
12 26  0.596578  1.061576
12 27  0.640355  1.343514
12 28  0.584168  1.253395
12 29  0.595197  1.021115
12 30  0.368211  1.275974
13 14  0.605395  0.929620
13 15  0.608405  1.418880
13 16  0.609979  1.157934
13 17  0.599503  1.098876
13 18  0.579007  0.939258
13 19  0.583780  0.895412
13 20  0.583864  0.893160
13 21  0.616491  1.039375
13 22  0.624768  1.319343
13 23  0.606831  0.929917
13 24  0.605757  1.027105
13 25  0.602787  1.358649
13 26  0.591511  0.966069
13 27  0.631661  1.253597
13 28  0.356228  1.079169
13 29  0.588066  0.926956
13 30  0.586301  1.250618
14 15  0.615486  1.153201
14 16  0.607010  0.879721
14 17  0.595950  0.819586
14 18  0.549311  0.634430
14 19  0.543759  0.578516
14 20  0.543407  0.576170
14 21  0.612753  0.762635
14 22  0.624903  1.044570
14 23  0.373574  0.433475
14 24  0.586593  0.728325
14 25  0.614304  1.118873
14 26  0.587799  0.687026
14 27  0.632155  0.975500
14 28  0.607452  0.934411
14 29  0.583834  0.645822
14 30  0.618188  1.026942
15 16  0.613869  1.365077
15 17  0.603406  1.314597
15 18  0.591125  1.166910
15 19  0.594125  1.122422
15 20  0.593669  1.119963
15 21  0.624837  1.267832
15 22  0.607415  1.513018
15 23  0.617160  1.157093
15 24  0.621969  1.251208
15 25  0.431202  1.524653
15 26  0.600779  1.194331
15 27  0.617998  1.431234
15 28  0.605477  1.397805
15 29  0.597870  1.154107
15 30  0.604390  1.502334
16 17  0.555020  1.015555
16 18  0.583150  0.885903
16 19  0.585822  0.844890
16 20  0.585269  0.842628
16 21  0.619198  0.991509
16 22  0.603103  1.168806
16 23  0.608729  0.879896
16 24  0.615468  0.964334
16 25  0.616109  1.329874
16 26  0.592909  0.917746
16 27  0.629410  1.169383
16 28  0.610527  1.121443
16 29  0.589470  0.876569
16 30  0.621704  1.249041
17 18  0.572120  0.830251
17 19  0.574763  0.785314
17 20  0.574210  0.782569
17 21  0.608025  0.921814
17 22  0.612638  1.208468
17 23  0.597675  0.819861
17 24  0.604487  0.912955
17 25  0.602511  1.268761
17 26  0.581819  0.854474
17 27  0.603245  1.065939
17 28  0.599484  1.080254
17 29  0.578391  0.816593
17 30  0.609738  1.159219
18 19  0.550027  0.617334
18 20  0.550722  0.617657
18 21  0.589241  0.772989
18 22  0.600851  1.044855
18 23  0.556539  0.639096
18 24  0.555245  0.727357
18 25  0.589984  1.117917
18 26  0.563908  0.695995
18 27  0.608167  0.984572
18 28  0.581680  0.934037
18 29  0.560347  0.655911
18 30  0.594041  1.034844
19 20  0.512645  0.533762
19 21  0.592848  0.729254
19 22  0.603687  1.009110
19 23  0.555682  0.588802
19 24  0.584528  0.708547
19 25  0.593019  1.083493
19 26  0.566579  0.652583
19 27  0.611004  0.941044
19 28  0.586455  0.899174
19 29  0.563097  0.611803
19 30  0.596974  0.992494
20 21  0.592078  0.726084
20 22  0.603134  1.007449
20 23  0.553660  0.585842
20 24  0.582851  0.704306
20 25  0.592484  1.082224
20 26  0.565982  0.650280
20 27  0.610454  0.938131
20 28  0.585896  0.896876
20 29  0.562484  0.609402
20 30  0.596437  0.989981
21 22  0.636881  1.157728
21 23  0.614643  0.760325
21 24  0.611870  0.850144
21 25  0.625613  1.211487
21 26  0.561154  0.763056
21 27  0.643772  1.069595
21 28  0.618646  1.040493
21 29  0.560466  0.741903
21 30  0.618943  1.080945
22 23  0.626591  1.043670
22 24  0.632610  1.120731
22 25  0.614306  1.414973
22 26  0.610772  1.079686
22 27  0.616978  1.335773
22 28  0.622564  1.263874
22 29  0.607342  1.038744
22 30  0.635768  1.409632
23 24  0.597451  0.739822
23 25  0.615884  1.115234
23 26  0.589366  0.686850
23 27  0.633912  0.975904
23 28  0.608908  0.934393
23 29  0.585767  0.646614
23 30  0.619808  1.024439
24 25  0.621895  1.210085
24 26  0.594717  0.784398
24 27  0.639595  1.056896
24 28  0.604619  0.985282
24 29  0.590331  0.740633
24 30  0.625871  1.123074
25 26  0.599783  1.135651
25 27  0.620769  1.418085
25 28  0.609405  1.386628
25 29  0.596425  1.105623
25 30  0.608505  1.379700
26 27  0.618033  1.010063
26 28  0.593467  0.972288
26 29  0.521612  0.641620
26 30  0.600946  1.039170
27 28  0.621669  1.184574
27 29  0.614632  0.972778
27 30  0.639407  1.288782
28 29  0.590127  0.930933
28 30  0.588308  1.285136
29 30  0.598534  1.015698
