  -1146.51522843
  -1146.87046536    -1146.73415290
0.00014295200879
2 2 2 2 2 2 2 2 2 2 2 2 2 2 2 0 0 0 0 0 0 0 0 0 0 0 0 0 0 0 
1  0.256480  0.527551
2  0.273487  0.511998
3  0.285388  0.611494
4  0.258667  0.282438
5  0.270318  0.277108
6  0.273246  0.279878
7  0.261734  0.281462
8  0.295452  0.587731
9  0.295271  0.709156
10  0.283982  0.377004
11  0.298791  0.840034
12  0.279549  0.342954
13  0.288648  0.300019
14  0.260138  0.280704
15  0.292155  0.762628
16  0.269563  0.575445
17  0.285440  0.616538
18  0.276738  0.523808
19  0.263604  0.294028
20  0.272592  0.278581
21  0.275470  0.281251
22  0.290475  0.302364
23  0.292165  0.571375
24  0.283689  0.379378
25  0.298328  0.845408
26  0.264751  0.284339
27  0.295940  0.706820
28  0.261184  0.277253
29  0.282250  0.342596
30  0.293596  0.726947
1 2  0.529133  1.018748
1 3  0.540478  1.095524
1 4  0.515003  0.809680
1 5  0.526785  0.804514
1 6  0.529697  0.807417
1 7  0.517869  0.806959
1 8  0.526865  1.080957
1 9  0.537495  1.139281
1 10  0.539806  0.902940
1 11  0.550767  1.322397
1 12  0.534615  0.858212
1 13  0.545069  0.826597
1 14  0.516537  0.808208
1 15  0.543777  1.283509
1 16  0.248417  0.929751
1 17  0.541746  1.139582
1 18  0.532793  1.048096
1 19  0.520047  0.820879
1 20  0.529040  0.806116
1 21  0.531943  0.808787
1 22  0.546912  0.829886
1 23  0.523609  1.068544
1 24  0.539858  0.903335
1 25  0.550110  1.349436
1 26  0.519728  0.811419
1 27  0.550955  1.222661
1 28  0.517300  0.804485
1 29  0.536029  0.869291
1 30  0.529865  1.241011
2 3  0.515795  1.089436
2 4  0.532145  0.793169
2 5  0.543804  0.789072
2 6  0.546732  0.791746
2 7  0.535218  0.792150
2 8  0.568116  1.068737
2 9  0.557877  1.157569
2 10  0.557423  0.886283
2 11  0.559869  1.344011
2 12  0.553030  0.854331
2 13  0.562133  0.811662
2 14  0.533620  0.791674
2 15  0.559538  1.235056
2 16  0.542752  1.084558
2 17  0.276431  0.949263
2 18  0.508683  1.002414
2 19  0.537045  0.805943
2 20  0.546077  0.790573
2 21  0.548951  0.793239
2 22  0.563957  0.814353
2 23  0.565542  1.080493
2 24  0.557057  0.890938
2 25  0.540279  1.301806
2 26  0.538232  0.796302
2 27  0.568293  1.213220
2 28  0.534663  0.789219
2 29  0.555676  0.854367
2 30  0.565182  1.228108
3 4  0.544052  0.893849
3 5  0.555706  0.888512
3 6  0.558634  0.891356
3 7  0.547118  0.892101
3 8  0.580347  1.187314
3 9  0.573496  1.243055
3 10  0.569360  0.987094
3 11  0.560712  1.342776
3 12  0.564924  0.949063
3 13  0.574036  0.911176
3 14  0.545521  0.892137
3 15  0.573875  1.361370
3 16  0.553240  1.181788
3 17  0.515963  1.145076
3 18  0.280150  0.956726
3 19  0.548984  0.905441
3 20  0.557978  0.890068
3 21  0.560856  0.892740
3 22  0.575863  0.913845
3 23  0.577320  1.179187
3 24  0.569038  0.990265
3 25  0.562084  1.408326
3 26  0.550096  0.895757
3 27  0.578360  1.306592
3 28  0.546570  0.888704
3 29  0.567508  0.953739
3 30  0.574261  1.330455
4 5  0.524963  0.555445
4 6  0.526149  0.555998
4 7  0.520284  0.562950
4 8  0.551867  0.862423
4 9  0.553905  0.990877
4 10  0.515588  0.633496
4 11  0.557455  1.121099
4 12  0.537481  0.624766
4 13  0.527460  0.564374
4 14  0.518667  0.562284
4 15  0.550700  1.039897
4 16  0.528182  0.857382
4 17  0.543973  0.898858
4 18  0.535364  0.806207
4 19  0.248195  0.315699
4 20  0.530316  0.560001
4 21  0.530702  0.560674
4 22  0.522581  0.559543
4 23  0.548366  0.852577
4 24  0.508800  0.634922
4 25  0.556708  1.127535
4 26  0.523133  0.566569
4 27  0.554042  0.989057
4 28  0.519711  0.559569
4 29  0.540706  0.624395
4 30  0.552167  1.009134
5 6  0.496959  0.511516
5 7  0.532004  0.558476
5 8  0.565696  0.864452
5 9  0.565587  0.986218
5 10  0.550228  0.649028
5 11  0.569109  1.116560
5 12  0.549689  0.619641
5 13  0.530540  0.549726
5 14  0.530363  0.557522
5 15  0.562463  1.038990
5 16  0.539827  0.852513
5 17  0.555749  0.893636
5 18  0.547048  0.800908
5 19  0.532870  0.570091
5 20  0.267206  0.284575
5 21  0.493762  0.507365
5 22  0.523274  0.542200
5 23  0.562130  0.848302
5 24  0.552562  0.655500
5 25  0.568639  1.122499
5 26  0.535057  0.561429
5 27  0.566210  0.983912
5 28  0.531290  0.554195
5 29  0.551740  0.619079
5 30  0.563914  1.004041
6 7  0.534960  0.561251
6 8  0.568530  0.866606
6 9  0.568513  0.989016
6 10  0.554843  0.654150
6 11  0.572037  1.119488
6 12  0.552762  0.622791
6 13  0.532538  0.551627
6 14  0.533347  0.560427
6 15  0.565392  1.041597
6 16  0.542804  0.855301
6 17  0.558658  0.896402
6 18  0.549972  0.803680
6 19  0.532954  0.570514
6 20  0.493579  0.507114
6 21  0.268614  0.285603
6 22  0.525573  0.544411
6 23  0.564726  0.850953
6 24  0.556181  0.658749
6 25  0.571525  1.125256
6 26  0.537990  0.564210
6 27  0.569053  0.986672
6 28  0.534415  0.557117
6 29  0.555251  0.622252
6 30  0.566832  1.006809
7 8  0.554173  0.860789
7 9  0.556973  0.988206
7 10  0.543502  0.654853
7 11  0.560511  1.121341
7 12  0.510866  0.599994
7 13  0.550315  0.581388
7 14  0.477809  0.523842
7 15  0.553824  1.042233
7 16  0.530260  0.856525
7 17  0.547170  0.897960
7 18  0.538468  0.805226
7 19  0.524963  0.575231
7 20  0.534294  0.560007
7 21  0.537199  0.562710
7 22  0.551888  0.583573
7 23  0.552446  0.852092
7 24  0.545137  0.660206
7 25  0.559996  1.126703
7 26  0.259013  0.315626
7 27  0.557669  0.988233
7 28  0.474924  0.515500
7 29  0.503276  0.587280
7 30  0.555206  1.008208
8 9  0.586597  1.253025
8 10  0.568370  0.941936
8 11  0.592855  1.413695
8 12  0.566286  0.924747
8 13  0.583601  0.886423
8 14  0.554084  0.863604
8 15  0.575184  1.263106
8 16  0.533325  1.105332
8 17  0.579914  1.199664
8 18  0.572050  1.109114
8 19  0.555812  0.880249
8 20  0.567820  0.866218
8 21  0.570177  0.868704
8 22  0.585653  0.889955
8 23  0.346551  1.029390
8 24  0.562579  0.953091
8 25  0.589465  1.419112
8 26  0.558200  0.870799
8 27  0.584955  1.289245
8 28  0.556311  0.864677
8 29  0.563257  0.915295
8 30  0.583751  1.281099
9 10  0.579129  1.085215
9 11  0.566773  1.487811
9 12  0.574750  1.044575
9 13  0.583912  1.008291
9 14  0.555394  0.989427
9 15  0.553800  1.442427
9 16  0.555355  1.278478
9 17  0.577275  1.314793
9 18  0.570922  1.227798
9 19  0.558837  1.003002
9 20  0.567857  0.987726
9 21  0.570735  0.990397
9 22  0.585745  1.011498
9 23  0.586076  1.273930
9 24  0.578776  1.087279
9 25  0.549057  1.425889
9 26  0.559890  0.993387
9 27  0.551554  1.398263
9 28  0.556443  0.986357
9 29  0.577123  1.051268
9 30  0.427155  1.346778
10 11  0.582695  1.202417
10 12  0.555331  0.710689
10 13  0.560645  0.668999
10 14  0.540944  0.650207
10 15  0.575175  1.113228
10 16  0.553250  0.948742
10 17  0.569068  0.992942
10 18  0.560544  0.900371
10 19  0.513821  0.644816
10 20  0.554845  0.654358
10 21  0.558772  0.657778
10 22  0.553826  0.662337
10 23  0.561031  0.933190
10 24  0.333190  0.562270
10 25  0.581841  1.220760
10 26  0.548490  0.660673
10 27  0.578270  1.082898
10 28  0.543658  0.653338
10 29  0.551658  0.703732
10 30  0.577526  1.102710
11 12  0.578248  1.171381
11 13  0.587439  1.139923
11 14  0.558920  1.119324
11 15  0.564555  1.485152
11 16  0.562329  1.403679
11 17  0.564876  1.403891
11 18  0.545103  1.311751
11 19  0.562346  1.133719
11 20  0.571383  1.118605
11 21  0.574258  1.121270
11 22  0.589243  1.142312
11 23  0.587404  1.389548
11 24  0.582416  1.218077
11 25  0.477130  1.656136
11 26  0.563412  1.124164
11 27  0.548945  1.425700
11 28  0.559880  1.117087
11 29  0.580900  1.181873
11 30  0.564044  1.551617
12 13  0.567324  0.641358
12 14  0.509624  0.600405
12 15  0.571346  1.101833
12 16  0.546343  0.917512
12 17  0.564921  0.959194
12 18  0.556210  0.866471
12 19  0.542924  0.636219
12 20  0.551295  0.620903
12 21  0.554708  0.623946
12 22  0.569154  0.644748
12 23  0.555380  0.898919
12 24  0.549888  0.707127
12 25  0.577860  1.187722
12 26  0.505346  0.593145
12 27  0.575132  1.049130
12 28  0.500909  0.585055
12 29  0.337453  0.495255
12 30  0.573002  1.069257
13 14  0.548587  0.580556
13 15  0.580795  1.062465
13 16  0.558072  0.875436
13 17  0.574071  0.916542
13 18  0.565386  0.823817
13 19  0.526169  0.569246
13 20  0.523857  0.541456
13 21  0.524236  0.541710
13 22  0.353566  0.385074
13 23  0.580669  0.871331
13 24  0.551439  0.661904
13 25  0.586909  1.145362
13 26  0.553273  0.584262
13 27  0.584536  1.006815
13 28  0.549195  0.576787
13 29  0.570025  0.642050
13 30  0.582192  1.026926
14 15  0.552188  1.038023
14 16  0.529580  0.855764
14 17  0.545528  0.897181
14 18  0.536867  0.804481
14 19  0.523589  0.574579
14 20  0.532412  0.559003
14 21  0.535573  0.561921
14 22  0.549702  0.582259
14 23  0.552053  0.851678
14 24  0.541832  0.658785
14 25  0.558327  1.125916
14 26  0.474646  0.519776
14 27  0.555926  0.987430
14 28  0.255069  0.307297
14 29  0.504199  0.589568
14 30  0.553664  1.007488
15 16  0.553888  1.290881
15 17  0.572979  1.370534
15 18  0.566610  1.271550
15 19  0.555064  1.056400
15 20  0.564741  1.041200
15 21  0.567552  1.043863
15 22  0.582493  1.064958
15 23  0.568535  1.313141
15 24  0.574353  1.140872
15 25  0.562865  1.593018
15 26  0.556771  1.046785
15 27  0.430367  1.381309
15 28  0.552876  1.039746
15 29  0.574358  1.104770
15 30  0.541989  1.404624
16 17  0.554216  1.183840
16 18  0.544915  1.064019
16 19  0.533038  0.869311
16 20  0.542143  0.853793
16 21  0.545007  0.856676
16 22  0.559971  0.877049
16 23  0.534702  1.112880
16 24  0.552259  0.951297
16 25  0.564997  1.391669
16 26  0.533911  0.857066
16 27  0.561306  1.258061
16 28  0.530595  0.852624
16 29  0.550196  0.904213
16 30  0.542441  1.182745
17 18  0.518051  1.109545
17 19  0.549029  0.907295
17 20  0.558032  0.895031
17 21  0.560910  0.897506
17 22  0.575910  0.918421
17 23  0.576585  1.147106
17 24  0.569058  0.987117
17 25  0.561190  1.358086
17 26  0.550184  0.899945
17 27  0.573993  1.236382
17 28  0.546618  0.892235
17 29  0.567667  0.958736
17 30  0.574127  1.332335
18 19  0.540332  0.817318
18 20  0.549330  0.802378
18 21  0.552208  0.805031
18 22  0.567210  0.825819
18 23  0.568040  1.072458
18 24  0.560402  0.902666
18 25  0.560079  1.356229
18 26  0.541487  0.806857
18 27  0.562113  1.181174
18 28  0.537917  0.800761
18 29  0.558977  0.864181
18 30  0.562901  1.197281
19 20  0.530933  0.567483
19 21  0.532867  0.568517
19 22  0.532573  0.576647
19 23  0.552792  0.855878
19 24  0.520049  0.645608
19 25  0.561858  1.134369
19 26  0.528286  0.577607
19 27  0.559310  0.994822
19 28  0.524661  0.570465
19 29  0.544498  0.635471
19 30  0.557149  1.020341
20 21  0.500876  0.513844
20 22  0.534315  0.553148
20 23  0.564692  0.849811
20 24  0.551833  0.652775
20 25  0.570919  1.123586
20 26  0.537305  0.562873
20 27  0.568525  0.985273
20 28  0.533691  0.555628
20 29  0.554611  0.620711
20 30  0.566186  1.005212
21 22  0.537002  0.555495
21 23  0.567434  0.851719
21 24  0.555898  0.657246
21 25  0.573795  1.126124
21 26  0.540198  0.565522
21 27  0.571396  0.987553
21 28  0.536605  0.558368
21 29  0.557660  0.623797
21 30  0.569063  1.008080
22 23  0.581863  0.871614
22 24  0.562290  0.674032
22 25  0.588793  1.147562
22 26  0.555153  0.586571
22 27  0.586380  1.008146
22 28  0.551450  0.579469
22 29  0.571538  0.643091
22 30  0.584059  1.029081
23 24  0.565630  0.930682
23 25  0.587603  1.384017
23 26  0.553503  0.846942
23 27  0.576221  1.176615
23 28  0.550789  0.843825
23 29  0.565251  0.906430
23 30  0.583094  1.287856
24 25  0.581632  1.202632
24 26  0.546049  0.660859
24 27  0.578724  1.071568
24 28  0.541564  0.649863
24 29  0.556976  0.711819
24 30  0.576931  1.098314
25 26  0.563047  1.129563
25 27  0.569991  1.477826
25 28  0.559467  1.120372
25 29  0.580491  1.181686
25 30  0.567152  1.465464
26 27  0.560615  0.988381
26 28  0.481509  0.523786
26 29  0.515223  0.599640
26 30  0.558333  1.010058
27 28  0.557023  0.980945
27 29  0.577923  1.048827
27 30  0.552351  1.407287
28 29  0.514203  0.596938
28 30  0.554759  1.003924
29 30  0.575712  1.058419
