  -1146.51522843
  -1146.87637085    -1146.74790386
0.00000383280014
2 2 2 2 2 2 2 2 2 2 2 2 2 2 2 0 0 0 0 0 0 0 0 0 0 0 0 0 0 0 
1  0.269331  0.557246
2  0.280200  0.456671
3  0.291816  0.539647
4  0.269223  0.362660
5  0.274385  0.321942
6  0.277318  0.317878
7  0.275013  0.348463
8  0.316395  0.675067
9  0.309011  0.641571
10  0.304130  0.552147
11  0.308983  0.722993
12  0.295378  0.475499
13  0.295481  0.368841
14  0.274443  0.356551
15  0.306514  0.681635
16  0.283592  0.586596
17  0.292859  0.540598
18  0.283512  0.471389
19  0.274313  0.380484
20  0.276586  0.322678
21  0.279448  0.316693
22  0.297373  0.371490
23  0.312650  0.660475
24  0.302449  0.556359
25  0.309412  0.732040
26  0.277948  0.348026
27  0.310603  0.644022
28  0.275724  0.350352
29  0.298069  0.479305
30  0.306679  0.648020
1 2  0.548395  0.996154
1 3  0.559561  1.058026
1 4  0.538367  0.918509
1 5  0.543684  0.877238
1 6  0.546588  0.874939
1 7  0.543879  0.901345
1 8  0.560179  1.186674
1 9  0.561275  1.106101
1 10  0.572490  1.101221
1 11  0.573269  1.237814
1 12  0.563012  1.003528
1 13  0.564713  0.918513
1 14  0.543602  0.913117
1 15  0.570812  1.234126
1 16  0.272138  0.972766
1 17  0.562031  1.094083
1 18  0.552238  1.026873
1 19  0.543601  0.935792
1 20  0.545800  0.879785
1 21  0.548743  0.873803
1 22  0.566401  0.928465
1 23  0.557099  1.190849
1 24  0.571390  1.106875
1 25  0.573957  1.270608
1 26  0.545721  0.904694
1 27  0.578329  1.191558
1 28  0.544684  0.906640
1 29  0.564651  1.035368
1 30  0.553739  1.193484
2 3  0.528595  0.964635
2 4  0.549389  0.816219
2 5  0.554582  0.778505
2 6  0.557515  0.773981
2 7  0.555193  0.802298
2 8  0.595353  1.103081
2 9  0.577071  1.050643
2 10  0.584237  1.005461
2 11  0.576878  1.174912
2 12  0.575566  0.930418
2 13  0.575672  0.824161
2 14  0.554624  0.811676
2 15  0.579664  1.111033
2 16  0.563433  1.041231
2 17  0.288901  0.794726
2 18  0.522468  0.899319
2 19  0.554333  0.836915
2 20  0.556769  0.779281
2 21  0.559608  0.773323
2 22  0.577560  0.828007
2 23  0.592614  1.115006
2 24  0.582263  1.011993
2 25  0.558020  1.145480
2 26  0.558136  0.804559
2 27  0.589576  1.098890
2 28  0.555904  0.806874
2 29  0.578096  0.935375
2 30  0.584823  1.097040
3 4  0.561027  0.901721
3 5  0.566201  0.860659
3 6  0.569134  0.857421
3 7  0.566811  0.886192
3 8  0.607507  1.200700
3 9  0.593028  1.124410
3 10  0.595932  1.087491
3 11  0.576783  1.183355
3 12  0.587175  1.003495
3 13  0.587294  0.905656
3 14  0.566242  0.895779
3 15  0.594350  1.214375
3 16  0.573316  1.123542
3 17  0.530208  1.016950
3 18  0.291881  0.810411
3 19  0.566106  0.919675
3 20  0.568392  0.862207
3 21  0.571258  0.856276
3 22  0.589188  0.910874
3 23  0.604130  1.196953
3 24  0.594160  1.094072
3 25  0.579710  1.234974
3 26  0.569672  0.887441
3 27  0.599345  1.175331
3 28  0.567539  0.889763
3 29  0.589587  1.017834
3 30  0.593277  1.185057
4 5  0.539150  0.678064
4 6  0.540318  0.669317
4 7  0.544058  0.706156
4 8  0.582261  1.013650
4 9  0.578185  1.002117
4 10  0.545118  0.881369
4 11  0.578196  1.083021
4 12  0.563689  0.836410
4 13  0.544495  0.716691
4 14  0.543484  0.716337
4 15  0.575529  1.032929
4 16  0.552736  0.947840
4 17  0.561744  0.902859
4 18  0.552629  0.833818
4 19  0.266475  0.503262
4 20  0.544741  0.683506
4 21  0.545064  0.677329
4 22  0.540315  0.708875
4 23  0.579005  1.021872
4 24  0.537935  0.896150
4 25  0.578167  1.093679
4 26  0.546780  0.710526
4 27  0.578982  1.006165
4 28  0.544784  0.712736
4 29  0.566994  0.839672
4 30  0.575788  1.009919
5 6  0.505430  0.599515
5 7  0.549305  0.669752
5 8  0.590685  0.995739
5 9  0.583390  0.962612
5 10  0.573864  0.859039
5 11  0.583365  1.041171
5 12  0.569523  0.794673
5 13  0.541586  0.665508
5 14  0.548676  0.676171
5 15  0.580877  0.999908
5 16  0.557812  0.908369
5 17  0.567172  0.862449
5 18  0.557849  0.793260
5 19  0.547507  0.700717
5 20  0.274646  0.393406
5 21  0.502321  0.592782
5 22  0.534428  0.656685
5 23  0.586528  0.981478
5 24  0.575330  0.877863
5 25  0.583768  1.053695
5 26  0.552320  0.669870
5 27  0.584865  0.965790
5 28  0.549851  0.672127
5 29  0.571459  0.800717
5 30  0.581049  0.969756
6 7  0.552303  0.665118
6 8  0.593485  0.987788
6 9  0.586320  0.959273
6 10  0.578668  0.861817
6 11  0.586298  1.039282
6 12  0.572648  0.793291
6 13  0.543770  0.663181
6 14  0.551703  0.673097
6 15  0.583811  0.995766
6 16  0.560872  0.904343
6 17  0.570050  0.858397
6 18  0.560765  0.789224
6 19  0.547577  0.696052
6 20  0.502182  0.593510
6 21  0.276149  0.377013
6 22  0.536813  0.652203
6 23  0.588919  0.977844
6 24  0.578908  0.873816
6 25  0.586622  1.049685
6 26  0.555258  0.665866
6 27  0.587654  0.961763
6 28  0.553025  0.668206
6 29  0.575096  0.796752
6 30  0.583997  0.965771
7 8  0.587763  1.002793
7 9  0.583971  0.985566
7 10  0.576438  0.891665
7 11  0.583968  1.070845
7 12  0.538812  0.803981
7 13  0.570393  0.716676
7 14  0.502743  0.670117
7 15  0.581418  1.026023
7 16  0.557380  0.934441
7 17  0.567866  0.888839
7 18  0.558498  0.819699
7 19  0.548840  0.728771
7 20  0.551551  0.670996
7 21  0.554452  0.665123
7 22  0.572062  0.719621
7 23  0.585959  1.008310
7 24  0.576953  0.903262
7 25  0.584316  1.080039
7 26  0.280122  0.458420
7 27  0.585603  0.992209
7 28  0.500315  0.656074
7 29  0.530784  0.788518
7 30  0.581538  0.996084
8 9  0.621012  1.272612
8 10  0.605991  1.190734
8 11  0.623838  1.388796
8 12  0.602268  1.137534
8 13  0.610946  1.036792
8 14  0.588824  1.021461
8 15  0.608813  1.283471
8 16  0.568623  1.213626
8 17  0.608172  1.212224
8 18  0.599781  1.144658
8 19  0.587133  1.054142
8 20  0.592646  0.996865
8 21  0.594824  0.991383
8 22  0.613448  1.046021
8 23  0.385601  1.230045
8 24  0.599816  1.196845
8 25  0.621214  1.395005
8 26  0.592194  1.022196
8 27  0.619684  1.314927
8 28  0.591579  1.023789
8 29  0.599816  1.130572
8 30  0.617588  1.296815
9 10  0.612990  1.189788
9 11  0.590264  1.319672
9 12  0.604290  1.100703
9 13  0.604477  1.005140
9 14  0.583419  0.997656
9 15  0.581419  1.306584
9 16  0.581055  1.224215
9 17  0.598086  1.174949
9 18  0.591301  1.111069
9 19  0.583282  1.021118
9 20  0.585564  0.964063
9 21  0.588445  0.958153
9 22  0.606370  1.012650
9 23  0.620085  1.296781
9 24  0.611185  1.194271
9 25  0.572508  1.277110
9 26  0.586802  0.989274
9 27  0.579035  1.269049
9 28  0.584732  0.991618
9 29  0.606686  1.119133
9 30  0.451005  1.191610
10 11  0.612955  1.246945
10 12  0.589926  1.007135
10 13  0.587179  0.912626
10 14  0.574852  0.887505
10 15  0.609243  1.190161
10 16  0.587310  1.132550
10 17  0.596231  1.091196
10 18  0.587289  1.022083
10 19  0.544278  0.910689
10 20  0.578947  0.874084
10 21  0.582796  0.868440
10 22  0.580876  0.904416
10 23  0.598960  1.178142
10 24  0.368781  0.961633
10 25  0.612905  1.279234
10 26  0.581588  0.898319
10 27  0.613089  1.192677
10 28  0.578152  0.902069
10 29  0.586704  1.009246
10 30  0.610727  1.197613
11 12  0.604222  1.175344
11 13  0.604462  1.089080
11 14  0.583407  1.074885
11 15  0.587791  1.327756
11 16  0.586254  1.301916
11 17  0.582470  1.224202
11 18  0.561645  1.154073
11 19  0.583164  1.102510
11 20  0.585568  1.045410
11 21  0.588414  1.039538
11 22  0.606291  1.093924
11 23  0.617935  1.366061
11 24  0.611340  1.275486
11 25  0.497427  1.416022
11 26  0.586735  1.070531
11 27  0.571758  1.275335
11 28  0.584616  1.072813
11 29  0.606851  1.199540
11 30  0.586892  1.363038
12 13  0.589631  0.833686
12 14  0.537800  0.808014
12 15  0.601326  1.148930
12 16  0.576211  1.060779
12 17  0.588079  1.015162
12 18  0.578588  0.946228
12 19  0.569341  0.853503
12 20  0.571003  0.797698
12 21  0.574467  0.791766
12 22  0.591885  0.846663
12 23  0.591540  1.113101
12 24  0.583591  1.011442
12 25  0.604772  1.205431
12 26  0.532938  0.789155
12 27  0.605531  1.117376
12 28  0.528487  0.787996
12 29  0.367719  0.804346
12 30  0.601903  1.121479
13 14  0.569679  0.724621
13 15  0.601966  1.050022
13 16  0.578729  0.955120
13 17  0.588325  0.909231
13 18  0.578993  0.840066
13 19  0.543846  0.724463
13 20  0.534811  0.655211
13 21  0.535212  0.646723
13 22  0.366805  0.554104
13 23  0.607918  1.028937
13 24  0.577024  0.906239
13 25  0.604818  1.100379
13 26  0.573283  0.716714
13 27  0.606022  1.012555
13 28  0.570570  0.718770
13 29  0.592674  0.847862
13 30  0.602045  1.016461
14 15  0.580797  1.026704
14 16  0.557871  0.942067
14 17  0.567206  0.896864
14 18  0.557949  0.827754
14 19  0.548572  0.736713
14 20  0.550638  0.678970
14 21  0.553853  0.673201
14 22  0.570972  0.727436
14 23  0.586635  1.014971
14 24  0.574766  0.912347
14 25  0.583698  1.087847
14 26  0.499302  0.656849
14 27  0.584819  1.000135
14 28  0.279218  0.472635
14 29  0.532080  0.800769
14 30  0.581049  1.004166
15 16  0.582271  1.232272
15 17  0.594214  1.219218
15 18  0.587415  1.141773
15 19  0.579826  1.061292
15 20  0.583086  1.004113
15 21  0.585801  0.998177
15 22  0.603671  1.052789
15 23  0.602790  1.323184
15 24  0.607485  1.234456
15 25  0.586889  1.406672
15 26  0.584307  1.029297
15 27  0.457091  1.233306
15 28  0.581716  1.031500
15 29  0.604474  1.159457
15 30  0.568409  1.263440
16 17  0.575413  1.120478
16 18  0.565365  1.028515
16 19  0.557705  0.966045
16 20  0.560172  0.906916
16 21  0.562987  0.903162
16 22  0.580877  0.951255
16 23  0.568951  1.204154
16 24  0.584604  1.130643
16 25  0.589902  1.298716
16 26  0.560995  0.929338
16 27  0.589692  1.211454
16 28  0.559044  0.936052
16 29  0.579731  1.034422
16 30  0.566344  1.131877
17 18  0.531929  0.982644
17 19  0.567111  0.913378
17 20  0.569442  0.862693
17 21  0.572304  0.855681
17 22  0.590217  0.910923
17 23  0.604108  1.162657
17 24  0.595169  1.083974
17 25  0.579099  1.200540
17 26  0.570782  0.886098
17 27  0.595467  1.121124
17 28  0.568563  0.887507
17 29  0.590906  1.018758
17 30  0.594191  1.182087
18 19  0.557793  0.850185
18 20  0.560096  0.793844
18 21  0.562957  0.787804
18 22  0.580877  0.840649
18 23  0.594902  1.108414
18 24  0.585915  1.026542
18 25  0.578232  1.195078
18 26  0.561440  0.816682
18 27  0.581923  1.076483
18 28  0.559220  0.821440
18 29  0.581569  0.945124
18 30  0.582244  1.082304
19 20  0.545334  0.696432
19 21  0.547162  0.685382
19 22  0.549872  0.735632
19 23  0.582876  1.013752
19 24  0.548497  0.900153
19 25  0.583541  1.101200
19 26  0.552147  0.724385
19 27  0.584464  1.010273
19 28  0.549864  0.727782
19 29  0.570688  0.857545
19 30  0.580856  1.026698
20 21  0.509239  0.599697
20 22  0.545211  0.667568
20 23  0.589148  0.982576
20 24  0.574037  0.864177
20 25  0.585990  1.051554
20 26  0.554445  0.670451
20 27  0.587170  0.965948
20 28  0.552156  0.671060
20 29  0.574338  0.798523
20 30  0.583260  0.967740
21 22  0.548193  0.664228
21 23  0.591878  0.972046
21 24  0.578296  0.864886
21 25  0.588851  1.046137
21 26  0.557362  0.663787
21 27  0.590020  0.957802
21 28  0.555086  0.665851
21 29  0.577428  0.795902
21 30  0.586120  0.964181
22 23  0.608625  1.022976
22 24  0.587594  0.919629
22 25  0.606755  1.102943
22 26  0.575215  0.718571
22 27  0.607905  1.012638
22 28  0.572862  0.721182
22 29  0.593772  0.839427
22 30  0.604033  1.016407
23 24  0.601998  1.184965
23 25  0.618801  1.362673
23 26  0.586604  0.988582
23 27  0.609308  1.204439
23 28  0.585170  1.000736
23 29  0.600852  1.125715
23 30  0.616527  1.299298
24 25  0.611221  1.247186
24 26  0.577549  0.898479
24 27  0.611748  1.178086
24 28  0.574251  0.886475
24 29  0.590041  1.011547
24 30  0.608500  1.182403
25 26  0.587312  1.079141
25 27  0.594460  1.321223
25 28  0.585069  1.074782
25 29  0.607357  1.198035
25 30  0.590633  1.307208
26 27  0.588427  0.986190
26 28  0.506639  0.664835
26 29  0.543246  0.803592
26 30  0.584612  0.994463
27 28  0.586229  0.988597
27 29  0.608268  1.121067
27 30  0.579995  1.276815
28 29  0.542657  0.806042
28 30  0.582361  0.995765
29 30  0.604573  1.104313
