  -1146.51123906
  -1146.86957020    -1146.73700256
0.00010880742295
2 2 2 2 2 2 2 2 2 2 2 2 2 2 2 0 0 0 0 0 0 0 0 0 0 0 0 0 0 0 
1  0.264507  0.539497
2  0.275680  0.471285
3  0.287909  0.541454
4  0.261089  0.315732
5  0.275958  0.301445
6  0.272499  0.301297
7  0.260586  0.331389
8  0.263223  0.334502
9  0.301716  0.655882
10  0.290586  0.484847
11  0.304872  0.763842
12  0.302486  0.638103
13  0.290662  0.466564
14  0.293144  0.343242
15  0.298127  0.708976
16  0.272862  0.544446
17  0.278670  0.496699
18  0.288808  0.525432
19  0.266660  0.314819
20  0.277779  0.299944
21  0.274723  0.308398
22  0.263866  0.332645
23  0.265552  0.332159
24  0.306003  0.754972
25  0.306626  0.664519
26  0.294470  0.349586
27  0.290717  0.456106
28  0.301476  0.616274
29  0.299398  0.716970
30  0.293259  0.512861
1 2  0.539314  0.995273
1 3  0.550946  1.044082
1 4  0.525512  0.849117
1 5  0.540453  0.839845
1 6  0.536979  0.840459
1 7  0.524917  0.870482
1 8  0.527239  0.868524
1 9  0.549745  1.102302
1 10  0.554336  1.018615
1 11  0.565013  1.264279
1 12  0.541603  1.134285
1 13  0.553246  0.978200
1 14  0.557598  0.881245
1 15  0.558692  1.243102
1 16  0.254038  0.905549
1 17  0.543054  1.033883
1 18  0.552188  1.062372
1 19  0.530929  0.854083
1 20  0.542257  0.839379
1 21  0.539223  0.847758
1 22  0.528054  0.871289
1 23  0.528598  0.871146
1 24  0.564410  1.281829
1 25  0.543370  1.166760
1 26  0.558950  0.888831
1 27  0.552170  0.994315
1 28  0.553285  1.152399
1 29  0.559473  1.228792
1 30  0.557392  1.045745
2 3  0.520346  0.983923
2 4  0.536765  0.786486
2 5  0.551637  0.772698
2 6  0.548178  0.772353
2 7  0.536260  0.801005
2 8  0.538898  0.803403
2 9  0.567206  1.083133
2 10  0.566231  0.953049
2 11  0.566632  1.227115
2 12  0.577333  1.081726
2 13  0.566335  0.936424
2 14  0.568820  0.813386
2 15  0.567153  1.143133
2 16  0.548373  1.013947
2 17  0.267645  0.766359
2 18  0.516889  0.949268
2 19  0.542339  0.786003
2 20  0.553448  0.771206
2 21  0.550377  0.779637
2 22  0.539518  0.803756
2 23  0.541228  0.803280
2 24  0.557340  1.181543
2 25  0.581972  1.133039
2 26  0.570118  0.820783
2 27  0.566265  0.926734
2 28  0.575057  1.084807
2 29  0.571609  1.184859
2 30  0.568683  0.983139
3 4  0.548997  0.855247
3 5  0.563867  0.842525
3 6  0.560408  0.842601
3 7  0.548488  0.872566
3 8  0.551126  0.873841
3 9  0.582010  1.136332
3 10  0.578485  1.023412
3 11  0.568738  1.230297
3 12  0.589868  1.166336
3 13  0.578552  0.998373
3 14  0.581051  0.884247
3 15  0.582004  1.242928
3 16  0.559389  1.083267
3 17  0.516908  0.983904
3 18  0.278377  0.859196
3 19  0.554563  0.856090
3 20  0.565684  0.841364
3 21  0.562627  0.849799
3 22  0.551775  0.873878
3 23  0.553411  0.873359
3 24  0.562423  1.263823
3 25  0.594330  1.202224
3 26  0.582377  0.890933
3 27  0.578400  0.996460
3 28  0.586475  1.154486
3 29  0.584664  1.241094
3 30  0.581091  1.052867
4 5  0.530976  0.608813
4 6  0.529387  0.612299
4 7  0.521226  0.645666
4 8  0.524169  0.649705
4 9  0.562797  0.967750
4 10  0.526641  0.780387
4 11  0.565959  1.076663
4 12  0.562603  0.950727
4 13  0.549740  0.771251
4 14  0.534043  0.642217
4 15  0.559201  1.024121
4 16  0.533725  0.859905
4 17  0.539759  0.812291
4 18  0.549888  0.840970
4 19  0.250449  0.376686
4 20  0.535452  0.613219
4 21  0.534784  0.622225
4 22  0.523319  0.647154
4 23  0.526153  0.647119
4 24  0.567061  1.070174
4 25  0.567498  0.978828
4 26  0.528440  0.637890
4 27  0.549598  0.771076
4 28  0.562541  0.931714
4 29  0.560471  1.032377
4 30  0.522604  0.802146
5 6  0.501991  0.560237
5 7  0.536468  0.631886
5 8  0.539135  0.635875
5 9  0.577671  0.956802
5 10  0.563993  0.781172
5 11  0.580829  1.063733
5 12  0.578398  0.939468
5 13  0.566470  0.765544
5 14  0.539638  0.619575
5 15  0.574079  1.009213
5 16  0.548768  0.845834
5 17  0.554618  0.798113
5 18  0.564759  0.826838
5 19  0.538427  0.613119
5 20  0.272710  0.335210
5 21  0.498218  0.560426
5 22  0.539598  0.633966
5 23  0.541504  0.633554
5 24  0.581960  1.056307
5 25  0.582289  0.965670
5 26  0.532409  0.613843
5 27  0.565962  0.757237
5 28  0.577425  0.917655
5 29  0.575325  1.018317
5 30  0.568469  0.813786
6 7  0.533007  0.631181
6 8  0.535666  0.635156
6 9  0.574211  0.957028
6 10  0.558910  0.776086
6 11  0.577369  1.063552
6 12  0.574742  0.937502
6 13  0.563081  0.767087
6 14  0.536681  0.617718
6 15  0.570606  1.007894
6 16  0.545337  0.845657
6 17  0.551139  0.797951
6 18  0.561294  0.826690
6 19  0.537942  0.614420
6 20  0.499116  0.554147
6 21  0.271646  0.353022
6 22  0.536345  0.633923
6 23  0.537958  0.633410
6 24  0.578483  1.056123
6 25  0.578082  0.965277
6 26  0.528377  0.612778
6 27  0.562749  0.756946
6 28  0.573970  0.917507
6 29  0.571712  1.018118
6 30  0.564420  0.813765
7 8  0.481602  0.635012
7 9  0.562282  0.986731
7 10  0.547805  0.798291
7 11  0.565443  1.091447
7 12  0.561042  0.959479
7 13  0.523625  0.779415
7 14  0.553657  0.673866
7 15  0.558591  1.030369
7 16  0.533232  0.874904
7 17  0.539227  0.827873
7 18  0.549394  0.856625
7 19  0.525661  0.644991
7 20  0.538159  0.631215
7 21  0.535306  0.639773
7 22  0.256119  0.434112
7 23  0.479242  0.621709
7 24  0.566454  1.085687
7 25  0.566799  0.994337
7 26  0.554603  0.680602
7 27  0.515000  0.752405
7 28  0.562041  0.947404
7 29  0.559680  1.047734
7 30  0.552045  0.843494
8 9  0.564895  0.985407
8 10  0.551779  0.813185
8 11  0.568075  1.097461
8 12  0.561977  0.952122
8 13  0.525346  0.780257
8 14  0.556274  0.675099
8 15  0.561262  1.039988
8 16  0.534597  0.878472
8 17  0.541892  0.830994
8 18  0.551981  0.859689
8 19  0.529565  0.648665
8 20  0.540993  0.634403
8 21  0.537871  0.642866
8 22  0.479940  0.626149
8 23  0.259454  0.436568
8 24  0.569020  1.088851
8 25  0.567724  0.998102
8 26  0.557234  0.683896
8 27  0.517034  0.753848
8 28  0.564533  0.950457
8 29  0.562509  1.051037
8 30  0.556149  0.845113
9 10  0.592214  1.137358
9 11  0.579925  1.371970
9 12  0.600533  1.252858
9 13  0.592245  1.105642
9 14  0.594852  0.997737
9 15  0.564791  1.343758
9 16  0.562279  1.196395
9 17  0.577722  1.148439
9 18  0.587745  1.177584
9 19  0.568349  0.970402
9 20  0.579484  0.955767
9 21  0.576432  0.964185
9 22  0.565574  0.988211
9 23  0.567123  0.987669
9 24  0.574242  1.346385
9 25  0.605780  1.310055
9 26  0.596185  1.005278
9 27  0.591972  1.110218
9 28  0.366070  1.134264
9 29  0.562118  1.319227
9 30  0.594776  1.165764
10 11  0.595359  1.225511
10 12  0.581051  1.096987
10 13  0.570957  0.933127
10 14  0.571543  0.817745
10 15  0.587798  1.161428
10 16  0.562944  1.023985
10 17  0.568999  0.980566
10 18  0.579271  1.009192
10 19  0.525277  0.773869
10 20  0.567716  0.784515
10 21  0.563598  0.792527
10 22  0.552621  0.816828
10 23  0.555794  0.814873
10 24  0.596456  1.236239
10 25  0.579188  1.119263
10 26  0.564880  0.817438
10 27  0.565491  0.917205
10 28  0.591921  1.099360
10 29  0.588519  1.198785
10 30  0.348590  0.841204
11 12  0.606156  1.390929
11 13  0.595419  1.208954
11 14  0.598013  1.106619
11 15  0.576186  1.384418
11 16  0.571759  1.296527
11 17  0.562341  1.214963
11 18  0.560953  1.254786
11 19  0.571507  1.078180
11 20  0.582649  1.063704
11 21  0.579577  1.072076
11 22  0.568634  1.095826
11 23  0.570274  1.095370
11 24  0.404948  1.432981
11 25  0.607371  1.408192
11 26  0.599291  1.113027
11 27  0.595461  1.216835
11 28  0.576444  1.335483
11 29  0.568723  1.425750
11 30  0.598003  1.272878
12 13  0.581124  1.090024
12 14  0.594304  0.971160
12 15  0.589063  1.272875
12 16  0.547039  1.145059
12 17  0.580768  1.131837
12 18  0.591148  1.160564
12 19  0.568867  0.951531
12 20  0.579911  0.937779
12 21  0.576263  0.946018
12 22  0.565906  0.969105
12 23  0.566081  0.969372
12 24  0.604250  1.374352
12 25  0.362330  1.190804
12 26  0.595910  0.987342
12 27  0.575585  1.066627
12 28  0.601364  1.244635
12 29  0.589732  1.344463
12 30  0.577999  1.122332
13 14  0.583334  0.807707
13 15  0.588433  1.168630
13 16  0.560223  1.009778
13 17  0.569244  0.962409
13 18  0.579267  0.990856
13 19  0.554912  0.780312
13 20  0.567824  0.766198
13 21  0.565110  0.774476
13 22  0.517186  0.764276
13 23  0.518574  0.763998
13 24  0.596534  1.218416
13 25  0.579417  1.103665
13 26  0.584994  0.815647
13 27  0.353805  0.770534
13 28  0.591725  1.081089
13 29  0.589978  1.181601
13 30  0.567730  0.953011
14 15  0.591194  1.049357
14 16  0.565991  0.887495
14 17  0.571773  0.839844
14 18  0.581946  0.868588
14 19  0.533037  0.630065
14 20  0.530838  0.603600
14 21  0.530285  0.615394
14 22  0.556646  0.675567
14 23  0.558157  0.675151
14 24  0.599072  1.097846
14 25  0.598489  1.007421
14 26  0.360892  0.496596
14 27  0.583771  0.799015
14 28  0.594619  0.959375
14 29  0.592179  1.059906
14 30  0.565991  0.839523
15 16  0.564922  1.217660
15 17  0.573217  1.202220
15 18  0.584067  1.217142
15 19  0.564766  1.023532
15 20  0.575859  1.008842
15 21  0.572658  1.017203
15 22  0.561552  1.041058
15 23  0.563566  1.040682
15 24  0.571947  1.426433
15 25  0.591232  1.361068
15 26  0.592267  1.058243
15 27  0.588709  1.163430
15 28  0.558097  1.261590
15 29  0.370291  1.312777
15 30  0.589786  1.218139
16 17  0.550403  1.027460
16 18  0.559988  1.035401
16 19  0.539454  0.855084
16 20  0.550624  0.843946
16 21  0.547555  0.852739
16 22  0.536465  0.876690
16 23  0.537831  0.871310
16 24  0.574212  1.269124
16 25  0.552611  1.164793
16 26  0.567281  0.892658
16 27  0.561483  0.976847
16 28  0.554319  1.070198
16 29  0.568419  1.254644
16 30  0.564948  1.053170
17 18  0.523079  0.996039
17 19  0.545324  0.811285
17 20  0.556447  0.796435
17 21  0.553391  0.804343
17 22  0.542531  0.827284
17 23  0.544219  0.826859
17 24  0.568490  1.231946
17 25  0.584300  1.126689
17 26  0.573132  0.844523
17 27  0.569374  0.951992
17 28  0.570082  1.078767
17 29  0.570660  1.157668
17 30  0.571855  1.002146
18 19  0.555465  0.839082
18 20  0.566586  0.825237
18 21  0.563530  0.833765
18 22  0.552668  0.857834
18 23  0.554356  0.855921
18 24  0.571812  1.225436
18 25  0.594776  1.177066
18 26  0.583275  0.874640
18 27  0.579505  0.974649
18 28  0.582349  1.085432
18 29  0.582848  1.234009
18 30  0.582045  1.036206
19 20  0.537908  0.606610
19 21  0.536121  0.618049
19 22  0.529934  0.645577
19 23  0.531963  0.646603
19 24  0.572661  1.067856
19 25  0.571722  0.976886
19 26  0.538909  0.646771
19 27  0.555025  0.761134
19 28  0.568130  0.928774
19 29  0.566028  1.031318
19 30  0.534305  0.807753
20 21  0.505604  0.565785
20 22  0.541595  0.631594
20 23  0.543288  0.631983
20 24  0.583781  1.053429
20 25  0.584287  0.963896
20 26  0.543201  0.625973
20 27  0.568369  0.754307
20 28  0.579252  0.916019
20 29  0.577163  1.015323
20 30  0.567563  0.806483
21 22  0.538536  0.639429
21 23  0.540236  0.639553
21 24  0.580724  1.061324
21 25  0.580969  0.968598
21 26  0.539789  0.628813
21 27  0.565356  0.764067
21 28  0.576195  0.924566
21 29  0.574087  1.021852
21 30  0.563457  0.809134
22 23  0.486816  0.633760
22 24  0.569853  1.082730
22 25  0.567702  0.986045
22 26  0.558240  0.681278
22 27  0.526909  0.768294
22 28  0.565329  0.948601
22 29  0.563163  1.040091
22 30  0.553060  0.824977
23 24  0.571535  1.086541
23 25  0.567815  0.976359
23 26  0.559917  0.678895
23 27  0.528088  0.768102
23 28  0.567004  0.945209
23 29  0.564857  1.045817
23 30  0.555755  0.836812
24 25  0.611186  1.401254
24 26  0.600465  1.103220
24 27  0.596558  1.191594
24 28  0.582210  1.331503
24 29  0.580241  1.377113
24 30  0.599072  1.238212
25 26  0.599411  1.000535
25 27  0.585265  1.109701
25 28  0.604830  1.248757
25 29  0.594382  1.286882
25 30  0.586910  1.137082
26 27  0.584415  0.803962
26 28  0.595941  0.964952
26 29  0.593755  1.061615
26 30  0.576311  0.849318
27 28  0.592086  1.060208
27 29  0.589453  1.165546
27 30  0.573557  0.950974
28 29  0.563087  1.310575
28 30  0.594605  1.126016
29 30  0.591412  1.188142
