  -1146.51123906
  -1146.87254156    -1146.74403756
0.00003313410358
2 2 2 2 2 2 2 2 2 2 2 2 2 2 2 0 0 0 0 0 0 0 0 0 0 0 0 0 0 0 
1  0.271326  0.539584
2  0.278767  0.433921
3  0.290423  0.494653
4  0.265411  0.370224
5  0.277777  0.327803
6  0.274553  0.329344
7  0.268699  0.383015
8  0.270824  0.380073
9  0.307945  0.604427
10  0.301184  0.584669
11  0.309620  0.680978
12  0.313941  0.683562
13  0.299889  0.545389
14  0.297050  0.386198
15  0.305161  0.649489
16  0.279876  0.543395
17  0.281890  0.456418
18  0.291503  0.481826
19  0.271101  0.367537
20  0.279706  0.322250
21  0.276810  0.337286
22  0.271900  0.382719
23  0.273292  0.376538
24  0.310780  0.675434
25  0.317949  0.708842
26  0.298165  0.392194
27  0.300119  0.535082
28  0.307543  0.566434
29  0.306485  0.657841
30  0.303404  0.607739
1 2  0.549060  0.960529
1 3  0.560180  1.003151
1 4  0.536622  0.897566
1 5  0.549089  0.864648
1 6  0.545847  0.868181
1 7  0.539824  0.921767
1 8  0.541578  0.912380
1 9  0.561193  1.060228
1 10  0.571614  1.115266
1 11  0.576313  1.187110
1 12  0.559678  1.174173
1 13  0.569053  1.048281
1 14  0.568309  0.922175
1 15  0.572436  1.185147
1 16  0.266046  0.899228
1 17  0.553059  0.994264
1 18  0.561504  1.019887
1 19  0.542079  0.906483
1 20  0.551007  0.861679
1 21  0.548125  0.876586
1 22  0.542863  0.920926
1 23  0.543009  0.915473
1 24  0.575780  1.205131
1 25  0.561573  1.216295
1 26  0.569453  0.931372
1 27  0.568298  1.072947
1 28  0.565298  1.103204
1 29  0.573370  1.174652
1 30  0.574329  1.139160
2 3  0.525789  0.899502
2 4  0.544171  0.803268
2 5  0.556543  0.761671
2 6  0.553318  0.762898
2 7  0.547452  0.814903
2 8  0.549577  0.810889
2 9  0.576023  1.002694
2 10  0.579889  1.015259
2 11  0.574475  1.108291
2 12  0.591676  1.093228
2 13  0.578645  0.977586
2 14  0.575808  0.818150
2 15  0.576849  1.054775
2 16  0.558446  0.976064
2 17  0.273323  0.673162
2 18  0.522895  0.872768
2 19  0.549867  0.801234
2 20  0.558459  0.756123
2 21  0.555532  0.771129
2 22  0.550641  0.816391
2 23  0.552051  0.810229
2 24  0.565274  1.071405
2 25  0.596294  1.140748
2 26  0.576871  0.825956
2 27  0.578693  0.968238
2 28  0.584086  0.998218
2 29  0.581656  1.089611
2 30  0.581765  1.040515
3 4  0.555830  0.860987
3 5  0.568200  0.821507
3 6  0.564975  0.823687
3 7  0.559107  0.877223
3 8  0.561231  0.872047
3 9  0.590531  1.051452
3 10  0.591598  1.075707
3 11  0.576013  1.116068
3 12  0.603759  1.165057
3 13  0.590286  1.028403
3 14  0.587471  0.879719
3 15  0.591370  1.138961
3 16  0.568702  1.036463
3 17  0.522857  0.902413
3 18  0.282885  0.754220
3 19  0.561516  0.861795
3 20  0.570125  0.816821
3 21  0.567224  0.831832
3 22  0.562322  0.877039
3 23  0.563641  0.870853
3 24  0.569729  1.140587
3 25  0.608138  1.200549
3 26  0.588581  0.886638
3 27  0.590255  1.028418
3 28  0.594975  1.059345
3 29  0.594263  1.138561
3 30  0.593709  1.100588
4 5  0.536998  0.685682
4 6  0.535655  0.693205
4 7  0.533616  0.750018
4 8  0.536053  0.749462
4 9  0.573342  0.967298
4 10  0.541316  0.929336
4 11  0.575029  1.044953
4 12  0.578035  1.047173
4 13  0.562867  0.893275
4 14  0.542187  0.740340
4 15  0.570543  1.018315
4 16  0.544937  0.912892
4 17  0.547300  0.826357
4 18  0.556900  0.851651
4 19  0.258529  0.499229
4 20  0.541648  0.690601
4 21  0.541157  0.704963
4 22  0.535657  0.751939
4 23  0.538172  0.745640
4 24  0.576146  1.044683
4 25  0.583023  1.075475
4 26  0.536663  0.735399
4 27  0.563207  0.904661
4 28  0.572903  0.936012
4 29  0.571869  1.027426
4 30  0.537327  0.951375
5 6  0.505984  0.617242
5 7  0.546383  0.708501
5 8  0.548514  0.707695
5 9  0.585718  0.930814
5 10  0.576220  0.902992
5 11  0.587395  1.005674
5 12  0.591639  1.011142
5 13  0.577493  0.867342
5 14  0.545559  0.691336
5 15  0.582925  0.975330
5 16  0.557628  0.871012
5 17  0.559656  0.784152
5 18  0.569273  0.809537
5 19  0.544652  0.692973
5 20  0.276272  0.394567
5 21  0.502378  0.618099
5 22  0.549412  0.710396
5 23  0.551059  0.704209
5 24  0.588556  1.002974
5 25  0.595400  1.035754
5 26  0.538088  0.683206
5 27  0.577054  0.862576
5 28  0.585309  0.894073
5 29  0.584229  0.985431
5 30  0.580389  0.934957
6 7  0.543153  0.708930
6 8  0.545300  0.707834
6 9  0.582491  0.933396
6 10  0.571293  0.896591
6 11  0.584170  1.007528
6 12  0.588167  1.009442
6 13  0.574357  0.873115
6 14  0.542591  0.690129
6 15  0.579686  0.974751
6 16  0.554401  0.872514
6 17  0.556391  0.785681
6 18  0.566037  0.811089
6 19  0.544394  0.694842
6 20  0.503337  0.607766
6 21  0.275505  0.421133
6 22  0.546426  0.712006
6 23  0.547747  0.705809
6 24  0.585307  1.004479
6 25  0.591307  1.037126
6 26  0.534205  0.683364
6 27  0.574199  0.863759
6 28  0.582084  0.895629
6 29  0.580819  0.986892
6 30  0.576579  0.936878
7 8  0.495771  0.732516
7 9  0.576611  0.986744
7 10  0.566203  0.938734
7 11  0.578303  1.058486
7 12  0.580324  1.052126
7 13  0.539946  0.907864
7 14  0.565666  0.768018
7 15  0.573699  1.018937
7 16  0.548329  0.924811
7 17  0.550551  0.839126
7 18  0.560200  0.864545
7 19  0.538229  0.749572
7 20  0.548179  0.705162
7 21  0.545505  0.720246
7 22  0.269108  0.546273
7 23  0.493747  0.717441
7 24  0.579323  1.057551
7 25  0.586109  1.089097
7 26  0.566410  0.774813
7 27  0.531086  0.880130
7 28  0.576219  0.949058
7 29  0.574828  1.039902
7 30  0.570176  0.990031
8 9  0.578713  0.978619
8 10  0.569719  0.954423
8 11  0.580421  1.059965
8 12  0.580563  1.033262
8 13  0.541471  0.905427
8 14  0.567755  0.760760
8 15  0.575872  1.024636
8 16  0.549097  0.922836
8 17  0.552713  0.836203
8 18  0.562250  0.861583
8 19  0.541575  0.746445
8 20  0.550517  0.702228
8 21  0.547553  0.717304
8 22  0.494258  0.720662
8 23  0.271965  0.536367
8 24  0.581331  1.054758
8 25  0.586494  1.087779
8 26  0.568456  0.772086
8 27  0.533148  0.876300
8 28  0.578186  0.946099
8 29  0.577188  1.037318
8 30  0.573789  0.985093
9 10  0.609014  1.184151
9 11  0.590645  1.247413
9 12  0.618074  1.249593
9 13  0.607686  1.129504
9 14  0.604983  0.987769
9 15  0.577709  1.238270
9 16  0.574745  1.144769
9 17  0.587005  1.057606
9 18  0.596596  1.084164
9 19  0.578997  0.971271
9 20  0.587638  0.926525
9 21  0.584744  0.941506
9 22  0.579841  0.986648
9 23  0.581044  0.980468
9 24  0.585035  1.226656
9 25  0.623178  1.305236
9 26  0.606108  0.996259
9 27  0.607552  1.137217
9 28  0.376716  1.021979
9 29  0.575191  1.214733
9 30  0.611116  1.208265
10 11  0.610635  1.238110
10 12  0.601107  1.234209
10 13  0.589891  1.103499
10 14  0.585656  0.959515
10 15  0.605182  1.195554
10 16  0.580525  1.120598
10 17  0.582638  1.039892
10 18  0.592502  1.065036
10 19  0.540432  0.926681
10 20  0.580195  0.906663
10 21  0.576227  0.921471
10 22  0.571142  0.966771
10 23  0.574001  0.958535
10 24  0.611795  1.255534
10 25  0.599667  1.249567
10 26  0.579097  0.958544
10 27  0.585044  1.091927
10 28  0.608548  1.148635
10 29  0.606148  1.238493
10 30  0.367358  1.062362
11 12  0.622317  1.356706
11 13  0.609360  1.200950
11 14  0.606665  1.066516
11 15  0.587214  1.264448
11 16  0.583305  1.215266
11 17  0.570380  1.099185
11 18  0.568398  1.131419
11 19  0.580692  1.047581
11 20  0.589321  1.003036
11 21  0.586400  1.017959
11 22  0.581404  1.062827
11 23  0.582696  1.056765
11 24  0.413743  1.261515
11 25  0.623259  1.373676
11 26  0.607706  1.072549
11 27  0.609573  1.212397
11 28  0.586990  1.210049
11 29  0.579797  1.292384
11 30  0.612854  1.284166
12 13  0.601340  1.208097
12 14  0.609261  1.049901
12 15  0.606711  1.267886
12 16  0.565537  1.195646
12 17  0.595364  1.137759
12 18  0.605275  1.163056
12 19  0.584667  1.047448
12 20  0.593257  1.005065
12 21  0.589656  1.019976
12 22  0.585261  1.063358
12 23  0.585060  1.059079
12 24  0.620272  1.343694
12 25  0.383626  1.292947
12 26  0.611002  1.075160
12 27  0.596286  1.184945
12 28  0.618809  1.242470
12 29  0.607783  1.331579
12 30  0.598060  1.249414
13 14  0.596315  0.926345
13 15  0.604581  1.186301
13 16  0.576391  1.087045
13 17  0.581625  1.000815
13 18  0.591079  1.025925
13 19  0.568478  0.912176
13 20  0.578881  0.867308
13 21  0.576394  0.881872
13 22  0.533239  0.891462
13 23  0.534461  0.885041
13 24  0.610509  1.217234
13 25  0.599929  1.221023
13 26  0.597873  0.936886
13 27  0.371267  0.951490
13 28  0.607041  1.109679
13 29  0.606243  1.200597
13 30  0.586659  1.122822
14 15  0.602122  1.031387
14 16  0.576907  0.929240
14 17  0.578863  0.842434
14 18  0.588539  0.867842
14 19  0.541484  0.725690
14 20  0.536792  0.668889
14 21  0.536299  0.687689
14 22  0.568565  0.768568
14 23  0.569745  0.762558
14 24  0.607731  1.061028
14 25  0.613661  1.094421
14 26  0.368305  0.599920
14 27  0.597037  0.920754
14 28  0.604592  0.952340
14 29  0.603128  1.043480
14 30  0.579989  0.976194
15 16  0.578948  1.163857
15 17  0.583318  1.103787
15 18  0.593714  1.117310
15 19  0.576238  1.016479
15 20  0.584813  0.971575
15 21  0.581727  0.986452
15 22  0.576521  1.031365
15 23  0.578338  1.025438
15 24  0.583064  1.292361
15 25  0.609231  1.347065
15 26  0.602917  1.041115
15 27  0.605095  1.182454
15 28  0.570929  1.160045
15 29  0.383041  1.189268
15 30  0.606863  1.252747
16 17  0.560514  0.987934
16 18  0.569553  0.996192
16 19  0.550899  0.901974
16 20  0.559562  0.864372
16 21  0.556648  0.880427
16 22  0.551462  0.925299
16 23  0.552483  0.912218
16 24  0.585816  1.194245
16 25  0.570556  1.200570
16 26  0.577976  0.932033
16 27  0.577677  1.046392
16 28  0.565945  1.029879
16 29  0.582422  1.196066
16 30  0.581897  1.144747
17 18  0.528886  0.911253
17 19  0.552981  0.823522
17 20  0.561593  0.778452
17 21  0.558695  0.792582
17 22  0.553778  0.836614
17 23  0.555171  0.830067
17 24  0.576407  1.116122
17 25  0.598647  1.134900
17 26  0.580041  0.845940
17 27  0.581995  0.990457
17 28  0.578766  0.994677
17 29  0.580641  1.071293
17 30  0.585197  1.056559
18 19  0.562598  0.846768
18 20  0.571208  0.803667
18 21  0.568311  0.818996
18 22  0.563391  0.864154
18 23  0.564783  0.856000
18 24  0.579290  1.113405
18 25  0.608678  1.177644
18 26  0.589662  0.872976
18 27  0.591601  1.007988
18 28  0.590860  1.004386
18 29  0.592305  1.133245
18 30  0.594887  1.087120
19 20  0.544173  0.678564
19 21  0.542583  0.698802
19 22  0.542337  0.746113
19 23  0.544103  0.743453
19 24  0.581878  1.038370
19 25  0.587068  1.071334
19 26  0.547015  0.743559
19 27  0.568424  0.882525
19 28  0.578633  0.929135
19 29  0.577539  1.024143
19 30  0.548625  0.949646
20 21  0.509743  0.620004
20 22  0.551546  0.702721
20 23  0.552946  0.698594
20 24  0.590483  0.995024
20 25  0.597490  1.030499
20 26  0.549045  0.693546
20 27  0.579676  0.853271
20 28  0.587244  0.888035
20 29  0.586164  0.977826
20 30  0.579406  0.919546
21 22  0.548638  0.716627
21 23  0.550050  0.711583
21 24  0.587586  1.009615
21 25  0.594259  1.038790
21 26  0.545483  0.700118
21 27  0.576843  0.871588
21 28  0.584346  0.903493
21 29  0.583246  0.989802
21 30  0.575452  0.925194
22 23  0.501316  0.729615
22 24  0.582659  1.051046
22 25  0.586695  1.076308
22 26  0.569957  0.773604
22 27  0.543270  0.894485
22 28  0.579429  0.948644
22 29  0.578271  1.028166
22 30  0.570891  0.958455
23 24  0.584054  1.051183
23 25  0.586407  1.054620
23 26  0.571315  0.762985
23 27  0.544351  0.891580
23 28  0.580800  0.939037
23 29  0.579658  1.029662
23 30  0.573422  0.971887
24 25  0.627244  1.371101
24 26  0.608935  1.066321
24 27  0.610704  1.187675
24 28  0.592793  1.210386
24 29  0.591472  1.260836
24 30  0.613918  1.249800
25 26  0.613938  1.076895
25 27  0.605546  1.227179
25 28  0.622147  1.246214
25 29  0.611858  1.283381
25 30  0.606472  1.266818
26 27  0.597338  0.922752
26 28  0.605699  0.956748
26 29  0.604519  1.043549
26 30  0.589848  0.984798
27 28  0.607538  1.086295
27 29  0.605786  1.184128
27 30  0.592261  1.117304
28 29  0.576010  1.206754
28 30  0.610786  1.169831
29 30  0.608345  1.219119
