  -1146.51123906
  -1146.87280271    -1146.74472650
0.00002374670217
2 2 2 2 2 2 2 2 2 2 2 2 2 2 2 0 0 0 0 0 0 0 0 0 0 0 0 0 0 0 
1  0.271864  0.539420
2  0.279012  0.430636
3  0.290600  0.490428
4  0.265838  0.376399
5  0.277956  0.330839
6  0.274758  0.332626
7  0.269614  0.387600
8  0.271647  0.384247
9  0.308439  0.599726
10  0.302300  0.593468
11  0.309970  0.673244
12  0.315003  0.687688
13  0.300738  0.551531
14  0.297529  0.390708
15  0.305724  0.643777
16  0.280459  0.543150
17  0.282126  0.452858
18  0.291706  0.477885
19  0.271551  0.373447
20  0.279898  0.324842
21  0.277026  0.340710
22  0.272862  0.387252
23  0.274133  0.380442
24  0.311114  0.667885
25  0.319035  0.712921
26  0.298608  0.396750
27  0.300946  0.541228
28  0.307994  0.561881
29  0.307049  0.652184
30  0.304473  0.616313
1 2  0.549838  0.957248
1 3  0.560887  0.999309
1 4  0.537582  0.902838
1 5  0.549806  0.867321
1 6  0.546590  0.871244
1 7  0.541270  0.926146
1 8  0.542926  0.916269
1 9  0.562122  1.056180
1 10  0.573247  1.123625
1 11  0.577181  1.179814
1 12  0.561257  1.177527
1 13  0.570416  1.053605
1 14  0.569325  0.926279
1 15  0.573532  1.179387
1 16  0.267066  0.898114
1 17  0.553834  0.990591
1 18  0.562227  1.015866
1 19  0.543038  0.912191
1 20  0.551741  0.864091
1 21  0.548880  0.879821
1 22  0.544359  0.925257
1 23  0.544376  0.919200
1 24  0.576657  1.197653
1 25  0.563215  1.220755
1 26  0.570434  0.935753
1 27  0.569670  1.078901
1 28  0.566261  1.098519
1 29  0.574471  1.169352
1 30  0.575928  1.147453
2 3  0.526182  0.891914
2 4  0.544841  0.806107
2 5  0.556967  0.761419
2 6  0.553768  0.762877
2 7  0.548611  0.816174
2 8  0.550642  0.811699
2 9  0.576735  0.995425
2 10  0.581246  1.020760
2 11  0.575071  1.097335
2 12  0.592970  1.094293
2 13  0.579738  0.980425
2 14  0.576530  0.819265
2 15  0.577637  1.046454
2 16  0.559273  0.972574
2 17  0.273735  0.664916
2 18  0.523344  0.865953
2 19  0.550562  0.803844
2 20  0.558894  0.755428
2 21  0.555988  0.771266
2 22  0.551845  0.817638
2 23  0.553136  0.810847
2 24  0.565849  1.061221
2 25  0.597617  1.141619
2 26  0.577552  0.827220
2 27  0.579754  0.971108
2 28  0.584771  0.990424
2 29  0.582455  1.080748
2 30  0.583057  1.045806
3 4  0.556434  0.862706
3 5  0.568556  0.820241
3 6  0.565358  0.822725
3 7  0.560198  0.877572
3 8  0.562229  0.871957
3 9  0.591201  1.043645
3 10  0.592891  1.080254
3 11  0.576551  1.105368
3 12  0.604992  1.164974
3 13  0.591313  1.030198
3 14  0.588126  0.879918
3 15  0.592107  1.129192
3 16  0.569438  1.032080
3 17  0.523269  0.895160
3 18  0.283240  0.744686
3 19  0.562144  0.863454
3 20  0.570494  0.815182
3 21  0.567616  0.831025
3 22  0.563461  0.877342
3 23  0.564652  0.870534
3 24  0.570242  1.129097
3 25  0.609399  1.200485
3 26  0.589201  0.886959
3 27  0.591243  1.030353
3 28  0.595603  1.050666
3 29  0.595007  1.129053
3 30  0.594949  1.104915
4 5  0.537603  0.694386
4 6  0.536284  0.702433
4 7  0.534950  0.760579
4 8  0.537293  0.759782
4 9  0.574262  0.968336
4 10  0.542869  0.943550
4 11  0.575806  1.043061
4 12  0.579468  1.056987
4 13  0.564114  0.904370
4 14  0.543073  0.751050
4 15  0.571531  1.018718
4 16  0.545919  0.918778
4 17  0.547962  0.828958
4 18  0.557530  0.853863
4 19  0.259328  0.512800
4 20  0.542268  0.699427
4 21  0.541798  0.714517
4 22  0.537051  0.762662
4 23  0.539431  0.755691
4 24  0.576904  1.043276
4 25  0.584526  1.085448
4 26  0.537551  0.746245
4 27  0.564449  0.916983
4 28  0.573776  0.937598
4 29  0.572857  1.027911
4 30  0.538842  0.966133
5 6  0.506374  0.623776
5 7  0.547475  0.715964
5 8  0.549509  0.714886
5 9  0.586392  0.929030
5 10  0.577502  0.914298
5 11  0.587924  1.000806
5 12  0.592880  1.018274
5 13  0.578521  0.876151
5 14  0.546246  0.699132
5 15  0.583665  0.972592
5 16  0.558393  0.873783
5 17  0.560070  0.783625
5 18  0.569655  0.808626
5 19  0.545284  0.701990
5 20  0.276618  0.401240
5 21  0.502785  0.624891
5 22  0.550547  0.717962
5 23  0.552078  0.711140
5 24  0.589069  0.998444
5 25  0.596662  1.042773
5 26  0.538732  0.690894
5 27  0.578050  0.871754
5 28  0.585939  0.892544
5 29  0.584973  0.982799
5 30  0.581633  0.946557
6 7  0.544273  0.716569
6 8  0.546326  0.715167
6 9  0.583191  0.931948
6 10  0.572598  0.907786
6 11  0.584725  1.002931
6 12  0.589428  1.016684
6 13  0.575412  0.882442
6 14  0.543285  0.698070
6 15  0.580452  0.972120
6 16  0.555189  0.875526
6 17  0.556829  0.785400
6 18  0.566444  0.810425
6 19  0.545048  0.704018
6 20  0.503749  0.614044
6 21  0.275887  0.428904
6 22  0.547593  0.719814
6 23  0.548794  0.712988
6 24  0.585846  1.000195
6 25  0.592579  1.044386
6 26  0.534868  0.691248
6 27  0.575229  0.873158
6 28  0.582741  0.894347
6 29  0.581587  0.984502
6 30  0.577846  0.948747
7 8  0.497300  0.741207
7 9  0.578020  0.986621
7 10  0.568200  0.951113
7 11  0.579567  1.055212
7 12  0.582257  1.060482
7 13  0.541590  0.918241
7 14  0.567057  0.777070
7 15  0.575173  1.017567
7 16  0.549824  0.929100
7 17  0.551699  0.840152
7 18  0.561318  0.865184
7 19  0.539603  0.760080
7 20  0.549283  0.712339
7 21  0.546636  0.728248
7 22  0.270776  0.556066
7 23  0.495366  0.726051
7 24  0.580571  1.054588
7 25  0.588095  1.097644
7 26  0.567771  0.783944
7 27  0.532687  0.890594
7 28  0.577585  0.949087
7 29  0.576295  1.038816
7 30  0.572138  1.003178
8 9  0.580028  0.978057
8 10  0.571630  0.966955
8 11  0.581592  1.056410
8 12  0.582404  1.040729
8 13  0.543098  0.915775
8 14  0.569054  0.769122
8 15  0.577254  1.022959
8 16  0.550492  0.926751
8 17  0.553771  0.836815
8 18  0.563271  0.861819
8 19  0.542845  0.756482
8 20  0.551531  0.708987
8 21  0.548591  0.724898
8 22  0.495869  0.729285
8 23  0.273290  0.544502
8 24  0.582483  1.051389
8 25  0.588397  1.096007
8 26  0.569712  0.780809
8 27  0.534735  0.886529
8 28  0.579460  0.945720
8 29  0.578574  1.035828
8 30  0.575665  0.997838
9 10  0.610619  1.188137
9 11  0.591469  1.235721
9 12  0.619630  1.249251
9 13  0.609028  1.130720
9 14  0.605956  0.987414
9 15  0.578728  1.228173
9 16  0.575781  1.139881
9 17  0.587725  1.049413
9 18  0.597288  1.075636
9 19  0.579936  0.972443
9 20  0.588325  0.924403
9 21  0.585453  0.940212
9 22  0.581297  0.986473
9 23  0.582377  0.979671
9 24  0.585863  1.215433
9 25  0.624754  1.304834
9 26  0.607045  0.996101
9 27  0.608872  1.138651
9 28  0.377509  1.011593
9 29  0.576218  1.205022
9 30  0.612673  1.212068
10 11  0.612092  1.238933
10 12  0.603062  1.246389
10 13  0.591787  1.117695
10 14  0.587215  0.972666
10 15  0.606824  1.198262
10 16  0.582209  1.128984
10 17  0.583971  1.045131
10 18  0.593813  1.069873
10 19  0.542010  0.941395
10 20  0.581499  0.918052
10 21  0.577554  0.933712
10 22  0.573199  0.980097
10 23  0.575942  0.971233
10 24  0.613242  1.256779
10 25  0.601662  1.261253
10 26  0.580642  0.971740
10 27  0.586936  1.106579
10 28  0.610112  1.152831
10 29  0.607821  1.241612
10 30  0.369354  1.082137
11 12  0.623727  1.353388
11 13  0.610557  1.199255
11 14  0.607494  1.063275
11 15  0.588090  1.252869
11 16  0.584244  1.207499
11 17  0.570957  1.088601
11 18  0.568955  1.120018
11 19  0.581491  1.045720
11 20  0.589863  0.997882
11 21  0.586964  1.013634
11 22  0.582716  1.059623
11 23  0.583881  1.052941
11 24  0.414380  1.245049
11 25  0.624680  1.370375
11 26  0.608495  1.069357
11 27  0.610749  1.210843
11 28  0.587785  1.198387
11 29  0.580686  1.279761
11 30  0.614271  1.285014
12 13  0.603224  1.217746
12 14  0.610739  1.057395
12 15  0.608269  1.267059
12 16  0.567183  1.200153
12 17  0.596658  1.138406
12 18  0.606540  1.163302
12 19  0.586163  1.057184
12 20  0.594506  1.011700
12 21  0.590908  1.027449
12 22  0.587276  1.071914
12 23  0.586949  1.067079
12 24  0.621662  1.340585
12 25  0.385699  1.302174
12 26  0.612496  1.083802
12 27  0.598182  1.194899
12 28  0.620323  1.242249
12 29  0.609362  1.330144
12 30  0.600039  1.260859
13 14  0.597617  0.936610
13 15  0.605980  1.186726
13 16  0.577829  1.092916
13 17  0.582708  1.003407
13 18  0.592117  1.028148
13 19  0.569762  0.924231
13 20  0.579914  0.876038
13 21  0.577460  0.891403
13 22  0.534877  0.902007
13 23  0.536076  0.894925
13 24  0.611691  1.215868
13 25  0.601865  1.230919
13 26  0.599160  0.947558
13 27  0.373003  0.965502
13 28  0.608343  1.111266
13 29  0.607651  1.201050
13 30  0.588530  1.137308
14 15  0.603162  1.030011
14 16  0.577967  0.933496
14 17  0.579570  0.843376
14 18  0.589220  0.868402
14 19  0.542427  0.736177
14 20  0.537481  0.676060
14 21  0.537009  0.695721
14 22  0.570005  0.777604
14 23  0.571055  0.770971
14 24  0.608536  1.057980
14 25  0.615209  1.102970
14 26  0.369199  0.610679
14 27  0.598337  0.931393
14 28  0.605522  0.952286
14 29  0.604153  1.042316
14 30  0.581508  0.989164
15 16  0.580094  1.158604
15 17  0.584106  1.094595
15 18  0.594481  1.107995
15 19  0.577249  1.016652
15 20  0.585569  0.968449
15 21  0.582503  0.984150
15 22  0.578035  1.030180
15 23  0.579741  1.023629
15 24  0.583941  1.279516
15 25  0.610852  1.345567
15 26  0.603901  1.039943
15 27  0.606479  1.182883
15 28  0.571903  1.150577
15 29  0.384138  1.177108
15 30  0.608496  1.255604
16 17  0.561329  0.984251
16 18  0.570323  0.992523
16 19  0.551930  0.907092
16 20  0.560338  0.866616
16 21  0.557447  0.883584
16 22  0.552995  0.929548
16 23  0.553889  0.915700
16 24  0.586724  1.187017
16 25  0.572199  1.203688
16 26  0.579000  0.936094
16 27  0.579063  1.051673
16 28  0.566887  1.026036
16 29  0.583562  1.190272
16 30  0.583518  1.152876
17 18  0.529296  0.903608
17 19  0.553666  0.825846
17 20  0.562021  0.777485
17 21  0.559146  0.792390
17 22  0.554975  0.837540
17 23  0.556245  0.830304
17 24  0.576975  1.105305
17 25  0.599952  1.135695
17 26  0.580720  0.846805
17 27  0.583057  0.993038
17 28  0.579428  0.987071
17 29  0.581432  1.063154
17 30  0.586498  1.061552
18 19  0.563251  0.848574
18 20  0.571603  0.802285
18 21  0.568730  0.818473
18 22  0.564556  0.864737
18 23  0.565825  0.855907
18 24  0.579838  1.102833
18 25  0.609955  1.177775
18 26  0.590309  0.873505
18 27  0.592631  1.010077
18 28  0.591509  0.996955
18 29  0.593060  1.123772
18 30  0.596158  1.091757
19 20  0.544815  0.686681
19 21  0.543250  0.708010
19 22  0.543744  0.756299
19 23  0.545390  0.753247
19 24  0.582662  1.036459
19 25  0.588541  1.080982
19 26  0.547896  0.754128
19 27  0.569676  0.893473
19 28  0.579534  0.930199
19 29  0.578551  1.024329
19 30  0.550137  0.963350
20 21  0.510163  0.626289
20 22  0.552699  0.709699
20 23  0.553976  0.705078
20 24  0.591009  0.989932
20 25  0.598766  1.037156
20 26  0.549713  0.700977
20 27  0.580693  0.861746
20 28  0.587888  0.886018
20 29  0.586918  0.974691
20 30  0.580648  0.930209
21 22  0.549813  0.724372
21 23  0.551107  0.718763
21 24  0.588135  1.005338
21 25  0.595551  1.045935
21 26  0.546149  0.708054
21 27  0.577886  0.881112
21 28  0.585013  0.902349
21 29  0.584024  0.987325
21 30  0.576720  0.936251
22 23  0.502926  0.738098
22 24  0.583956  1.047855
22 25  0.588685  1.084571
22 26  0.571360  0.782664
22 27  0.544935  0.904718
22 28  0.580842  0.948613
22 29  0.579796  1.026880
22 30  0.572883  0.970533
23 24  0.585228  1.047540
23 25  0.588285  1.061708
23 26  0.572596  0.771143
23 27  0.545946  0.901629
23 28  0.582091  0.938356
23 29  0.581058  1.027774
23 30  0.575303  0.983918
24 25  0.628657  1.368075
24 26  0.609711  1.063323
24 27  0.611860  1.186199
24 28  0.593569  1.198909
24 29  0.592354  1.249562
24 30  0.615311  1.250609
25 26  0.615414  1.084325
25 27  0.607440  1.236839
25 28  0.623678  1.246014
25 29  0.613429  1.282700
25 30  0.608406  1.278512
26 27  0.598582  0.933099
26 28  0.606593  0.956646
26 29  0.605523  1.042240
26 30  0.591325  0.997669
27 28  0.608815  1.087707
27 29  0.607162  1.184636
27 30  0.594100  1.131332
28 29  0.576996  1.196838
28 30  0.612301  1.173770
29 30  0.609938  1.221704
