  -1146.51123906
  -1146.87305963    -1146.74540754
0.00001506678866
2 2 2 2 2 2 2 2 2 2 2 2 2 2 2 0 0 0 0 0 0 0 0 0 0 0 0 0 0 0 
1  0.272422  0.538795
2  0.279243  0.427061
3  0.290773  0.485892
4  0.266418  0.383533
5  0.278138  0.334520
6  0.274972  0.336461
7  0.270477  0.392865
8  0.272503  0.389029
9  0.308896  0.594445
10  0.303520  0.602515
11  0.310314  0.664532
12  0.316127  0.691784
13  0.301688  0.558201
14  0.298048  0.396130
15  0.306272  0.637362
16  0.281047  0.542123
17  0.282361  0.448937
18  0.291903  0.473529
19  0.272178  0.380463
20  0.280086  0.328088
21  0.277248  0.344724
22  0.273756  0.392602
23  0.275014  0.384989
24  0.311449  0.659442
25  0.320131  0.716690
26  0.299127  0.402184
27  0.301860  0.547911
28  0.308427  0.556685
29  0.307626  0.645935
30  0.305646  0.625481
1 2  0.550615  0.953252
1 3  0.561610  0.994778
1 4  0.538712  0.908556
1 5  0.550547  0.870133
1 6  0.547362  0.874390
1 7  0.542680  0.930746
1 8  0.544326  0.920299
1 9  0.563039  1.051317
1 10  0.574998  1.131809
1 11  0.578070  1.171172
1 12  0.562918  1.180405
1 13  0.571901  1.059040
1 14  0.570400  0.930773
1 15  0.574632  1.172475
1 16  0.268108  0.895479
1 17  0.554627  0.986099
1 18  0.562969  1.010977
1 19  0.544193  0.918533
1 20  0.552487  0.866690
1 21  0.549659  0.883178
1 22  0.545809  0.929930
1 23  0.545792  0.923103
1 24  0.577543  1.188852
1 25  0.564896  1.224555
1 26  0.571505  0.940547
1 27  0.571149  1.084935
1 28  0.567215  1.092724
1 29  0.575605  1.163059
1 30  0.577650  1.155884
2 3  0.526539  0.883691
2 4  0.545652  0.809614
2 5  0.557380  0.761521
2 6  0.554212  0.763118
2 7  0.549702  0.817842
2 8  0.551728  0.812823
2 9  0.577399  0.987322
2 10  0.582694  1.026235
2 11  0.575644  1.085106
2 12  0.594310  1.095105
2 13  0.580918  0.983504
2 14  0.577279  0.820985
2 15  0.578397  1.037207
2 16  0.560090  0.968028
2 17  0.274153  0.655917
2 18  0.523763  0.858441
2 19  0.551420  0.807271
2 20  0.559310  0.755096
2 21  0.556436  0.771702
2 22  0.552970  0.819409
2 23  0.554248  0.811816
2 24  0.566425  1.049857
2 25  0.598934  1.141896
2 26  0.578297  0.829071
2 27  0.580893  0.974224
2 28  0.585429  0.981698
2 29  0.583254  1.070996
2 30  0.584441  1.051401
3 4  0.557186  0.865056
3 5  0.568911  0.819294
3 6  0.565744  0.822003
3 7  0.561231  0.878292
3 8  0.563257  0.872161
3 9  0.591822  1.035030
3 10  0.594283  1.084758
3 11  0.577077  1.093456
3 12  0.606281  1.164566
3 13  0.592435  1.032240
3 14  0.588817  0.880699
3 15  0.592821  1.118413
3 16  0.570185  1.026614
3 17  0.523676  0.887231
3 18  0.283574  0.734316
3 19  0.562944  0.865908
3 20  0.570853  0.813885
3 21  0.568010  0.830496
3 22  0.564528  0.878148
3 23  0.565701  0.870545
3 24  0.570759  1.116392
3 25  0.610665  1.199809
3 26  0.589893  0.887847
3 27  0.592315  1.032520
3 28  0.596207  1.041030
3 29  0.595756  1.118650
3 30  0.596295  1.109526
4 5  0.538365  0.704570
4 6  0.537078  0.713128
4 7  0.536386  0.772752
4 8  0.538724  0.771667
4 9  0.575298  0.969745
4 10  0.544650  0.958887
4 11  0.576731  1.041111
4 12  0.581108  1.067687
4 13  0.565593  0.916808
4 14  0.544148  0.763576
4 15  0.572658  1.019368
4 16  0.547053  0.924839
4 17  0.548778  0.832154
4 18  0.558307  0.856614
4 19  0.260447  0.528777
4 20  0.543034  0.709876
4 21  0.542598  0.725609
4 22  0.538525  0.775161
4 23  0.540898  0.767335
4 24  0.577816  1.041928
4 25  0.586186  1.096067
4 26  0.538673  0.758899
4 27  0.565912  0.930803
4 28  0.574778  0.939502
4 29  0.574011  1.028760
4 30  0.540594  0.982406
5 6  0.506774  0.631546
5 7  0.548517  0.724725
5 8  0.550542  0.723324
5 9  0.587031  0.927290
5 10  0.578890  0.926412
5 11  0.588451  0.995575
5 12  0.594187  1.026011
5 13  0.579656  0.886045
5 14  0.546994  0.708493
5 15  0.584395  0.969787
5 16  0.559163  0.876412
5 17  0.560485  0.783380
5 18  0.570032  0.807943
5 19  0.546090  0.712777
5 20  0.276975  0.409511
5 21  0.503197  0.632944
5 22  0.551620  0.726991
5 23  0.553142  0.719355
5 24  0.589587  0.993662
5 25  0.597938  1.050113
5 26  0.539466  0.700074
5 27  0.579123  0.882112
5 28  0.586556  0.891011
5 29  0.585735  0.980218
5 30  0.582984  0.959388
6 7  0.545347  0.725415
6 8  0.547394  0.723646
6 9  0.583861  0.930470
6 10  0.574016  0.919654
6 11  0.585284  0.997884
6 12  0.590762  1.024436
6 13  0.576575  0.892837
6 14  0.544046  0.707514
6 15  0.581211  0.969317
6 16  0.555989  0.878308
6 17  0.557271  0.785312
6 18  0.566852  0.809898
6 19  0.545888  0.714845
6 20  0.504161  0.621569
6 21  0.276272  0.438071
6 22  0.548702  0.728993
6 23  0.549884  0.721364
6 24  0.586394  0.995569
6 25  0.593860  1.051896
6 26  0.535630  0.700513
6 27  0.576353  0.883648
6 28  0.583386  0.892975
6 29  0.582371  0.982076
6 30  0.579231  0.961762
7 8  0.498879  0.751138
7 9  0.579337  0.986602
7 10  0.570249  0.964382
7 11  0.580772  1.051673
7 12  0.584195  1.069462
7 13  0.543262  0.929773
7 14  0.568436  0.787727
7 15  0.576579  1.016225
7 16  0.551271  0.933280
7 17  0.552794  0.841495
7 18  0.562376  0.866087
7 19  0.541098  0.772388
7 20  0.550330  0.720850
7 21  0.547720  0.737520
7 22  0.272364  0.567272
7 23  0.497013  0.735932
7 24  0.581767  1.051407
7 25  0.590039  1.106532
7 26  0.569150  0.794636
7 27  0.534286  0.902274
7 28  0.578878  0.949151
7 29  0.577727  1.037819
7 30  0.574156  1.017600
8 9  0.581339  0.977514
8 10  0.573682  0.980293
8 11  0.582792  1.052483
8 12  0.584340  1.048756
8 13  0.544853  0.927257
8 14  0.570424  0.778995
8 15  0.578656  1.021189
8 16  0.551928  0.930491
8 17  0.554863  0.837673
8 18  0.564319  0.862244
8 19  0.544330  0.768226
8 20  0.552576  0.717006
8 21  0.549667  0.733688
8 22  0.497471  0.739306
8 23  0.274593  0.553829
8 24  0.583666  1.047732
8 25  0.590340  1.104541
8 26  0.571082  0.791025
8 27  0.536460  0.897883
8 28  0.580749  0.945305
8 29  0.580006  1.034352
8 30  0.577680  1.011757
9 10  0.612291  1.191812
9 11  0.592256  1.222541
9 12  0.621205  1.248349
9 13  0.610433  1.131933
9 14  0.606931  0.987359
9 15  0.579699  1.216769
9 16  0.576779  1.133630
9 17  0.588414  1.040282
9 18  0.597936  1.066114
9 19  0.581013  0.974136
9 20  0.588970  0.922352
9 21  0.586131  0.938928
9 22  0.582647  0.986531
9 23  0.583709  0.978938
9 24  0.586647  1.202797
9 25  0.626295  1.303573
9 26  0.608021  0.996237
9 27  0.610245  1.140051
9 28  0.378301  0.999862
9 29  0.577217  1.194187
9 30  0.614296  1.215884
10 11  0.613650  1.239134
10 12  0.605179  1.258715
10 13  0.593846  1.132642
10 14  0.588892  0.986974
10 15  0.608554  1.200589
10 16  0.584006  1.136858
10 17  0.585406  1.050259
10 18  0.595227  1.074546
10 19  0.543846  0.957428
10 20  0.582905  0.930338
10 21  0.578989  0.946795
10 22  0.575294  0.994488
10 23  0.578027  0.984815
10 24  0.614795  1.257396
10 25  0.603808  1.272954
10 26  0.582359  0.986000
10 27  0.589008  1.122016
10 28  0.611762  1.156647
10 29  0.609617  1.244397
10 30  0.371525  1.102989
11 12  0.625194  1.349104
11 13  0.611848  1.197200
11 14  0.608357  1.059964
11 15  0.588952  1.239849
11 16  0.585172  1.198019
11 17  0.571538  1.076693
11 18  0.569500  1.107214
11 19  0.582461  1.043976
11 20  0.590396  0.992398
11 21  0.587529  1.008917
11 22  0.583952  1.056258
11 23  0.585097  1.048782
11 24  0.415033  1.226539
11 25  0.626107  1.365869
11 26  0.609353  1.066067
11 27  0.612004  1.208862
11 28  0.588553  1.185140
11 29  0.581574  1.265596
11 30  0.615787  1.285486
12 13  0.605257  1.227855
12 14  0.612310  1.065642
12 15  0.609881  1.265614
12 16  0.568910  1.203943
12 17  0.598008  1.138667
12 18  0.607859  1.163129
12 19  0.587893  1.067986
12 20  0.595810  1.018945
12 21  0.592225  1.035483
12 22  0.589276  1.081213
12 23  0.588940  1.075708
12 24  0.623118  1.336632
12 25  0.387857  1.310909
12 26  0.614138  1.093286
12 27  0.600208  1.205293
12 28  0.621875  1.241405
12 29  0.611041  1.328111
12 30  0.602167  1.272881
13 14  0.599067  0.948234
13 15  0.607468  1.187009
13 16  0.579377  1.098534
13 17  0.583887  1.006167
13 18  0.593249  1.030487
13 19  0.571302  0.937927
13 20  0.581026  0.885946
13 21  0.578627  0.902048
13 22  0.536536  0.913839
13 23  0.537811  0.905936
13 24  0.612971  1.214150
13 25  0.603906  1.240983
13 26  0.600619  0.959637
13 27  0.374909  0.980675
13 28  0.609728  1.112749
13 29  0.609171  1.201451
13 30  0.590595  1.152924
14 15  0.604224  1.028831
14 16  0.579071  0.937875
14 17  0.580319  0.844866
14 18  0.589936  0.869458
14 19  0.543598  0.748670
14 20  0.538219  0.684752
14 21  0.537774  0.705218
14 22  0.571417  0.788369
14 23  0.572453  0.780945
14 24  0.609383  1.054946
14 25  0.616814  1.112110
14 26  0.370213  0.623596
14 27  0.599762  0.943481
14 28  0.606473  0.952494
14 29  0.605232  1.041470
14 30  0.583194  1.003537
15 16  0.581233  1.151935
15 17  0.584887  1.084342
15 18  0.595228  1.097605
15 19  0.578422  1.017220
15 20  0.586305  0.965269
15 21  0.583265  0.981732
15 22  0.579473  1.029106
15 23  0.581168  1.021755
15 24  0.584785  1.265067
15 25  0.612490  1.343097
15 26  0.604962  1.038942
15 27  0.607934  1.183142
15 28  0.572851  1.139793
15 29  0.385210  1.163529
15 30  0.610216  1.258367
16 17  0.562145  0.979467
16 18  0.571097  0.987771
16 19  0.553142  0.912503
16 20  0.561114  0.868706
16 21  0.558257  0.886548
16 22  0.554461  0.933822
16 23  0.555341  0.919051
16 24  0.587637  1.178226
16 25  0.573848  1.205793
16 26  0.580105  0.940187
16 27  0.580545  1.056828
16 28  0.567835  1.021047
16 29  0.584718  1.183120
16 30  0.585238  1.160841
17 18  0.529677  0.895168
17 19  0.554528  0.828911
17 20  0.562444  0.776810
17 21  0.559603  0.792419
17 22  0.556103  0.838929
17 23  0.557361  0.830828
17 24  0.577552  1.093231
17 25  0.601268  1.135913
17 26  0.581472  0.848161
17 27  0.584205  0.995797
17 28  0.580065  0.978518
17 29  0.582233  1.054139
17 30  0.587903  1.066784
18 19  0.564075  0.851044
18 20  0.571988  0.801126
18 21  0.569148  0.818124
18 22  0.565646  0.865721
18 23  0.566902  0.856041
18 24  0.580383  1.091025
18 25  0.611239  1.177219
18 26  0.591023  0.874472
18 27  0.593742  1.012309
18 28  0.592133  0.988576
18 29  0.593812  1.113296
18 30  0.597528  1.096577
19 20  0.545635  0.696435
19 21  0.544103  0.718875
19 22  0.545255  0.768357
19 23  0.546892  0.764787
19 24  0.583624  1.034717
19 25  0.590180  1.091374
19 26  0.549013  0.766667
19 27  0.571164  0.905885
19 28  0.580592  0.931683
19 29  0.579751  1.025024
19 30  0.551911  0.978610
20 21  0.510578  0.633869
20 22  0.553781  0.718107
20 23  0.555045  0.712863
20 24  0.591532  0.984568
20 25  0.600051  1.044154
20 26  0.550471  0.709971
20 27  0.581796  0.871337
20 28  0.588508  0.883987
20 29  0.587682  0.971615
20 30  0.581991  0.942003
21 22  0.550927  0.733491
21 23  0.552210  0.727157
21 24  0.588692  1.000730
21 25  0.596867  1.053344
21 26  0.546912  0.717473
21 27  0.579023  0.891757
21 28  0.585667  0.901149
21 29  0.584819  0.984832
21 30  0.578095  0.948327
22 23  0.504566  0.748004
22 24  0.585185  1.044587
22 25  0.590627  1.093309
22 26  0.572769  0.793423
22 27  0.546608  0.916219
22 28  0.582168  0.948751
22 29  0.581264  1.025847
22 30  0.574917  0.983891
23 24  0.586445  1.043643
23 25  0.590211  1.069106
23 26  0.573990  0.780784
23 27  0.547692  0.912822
23 28  0.583404  0.937694
23 29  0.582512  1.025949
23 30  0.577332  0.997148
24 25  0.630082  1.363900
24 26  0.610565  1.060320
24 27  0.613107  1.184406
24 28  0.594325  1.185966
24 29  0.593240  1.236973
24 30  0.616808  1.251200
25 26  0.616948  1.092187
25 27  0.609423  1.246735
25 28  0.625200  1.244957
25 29  0.615029  1.281303
25 30  0.610463  1.290421
26 27  0.599983  0.944784
26 28  0.607543  0.956748
26 29  0.606614  1.041229
26 30  0.592967  1.011989
27 28  0.610162  1.089060
27 29  0.608635  1.185081
27 30  0.596086  1.146407
28 29  0.577969  1.185675
28 30  0.613902  1.177657
29 30  0.611649  1.224386
