  -1146.51123906
  -1146.87336300    -1146.74624678
0.00000386940546
2 2 2 2 2 2 2 2 2 2 2 2 2 2 2 0 0 0 0 0 0 0 0 0 0 0 0 0 0 0 
1  0.273101  0.537803
2  0.279473  0.422165
3  0.290961  0.479568
4  0.267255  0.394058
5  0.278373  0.340191
6  0.275247  0.342387
7  0.271712  0.400221
8  0.273730  0.395688
9  0.309383  0.587185
10  0.305124  0.614675
11  0.310646  0.652412
12  0.317446  0.696623
13  0.302971  0.566902
14  0.298677  0.404251
15  0.306898  0.628357
16  0.281779  0.540751
17  0.282588  0.443573
18  0.292119  0.467559
19  0.273076  0.390570
20  0.280355  0.332981
21  0.277527  0.350856
22  0.275052  0.399985
23  0.276212  0.391528
24  0.311784  0.647571
25  0.321411  0.721408
26  0.299745  0.410248
27  0.303125  0.556586
28  0.308893  0.549575
29  0.308274  0.637112
30  0.307192  0.637684
1 2  0.551518  0.947651
1 3  0.562482  0.988349
1 4  0.540218  0.916966
1 5  0.551460  0.874420
1 6  0.548315  0.879213
1 7  0.544580  0.937058
1 8  0.546217  0.925816
1 9  0.564112  1.044532
1 10  0.577237  1.142647
1 11  0.579070  1.159023
1 12  0.564894  1.183450
1 13  0.573838  1.065995
1 14  0.571708  0.937443
1 15  0.575933  1.162653
1 16  0.269465  0.891796
1 17  0.555533  0.979832
1 18  0.563854  1.004136
1 19  0.545689  0.927607
1 20  0.553435  0.870553
1 21  0.550618  0.888262
1 22  0.547779  0.936247
1 23  0.547650  0.928631
1 24  0.578553  1.176373
1 25  0.566878  1.229173
1 26  0.572796  0.947592
1 27  0.573101  1.092599
1 28  0.568324  1.084646
1 29  0.576931  1.154100
1 30  0.579861  1.166927
2 3  0.526897  0.872286
2 4  0.546717  0.815168
2 5  0.557843  0.762290
2 6  0.554716  0.764102
2 7  0.551166  0.820258
2 8  0.553182  0.814458
2 9  0.578106  0.976177
2 10  0.584525  1.033509
2 11  0.576214  1.068154
2 12  0.595847  1.095480
2 13  0.582431  0.987298
2 14  0.578137  0.823985
2 15  0.579244  1.024304
2 16  0.561053  0.961838
2 17  0.274555  0.643594
2 18  0.524192  0.848131
2 19  0.552548  0.812458
2 20  0.559804  0.755090
2 21  0.556928  0.772936
2 22  0.554495  0.821891
2 23  0.555676  0.813457
2 24  0.566993  1.033998
2 25  0.600436  1.141835
2 26  0.579141  0.832224
2 27  0.582380  0.978015
2 28  0.586121  0.969758
2 29  0.584129  1.057369
2 30  0.586192  1.058712
3 4  0.558211  0.868891
3 5  0.569333  0.818484
3 6  0.566207  0.821574
3 7  0.562653  0.879310
3 8  0.564670  0.872446
3 9  0.592489  1.023039
3 10  0.596075  1.090613
3 11  0.577617  1.076829
3 12  0.607780  1.163134
3 13  0.593907  1.034547
3 14  0.589634  0.882299
3 15  0.593632  1.103320
3 16  0.571096  1.019039
3 17  0.524075  0.876268
3 18  0.283936  0.720015
3 19  0.564029  0.869649
3 20  0.571307  0.812445
3 21  0.568473  0.830292
3 22  0.566012  0.879203
3 23  0.567080  0.870764
3 24  0.571297  1.098558
3 25  0.612130  1.198346
3 26  0.590701  0.889573
3 27  0.593746  1.034908
3 28  0.596859  1.027717
3 29  0.596595  1.104052
3 30  0.598027  1.115383
4 5  0.539438  0.719783
4 6  0.538191  0.729153
4 7  0.538449  0.790289
4 8  0.540776  0.788821
4 9  0.576619  0.972361
4 10  0.547026  0.980248
4 11  0.577898  1.038965
4 12  0.583169  1.082303
4 13  0.567644  0.934062
4 14  0.545596  0.782149
4 15  0.574115  1.020787
4 16  0.548538  0.933949
4 17  0.549842  0.837290
4 18  0.559360  0.861134
4 19  0.262080  0.552058
4 20  0.544136  0.725397
4 21  0.543711  0.742196
4 22  0.540659  0.793104
4 23  0.542934  0.784335
4 24  0.578983  1.040521
4 25  0.588274  1.110903
4 26  0.540164  0.777678
4 27  0.567993  0.950007
4 28  0.576059  0.942888
4 29  0.575493  1.030412
4 30  0.542992  1.005080
5 6  0.507271  0.643496
5 7  0.549985  0.737477
5 8  0.551994  0.735615
5 9  0.587752  0.925465
5 10  0.580711  0.943305
5 11  0.589017  0.988747
5 12  0.595736  1.036453
5 13  0.581178  0.899734
5 14  0.547907  0.722669
5 15  0.585252  0.966303
5 16  0.560131  0.880660
5 17  0.560943  0.783680
5 18  0.570480  0.807633
5 19  0.547224  0.728678
5 20  0.277491  0.422042
5 21  0.503712  0.645300
5 22  0.553144  0.740044
5 23  0.554572  0.731548
5 24  0.590156  0.987429
5 25  0.599443  1.060343
5 26  0.540357  0.713946
5 27  0.580595  0.896451
5 28  0.587257  0.889542
5 29  0.586619  0.977049
5 30  0.584759  0.977233
6 7  0.546855  0.738323
6 8  0.548892  0.736023
6 9  0.584622  0.929083
6 10  0.575881  0.936193
6 11  0.585890  0.991394
6 12  0.592359  1.034913
6 13  0.578134  0.907297
6 14  0.544978  0.721850
6 15  0.582108  0.965836
6 16  0.556995  0.882812
6 17  0.557756  0.785871
6 18  0.567336  0.809846
6 19  0.547060  0.730852
6 20  0.504708  0.633056
6 21  0.276755  0.452066
6 22  0.550272  0.742292
6 23  0.551354  0.733819
6 24  0.586999  0.989593
6 25  0.595377  1.062403
6 26  0.536549  0.714546
6 27  0.577889  0.898211
6 28  0.584124  0.891773
6 29  0.583282  0.979164
6 30  0.581042  0.979904
7 8  0.501133  0.764885
7 9  0.581057  0.986697
7 10  0.573046  0.982470
7 11  0.582338  1.046768
7 12  0.586690  1.081190
7 13  0.545602  0.945209
7 14  0.570298  0.803167
7 15  0.578436  1.014307
7 16  0.553231  0.939178
7 17  0.554253  0.843489
7 18  0.563827  0.867463
7 19  0.543235  0.789885
7 20  0.551832  0.733103
7 21  0.549234  0.750998
7 22  0.274561  0.582955
7 23  0.499264  0.749762
7 24  0.583335  1.046897
7 25  0.592530  1.118447
7 26  0.571004  0.810051
7 27  0.536572  0.917996
7 28  0.580578  0.949390
7 29  0.579596  1.036351
7 30  0.576907  1.037145
8 9  0.583050  0.976869
8 10  0.576475  0.998442
8 11  0.584349  1.047038
8 12  0.586843  1.059140
8 13  0.547276  0.942689
8 14  0.572274  0.793294
8 15  0.580504  1.018662
8 16  0.553879  0.935764
8 17  0.556318  0.838967
8 18  0.565755  0.862939
8 19  0.546452  0.784906
8 20  0.554071  0.728548
8 21  0.551171  0.746473
8 22  0.499721  0.753134
8 23  0.276388  0.566971
8 24  0.585218  1.042533
8 25  0.592834  1.115892
8 26  0.572917  0.805746
8 27  0.538859  0.913062
8 28  0.582439  0.944862
8 29  0.581882  1.032185
8 30  0.580430  1.030601
9 10  0.614372  1.196600
9 11  0.593072  1.204205
9 12  0.623003  1.246318
9 13  0.612201  1.133194
9 14  0.608046  0.987882
9 15  0.580787  1.200851
9 16  0.577960  1.125068
9 17  0.589124  1.027763
9 18  0.598635  1.053028
9 19  0.582380  0.976942
9 20  0.589727  0.919954
9 21  0.586894  0.937768
9 22  0.584430  0.986637
9 23  0.585389  0.978221
9 24  0.587468  1.185158
9 25  0.628053  1.301368
9 26  0.609126  0.997015
9 27  0.612004  1.141475
9 28  0.379159  0.983795
9 29  0.578321  1.179114
9 30  0.616319  1.220746
10 11  0.615576  1.239164
10 12  0.607812  1.274651
10 13  0.596579  1.152428
10 14  0.591075  1.007036
10 15  0.610743  1.203447
10 16  0.586327  1.147430
10 17  0.587213  1.057058
10 18  0.597041  1.080715
10 19  0.546345  0.979650
10 20  0.584770  0.947379
10 21  0.580862  0.965114
10 22  0.578163  1.014018
10 23  0.580802  1.003499
10 24  0.616731  1.257733
10 25  0.606468  1.288301
10 26  0.584562  1.005857
10 27  0.591753  1.142453
10 28  0.613827  1.161649
10 29  0.611880  1.247723
10 30  0.374405  1.131085
11 12  0.626839  1.342283
11 13  0.613460  1.193837
11 14  0.609317  1.055936
11 15  0.589891  1.221615
11 16  0.586232  1.184884
11 17  0.572102  1.060213
11 18  0.570061  1.089479
11 19  0.583689  1.041904
11 20  0.590997  0.985145
11 21  0.588134  1.002899
11 22  0.585573  1.051528
11 23  0.586614  1.043218
11 24  0.415716  1.200537
11 25  0.627708  1.359094
11 26  0.610292  1.061996
11 27  0.613596  1.205518
11 28  0.589345  1.166833
11 29  0.582547  1.245707
11 30  0.617659  1.285628
12 13  0.607815  1.240560
12 14  0.614193  1.076769
12 15  0.611750  1.262761
12 16  0.570966  1.208392
12 17  0.599545  1.138267
12 18  0.609392  1.162124
12 19  0.590076  1.082515
12 20  0.597385  1.028534
12 21  0.593786  1.046348
12 22  0.591867  1.093254
12 23  0.591440  1.087065
12 24  0.624765  1.330177
12 25  0.390461  1.321581
12 26  0.616062  1.106114
12 27  0.602783  1.218369
12 28  0.623651  1.239465
12 29  0.612971  1.324319
12 30  0.604799  1.288315
13 14  0.600950  0.964330
13 15  0.609362  1.186763
13 16  0.581406  1.105838
13 17  0.585393  1.009516
13 18  0.594730  1.033258
13 19  0.573467  0.956748
13 20  0.582558  0.899534
13 21  0.580185  0.916834
13 22  0.538878  0.929693
13 23  0.540131  0.920912
13 24  0.614586  1.211081
13 25  0.606466  1.253997
13 26  0.602510  0.976379
13 27  0.377459  1.000430
13 28  0.611482  1.114360
13 29  0.611093  1.201315
13 30  0.593310  1.173496
14 15  0.605477  1.027704
14 16  0.580428  0.944599
14 17  0.581165  0.847602
14 18  0.590781  0.871592
14 19  0.545163  0.767002
14 20  0.539145  0.697821
14 21  0.538705  0.719595
14 22  0.573340  0.803860
14 23  0.574272  0.795609
14 24  0.610337  1.051180
14 25  0.618713  1.124878
14 26  0.371464  0.642809
14 27  0.601645  0.960254
14 28  0.607568  0.953480
14 29  0.606477  1.040743
14 30  0.585347  1.023522
15 16  0.582592  1.142662
15 17  0.585738  1.070074
15 18  0.596072  1.083164
15 19  0.579943  1.018285
15 20  0.587197  0.961149
15 21  0.584142  0.978839
15 22  0.581383  1.027486
15 23  0.582990  1.019291
15 24  0.585731  1.244715
15 25  0.614372  1.339075
15 26  0.606183  1.037981
15 27  0.609817  1.182821
15 28  0.573915  1.124856
15 29  0.386459  1.144342
15 30  0.612398  1.261602
16 17  0.563101  0.972947
16 18  0.572041  0.981290
16 19  0.554766  0.920485
16 20  0.562114  0.872023
16 21  0.559268  0.891271
16 22  0.556468  0.939781
16 23  0.557251  0.923975
16 24  0.588694  1.165916
16 25  0.575827  1.208198
16 26  0.581453  0.946403
16 27  0.582515  1.063494
16 28  0.568954  1.014246
16 29  0.586094  1.173074
16 30  0.587449  1.171455
17 18  0.530062  0.883561
17 19  0.555651  0.833617
17 20  0.562937  0.776337
17 21  0.560106  0.793051
17 22  0.557624  0.840889
17 23  0.558782  0.831840
17 24  0.578121  1.076391
17 25  0.602764  1.135805
17 26  0.582315  0.850604
17 27  0.585696  0.999111
17 28  0.580742  0.966788
17 29  0.583105  1.041493
17 30  0.589673  1.073631
18 19  0.565189  0.854922
18 20  0.572472  0.799973
18 21  0.569642  0.818279
18 22  0.567155  0.867125
18 23  0.568311  0.856525
18 24  0.580950  1.074535
18 25  0.612727  1.175994
18 26  0.591856  0.876367
18 27  0.595223  1.014926
18 28  0.592812  0.977038
18 29  0.594663  1.098679
18 30  0.599289  1.102849
19 20  0.546807  0.710656
19 21  0.545286  0.734863
19 22  0.547431  0.785407
19 23  0.548974  0.781404
19 24  0.584856  1.032513
19 25  0.592234  1.105644
19 26  0.550510  0.784922
19 27  0.573255  0.922864
19 28  0.581954  0.934251
19 29  0.581288  1.026200
19 30  0.554295  0.999557
20 21  0.511113  0.645364
20 22  0.555345  0.730126
20 23  0.556510  0.724288
20 24  0.592135  0.977302
20 25  0.601591  1.053736
20 26  0.551414  0.723387
20 27  0.583330  0.884397
20 28  0.589242  0.881643
20 29  0.588593  0.967553
20 30  0.583786  0.958220
21 22  0.552498  0.746646
21 23  0.553685  0.739578
21 24  0.589304  0.994698
21 25  0.598425  1.063587
21 26  0.547830  0.731632
21 27  0.580567  0.906483
21 28  0.586410  0.900145
21 29  0.585744  0.981678
21 30  0.579907  0.965002
22 23  0.506890  0.761818
22 24  0.586814  1.039892
22 25  0.593136  1.104900
22 26  0.574679  0.808842
22 27  0.548980  0.931574
22 28  0.583929  0.949011
22 29  0.583204  1.024248
22 30  0.577707  1.001917
23 24  0.587977  1.038315
23 25  0.592639  1.079089
23 26  0.575799  0.794907
23 27  0.550065  0.928021
23 28  0.585067  0.937092
23 29  0.584351  1.023478
23 30  0.580039  1.015201
24 25  0.631691  1.357450
24 26  0.611518  1.056530
24 27  0.614702  1.181283
24 28  0.595119  1.167903
24 29  0.594218  1.219235
24 30  0.618676  1.251535
25 26  0.618782  1.102969
25 27  0.611932  1.259377
25 28  0.626944  1.243003
25 29  0.616874  1.278748
25 30  0.613012  1.305920
26 27  0.601827  0.960871
26 28  0.608625  0.957468
26 29  0.607880  1.040163
26 30  0.595087  1.031853
27 28  0.611890  1.090480
27 29  0.610527  1.185021
27 30  0.598746  1.166253
28 29  0.579056  1.170043
28 30  0.615900  1.182672
29 30  0.613797  1.227507
