   -993.90523826
   -994.21840249     -994.08921798
0.00022854720748
2 2 2 2 2 2 2 2 2 2 2 2 2 0 0 0 0 0 0 0 0 0 0 0 0 0 
1  0.259252  0.508162
2  0.264368  0.433156
3  0.275713  0.422601
4  0.277155  0.436119
5  0.295747  0.637539
6  0.297505  0.419698
7  0.296625  0.651727
8  0.296552  0.611619
9  0.296990  0.601845
10  0.276878  0.347775
11  0.306650  0.640513
12  0.308253  0.648155
13  0.283657  0.350344
14  0.272567  0.526321
15  0.263547  0.394841
16  0.282812  0.440931
17  0.277434  0.435191
18  0.300252  0.563171
19  0.296073  0.661632
20  0.304944  0.585442
21  0.305963  0.461359
22  0.295119  0.657610
23  0.282311  0.340099
24  0.306302  0.628597
25  0.302535  0.658301
26  0.283920  0.381882
1 2  0.522802  0.917676
1 3  0.534120  0.912172
1 4  0.535989  0.940609
1 5  0.553417  1.140226
1 6  0.556588  0.921238
1 7  0.552619  1.155179
1 8  0.541604  1.043669
1 9  0.537904  1.023173
1 10  0.536108  0.854281
1 11  0.561409  1.112436
1 12  0.564811  1.129790
1 13  0.542871  0.853656
1 14  0.239922  0.844038
1 15  0.521710  0.902002
1 16  0.540580  0.948074
1 17  0.536444  0.941419
1 18  0.544258  1.069201
1 19  0.554467  1.152768
1 20  0.543721  1.088388
1 21  0.565195  0.968447
1 22  0.552337  1.139884
1 23  0.541414  0.848010
1 24  0.560177  1.130698
1 25  0.557854  1.153389
1 26  0.543071  0.889499
2 3  0.540079  0.851681
2 4  0.541518  0.868351
2 5  0.559968  1.068452
2 6  0.545458  0.834894
2 7  0.558280  1.081021
2 8  0.555916  1.005910
2 9  0.561304  1.018670
2 10  0.537173  0.771934
2 11  0.551957  1.021672
2 12  0.572580  1.073952
2 13  0.542442  0.767137
2 14  0.534533  0.958198
2 15  0.248235  0.604423
2 16  0.547136  0.873490
2 17  0.541794  0.867844
2 18  0.564219  0.994821
2 19  0.558301  1.086196
2 20  0.564276  1.017143
2 21  0.541802  0.862069
2 22  0.559378  1.088848
2 23  0.543795  0.771533
2 24  0.570513  1.060061
2 25  0.549692  1.065590
2 26  0.547559  0.810008
3 4  0.509267  0.829363
3 5  0.566216  1.044642
3 6  0.573217  0.841852
3 7  0.572127  1.069224
3 8  0.572227  1.024989
3 9  0.565730  0.988056
3 10  0.552589  0.769538
3 11  0.582310  1.051815
3 12  0.563607  1.053105
3 13  0.559368  0.771876
3 14  0.547187  0.947971
3 15  0.539226  0.817065
3 16  0.269196  0.640248
3 17  0.505618  0.814775
3 18  0.573922  0.984667
3 19  0.571690  1.082598
3 20  0.580493  1.006740
3 21  0.581656  0.883584
3 22  0.569614  1.073839
3 23  0.558023  0.762619
3 24  0.549637  1.010984
3 25  0.578240  1.079572
3 26  0.559628  0.804311
4 5  0.566096  1.031247
4 6  0.574655  0.854968
4 7  0.573404  1.070361
4 8  0.573667  1.046070
4 9  0.569506  1.027722
4 10  0.554031  0.782877
4 11  0.583744  1.068215
4 12  0.563818  1.056025
4 13  0.560811  0.785912
4 14  0.549633  0.960419
4 15  0.540668  0.830620
4 16  0.508159  0.824246
4 17  0.267536  0.651911
4 18  0.576135  0.994302
4 19  0.572639  1.096023
4 20  0.582081  1.020521
4 21  0.583038  0.897019
4 22  0.568992  1.092065
4 23  0.559456  0.776128
4 24  0.555483  1.025973
4 25  0.579484  1.092541
4 26  0.561039  0.817779
5 6  0.593111  1.051382
5 7  0.583103  1.201122
5 8  0.591696  1.243640
5 9  0.558067  1.222633
5 10  0.572586  0.981830
5 11  0.601071  1.251045
5 12  0.579042  1.236706
5 13  0.579398  0.986783
5 14  0.566228  1.138009
5 15  0.559201  1.031142
5 16  0.577144  1.071770
5 17  0.571057  1.071080
5 18  0.556729  1.144560
5 19  0.586252  1.294401
5 20  0.599679  1.217344
5 21  0.601186  1.097539
5 22  0.347956  1.179754
5 23  0.577953  0.977430
5 24  0.567886  1.210022
5 25  0.595894  1.291123
5 26  0.579346  1.018812
6 7  0.591452  1.052501
6 8  0.590535  1.006457
6 9  0.594468  1.016724
6 10  0.542907  0.745480
6 11  0.598586  1.057553
6 12  0.605721  1.060781
6 13  0.545658  0.744909
6 14  0.569819  0.945434
6 15  0.540693  0.793599
6 16  0.580300  0.860312
6 17  0.574903  0.854555
6 18  0.597694  0.982273
6 19  0.593180  1.080233
6 20  0.601760  1.003632
6 21  0.382598  0.726918
6 22  0.592442  1.076189
6 23  0.534256  0.713161
6 24  0.603799  1.047317
6 25  0.583761  1.058469
6 26  0.542250  0.765019
7 8  0.558820  1.241705
7 9  0.592922  1.249304
7 10  0.572889  0.992133
7 11  0.572119  1.238783
7 12  0.603475  1.269994
7 13  0.580122  1.001027
7 14  0.565280  1.144372
7 15  0.559016  1.038840
7 16  0.579421  1.091259
7 17  0.573678  1.085053
7 18  0.596311  1.210192
7 19  0.399889  1.219021
7 20  0.553753  1.151361
7 21  0.600824  1.111756
7 22  0.581984  1.302553
7 23  0.578599  0.991447
7 24  0.600565  1.274414
7 25  0.568024  1.297340
7 26  0.579575  1.032908
8 9  0.592419  1.165113
8 10  0.573122  0.958555
8 11  0.572597  1.215022
8 12  0.604507  1.232934
8 13  0.579881  0.954872
8 14  0.556009  1.134759
8 15  0.558716  1.004944
8 16  0.579040  1.051031
8 17  0.573878  1.045563
8 18  0.595322  1.171291
8 19  0.554809  1.245533
8 20  0.409528  1.092534
8 21  0.601943  1.071274
8 22  0.591367  1.263594
8 23  0.578251  0.949817
8 24  0.602427  1.236311
8 25  0.553939  1.175553
8 26  0.579730  0.990612
9 10  0.573862  0.948482
9 11  0.603362  1.217214
9 12  0.579786  1.202598
9 13  0.580645  0.949139
9 14  0.550769  1.124507
9 15  0.560362  0.995265
9 16  0.576643  1.041314
9 17  0.573220  1.031231
9 18  0.352867  1.035884
9 19  0.592584  1.257139
9 20  0.599483  1.183134
9 21  0.602950  1.062232
9 22  0.551212  1.184576
9 23  0.579263  0.941720
9 24  0.574715  1.195295
9 25  0.598817  1.254640
9 26  0.580868  0.983311
10 11  0.581033  0.969862
10 12  0.585123  0.995414
10 13  0.512643  0.658124
10 14  0.549224  0.873862
10 15  0.538920  0.739348
10 16  0.559688  0.788587
10 17  0.554307  0.782835
10 18  0.577113  0.910737
10 19  0.572227  1.008397
10 20  0.581611  0.932520
10 21  0.538458  0.764172
10 22  0.571860  1.005003
10 23  0.510258  0.648203
10 24  0.583122  0.976022
10 25  0.578700  1.005755
10 26  0.289848  0.499723
11 12  0.614781  1.283039
11 13  0.589323  0.978207
11 14  0.573069  1.161650
11 15  0.543788  1.009481
11 16  0.589391  1.079777
11 17  0.584070  1.074228
11 18  0.606236  1.200378
11 19  0.557862  1.213871
11 20  0.578419  1.208210
11 21  0.601299  1.081278
11 22  0.600013  1.291267
11 23  0.588610  0.980359
11 24  0.612059  1.264434
11 25  0.454449  1.234889
11 26  0.589366  1.021307
12 13  0.591910  0.997888
12 14  0.574983  1.164146
12 15  0.571797  1.041685
12 16  0.561334  1.047712
12 17  0.554481  1.040055
12 18  0.574772  1.149024
12 19  0.602773  1.304691
12 20  0.612068  1.228680
12 21  0.614085  1.107994
12 22  0.574059  1.277493
12 23  0.590510  0.987995
12 24  0.404401  1.196335
12 25  0.609728  1.301215
12 26  0.592052  1.029417
13 14  0.555797  0.876449
13 15  0.542259  0.742906
13 16  0.566460  0.791157
13 17  0.561091  0.785427
13 18  0.583875  0.913282
13 19  0.579424  1.011227
13 20  0.588122  0.935415
13 21  0.549409  0.774448
13 22  0.578751  1.007675
13 23  0.292134  0.449867
13 24  0.589927  0.978635
13 25  0.585702  1.007892
13 26  0.510525  0.678610
14 15  0.535322  0.904239
14 16  0.554119  0.945439
14 17  0.549352  0.955889
14 18  0.553000  1.014120
14 19  0.566577  1.178374
14 20  0.555807  1.023989
14 21  0.578347  0.984947
14 22  0.565291  1.179372
14 23  0.554851  0.863889
14 24  0.575164  1.127137
14 25  0.572106  1.167656
14 26  0.556447  0.907143
15 16  0.546358  0.833273
15 17  0.540978  0.829650
15 18  0.563753  0.950310
15 19  0.552337  1.038526
15 20  0.562424  0.950097
15 21  0.549938  0.836698
15 22  0.558404  1.048917
15 23  0.540319  0.725524
15 24  0.569791  1.016004
15 25  0.552540  1.041238
15 26  0.543301  0.773066
16 17  0.515491  0.846615
16 18  0.575487  0.964110
16 19  0.578697  1.100615
16 20  0.587596  1.013413
16 21  0.588768  0.901852
16 22  0.572755  1.090593
16 23  0.565121  0.780362
16 24  0.565886  1.040143
16 25  0.585250  1.092618
16 26  0.566729  0.822150
17 18  0.569952  0.978753
17 19  0.573150  1.083385
17 20  0.582196  1.014330
17 21  0.583385  0.894056
17 22  0.565603  1.051942
17 23  0.559743  0.774334
17 24  0.564130  1.044177
17 25  0.579815  1.079449
17 26  0.561350  0.815109
18 19  0.595740  1.220280
18 20  0.603805  1.110562
18 21  0.606192  1.023186
18 22  0.559746  1.202324
18 23  0.582561  0.901906
18 24  0.582212  1.158099
18 25  0.602507  1.209025
18 26  0.584164  0.944119
19 20  0.564852  1.230677
19 21  0.598676  1.081037
19 22  0.582183  1.224384
19 23  0.578275  1.000284
19 24  0.601137  1.248787
19 25  0.569788  1.254299
19 26  0.579505  1.031278
20 21  0.609468  1.043045
20 22  0.598581  1.236888
20 23  0.586994  0.919987
20 24  0.611073  1.203642
20 25  0.577765  1.203038
20 26  0.588595  0.964989
21 22  0.600754  1.101173
21 23  0.555707  0.785333
21 24  0.612232  1.081318
21 25  0.600256  1.088324
21 26  0.555512  0.805095
22 23  0.577404  0.995463
22 24  0.577606  1.226038
22 25  0.595232  1.263973
22 26  0.578952  1.031434
23 24  0.588611  0.968430
23 25  0.582040  0.982791
23 26  0.517647  0.681105
24 25  0.608572  1.276907
24 26  0.590215  1.008628
25 26  0.583041  1.009407
