   -993.90523826
   -994.22113394     -994.09598693
0.00008507166146
2 2 2 2 2 2 2 2 2 2 2 2 2 0 0 0 0 0 0 0 0 0 0 0 0 0 
1  0.267529  0.526224
2  0.270560  0.452410
3  0.279699  0.422629
4  0.281445  0.434994
5  0.305229  0.639839
6  0.302335  0.435908
7  0.304755  0.664505
8  0.303820  0.625286
9  0.305739  0.600159
10  0.279681  0.358014
11  0.314771  0.651432
12  0.314181  0.636634
13  0.285965  0.359070
14  0.281418  0.544004
15  0.269760  0.414010
16  0.286949  0.439507
17  0.281566  0.434870
18  0.308460  0.561349
19  0.304176  0.674812
20  0.312136  0.596067
21  0.310884  0.477215
22  0.304168  0.659151
23  0.284670  0.349273
24  0.312092  0.616913
25  0.310676  0.670969
26  0.286867  0.394349
1 2  0.537137  0.951933
1 3  0.546186  0.929263
1 4  0.548478  0.957214
1 5  0.571038  1.160902
1 6  0.569647  0.954172
1 7  0.568855  1.185999
1 8  0.556107  1.070248
1 9  0.553178  1.036622
1 10  0.547192  0.882305
1 11  0.577352  1.139734
1 12  0.578814  1.136239
1 13  0.553459  0.879430
1 14  0.254135  0.878070
1 15  0.536019  0.939165
1 16  0.552786  0.964812
1 17  0.548808  0.958867
1 18  0.560103  1.085141
1 19  0.570790  1.184956
1 20  0.558734  1.116860
1 21  0.578371  1.002159
1 22  0.569525  1.161312
1 23  0.551968  0.875206
1 24  0.574114  1.137201
1 25  0.573994  1.183753
1 26  0.554278  0.919853
2 3  0.550255  0.869806
2 4  0.552001  0.886391
2 5  0.575632  1.089889
2 6  0.556023  0.869084
2 7  0.572348  1.112306
2 8  0.568905  1.036001
2 9  0.576227  1.033860
2 10  0.545862  0.800376
2 11  0.565441  1.049096
2 12  0.584697  1.080231
2 13  0.550534  0.793262
2 14  0.549320  0.995031
2 15  0.258584  0.645138
2 16  0.557406  0.891300
2 17  0.552101  0.886773
2 18  0.578607  1.012254
2 19  0.572454  1.118263
2 20  0.577366  1.046947
2 21  0.552912  0.898100
2 22  0.574644  1.109404
2 23  0.552219  0.800051
2 24  0.582475  1.067667
2 25  0.563931  1.097676
2 26  0.556617  0.841664
3 4  0.517626  0.827735
3 5  0.578724  1.046158
3 6  0.582033  0.858021
3 7  0.584156  1.081600
3 8  0.583458  1.037794
3 9  0.578094  0.987200
3 10  0.559377  0.779431
3 11  0.594379  1.060790
3 12  0.573451  1.041730
3 13  0.565662  0.780160
3 14  0.559860  0.965770
3 15  0.549399  0.836252
3 16  0.276180  0.636143
3 17  0.514220  0.817597
3 18  0.585981  0.983129
3 19  0.583733  1.095743
3 20  0.591671  1.017488
3 21  0.590534  0.899476
3 22  0.582431  1.075411
3 23  0.564369  0.771807
3 24  0.559427  1.002007
3 25  0.590364  1.092370
3 26  0.566556  0.816798
4 5  0.579180  1.032073
4 6  0.583774  0.869721
4 7  0.585678  1.079802
4 8  0.585220  1.058679
4 9  0.581879  1.024496
4 10  0.561123  0.791458
4 11  0.596107  1.076350
4 12  0.573762  1.043997
4 13  0.567408  0.793306
4 14  0.562742  0.976681
4 15  0.551154  0.848651
4 16  0.517058  0.825784
4 17  0.274947  0.647760
4 18  0.588447  0.991735
4 19  0.584826  1.108289
4 20  0.593560  1.030114
4 21  0.592182  0.911761
4 22  0.582037  1.092799
4 23  0.566103  0.784166
4 24  0.565592  1.015710
4 25  0.591835  1.104217
4 26  0.568246  0.829106
5 6  0.607384  1.068119
5 7  0.599484  1.209637
5 8  0.608341  1.259433
5 9  0.575727  1.224316
5 10  0.584857  0.993137
5 11  0.618550  1.262376
5 12  0.593841  1.227565
5 13  0.591180  0.997580
5 14  0.584498  1.159762
5 15  0.574883  1.052316
5 16  0.590539  1.072707
5 17  0.584560  1.073412
5 18  0.573595  1.148597
5 19  0.603281  1.310163
5 20  0.616308  1.229830
5 21  0.615470  1.115661
5 22  0.364282  1.180975
5 23  0.589772  0.988886
5 24  0.582695  1.205589
5 25  0.613427  1.306332
5 26  0.591682  1.033529
6 7  0.603979  1.078112
6 8  0.602075  1.032688
6 9  0.608032  1.030385
6 10  0.550469  0.772205
6 11  0.611225  1.084228
6 12  0.616462  1.063204
6 13  0.552893  0.770319
6 14  0.583446  0.979149
6 15  0.551603  0.829687
6 16  0.589238  0.875083
6 17  0.583834  0.870438
6 18  0.610731  0.996650
6 19  0.606022  1.109574
6 20  0.613693  1.030260
6 21  0.391680  0.762554
6 22  0.606268  1.093910
6 23  0.541487  0.739734
6 24  0.614417  1.051813
6 25  0.596328  1.086375
6 26  0.549986  0.794861
7 8  0.574469  1.267578
7 9  0.609706  1.260765
7 10  0.583739  1.013540
7 11  0.587644  1.261249
7 12  0.617397  1.269283
7 13  0.590513  1.022406
7 14  0.582170  1.176682
7 15  0.573228  1.070121
7 16  0.591667  1.102645
7 17  0.585760  1.097761
7 18  0.612618  1.221017
7 19  0.414560  1.244617
7 20  0.569445  1.180636
7 21  0.613669  1.140355
7 22  0.598677  1.317164
7 23  0.589041  1.013265
7 24  0.614406  1.275756
7 25  0.583618  1.323212
7 26  0.590444  1.058060
8 9  0.608215  1.175669
8 10  0.583100  0.982332
8 11  0.587764  1.239875
8 12  0.617679  1.233444
8 13  0.589444  0.976447
8 14  0.571805  1.165636
8 15  0.572016  1.037757
8 16  0.590383  1.063399
8 17  0.585223  1.058915
8 18  0.610688  1.183395
8 19  0.570315  1.274538
8 20  0.422072  1.115490
8 21  0.614006  1.100831
8 22  0.607638  1.278595
8 23  0.587779  0.972381
8 24  0.615517  1.238603
8 25  0.568701  1.207543
8 26  0.589917  1.016329
9 10  0.585413  0.956807
9 11  0.620186  1.225815
9 12  0.594036  1.191585
9 13  0.591703  0.955415
9 14  0.567079  1.140039
9 15  0.575257  1.012749
9 16  0.589339  1.038457
9 17  0.585833  1.029458
9 18  0.367945  1.027672
9 19  0.609401  1.268550
9 20  0.615169  1.192260
9 21  0.616619  1.076402
9 22  0.568720  1.190717
9 23  0.590363  0.949190
9 24  0.588914  1.184895
9 25  0.615679  1.265752
9 26  0.592563  0.994068
10 11  0.591753  0.988485
10 12  0.593849  0.993992
10 13  0.517992  0.677689
10 14  0.560881  0.901701
10 15  0.547846  0.768670
10 16  0.566628  0.797390
10 17  0.561237  0.792738
10 18  0.588121  0.919140
10 19  0.583030  1.031640
10 20  0.591582  0.953173
10 21  0.546062  0.791689
10 22  0.583572  1.016767
10 23  0.515647  0.669352
10 24  0.591675  0.974579
10 25  0.589552  1.028662
10 26  0.294722  0.524074
11 12  0.628813  1.283115
11 13  0.599651  0.996211
11 14  0.589783  1.190071
11 15  0.557757  1.039456
11 16  0.601627  1.089366
11 17  0.596319  1.084941
11 18  0.622584  1.209642
11 19  0.573371  1.242809
11 20  0.593293  1.230468
11 21  0.613879  1.107626
11 22  0.617080  1.303597
11 23  0.599044  1.000430
11 24  0.625905  1.264047
11 25  0.470035  1.260747
11 26  0.600317  1.044664
12 13  0.600144  0.994991
12 14  0.589883  1.170323
12 15  0.583933  1.049375
12 16  0.571351  1.037269
12 17  0.564458  1.031012
12 18  0.588501  1.141196
12 19  0.616751  1.306825
12 20  0.625185  1.227902
12 21  0.624914  1.112340
12 22  0.588562  1.270206
12 23  0.598780  0.985639
12 24  0.415152  1.168943
12 25  0.623659  1.302686
12 26  0.600884  1.030359
13 14  0.566927  0.902816
13 15  0.550599  0.770855
13 16  0.572897  0.798447
13 17  0.567530  0.793825
13 18  0.594387  0.920164
13 19  0.589778  1.032985
13 20  0.597514  0.954696
13 21  0.556844  0.800044
13 22  0.590045  1.017932
13 23  0.296268  0.468786
13 24  0.597995  0.975671
13 25  0.596103  1.029216
13 26  0.516088  0.701983
14 15  0.550198  0.938050
14 16  0.567004  0.960614
14 17  0.562202  0.972687
14 18  0.568246  1.026443
14 19  0.583431  1.209095
14 20  0.570754  1.047905
14 21  0.592106  1.017780
14 22  0.582984  1.198855
14 23  0.566057  0.890053
14 24  0.589479  1.133009
14 25  0.588881  1.196899
14 26  0.568235  0.937084
15 16  0.556707  0.850151
15 17  0.551323  0.848462
15 18  0.578149  0.965996
15 19  0.565726  1.068242
15 20  0.575315  0.976929
15 21  0.560543  0.870436
15 22  0.573605  1.068985
15 23  0.548667  0.752979
15 24  0.581773  1.021605
15 25  0.566665  1.072385
15 26  0.552288  0.804409
16 17  0.523938  0.844266
16 18  0.587385  0.961961
16 19  0.590899  1.112325
16 20  0.598909  1.021207
16 21  0.597827  0.916276
16 22  0.585264  1.089962
16 23  0.571616  0.787777
16 24  0.575636  1.027982
16 25  0.597507  1.102576
16 26  0.573812  0.832940
17 18  0.581596  0.976061
17 19  0.585241  1.094907
17 20  0.593443  1.024297
17 21  0.592430  0.908912
17 22  0.578149  1.052847
17 23  0.566232  0.782800
17 24  0.573969  1.032605
17 25  0.591991  1.089325
17 26  0.568426  0.826433
18 19  0.611965  1.231849
18 20  0.619100  1.118076
18 21  0.619315  1.037071
18 22  0.576271  1.202676
18 23  0.593128  0.908775
18 24  0.595854  1.146430
18 25  0.618835  1.219097
18 26  0.595319  0.954542
19 20  0.580453  1.254473
19 21  0.611327  1.105562
19 22  0.597961  1.233593
19 23  0.588715  1.022451
19 24  0.614896  1.248561
19 25  0.585473  1.278564
19 26  0.590539  1.055235
20 21  0.621290  1.068660
20 22  0.614733  1.249455
20 23  0.596564  0.938960
20 24  0.624037  1.202188
20 25  0.592473  1.225490
20 26  0.598710  0.987822
21 22  0.614664  1.115470
21 23  0.563239  0.811170
21 24  0.622925  1.083318
21 25  0.612809  1.114619
21 26  0.563121  0.832336
22 23  0.588806  1.005748
22 24  0.591853  1.216242
22 25  0.612114  1.275197
22 26  0.590945  1.043555
23 24  0.596758  0.965913
23 25  0.592241  1.002322
23 26  0.523110  0.703037
24 25  0.622437  1.278153
24 26  0.598950  1.008964
25 26  0.593949  1.030730
