   -993.90523826
   -994.22234367     -994.09909404
0.00001210801191
2 2 2 2 2 2 2 2 2 2 2 2 2 0 0 0 0 0 0 0 0 0 0 0 0 0 
1  0.271865  0.532640
2  0.273106  0.461483
3  0.281447  0.428025
4  0.283381  0.439765
5  0.310007  0.644446
6  0.304529  0.445138
7  0.309049  0.668516
8  0.307556  0.629184
9  0.309950  0.602371
10  0.280865  0.363508
11  0.318643  0.651687
12  0.317351  0.634942
13  0.287189  0.364203
14  0.286025  0.550530
15  0.272385  0.423694
16  0.288867  0.444369
17  0.283438  0.440247
18  0.312623  0.563895
19  0.308421  0.679819
20  0.315657  0.597436
21  0.313100  0.485530
22  0.308853  0.663382
23  0.285846  0.353941
24  0.315322  0.615537
25  0.314712  0.671590
26  0.287930  0.400969
1 2  0.543932  0.966149
1 3  0.552234  0.940387
1 4  0.554725  0.968082
1 5  0.580086  1.172031
1 6  0.576141  0.969002
1 7  0.577452  1.196566
1 8  0.563370  1.079136
1 9  0.560713  1.043564
1 10  0.552708  0.894088
1 11  0.585231  1.146250
1 12  0.586194  1.141172
1 13  0.559014  0.890283
1 14  0.261947  0.889526
1 15  0.542641  0.955268
1 16  0.558844  0.976118
1 17  0.554979  0.970523
1 18  0.568206  1.093772
1 19  0.579333  1.197283
1 20  0.566430  1.124380
1 21  0.584891  1.016795
1 22  0.578490  1.173325
1 23  0.557418  0.886283
1 24  0.581584  1.142384
1 25  0.582177  1.191372
1 26  0.559659  0.932757
2 3  0.554548  0.883431
2 4  0.556484  0.900171
2 5  0.582935  1.103466
2 6  0.560592  0.886513
2 7  0.579033  1.125040
2 8  0.575036  1.048119
2 9  0.582968  1.043738
2 10  0.549523  0.814571
2 11  0.571629  1.057893
2 12  0.590407  1.086549
2 13  0.554256  0.806566
2 14  0.556189  1.010667
2 15  0.263012  0.664774
2 16  0.561774  0.905252
2 17  0.556467  0.901202
2 18  0.585316  1.023882
2 19  0.579188  1.132476
2 20  0.583302  1.057493
2 21  0.557610  0.916255
2 22  0.581894  1.122501
2 23  0.555901  0.813859
2 24  0.588244  1.075360
2 25  0.570442  1.107735
2 26  0.560218  0.857411
3 4  0.521110  0.837510
3 5  0.585017  1.055223
3 6  0.585973  0.872570
3 7  0.590146  1.090642
3 8  0.588922  1.046514
3 9  0.583882  0.994282
3 10  0.562308  0.790015
3 11  0.599967  1.065217
3 12  0.578436  1.045457
3 13  0.568632  0.790258
3 14  0.566005  0.977707
3 15  0.553684  0.851339
3 16  0.279487  0.646859
3 17  0.517919  0.829920
3 18  0.591825  0.991134
3 19  0.589700  1.105938
3 20  0.596942  1.024274
3 21  0.594456  0.913174
3 22  0.588810  1.085021
3 23  0.567292  0.781862
3 24  0.564518  1.006914
3 25  0.596148  1.098409
3 26  0.569365  0.828796
4 5  0.585674  1.040449
4 6  0.587901  0.883442
4 7  0.591863  1.087187
4 8  0.590872  1.067304
4 9  0.587866  1.030914
4 10  0.564239  0.801249
4 11  0.601883  1.080329
4 12  0.578808  1.047189
4 13  0.570565  0.803049
4 14  0.569268  0.987814
4 15  0.555659  0.863085
4 16  0.521011  0.837314
4 17  0.278180  0.658413
4 18  0.594510  0.999320
4 19  0.590912  1.118119
4 20  0.599016  1.036256
4 21  0.596254  0.924858
4 22  0.588556  1.101842
4 23  0.569212  0.793593
4 24  0.570784  1.019960
4 25  0.597758  1.109646
4 26  0.571215  0.840475
5 6  0.614332  1.080927
5 7  0.607687  1.214938
5 8  0.616813  1.267863
5 9  0.584458  1.231239
5 10  0.590803  1.002414
5 11  0.627094  1.266603
5 12  0.601300  1.230459
5 13  0.597170  1.007183
5 14  0.593837  1.172229
5 15  0.582259  1.066416
5 16  0.597202  1.082268
5 17  0.591148  1.083483
5 18  0.582172  1.157712
5 19  0.611960  1.319727
5 20  0.624572  1.235744
5 21  0.622375  1.128616
5 22  0.372599  1.189337
5 23  0.595724  0.998148
5 24  0.590247  1.210643
5 25  0.622208  1.311716
5 26  0.597463  1.044720
6 7  0.610321  1.089636
6 8  0.607766  1.043841
6 9  0.614412  1.041161
6 10  0.553879  0.787201
6 11  0.617190  1.093493
6 12  0.621811  1.068981
6 13  0.556411  0.784909
6 14  0.590176  0.994817
6 15  0.556358  0.849210
6 16  0.593296  0.889186
6 17  0.587816  0.885064
6 18  0.617070  1.008407
6 19  0.612432  1.123815
6 20  0.619338  1.040787
6 21  0.395681  0.782266
6 22  0.613066  1.107394
6 23  0.544877  0.754351
6 24  0.619833  1.059617
6 25  0.602416  1.095773
6 26  0.553246  0.811435
7 8  0.582506  1.275203
7 9  0.618141  1.267136
7 10  0.589181  1.022383
7 11  0.595280  1.266073
7 12  0.624775  1.270719
7 13  0.596005  1.031541
7 14  0.591073  1.189025
7 15  0.580075  1.083838
7 16  0.597866  1.111455
7 17  0.591824  1.107279
7 18  0.621046  1.227579
7 19  0.422121  1.252779
7 20  0.577398  1.189732
7 21  0.620109  1.152697
7 22  0.607312  1.325331
7 23  0.594517  1.021870
7 24  0.621834  1.278460
7 25  0.591430  1.328036
7 26  0.595701  1.068684
8 9  0.616027  1.181230
8 10  0.588000  0.991696
8 11  0.595240  1.244946
8 12  0.624570  1.234856
8 13  0.594405  0.985004
8 14  0.579822  1.175811
8 15  0.578322  1.051397
8 16  0.596001  1.072228
8 17  0.590812  1.068074
8 18  0.618421  1.190032
8 19  0.578222  1.284716
8 20  0.428415  1.119199
8 21  0.619905  1.113142
8 22  0.616034  1.286732
8 23  0.592589  0.980871
8 24  0.622462  1.241327
8 25  0.576251  1.215985
8 26  0.594698  1.026703
9 10  0.590805  0.964334
9 11  0.628249  1.227993
9 12  0.601180  1.193128
9 13  0.597136  0.962063
9 14  0.575346  1.148344
9 15  0.582056  1.024671
9 16  0.595376  1.045606
9 17  0.591861  1.037252
9 18  0.375325  1.031022
9 19  0.617833  1.275683
9 20  0.622741  1.196013
9 21  0.623040  1.086903
9 22  0.577317  1.199987
9 23  0.595731  0.956051
9 24  0.596145  1.186885
9 25  0.623912  1.268739
9 26  0.597835  1.002863
10 11  0.596757  0.993294
10 12  0.598196  0.997667
10 13  0.520398  0.688801
10 14  0.566649  0.913655
10 15  0.551628  0.783845
10 16  0.569732  0.807731
10 17  0.564276  0.803592
10 18  0.593458  0.927167
10 19  0.588340  1.042096
10 20  0.596283  0.959980
10 21  0.549519  0.806227
10 22  0.589367  1.026476
10 23  0.518031  0.680298
10 24  0.596049  0.978703
10 25  0.594760  1.034798
10 26  0.296537  0.537240
11 12  0.635845  1.282069
11 13  0.604680  1.000910
11 14  0.598207  1.196923
11 15  0.564115  1.049226
11 16  0.607409  1.094523
11 17  0.602054  1.090592
11 18  0.630600  1.212574
11 19  0.581129  1.251393
11 20  0.600310  1.232509
11 21  0.619793  1.116047
11 22  0.625561  1.308234
11 23  0.604060  1.005351
11 24  0.632910  1.263181
11 25  0.477439  1.261831
11 26  0.605244  1.051538
12 13  0.604534  0.998293
12 14  0.597487  1.175437
12 15  0.589723  1.057386
12 16  0.576494  1.041338
12 17  0.569522  1.035681
12 18  0.595708  1.144436
12 19  0.624090  1.310420
12 20  0.631891  1.227714
12 21  0.630277  1.118940
12 22  0.596055  1.273517
12 23  0.603104  0.988607
12 24  0.420991  1.165220
12 25  0.630744  1.301900
12 26  0.605062  1.035279
13 14  0.572652  0.914454
13 15  0.554372  0.785760
13 16  0.576040  0.808428
13 17  0.570626  0.804323
13 18  0.599731  0.927814
13 19  0.595242  1.043018
13 20  0.602155  0.961186
13 21  0.560337  0.814119
13 22  0.595944  1.027278
13 23  0.298332  0.479682
13 24  0.602428  0.979422
13 25  0.601327  1.034913
13 26  0.518414  0.714771
14 15  0.557326  0.952990
14 16  0.573443  0.971219
14 17  0.568665  0.984139
14 18  0.575906  1.033537
14 19  0.592247  1.220742
14 20  0.578253  1.055028
14 21  0.598911  1.032133
14 22  0.592189  1.209754
14 23  0.571835  0.900865
14 24  0.597070  1.137929
14 25  0.597368  1.204115
14 26  0.573900  0.950163
15 16  0.561249  0.863983
15 17  0.555821  0.863484
15 18  0.584920  0.977299
15 19  0.572178  1.081484
15 20  0.581219  0.986848
15 21  0.565224  0.887416
15 22  0.580867  1.082529
15 23  0.552459  0.766934
15 24  0.587602  1.028619
15 25  0.573273  1.082583
15 26  0.555963  0.820656
16 17  0.527552  0.854125
16 18  0.593311  0.969180
16 19  0.597022  1.122070
16 20  0.604335  1.026412
16 21  0.601960  0.929427
16 22  0.591592  1.098371
16 23  0.574709  0.796994
16 24  0.580859  1.031699
16 25  0.603440  1.107148
16 26  0.576792  0.844199
17 18  0.587419  0.983263
17 19  0.591311  1.104322
17 20  0.598758  1.030617
17 21  0.596511  0.922081
17 22  0.584532  1.061417
17 23  0.569277  0.792523
17 24  0.579088  1.036672
17 25  0.597833  1.093399
17 26  0.571357  0.837672
18 19  0.620309  1.239477
18 20  0.626699  1.121555
18 21  0.625681  1.047762
18 22  0.584717  1.209300
18 23  0.598467  0.915614
18 24  0.603037  1.148483
18 25  0.627011  1.221894
18 26  0.600543  0.963552
19 20  0.588311  1.260903
19 21  0.617676  1.117206
19 22  0.606089  1.239973
19 23  0.594123  1.032108
19 24  0.622280  1.251348
19 25  0.593420  1.284534
19 26  0.595850  1.066151
20 21  0.626901  1.077730
20 22  0.622876  1.255304
20 23  0.601274  0.944787
20 24  0.630765  1.201901
20 25  0.599606  1.228246
20 26  0.603292  0.995802
21 22  0.621544  1.126399
21 23  0.566753  0.824623
21 24  0.628353  1.088782
21 25  0.618867  1.123091
21 26  0.566412  0.846835
22 23  0.594655  1.014413
22 24  0.599258  1.219029
22 25  0.620622  1.279106
22 26  0.596683  1.053125
23 24  0.601161  0.969208
23 25  0.597317  1.006772
23 26  0.525312  0.714661
24 25  0.629649  1.277634
24 26  0.603240  1.013879
25 26  0.599033  1.036623
