   -993.90523826
   -994.22241306     -994.09929198
0.00000811112774
2 2 2 2 2 2 2 2 2 2 2 2 2 0 0 0 0 0 0 0 0 0 0 0 0 0 
1  0.272135  0.533113
2  0.273286  0.462201
3  0.281541  0.428526
4  0.283467  0.440269
5  0.310325  0.644744
6  0.304677  0.445940
7  0.309331  0.668760
8  0.307803  0.629372
9  0.310220  0.602492
10  0.280938  0.363997
11  0.318919  0.651693
12  0.317518  0.634964
13  0.287284  0.364661
14  0.286307  0.551024
15  0.272565  0.424490
16  0.288965  0.444823
17  0.283525  0.440743
18  0.312901  0.564046
19  0.308696  0.680116
20  0.315896  0.597519
21  0.313270  0.486250
22  0.309143  0.663598
23  0.285940  0.354360
24  0.315498  0.615498
25  0.314996  0.671671
26  0.287989  0.401609
1 2  0.544376  0.967253
1 3  0.552596  0.941306
1 4  0.555082  0.969035
1 5  0.580668  1.172815
1 6  0.576558  0.970208
1 7  0.577998  1.197297
1 8  0.563832  1.079701
1 9  0.561200  1.044051
1 10  0.553051  0.895039
1 11  0.585755  1.146744
1 12  0.586625  1.141671
1 13  0.559379  0.891151
1 14  0.262434  0.890391
1 15  0.543075  0.956540
1 16  0.559204  0.977048
1 17  0.555336  0.971488
1 18  0.568724  1.094364
1 19  0.579876  1.198138
1 20  0.566921  1.124911
1 21  0.585330  1.017981
1 22  0.579046  1.174126
1 23  0.557776  0.887173
1 24  0.582026  1.142824
1 25  0.582720  1.191942
1 26  0.559986  0.933856
2 3  0.554821  0.884560
2 4  0.556750  0.901385
2 5  0.583430  1.104478
2 6  0.560908  0.887965
2 7  0.579482  1.125977
2 8  0.575452  1.048973
2 9  0.583418  1.044489
2 10  0.549775  0.815751
2 11  0.572070  1.058588
2 12  0.590753  1.087199
2 13  0.554530  0.807661
2 14  0.556631  1.011883
2 15  0.263314  0.666395
2 16  0.562040  0.906430
2 17  0.556730  0.902417
2 18  0.585772  1.024752
2 19  0.579635  1.133507
2 20  0.583716  1.058301
2 21  0.557953  0.917758
2 22  0.582365  1.123413
2 23  0.556172  0.815002
2 24  0.588596  1.076043
2 25  0.570903  1.108576
2 26  0.560456  0.858773
3 4  0.521264  0.838501
3 5  0.585414  1.055966
3 6  0.586215  0.873864
3 7  0.590517  1.091365
3 8  0.589262  1.047142
3 9  0.584244  0.994861
3 10  0.562474  0.790969
3 11  0.600334  1.065612
3 12  0.578705  1.045972
3 13  0.568820  0.791167
3 14  0.566373  0.978704
3 15  0.553951  0.852645
3 16  0.279658  0.647874
3 17  0.518092  0.831041
3 18  0.592193  0.991793
3 19  0.590069  1.106720
3 20  0.597276  1.024860
3 21  0.594717  0.914396
3 22  0.589194  1.085745
3 23  0.567480  0.782781
3 24  0.564795  1.007457
3 25  0.596525  1.098995
3 26  0.569518  0.829936
4 5  0.586085  1.041164
4 6  0.588136  0.884717
4 7  0.592229  1.087808
4 8  0.591204  1.067987
4 9  0.588219  1.031507
4 10  0.564398  0.802178
4 11  0.602243  1.080726
4 12  0.579073  1.047711
4 13  0.570745  0.803989
4 14  0.569637  0.988799
4 15  0.555923  0.864385
4 16  0.521186  0.838421
4 17  0.278323  0.659476
4 18  0.594875  0.999993
4 19  0.591264  1.118921
4 20  0.599341  1.036843
4 21  0.596499  0.926084
4 22  0.588933  1.102566
4 23  0.569392  0.794514
4 24  0.571048  1.020507
4 25  0.598120  1.110235
4 26  0.571356  0.841616
5 6  0.614797  1.081947
5 7  0.608228  1.215241
5 8  0.617374  1.268355
5 9  0.585014  1.231674
5 10  0.591192  1.003124
5 11  0.627683  1.266874
5 12  0.601765  1.230770
5 13  0.597581  1.007931
5 14  0.594433  1.173131
5 15  0.582756  1.067494
5 16  0.597614  1.083035
5 17  0.591554  1.084286
5 18  0.582726  1.158332
5 19  0.612523  1.320325
5 20  0.625125  1.236129
5 21  0.622854  1.129639
5 22  0.373125  1.189779
5 23  0.596137  0.998864
5 24  0.590726  1.211027
5 25  0.622811  1.312106
5 26  0.597827  1.045655
6 7  0.610740  1.090559
6 8  0.608144  1.044687
6 9  0.614828  1.042013
6 10  0.554112  0.788513
6 11  0.617611  1.094282
6 12  0.622124  1.069638
6 13  0.556658  0.786187
6 14  0.590604  0.996106
6 15  0.556682  0.850861
6 16  0.593536  0.890445
6 17  0.588042  0.886365
6 18  0.617495  1.009358
6 19  0.612853  1.124915
6 20  0.619722  1.041665
6 21  0.395969  0.783989
6 22  0.613500  1.108412
6 23  0.545119  0.755633
6 24  0.620156  1.060376
6 25  0.602835  1.096626
6 26  0.553463  0.812935
7 8  0.583034  1.275633
7 9  0.618687  1.267517
7 10  0.589535  1.023065
7 11  0.595797  1.266348
7 12  0.625219  1.270921
7 13  0.596379  1.032247
7 14  0.591635  1.189904
7 15  0.580530  1.084883
7 16  0.598245  1.112149
7 17  0.592180  1.108031
7 18  0.621601  1.227971
7 19  0.422622  1.253260
7 20  0.577920  1.190359
7 21  0.620555  1.153663
7 22  0.607862  1.325786
7 23  0.594892  1.022528
7 24  0.622288  1.278663
7 25  0.591952  1.328374
7 26  0.596034  1.069567
8 9  0.616535  1.181526
8 10  0.588319  0.992371
8 11  0.595746  1.245225
8 12  0.624984  1.235028
8 13  0.594748  0.985609
8 14  0.580324  1.176471
8 15  0.578748  1.052386
8 16  0.596344  1.072870
8 17  0.591142  1.068746
8 18  0.618937  1.190388
8 19  0.578741  1.285295
8 20  0.428838  1.119349
8 21  0.620318  1.114059
8 22  0.616569  1.287145
8 23  0.592922  0.981475
8 24  0.622887  1.241491
8 25  0.576761  1.216544
8 26  0.595003  1.027524
9 10  0.591147  0.964930
9 11  0.628793  1.228142
9 12  0.601607  1.193328
9 13  0.597501  0.962573
9 14  0.575867  1.148919
9 15  0.582504  1.025595
9 16  0.595743  1.046187
9 17  0.592217  1.037887
9 18  0.375802  1.031217
9 19  0.618375  1.276106
9 20  0.623241  1.196235
9 21  0.623479  1.087743
9 22  0.577852  1.200561
9 23  0.596090  0.956591
9 24  0.596579  1.187055
9 25  0.624463  1.268956
9 26  0.598164  1.003620
10 11  0.597105  0.993705
10 12  0.598435  0.998163
10 13  0.520554  0.689804
10 14  0.567006  0.914630
10 15  0.551879  0.785133
10 16  0.569902  0.808672
10 17  0.564433  0.804575
10 18  0.593808  0.927807
10 19  0.588682  1.042880
10 20  0.596594  0.960549
10 21  0.549770  0.807493
10 22  0.589724  1.027179
10 23  0.518187  0.681284
10 24  0.596292  0.979155
10 25  0.595115  1.035370
10 26  0.296636  0.538501
11 12  0.636287  1.282129
11 13  0.605049  1.001322
11 14  0.598758  1.197424
11 15  0.564559  1.050032
11 16  0.607780  1.094987
11 17  0.602416  1.091096
11 18  0.631152  1.212743
11 19  0.581646  1.251948
11 20  0.600799  1.232619
11 21  0.620222  1.116773
11 22  0.626124  1.308469
11 23  0.604428  1.005775
11 24  0.633351  1.263168
11 25  0.477967  1.261943
11 26  0.605577  1.052186
12 13  0.604795  0.998760
12 14  0.597926  1.175967
12 15  0.590068  1.058209
12 16  0.576763  1.041889
12 17  0.569778  1.036287
12 18  0.596147  1.144776
12 19  0.624535  1.310762
12 20  0.632295  1.227834
12 21  0.630610  1.119680
12 22  0.596493  1.273807
12 23  0.603362  0.989048
12 24  0.421319  1.165182
12 25  0.631189  1.302010
12 26  0.605280  1.035940
13 14  0.573021  0.915406
13 15  0.554640  0.787024
13 16  0.576232  0.809338
13 17  0.570809  0.805276
13 18  0.600100  0.928424
13 19  0.595613  1.043766
13 20  0.602482  0.961727
13 21  0.560603  0.815350
13 22  0.596328  1.027951
13 23  0.298487  0.480694
13 24  0.602694  0.979843
13 25  0.601702  1.035447
13 26  0.518556  0.715967
14 15  0.557779  0.954172
14 16  0.573822  0.972104
14 17  0.569035  0.985098
14 18  0.576403  1.034042
14 19  0.592799  1.221555
14 20  0.578731  1.055572
14 21  0.599365  1.033305
14 22  0.592754  1.210479
14 23  0.572212  0.901737
14 24  0.597519  1.138371
14 25  0.597922  1.204701
14 26  0.574241  0.951292
15 16  0.561526  0.865160
15 17  0.556088  0.864774
15 18  0.585376  0.978167
15 19  0.572603  1.082474
15 20  0.581626  0.987643
15 21  0.565561  0.888854
15 22  0.581334  1.083511
15 23  0.552735  0.768112
15 24  0.587955  1.029251
15 25  0.573732  1.083452
15 26  0.556204  0.822092
16 17  0.527713  0.855061
16 18  0.593686  0.969753
16 19  0.597392  1.122809
16 20  0.604672  1.026874
16 21  0.602227  0.930598
16 22  0.591965  1.098999
16 23  0.574900  0.797830
16 24  0.581143  1.032112
16 25  0.603821  1.107630
16 26  0.576947  0.845271
17 18  0.587777  0.983869
17 19  0.591672  1.105034
17 20  0.599077  1.031158
17 21  0.596768  0.923246
17 22  0.584921  1.062062
17 23  0.569457  0.793396
17 24  0.579361  1.037130
17 25  0.598199  1.093825
17 26  0.571501  0.838715
18 19  0.620854  1.239933
18 20  0.627209  1.121786
18 21  0.626126  1.048613
18 22  0.585247  1.209673
18 23  0.598838  0.916140
18 24  0.603482  1.148646
18 25  0.627569  1.222119
18 26  0.600878  0.964328
19 20  0.588826  1.261298
19 21  0.618116  1.118100
19 22  0.606599  1.240268
19 23  0.594490  1.032821
19 24  0.622727  1.251584
19 25  0.593956  1.284932
19 26  0.596187  1.067017
20 21  0.627296  1.078485
20 22  0.623400  1.255629
20 23  0.601608  0.945268
20 24  0.631178  1.201932
20 25  0.600095  1.228455
20 26  0.603589  0.996525
21 22  0.622003  1.127224
21 23  0.567021  0.825807
21 24  0.628698  1.089319
21 25  0.619307  1.123861
21 26  0.566651  0.848141
22 23  0.595038  1.015020
22 24  0.599703  1.219216
22 25  0.621181  1.279358
22 26  0.597033  1.053851
23 24  0.601430  0.969587
23 25  0.597688  1.007199
23 26  0.525452  0.715760
24 25  0.630104  1.277687
24 26  0.603474  1.014436
25 26  0.599379  1.037215
