   -993.90523826
   -994.22247753     -994.09948318
0.00000465234939
2 2 2 2 2 2 2 2 2 2 2 2 2 0 0 0 0 0 0 0 0 0 0 0 0 0 
1  0.272402  0.533609
2  0.273462  0.463026
3  0.281646  0.429094
4  0.283547  0.440855
5  0.310628  0.645057
6  0.304844  0.446823
7  0.309602  0.669014
8  0.308050  0.629606
9  0.310478  0.602648
10  0.281006  0.364558
11  0.319189  0.651684
12  0.317702  0.634935
13  0.287386  0.365186
14  0.286595  0.551527
15  0.272744  0.425378
16  0.289080  0.445329
17  0.283612  0.441329
18  0.313154  0.564253
19  0.308974  0.680467
20  0.316134  0.597597
21  0.313443  0.487034
22  0.309429  0.663881
23  0.286031  0.354828
24  0.315679  0.615437
25  0.315275  0.671712
26  0.288045  0.402288
1 2  0.544815  0.968486
1 3  0.552969  0.942315
1 4  0.555428  0.970094
1 5  0.581233  1.173639
1 6  0.576991  0.971514
1 7  0.578533  1.198063
1 8  0.564290  1.080345
1 9  0.561676  1.044593
1 10  0.553385  0.896080
1 11  0.586269  1.147237
1 12  0.587072  1.142148
1 13  0.559749  0.892098
1 14  0.262923  0.891236
1 15  0.543504  0.957925
1 16  0.559574  0.978056
1 17  0.555690  0.972568
1 18  0.569221  1.095031
1 19  0.580418  1.199063
1 20  0.567405  1.125459
1 21  0.585768  1.019257
1 22  0.579594  1.175024
1 23  0.558126  0.888137
1 24  0.582466  1.143270
1 25  0.583254  1.192511
1 26  0.560309  0.935021
2 3  0.555101  0.885857
2 4  0.557006  0.902794
2 5  0.583907  1.105606
2 6  0.561242  0.889585
2 7  0.579919  1.127028
2 8  0.575867  1.049962
2 9  0.583852  1.045355
2 10  0.550022  0.817110
2 11  0.572503  1.059381
2 12  0.591113  1.087881
2 13  0.554809  0.808918
2 14  0.557074  1.013219
2 15  0.263618  0.668224
2 16  0.562313  0.907775
2 17  0.556987  0.903831
2 18  0.586210  1.025774
2 19  0.580084  1.134698
2 20  0.584126  1.059212
2 21  0.558293  0.919455
2 22  0.582827  1.124506
2 23  0.556434  0.816305
2 24  0.588948  1.076811
2 25  0.571358  1.109479
2 26  0.560690  0.860287
3 4  0.521419  0.839632
3 5  0.585811  1.056784
3 6  0.586487  0.875308
3 7  0.590889  1.092154
3 8  0.589612  1.047889
3 9  0.584606  0.995530
3 10  0.562646  0.792042
3 11  0.600706  1.066052
3 12  0.578999  1.046508
3 13  0.569027  0.792194
3 14  0.566752  0.979780
3 15  0.554219  0.854110
3 16  0.279864  0.649012
3 17  0.518275  0.832332
3 18  0.592548  0.992574
3 19  0.590450  1.107620
3 20  0.597619  1.025505
3 21  0.594992  0.915748
3 22  0.589584  1.086607
3 23  0.567676  0.783816
3 24  0.565086  1.008050
3 25  0.596910  1.099605
3 26  0.569679  0.831182
4 5  0.586476  1.041967
4 6  0.588383  0.886150
4 7  0.592583  1.088522
4 8  0.591528  1.068797
4 9  0.588554  1.032213
4 10  0.564544  0.803238
4 11  0.602591  1.081200
4 12  0.579345  1.048274
4 13  0.570927  0.805071
4 14  0.570005  0.989881
4 15  0.556176  0.865856
4 16  0.521376  0.839673
4 17  0.278460  0.660715
4 18  0.595206  1.000814
4 19  0.591614  1.119859
4 20  0.599659  1.037507
4 21  0.596737  0.927458
4 22  0.589300  1.103442
4 23  0.569563  0.795567
4 24  0.571314  1.021119
4 25  0.598473  1.110867
4 26  0.571488  0.842879
5 6  0.615268  1.083061
5 7  0.608743  1.215560
5 8  0.617920  1.268907
5 9  0.585547  1.232151
5 10  0.591562  1.003906
5 11  0.628250  1.267156
5 12  0.602234  1.231075
5 13  0.597984  1.008758
5 14  0.595018  1.174059
5 15  0.583237  1.068678
5 16  0.598031  1.083873
5 17  0.591944  1.085194
5 18  0.583246  1.159035
5 19  0.613075  1.320986
5 20  0.625662  1.236521
5 21  0.623326  1.130741
5 22  0.373643  1.190323
5 23  0.596531  0.999645
5 24  0.591200  1.211412
5 25  0.623394  1.312477
5 26  0.598176  1.046645
6 7  0.611173  1.091562
6 8  0.608542  1.045643
6 9  0.615249  1.042968
6 10  0.554356  0.789987
6 11  0.618042  1.095142
6 12  0.622475  1.070306
6 13  0.556931  0.787612
6 14  0.591054  0.997485
6 15  0.557022  0.852695
6 16  0.593813  0.891837
6 17  0.588283  0.887841
6 18  0.617914  1.010447
6 19  0.613298  1.126151
6 20  0.620122  1.042619
6 21  0.396264  0.785878
6 22  0.613950  1.109582
6 23  0.545376  0.757054
6 24  0.620505  1.061194
6 25  0.603272  1.097526
6 26  0.553693  0.814565
7 8  0.583550  1.276112
7 9  0.619211  1.267943
7 10  0.589876  1.023824
7 11  0.596296  1.266643
7 12  0.625670  1.271104
7 13  0.596751  1.033029
7 14  0.592191  1.190808
7 15  0.580976  1.086029
7 16  0.598632  1.112905
7 17  0.592527  1.108884
7 18  0.622121  1.228436
7 19  0.423120  1.253793
7 20  0.578434  1.190998
7 21  0.620996  1.154700
7 22  0.608399  1.326317
7 23  0.595256  1.023246
7 24  0.622738  1.278859
7 25  0.592460  1.328679
7 26  0.596354  1.070503
8 9  0.617032  1.181900
8 10  0.588632  0.993164
8 11  0.596249  1.245536
8 12  0.625415  1.235183
8 13  0.595097  0.986319
8 14  0.580830  1.177183
8 15  0.579170  1.053512
8 16  0.596707  1.073609
8 17  0.591474  1.069554
8 18  0.619424  1.190855
8 19  0.579260  1.285982
8 20  0.429255  1.119498
8 21  0.620732  1.115089
8 22  0.617099  1.287673
8 23  0.593251  0.982179
8 24  0.623313  1.241679
8 25  0.577266  1.217136
8 26  0.595307  1.028438
9 10  0.591473  0.965625
9 11  0.629319  1.228296
9 12  0.602043  1.193525
9 13  0.597862  0.963170
9 14  0.576375  1.149531
9 15  0.582942  1.026639
9 16  0.596113  1.046857
9 17  0.592560  1.038658
9 18  0.376261  1.031492
9 19  0.618908  1.276610
9 20  0.623722  1.196495
9 21  0.623909  1.088682
9 22  0.578372  1.201239
9 23  0.596435  0.957214
9 24  0.597010  1.187250
9 25  0.624998  1.269171
9 26  0.598478  1.004449
10 11  0.597445  0.994168
10 12  0.598687  0.998678
10 13  0.520716  0.690949
10 14  0.567359  0.915687
10 15  0.552125  0.786583
10 16  0.570086  0.809737
10 17  0.564583  0.805719
10 18  0.594127  0.928574
10 19  0.589021  1.043791
10 20  0.596900  0.961188
10 21  0.550018  0.808901
10 22  0.590071  1.028021
10 23  0.518338  0.682393
10 24  0.596534  0.979657
10 25  0.595460  1.035972
10 26  0.296731  0.539871
11 12  0.636740  1.282127
11 13  0.605418  1.001780
11 14  0.599309  1.197927
11 15  0.565000  1.050909
11 16  0.608162  1.095492
11 17  0.602771  1.091678
11 18  0.631675  1.212955
11 19  0.582158  1.252546
11 20  0.601282  1.232714
11 21  0.620653  1.117557
11 22  0.626676  1.308757
11 23  0.604787  1.006234
11 24  0.633793  1.263119
11 25  0.478484  1.261995
11 26  0.605902  1.052860
12 13  0.605082  0.999239
12 14  0.598391  1.176470
12 15  0.590430  1.059070
12 16  0.577065  1.042452
12 17  0.570053  1.036940
12 18  0.596583  1.145142
12 19  0.624997  1.311110
12 20  0.632717  1.227895
12 21  0.630966  1.120434
12 22  0.596942  1.274119
12 23  0.603633  0.989488
12 24  0.421660  1.165068
12 25  0.631640  1.302040
12 26  0.605513  1.036592
13 14  0.573401  0.916432
13 15  0.554914  0.788448
13 16  0.576450  0.810364
13 17  0.570998  0.806385
13 18  0.600445  0.929162
13 19  0.595994  1.044633
13 20  0.602813  0.962330
13 21  0.560879  0.816722
13 22  0.596716  1.028757
13 23  0.298659  0.481825
13 24  0.602974  0.980305
13 25  0.602080  1.036007
13 26  0.518705  0.717276
14 15  0.558237  0.955454
14 16  0.574225  0.973053
14 17  0.569409  0.986159
14 18  0.576886  1.034604
14 19  0.593361  1.222434
14 20  0.579212  1.056119
14 21  0.599825  1.034547
14 22  0.593321  1.211283
14 23  0.572590  0.902660
14 24  0.597980  1.138805
14 25  0.598474  1.205251
14 26  0.574584  0.952467
15 16  0.561820  0.866479
15 17  0.556353  0.866247
15 18  0.585806  0.979169
15 19  0.573031  1.083595
15 20  0.582034  0.988528
15 21  0.565905  0.890428
15 22  0.581795  1.084644
15 23  0.553008  0.769422
15 24  0.588314  1.029933
15 25  0.574186  1.084375
15 26  0.556443  0.823661
16 17  0.527886  0.856132
16 18  0.594052  0.970432
16 19  0.597780  1.123651
16 20  0.605027  1.027384
16 21  0.602516  0.931887
16 22  0.592352  1.099744
16 23  0.575106  0.798754
16 24  0.581442  1.032565
16 25  0.604215  1.108115
16 26  0.577117  0.846422
17 18  0.588114  0.984614
17 19  0.592037  1.105885
17 20  0.599393  1.031784
17 21  0.597028  0.924555
17 22  0.585303  1.062842
17 23  0.569634  0.794399
17 24  0.579636  1.037660
17 25  0.598559  1.094275
17 26  0.571643  0.839862
18 19  0.621381  1.240506
18 20  0.627697  1.122057
18 21  0.626549  1.049577
18 22  0.585754  1.210153
18 23  0.599183  0.916762
18 24  0.603913  1.148858
18 25  0.628099  1.222344
18 26  0.601187  0.965196
19 20  0.589346  1.261743
19 21  0.618563  1.119102
19 22  0.607102  1.240657
19 23  0.594859  1.033642
19 24  0.623184  1.251858
19 25  0.594484  1.285361
19 26  0.596525  1.067978
20 21  0.627696  1.079297
20 22  0.623920  1.256019
20 23  0.601939  0.945790
20 24  0.631595  1.201933
20 25  0.600579  1.228634
20 26  0.603884  0.997284
21 22  0.622466  1.128183
21 23  0.567291  0.827109
21 24  0.629051  1.089891
21 25  0.619748  1.124660
21 26  0.566890  0.849559
22 23  0.595413  1.015746
22 24  0.600154  1.219452
22 25  0.621734  1.279639
22 26  0.597376  1.054676
23 24  0.601702  0.969995
23 25  0.598053  1.007639
23 26  0.525590  0.716954
24 25  0.630561  1.277687
24 26  0.603712  1.015013
25 26  0.599719  1.037807
