  -1146.53359167
  -1146.89604310    -1146.76725142
0.00006155738294
2 2 2 2 2 2 2 2 2 2 2 2 2 2 2 0 0 0 0 0 0 0 0 0 0 0 0 0 0 0 
1  0.264920  0.532199
2  0.276836  0.426944
3  0.286473  0.472857
4  0.271852  0.550249
5  0.268073  0.438522
6  0.269340  0.340334
7  0.282130  0.309541
8  0.278679  0.310411
9  0.299656  0.589322
10  0.313018  0.680203
11  0.306623  0.664672
12  0.302587  0.371716
13  0.301325  0.640084
14  0.301889  0.465738
15  0.297376  0.595644
16  0.274151  0.556601
17  0.280568  0.450171
18  0.287231  0.463969
19  0.276820  0.568517
20  0.271645  0.424536
21  0.274012  0.331839
22  0.284447  0.306676
23  0.281973  0.319911
24  0.313811  0.686234
25  0.307413  0.657831
26  0.303519  0.378605
27  0.299733  0.599579
28  0.301113  0.564174
29  0.302957  0.464648
30  0.302253  0.639389
1 2  0.540944  0.948527
1 3  0.550005  0.977016
1 4  0.534785  1.073118
1 5  0.532892  0.969022
1 6  0.534226  0.871565
1 7  0.547045  0.841599
1 8  0.543587  0.841616
1 9  0.547415  1.040163
1 10  0.555786  1.163283
1 11  0.567646  1.167028
1 12  0.567464  0.900296
1 13  0.562975  1.168072
1 14  0.566431  0.989685
1 15  0.559487  1.087511
1 16  0.253491  0.905585
1 17  0.545365  0.980586
1 18  0.550970  0.994758
1 19  0.541087  1.088637
1 20  0.536357  0.954782
1 21  0.538919  0.863842
1 22  0.549327  0.838842
1 23  0.546718  0.852015
1 24  0.553854  1.188291
1 25  0.565987  1.180052
1 26  0.568113  0.910513
1 27  0.561991  1.129160
1 28  0.551379  1.093690
1 29  0.566658  0.995981
1 30  0.563339  1.149220
2 3  0.519966  0.871151
2 4  0.548615  0.972662
2 5  0.544900  0.862711
2 6  0.546176  0.766938
2 7  0.558966  0.736276
2 8  0.555515  0.737101
2 9  0.567478  0.987969
2 10  0.589038  1.084335
2 11  0.567772  1.082330
2 12  0.579422  0.798519
2 13  0.571115  1.035159
2 14  0.578722  0.889471
2 15  0.574202  1.021225
2 16  0.550820  0.982178
2 17  0.269774  0.657914
2 18  0.516372  0.847485
2 19  0.553265  0.994497
2 20  0.548412  0.851062
2 21  0.550841  0.758698
2 22  0.561282  0.733605
2 23  0.558805  0.746819
2 24  0.590312  1.111378
2 25  0.557673  1.045730
2 26  0.580341  0.805438
2 27  0.576354  1.025460
2 28  0.576302  0.988547
2 29  0.579791  0.891156
2 30  0.576035  1.064745
3 4  0.558308  1.020709
3 5  0.554534  0.910628
3 6  0.555813  0.812934
3 7  0.568602  0.782305
3 8  0.565151  0.782941
3 9  0.578519  1.016288
3 10  0.599022  1.139834
3 11  0.569553  1.089546
3 12  0.589059  0.843681
3 13  0.583440  1.107347
3 14  0.588357  0.935760
3 15  0.583820  1.057949
3 16  0.559082  1.027856
3 17  0.516956  0.873419
3 18  0.277412  0.713276
3 19  0.563200  1.039861
3 20  0.558114  0.896880
3 21  0.560480  0.804590
3 22  0.570917  0.779512
3 23  0.568435  0.792712
3 24  0.600090  1.157011
3 25  0.562772  1.098171
3 26  0.589967  0.851300
3 27  0.585982  1.070774
3 28  0.584697  1.035624
3 29  0.589384  0.936877
3 30  0.586631  1.100550
4 5  0.534684  0.951101
4 6  0.540988  0.881405
4 7  0.553959  0.858189
4 8  0.550488  0.860024
4 9  0.571290  1.134328
4 10  0.555021  1.188493
4 11  0.578119  1.185807
4 12  0.574397  0.920249
4 13  0.571319  1.146996
4 14  0.571319  1.003892
4 15  0.544796  1.108535
4 16  0.545141  1.095421
4 17  0.551930  0.999357
4 18  0.558879  1.012945
4 19  0.275197  0.953716
4 20  0.539568  0.973601
4 21  0.545061  0.881811
4 22  0.556282  0.856871
4 23  0.553816  0.870026
4 24  0.550136  1.184024
4 25  0.578972  1.203961
4 26  0.575113  0.928332
4 27  0.540879  1.115771
4 28  0.572803  1.111489
4 29  0.574173  1.012398
4 30  0.571849  1.186108
5 6  0.532477  0.763279
5 7  0.549984  0.745455
5 8  0.546630  0.748437
5 9  0.567717  1.026522
5 10  0.578652  1.100653
5 11  0.574678  1.094285
5 12  0.569033  0.805088
5 13  0.569249  1.060181
5 14  0.544855  0.882020
5 15  0.544089  1.004419
5 16  0.542082  0.992228
5 17  0.548549  0.888094
5 18  0.555290  0.901951
5 19  0.540868  1.005608
5 20  0.262160  0.649412
5 21  0.537588  0.768519
5 22  0.551721  0.744728
5 23  0.549674  0.757505
5 24  0.581168  1.120276
5 25  0.575301  1.094546
5 26  0.571139  0.815733
5 27  0.538809  1.006756
5 28  0.569178  1.001833
5 29  0.540039  0.866623
5 30  0.569599  1.076092
6 7  0.545232  0.640958
6 8  0.543886  0.646089
6 9  0.568995  0.929046
6 10  0.582297  1.018215
6 11  0.575960  1.002625
6 12  0.551758  0.693115
6 13  0.570655  0.977053
6 14  0.547494  0.784785
6 15  0.565096  0.928665
6 16  0.543466  0.896642
6 17  0.549896  0.790364
6 18  0.556564  0.804168
6 19  0.545275  0.908474
6 20  0.536471  0.763091
6 21  0.259048  0.414708
6 22  0.550097  0.644395
6 23  0.550267  0.657804
6 24  0.582847  1.025788
6 25  0.576750  0.997664
6 26  0.545869  0.690890
6 27  0.568498  0.938678
6 28  0.570451  0.904229
6 29  0.541525  0.774702
6 30  0.571553  0.979205
7 8  0.513579  0.578034
7 9  0.581786  0.898707
7 10  0.595110  0.987943
7 11  0.588753  0.974098
7 12  0.553691  0.656220
7 13  0.583454  0.948893
7 14  0.581577  0.770413
7 15  0.579436  0.905050
7 16  0.556251  0.866097
7 17  0.562698  0.759687
7 18  0.569360  0.773483
7 19  0.558923  0.877995
7 20  0.552961  0.733661
7 21  0.552152  0.638505
7 22  0.281132  0.345128
7 23  0.511079  0.579382
7 24  0.595931  0.995684
7 25  0.589537  0.967294
7 26  0.545883  0.650193
7 27  0.581516  0.908771
7 28  0.583240  0.873675
7 29  0.584368  0.773542
7 30  0.584377  0.948866
8 9  0.578334  0.899077
8 10  0.591593  0.987819
8 11  0.585301  0.974920
8 12  0.551564  0.655894
8 13  0.580001  0.950155
8 14  0.576402  0.766216
8 15  0.575721  0.904440
8 16  0.552658  0.866934
8 17  0.559246  0.760550
8 18  0.565903  0.774340
8 19  0.555491  0.878845
8 20  0.549968  0.734320
8 21  0.551550  0.640196
8 22  0.510513  0.568055
8 23  0.279647  0.368598
8 24  0.592272  0.996465
8 25  0.586073  0.968146
8 26  0.543268  0.651789
8 27  0.577540  0.909422
8 28  0.579773  0.874522
8 29  0.580159  0.774412
8 30  0.580922  0.949734
9 10  0.609796  1.235917
9 11  0.580528  1.215212
9 12  0.602240  0.959065
9 13  0.565357  1.213332
9 14  0.601519  1.049045
9 15  0.596842  1.162035
9 16  0.559806  1.143099
9 17  0.578139  1.035708
9 18  0.584404  1.051666
9 19  0.576300  1.153394
9 20  0.571295  1.013012
9 21  0.573665  0.920925
9 22  0.584097  0.895965
9 23  0.581602  0.909137
9 24  0.610984  1.267566
9 25  0.574258  1.194613
9 26  0.603121  0.967619
9 27  0.598947  1.185619
9 28  0.363414  1.014760
9 29  0.602466  1.052839
9 30  0.562555  1.177006
10 11  0.618615  1.337309
10 12  0.615378  1.050296
10 13  0.603165  1.251705
10 14  0.611752  1.111272
10 15  0.593887  1.258465
10 16  0.562283  1.205135
10 17  0.593142  1.128305
10 18  0.600145  1.142329
10 19  0.554563  1.201381
10 20  0.583836  1.100793
10 21  0.586785  1.011526
10 22  0.597441  0.986794
10 23  0.594747  0.999904
10 24  0.385209  1.274469
10 25  0.616231  1.324415
10 26  0.615848  1.058260
10 27  0.587489  1.228765
10 28  0.611643  1.236339
10 29  0.614997  1.143171
10 30  0.603809  1.311479
11 12  0.609207  1.034242
11 13  0.581142  1.245531
11 14  0.608504  1.128592
11 15  0.603794  1.230608
11 16  0.574342  1.211677
11 17  0.563629  1.075570
11 18  0.561307  1.093043
11 19  0.583068  1.229236
11 20  0.578109  1.087645
11 21  0.580633  0.996161
11 22  0.591066  0.971286
11 23  0.588584  0.984441
11 24  0.616459  1.337011
11 25  0.407296  1.236423
11 26  0.610127  1.042843
11 27  0.606321  1.258863
11 28  0.578097  1.190380
11 29  0.609419  1.127657
11 30  0.573750  1.256121
12 13  0.603902  1.011033
12 14  0.592742  0.826187
12 15  0.598045  0.952650
12 16  0.576382  0.928053
12 17  0.583146  0.821770
12 18  0.589796  0.835554
12 19  0.579137  0.939775
12 20  0.573725  0.795212
12 21  0.549765  0.675698
12 22  0.546212  0.639156
12 23  0.545759  0.654995
12 24  0.615693  1.057436
12 25  0.609981  1.029184
12 26  0.374582  0.556644
12 27  0.601574  0.971032
12 28  0.603657  0.935662
12 29  0.585824  0.815052
12 30  0.604839  1.010786
13 14  0.603170  1.098723
13 15  0.598135  1.224038
13 16  0.570202  1.167827
13 17  0.578522  1.088568
13 18  0.586266  1.092470
13 19  0.575542  1.204708
13 20  0.572232  1.063117
13 21  0.575297  0.971555
13 22  0.585771  0.946705
13 23  0.583297  0.959898
13 24  0.603288  1.317240
13 25  0.576549  1.262783
13 26  0.604838  1.018366
13 27  0.600623  1.236418
13 28  0.560022  1.143836
13 29  0.604151  1.103459
13 30  0.369977  1.164696
14 15  0.585808  1.047562
14 16  0.574924  1.021341
14 17  0.582457  0.915369
14 18  0.589094  0.929133
14 19  0.578039  1.032249
14 20  0.542540  0.854996
14 21  0.544720  0.767399
14 22  0.585649  0.771996
14 23  0.582209  0.784734
14 24  0.614710  1.150295
14 25  0.609114  1.122007
14 26  0.586301  0.823253
14 27  0.580612  1.032321
14 28  0.602891  1.028954
14 29  0.371237  0.767601
14 30  0.603961  1.103853
15 16  0.568459  1.149490
15 17  0.577777  1.044577
15 18  0.584364  1.058093
15 19  0.542565  1.122081
15 20  0.540377  0.988043
15 21  0.570819  0.926598
15 22  0.581483  0.902078
15 23  0.578490  0.915059
15 24  0.586856  1.236129
15 25  0.604723  1.248562
15 26  0.600172  0.973959
15 27  0.372530  1.087879
15 28  0.598084  1.156863
15 29  0.579730  1.030832
15 30  0.599361  1.231629
16 17  0.553691  0.996571
16 18  0.559788  0.992407
16 19  0.548027  1.118155
16 20  0.545613  0.979595
16 21  0.548121  0.887647
16 22  0.558588  0.862951
16 23  0.556102  0.874608
16 24  0.563510  1.184731
16 25  0.577477  1.190208
16 26  0.577605  0.930239
16 27  0.570967  1.115862
16 28  0.554708  1.038052
16 29  0.576633  1.009870
16 30  0.573075  1.190032
17 18  0.523268  0.886530
17 19  0.557250  1.009460
17 20  0.552203  0.871693
17 21  0.554579  0.781741
17 22  0.565015  0.756697
17 23  0.562541  0.769847
17 24  0.593423  1.109370
17 25  0.570016  1.088903
17 26  0.584086  0.828584
17 27  0.580279  1.048339
17 28  0.572638  0.991934
17 29  0.583521  0.911901
17 30  0.575168  1.045741
18 19  0.564011  1.030979
18 20  0.558864  0.887929
18 21  0.561242  0.795630
18 22  0.571677  0.770519
18 23  0.569203  0.783401
18 24  0.600405  1.135989
18 25  0.572315  1.086738
18 26  0.590749  0.841530
18 27  0.586940  1.055099
18 28  0.580352  0.984634
18 29  0.590182  0.925557
18 30  0.583543  1.095291
19 20  0.542635  0.956803
19 21  0.550710  0.894555
19 22  0.561238  0.874389
19 23  0.558735  0.887966
19 24  0.559864  1.201438
19 25  0.583725  1.193215
19 26  0.580266  0.946230
19 27  0.551481  1.131822
19 28  0.577607  1.128275
19 29  0.576556  1.021352
19 30  0.576741  1.158269
20 21  0.540413  0.743970
20 22  0.555964  0.730040
20 23  0.553464  0.744221
20 24  0.582318  1.095649
20 25  0.579037  1.073174
20 26  0.572982  0.798593
20 27  0.548838  0.991515
20 28  0.572747  0.987587
20 29  0.549198  0.870392
20 30  0.573801  1.049316
21 22  0.551681  0.630325
21 23  0.550511  0.646422
21 24  0.587746  1.016938
21 25  0.581421  0.987888
21 26  0.555958  0.691030
21 27  0.571560  0.924821
21 28  0.575122  0.895448
21 29  0.552669  0.777020
21 30  0.576253  0.969427
22 23  0.518351  0.584182
22 24  0.598210  0.991471
22 25  0.591859  0.964463
22 26  0.557319  0.661959
22 27  0.584064  0.906130
22 28  0.585559  0.870682
22 29  0.584139  0.766121
22 30  0.586699  0.945749
23 24  0.595661  1.002812
23 25  0.589384  0.977436
23 26  0.555499  0.669483
23 27  0.581279  0.916149
23 28  0.583085  0.883223
23 29  0.580246  0.772731
23 30  0.584223  0.959079
24 25  0.619966  1.333649
24 26  0.617050  1.061518
24 27  0.598043  1.269854
24 28  0.612360  1.222307
24 29  0.613228  1.115821
24 30  0.604929  1.251392
25 26  0.610929  1.034361
25 27  0.606860  1.227252
25 28  0.583849  1.187875
25 29  0.610362  1.120725
25 30  0.584606  1.233399
26 27  0.600985  0.961065
26 28  0.604628  0.940463
26 29  0.594887  0.828023
26 30  0.605763  1.017424
27 28  0.600654  1.144006
27 29  0.589434  1.046908
27 30  0.601007  1.225466
28 29  0.604055  1.023534
28 30  0.565373  1.185916
29 30  0.605178  1.098853
