  -1146.53359167
  -1146.89708163    -1146.76964629
0.00001875309054
2 2 2 2 2 2 2 2 2 2 2 2 2 2 2 0 0 0 0 0 0 0 0 0 0 0 0 0 0 0 
1  0.268300  0.534572
2  0.278383  0.427443
3  0.287810  0.472793
4  0.274285  0.554042
5  0.270156  0.446661
6  0.270546  0.348597
7  0.282707  0.314048
8  0.279267  0.315669
9  0.302904  0.586448
10  0.316600  0.681766
11  0.309112  0.658580
12  0.303768  0.380449
13  0.305019  0.637432
14  0.304018  0.475531
15  0.299997  0.602058
16  0.277628  0.559499
17  0.282140  0.450440
18  0.288671  0.463977
19  0.279314  0.571647
20  0.273723  0.432217
21  0.275233  0.339191
22  0.285098  0.310442
23  0.282568  0.325686
24  0.317332  0.687774
25  0.309706  0.652696
26  0.304677  0.387411
27  0.302305  0.606761
28  0.304360  0.561857
29  0.305077  0.474048
30  0.305948  0.635782
1 2  0.545781  0.951318
1 3  0.554657  0.979296
1 4  0.540505  1.079172
1 5  0.538339  0.979462
1 6  0.538802  0.882066
1 7  0.550996  0.848459
1 8  0.547547  0.848997
1 9  0.553217  1.039628
1 10  0.562559  1.167324
1 11  0.573325  1.163792
1 12  0.572012  0.910805
1 13  0.569974  1.167981
1 14  0.571907  1.001379
1 15  0.565312  1.095719
1 16  0.259335  0.909290
1 17  0.550301  0.983171
1 18  0.555674  0.997250
1 19  0.546927  1.094568
1 20  0.541799  0.964681
1 21  0.543518  0.873536
1 22  0.553345  0.844974
1 23  0.550646  0.860139
1 24  0.560667  1.193128
1 25  0.571574  1.177465
1 26  0.572626  0.921642
1 27  0.567885  1.138740
1 28  0.557557  1.093572
1 29  0.572117  1.007716
1 30  0.570400  1.148935
2 3  0.522745  0.871454
2 4  0.552572  0.976652
2 5  0.548522  0.871016
2 6  0.548928  0.775596
2 7  0.561089  0.741200
2 8  0.557650  0.742763
2 9  0.572054  0.985634
2 10  0.594114  1.085780
2 11  0.571817  1.076706
2 12  0.582150  0.807728
2 13  0.576161  1.032982
2 14  0.582392  0.899259
2 15  0.578367  1.028166
2 16  0.555829  0.985559
2 17  0.272539  0.657792
2 18  0.519447  0.849103
2 19  0.557175  0.998180
2 20  0.552031  0.859241
2 21  0.553607  0.766535
2 22  0.563481  0.737866
2 23  0.560946  0.753085
2 24  0.595347  1.113525
2 25  0.561555  1.042000
2 26  0.583039  0.814730
2 27  0.580412  1.033166
2 28  0.581045  0.986769
2 29  0.583456  0.901030
2 30  0.581212  1.061702
3 4  0.562075  1.024509
3 5  0.557947  0.918669
3 6  0.558356  0.821098
3 7  0.570516  0.786725
3 8  0.567076  0.788013
3 9  0.582958  1.014232
3 10  0.603903  1.140927
3 11  0.573447  1.084252
3 12  0.591577  0.852126
3 13  0.588347  1.104528
3 14  0.591817  0.945088
3 15  0.587777  1.063810
3 16  0.563794  1.030801
3 17  0.519968  0.874882
3 18  0.279820  0.712424
3 19  0.566992  1.042870
3 20  0.561530  0.904480
3 21  0.563037  0.811862
3 22  0.572906  0.783209
3 23  0.570363  0.798411
3 24  0.604948  1.158541
3 25  0.566436  1.093571
3 26  0.592454  0.860021
3 27  0.589845  1.077934
3 28  0.589213  1.033350
3 29  0.592833  0.946190
3 30  0.591649  1.097162
4 5  0.539020  0.961750
4 6  0.544622  0.892435
4 7  0.556968  0.866133
4 8  0.553501  0.868949
4 9  0.576928  1.135367
4 10  0.560791  1.193628
4 11  0.582963  1.183133
4 12  0.578009  0.932506
4 13  0.577309  1.147484
4 14  0.575747  1.016730
4 15  0.549806  1.118251
4 16  0.551013  1.102478
4 17  0.555820  1.003477
4 18  0.562697  1.016707
4 19  0.280014  0.960693
4 20  0.544007  0.985085
4 21  0.548596  0.892943
4 22  0.559367  0.864417
4 23  0.556844  0.879552
4 24  0.556073  1.190858
4 25  0.583664  1.202846
4 26  0.578678  0.940873
4 27  0.545947  1.127751
4 28  0.578435  1.112945
4 29  0.578677  1.025574
4 30  0.577871  1.186526
5 6  0.535702  0.778424
5 7  0.552645  0.757652
5 8  0.549300  0.761781
5 9  0.573041  1.031784
5 10  0.584165  1.109688
5 11  0.579247  1.095646
5 12  0.572231  0.821250
5 13  0.574998  1.064558
5 14  0.549001  0.899743
5 15  0.548669  1.017898
5 16  0.547626  1.003075
5 17  0.552166  0.896506
5 18  0.558813  0.910081
5 19  0.545364  1.016881
5 20  0.265975  0.666773
5 21  0.540826  0.784119
5 22  0.554376  0.756607
5 23  0.552342  0.771317
5 24  0.586724  1.129895
5 25  0.579663  1.097551
5 26  0.574342  0.832628
5 27  0.543419  1.022749
5 28  0.574507  1.007635
5 29  0.544205  0.884666
5 30  0.575271  1.080656
6 7  0.546986  0.653156
6 8  0.545634  0.659415
6 9  0.573447  0.934379
6 10  0.587083  1.027747
6 11  0.579655  1.004367
6 12  0.554054  0.709878
6 13  0.575555  0.982114
6 14  0.550791  0.802444
6 15  0.568852  0.942529
6 16  0.548143  0.907745
6 17  0.552667  0.798878
6 18  0.559205  0.812422
6 19  0.548853  0.919836
6 20  0.539664  0.779133
6 21  0.261278  0.432218
6 22  0.551920  0.656510
6 23  0.552052  0.671698
6 24  0.587551  1.035461
6 25  0.580247  1.000731
6 26  0.548176  0.708078
6 27  0.572245  0.954021
6 28  0.574902  0.910147
6 29  0.544836  0.792394
6 30  0.576457  0.983798
7 8  0.514760  0.588510
7 9  0.585609  0.900303
7 10  0.599259  0.993653
7 11  0.591818  0.972466
7 12  0.555507  0.669920
7 13  0.587725  0.950518
7 14  0.584221  0.784184
7 15  0.582630  0.915919
7 16  0.560298  0.873493
7 17  0.564846  0.764457
7 18  0.571377  0.777992
7 19  0.561995  0.885615
7 20  0.555525  0.745819
7 21  0.553930  0.650456
7 22  0.282306  0.355042
7 23  0.512297  0.590242
7 24  0.600030  1.001715
7 25  0.592404  0.966652
7 26  0.547647  0.663700
7 27  0.584643  0.920393
7 28  0.587061  0.875858
7 29  0.587042  0.787404
7 30  0.588642  0.949755
8 9  0.582169  0.901265
8 10  0.595751  0.994092
8 11  0.588377  0.974045
8 12  0.553324  0.670069
8 13  0.584283  0.952674
8 14  0.579089  0.780244
8 15  0.578929  0.915859
8 16  0.556695  0.875070
8 17  0.561406  0.766069
8 18  0.567930  0.779596
8 19  0.558574  0.887208
8 20  0.552622  0.747183
8 21  0.553337  0.652693
8 22  0.511804  0.577684
8 23  0.280698  0.381425
8 24  0.596367  1.003237
8 25  0.588951  0.968252
8 26  0.545007  0.666046
8 27  0.580639  0.921809
8 28  0.583602  0.877450
8 29  0.582862  0.789099
8 30  0.585203  0.951372
9 10  0.616581  1.234792
9 11  0.586097  1.207508
9 12  0.606667  0.964591
9 13  0.572080  1.208047
9 14  0.606894  1.055482
9 15  0.602696  1.165533
9 16  0.566099  1.143016
9 17  0.582897  1.033196
9 18  0.589022  1.048933
9 19  0.582007  1.153575
9 20  0.576623  1.017799
9 21  0.578131  0.925375
9 22  0.587992  0.896850
9 23  0.585429  0.912020
9 24  0.617665  1.266768
9 25  0.579686  1.188334
9 26  0.607505  0.973514
9 27  0.604752  1.190034
9 28  0.369138  1.007462
9 29  0.607817  1.059345
9 30  0.569274  1.172159
10 11  0.624654  1.333282
10 12  0.620141  1.060435
10 13  0.610006  1.250715
10 14  0.617262  1.120841
10 15  0.599834  1.266199
10 16  0.569271  1.210522
10 17  0.598256  1.130262
10 18  0.605162  1.143972
10 19  0.560532  1.207487
10 20  0.589443  1.109935
10 21  0.591559  1.020342
10 22  0.601678  0.992113
10 23  0.598900  1.007209
10 24  0.391953  1.277110
10 25  0.621999  1.321000
10 26  0.620543  1.068541
10 27  0.593463  1.237867
10 28  0.618439  1.236023
10 29  0.620679  1.154103
10 30  0.610821  1.309440
11 12  0.612876  1.036429
11 13  0.586915  1.237790
11 14  0.613122  1.132261
11 15  0.608878  1.230306
11 16  0.580235  1.208678
11 17  0.567720  1.070783
11 18  0.565259  1.087618
11 19  0.587994  1.226502
11 20  0.582644  1.089254
11 21  0.584343  0.997374
11 22  0.594201  0.968950
11 23  0.591657  0.984101
11 24  0.622329  1.332654
11 25  0.411819  1.224003
11 26  0.613769  1.045505
11 27  0.611369  1.260164
11 28  0.583591  1.183048
11 29  0.614001  1.130974
11 30  0.579557  1.247871
12 13  0.608776  1.016960
12 14  0.595930  0.844373
12 15  0.601785  0.966045
12 16  0.581001  0.939635
12 17  0.585892  0.830755
12 18  0.592406  0.844276
12 19  0.582787  0.951579
12 20  0.576945  0.811579
12 21  0.552137  0.691902
12 22  0.548037  0.651826
12 23  0.547508  0.669764
12 24  0.620327  1.067619
12 25  0.613457  1.032728
12 26  0.376807  0.577281
12 27  0.605331  0.986949
12 28  0.608077  0.942041
12 29  0.589026  0.832775
12 30  0.609714  1.015871
13 14  0.608986  1.105341
13 15  0.604340  1.227626
13 16  0.577359  1.169301
13 17  0.583691  1.086264
13 18  0.591363  1.090166
13 19  0.581691  1.205465
13 20  0.577925  1.068195
13 21  0.580211  0.976208
13 22  0.590112  0.947812
13 23  0.587585  0.963004
13 24  0.610302  1.316222
13 25  0.582179  1.255843
13 26  0.609684  1.024485
13 27  0.606821  1.241003
13 28  0.566660  1.140861
13 29  0.609961  1.110178
13 30  0.376628  1.157216
14 15  0.590348  1.063348
14 16  0.580476  1.033983
14 17  0.586155  0.925399
14 18  0.592654  0.938915
14 19  0.582617  1.045155
14 20  0.546725  0.872890
14 21  0.547974  0.784462
14 22  0.588408  0.785531
14 23  0.584919  0.800330
14 24  0.620336  1.161596
14 25  0.613495  1.126663
14 26  0.589488  0.841439
14 27  0.585179  1.049214
14 28  0.608254  1.036418
14 29  0.375331  0.789538
14 30  0.609775  1.110014
15 16  0.574472  1.158821
15 17  0.581923  1.051284
15 18  0.588351  1.064578
15 19  0.547727  1.132867
15 20  0.545009  1.002793
15 21  0.574624  0.940275
15 22  0.584739  0.912215
15 23  0.581673  0.927215
15 24  0.592885  1.244508
15 25  0.609635  1.250070
15 26  0.603944  0.989176
15 27  0.377720  1.102796
15 28  0.603936  1.161080
15 29  0.584287  1.046469
15 30  0.605624  1.234510
16 17  0.558693  0.999589
16 18  0.564633  0.995202
16 19  0.553871  1.124095
16 20  0.551145  0.990086
16 21  0.552810  0.897778
16 22  0.562710  0.869571
16 23  0.560166  0.882855
16 24  0.570142  1.188578
16 25  0.583141  1.188236
16 26  0.582232  0.941231
16 27  0.576849  1.125148
16 28  0.560669  1.038449
16 29  0.582186  1.021540
16 30  0.580187  1.189603
17 18  0.526223  0.886597
17 19  0.561297  1.012429
17 20  0.555846  0.879321
17 21  0.557371  0.789281
17 22  0.567238  0.760675
17 23  0.564708  0.775809
17 24  0.598442  1.110561
17 25  0.573881  1.084186
17 26  0.586815  0.837629
17 27  0.584420  1.055815
17 28  0.577193  0.989777
17 29  0.587210  0.921120
17 30  0.580255  1.042842
18 19  0.567945  1.034186
18 20  0.562377  0.895592
18 21  0.563903  0.802957
18 22  0.573769  0.774262
18 23  0.571238  0.789011
18 24  0.605327  1.136937
18 25  0.576071  1.082092
18 26  0.593347  0.850076
18 27  0.590956  1.061753
18 28  0.584882  0.983040
18 29  0.593739  0.934516
18 30  0.588494  1.091546
19 20  0.547064  0.966532
19 21  0.554422  0.904308
19 22  0.564385  0.881089
19 23  0.561812  0.896776
19 24  0.565664  1.206295
19 25  0.588438  1.190917
19 26  0.583914  0.958007
19 27  0.556495  1.141718
19 28  0.583312  1.129186
19 29  0.581017  1.033132
19 30  0.582757  1.157610
20 21  0.543655  0.757972
20 22  0.558693  0.741296
20 23  0.556136  0.757650
20 24  0.587772  1.104406
20 25  0.583403  1.074951
20 26  0.576132  0.814474
20 27  0.553428  1.005431
20 28  0.578066  0.992942
20 29  0.553291  0.887366
20 30  0.579566  1.052829
21 22  0.553526  0.641094
21 23  0.552298  0.659471
21 24  0.592483  1.025648
21 25  0.584935  0.989712
21 26  0.558250  0.707093
21 27  0.575267  0.938575
21 28  0.579587  0.900404
21 29  0.555970  0.793600
21 30  0.581168  0.972851
22 23  0.519610  0.594456
22 24  0.602371  0.996512
22 25  0.594804  0.963080
22 26  0.559180  0.675066
22 27  0.587283  0.917068
22 28  0.589457  0.872097
22 29  0.586833  0.778835
22 30  0.591044  0.945808
23 24  0.599762  1.009523
23 25  0.592272  0.977996
23 26  0.557240  0.683878
23 27  0.584446  0.928651
23 28  0.586926  0.886437
23 29  0.582930  0.786807
23 30  0.588511  0.961191
24 25  0.625750  1.330710
24 26  0.621726  1.071583
24 27  0.603962  1.278142
24 28  0.619073  1.221476
24 29  0.618672  1.124996
24 30  0.611640  1.249836
25 26  0.614377  1.037580
25 27  0.611697  1.228385
25 28  0.589221  1.181196
25 29  0.614776  1.124956
25 30  0.590288  1.225899
26 27  0.604642  0.975236
26 28  0.609030  0.946548
26 29  0.598073  0.845667
26 30  0.610613  1.022521
27 28  0.606464  1.148555
27 29  0.593939  1.062989
27 30  0.607121  1.228907
28 29  0.609418  1.030203
28 30  0.572149  1.180300
29 30  0.610984  1.104291
