  -1146.53359167
  -1146.89721089    -1146.76998421
0.00001276564894
2 2 2 2 2 2 2 2 2 2 2 2 2 2 2 0 0 0 0 0 0 0 0 0 0 0 0 0 0 0 
1  0.268695  0.535019
2  0.278588  0.427743
3  0.287967  0.472968
4  0.274633  0.554564
5  0.270446  0.447861
6  0.270698  0.349815
7  0.282784  0.314713
8  0.279331  0.316413
9  0.303316  0.586192
10  0.317074  0.681925
11  0.309413  0.658032
12  0.303892  0.381678
13  0.305478  0.637203
14  0.304295  0.476744
15  0.300340  0.602988
16  0.278048  0.560124
17  0.282348  0.450783
18  0.288847  0.464282
19  0.279669  0.571994
20  0.274026  0.433312
21  0.275394  0.340272
22  0.285184  0.310991
23  0.282627  0.326541
24  0.317782  0.688014
25  0.309999  0.652164
26  0.304781  0.388674
27  0.302655  0.607641
28  0.304757  0.561681
29  0.305355  0.475262
30  0.306403  0.635407
1 2  0.546376  0.952010
1 3  0.555206  0.979885
1 4  0.541231  1.080122
1 5  0.539021  0.981096
1 6  0.539347  0.883705
1 7  0.551467  0.849566
1 8  0.548004  0.850138
1 9  0.553939  1.039745
1 10  0.563394  1.167893
1 11  0.574008  1.163778
1 12  0.572530  0.912383
1 13  0.570819  1.168218
1 14  0.572573  1.002977
1 15  0.566024  1.097007
1 16  0.260053  0.910106
1 17  0.550905  0.983946
1 18  0.556224  0.998015
1 19  0.547667  1.095435
1 20  0.542494  0.966195
1 21  0.544075  0.875059
1 22  0.553824  0.845968
1 23  0.551091  0.861436
1 24  0.561514  1.193979
1 25  0.572262  1.177400
1 26  0.573123  0.923344
1 27  0.568625  1.140080
1 28  0.558301  1.093819
1 29  0.572781  1.009372
1 30  0.571246  1.149131
2 3  0.523074  0.871928
2 4  0.553124  0.977402
2 5  0.549015  0.872441
2 6  0.549285  0.777094
2 7  0.561372  0.742146
2 8  0.557919  0.743787
2 9  0.572648  0.985675
2 10  0.594783  1.086075
2 11  0.572330  1.076446
2 12  0.582480  0.809253
2 13  0.576808  1.033002
2 14  0.582873  0.900671
2 15  0.578915  1.029403
2 16  0.556454  0.986473
2 17  0.272893  0.658394
2 18  0.519820  0.849896
2 19  0.557716  0.998831
2 20  0.552534  0.860636
2 21  0.553973  0.767913
2 22  0.563772  0.738714
2 23  0.561209  0.754239
2 24  0.595992  1.114082
2 25  0.562047  1.041918
2 26  0.583347  0.816291
2 27  0.580958  1.034349
2 28  0.581641  0.986906
2 29  0.583940  0.902541
2 30  0.581865  1.061639
3 4  0.562580  1.025209
3 5  0.558392  0.920034
3 6  0.558664  0.822483
3 7  0.570750  0.787560
3 8  0.567297  0.788906
3 9  0.583530  1.014236
3 10  0.604530  1.141194
3 11  0.573914  1.083963
3 12  0.591858  0.853484
3 13  0.588952  1.104458
3 14  0.592249  0.946407
3 15  0.588277  1.064796
3 16  0.564345  1.031615
3 17  0.520326  0.875617
3 18  0.280124  0.712866
3 19  0.567503  1.043368
3 20  0.561988  0.905746
3 21  0.563354  0.813114
3 22  0.573148  0.783931
3 23  0.570576  0.799439
3 24  0.605552  1.158960
3 25  0.566881  1.093320
3 26  0.592711  0.861455
3 27  0.590336  1.079005
3 28  0.589766  1.033364
3 29  0.593267  0.947578
3 30  0.592260  1.097036
4 5  0.539630  0.963274
4 6  0.545119  0.894025
4 7  0.557393  0.867271
4 8  0.553913  0.870200
4 9  0.577682  1.135642
4 10  0.561571  1.194324
4 11  0.583608  1.183002
4 12  0.578482  0.934215
4 13  0.578090  1.147690
4 14  0.576348  1.018376
4 15  0.550494  1.119612
4 16  0.551771  1.103684
4 17  0.556356  1.004350
4 18  0.563216  1.017522
4 19  0.280714  0.961486
4 20  0.544657  0.986709
4 21  0.549079  0.894545
4 22  0.559801  0.865487
4 23  0.557251  0.880924
4 24  0.556862  1.191912
4 25  0.584301  1.202871
4 26  0.579128  0.942649
4 27  0.546644  1.129358
4 28  0.579178  1.113285
4 29  0.579292  1.027315
4 30  0.578668  1.186712
5 6  0.536132  0.780666
5 7  0.553013  0.759455
5 8  0.549653  0.763718
5 9  0.573742  1.032729
5 10  0.584904  1.110957
5 11  0.579837  1.096142
5 12  0.572636  0.823578
5 13  0.575742  1.065330
5 14  0.549561  0.902139
5 15  0.549291  1.019834
5 16  0.548335  1.004868
5 17  0.552656  0.898051
5 18  0.559278  0.911583
5 19  0.546001  1.018434
5 20  0.266500  0.669253
5 21  0.541269  0.786415
5 22  0.554737  0.758354
5 23  0.552691  0.773362
5 24  0.587457  1.131323
5 25  0.580245  1.098222
5 26  0.574733  0.835084
5 27  0.544055  1.024967
5 28  0.575194  1.008659
5 29  0.544766  0.887208
5 30  0.575981  1.081493
6 7  0.547212  0.654955
6 8  0.545846  0.661352
6 9  0.574009  0.935328
6 10  0.587707  1.029087
6 11  0.580108  1.004956
6 12  0.554328  0.712285
6 13  0.576165  0.983029
6 14  0.551215  0.804810
6 15  0.569335  0.944550
6 16  0.548715  0.909579
6 17  0.553025  0.800438
6 18  0.559531  0.813944
6 19  0.549340  0.921398
6 20  0.540108  0.781464
6 21  0.261549  0.434786
6 22  0.552156  0.658288
6 23  0.552262  0.673754
6 24  0.588151  1.036897
6 25  0.580691  1.001409
6 26  0.548437  0.710589
6 27  0.572741  0.956106
6 28  0.575450  0.911186
6 29  0.545262  0.794842
6 30  0.577066  0.984631
7 8  0.514894  0.590024
7 9  0.586098  0.900705
7 10  0.599809  0.994421
7 11  0.592197  0.972574
7 12  0.555699  0.671887
7 13  0.588261  0.950914
7 14  0.584570  0.785988
7 15  0.583050  0.917504
7 16  0.560795  0.874781
7 17  0.565131  0.765465
7 18  0.571630  0.778961
7 19  0.562429  0.886623
7 20  0.555896  0.747575
7 21  0.554168  0.652214
7 22  0.282463  0.356495
7 23  0.512430  0.591860
7 24  0.600558  1.002617
7 25  0.592773  0.966782
7 26  0.547822  0.665680
7 27  0.585071  0.921929
7 28  0.587536  0.876345
7 29  0.587394  0.789274
7 30  0.589174  0.950042
8 9  0.582645  0.901714
8 10  0.596285  0.994907
8 11  0.588743  0.974233
8 12  0.553519  0.672074
8 13  0.584806  0.953175
8 14  0.579427  0.782068
8 15  0.579338  0.917501
8 16  0.557169  0.876435
8 17  0.561679  0.767155
8 18  0.568169  0.780644
8 19  0.558993  0.888295
8 20  0.552988  0.749014
8 21  0.553563  0.654504
8 22  0.511953  0.579074
8 23  0.280817  0.383257
8 24  0.596880  1.004217
8 25  0.589305  0.968461
8 26  0.545175  0.668099
8 27  0.581045  0.923422
8 28  0.584061  0.878016
8 29  0.583202  0.791064
8 30  0.585722  0.951738
9 10  0.617467  1.234693
9 11  0.586789  1.206869
9 12  0.607203  0.965503
9 13  0.572897  1.207578
9 14  0.607583  1.056372
9 15  0.603449  1.166168
9 16  0.566887  1.143365
9 17  0.583508  1.033296
9 18  0.589604  1.049001
9 19  0.582770  1.153660
9 20  0.577337  1.018636
9 21  0.578703  0.926196
9 22  0.588489  0.897142
9 23  0.585896  0.912617
9 24  0.618524  1.266838
9 25  0.580378  1.187800
9 26  0.608017  0.974516
9 27  0.605515  1.190669
9 28  0.369830  1.006790
9 29  0.608505  1.060305
9 30  0.570092  1.171776
10 11  0.625424  1.332957
10 12  0.620740  1.061804
10 13  0.610882  1.250615
10 14  0.617986  1.122018
10 15  0.600605  1.267273
10 16  0.570150  1.211478
10 17  0.598930  1.130783
10 18  0.605811  1.144439
10 19  0.561343  1.208243
10 20  0.590212  1.111185
10 21  0.592193  1.021566
10 22  0.602238  0.992819
10 23  0.599428  1.008218
10 24  0.392867  1.277459
10 25  0.622754  1.320611
10 26  0.621112  1.069952
10 27  0.594245  1.238992
10 28  0.619306  1.236086
10 29  0.621427  1.155481
10 30  0.611708  1.309220
11 12  0.613302  1.037027
11 13  0.587634  1.237092
11 14  0.613699  1.132923
11 15  0.609518  1.230547
11 16  0.580954  1.208773
11 17  0.568217  1.070753
11 18  0.565735  1.087504
11 19  0.588645  1.226337
11 20  0.583243  1.089806
11 21  0.584806  0.997899
11 22  0.594589  0.968949
11 23  0.592016  0.984405
11 24  0.623059  1.332321
11 25  0.412381  1.222783
11 26  0.614175  1.046212
11 27  0.612020  1.260531
11 28  0.584283  1.182465
11 29  0.614579  1.131645
11 30  0.580277  1.247191
12 13  0.609359  1.017934
12 14  0.596329  0.846761
12 15  0.602244  0.967954
12 16  0.581540  0.941482
12 17  0.586222  0.832328
12 18  0.592704  0.845809
12 19  0.583266  0.953148
12 20  0.577366  0.813900
12 21  0.552423  0.694241
12 22  0.548237  0.653646
12 23  0.547691  0.671901
12 24  0.620893  1.069075
12 25  0.613876  1.033417
12 26  0.377030  0.580195
12 27  0.605804  0.989061
12 28  0.608595  0.943091
12 29  0.589426  0.835169
12 30  0.610294  1.016720
13 14  0.609721  1.106252
13 15  0.605129  1.228289
13 16  0.578231  1.169878
13 17  0.584348  1.086389
13 18  0.591999  1.090288
13 19  0.582507  1.205629
13 20  0.578662  1.069074
13 21  0.580833  0.977053
13 22  0.590656  0.948130
13 23  0.588103  0.963629
13 24  0.611185  1.316232
13 25  0.582906  1.255234
13 26  0.610246  1.025515
13 27  0.607621  1.241669
13 28  0.567451  1.140770
13 29  0.610699  1.111165
13 30  0.377520  1.156380
14 15  0.590934  1.065451
14 16  0.581162  1.035817
14 17  0.586639  0.926950
14 18  0.593107  0.940432
14 19  0.583240  1.046725
14 20  0.547292  0.875299
14 21  0.548400  0.786750
14 22  0.588767  0.787287
14 23  0.585254  0.802401
14 24  0.621059  1.163051
14 25  0.614063  1.127350
14 26  0.589866  0.843850
14 27  0.585786  1.051325
14 28  0.608925  1.037455
14 29  0.375874  0.792273
14 30  0.610507  1.110852
15 16  0.575235  1.160381
15 17  0.582473  1.052566
15 18  0.588854  1.065834
15 19  0.548428  1.134393
15 20  0.545648  1.004948
15 21  0.575125  0.942273
15 22  0.585170  0.913687
15 23  0.582063  0.928992
15 24  0.593648  1.245760
15 25  0.610270  1.250502
15 26  0.604392  0.991372
15 27  0.378440  1.104731
15 28  0.604680  1.161848
15 29  0.584889  1.048601
15 30  0.606414  1.235065
16 17  0.559316  1.000487
16 18  0.565220  0.996043
16 19  0.554622  1.125053
16 20  0.551864  0.991791
16 21  0.553391  0.899463
16 22  0.563215  0.870736
16 23  0.560643  0.884252
16 24  0.570969  1.189295
16 25  0.583850  1.188384
16 26  0.582756  0.942988
16 27  0.577596  1.126542
16 28  0.561406  1.038788
16 29  0.582879  1.023271
16 30  0.581053  1.189867
17 18  0.526574  0.887228
17 19  0.561855  1.013012
17 20  0.556356  0.880668
17 21  0.557741  0.790690
17 22  0.567532  0.761555
17 23  0.564974  0.776990
17 24  0.599088  1.110937
17 25  0.574381  1.084017
17 26  0.587128  0.839229
17 27  0.584976  1.057042
17 28  0.577781  0.989894
17 29  0.587695  0.922571
17 30  0.580909  1.042856
18 19  0.568476  1.034849
18 20  0.562855  0.896987
18 21  0.564241  0.804338
18 22  0.574031  0.775110
18 23  0.571473  0.790135
18 24  0.605944  1.137354
18 25  0.576553  1.081898
18 26  0.593627  0.851593
18 27  0.591482  1.062853
18 28  0.585452  0.983216
18 29  0.594192  0.935952
18 30  0.589103  1.091440
19 20  0.547705  0.967822
19 21  0.554939  0.905640
19 22  0.564826  0.881956
19 23  0.562225  0.897965
19 24  0.566435  1.206940
19 25  0.589076  1.190670
19 26  0.584374  0.959589
19 27  0.557185  1.142890
19 28  0.584059  1.129371
19 29  0.581619  1.034590
19 30  0.583541  1.157542
20 21  0.544108  0.760004
20 22  0.559082  0.742913
20 23  0.556497  0.759595
20 24  0.588503  1.105667
20 25  0.583998  1.075367
20 26  0.576529  0.816740
20 27  0.554067  1.007258
20 28  0.578765  0.993863
20 29  0.553852  0.889658
20 30  0.580323  1.053445
21 22  0.553772  0.642675
21 23  0.552517  0.661399
21 24  0.593094  1.026944
21 25  0.585389  0.990191
21 26  0.558516  0.709414
21 27  0.575763  0.940418
21 28  0.580145  0.901294
21 29  0.556399  0.795865
21 30  0.581785  0.973509
22 23  0.519749  0.595972
22 24  0.602904  0.997258
22 25  0.595183  0.963094
22 26  0.559359  0.676963
22 27  0.587718  0.918496
22 28  0.589940  0.872462
22 29  0.587188  0.780531
22 30  0.591586  0.945962
23 24  0.600269  1.010522
23 25  0.592624  0.978303
23 26  0.557407  0.685972
23 27  0.584857  0.930329
23 28  0.587381  0.887066
23 29  0.583268  0.788722
23 30  0.589024  0.961662
24 25  0.626485  1.330503
24 26  0.622283  1.073058
24 27  0.604728  1.279216
24 28  0.619912  1.221481
24 29  0.619373  1.126208
24 30  0.612474  1.249703
25 26  0.614774  1.038220
25 27  0.612334  1.228580
25 28  0.589896  1.180608
25 29  0.615347  1.125639
25 30  0.591012  1.225165
26 27  0.605092  0.977124
26 28  0.609531  0.947556
26 29  0.598454  0.848061
26 30  0.611172  1.023388
27 28  0.607210  1.149223
27 29  0.594536  1.065039
27 30  0.607906  1.229386
28 29  0.610093  1.031173
28 30  0.572957  1.179772
29 30  0.611715  1.105073
