   -993.88072013
   -994.18752966     -994.05209875
0.00016834898601
2 2 2 2 2 2 2 2 2 2 2 2 2 0 0 0 0 0 0 0 0 0 0 0 0 0 
1  0.258797  0.588082
2  0.258924  0.587612
3  0.257986  0.464293
4  0.258060  0.463897
5  0.271526  0.374621
6  0.271789  0.383817
7  0.271547  0.374296
8  0.271812  0.383539
9  0.295148  0.663271
10  0.295272  0.663132
11  0.296073  0.499254
12  0.296129  0.498417
13  0.295857  0.738251
14  0.263732  0.577446
15  0.263799  0.576796
16  0.264429  0.495496
17  0.264585  0.495219
18  0.274458  0.369659
19  0.273924  0.385842
20  0.274492  0.369389
21  0.273937  0.385086
22  0.296315  0.491788
23  0.295155  0.664207
24  0.295130  0.664670
25  0.298207  0.735425
26  0.296276  0.492406
1 2  0.513283  1.110211
1 3  0.514639  1.040280
1 4  0.516745  1.047972
1 5  0.530228  0.961967
1 6  0.530213  0.965033
1 7  0.530305  0.961400
1 8  0.530573  0.965828
1 9  0.528580  1.209811
1 10  0.552181  1.222725
1 11  0.552610  1.049457
1 12  0.554799  1.067927
1 13  0.532356  1.278889
1 14  0.252166  1.014093
1 15  0.518870  1.159327
1 16  0.522606  1.072595
1 17  0.523155  1.079465
1 18  0.532730  0.956457
1 19  0.531458  0.972948
1 20  0.533283  0.956918
1 21  0.532620  0.972286
1 22  0.554640  1.077613
1 23  0.553391  1.245574
1 24  0.522419  1.197401
1 25  0.527600  1.278708
1 26  0.553605  1.078532
2 3  0.516795  1.047854
2 4  0.514830  1.039505
2 5  0.530409  0.961263
2 6  0.530674  0.965667
2 7  0.530378  0.961187
2 8  0.530368  0.964290
2 9  0.552181  1.222369
2 10  0.528764  1.209350
2 11  0.554866  1.068216
2 12  0.552798  1.048331
2 13  0.532495  1.278476
2 14  0.518935  1.159489
2 15  0.252393  1.012761
2 16  0.523131  1.079278
2 17  0.522888  1.071858
2 18  0.533376  0.956716
2 19  0.532732  0.972564
2 20  0.532894  0.955715
2 21  0.531598  0.971730
2 22  0.553769  1.077471
2 23  0.522532  1.196374
2 24  0.553490  1.245563
2 25  0.527699  1.278524
2 26  0.554720  1.077756
3 4  0.515991  0.918674
3 5  0.523988  0.817218
3 6  0.526075  0.839717
3 7  0.529529  0.836278
3 8  0.529793  0.847021
3 9  0.530712  1.094117
3 10  0.552938  1.117583
3 11  0.535077  0.940678
3 12  0.554097  0.959463
3 13  0.550784  1.154551
3 14  0.521113  1.032746
3 15  0.521516  1.038299
3 16  0.246343  0.762097
3 17  0.522170  0.957882
3 18  0.529035  0.832883
3 19  0.530974  0.845201
3 20  0.532420  0.833379
3 21  0.531911  0.849024
3 22  0.554243  0.955110
3 23  0.552233  1.125761
3 24  0.523231  1.092903
3 25  0.554096  1.195953
3 26  0.528578  0.926864
4 5  0.529582  0.836193
4 6  0.529845  0.846901
4 7  0.524081  0.816562
4 8  0.526173  0.839044
4 9  0.552891  1.117275
4 10  0.530923  1.093508
4 11  0.554115  0.959895
4 12  0.535211  0.939546
4 13  0.550839  1.154324
4 14  0.521526  1.038528
4 15  0.521261  1.031724
4 16  0.522079  0.957763
4 17  0.246536  0.761318
4 18  0.532459  0.833254
4 19  0.531973  0.849386
4 20  0.529145  0.832223
4 21  0.531062  0.844087
4 22  0.528711  0.925935
4 23  0.523298  1.092065
4 24  0.552276  1.125834
4 25  0.554175  1.195563
4 26  0.554277  0.955334
5 6  0.497364  0.723131
5 7  0.543071  0.748080
5 8  0.543337  0.757495
5 9  0.564581  1.022225
5 10  0.566765  1.031837
5 11  0.537259  0.854678
5 12  0.567654  0.872675
5 13  0.567177  1.102398
5 14  0.534882  0.950585
5 15  0.535309  0.950837
5 16  0.532138  0.868927
5 17  0.536028  0.869433
5 18  0.270100  0.517289
5 19  0.494289  0.710512
5 20  0.546011  0.743898
5 21  0.545462  0.759578
5 22  0.567809  0.866115
5 23  0.566601  1.037856
5 24  0.566071  1.038283
5 25  0.569155  1.108690
5 26  0.528504  0.823224
6 7  0.543335  0.757449
6 8  0.543600  0.766167
6 9  0.563298  1.018309
6 10  0.567022  1.038797
6 11  0.536984  0.858706
6 12  0.567918  0.881301
6 13  0.567550  1.120202
6 14  0.534324  0.960232
6 15  0.535454  0.959847
6 16  0.535170  0.875329
6 17  0.536337  0.878633
6 18  0.494405  0.706394
6 19  0.271702  0.548202
6 20  0.546279  0.753091
6 21  0.545723  0.768749
6 22  0.568072  0.875249
6 23  0.566940  1.046976
6 24  0.565707  1.047710
6 25  0.569471  1.117543
6 26  0.528933  0.830501
7 8  0.497405  0.722480
7 9  0.566662  1.031630
7 10  0.564727  1.021758
7 11  0.567619  0.873189
7 12  0.537342  0.853533
7 13  0.567194  1.102141
7 14  0.535264  0.951162
7 15  0.534970  0.949619
7 16  0.535889  0.869388
7 17  0.532313  0.868321
7 18  0.545998  0.743844
7 19  0.545471  0.760010
7 20  0.270142  0.516573
7 21  0.494330  0.709451
7 22  0.528558  0.822316
7 23  0.566116  1.037505
7 24  0.566598  1.037999
7 25  0.569175  1.108374
7 26  0.567789  0.866409
8 9  0.566922  1.038602
8 10  0.563440  1.017897
8 11  0.567885  0.881859
8 12  0.537071  0.857591
8 13  0.567573  1.119928
8 14  0.535409  0.960219
8 15  0.534416  0.959308
8 16  0.536202  0.878635
8 17  0.535352  0.874787
8 18  0.546269  0.753083
8 19  0.545734  0.769227
8 20  0.494447  0.705847
8 21  0.271748  0.547010
8 22  0.529008  0.829670
8 23  0.565756  1.046974
8 24  0.566939  1.047161
8 25  0.569495  1.117270
8 26  0.568055  0.875589
9 10  0.587857  1.261024
9 11  0.580727  1.148276
9 12  0.591249  1.157224
9 13  0.576072  1.374051
9 14  0.527872  1.192466
9 15  0.558329  1.234366
9 16  0.530956  1.123630
9 17  0.558803  1.155355
9 18  0.569078  1.031949
9 19  0.567475  1.048270
9 20  0.569574  1.031850
9 21  0.569079  1.047321
9 22  0.591060  1.152612
9 23  0.589421  1.319133
9 24  0.356506  1.234383
9 25  0.570476  1.341266
9 26  0.572544  1.125642
10 11  0.591317  1.157946
10 12  0.580899  1.147334
10 13  0.576230  1.373833
10 14  0.558375  1.234885
10 15  0.527967  1.191619
10 16  0.558776  1.155494
10 17  0.531245  1.123265
10 18  0.569665  1.031981
10 19  0.569191  1.047934
10 20  0.569235  1.031535
10 21  0.567612  1.047381
10 22  0.572719  1.124920
10 23  0.356656  1.233507
10 24  0.589517  1.319432
10 25  0.570573  1.341126
10 26  0.591145  1.153080
11 12  0.592196  0.992054
11 13  0.591197  1.212724
11 14  0.557915  1.074941
11 15  0.559331  1.073850
11 16  0.533899  0.959070
11 17  0.560626  0.993370
11 18  0.529880  0.823601
11 19  0.530133  0.842082
11 20  0.570550  0.868362
11 21  0.569993  0.883941
11 22  0.592385  0.990014
11 23  0.590949  1.160909
11 24  0.573069  1.135756
11 25  0.594140  1.231901
11 26  0.360548  0.849315
12 13  0.591251  1.212078
12 14  0.559316  1.073667
12 15  0.558053  1.073457
12 16  0.560529  0.992814
12 17  0.534093  0.958015
12 18  0.570574  0.867795
12 19  0.570037  0.883860
12 20  0.529976  0.822533
12 21  0.530211  0.840521
12 22  0.360630  0.847626
12 23  0.573146  1.134524
12 24  0.590979  1.160539
12 25  0.594194  1.231082
12 26  0.592402  0.989798
13 14  0.529602  1.262077
13 15  0.529705  1.261524
13 16  0.557680  1.229508
13 17  0.557828  1.229271
13 18  0.569812  1.106694
13 19  0.569477  1.122434
13 20  0.569839  1.106432
13 21  0.569483  1.121700
13 22  0.592008  1.227346
13 23  0.569341  1.351693
13 24  0.569213  1.352063
13 25  0.362007  1.404963
13 26  0.591968  1.227954
14 15  0.522614  1.091675
14 16  0.524997  1.064794
14 17  0.528135  1.069566
14 18  0.537988  0.946585
14 19  0.537090  0.954082
14 20  0.538183  0.946038
14 21  0.537636  0.956636
14 22  0.559938  1.053961
14 23  0.556358  1.215412
14 24  0.532914  1.200274
14 25  0.538587  1.270250
14 26  0.557246  1.035267
15 16  0.528044  1.069185
15 17  0.525194  1.063879
15 18  0.538216  0.945648
15 19  0.537691  0.956694
15 20  0.538088  0.945666
15 21  0.537169  0.952796
15 22  0.557348  1.034201
15 23  0.533011  1.199419
15 24  0.556400  1.215159
15 25  0.538604  1.269625
15 26  0.559968  1.053918
16 17  0.528929  0.976326
16 18  0.532787  0.841574
16 19  0.533294  0.872276
16 20  0.538918  0.861927
16 21  0.538363  0.879676
16 22  0.560722  0.983340
16 23  0.559178  1.142455
16 24  0.535566  1.110388
16 25  0.559129  1.176227
16 26  0.540183  0.964636
17 18  0.539041  0.861920
17 19  0.538507  0.880143
17 20  0.532977  0.841056
17 21  0.533461  0.871271
17 22  0.540387  0.963699
17 23  0.535705  1.109607
17 24  0.559299  1.142648
17 25  0.559270  1.175842
17 26  0.560839  0.983702
18 19  0.501969  0.721733
18 20  0.548950  0.738331
18 21  0.548395  0.754340
18 22  0.570773  0.860998
18 23  0.569588  1.028149
18 24  0.566812  1.018204
18 25  0.572471  1.095387
18 26  0.540485  0.841685
19 20  0.548416  0.754826
19 21  0.547861  0.770079
19 22  0.570239  0.876891
19 23  0.569062  1.043511
19 24  0.565088  1.022798
19 25  0.572012  1.119963
19 26  0.539352  0.851474
20 21  0.502008  0.720714
20 22  0.540554  0.840694
20 23  0.566874  1.017570
20 24  0.569597  1.028378
20 25  0.572503  1.095076
20 26  0.570767  0.861344
21 22  0.539416  0.850188
21 23  0.565120  1.021812
21 24  0.569049  1.043278
21 25  0.572023  1.119223
21 26  0.570212  0.876753
22 23  0.581630  1.146025
22 24  0.591413  1.153605
22 25  0.593278  1.198640
22 26  0.592582  0.979091
23 24  0.587559  1.260948
23 25  0.579359  1.366633
23 26  0.591398  1.153749
24 25  0.579310  1.367110
24 26  0.581582  1.146966
25 26  0.593248  1.199377
