   -993.88072013
   -994.18895893     -994.05583475
0.00009731521738
2 2 2 2 2 2 2 2 2 2 2 2 2 0 0 0 0 0 0 0 0 0 0 0 0 0 
1  0.262200  0.591535
2  0.262197  0.591587
3  0.261657  0.469384
4  0.261671  0.469758
5  0.273142  0.376841
6  0.273846  0.385883
7  0.273162  0.377207
8  0.273857  0.386236
9  0.299519  0.667510
10  0.299632  0.667952
11  0.298681  0.501779
12  0.298709  0.502128
13  0.300230  0.740086
14  0.267190  0.580797
15  0.267166  0.581089
16  0.268258  0.501684
17  0.268303  0.502153
18  0.276155  0.371100
19  0.275874  0.386919
20  0.276188  0.371467
21  0.275870  0.387139
22  0.298950  0.496293
23  0.299522  0.668169
24  0.299425  0.667635
25  0.302176  0.738194
26  0.298953  0.495889
1 2  0.519732  1.116518
1 3  0.521499  1.048655
1 4  0.523747  1.057267
1 5  0.535212  0.967660
1 6  0.535606  0.970080
1 7  0.535318  0.967730
1 8  0.536008  0.971357
1 9  0.536066  1.217284
1 10  0.559778  1.229924
1 11  0.558399  1.054383
1 12  0.560766  1.073673
1 13  0.539991  1.284491
1 14  0.258317  1.019668
1 15  0.525563  1.167194
1 16  0.529789  1.082493
1 17  0.530281  1.089693
1 18  0.537817  0.961243
1 19  0.536717  0.977431
1 20  0.538380  0.962452
1 21  0.537918  0.977818
1 22  0.560581  1.085696
1 23  0.561135  1.253091
1 24  0.530004  1.206156
1 25  0.534910  1.286515
1 26  0.559597  1.085600
2 3  0.523732  1.056945
2 4  0.521510  1.049065
2 5  0.535294  0.967424
2 6  0.535993  0.971084
2 7  0.535229  0.968075
2 8  0.535614  0.970476
2 9  0.559659  1.229591
2 10  0.536177  1.217784
2 11  0.560730  1.073398
2 12  0.558424  1.054735
2 13  0.540022  1.284523
2 14  0.525586  1.166965
2 15  0.258319  1.020084
2 16  0.530235  1.089297
2 17  0.529829  1.082989
2 18  0.538345  0.962141
2 19  0.537918  0.977655
2 20  0.537849  0.961656
2 21  0.536713  0.977698
2 22  0.559593  1.086050
2 23  0.530060  1.206601
2 24  0.561038  1.252640
2 25  0.534938  1.286637
2 26  0.560570  1.085362
3 4  0.523256  0.928554
3 5  0.529063  0.823914
3 6  0.531574  0.846483
3 7  0.534813  0.843817
3 8  0.535509  0.854693
3 9  0.538527  1.102617
3 10  0.560925  1.126864
3 11  0.541036  0.948270
3 12  0.560347  0.967938
3 13  0.558615  1.160044
3 14  0.528205  1.041421
3 15  0.528505  1.047543
3 16  0.252279  0.773015
3 17  0.529461  0.969890
3 18  0.534317  0.839451
3 19  0.536511  0.851493
3 20  0.537765  0.840551
3 21  0.537507  0.856180
3 22  0.560555  0.964721
3 23  0.560113  1.134871
3 24  0.531087  1.101745
3 25  0.561674  1.203996
3 26  0.534793  0.936083
4 5  0.534808  0.843829
4 6  0.535512  0.854715
4 7  0.529094  0.824589
4 8  0.531598  0.847177
4 9  0.560831  1.126779
4 10  0.538647  1.103342
4 11  0.560333  0.967972
4 12  0.541078  0.948991
4 13  0.558637  1.160351
4 14  0.528551  1.047619
4 15  0.528191  1.042070
4 16  0.529420  0.969792
4 17  0.252315  0.773987
4 18  0.537747  0.840559
4 19  0.537525  0.856334
4 20  0.534363  0.840196
4 21  0.536520  0.852092
4 22  0.534819  0.936861
4 23  0.531166  1.102623
4 24  0.560032  1.134712
4 25  0.561695  1.204355
4 26  0.560571  0.964693
5 6  0.501092  0.727612
5 7  0.546303  0.752999
5 8  0.546999  0.762265
5 9  0.570401  1.027930
5 10  0.572731  1.038125
5 11  0.541523  0.859407
5 12  0.571850  0.878592
5 13  0.573146  1.105747
5 14  0.539953  0.955992
5 15  0.540294  0.957364
5 16  0.537437  0.877338
5 17  0.541340  0.878585
5 18  0.273078  0.520027
5 19  0.498013  0.715348
5 20  0.549321  0.748196
5 21  0.549013  0.763854
5 22  0.572056  0.872843
5 23  0.572568  1.044063
5 24  0.571931  1.043412
5 25  0.574682  1.113711
5 26  0.532799  0.830191
6 7  0.547008  0.762276
6 8  0.547703  0.770627
6 9  0.569523  1.023323
6 10  0.573435  1.044546
6 11  0.541576  0.863156
6 12  0.572554  0.886954
6 13  0.573975  1.124101
6 14  0.539717  0.965574
6 15  0.540848  0.966243
6 16  0.540973  0.883639
6 17  0.542100  0.887642
6 18  0.498272  0.711291
6 19  0.275152  0.550505
6 20  0.550033  0.757236
6 21  0.549714  0.772869
6 22  0.572756  0.881825
6 23  0.573364  1.053020
6 24  0.571995  1.052841
6 25  0.575467  1.122310
6 26  0.533522  0.837532
7 8  0.501122  0.728327
7 9  0.572636  1.038020
7 10  0.570533  1.028688
7 11  0.571842  0.878610
7 12  0.541568  0.860124
7 13  0.573165  1.106086
7 14  0.540340  0.957438
7 15  0.539948  0.956644
7 16  0.541315  0.878483
7 17  0.537501  0.878175
7 18  0.549308  0.748196
7 19  0.549036  0.764000
7 20  0.273110  0.520886
7 21  0.498036  0.715936
7 22  0.532800  0.830925
7 23  0.572046  1.044308
7 24  0.572491  1.043891
7 25  0.574701  1.114065
7 26  0.572080  0.872807
8 9  0.573332  1.044418
8 10  0.569646  1.024029
8 11  0.572538  0.886954
8 12  0.541610  0.863863
8 13  0.573985  1.124447
8 14  0.540886  0.966301
8 15  0.539703  0.966213
8 16  0.542066  0.887527
8 17  0.541030  0.884461
8 18  0.550011  0.757222
8 19  0.549729  0.773002
8 20  0.498304  0.712000
8 21  0.275161  0.551201
8 22  0.533541  0.838263
8 23  0.572103  1.053723
8 24  0.573279  1.052836
8 25  0.575478  1.122655
8 26  0.572770  0.881775
9 10  0.596425  1.267431
9 11  0.587377  1.154310
9 12  0.598198  1.165088
9 13  0.584484  1.379661
9 14  0.535524  1.201939
9 15  0.566022  1.243138
9 16  0.538923  1.134704
9 17  0.566747  1.166565
9 18  0.575117  1.037579
9 19  0.573760  1.053628
9 20  0.575630  1.038183
9 21  0.575383  1.053638
9 22  0.598011  1.161401
9 23  0.598123  1.327672
9 24  0.364663  1.241845
9 25  0.578401  1.349236
9 26  0.579457  1.133193
10 11  0.598285  1.165192
10 12  0.587514  1.155082
10 13  0.584605  1.380095
10 14  0.566151  1.243261
10 15  0.535637  1.202654
10 16  0.566801  1.166540
10 17  0.539080  1.135590
10 18  0.575710  1.038262
10 19  0.575500  1.053864
10 20  0.575263  1.038379
10 21  0.573872  1.054289
10 22  0.579575  1.134005
10 23  0.364759  1.242957
10 24  0.598140  1.327584
10 25  0.578460  1.349674
10 26  0.598120  1.161448
11 12  0.597384  0.997399
11 13  0.598077  1.216324
11 14  0.563966  1.080967
11 15  0.565196  1.080740
11 16  0.540218  0.968727
11 17  0.566952  1.002857
11 18  0.534152  0.829014
11 19  0.534668  0.847192
11 20  0.574850  0.872976
11 21  0.574529  0.888526
11 22  0.597621  0.997045
11 23  0.597888  1.167471
11 24  0.579675  1.140884
11 25  0.600694  1.237404
11 26  0.365724  0.854959
12 13  0.598102  1.216617
12 14  0.565249  1.080777
12 15  0.563963  1.081603
12 16  0.566935  1.002736
12 17  0.540290  0.969507
12 18  0.574845  0.872958
12 19  0.574560  0.888656
12 20  0.534211  0.829712
12 21  0.534685  0.847720
12 22  0.365738  0.855841
12 23  0.579808  1.141765
12 24  0.597823  1.167279
12 25  0.600719  1.237747
12 26  0.597651  0.996991
13 14  0.537332  1.269241
13 15  0.537330  1.269535
13 16  0.565852  1.237770
13 17  0.565899  1.238221
13 18  0.575763  1.110009
13 19  0.575756  1.125300
13 20  0.575801  1.110370
13 21  0.575752  1.125514
13 22  0.598993  1.233910
13 23  0.577495  1.358005
13 24  0.577379  1.357457
13 25  0.370236  1.409940
13 26  0.598994  1.233515
14 15  0.529281  1.098531
14 16  0.532104  1.073964
14 17  0.535297  1.079779
14 18  0.543100  0.951354
14 19  0.542428  0.957998
14 20  0.543334  0.951490
14 21  0.543026  0.961403
14 22  0.566023  1.060485
14 23  0.564024  1.221941
14 24  0.540394  1.206576
14 25  0.545884  1.275953
14 26  0.563201  1.040939
15 16  0.535225  1.079599
15 17  0.532123  1.074730
15 18  0.543277  0.951413
15 19  0.543005  0.961463
15 20  0.543109  0.952009
15 21  0.542400  0.958503
15 22  0.563173  1.041555
15 23  0.540480  1.207331
15 24  0.563902  1.221657
15 25  0.545838  1.276242
15 26  0.566003  1.060388
16 17  0.536446  0.987742
16 18  0.538088  0.848661
16 19  0.538820  0.879321
16 20  0.544444  0.869665
16 21  0.544125  0.887855
16 22  0.567179  0.993490
16 23  0.567326  1.151806
16 24  0.543379  1.118918
16 25  0.566687  1.183215
16 26  0.546424  0.973864
17 18  0.544455  0.869786
17 19  0.544174  0.888104
17 20  0.538162  0.849401
17 21  0.538857  0.879967
17 22  0.546469  0.974716
17 23  0.543492  1.119765
17 24  0.567273  1.151725
17 25  0.566730  1.183553
17 26  0.567227  0.993571
18 19  0.505601  0.724745
18 20  0.552343  0.741700
18 21  0.552025  0.757791
18 22  0.575105  0.866870
18 23  0.575653  1.033160
18 24  0.572666  1.022156
18 25  0.578138  1.098988
18 26  0.544884  0.846254
19 20  0.552062  0.757938
19 21  0.551744  0.773033
19 22  0.574824  0.882368
19 23  0.575377  1.047933
19 24  0.571097  1.026070
19 25  0.577931  1.123864
19 26  0.543865  0.855857
20 21  0.505631  0.725350
20 22  0.544903  0.846988
20 23  0.572797  1.023028
20 24  0.575590  1.032983
20 25  0.578170  1.099286
20 26  0.575141  0.866831
21 22  0.543863  0.856514
21 23  0.571190  1.026765
21 24  0.575277  1.047619
21 25  0.577925  1.124079
21 26  0.574823  0.882185
22 23  0.588391  1.154117
22 24  0.598336  1.161126
22 25  0.599773  1.204160
22 26  0.597894  0.986111
23 24  0.595966  1.265748
23 25  0.587352  1.373283
23 26  0.598435  1.161256
24 25  0.587262  1.372808
24 26  0.588291  1.153179
25 26  0.599783  1.203865
