   -993.88072013
   -994.19037316     -994.05924146
0.00001771170480
2 2 2 2 2 2 2 2 2 2 2 2 2 0 0 0 0 0 0 0 0 0 0 0 0 0 
1  0.266391  0.593417
2  0.266407  0.593534
3  0.264656  0.476804
4  0.264666  0.477105
5  0.274792  0.381680
6  0.275230  0.391700
7  0.274806  0.381904
8  0.275244  0.391892
9  0.304594  0.669841
10  0.304662  0.670196
11  0.301663  0.507757
12  0.301685  0.508057
13  0.304823  0.739037
14  0.271405  0.583165
15  0.271407  0.583350
16  0.271413  0.509170
17  0.271440  0.509525
18  0.277933  0.375975
19  0.277287  0.392403
20  0.277958  0.376235
21  0.277279  0.392545
22  0.301852  0.501676
23  0.304409  0.670573
24  0.304315  0.670077
25  0.306822  0.736890
26  0.301842  0.501377
1 2  0.527829  1.120627
1 3  0.528530  1.057624
1 4  0.530933  1.066433
1 5  0.541030  0.974369
1 6  0.541156  0.977248
1 7  0.541108  0.974267
1 8  0.541560  0.978090
1 9  0.545044  1.221784
1 10  0.568750  1.233846
1 11  0.565377  1.061003
1 12  0.567926  1.080167
1 13  0.548522  1.285498
1 14  0.265813  1.022115
1 15  0.533835  1.171753
1 16  0.537046  1.092228
1 17  0.537572  1.098600
1 18  0.543761  0.967804
1 19  0.542122  0.984754
1 20  0.544327  0.969080
1 21  0.543448  0.985134
1 22  0.567531  1.093071
1 23  0.570137  1.257570
1 24  0.538916  1.212971
1 25  0.543548  1.289075
1 26  0.566620  1.093078
2 3  0.530940  1.066247
2 4  0.528557  1.058025
2 5  0.541110  0.974163
2 6  0.541562  0.978027
2 7  0.541061  0.974705
2 8  0.541186  0.977549
2 9  0.568701  1.233639
2 10  0.545129  1.222244
2 11  0.567920  1.079999
2 12  0.565415  1.061369
2 13  0.548532  1.285561
2 14  0.533844  1.171689
2 15  0.265862  1.022503
2 16  0.537562  1.098367
2 17  0.537088  1.092675
2 18  0.544318  0.968939
2 19  0.543473  0.985111
2 20  0.543802  0.968177
2 21  0.542131  0.985010
2 22  0.566649  1.093487
2 23  0.538994  1.213481
2 24  0.570060  1.257203
2 25  0.543583  1.289262
2 26  0.567536  1.092891
3 4  0.529202  0.941776
3 5  0.533569  0.835347
3 6  0.535805  0.859235
3 7  0.539454  0.855224
3 8  0.539893  0.867609
3 9  0.546306  1.111656
3 10  0.568950  1.136036
3 11  0.546765  0.961254
3 12  0.566312  0.980789
3 13  0.565993  1.164922
3 14  0.535352  1.051472
3 15  0.535699  1.056954
3 16  0.257678  0.787525
3 17  0.535456  0.984661
3 18  0.538924  0.851754
3 19  0.540884  0.864483
3 20  0.542507  0.852724
3 21  0.541904  0.868989
3 22  0.566438  0.977513
3 23  0.567835  1.144778
3 24  0.538839  1.112403
3 25  0.569284  1.210320
3 26  0.540555  0.949685
4 5  0.539449  0.855305
4 6  0.539888  0.867720
4 7  0.533592  0.835823
4 8  0.535827  0.859708
4 9  0.568891  1.135970
4 10  0.546377  1.112266
4 11  0.566299  0.980791
4 12  0.546797  0.961835
4 13  0.566004  1.165178
4 14  0.535707  1.057068
4 15  0.535363  1.051939
4 16  0.535439  0.984608
4 17  0.257710  0.788268
4 18  0.542491  0.852766
4 19  0.541922  0.869149
4 20  0.538956  0.852317
4 21  0.540885  0.864929
4 22  0.540588  0.950286
4 23  0.538915  1.113168
4 24  0.567751  1.144584
4 25  0.569296  1.210613
4 26  0.566437  0.977517
5 6  0.504092  0.738578
5 7  0.549596  0.762181
5 8  0.550035  0.772554
5 9  0.577013  1.034195
5 10  0.579386  1.044375
5 11  0.546281  0.870314
5 12  0.576476  0.889300
5 13  0.579392  1.108642
5 14  0.545800  0.962959
5 15  0.546186  0.964457
5 16  0.542146  0.889719
5 17  0.546057  0.890791
5 18  0.276118  0.530584
5 19  0.501143  0.726993
5 20  0.552733  0.757797
5 21  0.552071  0.774087
5 22  0.576580  0.883069
5 23  0.579081  1.051315
5 24  0.578425  1.050707
5 25  0.580825  1.117228
5 26  0.537379  0.841584
6 7  0.550035  0.772587
6 8  0.550473  0.781627
6 9  0.575887  1.029881
6 10  0.579827  1.051338
6 11  0.545972  0.874678
6 12  0.576915  0.898497
6 13  0.579950  1.128911
6 14  0.545160  0.973711
6 15  0.546441  0.974331
6 16  0.545452  0.896989
6 17  0.546587  0.900822
6 18  0.501518  0.723166
6 19  0.277606  0.562358
6 20  0.553184  0.767813
6 21  0.552505  0.784076
6 22  0.577028  0.893021
6 23  0.579633  1.061213
6 24  0.578272  1.061137
6 25  0.581422  1.126616
6 26  0.537832  0.849866
7 8  0.504120  0.739000
7 9  0.579333  1.044232
7 10  0.577095  1.034745
7 11  0.576469  0.889223
7 12  0.546317  0.870832
7 13  0.579407  1.108839
7 14  0.546198  0.964494
7 15  0.545817  0.963363
7 16  0.546045  0.890660
7 17  0.542188  0.890300
7 18  0.552722  0.757761
7 19  0.552094  0.774170
7 20  0.276149  0.531147
7 21  0.501159  0.727369
7 22  0.537393  0.842082
7 23  0.578533  1.051422
7 24  0.579002  1.051042
7 25  0.580834  1.117449
7 26  0.576584  0.882994
8 9  0.579773  1.051158
8 10  0.575968  1.030376
8 11  0.576907  0.898387
8 12  0.546007  0.875179
8 13  0.579964  1.129097
8 14  0.546452  0.974336
8 15  0.545177  0.974085
8 16  0.546574  0.900659
8 17  0.545493  0.897537
8 18  0.553173  0.767745
8 19  0.552528  0.784126
8 20  0.501547  0.723601
8 21  0.277620  0.562770
8 22  0.537867  0.850351
8 23  0.578379  1.061820
8 24  0.579554  1.060907
8 25  0.581433  1.126804
8 26  0.577032  0.892914
9 10  0.606199  1.271048
9 11  0.595055  1.161901
9 12  0.606246  1.173337
9 13  0.593661  1.380980
9 14  0.544616  1.208802
9 15  0.575257  1.247956
9 16  0.546897  1.145263
9 17  0.574804  1.176364
9 18  0.581921  1.044769
9 19  0.580232  1.061466
9 20  0.582451  1.045293
9 21  0.581866  1.061363
9 22  0.605957  1.169121
9 23  0.608016  1.332868
9 24  0.373802  1.246515
9 25  0.587645  1.351523
9 26  0.586971  1.140899
10 11  0.606291  1.173394
10 12  0.595142  1.162544
10 13  0.593725  1.381329
10 14  0.575320  1.248119
10 15  0.544697  1.209365
10 16  0.574846  1.176367
10 17  0.546988  1.145962
10 18  0.582492  1.045391
10 19  0.581942  1.061578
10 20  0.582013  1.045378
10 21  0.580293  1.061961
10 22  0.587044  1.141520
10 23  0.373879  1.247435
10 24  0.607993  1.332729
10 25  0.587675  1.351777
10 26  0.606015  1.169179
11 12  0.603341  1.008227
11 13  0.605512  1.220026
11 14  0.571036  1.089389
11 15  0.572314  1.089089
11 16  0.546188  0.983102
11 17  0.573061  1.016202
11 18  0.538885  0.840825
11 19  0.539037  0.859522
11 20  0.579599  0.883712
11 21  0.578908  0.899892
11 22  0.603508  1.008360
11 23  0.605693  1.175885
11 24  0.587271  1.149183
11 25  0.608281  1.242278
11 26  0.371003  0.867619
12 13  0.605535  1.220279
12 14  0.572334  1.089201
12 15  0.571055  1.089870
12 16  0.573056  1.016147
12 17  0.546233  0.983724
12 18  0.579595  0.883753
12 19  0.578939  0.900050
12 20  0.538931  0.841382
12 21  0.539049  0.859937
12 22  0.371033  0.868323
12 23  0.587390  1.149960
12 24  0.605622  1.175689
12 25  0.608302  1.242573
12 26  0.603519  1.008362
13 14  0.545996  1.273039
13 15  0.545999  1.273180
13 16  0.573539  1.244377
13 17  0.573562  1.244721
13 18  0.581973  1.113814
13 19  0.581703  1.129587
13 20  0.581999  1.114072
13 21  0.581696  1.129727
13 22  0.606450  1.238442
13 23  0.586564  1.360269
13 24  0.586473  1.359797
13 25  0.379653  1.406914
13 26  0.606439  1.238150
14 15  0.537395  1.103573
14 16  0.539234  1.083410
14 17  0.542639  1.089582
14 18  0.549065  0.958559
14 19  0.548002  0.965149
14 20  0.549298  0.958653
14 21  0.548640  0.968249
14 22  0.573125  1.067117
14 23  0.572824  1.226063
14 24  0.549078  1.211164
14 25  0.554530  1.277339
14 26  0.570123  1.047793
15 16  0.542615  1.089417
15 17  0.539267  1.083965
15 18  0.549276  0.958578
15 19  0.548651  0.968287
15 20  0.549091  0.959000
15 21  0.547996  0.965463
15 22  0.570139  1.048238
15 23  0.549177  1.211758
15 24  0.572726  1.225713
15 25  0.554516  1.277529
15 26  0.573117  1.067020
16 17  0.542677  1.000836
16 18  0.542899  0.860129
16 19  0.543286  0.891854
16 20  0.549365  0.881169
16 21  0.548687  0.900597
16 22  0.573222  1.005830
16 23  0.575321  1.160962
16 24  0.551176  1.128153
16 25  0.574289  1.188399
16 26  0.552238  0.986487
17 18  0.549367  0.881275
17 19  0.548722  0.900810
17 20  0.542948  0.860671
17 21  0.543301  0.892317
17 22  0.552280  0.987128
17 23  0.551278  1.128876
17 24  0.575255  1.160815
17 25  0.574321  1.188701
17 26  0.573238  1.005895
18 19  0.508779  0.735582
18 20  0.555891  0.751080
18 21  0.555212  0.767997
18 22  0.579784  0.876983
18 23  0.582312  1.039866
18 24  0.579178  1.028622
18 25  0.584569  1.101782
18 26  0.549649  0.856494
19 20  0.555245  0.768116
19 21  0.554565  0.783527
19 22  0.579138  0.893019
19 23  0.581660  1.054695
19 24  0.577325  1.032586
19 25  0.583989  1.128071
19 26  0.548156  0.866559
20 21  0.508796  0.736001
20 22  0.549675  0.857018
20 23  0.579302  1.029358
20 24  0.582243  1.039626
20 25  0.584594  1.101990
20 26  0.579799  0.876941
21 22  0.548165  0.867028
21 23  0.577410  1.033178
21 24  0.581557  1.054341
21 25  0.583981  1.128210
21 26  0.579119  0.892863
22 23  0.595949  1.161486
22 24  0.606121  1.168977
22 25  0.607112  1.206922
22 26  0.603682  0.995793
23 24  0.605338  1.268957
23 25  0.596398  1.374743
23 26  0.606204  1.169174
24 25  0.596310  1.374272
24 26  0.595844  1.160692
25 26  0.607105  1.206709
