   -993.88785526
   -994.20188420     -994.07050213
0.00002967114725
2 2 2 2 2 2 2 2 2 2 2 2 2 0 0 0 0 0 0 0 0 0 0 0 0 0 
1  0.272758  0.558801
2  0.279386  0.507287
3  0.291544  0.589215
4  0.276254  0.300571
5  0.310295  0.698794
6  0.298682  0.416077
7  0.309696  0.821702
8  0.315240  0.643752
9  0.305375  0.763543
10  0.279000  0.320418
11  0.273742  0.310354
12  0.296751  0.379347
13  0.274520  0.308668
14  0.280793  0.578470
15  0.282395  0.527992
16  0.293618  0.582248
17  0.309761  0.664078
18  0.300691  0.435167
19  0.297437  0.378103
20  0.311024  0.814026
21  0.281867  0.330720
22  0.276627  0.306298
23  0.307830  0.769417
24  0.279058  0.299591
25  0.317770  0.654374
26  0.275679  0.304041
1 2  0.551041  1.046352
1 3  0.562686  1.104229
1 4  0.548846  0.856633
1 5  0.565353  1.154501
1 6  0.570743  0.971967
1 7  0.577599  1.336082
1 8  0.559871  1.164072
1 9  0.573649  1.315737
1 10  0.551550  0.878466
1 11  0.546318  0.869054
1 12  0.567770  0.922250
1 13  0.546786  0.864695
1 14  0.268759  0.964526
1 15  0.554982  1.084052
1 16  0.565021  1.137416
1 17  0.570196  1.218354
1 18  0.573140  0.989309
1 19  0.567329  0.936049
1 20  0.577451  1.358405
1 21  0.554572  0.888226
1 22  0.547939  0.864629
1 23  0.575374  1.297244
1 24  0.551583  0.858148
1 25  0.560688  1.169959
1 26  0.548174  0.862515
2 3  0.527523  1.066499
2 4  0.555626  0.806302
2 5  0.578180  1.149806
2 6  0.578010  0.919624
2 7  0.576031  1.320115
2 8  0.593471  1.115474
2 9  0.577700  1.227107
2 10  0.558360  0.824811
2 11  0.553116  0.815928
2 12  0.576128  0.885610
2 13  0.553893  0.813715
2 14  0.559979  1.083259
2 15  0.274382  0.843808
2 16  0.525554  1.041775
2 17  0.586399  1.168071
2 18  0.579721  0.941962
2 19  0.576652  0.885168
2 20  0.568055  1.275862
2 21  0.561139  0.837912
2 22  0.555999  0.813534
2 23  0.583194  1.271593
2 24  0.558431  0.806851
2 25  0.596648  1.158562
2 26  0.555053  0.811282
3 4  0.567793  0.888825
3 5  0.593914  1.217445
3 6  0.590218  1.003402
3 7  0.577117  1.316921
3 8  0.606099  1.219395
3 9  0.592802  1.341930
3 10  0.570536  0.909380
3 11  0.565274  0.899446
3 12  0.588275  0.961416
3 13  0.566050  0.896542
3 14  0.570813  1.163696
3 15  0.525181  1.064648
3 16  0.284419  0.974366
3 17  0.598311  1.248276
3 18  0.592129  1.023433
3 19  0.588720  0.966934
3 20  0.571033  1.372270
3 21  0.573395  0.919732
3 22  0.568101  0.895423
3 23  0.596306  1.337569
3 24  0.570601  0.888752
3 25  0.609063  1.238213
3 26  0.567222  0.893191
4 5  0.586513  0.996596
4 6  0.542750  0.697864
4 7  0.585947  1.122141
4 8  0.589178  0.937383
4 9  0.581537  1.062265
4 10  0.507230  0.579641
4 11  0.549516  0.610612
4 12  0.570519  0.675173
4 13  0.550583  0.608682
4 14  0.556767  0.878787
4 15  0.558635  0.828520
4 16  0.569871  0.882761
4 17  0.586000  0.964500
4 18  0.535453  0.703688
4 19  0.572313  0.677624
4 20  0.587189  1.114337
4 21  0.505022  0.585741
4 22  0.552590  0.606585
4 23  0.583918  1.069868
4 24  0.278246  0.335796
4 25  0.593623  0.954725
4 26  0.550879  0.603609
5 6  0.608878  1.113618
5 7  0.592507  1.466314
5 8  0.621146  1.297649
5 9  0.580317  1.435894
5 10  0.589242  1.017672
5 11  0.584003  1.008562
5 12  0.606940  1.067884
5 13  0.584763  1.004049
5 14  0.578942  1.271457
5 15  0.589359  1.222122
5 16  0.600814  1.275325
5 17  0.379641  1.218585
5 18  0.610792  1.131839
5 19  0.607309  1.076338
5 20  0.587705  1.449452
5 21  0.592142  1.028954
5 22  0.586763  1.004962
5 23  0.578690  1.413700
5 24  0.589344  0.998213
5 25  0.625182  1.341444
5 26  0.585971  1.002750
6 7  0.608276  1.217852
6 8  0.603046  1.033243
6 9  0.603121  1.147710
6 10  0.543296  0.705286
6 11  0.569774  0.717602
6 12  0.587975  0.785679
6 13  0.571328  0.720578
6 14  0.579072  0.990564
6 15  0.580684  0.943636
6 16  0.592137  0.997606
6 17  0.608278  1.078845
6 18  0.369055  0.675642
6 19  0.583006  0.780069
6 20  0.609582  1.228484
6 21  0.536413  0.715511
6 22  0.575030  0.721660
6 23  0.605121  1.184159
6 24  0.535794  0.683220
6 25  0.600393  1.054654
6 26  0.572764  0.719214
7 8  0.623495  1.449864
7 9  0.587499  1.472218
7 10  0.588686  1.139625
7 11  0.583425  1.129758
7 12  0.606330  1.188324
7 13  0.584193  1.130139
7 14  0.584485  1.386545
7 15  0.572037  1.302184
7 16  0.570703  1.372401
7 17  0.588579  1.437699
7 18  0.610255  1.254927
7 19  0.606963  1.198806
7 20  0.412812  1.539979
7 21  0.591454  1.151841
7 22  0.586169  1.127751
7 23  0.581426  1.537936
7 24  0.588704  1.121050
7 25  0.623029  1.449741
7 26  0.585302  1.125500
8 9  0.607348  1.311133
8 10  0.590395  0.948175
8 11  0.587128  0.947020
8 12  0.601900  1.013925
8 13  0.586177  0.940137
8 14  0.565689  1.175298
8 15  0.597101  1.168368
8 16  0.608649  1.221015
8 17  0.622307  1.296411
8 18  0.599958  1.063880
8 19  0.596828  1.005933
8 20  0.621642  1.432681
8 21  0.594856  0.973455
8 22  0.589771  0.949009
8 23  0.608779  1.399644
8 24  0.593889  0.943059
8 25  0.377180  1.172181
8 26  0.590426  0.947404
9 10  0.584145  1.074182
9 11  0.578984  1.066317
9 12  0.601702  1.139700
9 13  0.579799  1.068985
9 14  0.579606  1.303951
9 15  0.583836  1.286403
9 16  0.595606  1.324848
9 17  0.574101  1.368676
9 18  0.604666  1.197050
9 19  0.602690  1.141052
9 20  0.582897  1.538182
9 21  0.586543  1.093907
9 22  0.581920  1.069594
9 23  0.387767  1.413571
9 24  0.584271  1.063028
9 25  0.607876  1.403053
9 26  0.580729  1.067364
10 11  0.552547  0.629592
10 12  0.574435  0.698254
10 13  0.553356  0.627299
10 14  0.559733  0.897827
10 15  0.561268  0.848310
10 16  0.572598  0.902519
10 17  0.588750  0.984137
10 18  0.536355  0.724964
10 19  0.576086  0.697604
10 20  0.589875  1.133940
10 21  0.282918  0.396306
10 22  0.555229  0.626427
10 23  0.586109  1.089508
10 24  0.504782  0.573937
10 25  0.594591  0.974016
10 26  0.554413  0.624167
11 12  0.538278  0.665587
11 13  0.501541  0.578244
11 14  0.554340  0.888251
11 15  0.556107  0.838272
11 16  0.567358  0.892519
11 17  0.583489  0.974327
11 18  0.572746  0.744560
11 19  0.530274  0.651727
11 20  0.584658  1.124021
11 21  0.555317  0.640769
11 22  0.497651  0.567970
11 23  0.581277  1.079533
11 24  0.551615  0.608787
11 25  0.591051  0.964237
11 26  0.274635  0.359716
12 13  0.538322  0.662232
12 14  0.574184  0.956971
12 15  0.579006  0.907079
12 16  0.590051  0.961204
12 17  0.606141  1.042875
12 18  0.584428  0.799026
12 19  0.363965  0.567736
12 20  0.607553  1.192482
12 21  0.578254  0.709059
12 22  0.531582  0.649060
12 23  0.604485  1.148126
12 24  0.574348  0.677787
12 25  0.598331  1.018449
12 26  0.529753  0.644632
13 14  0.553931  0.886580
13 15  0.556914  0.836592
13 16  0.568069  0.890828
13 17  0.584142  0.972625
13 18  0.574933  0.743208
13 19  0.529661  0.648228
13 20  0.585306  1.122357
13 21  0.555932  0.639069
13 22  0.278694  0.363088
13 23  0.582226  1.077897
13 24  0.553193  0.607850
13 25  0.590381  0.962189
13 26  0.499136  0.566783
14 15  0.561825  1.088499
14 16  0.572512  1.115466
14 17  0.569729  1.137593
14 18  0.580373  1.010892
14 19  0.576298  0.941412
14 20  0.586583  1.350003
14 21  0.562441  0.908684
14 22  0.556832  0.881455
14 23  0.584178  1.340497
14 24  0.559733  0.876516
14 25  0.568927  1.193895
14 26  0.556188  0.882379
15 16  0.531491  1.083315
15 17  0.580240  1.144364
15 18  0.583002  0.956151
15 19  0.579821  0.905786
15 20  0.578500  1.324618
15 21  0.564229  0.854830
15 22  0.559014  0.832979
15 23  0.582482  1.237014
15 24  0.561435  0.826212
15 25  0.598823  1.140910
15 26  0.558065  0.830859
16 17  0.595148  1.178381
16 18  0.594291  1.015833
16 19  0.591039  0.954350
16 20  0.581148  1.316584
16 21  0.575472  0.912778
16 22  0.570237  0.887110
16 23  0.596069  1.341099
16 24  0.572669  0.881385
16 25  0.610523  1.223279
16 26  0.569289  0.886220
17 18  0.610337  1.097903
17 19  0.607114  1.034486
17 20  0.594573  1.430669
17 21  0.591583  0.993852
17 22  0.586361  0.967757
17 23  0.579796  1.406571
17 24  0.588794  0.962233
17 25  0.623506  1.280233
17 26  0.585428  0.967948
18 19  0.589806  0.801670
18 20  0.611553  1.224361
18 21  0.548439  0.731686
18 22  0.574995  0.737878
18 23  0.607234  1.165303
18 24  0.547622  0.716726
18 25  0.606671  1.054055
18 26  0.573315  0.730691
19 20  0.608302  1.178214
19 21  0.577402  0.707141
19 22  0.541001  0.657544
19 23  0.604497  1.142384
19 24  0.573553  0.673543
19 25  0.605378  1.026030
19 26  0.541143  0.656939
20 21  0.592875  1.139742
20 22  0.587634  1.119965
20 23  0.592822  1.463602
20 24  0.590075  1.113370
20 25  0.627115  1.447154
20 26  0.586691  1.116194
21 22  0.558383  0.635932
21 23  0.589407  1.087114
21 24  0.512126  0.588680
21 25  0.595332  0.966430
21 26  0.557319  0.633729
22 23  0.584349  1.074412
22 24  0.555447  0.605463
22 25  0.590569  0.950915
22 26  0.505054  0.569762
23 24  0.586762  1.066591
23 25  0.612071  1.313868
23 26  0.583421  1.068874
24 25  0.593867  0.947264
24 26  0.554211  0.603245
25 26  0.590995  0.952629
