   -993.88785526
   -994.20251075     -994.07183468
0.00003757566558
2 2 2 2 2 2 2 2 2 2 2 2 2 0 0 0 0 0 0 0 0 0 0 0 0 0 
1  0.273858  0.560931
2  0.279832  0.499587
3  0.291874  0.580132
4  0.278706  0.314237
5  0.311181  0.689703
6  0.302015  0.440700
7  0.310390  0.807568
8  0.317536  0.653332
9  0.306371  0.753032
10  0.281225  0.334382
11  0.276097  0.323011
12  0.299467  0.399885
13  0.276699  0.319283
14  0.281972  0.579335
15  0.282852  0.519954
16  0.293994  0.573193
17  0.310590  0.654762
18  0.303899  0.459687
19  0.300097  0.398588
20  0.311709  0.800591
21  0.284141  0.346188
22  0.278819  0.316075
23  0.308851  0.759306
24  0.281574  0.311860
25  0.319977  0.664594
26  0.278238  0.315776
1 2  0.552564  1.041294
1 3  0.564092  1.098190
1 4  0.552387  0.871122
1 5  0.567100  1.148679
1 6  0.575158  0.997831
1 7  0.579343  1.324668
1 8  0.563270  1.174654
1 9  0.575743  1.307656
1 10  0.554864  0.894327
1 11  0.549751  0.883789
1 12  0.571545  0.942650
1 13  0.550029  0.877177
1 14  0.270857  0.967415
1 15  0.556538  1.078263
1 16  0.566466  1.130740
1 17  0.572038  1.211380
1 18  0.577439  1.015836
1 19  0.571103  0.958693
1 20  0.579227  1.347614
1 21  0.557940  0.905667
1 22  0.551177  0.876523
1 23  0.577498  1.290060
1 24  0.555167  0.872515
1 25  0.564068  1.182966
1 26  0.551828  0.876306
2 3  0.528251  1.050019
2 4  0.558518  0.812025
2 5  0.579465  1.135228
2 6  0.581787  0.936585
2 7  0.577169  1.298922
2 8  0.596178  1.118078
2 9  0.579102  1.211040
2 10  0.561024  0.830744
2 11  0.555915  0.820779
2 12  0.579289  0.898307
2 13  0.556516  0.816412
2 14  0.561604  1.076566
2 15  0.275206  0.825000
2 16  0.526382  1.026089
2 17  0.587654  1.151295
2 18  0.583350  0.958692
2 19  0.579748  0.897893
2 20  0.569190  1.256263
2 21  0.563837  0.845646
2 22  0.558635  0.815593
2 23  0.584647  1.254237
2 24  0.561391  0.811396
2 25  0.599285  1.161195
2 26  0.558056  0.815295
3 4  0.570575  0.892884
3 5  0.595125  1.202014
3 6  0.593882  1.018472
3 7  0.578167  1.297401
3 8  0.608705  1.219748
3 9  0.594128  1.323128
3 10  0.573090  0.914148
3 11  0.567957  0.902981
3 12  0.591321  0.971949
3 13  0.568558  0.897926
3 14  0.572291  1.155781
3 15  0.525977  1.048698
3 16  0.285085  0.953456
3 17  0.599469  1.230378
3 18  0.595664  1.038733
3 19  0.591686  0.978225
3 20  0.572054  1.350677
3 21  0.575997  0.926055
3 22  0.570613  0.896092
3 23  0.597665  1.319247
3 24  0.573448  0.891903
3 25  0.611597  1.239485
3 26  0.570111  0.895812
4 5  0.589850  1.000162
4 6  0.547809  0.736534
4 7  0.589091  1.121448
4 8  0.593703  0.959373
4 9  0.584972  1.065615
4 10  0.512168  0.609401
4 11  0.554306  0.636895
4 12  0.575578  0.707829
4 13  0.555203  0.632863
4 14  0.560356  0.893292
4 15  0.561543  0.834118
4 16  0.572698  0.887332
4 17  0.589273  0.968794
4 18  0.540379  0.740381
4 19  0.577388  0.711866
4 20  0.590323  1.114499
4 21  0.509883  0.615122
4 22  0.557233  0.630008
4 23  0.587389  1.073382
4 24  0.282584  0.365730
4 25  0.598225  0.978512
4 26  0.555904  0.629044
5 6  0.613095  1.128719
5 7  0.594051  1.445263
5 8  0.624319  1.298504
5 9  0.582184  1.418198
5 10  0.592351  1.022261
5 11  0.587242  1.012177
5 12  0.610539  1.078058
5 13  0.587825  1.005345
5 14  0.580905  1.263545
5 15  0.590686  1.205303
5 16  0.602068  1.257706
5 17  0.381138  1.199284
5 18  0.614880  1.147131
5 19  0.610861  1.087546
5 20  0.589259  1.429132
5 21  0.595301  1.035226
5 22  0.589830  1.005615
5 23  0.580584  1.395655
5 24  0.592744  1.001338
5 25  0.628266  1.342952
5 26  0.589416  1.005364
6 7  0.612297  1.226275
6 8  0.608438  1.066390
6 9  0.607417  1.160129
6 10  0.548168  0.743471
6 11  0.575384  0.752952
6 12  0.593925  0.829477
6 13  0.576789  0.755052
6 14  0.583574  1.015921
6 15  0.584444  0.960125
6 16  0.595841  1.013050
6 17  0.612437  1.094046
6 18  0.374836  0.730792
6 19  0.588948  0.824439
6 20  0.613598  1.239301
6 21  0.541407  0.754981
6 22  0.580515  0.755911
6 23  0.609484  1.198316
6 24  0.540925  0.718924
6 25  0.605861  1.087537
6 26  0.578619  0.755684
7 8  0.626484  1.446129
7 9  0.589092  1.452912
7 10  0.591603  1.139391
7 11  0.586472  1.127654
7 12  0.609733  1.192926
7 13  0.587063  1.126544
7 14  0.586360  1.373820
7 15  0.573182  1.281648
7 16  0.571774  1.350054
7 17  0.590075  1.415934
7 18  0.614153  1.264982
7 19  0.610310  1.204830
7 20  0.414138  1.512919
7 21  0.594411  1.153062
7 22  0.589044  1.123340
7 23  0.583057  1.515427
7 24  0.591913  1.119120
7 25  0.625912  1.446469
7 26  0.588550  1.123043
8 9  0.610533  1.312758
8 10  0.594652  0.969112
8 11  0.591652  0.968302
8 12  0.606806  1.043111
8 13  0.590497  0.958527
8 14  0.569205  1.186814
8 15  0.599842  1.170042
8 16  0.611318  1.221687
8 17  0.625430  1.297076
8 18  0.605439  1.096104
8 19  0.601821  1.034743
8 20  0.624612  1.429371
8 21  0.599264  0.998540
8 22  0.594192  0.968404
8 23  0.612034  1.399028
8 24  0.598639  0.964829
8 25  0.381665  1.195397
8 26  0.595230  0.968544
9 10  0.587347  1.076938
9 11  0.582331  1.067361
9 12  0.605393  1.149065
9 13  0.582967  1.068744
9 14  0.581782  1.295361
9 15  0.585274  1.268341
9 16  0.596982  1.306108
9 17  0.575889  1.350183
9 18  0.608880  1.210669
9 19  0.606337  1.150889
9 20  0.584492  1.515508
9 21  0.589774  1.098768
9 22  0.585106  1.068823
9 23  0.389717  1.394009
9 24  0.587789  1.064746
9 25  0.611068  1.402716
9 26  0.584261  1.068523
10 11  0.557115  0.656012
10 12  0.579308  0.732426
10 13  0.557746  0.651296
10 14  0.563132  0.912556
10 15  0.563930  0.854204
10 16  0.575195  0.907386
10 17  0.591802  0.988723
10 18  0.541233  0.762740
10 19  0.580940  0.731794
10 20  0.592771  1.134387
10 21  0.286932  0.429487
10 22  0.559648  0.650199
10 23  0.589310  1.093285
10 24  0.509686  0.600539
10 25  0.598889  0.998235
10 26  0.559191  0.649831
11 12  0.542642  0.698543
11 13  0.505985  0.602627
11 14  0.557876  0.901636
11 15  0.558916  0.842862
11 16  0.570088  0.896086
11 17  0.586673  0.977636
11 18  0.578283  0.781860
11 19  0.534567  0.684033
11 20  0.587697  1.123163
11 21  0.559942  0.668869
11 22  0.502120  0.590712
11 23  0.584642  1.081989
11 24  0.556512  0.633762
11 25  0.595575  0.986894
11 26  0.279054  0.387623
12 13  0.542829  0.694227
12 14  0.578099  0.978411
12 15  0.582173  0.919510
12 16  0.593115  0.972580
12 17  0.609693  1.053920
12 18  0.590334  0.843239
12 19  0.369103  0.615016
12 20  0.610948  1.199289
12 21  0.583212  0.744763
12 22  0.535966  0.679052
12 23  0.608214  1.158381
12 24  0.579555  0.710679
12 25  0.603320  1.047975
12 26  0.534244  0.676124
13 14  0.557231  0.898028
13 15  0.559550  0.839147
13 16  0.570613  0.892362
13 17  0.587144  0.973896
13 18  0.580285  0.778219
13 19  0.534116  0.678798
13 20  0.588149  1.119482
13 21  0.560388  0.665187
13 22  0.282170  0.385533
13 23  0.585421  1.078363
13 24  0.557892  0.630713
13 25  0.594740  0.983068
13 26  0.503588  0.589275
14 15  0.563443  1.081800
14 16  0.574034  1.108474
14 17  0.571528  1.130953
14 18  0.584729  1.035579
14 19  0.580101  0.960495
14 20  0.588411  1.338449
14 21  0.565884  0.924810
14 22  0.560160  0.891732
14 23  0.586378  1.331638
14 24  0.563424  0.888768
14 25  0.572300  1.203755
14 26  0.559893  0.894905
15 16  0.532269  1.066460
15 17  0.581469  1.128886
15 18  0.586663  0.972620
15 19  0.582936  0.918125
15 20  0.579643  1.304119
15 21  0.566951  0.861753
15 22  0.561660  0.834530
15 23  0.583939  1.221697
15 24  0.564403  0.830261
15 25  0.601448  1.143882
15 26  0.561080  0.834461
16 17  0.596344  1.162852
16 18  0.597875  1.030938
16 19  0.594074  0.964933
16 20  0.582229  1.297348
16 21  0.578118  0.919092
16 22  0.572801  0.887670
16 23  0.597444  1.322655
16 24  0.575560  0.884276
16 25  0.613085  1.224346
16 26  0.572222  0.888862
17 18  0.614371  1.112759
17 19  0.610599  1.044499
17 20  0.596058  1.409936
17 21  0.594682  0.999791
17 22  0.589377  0.968023
17 23  0.581641  1.388994
17 24  0.592137  0.964564
17 25  0.626531  1.281723
17 26  0.588814  0.970396
18 19  0.595582  0.845300
18 20  0.615437  1.233379
18 21  0.553255  0.770369
18 22  0.580335  0.771611
18 23  0.611429  1.178049
18 24  0.552583  0.753988
18 25  0.611914  1.087376
18 26  0.578999  0.765131
19 20  0.611640  1.183568
19 21  0.582254  0.742910
19 22  0.545474  0.688379
19 23  0.608150  1.152141
19 24  0.578612  0.705036
19 25  0.610159  1.055969
19 26  0.545621  0.688671
20 21  0.595832  1.141507
20 22  0.590510  1.116258
20 23  0.594466  1.445154
20 24  0.593273  1.112277
20 25  0.629999  1.444841
20 26  0.589935  1.113898
21 22  0.562837  0.660724
21 23  0.592679  1.091259
21 24  0.517164  0.618437
21 25  0.599568  0.988902
21 26  0.562138  0.660723
22 23  0.587547  1.073873
22 24  0.560144  0.627422
22 25  0.594824  0.969346
22 26  0.509750  0.592717
23 24  0.590279  1.068902
23 25  0.615171  1.316308
23 26  0.586999  1.069816
24 25  0.598307  0.968576
24 26  0.559266  0.627178
25 26  0.595602  0.973828
