   -993.88785526
   -994.20277954     -994.07246501
0.00001702153106
2 2 2 2 2 2 2 2 2 2 2 2 2 0 0 0 0 0 0 0 0 0 0 0 0 0 
1  0.274381  0.561545
2  0.280013  0.494951
3  0.292010  0.574598
4  0.279913  0.321422
5  0.311568  0.684031
6  0.303362  0.454079
7  0.310663  0.798906
8  0.318582  0.658680
9  0.306818  0.746598
10  0.282329  0.342005
11  0.277347  0.331825
12  0.300721  0.412377
13  0.277928  0.326778
14  0.282538  0.579548
15  0.283032  0.515056
16  0.294149  0.567765
17  0.310955  0.649137
18  0.305182  0.473249
19  0.301304  0.411204
20  0.311985  0.792459
21  0.285271  0.353982
22  0.280053  0.323194
23  0.309336  0.752881
24  0.282853  0.318371
25  0.320992  0.669965
26  0.279534  0.324010
1 2  0.553261  1.037618
1 3  0.564750  1.093934
1 4  0.554114  0.878169
1 5  0.567909  1.144552
1 6  0.577016  1.011359
1 7  0.580126  1.317119
1 8  0.564831  1.179944
1 9  0.576713  1.302021
1 10  0.556488  0.902423
1 11  0.551511  0.893164
1 12  0.573303  0.954472
1 13  0.551759  0.885098
1 14  0.271877  0.968067
1 15  0.557242  1.074062
1 16  0.567134  1.126077
1 17  0.572887  1.206494
1 18  0.579238  1.029885
1 19  0.572842  0.971925
1 20  0.580023  1.340428
1 21  0.559590  0.914006
1 22  0.552909  0.884250
1 23  0.578505  1.284800
1 24  0.556940  0.879642
1 25  0.565630  1.189413
1 26  0.553645  0.885092
2 3  0.528532  1.040012
2 4  0.559902  0.814470
2 5  0.580023  1.126214
2 6  0.583312  0.945318
2 7  0.577629  1.285968
2 8  0.597389  1.119282
2 9  0.579719  1.201199
2 10  0.562303  0.833530
2 11  0.557343  0.824876
2 12  0.580722  0.906092
2 13  0.557922  0.819107
2 14  0.562351  1.072232
2 15  0.275544  0.813649
2 16  0.526712  1.016597
2 17  0.588196  1.141164
2 18  0.584795  0.967568
2 19  0.581129  0.905830
2 20  0.569651  1.244358
2 21  0.565133  0.848785
2 22  0.560049  0.818061
2 23  0.585309  1.243418
2 24  0.562849  0.813255
2 25  0.600473  1.162005
2 26  0.559532  0.818872
3 4  0.571916  0.894218
3 5  0.595641  1.192435
3 6  0.595364  1.026084
3 7  0.578593  1.285381
3 8  0.609878  1.219513
3 9  0.594709  1.311618
3 10  0.574327  0.916169
3 11  0.569340  0.906221
3 12  0.592710  0.978435
3 13  0.569919  0.899790
3 14  0.572984  1.150631
3 15  0.526287  1.038900
3 16  0.285359  0.940860
3 17  0.599969  1.219492
3 18  0.597081  1.046675
3 19  0.593015  0.985233
3 20  0.572477  1.337499
3 21  0.577261  0.928278
3 22  0.571972  0.897656
3 23  0.598289  1.307790
3 24  0.574862  0.892858
3 25  0.612745  1.239422
3 26  0.571542  0.898487
4 5  0.591441  1.001132
4 6  0.550104  0.757278
4 7  0.590570  1.119777
4 8  0.595824  0.971281
4 9  0.586614  1.066504
4 10  0.514481  0.625428
4 11  0.556751  0.652851
4 12  0.577984  0.726538
4 13  0.557628  0.647484
4 14  0.562095  0.900687
4 15  0.562930  0.836385
4 16  0.574061  0.889064
4 17  0.590840  0.970329
4 18  0.542580  0.760470
4 19  0.579785  0.731719
4 20  0.591807  1.113507
4 21  0.512158  0.630257
4 22  0.559671  0.644288
4 23  0.589080  1.074114
4 24  0.284877  0.381890
4 25  0.600419  0.990983
4 26  0.558413  0.644470
5 6  0.614826  1.136177
5 7  0.594706  1.432221
5 8  0.625744  1.298441
5 9  0.583014  1.407121
5 10  0.593840  1.024053
5 11  0.588875  1.015333
5 12  0.612178  1.084209
5 13  0.589437  1.007002
5 14  0.581812  1.258272
5 15  0.591250  1.194906
5 16  0.602608  1.246894
5 17  0.381803  1.187454
5 18  0.616544  1.154922
5 19  0.612461  1.094364
5 20  0.589921  1.416571
5 21  0.596817  1.037291
5 22  0.591445  1.007037
5 23  0.581448  1.384249
5 24  0.594406  1.002154
5 25  0.629658  1.342883
5 26  0.591098  1.007899
6 7  0.613913  1.229999
6 8  0.610725  1.084338
6 9  0.609196  1.166086
6 10  0.550387  0.764238
6 11  0.577947  0.773857
6 12  0.596472  0.854554
6 13  0.579345  0.775420
6 14  0.585478  1.029370
6 15  0.585952  0.968552
6 16  0.597340  1.020923
6 17  0.614144  1.101720
6 18  0.377341  0.761277
6 19  0.591484  0.850018
6 20  0.615220  1.244337
6 21  0.543650  0.775995
6 22  0.583076  0.776323
6 23  0.611328  1.205069
6 24  0.543233  0.738254
6 25  0.608197  1.105111
6 26  0.581239  0.777363
7 8  0.627798  1.443285
7 9  0.589789  1.441015
7 10  0.592978  1.138304
7 11  0.587993  1.127359
7 12  0.611257  1.195764
7 13  0.588562  1.125318
7 14  0.587195  1.365724
7 15  0.573640  1.269009
7 16  0.572211  1.336421
7 17  0.590706  1.402618
7 18  0.615707  1.269688
7 19  0.611786  1.208573
7 20  0.414703  1.496257
7 21  0.595803  1.152140
7 22  0.590544  1.121758
7 23  0.583802  1.501280
7 24  0.593464  1.116938
7 25  0.627191  1.443629
7 26  0.590114  1.122565
8 9  0.611975  1.313200
8 10  0.596690  0.980556
8 11  0.593887  0.981862
8 12  0.609048  1.060374
8 13  0.592700  0.970152
8 14  0.570823  1.193062
8 15  0.601062  1.170570
8 16  0.612518  1.221710
8 17  0.626835  1.297028
8 18  0.607758  1.113858
8 19  0.604102  1.051926
8 20  0.625929  1.426978
8 21  0.601375  1.011702
8 22  0.596449  0.980913
8 23  0.613535  1.397962
8 24  0.600929  0.976595
8 25  0.383758  1.207986
8 26  0.597549  0.981987
9 10  0.588889  1.077721
9 11  0.584025  1.069009
9 12  0.607082  1.154715
9 13  0.584639  1.069541
9 14  0.582798  1.289809
9 15  0.585900  1.257270
9 16  0.597589  1.294729
9 17  0.576694  1.338890
9 18  0.610620  1.217578
9 19  0.607986  1.156977
9 20  0.585192  1.501632
9 21  0.591321  1.100082
9 22  0.586784  1.069479
9 23  0.390636  1.381654
9 24  0.589515  1.064800
9 25  0.612518  1.401692
9 26  0.585993  1.070272
10 11  0.559462  0.672313
10 12  0.581643  0.752341
10 13  0.560070  0.666033
10 14  0.564799  0.920337
10 15  0.565197  0.856908
10 16  0.576453  0.909549
10 17  0.593271  0.990676
10 18  0.543397  0.783689
10 19  0.583238  0.751890
10 20  0.594143  1.133829
10 21  0.288917  0.447001
10 22  0.561987  0.664950
10 23  0.590872  1.094444
10 24  0.512013  0.614824
10 25  0.600960  1.011250
10 26  0.561587  0.665652
11 12  0.544829  0.719637
11 13  0.508337  0.619499
11 14  0.559688  0.910564
11 15  0.560342  0.846756
11 16  0.571493  0.899444
11 17  0.588287  0.980799
11 18  0.580799  0.804313
11 19  0.536658  0.704868
11 20  0.589222  1.123783
11 21  0.562316  0.685450
11 22  0.504469  0.606548
11 23  0.586360  1.084313
11 24  0.559048  0.649107
11 25  0.597820  1.000905
11 26  0.281343  0.407219
12 13  0.545137  0.714644
12 14  0.579931  0.991122
12 15  0.583604  0.927055
12 16  0.594508  0.979575
12 17  0.611318  1.060671
12 18  0.592854  0.868798
12 19  0.371538  0.644007
12 20  0.612476  1.203460
12 21  0.585581  0.764907
12 22  0.538192  0.698213
12 23  0.609946  1.164333
12 24  0.582066  0.729738
12 25  0.605607  1.065095
12 26  0.536439  0.696236
13 14  0.559005  0.905718
13 15  0.560959  0.841724
13 16  0.571990  0.894410
13 17  0.588735  0.975746
13 18  0.582778  0.799197
13 19  0.536373  0.698365
13 20  0.589644  1.118803
13 21  0.562748  0.680489
13 22  0.284041  0.401743
13 23  0.587132  1.079399
13 24  0.560398  0.644686
13 25  0.596969  0.995966
13 26  0.505887  0.604930
14 15  0.564183  1.077420
14 16  0.574749  1.104013
14 17  0.572375  1.126724
14 18  0.586560  1.048962
14 19  0.581856  0.971984
14 20  0.589242  1.331179
14 21  0.567572  0.932686
14 22  0.561932  0.898785
14 23  0.587428  1.325655
14 24  0.565269  0.894965
14 25  0.573868  1.208563
14 26  0.561735  0.903283
15 16  0.532575  1.056247
15 17  0.581998  1.119469
15 18  0.588125  0.981278
15 19  0.584323  0.925774
15 20  0.580106  1.291644
15 21  0.568255  0.864387
15 22  0.563072  0.836604
15 23  0.584599  1.212040
15 24  0.565858  0.831813
15 25  0.602628  1.144928
15 26  0.562555  0.837718
16 17  0.596864  1.153427
16 18  0.599314  1.038878
16 19  0.595437  0.971648
16 20  0.582677  1.285639
16 21  0.579401  0.921399
16 22  0.574188  0.889241
16 23  0.598075  1.311222
16 24  0.576994  0.885150
16 25  0.614248  1.224264
16 26  0.573672  0.891628
17 18  0.616016  1.120482
17 19  0.612171  1.050824
17 20  0.596692  1.397294
17 21  0.596175  1.001841
17 22  0.590975  0.969364
17 23  0.582488  1.377952
17 24  0.593780  0.965102
17 25  0.627906  1.281833
17 26  0.590474  0.973001
18 19  0.598030  0.870620
18 20  0.616993  1.237757
18 21  0.555425  0.791121
18 22  0.582833  0.791911
18 23  0.613184  1.184290
18 24  0.554863  0.774241
18 25  0.614133  1.105438
18 26  0.581543  0.785649
19 20  0.613120  1.187036
19 21  0.584561  0.763204
19 22  0.547721  0.708360
19 23  0.609828  1.157941
19 24  0.581042  0.723327
19 25  0.612340  1.073470
19 26  0.547794  0.709177
20 21  0.597237  1.141082
20 22  0.592020  1.115205
20 23  0.595216  1.433697
20 24  0.594826  1.110652
20 25  0.631286  1.442651
20 26  0.591507  1.113549
21 22  0.565192  0.675342
21 23  0.594281  1.092088
21 24  0.519585  0.634006
21 25  0.601604  1.000388
21 26  0.564555  0.676611
22 23  0.589256  1.074401
22 24  0.562647  0.640998
22 25  0.597014  0.980732
22 26  0.512196  0.608882
23 24  0.592026  1.069155
23 25  0.616615  1.316884
23 26  0.588777  1.071117
24 25  0.600430  0.979936
24 26  0.561826  0.641858
25 26  0.597831  0.986886
