   -841.25089124
   -841.52249633     -841.40301075
0.00001884430042
2 2 2 2 2 2 2 2 2 2 2 0 0 0 0 0 0 0 0 0 0 0 
1  0.328717  0.715189
2  0.320966  0.826507
3  0.289514  0.380125
4  0.325240  0.696834
5  0.284482  0.393212
6  0.333590  0.629193
7  0.317300  0.448675
8  0.317578  0.634024
9  0.291504  0.451687
10  0.301167  0.503717
11  0.279815  0.481901
12  0.287762  0.491739
13  0.306807  0.532362
14  0.296883  0.470856
15  0.319419  0.794432
16  0.319615  0.467540
17  0.333741  0.623975
18  0.332221  0.691449
19  0.290741  0.371309
20  0.320253  0.654234
21  0.327532  0.701448
22  0.286393  0.401534
1 2  0.627088  1.424359
1 3  0.617838  1.076315
1 4  0.648890  1.399046
1 5  0.612513  1.094680
1 6  0.652963  1.286271
1 7  0.644296  1.152842
1 8  0.609582  1.322002
1 9  0.617922  1.137172
1 10  0.628454  1.211962
1 11  0.582732  1.095172
1 12  0.592239  1.202679
1 13  0.634991  1.240625
1 14  0.624309  1.183932
1 15  0.621385  1.475709
1 16  0.644162  1.175922
1 17  0.659385  1.332908
1 18  0.399695  1.284835
1 19  0.618985  1.085763
1 20  0.611888  1.312177
1 21  0.653105  1.394353
1 22  0.614979  1.114728
2 3  0.610320  1.187573
2 4  0.622392  1.421705
2 5  0.604884  1.194437
2 6  0.632822  1.433538
2 7  0.637234  1.272094
2 8  0.625956  1.437829
2 9  0.607734  1.264966
2 10  0.619602  1.310213
2 11  0.598911  1.263838
2 12  0.602466  1.309844
2 13  0.620927  1.339380
2 14  0.611664  1.284454
2 15  0.441746  1.526314
2 16  0.637461  1.287450
2 17  0.628835  1.401248
2 18  0.625872  1.481667
2 19  0.611624  1.196842
2 20  0.623656  1.436506
2 21  0.618389  1.489997
2 22  0.607121  1.226386
3 4  0.614726  1.073749
3 5  0.526057  0.730219
3 6  0.623071  1.006612
3 7  0.568184  0.805291
3 8  0.606136  1.012451
3 9  0.581015  0.829875
3 10  0.590674  0.883381
3 11  0.563622  0.841290
3 12  0.571838  0.869871
3 13  0.596195  0.912243
3 14  0.586203  0.850771
3 15  0.608761  1.173582
3 16  0.563132  0.805697
3 17  0.623013  1.003304
3 18  0.621029  1.070950
3 19  0.300042  0.515846
3 20  0.609286  1.031753
3 21  0.616974  1.081101
3 22  0.521731  0.738498
4 5  0.609571  1.079547
4 6  0.620516  1.295224
4 7  0.641629  1.130134
4 8  0.634318  1.268639
4 9  0.611053  1.141856
4 10  0.600053  1.109819
4 11  0.604340  1.174817
4 12  0.612576  1.182292
4 13  0.605837  1.220081
4 14  0.613133  1.147447
4 15  0.614744  1.452051
4 16  0.644057  1.163051
4 17  0.620191  1.285240
4 18  0.654157  1.367194
4 19  0.615902  1.067778
4 20  0.642020  1.344364
4 21  0.419643  1.260466
4 22  0.611244  1.097574
5 6  0.617962  1.021664
5 7  0.566232  0.817961
5 8  0.600204  1.017471
5 9  0.575978  0.844547
5 10  0.585620  0.893763
5 11  0.560392  0.862588
5 12  0.570690  0.882075
5 13  0.590959  0.925230
5 14  0.581124  0.863773
5 15  0.603758  1.186231
5 16  0.558881  0.815555
5 17  0.617725  1.016178
5 18  0.616462  1.083537
5 19  0.522777  0.726088
5 20  0.603046  1.045351
5 21  0.611596  1.093928
5 22  0.297144  0.574819
6 7  0.649689  1.055496
6 8  0.635710  1.190544
6 9  0.602765  1.013388
6 10  0.626793  1.104669
6 11  0.611914  1.086831
6 12  0.620723  1.118398
6 13  0.635186  1.152623
6 14  0.617272  1.096015
6 15  0.626896  1.375983
6 16  0.653010  1.095884
6 17  0.417484  1.101445
6 18  0.662399  1.314482
6 19  0.624153  0.999666
6 20  0.649545  1.279783
6 21  0.621787  1.293499
6 22  0.619637  1.029691
7 8  0.623272  1.033724
7 9  0.608659  0.892170
7 10  0.618283  0.941960
7 11  0.580016  0.911022
7 12  0.586162  0.922875
7 13  0.623873  0.980503
7 14  0.614175  0.919191
7 15  0.633530  1.237521
7 16  0.399065  0.758969
7 17  0.650803  1.071954
7 18  0.646145  1.135543
7 19  0.559288  0.773556
7 20  0.628691  1.100474
7 21  0.643993  1.149004
7 22  0.559504  0.807909
8 9  0.606917  1.063104
8 10  0.616497  1.101268
8 11  0.593562  1.106524
8 12  0.602212  1.109968
8 13  0.623610  1.163556
8 14  0.614168  1.103175
8 15  0.619603  1.386282
8 16  0.629123  1.099370
8 17  0.647150  1.254970
8 18  0.611822  1.269647
8 19  0.607749  1.003100
8 20  0.377403  1.155429
8 21  0.641364  1.328868
8 22  0.602133  1.033799
9 10  0.548445  0.923397
9 11  0.570971  0.920059
9 12  0.578720  0.942737
9 13  0.553732  0.948431
9 14  0.291556  0.700381
9 15  0.604449  1.234856
9 16  0.611109  0.918877
9 17  0.612687  1.072284
9 18  0.622491  1.141408
9 19  0.582119  0.822798
9 20  0.611472  1.104201
9 21  0.610603  1.135725
9 22  0.577749  0.852917
10 11  0.580794  0.983193
10 12  0.588862  0.993539
10 13  0.298585  0.812520
10 14  0.553588  0.939162
10 15  0.614005  1.279912
10 16  0.620574  0.970680
10 17  0.630524  1.120820
10 18  0.632930  1.189496
10 19  0.591804  0.874848
10 20  0.620672  1.155182
10 21  0.603552  1.196363
10 22  0.587287  0.904933
11 12  0.267432  0.749734
11 13  0.586533  1.012141
11 14  0.576101  0.951986
11 15  0.593142  1.268790
11 16  0.579466  0.931043
11 17  0.612975  1.103558
11 18  0.588663  1.169830
11 19  0.565568  0.851066
11 20  0.597518  1.120758
11 21  0.607008  1.177385
11 22  0.565088  0.879781
12 13  0.594321  1.021393
12 14  0.584200  0.947279
12 15  0.604850  1.244114
12 16  0.587147  0.937855
12 17  0.619837  1.090245
12 18  0.592097  1.082627
12 19  0.572783  0.846186
12 20  0.604114  1.136347
12 21  0.614434  1.189385
12 22  0.569409  0.884191
13 14  0.557481  0.968571
13 15  0.623134  1.303614
13 16  0.626180  0.985748
13 17  0.632688  1.124820
13 18  0.637375  1.216391
13 19  0.597534  0.902566
13 20  0.624551  1.142174
13 21  0.606828  1.131555
13 22  0.593161  0.928187
14 15  0.610991  1.251342
14 16  0.616301  0.928698
14 17  0.606381  1.021675
14 18  0.626456  1.129837
14 19  0.587623  0.841195
14 20  0.614564  1.100065
14 21  0.618508  1.164277
14 22  0.583267  0.872088
15 16  0.637896  1.257185
15 17  0.631531  1.398013
15 18  0.629939  1.383472
15 19  0.609953  1.149303
15 20  0.627183  1.421239
15 21  0.624626  1.396493
15 22  0.605188  1.172031
16 17  0.651928  1.066264
16 18  0.650179  1.148035
16 19  0.572874  0.819199
16 20  0.627440  1.063435
16 21  0.646065  1.148007
16 22  0.570177  0.839280
17 18  0.656386  1.256965
17 19  0.624444  0.994203
17 20  0.637157  1.202772
17 21  0.621515  1.289670
17 22  0.619987  1.023838
18 19  0.622618  1.050556
18 20  0.613517  1.317444
18 21  0.653915  1.381277
18 22  0.617934  1.084718
19 20  0.609640  1.022213
19 21  0.618224  1.068380
19 22  0.528690  0.730585
20 21  0.638881  1.281444
20 22  0.604255  1.038432
21 22  0.613736  1.088757
