   -841.25089124
   -841.52259219     -841.40326165
0.00001076672316
2 2 2 2 2 2 2 2 2 2 2 0 0 0 0 0 0 0 0 0 0 0 
1  0.329170  0.715472
2  0.321302  0.825723
3  0.289624  0.381597
4  0.325613  0.696471
5  0.284596  0.395018
6  0.334057  0.629277
7  0.317610  0.450069
8  0.318066  0.634765
9  0.291757  0.452172
10  0.301329  0.504130
11  0.280174  0.483397
12  0.288147  0.493136
13  0.306973  0.532825
14  0.297147  0.471309
15  0.319746  0.793866
16  0.319950  0.468840
17  0.334164  0.623927
18  0.332655  0.691522
19  0.290870  0.372792
20  0.320733  0.654906
21  0.327918  0.701165
22  0.286507  0.403403
1 2  0.627813  1.424039
1 3  0.618401  1.077864
1 4  0.649668  1.399005
1 5  0.613080  1.096600
1 6  0.653841  1.286713
1 7  0.645052  1.154475
1 8  0.610511  1.323118
1 9  0.618605  1.137822
1 10  0.629064  1.212634
1 11  0.583454  1.096546
1 12  0.593030  1.204326
1 13  0.635608  1.241346
1 14  0.625017  1.184679
1 15  0.622106  1.475515
1 16  0.644939  1.177512
1 17  0.660257  1.333187
1 18  0.400494  1.285133
1 19  0.619563  1.087519
1 20  0.612817  1.313347
1 21  0.653921  1.394471
1 22  0.615543  1.116864
2 3  0.610763  1.188027
2 4  0.623053  1.420864
2 5  0.605332  1.195125
2 6  0.633616  1.432920
2 7  0.637873  1.272683
2 8  0.626764  1.437776
2 9  0.608313  1.264642
2 10  0.620111  1.309908
2 11  0.599593  1.264436
2 12  0.603163  1.310478
2 13  0.621432  1.339165
2 14  0.612262  1.284149
2 15  0.442419  1.525083
2 16  0.638121  1.287915
2 17  0.629583  1.400653
2 18  0.626616  1.481083
2 19  0.612087  1.197519
2 20  0.624467  1.436573
2 21  0.619054  1.489111
2 22  0.607568  1.227446
3 4  0.615205  1.074807
3 5  0.526278  0.733449
3 6  0.623648  1.008129
3 7  0.568624  0.808264
3 8  0.606730  1.014630
3 9  0.581378  0.831779
3 10  0.590944  0.885256
3 11  0.564099  0.844039
3 12  0.572329  0.872754
3 13  0.596470  0.914170
3 14  0.586565  0.852695
3 15  0.609194  1.174476
3 16  0.563604  0.808526
3 17  0.623533  1.004714
3 18  0.621570  1.072487
3 19  0.300292  0.519145
3 20  0.609872  1.033860
3 21  0.617471  1.082280
3 22  0.521950  0.742043
4 5  0.610058  1.080814
4 6  0.621323  1.295013
4 7  0.642297  1.131034
4 8  0.635127  1.269000
4 9  0.611674  1.141991
4 10  0.600597  1.109916
4 11  0.605057  1.175929
4 12  0.613331  1.183294
4 13  0.606371  1.220195
4 14  0.613771  1.147637
4 15  0.615400  1.451285
4 16  0.644757  1.163987
4 17  0.620987  1.285000
4 18  0.654938  1.366999
4 19  0.616403  1.068890
4 20  0.642859  1.344709
4 21  0.420423  1.259906
4 22  0.611715  1.099070
5 6  0.618539  1.023535
5 7  0.566672  0.821212
5 8  0.600808  1.019899
5 9  0.576347  0.846828
5 10  0.585898  0.895900
5 11  0.560873  0.865733
5 12  0.571190  0.885270
5 13  0.591220  0.927490
5 14  0.581491  0.866020
5 15  0.604201  1.187451
5 16  0.559355  0.818708
5 17  0.618263  1.017897
5 18  0.617013  1.085401
5 19  0.523013  0.729586
5 20  0.603642  1.047809
5 21  0.612080  1.095439
5 22  0.297331  0.578908
6 7  0.650447  1.056784
6 8  0.636522  1.191217
6 9  0.603460  1.013887
6 10  0.627410  1.105178
6 11  0.612731  1.088347
6 12  0.621574  1.119889
6 13  0.635821  1.153245
6 14  0.617985  1.096553
6 15  0.627686  1.375703
6 16  0.653810  1.097277
6 17  0.418307  1.101414
6 18  0.663293  1.314683
6 19  0.624734  1.001210
6 20  0.650443  1.280555
6 21  0.622624  1.293487
6 22  0.620213  1.031600
7 8  0.624020  1.035553
7 9  0.609217  0.893938
7 10  0.618753  0.943631
7 11  0.580663  0.913852
7 12  0.586839  0.925676
7 13  0.624343  0.982358
7 14  0.614750  0.921039
7 15  0.634154  1.238283
7 16  0.399665  0.762105
7 17  0.651534  1.073307
7 18  0.646880  1.137008
7 19  0.559739  0.776490
7 20  0.629458  1.102510
7 21  0.644685  1.150112
7 22  0.559946  0.811211
8 9  0.607649  1.064296
8 10  0.617152  1.102356
8 11  0.594395  1.108788
8 12  0.603080  1.112135
8 13  0.624253  1.164772
8 14  0.614919  1.104373
8 15  0.620408  1.386559
8 16  0.629928  1.101400
8 17  0.648019  1.255686
8 18  0.612739  1.270647
8 19  0.608360  1.005290
8 20  0.378184  1.156624
8 21  0.642224  1.329347
8 22  0.602732  1.036393
9 10  0.548816  0.924288
9 11  0.571565  0.921873
9 12  0.579335  0.944619
9 13  0.554142  0.949524
9 14  0.292026  0.701296
9 15  0.605026  1.234794
9 16  0.611697  0.920664
9 17  0.613350  1.072720
9 18  0.623161  1.141979
9 19  0.582495  0.824763
9 20  0.612206  1.105357
9 21  0.611240  1.136008
9 22  0.578114  0.855258
10 11  0.581308  0.985072
10 12  0.589408  0.995295
10 13  0.298898  0.813360
10 14  0.554002  0.940170
10 15  0.614497  1.279847
10 16  0.621065  0.972393
10 17  0.631111  1.121245
10 18  0.633527  1.189970
10 19  0.592092  0.876739
10 20  0.621302  1.156282
10 21  0.604097  1.196500
10 22  0.587549  0.907212
11 12  0.268061  0.752845
11 13  0.587056  1.014041
11 14  0.576712  0.953932
11 15  0.593813  1.269734
11 16  0.580133  0.933873
11 17  0.613748  1.105004
11 18  0.589399  1.171364
11 19  0.566058  0.854060
11 20  0.598355  1.122953
11 21  0.607748  1.178555
11 22  0.565562  0.883138
12 13  0.594862  1.023223
12 14  0.584835  0.948962
12 15  0.605545  1.244872
12 16  0.587846  0.940488
12 17  0.620634  1.091532
12 18  0.592801  1.083737
12 19  0.573305  0.848879
12 20  0.604968  1.138455
12 21  0.615194  1.190491
12 22  0.569911  0.887349
13 14  0.557876  0.969469
13 15  0.623631  1.303560
13 16  0.626679  0.987338
13 17  0.633269  1.125250
13 18  0.637977  1.216926
13 19  0.597826  0.904483
13 20  0.625195  1.143191
13 21  0.607383  1.131762
13 22  0.593440  0.930387
14 15  0.611580  1.251221
14 16  0.616892  0.930329
14 17  0.607029  1.022018
14 18  0.627132  1.130295
14 19  0.588016  0.843100
14 20  0.615300  1.101169
14 21  0.619151  1.164462
14 22  0.583645  0.874403
15 16  0.638554  1.257890
15 17  0.632276  1.397504
15 18  0.630651  1.383199
15 19  0.610407  1.150002
15 20  0.627979  1.421305
15 21  0.625297  1.395867
15 22  0.605628  1.173031
16 17  0.652660  1.067331
16 18  0.650942  1.149376
16 19  0.573369  0.822096
16 20  0.628188  1.065092
16 21  0.646765  1.148882
16 22  0.570640  0.842444
17 18  0.657208  1.257139
17 19  0.624995  0.995610
17 20  0.637945  1.203366
17 21  0.622295  1.289399
17 22  0.620522  1.025630
18 19  0.623184  1.051967
18 20  0.614424  1.318314
18 21  0.654683  1.381099
18 22  0.618480  1.086536
19 20  0.610231  1.024281
19 21  0.618736  1.069499
19 22  0.528925  0.733897
20 21  0.639698  1.281818
20 22  0.604845  1.040760
21 22  0.614233  1.090125
