  -1146.53678999
  -1146.90182330    -1146.77898766
0.00022478151151
2 2 2 2 2 2 2 2 2 2 2 2 2 2 2 0 0 0 0 0 0 0 0 0 0 0 0 0 0 0 
1  0.263582  0.464357
2  0.295743  0.462689
3  0.281586  0.410510
4  0.258645  0.306562
5  0.279783  0.295731
6  0.281914  0.303722
7  0.297812  0.616720
8  0.302641  0.436788
9  0.317502  0.589470
10  0.297368  0.470570
11  0.294807  0.452766
12  0.307778  0.352948
13  0.310540  0.689391
14  0.312040  0.649055
15  0.308400  0.766326
16  0.301773  0.646252
17  0.271561  0.470391
18  0.301459  0.490375
19  0.286459  0.426056
20  0.263535  0.318043
21  0.282557  0.295851
22  0.284051  0.306600
23  0.307510  0.739364
24  0.304666  0.438057
25  0.317456  0.585441
26  0.306716  0.349119
27  0.299635  0.501227
28  0.314612  0.658939
29  0.313929  0.657089
30  0.296103  0.428059
1 2  0.559238  0.925749
1 3  0.545030  0.866457
1 4  0.521986  0.768824
1 5  0.543320  0.759746
1 6  0.545376  0.766490
1 7  0.559495  1.074030
1 8  0.561730  0.883013
1 9  0.580219  1.038127
1 10  0.557519  0.932569
1 11  0.544758  0.872407
1 12  0.570849  0.811335
1 13  0.552469  1.058766
1 14  0.575294  1.109283
1 15  0.570187  1.184942
1 16  0.563977  1.091163
1 17  0.239581  0.717936
1 18  0.564960  0.953384
1 19  0.549627  0.889818
1 20  0.527086  0.781840
1 21  0.545972  0.760168
1 22  0.547042  0.770819
1 23  0.566188  1.198201
1 24  0.562107  0.898929
1 25  0.580567  1.047289
1 26  0.569327  0.813257
1 27  0.560985  0.950322
1 28  0.556943  1.120693
1 29  0.577293  1.116721
1 30  0.546051  0.888930
2 3  0.533416  0.840589
2 4  0.554383  0.768605
2 5  0.575526  0.758267
2 6  0.577657  0.766287
2 7  0.591699  1.050561
2 8  0.598369  0.897542
2 9  0.605641  1.024522
2 10  0.593001  0.925184
2 11  0.590543  0.914943
2 12  0.603519  0.815582
2 13  0.605256  1.147418
2 14  0.582622  1.036876
2 15  0.601371  1.214861
2 16  0.596903  1.106613
2 17  0.567262  0.931962
2 18  0.289695  0.718843
2 19  0.536946  0.850876
2 20  0.559231  0.780626
2 21  0.578299  0.758534
2 22  0.579794  0.769274
2 23  0.596869  1.185290
2 24  0.600386  0.900401
2 25  0.609073  1.042358
2 26  0.602447  0.811761
2 27  0.595152  0.963023
2 28  0.609954  1.117398
2 29  0.583788  1.109254
2 30  0.591826  0.890436
3 4  0.540229  0.717014
3 5  0.561368  0.706060
3 6  0.563498  0.713938
3 7  0.577874  1.008862
3 8  0.584216  0.843855
3 9  0.580351  0.946722
3 10  0.578889  0.877392
3 11  0.576384  0.860786
3 12  0.589363  0.763089
3 13  0.590618  1.078584
3 14  0.587719  1.054182
3 15  0.585440  1.167181
3 16  0.583157  1.055461
3 17  0.552768  0.880355
3 18  0.537783  0.862809
3 19  0.275866  0.605920
3 20  0.545094  0.728489
3 21  0.564143  0.706356
3 22  0.565635  0.717095
3 23  0.583045  1.141327
3 24  0.586249  0.848309
3 25  0.588612  0.993022
3 26  0.588285  0.759587
3 27  0.581182  0.911261
3 28  0.595297  1.068152
3 29  0.585998  1.050085
3 30  0.577621  0.838292
4 5  0.533398  0.596664
4 6  0.537612  0.607677
4 7  0.556163  0.919967
4 8  0.549692  0.734029
4 9  0.576131  0.895618
4 10  0.550553  0.765648
4 11  0.546846  0.747910
4 12  0.547444  0.641292
4 13  0.569113  0.993848
4 14  0.570666  0.953508
4 15  0.566989  1.068751
4 16  0.559496  0.952452
4 17  0.530129  0.776521
4 18  0.560040  0.796824
4 19  0.545068  0.732554
4 20  0.241757  0.366450
4 21  0.537515  0.599272
4 22  0.541514  0.610968
4 23  0.566071  1.045519
4 24  0.543592  0.723058
4 25  0.575945  0.891841
4 26  0.539830  0.631754
4 27  0.554209  0.806214
4 28  0.573243  0.965279
4 29  0.572435  0.963385
4 30  0.553423  0.732696
5 6  0.513848  0.554456
5 7  0.577573  0.911417
5 8  0.580211  0.727903
5 9  0.597284  0.884685
5 10  0.576817  0.764262
5 11  0.574512  0.748432
5 12  0.555745  0.623040
5 13  0.590318  0.984740
5 14  0.591822  0.944581
5 15  0.588180  1.062015
5 16  0.581423  0.941945
5 17  0.551125  0.766063
5 18  0.581237  0.786095
5 19  0.566242  0.721779
5 20  0.539696  0.610838
5 21  0.282539  0.321387
5 22  0.511428  0.552654
5 23  0.587236  1.035039
5 24  0.584138  0.733590
5 25  0.597231  0.881154
5 26  0.544877  0.604940
5 27  0.578911  0.796600
5 28  0.594340  0.954642
5 29  0.593693  0.952791
5 30  0.575461  0.723305
6 7  0.579700  0.919602
6 8  0.581750  0.732918
6 9  0.599414  0.892503
6 10  0.579035  0.773289
6 11  0.576392  0.754979
6 12  0.555101  0.624289
6 13  0.592446  0.991672
6 14  0.593953  0.952672
6 15  0.590311  1.069675
6 16  0.583630  0.949928
6 17  0.552802  0.773956
6 18  0.583372  0.794081
6 19  0.568372  0.729762
6 20  0.544164  0.619696
6 21  0.510332  0.548618
6 22  0.285837  0.344294
6 23  0.589370  1.042996
6 24  0.585063  0.740884
6 25  0.599370  0.889127
6 26  0.546257  0.612810
6 27  0.581279  0.804391
6 28  0.596419  0.962599
6 29  0.595837  0.960770
6 30  0.577088  0.730934
7 8  0.598955  1.040236
7 9  0.603099  1.138071
7 10  0.585096  1.034572
7 11  0.592030  1.067929
7 12  0.605516  0.969475
7 13  0.576389  1.279939
7 14  0.602940  1.214117
7 15  0.595869  1.365740
7 16  0.341586  1.126581
7 17  0.567668  1.067733
7 18  0.598637  1.104833
7 19  0.584063  1.041493
7 20  0.560419  0.934390
7 21  0.580298  0.912551
7 22  0.581847  0.923288
7 23  0.590377  1.318533
7 24  0.601003  1.053609
7 25  0.611694  1.199399
7 26  0.604398  0.965682
7 27  0.589117  1.115837
7 28  0.577964  1.213717
7 29  0.608064  1.267953
7 30  0.593432  1.041820
8 9  0.620001  1.017273
8 10  0.568622  0.880001
8 11  0.567636  0.863446
8 12  0.601929  0.777145
8 13  0.612871  1.110568
8 14  0.614592  1.083504
8 15  0.610955  1.199083
8 16  0.602929  1.081105
8 17  0.568456  0.904578
8 18  0.604087  0.926783
8 19  0.589096  0.862552
8 20  0.549729  0.735164
8 21  0.584867  0.732410
8 22  0.584986  0.742331
8 23  0.609432  1.174445
8 24  0.398541  0.725775
8 25  0.620077  1.021530
8 26  0.593806  0.771543
8 27  0.562865  0.897027
8 28  0.616115  1.094627
8 29  0.616455  1.092970
8 30  0.564631  0.831350
9 10  0.614150  1.045229
9 11  0.612255  1.038105
9 12  0.625271  0.941848
9 13  0.620365  1.234182
9 14  0.593931  1.206858
9 15  0.602557  1.340835
9 16  0.615664  1.232401
9 17  0.588601  1.057191
9 18  0.614029  1.072121
9 19  0.593306  1.012142
9 20  0.580912  0.907331
9 21  0.600056  0.885309
9 22  0.601552  0.896034
9 23  0.597220  1.281478
9 24  0.622138  1.026790
9 25  0.389605  1.010976
9 26  0.624174  0.938483
9 27  0.616697  1.089324
9 28  0.629056  1.241385
9 29  0.593499  1.209898
9 30  0.613468  1.016834
10 11  0.559484  0.906916
10 12  0.603980  0.822550
10 13  0.607219  1.157832
10 14  0.608875  1.102510
10 15  0.604950  1.225887
10 16  0.589937  1.114624
10 17  0.565548  0.924905
10 18  0.598553  0.960131
10 19  0.583776  0.896207
10 20  0.556858  0.786962
10 21  0.579518  0.766134
10 22  0.581229  0.776646
10 23  0.603162  1.207172
10 24  0.566533  0.877234
10 25  0.614285  1.054968
10 26  0.602848  0.817633
10 27  0.362529  0.820719
10 28  0.611019  1.125687
10 29  0.610381  1.125717
10 30  0.551997  0.848766
11 12  0.599519  0.794486
11 13  0.604019  1.107424
11 14  0.606820  1.098983
11 15  0.603041  1.196806
11 16  0.596066  1.095016
11 17  0.554241  0.920244
11 18  0.596200  0.942663
11 19  0.581140  0.878449
11 20  0.556410  0.768125
11 21  0.576913  0.748229
11 22  0.578029  0.758587
11 23  0.601973  1.189999
11 24  0.561918  0.847619
11 25  0.612019  1.037301
11 26  0.600722  0.801521
11 27  0.555512  0.909778
11 28  0.607358  1.110348
11 29  0.608688  1.108682
11 30  0.351537  0.703023
12 13  0.618279  1.037134
12 14  0.619810  1.001592
12 15  0.616166  1.115787
12 16  0.609493  0.999010
12 17  0.578168  0.823088
12 18  0.609223  0.843260
12 19  0.594219  0.778951
12 20  0.543904  0.644572
12 21  0.549257  0.609933
12 22  0.547811  0.618499
12 23  0.615270  1.092056
12 24  0.596778  0.776435
12 25  0.625196  0.938267
12 26  0.379139  0.492637
12 27  0.606411  0.852312
12 28  0.622193  1.011704
12 29  0.621694  1.009900
12 30  0.602852  0.780582
13 14  0.618630  1.327330
13 15  0.596772  1.344464
13 16  0.578280  1.269051
13 17  0.560231  1.156648
13 18  0.611509  1.174307
13 19  0.596018  1.113917
13 20  0.574070  1.007102
13 21  0.593041  0.985214
13 22  0.594469  0.995916
13 23  0.592932  1.399269
13 24  0.613976  1.126001
13 25  0.625201  1.267513
13 26  0.617093  1.038316
13 27  0.609042  1.184165
13 28  0.364647  1.222144
13 29  0.621322  1.324153
13 30  0.604466  1.116108
14 15  0.597212  1.330996
14 16  0.610284  1.289185
14 17  0.583298  1.114790
14 18  0.586760  1.129058
14 19  0.588308  1.054531
14 20  0.575462  0.966814
14 21  0.594588  0.944885
14 22  0.596089  0.955612
14 23  0.589990  1.349666
14 24  0.616569  1.086180
14 25  0.592424  1.198891
14 26  0.618740  0.998057
14 27  0.610895  1.147880
14 28  0.623343  1.286762
14 29  0.399946  1.160207
14 30  0.608125  1.076252
15 16  0.595033  1.373780
15 17  0.574955  1.230502
15 18  0.603269  1.238729
15 19  0.589164  1.182664
15 20  0.571828  1.083864
15 21  0.590915  1.062128
15 22  0.592412  1.072819
15 23  0.417253  1.401681
15 24  0.612288  1.202458
15 25  0.598670  1.303849
15 26  0.615111  1.115170
15 27  0.606211  1.263869
15 28  0.596598  1.392402
15 29  0.593067  1.386201
15 30  0.604185  1.192426
16 17  0.571281  1.110382
16 18  0.601103  1.099840
16 19  0.586414  1.052210
16 20  0.564902  0.958309
16 21  0.584317  0.941397
16 22  0.585802  0.952279
16 23  0.598869  1.361390
16 24  0.604710  1.067051
16 25  0.605771  1.159990
16 26  0.608416  0.995151
16 27  0.589835  1.080236
16 28  0.582248  1.279983
16 29  0.608384  1.237538
16 30  0.597142  1.073068
17 18  0.572875  0.959412
17 19  0.557815  0.887408
17 20  0.534809  0.786969
17 21  0.554065  0.765859
17 22  0.555474  0.775299
17 23  0.576923  1.167295
17 24  0.571514  0.893688
17 25  0.588077  1.040296
17 26  0.577721  0.814191
17 27  0.567724  0.969231
17 28  0.562444  1.040099
17 29  0.585045  1.123630
17 30  0.550717  0.855628
18 19  0.541978  0.881600
18 20  0.564986  0.807152
18 21  0.584015  0.786113
18 22  0.585509  0.796876
18 23  0.605627  1.212264
18 24  0.606101  0.925241
18 25  0.611234  1.044694
18 26  0.608172  0.839417
18 27  0.600934  0.979583
18 28  0.614685  1.144340
18 29  0.588910  1.060705
18 30  0.597551  0.917951
19 20  0.549992  0.743944
19 21  0.569016  0.721758
19 22  0.570509  0.732392
19 23  0.588784  1.155396
19 24  0.591108  0.860471
19 25  0.583491  0.953872
19 26  0.593175  0.774907
19 27  0.585996  0.922651
19 28  0.599119  1.061969
19 29  0.594204  1.076458
19 30  0.582549  0.851871
20 21  0.540474  0.607727
20 22  0.543325  0.620870
20 23  0.570961  1.052771
20 24  0.553678  0.741661
20 25  0.580967  0.902535
20 26  0.550516  0.649264
20 27  0.557395  0.803519
20 28  0.578049  0.975642
20 29  0.577436  0.971927
20 30  0.552999  0.736959
21 22  0.517968  0.556820
21 23  0.590065  1.035186
21 24  0.584512  0.729149
21 25  0.600013  0.880903
21 26  0.556868  0.618411
21 27  0.581986  0.795781
21 28  0.597165  0.954461
21 29  0.596486  0.952798
21 30  0.578549  0.723743
22 23  0.591557  1.045630
22 24  0.585385  0.736585
22 25  0.601505  0.891476
22 26  0.556682  0.623217
22 27  0.583442  0.807224
22 28  0.598654  0.964307
22 29  0.597978  0.963599
22 30  0.579695  0.732701
23 24  0.612061  1.175612
23 25  0.601501  1.310578
23 26  0.614211  1.085601
23 27  0.606216  1.224003
23 28  0.600687  1.302629
23 29  0.599405  1.312639
23 30  0.603501  1.152808
24 25  0.621941  1.013691
24 26  0.602975  0.776381
24 27  0.574810  0.908387
24 28  0.619020  1.086804
24 29  0.618480  1.090638
24 30  0.571940  0.842483
25 26  0.624165  0.934215
25 27  0.616151  1.068675
25 28  0.624173  1.199867
25 29  0.594714  1.205478
25 30  0.613496  1.009965
26 27  0.604737  0.848578
26 28  0.621277  1.004307
26 29  0.620637  1.005761
26 30  0.599425  0.766605
27 28  0.613532  1.157776
27 29  0.612928  1.133877
27 30  0.561356  0.911445
28 29  0.624048  1.306584
28 30  0.609495  1.062035
29 30  0.609998  1.083360
