  -1146.53678999
  -1146.90546096    -1146.78707041
0.00008280559499
2 2 2 2 2 2 2 2 2 2 2 2 2 2 2 0 0 0 0 0 0 0 0 0 0 0 0 0 0 0 
1  0.273223  0.491016
2  0.299510  0.460583
3  0.287467  0.411193
4  0.264330  0.330304
5  0.282196  0.303926
6  0.284573  0.314612
7  0.310844  0.629075
8  0.310829  0.465964
9  0.328062  0.582335
10  0.307120  0.506099
11  0.303016  0.490198
12  0.312278  0.372938
13  0.322624  0.689978
14  0.319684  0.631401
15  0.317051  0.740039
16  0.314554  0.656164
17  0.281846  0.499416
18  0.304748  0.485683
19  0.292675  0.426682
20  0.269619  0.343301
21  0.284960  0.303106
22  0.286626  0.317577
23  0.316284  0.717164
24  0.312642  0.466956
25  0.327958  0.576722
26  0.311089  0.369124
27  0.309285  0.536076
28  0.326509  0.658892
29  0.321693  0.639171
30  0.304344  0.464032
1 2  0.572606  0.950137
1 3  0.560455  0.892869
1 4  0.537267  0.818104
1 5  0.555356  0.794488
1 6  0.557644  0.803153
1 7  0.581930  1.113380
1 8  0.579058  0.935592
1 9  0.600218  1.057368
1 10  0.576729  0.994716
1 11  0.561324  0.927691
1 12  0.584927  0.855391
1 13  0.571731  1.079329
1 14  0.592501  1.118468
1 15  0.588289  1.184985
1 16  0.586308  1.128611
1 17  0.257046  0.777556
1 18  0.577838  0.975041
1 19  0.565370  0.917109
1 20  0.542788  0.833448
1 21  0.557980  0.794066
1 22  0.559117  0.808424
1 23  0.584534  1.203001
1 24  0.579787  0.954538
1 25  0.600600  1.065053
1 26  0.583257  0.859886
1 27  0.580224  1.012077
1 28  0.577823  1.147082
1 29  0.594670  1.125096
1 30  0.563323  0.951895
2 3  0.543220  0.838565
2 4  0.563832  0.789692
2 5  0.581705  0.764190
2 6  0.584083  0.774952
2 7  0.608206  1.059266
2 8  0.610313  0.923766
2 9  0.619535  1.015715
2 10  0.606476  0.956461
2 11  0.602517  0.950154
2 12  0.611785  0.833430
2 13  0.620863  1.145618
2 14  0.593295  1.019321
2 15  0.613817  1.187821
2 16  0.613290  1.114806
2 17  0.581265  0.958559
2 18  0.296074  0.708484
2 19  0.547404  0.851839
2 20  0.569019  0.803736
2 21  0.584466  0.763677
2 22  0.586135  0.778137
2 23  0.609439  1.162328
2 24  0.612120  0.927142
2 25  0.623303  1.032512
2 26  0.610563  0.829633
2 27  0.608459  0.995735
2 28  0.625548  1.114961
2 29  0.595131  1.089262
2 30  0.603819  0.924214
3 4  0.551795  0.741409
3 5  0.569662  0.714810
3 6  0.572039  0.725259
3 7  0.596400  1.021960
3 8  0.598276  0.872549
3 9  0.595189  0.940820
3 10  0.594494  0.913214
3 11  0.590470  0.898255
3 12  0.599743  0.783526
3 13  0.608096  1.079462
3 14  0.601112  1.037248
3 15  0.599402  1.141829
3 16  0.601779  1.066197
3 17  0.568826  0.910076
3 18  0.547450  0.861375
3 19  0.286360  0.603137
3 20  0.557038  0.754403
3 21  0.572427  0.714291
3 22  0.574089  0.728748
3 23  0.597331  1.119796
3 24  0.600106  0.877846
3 25  0.604482  0.984606
3 26  0.598523  0.780253
3 27  0.596705  0.946759
3 28  0.612831  1.069050
3 29  0.599695  1.034675
3 30  0.591706  0.874902
4 5  0.541199  0.627849
4 6  0.545797  0.642173
4 7  0.574754  0.954078
4 8  0.563248  0.786885
4 9  0.592363  0.911919
4 10  0.565379  0.821057
4 11  0.560103  0.805732
4 12  0.557349  0.683947
4 13  0.586856  1.017131
4 14  0.583980  0.958053
4 15  0.581282  1.063704
4 16  0.577772  0.986003
4 17  0.546087  0.829012
4 18  0.568953  0.815831
4 19  0.556934  0.756898
4 20  0.251719  0.420050
4 21  0.545438  0.630392
4 22  0.549676  0.645352
4 23  0.580492  1.046882
4 24  0.557217  0.775355
4 25  0.592043  0.906805
4 26  0.549981  0.676508
4 27  0.569211  0.864931
4 28  0.590824  0.988837
4 29  0.585805  0.969121
4 30  0.567160  0.792289
5 6  0.519142  0.574724
5 7  0.593004  0.931289
5 8  0.590521  0.763875
5 9  0.610256  0.885370
5 10  0.588930  0.807085
5 11  0.585101  0.794056
5 12  0.562731  0.652932
5 13  0.604816  0.993398
5 14  0.601879  0.934895
5 15  0.599242  1.043904
5 16  0.596542  0.960024
5 17  0.563808  0.803268
5 18  0.586937  0.789593
5 19  0.574870  0.730598
5 20  0.548059  0.644367
5 21  0.286962  0.338960
5 22  0.516763  0.573359
5 23  0.598397  1.021010
5 24  0.594463  0.770636
5 25  0.610141  0.880621
5 26  0.551820  0.634264
5 27  0.590893  0.839583
5 28  0.608641  0.962774
5 29  0.603861  0.943053
5 30  0.586060  0.767377
6 7  0.595378  0.942375
6 8  0.592253  0.770388
6 9  0.612631  0.895736
6 10  0.591401  0.819362
6 11  0.587188  0.802670
6 12  0.562032  0.655386
6 13  0.607187  1.002287
6 14  0.604255  0.945827
6 15  0.601618  1.054080
6 16  0.599040  0.970692
6 17  0.565633  0.813847
6 18  0.589321  0.800270
6 19  0.577245  0.741272
6 20  0.552843  0.655589
6 21  0.515711  0.568380
6 22  0.290663  0.369527
6 23  0.600788  1.031646
6 24  0.595638  0.780744
6 25  0.612531  0.891283
6 26  0.553320  0.644999
6 27  0.593565  0.849946
6 28  0.610954  0.973407
6 29  0.606262  0.953722
6 30  0.587868  0.777682
7 8  0.619973  1.079330
7 9  0.624130  1.141564
7 10  0.606639  1.073596
7 11  0.613219  1.117173
7 12  0.623039  1.001702
7 13  0.600280  1.294735
7 14  0.622878  1.206737
7 15  0.617084  1.351019
7 16  0.364433  1.146567
7 17  0.590865  1.110174
7 18  0.614799  1.112839
7 19  0.603262  1.054653
7 20  0.579269  0.971902
7 21  0.595691  0.932143
7 22  0.597452  0.946587
7 23  0.611975  1.312183
7 24  0.621873  1.094646
7 25  0.634314  1.203792
7 26  0.621750  0.997884
7 27  0.611407  1.162753
7 28  0.602443  1.230211
7 29  0.628556  1.263433
7 30  0.614658  1.089234
8 9  0.638692  1.036809
8 10  0.585776  0.943520
8 11  0.583841  0.929733
8 12  0.613996  0.823995
8 13  0.633058  1.137626
8 14  0.630384  1.094280
8 15  0.627771  1.201755
8 16  0.623806  1.119889
8 17  0.586864  0.962795
8 18  0.615564  0.951214
8 19  0.603496  0.892309
8 20  0.563903  0.789060
8 21  0.595378  0.768765
8 22  0.595715  0.782611
8 23  0.626295  1.181281
8 24  0.413229  0.790044
8 25  0.638762  1.041903
8 26  0.605963  0.820391
8 27  0.580089  0.962027
8 28  0.636271  1.123506
8 29  0.632390  1.104185
8 30  0.580919  0.898147
9 10  0.634196  1.071322
9 11  0.631015  1.067998
9 12  0.640329  0.954471
9 13  0.642233  1.229979
9 14  0.611747  1.182237
9 15  0.621725  1.309650
9 16  0.638109  1.235888
9 17  0.609361  1.078680
9 18  0.627895  1.061736
9 19  0.609395  1.005227
9 20  0.597469  0.925379
9 21  0.613015  0.885420
9 22  0.614685  0.899859
9 23  0.616455  1.256393
9 24  0.640667  1.048465
9 25  0.408709  0.993427
9 26  0.639066  0.951292
9 27  0.636781  1.117054
9 28  0.651207  1.235067
9 29  0.611862  1.188964
9 30  0.632218  1.045470
10 11  0.577093  0.979432
10 12  0.618064  0.877465
10 13  0.628979  1.193800
10 14  0.626094  1.116254
10 15  0.623206  1.232085
10 16  0.611888  1.159896
10 17  0.585559  0.989539
10 18  0.611507  0.990906
10 19  0.599709  0.932346
10 20  0.572309  0.847802
10 21  0.591621  0.808860
10 22  0.593550  0.822935
10 23  0.621495  1.220207
10 24  0.583648  0.942310
10 25  0.634428  1.081821
10 26  0.616831  0.872759
10 27  0.379897  0.897148
10 28  0.632635  1.160710
10 29  0.627795  1.143263
10 30  0.569918  0.921613
11 12  0.611863  0.847993
11 13  0.624073  1.139088
11 14  0.622669  1.117928
11 15  0.619876  1.203166
11 16  0.616997  1.141136
11 17  0.572178  0.986706
11 18  0.607666  0.975281
11 19  0.595515  0.916463
11 20  0.570481  0.830674
11 21  0.587498  0.792847
11 22  0.588688  0.806874
11 23  0.618921  1.205034
11 24  0.577938  0.915665
11 25  0.630687  1.065735
11 26  0.613193  0.859001
11 27  0.573115  0.983601
11 28  0.627311  1.147425
11 29  0.624642  1.127940
11 30  0.366463  0.781108
12 13  0.634844  1.055285
12 14  0.631955  1.003621
12 15  0.629315  1.107514
12 16  0.626748  1.028764
12 17  0.592909  0.872084
12 18  0.616984  0.858531
12 19  0.604908  0.799550
12 20  0.554569  0.690838
12 21  0.556196  0.638195
12 22  0.554799  0.650840
12 23  0.628550  1.089732
12 24  0.609065  0.825075
12 25  0.640148  0.949492
12 26  0.387474  0.539699
12 27  0.620471  0.906817
12 28  0.638598  1.031547
12 29  0.633933  1.011920
12 30  0.615481  0.836589
13 14  0.638088  1.311814
13 15  0.616860  1.327611
13 16  0.602845  1.284781
13 17  0.581617  1.185833
13 18  0.626836  1.170074
13 19  0.614105  1.115390
13 20  0.592234  1.032739
13 21  0.607513  0.993037
13 22  0.609108  1.007431
13 23  0.613072  1.380035
13 24  0.634061  1.155255
13 25  0.647542  1.260377
13 26  0.633541  1.058779
13 27  0.630682  1.219287
13 28  0.385179  1.222216
13 29  0.641051  1.308849
13 30  0.624668  1.152280
14 15  0.612442  1.294677
14 16  0.630464  1.282741
14 17  0.601200  1.125634
14 18  0.597371  1.106282
14 19  0.602346  1.039863
14 20  0.589092  0.974325
14 21  0.604626  0.934474
14 22  0.606309  0.948916
14 23  0.605570  1.313537
14 24  0.632155  1.097388
14 25  0.610322  1.176549
14 26  0.630731  1.000358
14 27  0.628028  1.165110
14 28  0.642730  1.271139
14 29  0.414013  1.124891
14 30  0.623999  1.094364
15 16  0.616343  1.361635
15 17  0.593728  1.233776
15 18  0.615198  1.209315
15 19  0.603696  1.157030
15 20  0.586533  1.082639
15 21  0.601946  1.043071
15 22  0.603633  1.057457
15 23  0.433850  1.355231
15 24  0.628883  1.204919
15 25  0.617703  1.273606
15 26  0.628136  1.108760
15 27  0.624521  1.272464
15 28  0.616918  1.369158
15 29  0.608298  1.345493
15 30  0.621050  1.201862
16 17  0.594185  1.149718
16 18  0.616913  1.103866
16 19  0.604917  1.062931
16 20  0.583632  0.990589
16 21  0.599493  0.958181
16 22  0.601149  0.972884
16 23  0.620080  1.348016
16 24  0.625220  1.102901
16 25  0.626541  1.161188
16 26  0.625550  1.024799
16 27  0.610732  1.115340
16 28  0.605936  1.291644
16 29  0.628070  1.228201
16 30  0.618090  1.118346
17 18  0.586419  0.983553
17 19  0.574220  0.915959
17 20  0.551083  0.840213
17 21  0.566728  0.801991
17 22  0.568299  0.814292
17 23  0.595659  1.172773
17 24  0.589374  0.948785
17 25  0.608689  1.060170
17 26  0.592319  0.860490
17 27  0.587520  1.032962
17 28  0.582019  1.061769
17 29  0.603024  1.134778
17 30  0.567741  0.911229
18 19  0.551721  0.876999
18 20  0.574357  0.826879
18 21  0.589707  0.788574
18 22  0.591373  0.803073
18 23  0.617708  1.187226
18 24  0.617352  0.948284
18 25  0.624784  1.032465
18 26  0.615834  0.854672
18 27  0.613825  1.007429
18 28  0.629734  1.139305
18 29  0.599513  1.042400
18 30  0.609078  0.949124
19 20  0.562290  0.769760
19 21  0.577634  0.729530
19 22  0.579300  0.743756
19 23  0.603257  1.134003
19 24  0.605287  0.888752
19 25  0.598351  0.946384
19 26  0.603763  0.795339
19 27  0.601821  0.957769
19 28  0.616820  1.062213
19 29  0.608077  1.059392
19 30  0.596999  0.887762
20 21  0.548706  0.639705
20 22  0.551773  0.656954
20 23  0.585783  1.053219
20 24  0.567389  0.795366
20 25  0.597533  0.918599
20 26  0.560676  0.693540
20 27  0.572515  0.858813
20 28  0.596008  1.000085
20 29  0.591268  0.977290
20 30  0.566612  0.795493
21 22  0.523150  0.576274
21 23  0.601241  1.020229
21 24  0.594609  0.764018
21 25  0.612917  0.879190
21 26  0.563819  0.647512
21 27  0.594040  0.837460
21 28  0.611465  0.961526
21 29  0.606652  0.942022
21 30  0.589162  0.766931
22 23  0.602904  1.034148
22 24  0.595641  0.774075
22 25  0.614581  0.893312
22 26  0.563517  0.654371
22 27  0.595638  0.852907
22 28  0.613126  0.974414
22 29  0.608316  0.956607
22 30  0.590446  0.778826
23 24  0.628777  1.182124
23 25  0.620717  1.281616
23 26  0.627353  1.081395
23 27  0.624472  1.233177
23 28  0.620655  1.287333
23 29  0.615298  1.279353
23 30  0.620490  1.162128
24 25  0.640343  1.031335
24 26  0.614809  0.823606
24 27  0.591738  0.970819
24 28  0.638834  1.113556
24 29  0.634157  1.100528
24 30  0.587911  0.907114
25 26  0.639040  0.945329
25 27  0.636005  1.092998
25 28  0.645783  1.193486
25 29  0.612427  1.179847
25 30  0.632203  1.036659
26 27  0.618458  0.902405
26 28  0.637533  1.022169
26 29  0.632774  1.007471
26 30  0.611613  0.818686
27 28  0.634976  1.192368
27 29  0.630128  1.146618
27 30  0.578915  0.981662
28 29  0.643205  1.289750
28 30  0.629355  1.092155
29 30  0.625987  1.100787
