  -1146.53678999
  -1146.90705448    -1146.79078116
0.00001728664799
2 2 2 2 2 2 2 2 2 2 2 2 2 2 2 0 0 0 0 0 0 0 0 0 0 0 0 0 0 0 
1  0.278160  0.502251
2  0.301360  0.460948
3  0.290118  0.413910
4  0.266625  0.345946
5  0.283121  0.308710
6  0.285488  0.321012
7  0.317428  0.634821
8  0.314331  0.478759
9  0.333516  0.583550
10  0.311318  0.523313
11  0.306706  0.510116
12  0.313947  0.386073
13  0.328542  0.687331
14  0.323703  0.624033
15  0.321529  0.726871
16  0.321245  0.661229
17  0.287221  0.511086
18  0.306638  0.485479
19  0.295397  0.428913
20  0.271965  0.359451
21  0.285884  0.307394
22  0.287511  0.324221
23  0.320554  0.706070
24  0.316229  0.479630
25  0.333190  0.576881
26  0.312711  0.381654
27  0.313632  0.553955
28  0.332380  0.655213
29  0.325678  0.631858
30  0.308012  0.483108
1 2  0.579372  0.961596
1 3  0.567984  0.906186
1 4  0.544472  0.844169
1 5  0.561194  0.810503
1 6  0.563469  0.820221
1 7  0.593377  1.130642
1 8  0.587239  0.958331
1 9  0.610601  1.069609
1 10  0.585826  1.023164
1 11  0.569215  0.954362
1 12  0.591520  0.878024
1 13  0.581096  1.085710
1 14  0.601409  1.122561
1 15  0.597558  1.183576
1 16  0.597884  1.146157
1 17  0.266505  0.801420
1 18  0.584642  0.985839
1 19  0.572853  0.930572
1 20  0.550057  0.860703
1 21  0.563819  0.809573
1 22  0.564856  0.826275
1 23  0.593545  1.203413
1 24  0.588252  0.978481
1 25  0.610691  1.076410
1 26  0.589738  0.883623
1 27  0.589478  1.041915
1 28  0.588020  1.154234
1 29  0.603572  1.129017
1 30  0.571731  0.982119
2 3  0.547563  0.841086
2 4  0.567976  0.805267
2 5  0.584480  0.769152
2 6  0.586847  0.781602
2 7  0.616512  1.064662
2 8  0.615656  0.936339
2 9  0.626681  1.017040
2 10  0.612503  0.972788
2 11  0.608048  0.970364
2 12  0.615305  0.846900
2 13  0.628528  1.143023
2 14  0.599020  1.013520
2 15  0.620194  1.176020
2 16  0.621723  1.120416
2 17  0.588467  0.970367
2 18  0.299453  0.707628
2 19  0.552128  0.855823
2 20  0.573152  0.820235
2 21  0.587237  0.768328
2 22  0.588870  0.785140
2 23  0.615505  1.152198
2 24  0.617555  0.940166
2 25  0.630380  1.033575
2 26  0.614011  0.842514
2 27  0.614586  1.014013
2 28  0.633257  1.111727
2 29  0.600973  1.082313
2 30  0.609319  0.943556
3 4  0.556739  0.759747
3 5  0.573238  0.722206
3 6  0.575605  0.734137
3 7  0.605458  1.030069
3 8  0.604416  0.887238
3 9  0.602642  0.944247
3 10  0.601315  0.932869
3 11  0.596799  0.920459
3 12  0.604064  0.799178
3 13  0.616426  1.079076
3 14  0.607726  1.032506
3 15  0.606433  1.131282
3 16  0.611098  1.073989
3 17  0.576687  0.924468
3 18  0.552132  0.865251
3 19  0.291130  0.607075
3 20  0.562001  0.773244
3 21  0.576002  0.721294
3 22  0.577621  0.738104
3 23  0.604213  1.111515
3 24  0.606341  0.893221
3 25  0.612195  0.987415
3 26  0.602772  0.795488
3 27  0.603696  0.967308
3 28  0.621204  1.068196
3 29  0.606410  1.030936
3 30  0.597992  0.896655
4 5  0.544363  0.647841
4 6  0.548970  0.664198
4 7  0.583589  0.974225
4 8  0.568966  0.815371
4 9  0.600092  0.928568
4 10  0.571694  0.851456
4 11  0.565811  0.838999
4 12  0.561211  0.711807
4 13  0.595041  1.029393
4 14  0.590282  0.965129
4 15  0.588028  1.064329
4 16  0.586651  1.006637
4 17  0.553739  0.856182
4 18  0.573066  0.831249
4 19  0.561913  0.774747
4 20  0.255707  0.454443
4 21  0.548622  0.650477
4 22  0.552842  0.667521
4 23  0.587022  1.051291
4 24  0.563123  0.803708
4 25  0.599478  0.922528
4 26  0.553871  0.705471
4 27  0.575810  0.898618
4 28  0.598991  1.000693
4 29  0.592004  0.977403
4 30  0.573058  0.827013
5 6  0.521032  0.586786
5 7  0.600503  0.941328
5 8  0.594836  0.780736
5 9  0.616629  0.891075
5 10  0.594043  0.828525
5 11  0.589710  0.818762
5 12  0.565450  0.671942
5 13  0.611654  0.995512
5 14  0.606819  0.932040
5 15  0.604643  1.035482
5 16  0.604129  0.969858
5 17  0.570091  0.819698
5 18  0.589742  0.794167
5 19  0.578516  0.737609
5 20  0.551293  0.665451
5 21  0.288714  0.349689
5 22  0.518681  0.585722
5 23  0.603561  1.014686
5 24  0.598949  0.788053
5 25  0.616291  0.885556
5 26  0.554448  0.652376
5 27  0.596078  0.862236
5 28  0.615433  0.963867
5 29  0.608749  0.940513
5 30  0.590639  0.791181
6 7  0.602866  0.954256
6 8  0.596597  0.788196
6 9  0.618995  0.902920
6 10  0.596504  0.842891
6 11  0.591784  0.828630
6 12  0.564617  0.675205
6 13  0.614018  1.005438
6 14  0.609184  0.944789
6 15  0.607008  1.047140
6 16  0.606647  0.982125
6 17  0.571820  0.831884
6 18  0.592125  0.806458
6 19  0.580881  0.749896
6 20  0.556090  0.678050
6 21  0.517659  0.580042
6 22  0.292312  0.384791
6 23  0.605945  1.026932
6 24  0.600133  0.799881
6 25  0.618678  0.897826
6 26  0.555889  0.664821
6 27  0.598832  0.874144
6 28  0.617719  0.976099
6 29  0.611157  0.952797
6 30  0.592388  0.803108
7 8  0.629960  1.096893
7 9  0.634728  1.146935
7 10  0.616636  1.092262
7 11  0.623485  1.142472
7 12  0.631287  1.020439
7 13  0.612550  1.298701
7 14  0.632934  1.204358
7 15  0.627825  1.343543
7 16  0.376227  1.156068
7 17  0.602767  1.128843
7 18  0.623186  1.118562
7 19  0.612548  1.062706
7 20  0.588141  0.993723
7 21  0.603172  0.942167
7 22  0.604923  0.958948
7 23  0.622596  1.308838
7 24  0.631975  1.113000
7 25  0.645762  1.209900
7 26  0.629920  1.016025
7 27  0.622083  1.186032
7 28  0.614702  1.235170
7 29  0.638963  1.262262
7 30  0.624880  1.113672
8 9  0.647602  1.049427
8 10  0.592998  0.973365
8 11  0.590935  0.962560
8 12  0.618985  0.848834
8 13  0.642458  1.146837
8 14  0.637875  1.099294
8 15  0.635737  1.201319
8 16  0.633900  1.137660
8 17  0.595690  0.987256
8 18  0.620951  0.963788
8 19  0.609713  0.907318
8 20  0.569738  0.817915
8 21  0.599774  0.785797
8 22  0.600097  0.802122
8 23  0.634022  1.182988
8 24  0.419891  0.818572
8 25  0.647496  1.054838
8 26  0.611006  0.845562
8 27  0.587618  0.993546
8 28  0.645615  1.132561
8 29  0.639856  1.109688
8 30  0.587929  0.931054
9 10  0.643671  1.088538
9 11  0.640128  1.088886
9 12  0.647453  0.968660
9 13  0.653246  1.229160
9 14  0.620777  1.175914
9 15  0.631690  1.298236
9 16  0.649779  1.242292
9 17  0.620068  1.091589
9 18  0.635228  1.063463
9 19  0.617346  1.008645
9 20  0.605185  0.942662
9 21  0.619391  0.890917
9 22  0.621021  0.907704
9 23  0.626264  1.248441
9 24  0.649708  1.062335
9 25  0.418413  0.993794
9 26  0.646105  0.964975
9 27  0.646534  1.136084
9 28  0.662387  1.233168
9 29  0.621102  1.184875
9 30  0.641341  1.065508
10 11  0.584939  1.015721
10 12  0.623859  0.907256
10 13  0.639059  1.208285
10 14  0.634221  1.123812
10 15  0.631787  1.234564
10 16  0.622565  1.181877
10 17  0.595124  1.019135
10 18  0.617505  1.007949
10 19  0.606625  0.951788
10 20  0.578790  0.881271
10 21  0.596680  0.830347
10 22  0.598638  0.846704
10 23  0.630008  1.226251
10 24  0.591003  0.972668
10 25  0.643801  1.099212
10 26  0.622604  0.902387
10 27  0.388184  0.935073
10 28  0.642668  1.174272
10 29  0.635876  1.153233
10 30  0.577771  0.959437
11 12  0.617136  0.878459
11 13  0.633542  1.153933
11 14  0.630361  1.130055
11 15  0.628005  1.207547
11 16  0.627341  1.165717
11 17  0.580955  1.018041
11 18  0.613227  0.994859
11 19  0.601880  0.938563
11 20  0.576408  0.866787
11 21  0.592095  0.817011
11 22  0.593208  0.833390
11 23  0.626846  1.213737
11 24  0.585109  0.949560
11 25  0.639588  1.085516
11 26  0.618488  0.891481
11 27  0.581231  1.023118
11 28  0.636712  1.163541
11 29  0.632307  1.140350
11 30  0.373162  0.822237
12 13  0.642429  1.064190
12 14  0.637645  1.009092
12 15  0.635461  1.105821
12 16  0.635063  1.046808
12 17  0.599865  0.896869
12 18  0.620521  0.871440
12 19  0.609274  0.814900
12 20  0.558622  0.720950
12 21  0.558833  0.656355
12 22  0.557363  0.671580
12 23  0.634489  1.091676
12 24  0.614247  0.850757
12 25  0.647016  0.962721
12 26  0.390631  0.569927
12 27  0.626436  0.937724
12 28  0.646113  1.040932
12 29  0.639572  1.017700
12 30  0.620796  0.868846
13 14  0.647774  1.302635
13 15  0.626830  1.316436
13 16  0.615438  1.290646
13 17  0.592132  1.194391
13 18  0.634619  1.167275
13 19  0.622605  1.115081
13 20  0.600497  1.046097
13 21  0.614355  0.994666
13 22  0.615873  1.011400
13 23  0.622958  1.367550
13 24  0.643549  1.165231
13 25  0.658576  1.258464
13 26  0.641043  1.068597
13 27  0.640923  1.234545
13 28  0.395775  1.215007
13 29  0.650837  1.300291
13 30  0.634108  1.168568
14 15  0.620523  1.278459
14 16  0.641063  1.280892
14 17  0.610577  1.129910
14 18  0.603232  1.098638
14 19  0.609133  1.035808
14 20  0.595377  0.983061
14 21  0.609559  0.931387
14 22  0.611212  0.948179
14 23  0.613497  1.296378
14 24  0.639734  1.102723
14 25  0.619358  1.171351
14 26  0.636355  1.005487
14 27  0.636258  1.175709
14 28  0.652498  1.261433
14 29  0.421621  1.110622
14 30  0.631680  1.105917
15 16  0.627305  1.355739
15 17  0.603301  1.232666
15 18  0.621532  1.196728
15 19  0.610862  1.146293
15 20  0.593306  1.085466
15 21  0.607332  1.034176
15 22  0.608977  1.050905
15 23  0.442155  1.331338
15 24  0.636880  1.204444
15 25  0.627390  1.262626
15 26  0.634236  1.108023
15 27  0.633323  1.277133
15 28  0.627078  1.353958
15 29  0.616234  1.326261
15 30  0.629145  1.207667
16 17  0.606157  1.166810
16 18  0.625349  1.108309
16 19  0.614162  1.069935
16 20  0.592600  1.010095
16 21  0.607101  0.967205
16 22  0.608717  0.984434
16 23  0.630667  1.341778
16 24  0.635334  1.119637
16 25  0.637044  1.165393
16 26  0.633845  1.042130
16 27  0.620805  1.133313
16 28  0.618203  1.293931
16 29  0.638277  1.225692
16 30  0.628423  1.142105
17 18  0.593668  0.994907
17 19  0.582257  0.929265
17 20  0.558794  0.867330
17 21  0.573005  0.817904
17 22  0.574536  0.831943
17 23  0.605126  1.173726
17 24  0.598111  0.971876
17 25  0.619268  1.071903
17 26  0.599289  0.883055
17 27  0.597200  1.062405
17 28  0.591559  1.067602
17 29  0.612343  1.139373
17 30  0.576053  0.937310
18 19  0.556170  0.878447
18 20  0.578590  0.842206
18 21  0.592521  0.792539
18 22  0.594148  0.809431
18 23  0.623904  1.177025
18 24  0.622814  0.959999
18 25  0.631771  1.032416
18 26  0.619347  0.866950
18 27  0.620029  1.023641
18 28  0.637424  1.135227
18 29  0.605291  1.036545
18 30  0.614616  0.967919
19 20  0.567358  0.788103
19 21  0.581280  0.735954
19 22  0.582906  0.752386
19 23  0.610136  1.125227
19 24  0.611578  0.902741
19 25  0.605628  0.948365
19 26  0.608107  0.809925
19 27  0.608852  0.977590
19 28  0.625213  1.060636
19 29  0.614744  1.054204
19 30  0.603371  0.908617
20 21  0.551947  0.659807
20 22  0.554975  0.679763
20 23  0.592365  1.056394
20 24  0.573232  0.824012
20 25  0.605095  0.934628
20 26  0.564554  0.721428
20 27  0.578989  0.889954
20 28  0.604191  1.011967
20 29  0.597582  0.984719
20 30  0.572319  0.828836
21 22  0.525015  0.588105
21 23  0.606433  1.013416
21 24  0.599005  0.780264
21 25  0.619070  0.883422
21 26  0.566470  0.665434
21 27  0.599305  0.859332
21 28  0.618256  0.962082
21 29  0.611559  0.938851
21 30  0.593742  0.790300
22 23  0.608057  1.029467
22 24  0.600054  0.792100
22 25  0.620694  0.899740
22 26  0.566034  0.673681
22 27  0.600857  0.877400
22 28  0.619879  0.976785
22 29  0.613182  0.955896
22 30  0.594981  0.804051
23 24  0.636621  1.183642
23 25  0.630330  1.271292
23 26  0.633243  1.081288
23 27  0.633003  1.237998
23 28  0.630455  1.276589
23 29  0.623142  1.264974
23 30  0.628398  1.167860
24 25  0.649100  1.042706
24 26  0.619887  0.848134
24 27  0.599237  1.001134
24 28  0.648265  1.121738
24 29  0.641687  1.105262
24 30  0.594976  0.939011
25 26  0.645894  0.957897
25 27  0.645402  1.109992
25 28  0.656616  1.190975
25 29  0.621134  1.172610
25 30  0.641066  1.055624
26 27  0.624328  0.931985
26 28  0.645018  1.029748
26 29  0.638384  1.012376
26 30  0.616802  0.847940
27 28  0.645138  1.206468
27 29  0.638349  1.154724
27 30  0.587014  1.017773
28 29  0.652832  1.279377
28 30  0.638753  1.105309
29 30  0.633603  1.112207
