  -1146.53678999
  -1146.90721515    -1146.79121681
0.00001036193362
2 2 2 2 2 2 2 2 2 2 2 2 2 2 2 0 0 0 0 0 0 0 0 0 0 0 0 0 0 0 
1  0.278735  0.503789
2  0.301540  0.461224
3  0.290379  0.414407
4  0.266902  0.348300
5  0.283242  0.309455
6  0.285584  0.322002
7  0.318145  0.635453
8  0.314755  0.480432
9  0.334124  0.583737
10  0.311820  0.525509
11  0.307142  0.512781
12  0.314148  0.388086
13  0.329207  0.686859
14  0.324116  0.623154
15  0.322022  0.725119
16  0.321982  0.661745
17  0.287834  0.512728
18  0.306822  0.485737
19  0.295671  0.429316
20  0.272254  0.361878
21  0.286006  0.308055
22  0.287605  0.325252
23  0.321039  0.704568
24  0.316646  0.481280
25  0.333747  0.576848
26  0.312902  0.383610
27  0.314168  0.556235
28  0.333032  0.654653
29  0.326092  0.630998
30  0.308438  0.485652
1 2  0.580126  0.963385
1 3  0.568807  0.908085
1 4  0.545321  0.847935
1 5  0.561887  0.812784
1 6  0.564136  0.822653
1 7  0.594656  1.132851
1 8  0.588211  0.961377
1 9  0.611778  1.071290
1 10  0.586897  1.026904
1 11  0.570145  0.957972
1 12  0.592294  0.881320
1 13  0.582125  1.086488
1 14  0.602393  1.123261
1 15  0.598607  1.183441
1 16  0.599186  1.148383
1 17  0.267602  0.804711
1 18  0.585399  0.987590
1 19  0.573686  0.932511
1 20  0.550921  0.864649
1 21  0.564511  0.811768
1 22  0.565507  0.828838
1 23  0.594586  1.203486
1 24  0.589234  0.981678
1 25  0.611812  1.077926
1 26  0.590487  0.887113
1 27  0.590585  1.045852
1 28  0.589167  1.155139
1 29  0.604560  1.129706
1 30  0.572721  0.986193
2 3  0.547946  0.841793
2 4  0.568432  0.807810
2 5  0.584780  0.770133
2 6  0.587122  0.782842
2 7  0.617415  1.065508
2 8  0.616260  0.938192
2 9  0.627451  1.017459
2 10  0.613184  0.975059
2 11  0.608662  0.973292
2 12  0.615686  0.849182
2 13  0.629369  1.142783
2 14  0.599616  1.013027
2 15  0.620878  1.174673
2 16  0.622628  1.121233
2 17  0.589258  0.972242
2 18  0.299781  0.708078
2 19  0.552567  0.856707
2 20  0.573606  0.822936
2 21  0.587538  0.769264
2 22  0.589144  0.786446
2 23  0.616170  1.151095
2 24  0.618149  0.942090
2 25  0.631118  1.033890
2 26  0.614377  0.844744
2 27  0.615286  1.016581
2 28  0.634090  1.111463
2 29  0.601562  1.081738
2 30  0.609921  0.946357
3 4  0.557277  0.762594
3 5  0.573618  0.723429
3 6  0.575961  0.735572
3 7  0.606425  1.031144
3 8  0.605098  0.889255
3 9  0.603482  0.944846
3 10  0.602073  0.935515
3 11  0.597492  0.923518
3 12  0.604526  0.801648
3 13  0.617333  1.079004
3 14  0.608394  1.032109
3 15  0.607179  1.130008
3 16  0.612098  1.075000
3 17  0.577537  0.926605
3 18  0.552566  0.866210
3 19  0.291598  0.607921
3 20  0.562543  0.776163
3 21  0.576384  0.722452
3 22  0.577975  0.739632
3 23  0.604957  1.110542
3 24  0.607016  0.895367
3 25  0.613001  0.987878
3 26  0.603214  0.797941
3 27  0.604495  0.970078
3 28  0.622100  1.068146
3 29  0.607085  1.030698
3 30  0.598673  0.899693
4 5  0.544758  0.650867
4 6  0.549342  0.667542
4 7  0.584573  0.977030
4 8  0.569665  0.819415
4 9  0.600974  0.931072
4 10  0.572461  0.855680
4 11  0.566497  0.843678
4 12  0.561668  0.716023
4 13  0.595978  1.031158
4 14  0.590970  0.966389
4 15  0.588794  1.064636
4 16  0.587651  1.009494
4 17  0.554627  0.860158
4 18  0.573512  0.833856
4 19  0.562453  0.777499
4 20  0.256144  0.459634
4 21  0.549014  0.653521
4 22  0.553211  0.670897
4 23  0.587776  1.052121
4 24  0.563822  0.807744
4 25  0.600309  0.924835
4 26  0.554328  0.709917
4 27  0.576615  0.903277
4 28  0.599920  1.002472
4 29  0.592682  0.978890
4 30  0.573753  0.831918
5 6  0.521247  0.588673
5 7  0.601339  0.942619
5 8  0.595368  0.783056
5 9  0.617357  0.891956
5 10  0.594666  0.831383
5 11  0.590264  0.822172
5 12  0.565788  0.674856
5 13  0.612438  0.995782
5 14  0.607351  0.931849
5 15  0.605257  1.034465
5 16  0.604975  0.971115
5 17  0.570820  0.822079
5 18  0.590045  0.795168
5 19  0.578909  0.738756
5 20  0.551695  0.668650
5 21  0.288937  0.351365
5 22  0.518898  0.587655
5 23  0.604166  1.013926
5 24  0.599484  0.790441
5 25  0.616965  0.886267
5 26  0.554771  0.655206
5 27  0.596722  0.865260
5 28  0.616208  0.964051
5 29  0.609281  0.940396
5 30  0.591189  0.794470
6 7  0.603677  0.955827
6 8  0.597112  0.790663
6 9  0.619698  0.904014
6 10  0.597101  0.846064
6 11  0.592317  0.832235
6 12  0.564925  0.678249
6 13  0.614778  1.005860
6 14  0.609691  0.944884
6 15  0.607597  1.046354
6 16  0.607480  0.983623
6 17  0.572521  0.834514
6 18  0.592406  0.807704
6 19  0.581249  0.751288
6 20  0.556475  0.681458
6 21  0.517877  0.581858
6 22  0.292490  0.387143
6 23  0.606520  1.026418
6 24  0.600647  0.802529
6 25  0.619330  0.898782
6 26  0.556191  0.667906
6 27  0.599467  0.877408
6 28  0.618458  0.976527
6 29  0.611667  0.952925
6 30  0.592901  0.806638
7 8  0.631089  1.099080
7 9  0.635885  1.147546
7 10  0.617769  1.094547
7 11  0.624632  1.145730
7 12  0.632204  1.023060
7 13  0.613885  1.298941
7 14  0.634023  1.204106
7 15  0.628977  1.342465
7 16  0.377541  1.156997
7 17  0.604083  1.131296
7 18  0.624077  1.119472
7 19  0.613539  1.063747
7 20  0.589127  0.996767
7 21  0.603999  0.943458
7 22  0.605734  0.960605
7 23  0.623768  1.308192
7 24  0.633109  1.115275
7 25  0.646995  1.210515
7 26  0.630825  1.018590
7 27  0.623307  1.188893
7 28  0.616039  1.235680
7 29  0.640090  1.262078
7 30  0.626016  1.116820
8 9  0.648631  1.051088
8 10  0.593860  0.977183
8 11  0.591781  0.966915
8 12  0.619590  0.852376
8 13  0.643544  1.147922
8 14  0.638708  1.100024
8 15  0.636653  1.201235
8 16  0.635059  1.139843
8 17  0.596719  0.990576
8 18  0.621557  0.965716
8 19  0.610408  0.909393
8 20  0.570449  0.822030
8 21  0.600316  0.788123
8 22  0.600614  0.804837
8 23  0.634920  1.183155
8 24  0.420679  0.822327
8 25  0.648477  1.056483
8 26  0.611611  0.849172
8 27  0.588526  0.997638
8 28  0.646690  1.133666
8 29  0.640687  1.110508
8 30  0.588761  0.935433
9 10  0.644758  1.090755
9 11  0.641170  1.091692
9 12  0.648263  0.970836
9 13  0.654488  1.228927
9 14  0.621738  1.175225
9 15  0.632792  1.296726
9 16  0.651066  1.242992
9 17  0.621275  1.093430
9 18  0.636023  1.063994
9 19  0.618214  1.009238
9 20  0.606075  0.945260
9 21  0.620120  0.891765
9 22  0.621723  0.908922
9 23  0.627359  1.247418
9 24  0.650735  1.064171
9 25  0.419476  0.993891
9 26  0.646900  0.967109
9 27  0.647674  1.138543
9 28  0.663638  1.232877
9 29  0.622092  1.184468
9 30  0.642374  1.068199
10 11  0.585860  1.020478
10 12  0.624553  0.911374
10 13  0.640218  1.210010
10 14  0.635124  1.124835
10 15  0.632773  1.234856
10 16  0.623770  1.184550
10 17  0.596236  1.023080
10 18  0.618175  1.010411
10 19  0.607399  0.954385
10 20  0.579577  0.885917
10 21  0.597294  0.833206
10 22  0.599234  0.849924
10 23  0.630991  1.226926
10 24  0.591871  0.976596
10 25  0.644859  1.101379
10 26  0.623287  0.906523
10 27  0.389180  0.939881
10 28  0.643817  1.175917
10 29  0.636777  1.154583
10 30  0.578684  0.964434
11 12  0.617764  0.882755
11 13  0.634625  1.155824
11 14  0.631208  1.131787
11 15  0.628932  1.208138
11 16  0.628508  1.168873
11 17  0.581980  1.022307
11 18  0.613837  0.997752
11 19  0.602574  0.941627
11 20  0.577126  0.871893
11 21  0.592653  0.820337
11 22  0.593730  0.837081
11 23  0.627764  1.214893
11 24  0.585945  0.954085
11 25  0.640583  1.088104
11 26  0.619113  0.896106
11 27  0.582182  1.028343
11 28  0.637789  1.165632
11 29  0.633158  1.142120
11 30  0.373936  0.827723
12 13  0.643294  1.065510
12 14  0.638258  1.010174
12 15  0.636155  1.105822
12 16  0.635997  1.049311
12 17  0.600667  0.900520
12 18  0.620904  0.873707
12 19  0.609738  0.817315
12 20  0.559101  0.725535
12 21  0.559162  0.659154
12 22  0.557672  0.674773
12 23  0.635174  1.092172
12 24  0.614854  0.854405
12 25  0.647766  0.964694
12 26  0.391010  0.574548
12 27  0.627165  0.942006
12 28  0.646967  1.042375
12 29  0.640187  1.018846
12 30  0.621421  0.873407
13 14  0.648817  1.301390
13 15  0.627951  1.314776
13 16  0.616817  1.291190
13 17  0.593316  1.195471
13 18  0.635467  1.167073
13 19  0.623535  1.115027
13 20  0.601451  1.048028
13 21  0.615141  0.994854
13 22  0.616621  1.011955
13 23  0.624064  1.365724
13 24  0.644628  1.166403
13 25  0.659792  1.258040
13 26  0.641899  1.070071
13 27  0.642120  1.236374
13 28  0.396956  1.213828
13 29  0.651903  1.299181
13 30  0.635186  1.170630
14 15  0.621389  1.276398
14 16  0.642202  1.280592
14 17  0.611601  1.130676
14 18  0.603820  1.098026
14 19  0.609822  1.035485
14 20  0.596064  0.984603
14 21  0.610092  0.931169
14 22  0.611718  0.948330
14 23  0.614354  1.294199
14 24  0.640556  1.103500
14 25  0.620313  1.170678
14 26  0.636956  1.006559
14 27  0.637185  1.177127
14 28  0.653544  1.260188
14 29  0.422439  1.108994
14 30  0.632517  1.107557
15 16  0.628510  1.354783
15 17  0.604394  1.232589
15 18  0.622211  1.195383
15 19  0.611627  1.144987
15 20  0.594082  1.086118
15 21  0.607946  1.033085
15 22  0.609559  1.050182
15 23  0.443114  1.328145
15 24  0.637779  1.204343
15 25  0.628430  1.261162
15 26  0.634920  1.108212
15 27  0.634353  1.277661
15 28  0.628207  1.351833
15 29  0.617086  1.323846
15 30  0.630060  1.208449
16 17  0.607493  1.169015
16 18  0.626274  1.109004
16 19  0.615164  1.070819
16 20  0.593619  1.012783
16 21  0.607960  0.968321
16 22  0.609547  0.985945
16 23  0.631839  1.340811
16 24  0.636474  1.121720
16 25  0.638179  1.165776
16 26  0.634771  1.044559
16 27  0.621963  1.135467
16 28  0.619540  1.293998
16 29  0.639392  1.225360
16 30  0.629579  1.145120
17 18  0.594463  0.996794
17 19  0.583132  0.931196
17 20  0.559697  0.871294
17 21  0.573736  0.820204
17 22  0.575242  0.834506
17 23  0.606203  1.173915
17 24  0.599112  0.975001
17 25  0.620434  1.073501
17 26  0.600088  0.886406
17 27  0.598339  1.066315
17 28  0.592605  1.068394
17 29  0.613372  1.140197
17 30  0.577017  0.940885
18 19  0.556575  0.879040
18 20  0.579063  0.844760
18 21  0.592827  0.793429
18 22  0.594426  0.810699
18 23  0.624580  1.175901
18 24  0.623415  0.961769
18 25  0.632502  1.032624
18 26  0.619722  0.869154
18 27  0.620748  1.025924
18 28  0.638265  1.134914
18 29  0.605889  1.036078
18 30  0.615223  0.970706
19 20  0.567919  0.790926
19 21  0.581675  0.737000
19 22  0.583274  0.753767
19 23  0.610897  1.124130
19 24  0.612265  0.904634
19 25  0.606414  0.948677
19 26  0.608571  0.812250
19 27  0.609656  0.980229
19 28  0.626119  1.060446
19 29  0.615426  1.053732
19 30  0.604066  0.911464
20 21  0.552357  0.662835
20 22  0.555360  0.683229
20 23  0.593134  1.057012
20 24  0.573935  0.828076
20 25  0.605937  0.936973
20 26  0.565010  0.725686
20 27  0.579805  0.894257
20 28  0.605127  1.013753
20 29  0.598283  0.986026
20 30  0.572999  0.833534
21 22  0.525229  0.589955
21 23  0.607040  1.012574
21 24  0.599534  0.782479
21 25  0.619748  0.884012
21 26  0.566797  0.668212
21 27  0.599964  0.862226
21 28  0.619030  0.962177
21 29  0.612095  0.938617
21 30  0.594287  0.793509
22 23  0.608636  1.028961
22 24  0.600561  0.794598
22 25  0.621344  0.900664
22 26  0.566336  0.676683
22 27  0.601486  0.880708
22 28  0.620625  0.977155
22 29  0.613690  0.956057
22 30  0.595501  0.807560
23 24  0.637520  1.183788
23 25  0.631378  1.269832
23 26  0.633919  1.081494
23 27  0.634011  1.238582
23 28  0.631558  1.275064
23 29  0.624010  1.263121
23 30  0.629307  1.168601
24 25  0.650067  1.044138
24 26  0.620483  0.851649
24 27  0.600136  1.005022
24 28  0.649331  1.122730
24 29  0.642513  1.105960
24 30  0.595795  0.943215
25 26  0.646642  0.959802
25 27  0.646468  1.112124
25 28  0.657796  1.190518
25 29  0.622046  1.171727
25 30  0.642046  1.058086
26 27  0.625040  0.936091
26 28  0.645861  1.030961
26 29  0.638989  1.013418
26 30  0.617411  0.852102
27 28  0.646318  1.208183
27 29  0.639282  1.155819
27 30  0.587960  1.022483
28 29  0.653859  1.278039
28 30  0.639816  1.107011
29 30  0.634439  1.113847
