  -1146.53678999
  -1146.90735203    -1146.79160009
0.00000344401854
2 2 2 2 2 2 2 2 2 2 2 2 2 2 2 0 0 0 0 0 0 0 0 0 0 0 0 0 0 0 
1  0.279242  0.505173
2  0.301658  0.461786
3  0.290587  0.415079
4  0.267163  0.350742
5  0.283360  0.310218
6  0.285680  0.322989
7  0.318778  0.636030
8  0.315138  0.481779
9  0.334680  0.584117
10  0.312281  0.527558
11  0.307554  0.515382
12  0.314347  0.390122
13  0.329768  0.686436
14  0.324464  0.622418
15  0.322484  0.723477
16  0.322629  0.662280
17  0.288371  0.514160
18  0.306942  0.486295
19  0.295893  0.429943
20  0.272516  0.364353
21  0.286121  0.308738
22  0.287697  0.326282
23  0.321473  0.703123
24  0.317039  0.482608
25  0.334284  0.577091
26  0.313103  0.385545
27  0.314650  0.558364
28  0.333598  0.654149
29  0.326451  0.630287
30  0.308826  0.488061
1 2  0.580750  0.965309
1 3  0.569513  0.910005
1 4  0.546087  0.851634
1 5  0.562508  0.814933
1 6  0.564738  0.824930
1 7  0.595786  1.134866
1 8  0.589076  0.963977
1 9  0.612844  1.073036
1 10  0.587859  1.030344
1 11  0.570983  0.961405
1 12  0.593003  0.884500
1 13  0.583030  1.087219
1 14  0.603243  1.123946
1 15  0.599562  1.183242
1 16  0.600329  1.150487
1 17  0.268582  0.807592
1 18  0.586024  0.989494
1 19  0.574386  0.934519
1 20  0.551691  0.868499
1 21  0.565128  0.813830
1 22  0.566095  0.831250
1 23  0.595513  1.203463
1 24  0.590127  0.984396
1 25  0.612845  1.079557
1 26  0.591186  0.890433
1 27  0.591569  1.049492
1 28  0.590176  1.155940
1 29  0.605423  1.130395
1 30  0.573596  0.989970
2 3  0.548220  0.842932
2 4  0.568810  0.810706
2 5  0.585016  0.771401
2 6  0.587336  0.784356
2 7  0.618184  1.066521
2 8  0.616760  0.939991
2 9  0.628114  1.018294
2 10  0.613762  0.977428
2 11  0.609189  0.976438
2 12  0.616002  0.851774
2 13  0.630051  1.142877
2 14  0.600105  1.012888
2 15  0.621471  1.173734
2 16  0.623385  1.122351
2 17  0.589910  0.974197
2 18  0.300003  0.709192
2 19  0.552887  0.858134
2 20  0.573966  0.825972
2 21  0.587771  0.770509
2 22  0.589354  0.788037
2 23  0.616722  1.150328
2 24  0.618656  0.943981
2 25  0.631778  1.034769
2 26  0.614692  0.847238
2 27  0.615864  1.019285
2 28  0.634775  1.111549
2 29  0.602037  1.081611
2 30  0.610421  0.949309
3 4  0.557746  0.765704
3 5  0.573945  0.724837
3 6  0.576264  0.737163
3 7  0.607262  1.032323
3 8  0.605686  0.891101
3 9  0.604223  0.945772
3 10  0.602738  0.938172
3 11  0.598107  0.926672
3 12  0.604932  0.804311
3 13  0.618088  1.079167
3 14  0.608949  1.032015
3 15  0.607843  1.129012
3 16  0.612955  1.076214
3 17  0.578259  0.928707
3 18  0.552878  0.867668
3 19  0.291986  0.609221
3 20  0.563004  0.779304
3 21  0.576707  0.723806
3 22  0.578273  0.741333
3 23  0.605596  1.109811
3 24  0.607615  0.897368
3 25  0.613739  0.988805
3 26  0.603612  0.800548
3 27  0.605186  0.972865
3 28  0.622863  1.068327
3 29  0.607658  1.030786
3 30  0.599259  0.902769
4 5  0.545136  0.653995
4 6  0.549700  0.670977
4 7  0.585465  0.979878
4 8  0.570307  0.823229
4 9  0.601786  0.933853
4 10  0.573170  0.859835
4 11  0.567149  0.848376
4 12  0.562118  0.720318
4 13  0.596795  1.033050
4 14  0.591576  0.967858
4 15  0.589513  1.065122
4 16  0.588546  1.012458
4 17  0.555425  0.864022
4 18  0.573871  0.836854
4 19  0.562925  0.780562
4 20  0.256571  0.464916
4 21  0.549381  0.656676
4 22  0.553565  0.674364
4 23  0.588463  1.053097
4 24  0.564476  0.811575
4 25  0.601102  0.927500
4 26  0.554782  0.714455
4 27  0.577354  0.907872
4 28  0.600748  1.004393
4 29  0.593280  0.980614
4 30  0.574394  0.836783
5 6  0.521455  0.590589
5 7  0.602089  0.943869
5 8  0.595863  0.785083
5 9  0.618029  0.893031
5 10  0.595247  0.834115
5 11  0.590794  0.825537
5 12  0.566117  0.677811
5 13  0.613117  0.996122
5 14  0.607817  0.931802
5 15  0.605838  1.033575
5 16  0.605732  0.972411
5 17  0.571473  0.824268
5 18  0.590282  0.796489
5 19  0.579250  0.740146
5 20  0.552069  0.671917
5 21  0.289163  0.353037
5 22  0.519106  0.589621
5 23  0.604714  1.013243
5 24  0.599992  0.792526
5 25  0.617618  0.887272
5 26  0.555095  0.658059
5 27  0.597312  0.868153
5 28  0.616894  0.964309
5 29  0.609755  0.940447
5 30  0.591695  0.797640
6 7  0.604403  0.957345
6 8  0.597588  0.792815
6 9  0.620348  0.905283
6 10  0.597657  0.849094
6 11  0.592826  0.835772
6 12  0.565234  0.681323
6 13  0.615435  1.006314
6 14  0.610133  0.945114
6 15  0.608154  1.045666
6 16  0.608224  0.985140
6 17  0.573140  0.836929
6 18  0.592621  0.809248
6 19  0.581566  0.752901
6 20  0.556834  0.684917
6 21  0.518084  0.583700
6 22  0.292660  0.389457
6 23  0.607043  1.025959
6 24  0.601132  0.804851
6 25  0.619963  0.900010
6 26  0.556498  0.670983
6 27  0.600046  0.880520
6 28  0.619107  0.977008
6 29  0.612121  0.953199
6 30  0.593379  0.810033
7 8  0.632096  1.100934
7 9  0.636925  1.148262
7 10  0.618785  1.096677
7 11  0.625674  1.148874
7 12  0.633034  1.025646
7 13  0.615041  1.299203
7 14  0.634979  1.203893
7 15  0.630031  1.341454
7 16  0.378693  1.157900
7 17  0.605242  1.133500
7 18  0.624823  1.120628
7 19  0.614395  1.064959
7 20  0.590009  0.999807
7 21  0.604738  0.944716
7 22  0.606459  0.962207
7 23  0.624805  1.307536
7 24  0.634129  1.117176
7 25  0.648117  1.211352
7 26  0.631655  1.021079
7 27  0.624391  1.191551
7 28  0.617201  1.236151
7 29  0.641079  1.261985
7 30  0.627033  1.119778
8 9  0.649568  1.052658
8 10  0.594653  0.980580
8 11  0.592564  0.970895
8 12  0.620155  0.855640
8 13  0.644485  1.148770
8 14  0.639436  1.100587
8 15  0.637496  1.200935
8 16  0.636083  1.141720
8 17  0.597634  0.993357
8 18  0.622059  0.967621
8 19  0.611010  0.911369
8 20  0.571095  0.825899
8 21  0.600812  0.790146
8 22  0.601088  0.807224
8 23  0.635728  1.183061
8 24  0.421408  0.825344
8 25  0.649397  1.058078
8 26  0.612182  0.852455
8 27  0.589350  1.001263
8 28  0.647640  1.134510
8 29  0.641426  1.111150
8 30  0.589516  0.939375
9 10  0.645753  1.093038
9 11  0.642132  1.094626
9 12  0.649018  0.973234
9 13  0.655586  1.228912
9 14  0.622580  1.174831
9 15  0.633806  1.295497
9 16  0.652210  1.243910
9 17  0.622356  1.095250
9 18  0.636701  1.065022
9 19  0.618987  1.010261
9 20  0.606889  0.948094
9 21  0.620789  0.892826
9 22  0.622371  0.910329
9 23  0.628338  1.246648
9 24  0.651684  1.065883
9 25  0.420469  0.994509
9 26  0.647644  0.969415
9 27  0.648711  1.141038
9 28  0.664742  1.232821
9 29  0.622968  1.184423
9 30  0.643322  1.070935
10 11  0.586731  1.024991
10 12  0.625202  0.915362
10 13  0.641235  1.211635
10 14  0.635926  1.125861
10 15  0.633685  1.235107
10 16  0.624847  1.187092
10 17  0.597228  1.026684
10 18  0.618735  1.013030
10 19  0.608081  0.957059
10 20  0.580299  0.890460
10 21  0.597858  0.835939
10 22  0.599788  0.852998
10 23  0.631894  1.227516
10 24  0.592669  0.980057
10 25  0.645855  1.103670
10 26  0.623937  0.910505
10 27  0.390089  0.944333
10 28  0.644837  1.177470
10 29  0.637580  1.155935
10 30  0.579530  0.969177
11 12  0.618368  0.887007
11 13  0.635584  1.157717
11 14  0.631965  1.133601
11 15  0.629802  1.208769
11 16  0.629562  1.171988
11 17  0.582894  1.026299
11 18  0.614359  1.000879
11 19  0.603195  0.944847
11 20  0.577790  0.876992
11 21  0.593180  0.823620
11 22  0.594225  0.840711
11 23  0.628600  1.216049
11 24  0.586738  0.958253
11 25  0.641534  1.090892
11 26  0.619723  0.900644
11 27  0.583066  1.033373
11 28  0.638753  1.167730
11 29  0.633928  1.143980
11 30  0.374670  0.832931
12 13  0.644055  1.066894
12 14  0.638805  1.011409
12 15  0.636816  1.105934
12 16  0.636838  1.051857
12 17  0.601390  0.903987
12 18  0.621216  0.876297
12 19  0.610147  0.819979
12 20  0.559553  0.730214
12 21  0.559477  0.662013
12 22  0.557973  0.678001
12 23  0.635805  1.092749
12 24  0.615432  0.857771
12 25  0.648488  0.966965
12 26  0.391393  0.579143
12 27  0.627836  0.946168
12 28  0.647735  1.043894
12 29  0.640743  1.020163
12 30  0.622005  0.877857
13 14  0.649703  1.300329
13 15  0.628944  1.313207
13 16  0.618003  1.291775
13 17  0.594345  1.196382
13 18  0.636150  1.167234
13 19  0.624304  1.115247
13 20  0.602275  1.050056
13 21  0.615816  0.995111
13 22  0.617259  1.012559
13 23  0.625014  1.364005
13 24  0.645583  1.167309
13 25  0.660881  1.257925
13 26  0.642665  1.071574
13 27  0.643160  1.238105
13 28  0.397977  1.212743
13 29  0.652816  1.298258
13 30  0.636122  1.172613
14 15  0.622172  1.274614
14 16  0.643188  1.280444
14 17  0.612485  1.131386
14 18  0.604289  1.097872
14 19  0.610399  1.035534
14 20  0.596652  0.986336
14 21  0.610553  0.931113
14 22  0.612158  0.948621
14 23  0.615110  1.292195
14 24  0.641292  1.104102
14 25  0.621156  1.170458
14 26  0.637504  1.007751
14 27  0.637996  1.178542
14 28  0.654447  1.259143
14 29  0.423135  1.107694
14 30  0.633253  1.109208
15 16  0.629594  1.353920
15 17  0.605367  1.232423
15 18  0.622791  1.194442
15 19  0.612306  1.144024
15 20  0.594795  1.086925
15 21  0.608522  1.032123
15 22  0.610110  1.049566
15 23  0.444005  1.325129
15 24  0.638625  1.204034
15 25  0.629419  1.260064
15 26  0.635584  1.108489
15 27  0.635303  1.278144
15 28  0.629208  1.349874
15 29  0.617867  1.321670
15 30  0.630899  1.209215
16 17  0.608666  1.171035
16 18  0.627050  1.109982
16 19  0.616033  1.071923
16 20  0.594527  1.015556
16 21  0.608721  0.969477
16 22  0.610285  0.987476
16 23  0.632880  1.339942
16 24  0.637502  1.123522
16 25  0.639217  1.166395
16 26  0.635617  1.046978
16 27  0.622988  1.137529
16 28  0.620706  1.294130
16 29  0.640376  1.225173
16 30  0.630609  1.148022
17 18  0.595117  0.998761
17 19  0.583886  0.933127
17 20  0.560496  0.875095
17 21  0.574383  0.822316
17 22  0.575868  0.836854
17 23  0.607156  1.173944
17 24  0.600020  0.977631
17 25  0.621508  1.075161
17 26  0.600825  0.889538
17 27  0.599351  1.069869
17 28  0.593535  1.069084
17 29  0.614266  1.140959
17 30  0.577862  0.944171
18 19  0.556865  0.880121
18 20  0.579444  0.847646
18 21  0.593061  0.794633
18 22  0.594637  0.812260
18 23  0.625143  1.175155
18 24  0.623926  0.963516
18 25  0.633153  1.033340
18 26  0.620043  0.871637
18 27  0.621353  1.028365
18 28  0.638955  1.134939
18 29  0.606389  1.035967
18 30  0.615726  0.973655
19 20  0.568404  0.794020
19 21  0.582011  0.738286
19 22  0.583587  0.755353
19 23  0.611552  1.123312
19 24  0.612875  0.906401
19 25  0.607144  0.949432
19 26  0.608995  0.814770
19 27  0.610355  0.982924
19 28  0.626897  1.060527
19 29  0.616004  1.053610
19 30  0.604670  0.914379
20 21  0.552734  0.665928
20 22  0.555715  0.686746
20 23  0.593825  1.057736
20 24  0.574582  0.831876
20 25  0.606732  0.939642
20 26  0.565464  0.729941
20 27  0.580544  0.898464
20 28  0.605949  1.015633
20 29  0.598901  0.987515
20 30  0.573623  0.838142
21 22  0.525429  0.591836
21 23  0.607589  1.011810
21 24  0.600035  0.784402
21 25  0.620398  0.884892
21 26  0.567125  0.670989
21 27  0.600564  0.864990
21 28  0.619710  0.962350
21 29  0.612568  0.938548
21 30  0.594789  0.796605
22 23  0.609161  1.028503
22 24  0.601043  0.796782
22 25  0.621972  0.901846
22 26  0.566644  0.679674
22 27  0.602060  0.883863
22 28  0.621282  0.977564
22 29  0.614139  0.956363
22 30  0.595982  0.810930
23 24  0.638344  1.183675
23 25  0.632346  1.268679
23 26  0.634554  1.081725
23 27  0.634918  1.239088
23 28  0.632535  1.273581
23 29  0.624783  1.261534
23 30  0.630125  1.169270
24 25  0.650990  1.045545
24 26  0.621064  0.854840
24 27  0.600967  1.008481
24 28  0.650287  1.123486
24 29  0.643258  1.106500
24 30  0.596558  0.946984
25 26  0.647380  0.961960
25 27  0.647469  1.114384
25 28  0.658878  1.190330
25 29  0.622884  1.171222
25 30  0.642967  1.060691
26 27  0.625710  0.940017
26 28  0.646630  1.032210
26 29  0.639550  1.014577
26 30  0.617996  0.856110
27 28  0.647358  1.209804
27 29  0.640116  1.156950
27 30  0.588829  1.026880
28 29  0.654760  1.276899
28 30  0.640758  1.108685
29 30  0.635179  1.115504
