  -1146.53678999
  -1146.90736919    -1146.79164928
0.00000341605321
2 2 2 2 2 2 2 2 2 2 2 2 2 2 2 0 0 0 0 0 0 0 0 0 0 0 0 0 0 0 
1  0.279315  0.505378
2  0.301672  0.461891
3  0.290614  0.415199
4  0.267195  0.351111
5  0.283377  0.310342
6  0.285693  0.323145
7  0.318866  0.636098
8  0.315189  0.481979
9  0.334758  0.584169
10  0.312344  0.527843
11  0.307610  0.515763
12  0.314374  0.390437
13  0.329847  0.686366
14  0.324513  0.622322
15  0.322549  0.723237
16  0.322719  0.662348
17  0.288449  0.514369
18  0.306956  0.486397
19  0.295921  0.430056
20  0.272548  0.364729
21  0.286136  0.308852
22  0.287711  0.326443
23  0.321534  0.702912
24  0.317093  0.482800
25  0.334360  0.577123
26  0.313130  0.385846
27  0.314717  0.558662
28  0.333675  0.654067
29  0.326502  0.630194
30  0.308879  0.488415
1 2  0.580838  0.965616
1 3  0.569612  0.910307
1 4  0.546192  0.852190
1 5  0.562598  0.815263
1 6  0.564825  0.825275
1 7  0.595946  1.135146
1 8  0.589197  0.964359
1 9  0.612995  1.073292
1 10  0.587995  1.030836
1 11  0.571102  0.961912
1 12  0.593104  0.884984
1 13  0.583157  1.087324
1 14  0.603366  1.124062
1 15  0.599698  1.183218
1 16  0.600490  1.150787
1 17  0.268727  0.808011
1 18  0.586111  0.989795
1 19  0.574484  0.934836
1 20  0.551796  0.869079
1 21  0.565216  0.814148
1 22  0.566181  0.831617
1 23  0.595646  1.203461
1 24  0.590253  0.984794
1 25  0.612994  1.079793
1 26  0.591285  0.890939
1 27  0.591708  1.050015
1 28  0.590316  1.156049
1 29  0.605547  1.130512
1 30  0.573720  0.990526
2 3  0.548251  0.843143
2 4  0.568856  0.811162
2 5  0.585047  0.771620
2 6  0.587363  0.784610
2 7  0.618289  1.066677
2 8  0.616827  0.940282
2 9  0.628204  1.018434
2 10  0.613841  0.977784
2 11  0.609259  0.976921
2 12  0.616044  0.852192
2 13  0.630144  1.142906
2 14  0.600173  1.012898
2 15  0.621552  1.173618
2 16  0.623488  1.122527
2 17  0.590003  0.974506
2 18  0.300029  0.709405
2 19  0.552927  0.858386
2 20  0.574009  0.826454
2 21  0.587800  0.770728
2 22  0.589382  0.788303
2 23  0.616798  1.150238
2 24  0.618723  0.944278
2 25  0.631869  1.034915
2 26  0.614731  0.847644
2 27  0.615942  1.019691
2 28  0.634867  1.111578
2 29  0.602102  1.081627
2 30  0.610487  0.949765
3 4  0.557806  0.766192
3 5  0.573988  0.725075
3 6  0.576305  0.737425
3 7  0.607378  1.032500
3 8  0.605764  0.891390
3 9  0.604327  0.945923
3 10  0.602829  0.938568
3 11  0.598189  0.927150
3 12  0.604986  0.804737
3 13  0.618193  1.079202
3 14  0.609025  1.032035
3 15  0.607936  1.128886
3 16  0.613073  1.076403
3 17  0.578360  0.929035
3 18  0.552915  0.867923
3 19  0.292038  0.609459
3 20  0.563061  0.779799
3 21  0.576750  0.724039
3 22  0.578314  0.741614
3 23  0.605684  1.109725
3 24  0.607696  0.897679
3 25  0.613842  0.988959
3 26  0.603664  0.800970
3 27  0.605280  0.973280
3 28  0.622965  1.068366
3 29  0.607736  1.030830
3 30  0.599339  0.903241
4 5  0.545185  0.654475
4 6  0.549746  0.671504
4 7  0.585585  0.980290
4 8  0.570390  0.823802
4 9  0.601895  0.934267
4 10  0.573265  0.860442
4 11  0.567236  0.849077
4 12  0.562178  0.720973
4 13  0.596905  1.033330
4 14  0.591658  0.968096
4 15  0.589609  1.065208
4 16  0.588667  1.012894
4 17  0.555535  0.864598
4 18  0.573914  0.837325
4 19  0.562983  0.781043
4 20  0.256625  0.465712
4 21  0.549427  0.657164
4 22  0.553611  0.674895
4 23  0.588555  1.053252
4 24  0.564563  0.812147
4 25  0.601209  0.927898
4 26  0.554840  0.715150
4 27  0.577451  0.908543
4 28  0.600857  1.004678
4 29  0.593358  0.980890
4 30  0.574478  0.837508
5 6  0.521484  0.590896
5 7  0.602193  0.944048
5 8  0.595930  0.785395
5 9  0.618123  0.893195
5 10  0.595328  0.834512
5 11  0.590866  0.826043
5 12  0.566163  0.678275
5 13  0.613212  0.996177
5 14  0.607883  0.931819
5 15  0.605920  1.033458
5 16  0.605836  0.972603
5 17  0.571567  0.824600
5 18  0.590311  0.796715
5 19  0.579295  0.740383
5 20  0.552116  0.672422
5 21  0.289194  0.353312
5 22  0.519136  0.589934
5 23  0.604793  1.013156
5 24  0.600062  0.792842
5 25  0.617710  0.887428
5 26  0.555138  0.658510
5 27  0.597394  0.868576
5 28  0.616988  0.964351
5 29  0.609823  0.940478
5 30  0.591765  0.798119
6 7  0.604504  0.957562
6 8  0.597653  0.793143
6 9  0.620439  0.905476
6 10  0.597734  0.849535
6 11  0.592896  0.836302
6 12  0.565278  0.681803
6 13  0.615527  1.006384
6 14  0.610195  0.945171
6 15  0.608233  1.045578
6 16  0.608327  0.985364
6 17  0.573230  0.837294
6 18  0.592648  0.809507
6 19  0.581608  0.753170
6 20  0.556879  0.685449
6 21  0.518113  0.583998
6 22  0.292682  0.389825
6 23  0.607117  1.025904
6 24  0.601199  0.805201
6 25  0.620052  0.900198
6 26  0.556540  0.671465
6 27  0.600127  0.880974
6 28  0.619195  0.977083
6 29  0.612185  0.953263
6 30  0.593444  0.810544
7 8  0.632235  1.101195
7 9  0.637071  1.148352
7 10  0.618925  1.096967
7 11  0.625817  1.149318
7 12  0.633150  1.026025
7 13  0.615202  1.299213
7 14  0.635113  1.203862
7 15  0.630176  1.341292
7 16  0.378853  1.158004
7 17  0.605407  1.133805
7 18  0.624924  1.120802
7 19  0.614512  1.065141
7 20  0.590128  1.000250
7 21  0.604838  0.944897
7 22  0.606561  0.962435
7 23  0.624949  1.307425
7 24  0.634269  1.117435
7 25  0.648274  1.211453
7 26  0.631770  1.021445
7 27  0.624541  1.191910
7 28  0.617361  1.236196
7 29  0.641216  1.261964
7 30  0.627173  1.120196
8 9  0.649697  1.052890
8 10  0.594762  0.981068
8 11  0.592670  0.971480
8 12  0.620231  0.856138
8 13  0.644615  1.148887
8 14  0.639537  1.100687
8 15  0.637612  1.200894
8 16  0.636223  1.141989
8 17  0.597762  0.993766
8 18  0.622124  0.967923
8 19  0.611090  0.911683
8 20  0.571178  0.826483
8 21  0.600879  0.790458
8 22  0.601153  0.807587
8 23  0.635840  1.183050
8 24  0.421510  0.825786
8 25  0.649524  1.058311
8 26  0.612259  0.852958
8 27  0.589463  1.001781
8 28  0.647769  1.134628
8 29  0.641528  1.111258
8 30  0.589619  0.939958
9 10  0.645891  1.093354
9 11  0.642265  1.095057
9 12  0.649123  0.973601
9 13  0.655739  1.228896
9 14  0.622697  1.174787
9 15  0.633947  1.295313
9 16  0.652369  1.244030
9 17  0.622511  1.095512
9 18  0.636794  1.065189
9 19  0.619093  1.010428
9 20  0.606998  0.948519
9 21  0.620881  0.892992
9 22  0.622463  0.910542
9 23  0.628477  1.246532
9 24  0.651816  1.066129
9 25  0.420613  0.994595
9 26  0.647746  0.969768
9 27  0.648855  1.141388
9 28  0.664895  1.232803
9 29  0.623090  1.184423
9 30  0.643455  1.071333
10 11  0.586850  1.025638
10 12  0.625292  0.915948
10 13  0.641377  1.211853
10 14  0.636039  1.126015
10 15  0.633812  1.235136
10 16  0.624995  1.187440
10 17  0.597370  1.027197
10 18  0.618810  1.013421
10 19  0.608174  0.957457
10 20  0.580395  0.891125
10 21  0.597937  0.836339
10 22  0.599866  0.853445
10 23  0.632020  1.227588
10 24  0.592780  0.980546
10 25  0.645995  1.103989
10 26  0.624026  0.911091
10 27  0.390219  0.944951
10 28  0.644977  1.177675
10 29  0.637692  1.156130
10 30  0.579646  0.969860
11 12  0.618451  0.887647
11 13  0.635717  1.157995
11 14  0.632069  1.133879
11 15  0.629922  1.208866
11 16  0.629707  1.172434
11 17  0.583024  1.026881
11 18  0.614426  1.001359
11 19  0.603277  0.945340
11 20  0.577876  0.877754
11 21  0.593252  0.824115
11 22  0.594293  0.841255
11 23  0.628716  1.216220
11 24  0.586847  0.958865
11 25  0.641667  1.091297
11 26  0.619805  0.901327
11 27  0.583187  1.034098
11 28  0.638882  1.168031
11 29  0.634035  1.144264
11 30  0.374771  0.833694
12 13  0.644161  1.067108
12 14  0.638882  1.011618
12 15  0.636908  1.105969
12 16  0.636954  1.052238
12 17  0.601493  0.904511
12 18  0.621256  0.876713
12 19  0.610201  0.820407
12 20  0.559611  0.730931
12 21  0.559521  0.662464
12 22  0.558016  0.678502
12 23  0.635894  1.092850
12 24  0.615512  0.858279
12 25  0.648589  0.967311
12 26  0.391444  0.579853
12 27  0.627929  0.946780
12 28  0.647840  1.044126
12 29  0.640821  1.020384
12 30  0.622085  0.878527
13 14  0.649828  1.300179
13 15  0.629083  1.312976
13 16  0.618169  1.291843
13 17  0.594489  1.196505
13 18  0.636242  1.167274
13 19  0.624410  1.115292
13 20  0.602385  1.050360
13 21  0.615911  0.995155
13 22  0.617348  1.012652
13 23  0.625149  1.363745
13 24  0.645716  1.167432
13 25  0.661033  1.257898
13 26  0.642771  1.071804
13 27  0.643304  1.238338
13 28  0.398121  1.212568
13 29  0.652944  1.298126
13 30  0.636252  1.172899
14 15  0.622286  1.274363
14 16  0.643327  1.280425
14 17  0.612613  1.131503
14 18  0.604352  1.097883
14 19  0.610478  1.035572
14 20  0.596729  0.986616
14 21  0.610618  0.931132
14 22  0.612222  0.948687
14 23  0.615218  1.291915
14 24  0.641395  1.104200
14 25  0.621275  1.170433
14 26  0.637581  1.007956
14 27  0.638108  1.178749
14 28  0.654573  1.258995
14 29  0.423235  1.107528
14 30  0.633355  1.109464
15 16  0.629744  1.353785
15 17  0.605508  1.232399
15 18  0.622869  1.194326
15 19  0.612399  1.143905
15 20  0.594891  1.087058
15 21  0.608604  1.031996
15 22  0.610188  1.049488
15 23  0.444130  1.324689
15 24  0.638742  1.203988
15 25  0.629558  1.259899
15 26  0.635675  1.108548
15 27  0.635437  1.278202
15 28  0.629347  1.349578
15 29  0.617979  1.321364
15 30  0.631016  1.209329
16 17  0.608832  1.171321
16 18  0.627155  1.110137
16 19  0.616152  1.072096
16 20  0.594648  1.015967
16 21  0.608827  0.969648
16 22  0.610388  0.987702
16 23  0.633024  1.339807
16 24  0.637644  1.123778
16 25  0.639364  1.166476
16 26  0.635733  1.047339
16 27  0.623129  1.137814
16 28  0.620866  1.294129
16 29  0.640513  1.225150
16 30  0.630751  1.148438
17 18  0.595209  0.999069
17 19  0.583992  0.933429
17 20  0.560606  0.875666
17 21  0.574476  0.822638
17 22  0.575961  0.837207
17 23  0.607293  1.173948
17 24  0.600149  0.978012
17 25  0.621662  1.075402
17 26  0.600929  0.890013
17 27  0.599495  1.070375
17 28  0.593663  1.069179
17 29  0.614395  1.141082
17 30  0.577984  0.944654
18 19  0.556897  0.880321
18 20  0.579489  0.848100
18 21  0.593090  0.794842
18 22  0.594665  0.812520
18 23  0.625220  1.175066
18 24  0.623994  0.963792
18 25  0.633242  1.033461
18 26  0.620084  0.872038
18 27  0.621435  1.028731
18 28  0.639047  1.134957
18 29  0.606458  1.035979
18 30  0.615793  0.974108
19 20  0.568465  0.794509
19 21  0.582056  0.738508
19 22  0.583630  0.755613
19 23  0.611643  1.123212
19 24  0.612957  0.906673
19 25  0.607246  0.949558
19 26  0.609050  0.815177
19 27  0.610449  0.983325
19 28  0.627001  1.060550
19 29  0.616082  1.053625
19 30  0.604750  0.914824
20 21  0.552782  0.666407
20 22  0.555761  0.687286
20 23  0.593917  1.057854
20 24  0.574668  0.832445
20 25  0.606838  0.940042
20 26  0.565522  0.730594
20 27  0.580641  0.899081
20 28  0.606056  1.015914
20 29  0.598983  0.987758
20 30  0.573706  0.838833
21 22  0.525458  0.592138
21 23  0.607666  1.011712
21 24  0.600104  0.784695
21 25  0.620489  0.885028
21 26  0.567169  0.671428
21 27  0.600647  0.865394
21 28  0.619802  0.962381
21 29  0.612635  0.938562
21 30  0.594858  0.797074
22 23  0.609236  1.028446
22 24  0.601111  0.797110
22 25  0.622061  0.902025
22 26  0.566687  0.680141
22 27  0.602141  0.884322
22 28  0.621373  0.977626
22 29  0.614203  0.956430
22 30  0.596050  0.811435
23 24  0.638459  1.183656
23 25  0.632482  1.268506
23 26  0.634642  1.081777
23 27  0.635044  1.239153
23 28  0.632670  1.273363
23 29  0.624894  1.261310
23 30  0.630239  1.169370
24 25  0.651119  1.045751
24 26  0.621143  0.855325
24 27  0.601082  1.008975
24 28  0.650418  1.123586
24 29  0.643362  1.106591
24 30  0.596664  0.947535
25 26  0.647482  0.962292
25 27  0.647608  1.114699
25 28  0.659028  1.190289
25 29  0.623001  1.171161
25 30  0.643095  1.061072
26 27  0.625801  0.940596
26 28  0.646734  1.032406
26 29  0.639628  1.014775
26 30  0.618075  0.856716
27 28  0.647501  1.210020
27 29  0.640232  1.157121
27 30  0.588948  1.027511
28 29  0.654884  1.276736
28 30  0.640887  1.108929
29 30  0.635281  1.115758
