   -841.24353051
   -841.50170444     -841.36437409
0.00018189031285
2 2 2 2 2 2 2 2 2 2 2 0 0 0 0 0 0 0 0 0 0 0 
1  0.291656  0.581134
2  0.294840  0.746920
3  0.295395  0.752150
4  0.271256  0.431337
5  0.273419  0.424924
6  0.289145  0.565732
7  0.271828  0.419798
8  0.271235  0.426896
9  0.254910  0.538576
10  0.255868  0.536543
11  0.263414  0.642699
12  0.267553  0.685138
13  0.263787  0.536444
14  0.262859  0.542756
15  0.274019  0.444016
16  0.271500  0.395857
17  0.272346  0.403282
18  0.274529  0.449262
19  0.295599  0.738835
20  0.294221  0.578905
21  0.291728  0.570656
22  0.294835  0.733306
1 2  0.585591  1.286588
1 3  0.576744  1.315300
1 4  0.533329  0.987874
1 5  0.535542  0.986491
1 6  0.580704  1.134027
1 7  0.563444  0.998144
1 8  0.562853  0.999867
1 9  0.527787  1.089306
1 10  0.547472  1.114373
1 11  0.552697  1.170237
1 12  0.557340  1.260414
1 13  0.555082  1.114611
1 14  0.528667  1.082508
1 15  0.565622  1.023736
1 16  0.563098  0.976227
1 17  0.524491  0.932262
1 18  0.528278  0.989363
1 19  0.569120  1.282131
1 20  0.356665  1.048242
1 21  0.582928  1.148713
1 22  0.586362  1.309247
2 3  0.575385  1.464850
2 4  0.566029  1.175324
2 5  0.568097  1.155970
2 6  0.573797  1.296616
2 7  0.564537  1.141440
2 8  0.562381  1.131642
2 9  0.546639  1.220792
2 10  0.528129  1.233117
2 11  0.532200  1.334888
2 12  0.530172  1.371296
2 13  0.529041  1.242709
2 14  0.555274  1.282946
2 15  0.567199  1.188689
2 16  0.565841  1.141453
2 17  0.566835  1.147716
2 18  0.569124  1.192764
2 19  0.567109  1.416333
2 20  0.588921  1.320505
2 21  0.568815  1.281620
2 22  0.354594  1.409059
3 4  0.562992  1.140081
3 5  0.566742  1.151309
3 6  0.583664  1.277704
3 7  0.567083  1.156517
3 8  0.566560  1.176098
3 9  0.528007  1.240547
3 10  0.548300  1.224617
3 11  0.532402  1.338308
3 12  0.530425  1.375558
3 13  0.556829  1.281992
3 14  0.528826  1.253113
3 15  0.569171  1.192784
3 16  0.566475  1.145627
3 17  0.567287  1.153967
3 18  0.568265  1.198974
3 19  0.354826  1.420642
3 20  0.572023  1.293594
3 21  0.586973  1.317650
3 22  0.567039  1.416626
4 5  0.498758  0.821993
4 6  0.560368  0.988890
4 7  0.543077  0.849601
4 8  0.542481  0.857803
4 9  0.522417  0.957100
4 10  0.527101  0.959096
4 11  0.534285  1.062473
4 12  0.537714  1.114332
4 13  0.535013  0.966712
4 14  0.532951  0.968420
4 15  0.545273  0.874896
4 16  0.542688  0.826904
4 17  0.494043  0.793615
4 18  0.269558  0.675930
4 19  0.565805  1.167975
4 20  0.525160  0.957995
4 21  0.562950  1.000804
4 22  0.565677  1.161579
5 6  0.562527  0.987908
5 7  0.545238  0.840827
5 8  0.544649  0.850199
5 9  0.522947  0.929681
5 10  0.529252  0.950595
5 11  0.536730  1.066034
5 12  0.540710  1.107513
5 13  0.536942  0.960160
5 14  0.532155  0.966240
5 15  0.547364  0.868537
5 16  0.544686  0.820477
5 17  0.269267  0.615556
5 18  0.494156  0.818208
5 19  0.568302  1.161701
5 20  0.529739  0.960673
5 21  0.565117  0.994691
5 22  0.567825  1.155633
6 7  0.531480  0.965625
6 8  0.530743  0.968876
6 9  0.544010  1.101180
6 10  0.526338  1.072663
6 11  0.550380  1.158101
6 12  0.554807  1.245655
6 13  0.527448  1.062307
6 14  0.551652  1.105698
6 15  0.525309  0.968818
6 16  0.521201  0.910426
6 17  0.561404  0.968251
6 18  0.563634  1.013621
6 19  0.584603  1.299618
6 20  0.582883  1.141676
6 21  0.354656  1.023149
6 22  0.566005  1.262870
7 8  0.497152  0.812060
7 9  0.526716  0.947677
7 10  0.522119  0.922825
7 11  0.535149  1.060952
7 12  0.539138  1.102530
7 13  0.531500  0.954897
7 14  0.534500  0.961358
7 15  0.492248  0.808360
7 16  0.268710  0.602306
7 17  0.544026  0.822775
7 18  0.546315  0.868666
7 19  0.567087  1.156098
7 20  0.566008  0.997813
7 21  0.525877  0.947661
7 22  0.565969  1.151165
8 9  0.526117  0.956584
8 10  0.523212  0.950137
8 11  0.534304  1.058928
8 12  0.537696  1.109931
8 13  0.533899  0.958025
8 14  0.534056  0.968580
8 15  0.268876  0.664244
8 16  0.493014  0.781465
8 17  0.543514  0.829882
8 18  0.545762  0.875703
8 19  0.566378  1.162747
8 20  0.565439  1.004611
8 21  0.522950  0.945970
8 22  0.565008  1.158237
9 10  0.510414  1.052940
9 11  0.516187  1.166459
9 12  0.521874  1.210550
9 13  0.516992  1.072379
9 14  0.243711  0.907886
9 15  0.528923  0.981380
9 16  0.526281  0.933494
9 17  0.524510  0.940646
9 18  0.528563  0.979856
9 19  0.522218  1.236110
9 20  0.522424  1.082358
9 21  0.546183  1.106411
9 22  0.547738  1.265253
10 11  0.517070  1.164757
10 12  0.522759  1.208426
10 13  0.244280  0.896204
10 14  0.517080  1.076646
10 15  0.528992  0.972568
10 16  0.524572  0.931242
10 17  0.528071  0.938832
10 18  0.530394  0.984573
10 19  0.549478  1.268845
10 20  0.549603  1.112570
10 21  0.521050  1.071988
10 22  0.522215  1.229688
11 12  0.256600  1.196866
11 13  0.526476  1.166605
11 14  0.525603  1.172692
11 15  0.536407  1.084822
11 16  0.534524  1.036892
11 17  0.535362  1.044217
11 18  0.536841  1.090013
11 19  0.526711  1.324197
11 20  0.556058  1.216632
11 21  0.553609  1.208501
11 22  0.525982  1.318418
12 13  0.527897  1.207639
12 14  0.527000  1.213090
12 15  0.540978  1.108486
12 16  0.538809  1.079166
12 17  0.539680  1.086475
12 18  0.541507  1.113480
12 19  0.536304  1.356014
12 20  0.558882  1.201539
12 21  0.556557  1.194457
12 22  0.535920  1.350444
13 14  0.526067  1.055949
13 15  0.533155  0.971967
13 16  0.529455  0.905757
13 17  0.536113  0.931075
13 18  0.538299  0.979327
13 19  0.556025  1.215676
13 20  0.557936  1.112249
13 21  0.534519  1.078621
13 22  0.534701  1.221175
14 15  0.536857  0.980534
14 16  0.534337  0.930482
14 17  0.529540  0.917799
14 18  0.532821  0.983186
14 19  0.534893  1.232510
14 20  0.535976  1.091744
14 21  0.554505  1.110361
14 22  0.554161  1.215301
15 16  0.499484  0.806499
15 17  0.546345  0.846934
15 18  0.548532  0.891125
15 19  0.569503  1.179608
15 20  0.568209  1.012352
15 21  0.535425  0.977981
15 22  0.564953  1.134021
16 17  0.543806  0.797659
16 18  0.546011  0.844770
16 19  0.566979  1.127338
16 20  0.565677  0.971496
16 21  0.534528  0.952754
16 22  0.563058  1.103770
17 18  0.500786  0.819015
17 19  0.564662  1.115066
17 20  0.537733  0.968189
17 21  0.564038  0.970615
17 22  0.567053  1.128603
18 19  0.566169  1.143215
18 20  0.538166  0.991150
18 21  0.566232  1.009342
18 22  0.569232  1.179325
19 20  0.580558  1.296656
19 21  0.586041  1.265948
19 22  0.576356  1.447051
20 21  0.585871  1.134386
20 22  0.587786  1.267768
21 22  0.577269  1.282934
