   -841.24353051
   -841.50285906     -841.36735697
0.00010286444509
2 2 2 2 2 2 2 2 2 2 2 0 0 0 0 0 0 0 0 0 0 0 
1  0.294809  0.583849
2  0.298336  0.749528
3  0.299089  0.755756
4  0.273258  0.435159
5  0.275192  0.428281
6  0.292166  0.568633
7  0.273996  0.421914
8  0.273336  0.429983
9  0.258075  0.542886
10  0.259129  0.540445
11  0.266544  0.644945
12  0.270680  0.688014
13  0.266937  0.541752
14  0.265976  0.547969
15  0.276117  0.446751
16  0.273607  0.397916
17  0.274386  0.405453
18  0.276556  0.452637
19  0.299466  0.742269
20  0.296926  0.581274
21  0.294636  0.571541
22  0.298443  0.737112
1 2  0.592065  1.290472
1 3  0.583168  1.321063
1 4  0.538267  0.994079
1 5  0.540391  0.992428
1 6  0.586876  1.138479
1 7  0.568743  1.002799
1 8  0.568081  1.004577
1 9  0.533841  1.096445
1 10  0.553885  1.121061
1 11  0.558765  1.174088
1 12  0.563541  1.266306
1 13  0.561373  1.122609
1 14  0.534862  1.091191
1 15  0.570858  1.029199
1 16  0.568366  0.981032
1 17  0.529628  0.938577
1 18  0.533265  0.996743
1 19  0.575803  1.287914
1 20  0.362428  1.053567
1 21  0.588945  1.152457
1 22  0.593080  1.316038
2 3  0.582298  1.471185
2 4  0.571519  1.181764
2 5  0.573380  1.161365
2 6  0.579903  1.301465
2 7  0.570069  1.145456
2 8  0.567896  1.135836
2 9  0.553191  1.227065
2 10  0.534769  1.239199
2 11  0.538672  1.339670
2 12  0.536782  1.378661
2 13  0.535675  1.251545
2 14  0.561950  1.290869
2 15  0.572776  1.194181
2 16  0.571407  1.146163
2 17  0.572252  1.152548
2 18  0.574606  1.198611
2 19  0.574076  1.422944
2 20  0.595088  1.325803
2 21  0.574933  1.284756
2 22  0.361414  1.416027
3 4  0.568559  1.145531
3 5  0.572028  1.157237
3 6  0.590249  1.282731
3 7  0.572940  1.161634
3 8  0.572345  1.182885
3 9  0.534633  1.247872
3 10  0.555023  1.231106
3 11  0.539058  1.343754
3 12  0.537204  1.383916
3 13  0.563584  1.291049
3 14  0.535476  1.262643
3 15  0.574932  1.199032
3 16  0.572251  1.151352
3 17  0.572960  1.159791
3 18  0.573878  1.206096
3 19  0.362045  1.428341
3 20  0.578151  1.299659
3 21  0.593553  1.322453
3 22  0.574090  1.424684
4 5  0.502612  0.829262
4 6  0.565359  0.994548
4 7  0.547235  0.855372
4 8  0.546564  0.864690
4 9  0.527380  0.964487
4 10  0.532355  0.965986
4 11  0.539369  1.067952
4 12  0.542804  1.120951
4 13  0.540157  0.975842
4 14  0.538021  0.977489
4 15  0.549369  0.881425
4 16  0.546815  0.832728
4 17  0.498234  0.801045
4 18  0.273009  0.683020
4 19  0.571644  1.175384
4 20  0.529768  0.965768
4 21  0.567860  1.005524
4 22  0.571236  1.169061
5 6  0.567290  0.993926
5 7  0.549165  0.845881
5 8  0.548506  0.856540
5 9  0.527562  0.936447
5 10  0.534276  0.957130
5 11  0.541598  1.071655
5 12  0.545605  1.113622
5 13  0.541887  0.968822
5 14  0.536898  0.974861
5 15  0.551263  0.874583
5 16  0.548572  0.825799
5 17  0.272734  0.620351
5 18  0.498121  0.826956
5 19  0.573912  1.168489
5 20  0.534291  0.967506
5 21  0.569797  0.998956
5 22  0.573179  1.162861
6 7  0.536684  0.970711
6 8  0.535832  0.974385
6 9  0.550191  1.108453
6 10  0.532251  1.079501
6 11  0.556247  1.161666
6 12  0.560888  1.251599
6 13  0.533307  1.070938
6 14  0.557771  1.113785
6 15  0.530445  0.975737
6 16  0.526361  0.916837
6 17  0.566511  0.973346
6 18  0.568659  1.019904
6 19  0.591462  1.306236
6 20  0.588577  1.147077
6 21  0.360395  1.026990
6 22  0.572418  1.269588
7 8  0.501366  0.817454
7 9  0.532027  0.953468
7 10  0.527283  0.928264
7 11  0.540407  1.065375
7 12  0.544416  1.107344
7 13  0.536704  0.962328
7 14  0.539734  0.968694
7 15  0.496631  0.815312
7 16  0.272317  0.605811
7 17  0.548173  0.826963
7 18  0.550500  0.874107
7 19  0.573023  1.161717
7 20  0.570897  1.002333
7 21  0.530885  0.951814
7 22  0.571683  1.157148
8 9  0.531377  0.963385
8 10  0.528349  0.956808
8 11  0.539458  1.063569
8 12  0.542901  1.115865
8 13  0.539066  0.966364
8 14  0.539272  0.976889
8 15  0.272338  0.669809
8 16  0.497307  0.787947
8 17  0.547666  0.835070
8 18  0.549888  0.882128
8 19  0.572320  1.169092
8 20  0.570224  1.010084
8 21  0.527887  0.951529
8 22  0.570647  1.165256
9 10  0.516791  1.060564
9 11  0.522218  1.172902
9 12  0.528090  1.218086
9 13  0.523148  1.082055
9 14  0.248910  0.916799
9 15  0.534186  0.988436
9 16  0.531545  0.939863
9 17  0.529596  0.947150
9 18  0.533691  0.987581
9 19  0.529171  1.244761
9 20  0.528203  1.089446
9 21  0.552210  1.111653
9 22  0.554459  1.273550
10 11  0.523286  1.170596
10 12  0.529142  1.215554
10 13  0.249416  0.904791
10 14  0.523254  1.085784
10 15  0.534293  0.979372
10 16  0.529827  0.937250
10 17  0.533376  0.944887
10 18  0.535679  0.991847
10 19  0.556553  1.276333
10 20  0.555554  1.118883
10 21  0.527119  1.077502
10 22  0.528977  1.238065
11 12  0.262667  1.201650
11 13  0.532747  1.174316
11 14  0.531792  1.180325
11 15  0.541506  1.089857
11 16  0.539755  1.041127
11 17  0.540521  1.048558
11 18  0.541908  1.095670
11 19  0.533779  1.331757
11 20  0.561839  1.221416
11 21  0.559585  1.211887
11 22  0.532806  1.326204
12 13  0.534067  1.215689
12 14  0.533085  1.221004
12 15  0.546133  1.113030
12 16  0.544003  1.084026
12 17  0.544785  1.091486
12 18  0.546590  1.118537
12 19  0.543043  1.362227
12 20  0.564493  1.205487
12 21  0.562286  1.197415
12 22  0.542405  1.356882
13 14  0.532287  1.065416
13 15  0.538227  0.979459
13 16  0.534480  0.912504
13 17  0.541290  0.937992
13 18  0.543472  0.987549
13 19  0.562815  1.223562
13 20  0.563784  1.119964
13 21  0.540221  1.085143
13 22  0.541331  1.229058
14 15  0.542072  0.987911
14 16  0.539552  0.937091
14 17  0.534436  0.924781
14 18  0.537786  0.991418
14 19  0.541630  1.240291
14 20  0.541466  1.099302
14 21  0.560532  1.116522
14 22  0.560749  1.223181
15 16  0.503613  0.811359
15 17  0.550458  0.851835
15 18  0.552643  0.896997
15 19  0.575448  1.185774
15 20  0.573007  1.016357
15 21  0.540367  0.981247
15 22  0.570403  1.138841
16 17  0.547884  0.801836
16 18  0.550119  0.850203
16 19  0.572949  1.132619
16 20  0.570475  0.975660
16 21  0.539474  0.955640
16 22  0.568539  1.108431
17 18  0.504944  0.824753
17 19  0.570342  1.119599
17 20  0.542510  0.972798
17 21  0.568963  0.973442
17 22  0.572700  1.134366
18 19  0.571915  1.148358
18 20  0.542773  0.996338
18 21  0.571159  1.012559
18 22  0.574852  1.186439
19 20  0.586787  1.301935
19 21  0.592675  1.269128
19 22  0.583628  1.454347
20 21  0.591481  1.136956
20 22  0.593915  1.272444
21 22  0.583477  1.287285
