   -841.24353051
   -841.50341783     -841.36865642
0.00006995456781
2 2 2 2 2 2 2 2 2 2 2 0 0 0 0 0 0 0 0 0 0 0 
1  0.296272  0.584736
2  0.300142  0.750655
3  0.301010  0.756493
4  0.274034  0.437673
5  0.276270  0.430249
6  0.293668  0.570012
7  0.274971  0.423848
8  0.274099  0.432621
9  0.259437  0.544642
10  0.260526  0.542616
11  0.268144  0.645842
12  0.272277  0.688863
13  0.268551  0.543640
14  0.267500  0.549804
15  0.276875  0.449514
16  0.274629  0.400215
17  0.275567  0.407120
18  0.277211  0.455173
19  0.301289  0.743099
20  0.298356  0.582004
21  0.296028  0.573053
22  0.300307  0.738230
1 2  0.595288  1.291881
1 3  0.586429  1.322579
1 4  0.540471  0.997186
1 5  0.542943  0.995335
1 6  0.589838  1.140341
1 7  0.571159  1.005436
1 8  0.570303  1.007548
1 9  0.536559  1.099140
1 10  0.556743  1.124130
1 11  0.561750  1.175408
1 12  0.566569  1.268134
1 13  0.564441  1.125408
1 14  0.537781  1.094403
1 15  0.573079  1.032851
1 16  0.570858  0.984224
1 17  0.532195  0.941678
1 18  0.535393  1.000530
1 19  0.578944  1.289855
1 20  0.364951  1.055411
1 21  0.591784  1.154937
1 22  0.596391  1.318207
2 3  0.585851  1.473111
2 4  0.574099  1.185460
2 5  0.576268  1.164305
2 6  0.583075  1.303756
2 7  0.572772  1.147942
2 8  0.570373  1.138795
2 9  0.556240  1.229490
2 10  0.537824  1.242104
2 11  0.541955  1.341625
2 12  0.540140  1.381536
2 13  0.539022  1.255188
2 14  0.565197  1.293922
2 15  0.575323  1.198111
2 16  0.574203  1.149635
2 17  0.575193  1.155327
2 18  0.577069  1.202153
2 19  0.577532  1.425111
2 20  0.598307  1.327827
2 21  0.578038  1.287547
2 22  0.365007  1.418309
3 4  0.571191  1.147986
3 5  0.574949  1.159387
3 6  0.593608  1.284190
3 7  0.575839  1.164211
3 8  0.575029  1.186310
3 9  0.537750  1.250091
3 10  0.558218  1.233539
3 11  0.542428  1.345303
3 12  0.540658  1.386410
3 13  0.567034  1.293766
3 14  0.538864  1.265831
3 15  0.577607  1.202404
3 16  0.575136  1.154333
3 17  0.576027  1.162245
3 18  0.576469  1.209410
3 19  0.365650  1.429909
3 20  0.581339  1.301446
3 21  0.596850  1.324859
3 22  0.577687  1.426629
4 5  0.504435  0.833643
4 6  0.567634  0.997886
4 7  0.548964  0.859804
4 8  0.548098  0.869805
4 9  0.529446  0.968541
4 10  0.534517  0.970352
4 11  0.541727  1.070983
4 12  0.545081  1.124329
4 13  0.542546  0.980232
4 14  0.540281  0.981867
4 15  0.550906  0.886677
4 16  0.548624  0.837474
4 17  0.500218  0.805885
4 18  0.274255  0.687998
4 19  0.574231  1.178781
4 20  0.531974  0.969651
4 21  0.570020  1.009551
4 22  0.573854  1.172497
5 6  0.569853  0.997082
5 7  0.551158  0.849653
5 8  0.550326  0.861126
5 9  0.529919  0.939942
5 10  0.536740  0.960748
5 11  0.544273  1.074569
5 12  0.548279  1.116364
5 13  0.544546  0.972686
5 14  0.539431  0.978673
5 15  0.553092  0.879276
5 16  0.550757  0.829952
5 17  0.274545  0.623954
5 18  0.499920  0.832344
5 19  0.576780  1.171357
5 20  0.536813  0.970685
5 21  0.572268  1.002449
5 22  0.576055  1.165918
6 7  0.539209  0.974115
6 8  0.538037  0.978143
6 9  0.553051  1.111596
6 10  0.535033  1.083077
6 11  0.559263  1.163435
6 12  0.563976  1.253903
6 13  0.536393  1.074502
6 14  0.560787  1.116999
6 15  0.532672  0.980321
6 16  0.528843  0.921117
6 17  0.569189  0.976402
6 18  0.570811  1.023817
6 19  0.594768  1.308583
6 20  0.591500  1.149248
6 21  0.362919  1.030245
6 22  0.575578  1.272156
7 8  0.503060  0.822009
7 9  0.534352  0.956690
7 10  0.529590  0.932184
7 11  0.542977  1.068244
7 12  0.546993  1.110073
7 13  0.539241  0.966172
7 14  0.542202  0.972474
7 15  0.498369  0.820904
7 16  0.274038  0.609986
7 17  0.550396  0.830467
7 18  0.552128  0.878535
7 19  0.575763  1.164452
7 20  0.573295  1.005012
7 21  0.533295  0.955677
7 22  0.574506  1.160242
8 9  0.533491  0.967460
8 10  0.530482  0.961409
8 11  0.541805  1.066698
8 12  0.545145  1.119370
8 13  0.541415  0.970932
8 14  0.541563  0.981355
8 15  0.273716  0.675258
8 16  0.499135  0.793533
8 17  0.549627  0.839321
8 18  0.551308  0.887275
8 19  0.574891  1.172385
8 20  0.572414  1.013452
8 21  0.530034  0.956145
8 22  0.573283  1.169048
9 10  0.519514  1.063854
9 11  0.525119  1.175538
9 12  0.531019  1.220771
9 13  0.526090  1.085789
9 14  0.251580  0.919870
9 15  0.536304  0.992945
9 16  0.533914  0.943923
9 17  0.532075  0.950610
9 18  0.535689  0.991906
9 19  0.532290  1.247954
9 20  0.530961  1.092319
9 21  0.554944  1.114925
9 22  0.557653  1.276539
10 11  0.526206  1.173616
10 12  0.532100  1.218671
10 13  0.252105  0.908522
10 14  0.526149  1.089877
10 15  0.536432  0.984365
10 16  0.532192  0.941722
10 17  0.535944  0.948744
10 18  0.537730  0.996540
10 19  0.559745  1.279442
10 20  0.558362  1.121783
10 21  0.529865  1.081614
10 22  0.532163  1.241850
11 12  0.265802  1.203131
11 13  0.535923  1.177212
11 14  0.534877  1.183167
11 15  0.543766  1.093523
11 16  0.542379  1.044250
11 17  0.543302  1.051046
11 18  0.544087  1.099121
11 19  0.537159  1.334439
11 20  0.564847  1.223186
11 21  0.562555  1.214414
11 22  0.536210  1.329163
12 13  0.537135  1.218354
12 14  0.536063  1.223607
12 15  0.548453  1.116114
12 16  0.546630  1.087127
12 17  0.547571  1.093971
12 18  0.548787  1.121432
12 19  0.546375  1.363853
12 20  0.567442  1.206668
12 21  0.565209  1.199312
12 22  0.545762  1.358675
13 14  0.535382  1.068678
13 15  0.540489  0.983868
13 16  0.537063  0.916415
13 17  0.544087  0.941290
13 18  0.545734  0.991870
13 19  0.566147  1.226243
13 20  0.566815  1.122589
13 21  0.543123  1.088542
13 22  0.544551  1.231670
14 15  0.544346  0.992352
14 16  0.542099  0.940914
14 17  0.537081  0.928203
14 18  0.539899  0.995605
14 19  0.544709  1.242573
14 20  0.544314  1.101928
14 21  0.563437  1.119873
14 22  0.564038  1.226008
15 16  0.505386  0.816368
15 17  0.552393  0.856261
15 18  0.554060  0.902066
15 19  0.578028  1.189328
15 20  0.575188  1.019217
15 21  0.542448  0.985165
15 22  0.573005  1.141854
16 17  0.549997  0.805866
16 18  0.551793  0.855033
16 19  0.575792  1.135661
16 20  0.572912  0.978545
16 21  0.541920  0.959467
16 22  0.571313  1.111131
17 18  0.506764  0.828881
17 19  0.573229  1.121423
17 20  0.545137  0.975264
17 21  0.571521  0.976492
17 22  0.575743  1.137139
18 19  0.574361  1.151002
18 20  0.544823  0.999323
18 21  0.573199  1.015973
18 22  0.577380  1.190062
19 20  0.589891  1.303316
19 21  0.595789  1.270643
19 22  0.587219  1.456543
20 21  0.594302  1.138757
20 22  0.597088  1.273543
21 22  0.586578  1.289723
