   -841.24353051
   -841.50423382     -841.37072097
0.00000883220875
2 2 2 2 2 2 2 2 2 2 2 0 0 0 0 0 0 0 0 0 0 0 
1  0.298656  0.588076
2  0.303406  0.751428
3  0.304262  0.756852
4  0.275334  0.441997
5  0.278076  0.434001
6  0.296030  0.573757
7  0.276796  0.427978
8  0.275352  0.437160
9  0.261941  0.547940
10  0.262941  0.546321
11  0.270630  0.646397
12  0.274863  0.689131
13  0.271019  0.547531
14  0.270049  0.553290
15  0.278134  0.454189
16  0.276593  0.403885
17  0.277574  0.410939
18  0.278491  0.459714
19  0.304412  0.744158
20  0.300709  0.584979
21  0.298349  0.576122
22  0.303395  0.739219
1 2  0.600775  1.294974
1 3  0.591827  1.326001
1 4  0.544247  1.004475
1 5  0.547262  1.002440
1 6  0.594574  1.146865
1 7  0.575320  1.012599
1 8  0.573909  1.014307
1 9  0.541279  1.105582
1 10  0.561529  1.131233
1 11  0.566429  1.178676
1 12  0.571508  1.271953
1 13  0.569269  1.132520
1 14  0.542605  1.101930
1 15  0.576709  1.040876
1 16  0.575198  0.991264
1 17  0.536678  0.949694
1 18  0.539112  1.009111
1 19  0.584239  1.294201
1 20  0.369288  1.062309
1 21  0.596404  1.161472
1 22  0.601822  1.322738
2 3  0.591995  1.474558
2 4  0.578659  1.190628
2 5  0.581336  1.168581
2 6  0.588472  1.307921
2 7  0.577758  1.152234
2 8  0.574845  1.142960
2 9  0.561810  1.233231
2 10  0.543252  1.246197
2 11  0.547464  1.343054
2 12  0.545858  1.384172
2 13  0.544614  1.260495
2 14  0.570944  1.298352
2 15  0.579831  1.203610
2 16  0.579379  1.154123
2 17  0.580387  1.159975
2 18  0.581576  1.207314
2 19  0.583632  1.427489
2 20  0.603894  1.331819
2 21  0.583383  1.291416
2 22  0.370797  1.419723
3 4  0.575681  1.151701
3 5  0.579902  1.163071
3 6  0.599081  1.287357
3 7  0.580913  1.168463
3 8  0.579532  1.191272
3 9  0.543292  1.253588
3 10  0.563673  1.237189
3 11  0.547919  1.346382
3 12  0.546373  1.388692
3 13  0.572698  1.298180
3 14  0.544489  1.270306
3 15  0.582081  1.207282
3 16  0.580273  1.158424
3 17  0.581232  1.166469
3 18  0.580988  1.214371
3 19  0.371472  1.430918
3 20  0.586701  1.304804
3 21  0.602392  1.328506
3 22  0.583746  1.428584
4 5  0.507405  0.841774
4 6  0.571269  1.004850
4 7  0.552071  0.868164
4 8  0.550645  0.878602
4 9  0.533167  0.975847
4 10  0.538210  0.977710
4 11  0.545481  1.075372
4 12  0.548847  1.128952
4 13  0.546305  0.988424
4 14  0.544109  0.989716
4 15  0.553464  0.895629
4 16  0.551881  0.845333
4 17  0.503463  0.814985
4 18  0.276372  0.697307
4 19  0.578639  1.184221
4 20  0.535727  0.977862
4 21  0.573629  1.016956
4 22  0.578193  1.177642
5 6  0.573974  1.004296
5 7  0.554679  0.857494
5 8  0.553369  0.869313
5 9  0.534155  0.946675
5 10  0.540954  0.967527
5 11  0.548547  1.078901
5 12  0.552659  1.120235
5 13  0.548793  0.980357
5 14  0.543712  0.985955
5 15  0.556146  0.887540
5 16  0.554481  0.837035
5 17  0.278063  0.631544
5 18  0.502942  0.841969
5 19  0.581653  1.176205
5 20  0.541047  0.978216
5 21  0.576382  1.009285
5 22  0.580883  1.170745
6 7  0.543525  0.982073
6 8  0.541731  0.986069
6 9  0.557905  1.118700
6 10  0.539663  1.090391
6 11  0.563945  1.167080
6 12  0.568881  1.258085
6 13  0.541059  1.082656
6 14  0.565679  1.124111
6 15  0.536331  0.989469
6 16  0.533255  0.929357
6 17  0.573552  0.983993
6 18  0.574443  1.032112
6 19  0.600216  1.313582
6 20  0.596142  1.156092
6 21  0.367222  1.037775
6 22  0.580813  1.276816
7 8  0.506012  0.830710
7 9  0.538675  0.963416
7 10  0.533786  0.939715
7 11  0.547272  1.072960
7 12  0.551389  1.114306
7 13  0.543448  0.974235
7 14  0.546550  0.980111
7 15  0.501408  0.830958
7 16  0.277477  0.617926
7 17  0.554182  0.838070
7 18  0.555221  0.887049
7 19  0.580653  1.169706
7 20  0.577460  1.012125
7 21  0.537492  0.963652
7 22  0.579368  1.165370
8 9  0.537227  0.974621
8 10  0.534096  0.969364
8 11  0.545517  1.071315
8 12  0.548878  1.124185
8 13  0.545108  0.979372
8 14  0.545356  0.989357
8 15  0.275793  0.684979
8 16  0.502301  0.802693
8 17  0.552878  0.847541
8 18  0.553838  0.896320
8 19  0.579218  1.177820
8 20  0.576002  1.020983
8 21  0.533670  0.964628
8 22  0.577623  1.174619
9 10  0.524358  1.070273
9 11  0.529949  1.179276
9 12  0.536044  1.224555
9 13  0.530890  1.093070
9 14  0.255751  0.926167
9 15  0.540068  1.000879
9 16  0.538356  0.950909
9 17  0.536507  0.957757
9 18  0.539450  0.999835
9 19  0.537751  1.253019
9 20  0.535664  1.099160
9 21  0.559739  1.121195
9 22  0.563187  1.281016
10 11  0.530949  1.177731
10 12  0.537034  1.222813
10 13  0.256196  0.915692
10 14  0.530923  1.097148
10 15  0.540086  0.992840
10 16  0.536494  0.949131
10 17  0.540338  0.956284
10 18  0.541425  1.004745
10 19  0.565219  1.284364
10 20  0.563098  1.128349
10 21  0.534510  1.089038
10 22  0.537483  1.247119
11 12  0.270624  1.203140
11 13  0.540821  1.181835
11 14  0.539855  1.187368
11 15  0.547398  1.098828
11 16  0.546796  1.048354
11 17  0.547759  1.055290
11 18  0.547728  1.104282
11 19  0.542711  1.337519
11 20  0.569654  1.226894
11 21  0.567331  1.218209
11 22  0.541731  1.332199
12 13  0.542008  1.222401
12 14  0.541003  1.227246
12 15  0.552262  1.120200
12 16  0.551150  1.091044
12 17  0.552136  1.098021
12 18  0.552617  1.125402
12 19  0.551882  1.365418
12 20  0.572194  1.209416
12 21  0.569928  1.202067
12 22  0.551235  1.360249
13 14  0.540316  1.075272
13 15  0.544163  0.992172
13 16  0.541440  0.923705
13 17  0.548558  0.948519
13 18  0.549466  0.999845
13 19  0.571553  1.230869
13 20  0.571623  1.129457
13 21  0.547731  1.095245
13 22  0.549832  1.236128
14 15  0.548141  1.000076
14 16  0.546611  0.947632
14 17  0.541582  0.935311
14 18  0.543681  1.003437
14 19  0.550080  1.246586
14 20  0.549064  1.108242
14 21  0.568296  1.126436
14 22  0.569474  1.230242
15 16  0.508524  0.824750
15 17  0.555641  0.864733
15 18  0.556586  0.910882
15 19  0.582405  1.194973
15 20  0.578782  1.025605
15 21  0.546075  0.992422
15 22  0.577287  1.146444
16 17  0.553809  0.813585
16 18  0.555019  0.863220
16 19  0.580868  1.140291
16 20  0.577187  0.985118
16 21  0.546347  0.966229
16 22  0.576211  1.115163
17 18  0.509937  0.837261
17 19  0.578191  1.125574
17 20  0.549646  0.982105
17 21  0.575805  0.983267
17 22  0.580825  1.141856
18 19  0.578701  1.155478
18 20  0.548524  1.006381
18 21  0.576779  1.022309
18 22  0.581741  1.195504
19 20  0.595137  1.307139
19 21  0.601066  1.273614
19 22  0.593158  1.458871
20 21  0.598972  1.144347
20 22  0.602360  1.276425
21 22  0.591778  1.293597
