   -993.89585764
   -994.20851849     -994.08078498
0.00001397386110
2 2 2 2 2 2 2 2 2 2 2 2 2 0 0 0 0 0 0 0 0 0 0 0 0 0 
1  0.265487  0.540416
2  0.266390  0.459521
3  0.270982  0.490333
4  0.279578  0.376902
5  0.276189  0.363045
6  0.301887  0.640299
7  0.316028  0.655856
8  0.302190  0.704119
9  0.278804  0.389626
10  0.301284  0.479689
11  0.285090  0.433916
12  0.315431  0.532968
13  0.307576  0.725988
14  0.281889  0.621148
15  0.280777  0.536979
16  0.272452  0.480805
17  0.279468  0.358498
18  0.281603  0.377438
19  0.306639  0.725044
20  0.307685  0.506405
21  0.305022  0.610500
22  0.306327  0.687851
23  0.285473  0.385129
24  0.304142  0.630813
25  0.305293  0.486522
26  0.281674  0.408493
1 2  0.531232  0.988406
1 3  0.534425  1.024938
1 4  0.544876  0.916842
1 5  0.541072  0.897307
1 6  0.556276  1.115443
1 7  0.557575  1.154205
1 8  0.561745  1.192084
1 9  0.544235  0.928860
1 10  0.564436  0.994646
1 11  0.550429  0.965729
1 12  0.580228  1.045090
1 13  0.564542  1.256547
1 14  0.272004  0.996272
1 15  0.546049  1.073088
1 16  0.537189  1.012989
1 17  0.544380  0.897603
1 18  0.545238  0.917234
1 19  0.545954  1.235935
1 20  0.572897  1.045219
1 21  0.547802  1.128203
1 22  0.569780  1.212140
1 23  0.550819  0.925091
1 24  0.568705  1.167929
1 25  0.568154  1.025881
1 26  0.546752  0.948315
2 3  0.537249  0.941142
2 4  0.545947  0.832481
2 5  0.542565  0.819074
2 6  0.554750  1.040908
2 7  0.581553  1.085369
2 8  0.562782  1.159491
2 9  0.540343  0.834189
2 10  0.567650  0.938419
2 11  0.548547  0.889325
2 12  0.562079  0.964113
2 13  0.568474  1.153122
2 14  0.548055  1.076868
2 15  0.262076  0.791723
2 16  0.538252  0.939458
2 17  0.545811  0.817790
2 18  0.547991  0.836694
2 19  0.569319  1.169576
2 20  0.556216  0.949085
2 21  0.571097  1.068035
2 22  0.547529  1.133552
2 23  0.546578  0.842827
2 24  0.569715  1.086608
2 25  0.571480  0.945362
2 26  0.546381  0.862743
3 4  0.544216  0.842744
3 5  0.542404  0.842770
3 6  0.572586  1.124941
3 7  0.558952  1.098895
3 8  0.572945  1.178871
3 9  0.549773  0.873783
3 10  0.552076  0.944543
3 11  0.556058  0.919056
3 12  0.586393  1.021970
3 13  0.576424  1.161594
3 14  0.552254  1.102321
3 15  0.550627  1.025867
3 16  0.268652  0.772834
3 17  0.547579  0.848051
3 18  0.551512  0.863372
3 19  0.576672  1.212223
3 20  0.578246  0.995755
3 21  0.546790  1.064687
3 22  0.575762  1.175475
3 23  0.556370  0.875053
3 24  0.573546  1.117339
3 25  0.546744  0.945339
3 26  0.552652  0.898316
4 5  0.509838  0.705087
4 6  0.581416  1.013649
4 7  0.592936  1.017316
4 8  0.581724  1.078649
4 9  0.558381  0.764819
4 10  0.551417  0.831653
4 11  0.564666  0.809909
4 12  0.594998  0.909315
4 13  0.587006  1.087920
4 14  0.561132  0.996056
4 15  0.560120  0.913421
4 16  0.547616  0.856488
4 17  0.280103  0.499269
4 18  0.507642  0.703642
4 19  0.585870  1.101054
4 20  0.587227  0.883088
4 21  0.583780  0.985426
4 22  0.585566  1.063926
4 23  0.565025  0.761947
4 24  0.583461  1.007205
4 25  0.548757  0.827865
4 26  0.561238  0.785290
5 6  0.578005  0.995304
5 7  0.587401  0.994430
5 8  0.578328  1.065085
5 9  0.554991  0.752433
5 10  0.549373  0.823792
5 11  0.561275  0.796746
5 12  0.591612  0.893232
5 13  0.583674  1.086005
5 14  0.556575  0.983109
5 15  0.556911  0.899693
5 16  0.547207  0.840793
5 17  0.506727  0.681000
5 18  0.281004  0.507146
5 19  0.582510  1.087120
5 20  0.583872  0.869230
5 21  0.579924  0.973210
5 22  0.582410  1.050364
5 23  0.561642  0.748115
5 24  0.580322  0.993350
5 25  0.541912  0.807673
5 26  0.557834  0.771449
6 7  0.613731  1.234654
6 8  0.571484  1.310462
6 9  0.580556  1.026906
6 10  0.603099  1.114131
6 11  0.586737  1.071355
6 12  0.614347  1.132218
6 13  0.578792  1.339778
6 14  0.578074  1.254953
6 15  0.574041  1.171169
6 16  0.573672  1.118201
6 17  0.581351  0.998442
6 18  0.583363  1.017113
6 19  0.543815  1.261458
6 20  0.609001  1.145358
6 21  0.606495  1.246940
6 22  0.493771  1.230016
6 23  0.586915  1.024448
6 24  0.566370  1.263419
6 25  0.606689  1.125192
6 26  0.583014  1.046413
7 8  0.616547  1.350697
7 9  0.594805  1.041155
7 10  0.604500  1.128239
7 11  0.601092  1.088402
7 12  0.631270  1.173450
7 13  0.611848  1.324661
7 14  0.565989  1.220942
7 15  0.595273  1.189552
7 16  0.553835  1.098772
7 17  0.594721  1.013529
7 18  0.595354  1.032313
7 19  0.612716  1.344718
7 20  0.623572  1.160486
7 21  0.392842  1.164617
7 22  0.618774  1.338045
7 23  0.601262  1.040260
7 24  0.617917  1.283276
7 25  0.601378  1.112812
7 26  0.597539  1.063321
8 9  0.578741  1.074279
8 10  0.603267  1.158960
8 11  0.584435  1.094750
8 12  0.608420  1.182982
8 13  0.578441  1.352028
8 14  0.578075  1.319376
8 15  0.574270  1.206046
8 16  0.574584  1.181923
8 17  0.581525  1.062041
8 18  0.583482  1.080765
8 19  0.575902  1.422566
8 20  0.595411  1.192934
8 21  0.605164  1.303973
8 22  0.556272  1.328911
8 23  0.587332  1.087731
8 24  0.489408  1.239154
8 25  0.607162  1.188162
8 26  0.582783  1.111698
9 10  0.580080  0.866352
9 11  0.516633  0.782264
9 12  0.562046  0.910195
9 13  0.585923  1.093008
9 14  0.560368  1.010080
9 15  0.556505  0.925099
9 16  0.551200  0.870020
9 17  0.558244  0.748059
9 18  0.560378  0.766983
9 19  0.585258  1.113919
9 20  0.540907  0.846617
9 21  0.583519  0.999356
9 22  0.584777  1.076531
9 23  0.297960  0.556955
9 24  0.582183  1.016580
9 25  0.584093  0.875874
9 26  0.513472  0.763873
10 11  0.586366  0.907873
10 12  0.616697  1.006974
10 13  0.607862  1.184096
10 14  0.581103  1.099386
10 15  0.581816  1.015721
10 16  0.548701  0.934186
10 17  0.540829  0.796486
10 18  0.546385  0.821763
10 19  0.607828  1.202315
10 20  0.608721  0.985422
10 21  0.584147  1.058966
10 22  0.607397  1.165991
10 23  0.586755  0.864605
10 24  0.604667  1.108322
10 25  0.379685  0.820255
10 26  0.582936  0.887824
11 12  0.563913  0.928744
11 13  0.592248  1.140955
11 14  0.566027  1.054052
11 15  0.565017  0.964699
11 16  0.557536  0.914141
11 17  0.564526  0.792318
11 18  0.566629  0.811217
11 19  0.590718  1.157334
11 20  0.553582  0.901335
11 21  0.589689  1.043254
11 22  0.590991  1.119838
11 23  0.512883  0.768241
11 24  0.587689  1.061575
11 25  0.590330  0.919938
11 26  0.301725  0.636147
12 13  0.621957  1.254795
12 14  0.596026  1.151786
12 15  0.568419  1.034764
12 16  0.587751  1.012707
12 17  0.594894  0.891283
12 18  0.596958  0.910105
12 19  0.618446  1.253218
12 20  0.406379  0.914195
12 21  0.620332  1.141719
12 22  0.615408  1.200851
12 23  0.560010  0.879429
12 24  0.616192  1.162215
12 25  0.620492  1.018608
12 26  0.550529  0.892390
13 14  0.577150  1.306715
13 15  0.581887  1.258596
13 16  0.578095  1.203665
13 17  0.586338  1.083662
13 18  0.588841  1.102290
13 19  0.529069  1.417505
13 20  0.612745  1.223989
13 21  0.595816  1.302741
13 22  0.579606  1.407263
13 23  0.592748  1.110150
13 24  0.544583  1.258118
13 25  0.612729  1.210732
13 26  0.589204  1.133348
14 15  0.561960  1.153158
14 16  0.550840  1.088626
14 17  0.561061  0.979158
14 18  0.562749  0.988403
14 19  0.566008  1.244241
14 20  0.588865  1.102081
14 21  0.562273  1.188277
14 22  0.584562  1.298847
14 23  0.567304  1.005219
14 24  0.580733  1.200887
14 25  0.583993  1.068874
14 26  0.563404  1.019480
15 16  0.553035  1.002699
15 17  0.560229  0.890747
15 18  0.562363  0.911789
15 19  0.584457  1.244210
15 20  0.568801  1.016173
15 21  0.585004  1.118949
15 22  0.564606  1.121188
15 23  0.560027  0.897429
15 24  0.580824  1.138515
15 25  0.586039  1.021770
15 26  0.556749  0.932659
16 17  0.545429  0.819678
16 18  0.548976  0.852240
16 19  0.576879  1.170478
16 20  0.580105  0.985606
16 21  0.551862  1.060103
16 22  0.577684  1.135637
16 23  0.557915  0.861413
16 24  0.575511  1.104782
16 25  0.555186  0.940899
16 26  0.554121  0.885415
17 18  0.514595  0.702566
17 19  0.585993  1.079724
17 20  0.587146  0.863648
17 21  0.579915  0.954099
17 22  0.585680  1.038312
17 23  0.564940  0.742601
17 24  0.583472  0.984815
17 25  0.557413  0.826365
17 26  0.561140  0.766588
18 19  0.588195  1.100288
18 20  0.589280  0.879876
18 21  0.581497  0.962037
18 22  0.587835  1.062814
18 23  0.567075  0.762417
18 24  0.585627  0.998273
18 25  0.556507  0.834706
18 26  0.563275  0.785479
19 20  0.611411  1.214591
19 21  0.606711  1.329533
19 22  0.584237  1.332764
19 23  0.591743  1.101582
19 24  0.581728  1.328226
19 25  0.611412  1.181016
19 26  0.587286  1.108339
20 21  0.612182  1.092828
20 22  0.611616  1.189318
20 23  0.557666  0.869346
20 24  0.602771  1.073333
20 25  0.612966  0.989128
20 26  0.556915  0.890601
21 22  0.607279  1.260296
21 23  0.590484  0.992402
21 24  0.600964  1.167684
21 25  0.597316  1.081764
21 26  0.586672  1.018034
22 23  0.591143  1.053397
22 24  0.577168  1.288255
22 25  0.611490  1.167784
22 26  0.586279  1.077433
23 24  0.588862  1.012687
23 25  0.590760  0.870289
23 26  0.519453  0.756392
24 25  0.609194  1.110387
24 26  0.584368  1.032681
25 26  0.586962  0.890868
