   -993.89585764
   -994.20861477     -994.08104816
0.00000855985337
2 2 2 2 2 2 2 2 2 2 2 2 2 0 0 0 0 0 0 0 0 0 0 0 0 0 
1  0.265814  0.540858
2  0.266702  0.460371
3  0.271195  0.491059
4  0.279717  0.377495
5  0.276295  0.363586
6  0.302248  0.640044
7  0.316385  0.656239
8  0.302585  0.703974
9  0.278920  0.390416
10  0.301467  0.480309
11  0.285180  0.434931
12  0.315688  0.533794
13  0.307936  0.725543
14  0.282251  0.621501
15  0.281079  0.537743
16  0.272667  0.481577
17  0.279604  0.359010
18  0.281719  0.377981
19  0.306973  0.724676
20  0.307945  0.507278
21  0.305352  0.610999
22  0.306738  0.687507
23  0.285617  0.385922
24  0.304507  0.630686
25  0.305495  0.487126
26  0.281773  0.409480
1 2  0.531861  0.989653
1 3  0.534959  1.026099
1 4  0.545339  0.917874
1 5  0.541501  0.898245
1 6  0.556901  1.115618
1 7  0.558236  1.154979
1 8  0.562435  1.192387
1 9  0.544676  0.930090
1 10  0.564935  0.995622
1 11  0.550845  0.967082
1 12  0.580810  1.046199
1 13  0.565221  1.256560
1 14  0.272615  0.996919
1 15  0.546679  1.074261
1 16  0.537726  1.014229
1 17  0.544847  0.898540
1 18  0.545662  0.918217
1 19  0.546594  1.236067
1 20  0.573479  1.046537
1 21  0.548447  1.129249
1 22  0.570503  1.212288
1 23  0.551285  0.926324
1 24  0.569393  1.168275
1 25  0.568684  1.026932
1 26  0.547159  0.949746
2 3  0.537772  0.942599
2 4  0.546397  0.833824
2 5  0.542982  0.820369
2 6  0.555367  1.041398
2 7  0.582209  1.086427
2 8  0.563483  1.160197
2 9  0.540773  0.835745
2 10  0.568144  0.939886
2 11  0.548951  0.891168
2 12  0.562627  0.965716
2 13  0.569117  1.153462
2 14  0.548728  1.078043
2 15  0.262558  0.793429
2 16  0.538755  0.941085
2 17  0.546258  0.819152
2 18  0.548418  0.838084
2 19  0.569960  1.170070
2 20  0.556768  0.950853
2 21  0.571736  1.069391
2 22  0.548211  1.134028
2 23  0.547028  0.844477
2 24  0.570391  1.087348
2 25  0.571984  0.946821
2 26  0.546792  0.864584
3 4  0.544561  0.843951
3 5  0.542722  0.843982
3 6  0.573161  1.125403
3 7  0.559515  1.099924
3 8  0.573551  1.179420
3 9  0.550102  0.875171
3 10  0.552463  0.945855
3 11  0.556359  0.920683
3 12  0.586863  1.023520
3 13  0.576988  1.161785
3 14  0.552825  1.103430
3 15  0.551115  1.027361
3 16  0.268998  0.774401
3 17  0.547923  0.849294
3 18  0.551839  0.864650
3 19  0.577222  1.212595
3 20  0.578707  0.997350
3 21  0.547333  1.066023
3 22  0.576368  1.175869
3 23  0.556732  0.876566
3 24  0.574131  1.117906
3 25  0.547140  0.946754
3 26  0.552965  0.900023
4 5  0.510078  0.706271
4 6  0.581916  1.013954
4 7  0.593425  1.018200
4 8  0.582256  1.079065
4 9  0.558637  0.766132
4 10  0.551749  0.832854
4 11  0.564895  0.811482
4 12  0.595394  0.910722
4 13  0.587506  1.087949
4 14  0.561635  0.996982
4 15  0.560552  0.914778
4 16  0.547963  0.857858
4 17  0.280377  0.500526
4 18  0.507889  0.704917
4 19  0.586340  1.101283
4 20  0.587624  0.884553
4 21  0.584244  0.986510
4 22  0.586113  1.064174
4 23  0.565301  0.763335
4 24  0.583955  1.007671
4 25  0.549094  0.829171
4 26  0.561474  0.786870
5 6  0.578470  0.995478
5 7  0.587853  0.995206
5 8  0.578827  1.065456
5 9  0.555213  0.753753
5 10  0.549672  0.824967
5 11  0.561472  0.798297
5 12  0.591975  0.894509
5 13  0.584139  1.086080
5 14  0.557026  0.983996
5 15  0.557318  0.900997
5 16  0.547529  0.842111
5 17  0.506962  0.682166
5 18  0.281203  0.508360
5 19  0.582946  1.087287
5 20  0.584237  0.870642
5 21  0.580358  0.974255
5 22  0.582926  1.050559
5 23  0.561886  0.749450
5 24  0.580793  0.993764
5 25  0.542233  0.808912
5 26  0.558036  0.772979
6 7  0.614436  1.234774
6 8  0.572220  1.310206
6 9  0.581032  1.027419
6 10  0.603640  1.114493
6 11  0.587189  1.072110
6 12  0.614964  1.132758
6 13  0.579495  1.339176
6 14  0.578772  1.255072
6 15  0.574669  1.171673
6 16  0.574238  1.118711
6 17  0.581848  0.998699
6 18  0.583834  1.017400
6 19  0.544441  1.261149
6 20  0.609617  1.145986
6 21  0.607182  1.247216
6 22  0.494485  1.229530
6 23  0.587418  1.024982
6 24  0.567085  1.263064
6 25  0.607258  1.125542
6 26  0.583466  1.047139
7 8  0.617280  1.350945
7 9  0.595279  1.042284
7 10  0.605024  1.129206
7 11  0.601539  1.089795
7 12  0.631883  1.174501
7 13  0.612518  1.324661
7 14  0.566697  1.221902
7 15  0.595920  1.190717
7 16  0.554407  1.099993
7 17  0.595209  1.014423
7 18  0.595825  1.033242
7 19  0.613389  1.344812
7 20  0.624187  1.161748
7 21  0.393487  1.165558
7 22  0.619530  1.338100
7 23  0.601748  1.041441
7 24  0.618625  1.283567
7 25  0.601916  1.113795
7 26  0.597993  1.064679
8 9  0.579245  1.074842
8 10  0.603845  1.159319
8 11  0.584925  1.095441
8 12  0.609049  1.183611
8 13  0.579134  1.351553
8 14  0.578821  1.319623
8 15  0.574963  1.206826
8 16  0.575194  1.182543
8 17  0.582051  1.062409
8 18  0.583991  1.081163
8 19  0.576589  1.422116
8 20  0.596051  1.193629
8 21  0.605874  1.304312
8 22  0.557038  1.328766
8 23  0.587868  1.088370
8 24  0.490065  1.238913
8 25  0.607750  1.188633
8 26  0.583275  1.112544
9 10  0.580378  0.867701
9 11  0.516822  0.784071
9 12  0.562431  0.911851
9 13  0.586397  1.093241
9 14  0.560845  1.011211
9 15  0.556920  0.926661
9 16  0.551530  0.871578
9 17  0.558491  0.749361
9 18  0.560605  0.768316
9 19  0.585711  1.114344
9 20  0.541294  0.848362
9 21  0.583953  1.000644
9 22  0.585302  1.076977
9 23  0.298229  0.558705
9 24  0.582662  1.017226
9 25  0.584412  0.877265
9 26  0.513671  0.765772
10 11  0.586639  0.909355
10 12  0.617138  1.008343
10 13  0.608393  1.184197
10 14  0.581643  1.100364
10 15  0.582301  1.017102
10 16  0.549089  0.935657
10 17  0.541147  0.797712
10 18  0.546695  0.822990
10 19  0.608345  1.202582
10 20  0.609153  0.986918
10 21  0.584645  1.060095
10 22  0.607994  1.166271
10 23  0.587081  0.866017
10 24  0.605204  1.108805
10 25  0.380055  0.821674
10 26  0.583217  0.889428
11 12  0.564277  0.930542
11 13  0.592699  1.141432
11 14  0.566450  1.055418
11 15  0.565410  0.966486
11 16  0.557841  0.915920
11 17  0.564750  0.793844
11 18  0.566827  0.812776
11 19  0.591136  1.157986
11 20  0.553945  0.903290
11 21  0.590102  1.044750
11 22  0.591494  1.120509
11 23  0.513101  0.770199
11 24  0.588145  1.062444
11 25  0.590622  0.921552
11 26  0.301898  0.638336
12 13  0.622568  1.255189
12 14  0.596635  1.152975
12 15  0.568955  1.036433
12 16  0.588217  1.014298
12 17  0.595289  0.892621
12 18  0.597329  0.911472
12 19  0.619027  1.253653
12 20  0.406843  0.916116
12 21  0.620923  1.143046
12 22  0.616064  1.201373
12 23  0.560416  0.881094
12 24  0.616804  1.162927
12 25  0.620942  1.020042
12 26  0.550898  0.894263
13 14  0.577868  1.306848
13 15  0.582550  1.258920
13 16  0.578669  1.204014
13 17  0.586818  1.083731
13 18  0.589314  1.102382
13 19  0.529769  1.416763
13 20  0.613347  1.224373
13 21  0.596472  1.302769
13 22  0.580317  1.406517
13 23  0.593241  1.110496
13 24  0.545253  1.257843
13 25  0.613287  1.210902
13 26  0.589664  1.133891
14 15  0.562620  1.154258
14 16  0.551399  1.089723
14 17  0.561557  0.980016
14 18  0.563220  0.989218
14 19  0.566654  1.244322
14 20  0.589484  1.103150
14 21  0.562936  1.189049
14 22  0.585309  1.298886
14 23  0.567807  1.006359
14 24  0.581447  1.201147
14 25  0.584546  1.069711
14 26  0.563863  1.020689
15 16  0.553549  1.004067
15 17  0.560667  0.891919
15 18  0.562780  0.913031
15 19  0.585088  1.244637
15 20  0.569336  1.017752
15 21  0.585633  1.120079
15 22  0.565270  1.121577
15 23  0.560476  0.898856
15 24  0.581485  1.139222
15 25  0.586543  1.023125
15 26  0.557151  0.934346
16 17  0.545777  0.820871
16 18  0.549306  0.853532
16 19  0.577423  1.170821
16 20  0.580579  0.987235
16 21  0.552407  1.061315
16 22  0.578297  1.135942
16 23  0.558275  0.862866
16 24  0.576087  1.105419
16 25  0.555588  0.942240
16 26  0.554435  0.887076
17 18  0.514844  0.703687
17 19  0.586463  1.079822
17 20  0.587542  0.865014
17 21  0.580370  0.955031
17 22  0.586227  1.038374
17 23  0.565221  0.743855
17 24  0.583974  0.985219
17 25  0.557760  0.827486
17 26  0.561376  0.768066
18 19  0.588646  1.100443
18 20  0.589654  0.881169
18 21  0.581933  0.962945
18 22  0.588357  1.062985
18 23  0.567334  0.763745
18 24  0.586108  0.998572
18 25  0.556831  0.835838
18 26  0.563490  0.786993
19 20  0.611993  1.215050
19 21  0.607360  1.329681
19 22  0.584934  1.332162
19 23  0.592218  1.101956
19 24  0.582418  1.327794
19 25  0.611945  1.181125
19 26  0.587717  1.108786
20 21  0.612764  1.093971
20 22  0.612281  1.189859
20 23  0.558083  0.871040
20 24  0.603348  1.073890
20 25  0.613428  0.990540
20 26  0.557292  0.892450
21 22  0.607996  1.260509
21 23  0.590959  0.993650
21 24  0.601613  1.167968
21 25  0.597828  1.082828
21 26  0.587100  1.019512
22 23  0.591698  1.053748
22 24  0.577921  1.287954
22 25  0.612102  1.168001
22 26  0.586788  1.077967
23 24  0.589363  1.013331
23 25  0.591106  0.871653
23 26  0.519681  0.758206
24 25  0.609756  1.110832
24 26  0.584830  1.033489
25 26  0.587264  0.892326
