   -993.89525571
   -994.21530400     -994.08961469
0.00003858232119
2 2 2 2 2 2 2 2 2 2 2 2 2 0 0 0 0 0 0 0 0 0 0 0 0 0 
1  0.285694  0.542415
2  0.289108  0.433637
3  0.279480  0.392166
4  0.280877  0.515329
5  0.279655  0.390975
6  0.291273  0.440409
7  0.333330  0.664124
8  0.316696  0.542166
9  0.315638  0.565508
10  0.308642  0.605676
11  0.312678  0.590511
12  0.312783  0.613841
13  0.314982  0.630936
14  0.284674  0.500732
15  0.283141  0.410025
16  0.292362  0.433269
17  0.284710  0.501377
18  0.283094  0.410756
19  0.292548  0.434224
20  0.315123  0.513105
21  0.314949  0.512008
22  0.315579  0.637385
23  0.315607  0.638418
24  0.314613  0.609682
25  0.314635  0.611411
26  0.345386  0.721900
1 2  0.573991  0.973110
1 3  0.563758  0.918239
1 4  0.562223  1.019238
1 5  0.565332  0.931712
1 6  0.576929  0.971813
1 7  0.593096  1.174244
1 8  0.602218  1.064955
1 9  0.596822  1.097830
1 10  0.593191  1.139164
1 11  0.575816  1.049171
1 12  0.598245  1.132965
1 13  0.598143  1.156850
1 14  0.280819  0.846644
1 15  0.568540  0.950496
1 16  0.576288  0.974877
1 17  0.564689  1.041822
1 18  0.568624  0.952500
1 19  0.577846  0.975725
1 20  0.600392  1.053667
1 21  0.587543  1.052186
1 22  0.595293  1.149784
1 23  0.601136  1.176793
1 24  0.593267  1.143796
1 25  0.600005  1.151201
1 26  0.600266  1.218933
2 3  0.525649  0.798326
2 4  0.569927  0.947869
2 5  0.568755  0.823208
2 6  0.580378  0.873510
2 7  0.621179  1.078514
2 8  0.605790  0.974674
2 9  0.596656  0.963712
2 10  0.597673  1.032981
2 11  0.597240  1.019910
2 12  0.601888  1.045816
2 13  0.581100  1.020775
2 14  0.573577  0.931805
2 15  0.286464  0.612084
2 16  0.528084  0.811738
2 17  0.573774  0.934438
2 18  0.572129  0.844107
2 19  0.581645  0.867563
2 20  0.604229  0.946304
2 21  0.601436  0.940492
2 22  0.599853  1.069892
2 23  0.604224  1.070886
2 24  0.580923  1.014034
2 25  0.603638  1.044050
2 26  0.633365  1.154036
3 4  0.560314  0.900672
3 5  0.559133  0.782112
3 6  0.570752  0.830636
3 7  0.611873  1.043126
3 8  0.596173  0.930393
3 9  0.585032  0.934764
3 10  0.588107  0.997063
3 11  0.584787  0.960091
3 12  0.592263  1.004045
3 13  0.579909  1.014788
3 14  0.563467  0.892360
3 15  0.519693  0.767063
3 16  0.283926  0.589544
3 17  0.564031  0.893041
3 18  0.562564  0.802733
3 19  0.572028  0.826130
3 20  0.594599  0.904854
3 21  0.593133  0.903756
3 22  0.593251  1.023738
3 23  0.594919  1.029971
3 24  0.562901  0.968013
3 25  0.594061  1.002873
3 26  0.624777  1.113147
4 5  0.559422  0.897186
4 6  0.570530  0.933584
4 7  0.586183  1.136250
4 8  0.579380  0.990820
4 9  0.595720  1.075431
4 10  0.585096  1.117933
4 11  0.593366  1.081668
4 12  0.588757  1.102116
4 13  0.595675  1.138030
4 14  0.559405  1.014400
4 15  0.563912  0.924771
4 16  0.572855  0.947810
4 17  0.277610  0.817396
4 18  0.563826  0.924891
4 19  0.572170  0.948821
4 20  0.582765  1.025602
4 21  0.595375  1.025751
4 22  0.596171  1.148125
4 23  0.591188  1.129154
4 24  0.595029  1.122914
4 25  0.588733  1.117022
4 26  0.598158  1.201353
5 6  0.527804  0.802804
5 7  0.611782  1.038038
5 8  0.584805  0.905640
5 9  0.595210  0.951857
5 10  0.581146  0.976802
5 11  0.592304  0.980855
5 12  0.579412  0.998623
5 13  0.594592  1.020390
5 14  0.564271  0.891275
5 15  0.562776  0.800810
5 16  0.572016  0.824023
5 17  0.564180  0.891424
5 18  0.275501  0.566027
5 19  0.525120  0.782676
5 20  0.592233  0.902001
5 21  0.594604  0.902630
5 22  0.594917  1.027669
5 23  0.591482  1.027717
5 24  0.594192  0.999967
5 25  0.571086  0.970955
5 26  0.624493  1.111825
6 7  0.623947  1.095667
6 8  0.599855  0.949745
6 9  0.606895  1.004331
6 10  0.595801  1.041919
6 11  0.603947  1.024370
6 12  0.580055  1.005678
6 13  0.606246  1.069034
6 14  0.575682  0.940327
6 15  0.574414  0.850161
6 16  0.583627  0.873287
6 17  0.574511  0.941081
6 18  0.525743  0.805371
6 19  0.284336  0.633019
6 20  0.603361  0.952220
6 21  0.606205  0.951744
6 22  0.606763  1.076891
6 23  0.604063  1.067505
6 24  0.605843  1.048998
6 25  0.574669  1.024962
6 26  0.636419  1.160238
7 8  0.645691  1.177851
7 9  0.634919  1.155951
7 10  0.628854  1.219886
7 11  0.643258  1.248871
7 12  0.644665  1.273422
7 13  0.645087  1.279072
7 14  0.593251  1.137782
7 15  0.616228  1.073192
7 16  0.625461  1.096172
7 17  0.587641  1.129506
7 18  0.615883  1.073878
7 19  0.625680  1.096643
7 20  0.645593  1.170751
7 21  0.646592  1.172850
7 22  0.634052  1.284064
7 23  0.635703  1.291340
7 24  0.643752  1.259751
7 25  0.643316  1.260441
7 26  0.421041  1.278338
8 9  0.632233  1.103245
8 10  0.589730  1.135962
8 11  0.629346  1.121625
8 12  0.601700  1.125701
8 13  0.631630  1.169226
8 14  0.600922  1.041201
8 15  0.599836  0.951721
8 16  0.609028  0.974707
8 17  0.589313  1.040867
8 18  0.596570  0.950138
8 19  0.606317  0.974670
8 20  0.386752  0.885719
8 21  0.631604  1.052724
8 22  0.632118  1.177694
8 23  0.591434  1.137280
8 24  0.631214  1.149728
8 25  0.596949  1.105452
8 26  0.659332  1.257618
9 10  0.623430  1.151274
9 11  0.591111  1.145326
9 12  0.628340  1.175145
9 13  0.604072  1.159919
9 14  0.597996  1.054613
9 15  0.597416  0.974913
9 16  0.605157  0.992999
9 17  0.600067  1.063920
9 18  0.598484  0.975689
9 19  0.608129  0.999171
9 20  0.630724  1.077454
9 21  0.588856  1.052085
9 22  0.433151  1.089468
9 23  0.629917  1.201270
9 24  0.588857  1.103678
9 25  0.630004  1.174719
9 26  0.652943  1.284737
10 11  0.620829  1.181377
10 12  0.594547  1.160764
10 13  0.623159  1.213391
10 14  0.592940  1.103981
10 15  0.591497  1.014929
10 16  0.600880  1.038177
10 17  0.586994  1.079516
10 18  0.587884  1.014549
10 19  0.597948  1.028308
10 20  0.582683  1.070482
10 21  0.623463  1.116407
10 22  0.622926  1.238808
10 23  0.397687  1.122653
10 24  0.623133  1.212040
10 25  0.591334  1.189320
10 26  0.637550  1.312627
11 12  0.625411  1.183505
11 13  0.600549  1.163200
11 14  0.574332  1.079333
11 15  0.593760  0.993653
11 16  0.600585  1.022497
11 17  0.597009  1.089750
11 18  0.595675  1.000608
11 19  0.605140  1.023808
11 20  0.627725  1.101788
11 21  0.430688  0.976469
11 22  0.583485  1.171182
11 23  0.628194  1.226195
11 24  0.599096  1.187503
11 25  0.627302  1.198538
11 26  0.651840  1.289551
12 13  0.627734  1.229632
12 14  0.596950  1.112465
12 15  0.595846  1.023040
12 16  0.605081  1.046046
12 17  0.591410  1.108080
12 18  0.575786  0.993130
12 19  0.573447  1.020987
12 20  0.597434  1.092761
12 21  0.627654  1.123951
12 22  0.628238  1.247962
12 23  0.592168  1.209279
12 24  0.627395  1.219984
12 25  0.417819  1.112184
12 26  0.653398  1.320343
13 14  0.594103  1.113854
13 15  0.567373  1.006663
13 16  0.584599  1.031769
13 17  0.599583  1.130335
13 18  0.597880  1.040820
13 19  0.607459  1.064216
13 20  0.630055  1.142471
13 21  0.589057  1.070753
13 22  0.601775  1.257560
13 23  0.629963  1.264892
13 24  0.473264  1.172185
13 25  0.629526  1.238592
13 26  0.655328  1.342073
14 15  0.566486  0.903152
14 16  0.575149  0.913687
14 17  0.564953  0.972503
14 18  0.567737  0.909789
14 19  0.577179  0.927155
14 20  0.599659  1.000345
14 21  0.578553  0.950808
14 22  0.596141  1.135121
14 23  0.598769  1.135153
14 24  0.594246  1.089208
14 25  0.599109  1.100428
14 26  0.602042  1.189245
15 16  0.531245  0.815441
15 17  0.567821  0.909726
15 18  0.566230  0.818843
15 19  0.575687  0.843440
15 20  0.598259  0.921944
15 21  0.586518  0.898819
15 22  0.590658  1.015417
15 23  0.598680  1.041903
15 24  0.582254  1.007109
15 25  0.597771  1.020063
15 26  0.627131  1.108644
16 17  0.577026  0.926875
16 18  0.575453  0.843201
16 19  0.584908  0.865336
16 20  0.607481  0.942533
16 21  0.598993  0.913943
16 22  0.602277  1.065821
16 23  0.607958  1.070548
16 24  0.583888  1.005332
16 25  0.606996  1.042120
16 26  0.636844  1.146768
17 18  0.566477  0.904454
17 19  0.575383  0.915207
17 20  0.578715  0.952159
17 21  0.599524  0.999931
17 22  0.598755  1.134730
17 23  0.596219  1.136776
17 24  0.599130  1.099395
17 25  0.594306  1.091437
17 26  0.602073  1.189874
18 19  0.531361  0.817225
18 20  0.586683  0.900628
18 21  0.598038  0.921572
18 22  0.598606  1.041613
18 23  0.590635  1.016913
18 24  0.597701  1.019083
18 25  0.582254  1.009557
18 26  0.627070  1.109248
19 20  0.599322  0.915818
19 21  0.607495  0.942409
19 22  0.608116  1.070464
19 23  0.602462  1.067731
19 24  0.607160  1.041325
19 25  0.584084  1.007774
19 26  0.637045  1.147737
20 21  0.630070  1.018909
20 22  0.630604  1.148139
20 23  0.591299  1.135914
20 24  0.629727  1.117557
20 25  0.603570  1.098487
20 26  0.656788  1.215524
21 22  0.591194  1.133849
21 23  0.630462  1.148101
21 24  0.603350  1.095731
21 25  0.629576  1.118207
21 26  0.656596  1.214463
22 23  0.629765  1.230476
22 24  0.604569  1.184122
22 25  0.630007  1.230120
22 26  0.645276  1.271715
23 24  0.630013  1.229556
23 25  0.604582  1.186538
23 26  0.645348  1.272574
24 25  0.629229  1.205430
24 26  0.658227  1.320132
25 26  0.658249  1.321779
