   -993.89525571
   -994.21568816     -994.09061706
0.00001544023873
2 2 2 2 2 2 2 2 2 2 2 2 2 0 0 0 0 0 0 0 0 0 0 0 0 0 
1  0.286899  0.544683
2  0.289673  0.435393
3  0.280028  0.394139
4  0.282069  0.517265
5  0.280230  0.392215
6  0.291716  0.441924
7  0.334738  0.666633
8  0.317799  0.542556
9  0.316975  0.567140
10  0.309858  0.606286
11  0.313800  0.591721
12  0.313649  0.614012
13  0.315870  0.632525
14  0.285918  0.503016
15  0.283713  0.411877
16  0.292958  0.435380
17  0.285922  0.503288
18  0.283667  0.412199
19  0.292968  0.435743
20  0.316200  0.513328
21  0.316146  0.512955
22  0.316853  0.639090
23  0.316820  0.639361
24  0.315521  0.611169
25  0.315520  0.611741
26  0.346817  0.723919
1 2  0.575739  0.977022
1 3  0.565478  0.922190
1 4  0.564541  1.023271
1 5  0.567109  0.935180
1 6  0.578574  0.975244
1 7  0.595675  1.178889
1 8  0.604525  1.067479
1 9  0.599325  1.101758
1 10  0.595559  1.141965
1 11  0.577827  1.051887
1 12  0.600308  1.135110
1 13  0.600223  1.160629
1 14  0.283017  0.850905
1 15  0.570314  0.954538
1 16  0.578035  0.979262
1 17  0.567100  1.046032
1 18  0.570390  0.956216
1 19  0.579427  0.979538
1 20  0.602672  1.056182
1 21  0.589811  1.055279
1 22  0.597773  1.154268
1 23  0.603541  1.179994
1 24  0.595339  1.147596
1 25  0.602082  1.153858
1 26  0.602945  1.223758
2 3  0.526684  0.802202
2 4  0.571683  0.951547
2 5  0.569892  0.826037
2 6  0.581385  0.876743
2 7  0.623113  1.082180
2 8  0.607457  0.976772
2 9  0.598540  0.966824
2 10  0.599451  1.034995
2 11  0.598904  1.022851
2 12  0.603318  1.047696
2 13  0.582551  1.023917
2 14  0.575390  0.935767
2 15  0.287462  0.615902
2 16  0.529240  0.816195
2 17  0.575548  0.938100
2 18  0.573254  0.847299
2 19  0.582628  0.870834
2 20  0.605871  0.948287
2 21  0.603183  0.943236
2 22  0.601658  1.073352
2 23  0.605963  1.073604
2 24  0.582396  1.017534
2 25  0.605079  1.046148
2 26  0.635327  1.157825
3 4  0.562048  0.904332
3 5  0.560255  0.785238
3 6  0.571742  0.833940
3 7  0.613783  1.047299
3 8  0.597823  0.932526
3 9  0.586812  0.938073
3 10  0.589868  0.999638
3 11  0.586415  0.963053
3 12  0.593675  1.006102
3 13  0.581366  1.018281
3 14  0.565207  0.896613
3 15  0.520807  0.771250
3 16  0.285021  0.593794
3 17  0.565763  0.896947
3 18  0.563684  0.806144
3 19  0.572996  0.829614
3 20  0.596221  0.907041
3 21  0.594864  0.906682
3 22  0.595049  1.027365
3 23  0.596673  1.032894
3 24  0.564422  0.971734
3 25  0.595490  1.005179
3 26  0.626755  1.117124
4 5  0.561153  0.900227
4 6  0.572131  0.936811
4 7  0.588716  1.140563
4 8  0.581387  0.992626
4 9  0.598229  1.078955
4 10  0.587484  1.120492
4 11  0.595677  1.084601
4 12  0.590731  1.104114
4 13  0.597754  1.141440
4 14  0.561828  1.018653
4 15  0.565661  0.928558
4 16  0.574590  0.951875
4 17  0.279758  0.820714
4 18  0.565586  0.928234
4 19  0.573743  0.952290
4 20  0.584916  1.027652
4 21  0.597766  1.028642
4 22  0.598627  1.151768
4 23  0.593590  1.132429
4 24  0.597114  1.126360
4 25  0.590781  1.119322
4 26  0.600802  1.205752
5 6  0.528786  0.805611
5 7  0.613722  1.041301
5 8  0.586401  0.907164
5 9  0.597118  0.954413
5 10  0.582907  0.978453
5 11  0.593994  0.983303
5 12  0.580861  1.000025
5 13  0.596047  1.023109
5 14  0.566080  0.894810
5 15  0.563911  0.803898
5 16  0.573187  0.827367
5 17  0.565963  0.894542
5 18  0.276525  0.568652
5 19  0.526121  0.785862
5 20  0.593865  0.903450
5 21  0.596376  0.904815
5 22  0.596728  1.030632
5 23  0.593244  1.029900
5 24  0.595663  1.002706
5 25  0.572552  0.972863
5 26  0.626466  1.115097
6 7  0.625770  1.099434
6 8  0.601374  0.951619
6 9  0.608675  1.007403
6 10  0.597444  1.044010
6 11  0.605511  1.026797
6 12  0.581365  1.007260
6 13  0.607575  1.072096
6 14  0.577334  0.944144
6 15  0.575428  0.853522
6 16  0.584667  0.876897
6 17  0.576095  0.944515
6 18  0.526797  0.808790
6 19  0.285190  0.636037
6 20  0.604871  0.953974
6 21  0.607841  0.954195
6 22  0.608470  1.080118
6 23  0.605719  1.070071
6 24  0.607187  1.052000
6 25  0.575994  1.027025
6 26  0.638288  1.163711
7 8  0.648172  1.180603
7 9  0.637402  1.159264
7 10  0.631304  1.222666
7 11  0.645763  1.252575
7 12  0.646928  1.276129
7 13  0.647337  1.282925
7 14  0.595894  1.142820
7 15  0.618179  1.077556
7 16  0.627461  1.100749
7 17  0.590258  1.134314
7 18  0.617839  1.077849
7 19  0.627509  1.100640
7 20  0.648053  1.173621
7 21  0.649185  1.176357
7 22  0.636659  1.288276
7 23  0.638231  1.294696
7 24  0.646005  1.263518
7 25  0.645557  1.263121
7 26  0.423884  1.283196
8 9  0.634675  1.105187
8 10  0.591980  1.136995
8 11  0.631569  1.123049
8 12  0.603610  1.126399
8 13  0.633620  1.171211
8 14  0.603266  1.043891
8 15  0.601510  0.953968
8 16  0.610717  0.977208
8 17  0.591502  1.043059
8 18  0.598213  0.951961
8 19  0.607829  0.976607
8 20  0.388739  0.885611
8 21  0.633907  1.054045
8 22  0.634489  1.179804
8 23  0.593685  1.139171
8 24  0.633220  1.151636
8 25  0.598872  1.106822
8 26  0.661834  1.260164
9 10  0.625962  1.153097
9 11  0.593551  1.148228
9 12  0.630533  1.176923
9 13  0.606219  1.162965
9 14  0.600554  1.058738
9 15  0.599326  0.978408
9 16  0.607079  0.996699
9 17  0.602591  1.067472
9 18  0.600361  0.978760
9 19  0.609886  1.002322
9 20  0.633135  1.079316
9 21  0.591244  1.054832
9 22  0.435497  1.092731
9 23  0.632452  1.203896
9 24  0.590955  1.107321
9 25  0.632213  1.176712
9 26  0.655628  1.288379
10 11  0.623129  1.183028
10 12  0.596505  1.161446
10 13  0.625243  1.214938
10 14  0.595390  1.106853
10 15  0.593234  1.017414
10 16  0.602686  1.040920
10 17  0.589411  1.082492
10 18  0.589651  1.016595
10 19  0.599576  1.030526
10 20  0.584871  1.071938
10 21  0.625873  1.118011
10 22  0.625406  1.241191
10 23  0.399950  1.124098
10 24  0.625252  1.214203
10 25  0.593301  1.190509
10 26  0.640124  1.315214
11 12  0.627393  1.184416
11 13  0.602484  1.165898
11 14  0.576567  1.082742
11 15  0.595431  0.996756
11 16  0.602277  1.025829
11 17  0.599332  1.092892
11 18  0.597360  1.003271
11 19  0.606665  1.026543
11 20  0.629926  1.103225
11 21  0.432798  0.978377
11 22  0.585842  1.174846
11 23  0.630529  1.228391
11 24  0.601011  1.190346
11 25  0.629308  1.200116
11 26  0.654385  1.292914
12 13  0.629486  1.230921
12 14  0.599038  1.114978
12 15  0.597269  1.025083
12 16  0.606530  1.048341
12 17  0.593477  1.110177
12 18  0.577218  0.995110
12 19  0.574745  1.022868
12 20  0.599315  1.093548
12 21  0.629711  1.125104
12 22  0.630375  1.249894
12 23  0.594141  1.210974
12 24  0.629168  1.221648
12 25  0.419494  1.112625
12 26  0.655636  1.322460
13 14  0.596207  1.117858
13 15  0.568839  1.010355
13 16  0.586080  1.035726
13 17  0.601677  1.133831
13 18  0.599313  1.043866
13 19  0.608757  1.067335
13 20  0.632019  1.144322
13 21  0.591071  1.074067
13 22  0.603846  1.260868
13 23  0.632070  1.267492
13 24  0.474959  1.175391
13 25  0.631299  1.240545
13 26  0.657593  1.345563
14 15  0.568284  0.907134
14 16  0.576948  0.917778
14 17  0.567335  0.976513
14 18  0.569550  0.913474
14 19  0.578840  0.930633
14 20  0.601980  1.002835
14 21  0.580700  0.953461
14 22  0.598641  1.139141
14 23  0.601163  1.138286
14 24  0.596336  1.092784
14 25  0.601236  1.102904
14 26  0.604646  1.193407
15 16  0.532338  0.819531
15 17  0.569601  0.913428
15 18  0.567370  0.821908
15 19  0.576676  0.846737
15 20  0.599905  0.923946
15 21  0.588202  0.901444
15 22  0.592464  1.018603
15 23  0.600465  1.044324
15 24  0.583767  1.010402
15 25  0.599227  1.022187
15 26  0.629080  1.111809
16 17  0.578832  0.930546
16 18  0.576619  0.846690
16 19  0.585922  0.868743
16 20  0.609154  0.944632
16 21  0.600761  0.916915
16 22  0.604095  1.069525
16 23  0.609766  1.073608
16 24  0.585398  1.008711
16 25  0.608477  1.044443
16 26  0.638860  1.150642
17 18  0.568238  0.907707
17 19  0.576977  0.918383
17 20  0.580734  0.953970
17 21  0.601931  1.002747
17 22  0.601193  1.138267
17 23  0.598622  1.139680
17 24  0.601243  1.102609
17 25  0.596344  1.093600
17 26  0.604655  1.193684
18 19  0.532312  0.820244
18 20  0.588233  0.902152
18 21  0.599805  0.923890
18 22  0.600451  1.044366
18 23  0.592393  1.019086
18 24  0.599181  1.021940
18 25  0.583717  1.011276
18 26  0.629024  1.112057
19 20  0.600813  0.917578
19 21  0.609110  0.944632
19 22  0.609810  1.073698
19 23  0.604055  1.070134
19 24  0.608487  1.044226
19 25  0.585410  1.009582
19 26  0.638871  1.151008
20 21  0.632345  1.020018
20 22  0.632946  1.150087
20 23  0.593544  1.137140
20 24  0.631709  1.119223
20 25  0.605450  1.099188
20 26  0.659263  1.217694
21 22  0.593551  1.136520
21 23  0.632861  1.149994
21 24  0.605381  1.098268
21 25  0.631655  1.119438
21 26  0.659200  1.217321
22 23  0.632207  1.232317
22 24  0.606642  1.186859
22 25  0.632154  1.231741
22 26  0.647775  1.274821
23 24  0.632120  1.231506
23 25  0.606605  1.187581
23 26  0.647764  1.275026
24 25  0.631021  1.206712
24 26  0.660544  1.323576
25 26  0.660541  1.324096
