   -993.89525571
   -994.21575370     -994.09079596
0.00001124515495
2 2 2 2 2 2 2 2 2 2 2 2 2 0 0 0 0 0 0 0 0 0 0 0 0 0 
1  0.287113  0.545055
2  0.289760  0.435801
3  0.280140  0.394535
4  0.282283  0.517581
5  0.280346  0.392515
6  0.291809  0.442253
7  0.334979  0.667099
8  0.318001  0.542701
9  0.317223  0.567382
10  0.310086  0.606392
11  0.314011  0.591917
12  0.313826  0.614075
13  0.316025  0.632813
14  0.286127  0.503459
15  0.283807  0.412274
16  0.293067  0.435827
17  0.286136  0.503646
18  0.283784  0.412512
19  0.293079  0.436031
20  0.316390  0.513413
21  0.316361  0.513133
22  0.317084  0.639325
23  0.317074  0.639528
24  0.315686  0.611424
25  0.315691  0.611817
26  0.347069  0.724295
1 2  0.576035  0.977785
1 3  0.565796  0.922902
1 4  0.564956  1.023937
1 5  0.567438  0.935844
1 6  0.578881  0.975866
1 7  0.596120  1.179690
1 8  0.604940  1.067973
1 9  0.599776  1.102369
1 10  0.595991  1.142431
1 11  0.578200  1.052339
1 12  0.600697  1.135512
1 13  0.600590  1.161283
1 14  0.283416  0.851654
1 15  0.570624  0.955296
1 16  0.578345  0.980085
1 17  0.567528  1.046773
1 18  0.570717  0.956900
1 19  0.579741  0.980202
1 20  0.603078  1.056644
1 21  0.590205  1.055803
1 22  0.598216  1.154980
1 23  0.604005  1.180536
1 24  0.595713  1.148224
1 25  0.602460  1.154317
1 26  0.603417  1.224620
2 3  0.526861  0.803045
2 4  0.571985  0.952268
2 5  0.570094  0.826702
2 6  0.581565  0.877471
2 7  0.623433  1.082933
2 8  0.607745  0.977313
2 9  0.598877  0.967426
2 10  0.599766  1.035436
2 11  0.599200  1.023447
2 12  0.603582  1.048156
2 13  0.582796  1.024568
2 14  0.575687  0.936603
2 15  0.287619  0.616752
2 16  0.529436  0.817158
2 17  0.575849  0.938865
2 18  0.573455  0.848018
2 19  0.582826  0.871530
2 20  0.606148  0.948780
2 21  0.603481  0.943829
2 22  0.601978  1.073996
2 23  0.606291  1.074185
2 24  0.582648  1.018253
2 25  0.605332  1.046635
2 26  0.635657  1.158611
3 4  0.562373  0.904981
3 5  0.560481  0.785915
3 6  0.571947  0.834623
3 7  0.614125  1.048092
3 8  0.598137  0.933017
3 9  0.587150  0.938668
3 10  0.590208  1.000140
3 11  0.586733  0.963598
3 12  0.593964  1.006541
3 13  0.581639  1.018947
3 14  0.565525  0.897453
3 15  0.521013  0.772108
3 16  0.285218  0.594696
3 17  0.566082  0.897707
3 18  0.563913  0.806852
3 19  0.573218  0.830298
3 20  0.596522  0.907522
3 21  0.595190  0.907258
3 22  0.595389  1.027990
3 23  0.597037  1.033459
3 24  0.564703  0.972440
3 25  0.595770  1.005652
3 26  0.627119  1.117892
4 5  0.561476  0.900825
4 6  0.572435  0.937412
4 7  0.589154  1.141309
4 8  0.581750  0.992991
4 9  0.598689  1.079501
4 10  0.587920  1.120920
4 11  0.596102  1.085086
4 12  0.591117  1.104483
4 13  0.598124  1.142022
4 14  0.562252  1.019419
4 15  0.565965  0.929273
4 16  0.574900  0.952646
4 17  0.280142  0.821294
4 18  0.565917  0.928858
4 19  0.574065  0.952896
4 20  0.585296  1.028036
4 21  0.598196  1.029134
4 22  0.599069  1.152320
4 23  0.594057  1.132994
4 24  0.597488  1.126937
4 25  0.591158  1.119715
4 26  0.601269  1.206547
5 6  0.528970  0.806263
5 7  0.614070  1.041960
5 8  0.586708  0.907591
5 9  0.597480  0.954884
5 10  0.583241  0.978824
5 11  0.594319  0.983799
5 12  0.581150  1.000385
5 13  0.596315  1.023666
5 14  0.566404  0.895558
5 15  0.564118  0.804593
5 16  0.573411  0.828114
5 17  0.566292  0.895195
5 18  0.276739  0.569274
5 19  0.526337  0.786536
5 20  0.594167  0.903831
5 21  0.596706  0.905296
5 22  0.597064  1.031168
5 23  0.593606  1.030367
5 24  0.595942  1.003265
5 25  0.572843  0.973299
5 26  0.626825  1.115776
6 7  0.626102  1.100174
6 8  0.601665  0.952084
6 9  0.609017  1.007960
6 10  0.597760  1.044437
6 11  0.605817  1.027258
6 12  0.581634  1.007624
6 13  0.607822  1.072702
6 14  0.577627  0.944926
6 15  0.575616  0.854245
6 16  0.584869  0.877670
6 17  0.576394  0.945205
6 18  0.527006  0.809522
6 19  0.285367  0.636682
6 20  0.605154  0.954389
6 21  0.608149  0.954705
6 22  0.608794  1.080681
6 23  0.606066  1.070587
6 24  0.607446  1.052585
6 25  0.576258  1.027471
6 26  0.638634  1.164402
7 8  0.648610  1.181182
7 9  0.637853  1.159811
7 10  0.631742  1.223176
7 11  0.646212  1.253230
7 12  0.647345  1.276659
7 13  0.647730  1.283640
7 14  0.596341  1.143771
7 15  0.618507  1.078420
7 16  0.627811  1.101656
7 17  0.590706  1.135211
7 18  0.618194  1.078630
7 19  0.627861  1.101387
7 20  0.648481  1.174199
7 21  0.649639  1.177004
7 22  0.637120  1.288980
7 23  0.638706  1.295319
7 24  0.646401  1.264194
7 25  0.645960  1.263641
7 26  0.424397  1.284097
8 9  0.635125  1.105561
8 10  0.592392  1.137253
8 11  0.631982  1.123353
8 12  0.603978  1.126636
8 13  0.633976  1.171644
8 14  0.603677  1.044483
8 15  0.601806  0.954510
8 16  0.611026  0.977802
8 17  0.591888  1.043534
8 18  0.598531  0.952414
8 19  0.608141  0.977044
8 20  0.389116  0.885716
8 21  0.634325  1.054364
8 22  0.634919  1.180187
8 23  0.594116  1.139583
8 24  0.633586  1.152044
8 25  0.599235  1.107156
8 26  0.662284  1.260710
9 10  0.626434  1.153374
9 11  0.594002  1.148678
9 12  0.630957  1.177221
9 13  0.606604  1.163467
9 14  0.601005  1.059471
9 15  0.599668  0.979050
9 16  0.607434  0.997379
9 17  0.603047  1.068074
9 18  0.600719  0.979315
9 19  0.610244  1.002852
9 20  0.633572  1.079641
9 21  0.591675  1.055295
9 22  0.435934  1.093166
9 23  0.632957  1.204315
9 24  0.591346  1.107929
9 25  0.632629  1.177033
9 26  0.656108  1.288998
10 11  0.623562  1.183311
10 12  0.596892  1.161587
10 13  0.625620  1.215204
10 14  0.595826  1.107394
10 15  0.593545  1.017921
10 16  0.603022  1.041477
10 17  0.589849  1.083047
10 18  0.589995  1.017017
10 19  0.599912  1.030945
10 20  0.585266  1.072244
10 21  0.626315  1.118304
10 22  0.625865  1.241547
10 23  0.400399  1.124336
10 24  0.625644  1.214579
10 25  0.593675  1.190745
10 26  0.640594  1.315684
11 12  0.627780  1.184609
11 13  0.602843  1.166366
11 14  0.576948  1.083364
11 15  0.595733  0.997357
11 16  0.602600  1.026476
11 17  0.599757  1.093452
11 18  0.597686  1.003783
11 19  0.606984  1.027030
11 20  0.630329  1.103506
11 21  0.433185  0.978670
11 22  0.586262  1.175425
11 23  0.630994  1.228764
11 24  0.601379  1.190821
11 25  0.629690  1.200394
11 26  0.654845  1.293516
12 13  0.629817  1.231182
12 14  0.599419  1.115494
12 15  0.597536  1.025546
12 16  0.606813  1.048853
12 17  0.593867  1.110601
12 18  0.577507  0.995557
12 19  0.575030  1.023259
12 20  0.599673  1.093761
12 21  0.630100  1.125354
12 22  0.630781  1.250204
12 23  0.594549  1.211311
12 24  0.629510  1.221968
12 25  0.419820  1.112793
12 26  0.656055  1.322869
13 14  0.596568  1.118629
13 15  0.569089  1.011090
13 16  0.586345  1.036511
13 17  0.602043  1.134479
13 18  0.599576  1.044469
13 19  0.609020  1.067912
13 20  0.632361  1.144703
13 21  0.591437  1.074686
13 22  0.604220  1.261403
13 23  0.632476  1.267961
13 24  0.475256  1.175975
13 25  0.631623  1.240914
13 26  0.657994  1.346187
14 15  0.568582  0.907949
14 16  0.577265  0.918610
14 17  0.567745  0.977284
14 18  0.569876  0.914222
14 19  0.579158  0.931295
14 20  0.602379  1.003349
14 21  0.581070  0.953982
14 22  0.599077  1.139828
14 23  0.601612  1.138870
14 24  0.596705  1.093455
14 25  0.601617  1.103395
14 26  0.605097  1.194198
15 16  0.532525  0.820410
15 17  0.569908  0.914175
15 18  0.567581  0.822557
15 19  0.576880  0.847405
15 20  0.600189  0.924412
15 21  0.588500  0.901996
15 22  0.592789  1.019163
15 23  0.600812  1.044806
15 24  0.584030  1.011044
15 25  0.599492  1.022642
15 26  0.629414  1.112436
16 17  0.579155  0.931280
16 18  0.576845  0.847433
16 19  0.586140  0.869427
16 20  0.609452  0.945108
16 21  0.601081  0.917523
16 22  0.604414  1.070193
16 23  0.610128  1.074223
16 24  0.585675  1.009354
16 25  0.608757  1.044941
16 26  0.639218  1.151418
17 18  0.568566  0.908361
17 19  0.577291  0.918982
17 20  0.581095  0.954346
17 21  0.602360  1.003275
17 22  0.601624  1.138836
17 23  0.599081  1.140216
17 24  0.601622  1.103197
17 25  0.596721  1.094018
17 26  0.605108  1.194390
18 19  0.532510  0.820872
18 20  0.588523  0.902527
18 21  0.600138  0.924366
18 22  0.600799  1.044836
18 23  0.592755  1.019536
18 24  0.599464  1.022492
18 25  0.584005  1.011652
18 26  0.629384  1.112621
19 20  0.601112  0.917958
19 21  0.609436  0.945042
19 22  0.610150  1.074223
19 23  0.604407  1.070574
19 24  0.608763  1.044745
19 25  0.585689  1.009931
19 26  0.639231  1.151625
20 21  0.632750  1.020263
20 22  0.633364  1.150407
20 23  0.593971  1.137407
20 24  0.632064  1.119552
20 25  0.605795  1.099378
20 26  0.659703  1.218142
21 22  0.593976  1.136944
21 23  0.633327  1.150340
21 24  0.605754  1.098715
21 25  0.632041  1.119672
21 26  0.659667  1.217859
22 23  0.632687  1.232577
22 24  0.607028  1.187264
22 25  0.632552  1.231965
22 26  0.648227  1.275342
23 24  0.632537  1.231830
23 25  0.607014  1.187775
23 26  0.648226  1.275488
24 25  0.631357  1.206942
24 26  0.660957  1.324191
25 26  0.660960  1.324544
