   -841.25824903
   -841.52564398     -841.39921394
0.00013790472802
2 2 2 2 2 2 2 2 2 2 2 0 0 0 0 0 0 0 0 0 0 0 
1  0.310978  0.649520
2  0.311050  0.650515
3  0.302395  0.628490
4  0.302589  0.628665
5  0.300444  0.658877
6  0.300548  0.658792
7  0.277933  0.440417
8  0.280223  0.447390
9  0.280299  0.447548
10  0.278033  0.439927
11  0.266148  0.532549
12  0.274574  0.532964
13  0.282278  0.462092
14  0.282780  0.445190
15  0.282838  0.445668
16  0.282187  0.461608
17  0.304952  0.588890
18  0.311040  0.644899
19  0.304181  0.693007
20  0.305133  0.589081
21  0.304204  0.693055
22  0.310965  0.644556
1 2  0.621900  1.294498
1 3  0.613146  1.252163
1 4  0.588360  1.233229
1 5  0.609977  1.273191
1 6  0.586333  1.258144
1 7  0.568078  1.069675
1 8  0.568711  1.071162
1 9  0.591222  1.084570
1 10  0.588925  1.076950
1 11  0.574046  1.150125
1 12  0.580160  1.175267
1 13  0.593168  1.109628
1 14  0.593744  1.092985
1 15  0.561973  1.052175
1 16  0.562963  1.069528
1 17  0.615235  1.234484
1 18  0.403361  1.214024
1 19  0.612844  1.336711
1 20  0.585294  1.193460
1 21  0.582731  1.300383
1 22  0.620857  1.288961
2 3  0.588245  1.234025
2 4  0.613410  1.253247
2 5  0.586301  1.258908
2 6  0.610154  1.273877
2 7  0.588897  1.078402
2 8  0.591218  1.085315
2 9  0.568764  1.071910
2 10  0.568292  1.070424
2 11  0.574100  1.150950
2 12  0.580245  1.176231
2 13  0.563139  1.071010
2 14  0.561898  1.052688
2 15  0.593873  1.094441
2 16  0.593148  1.110136
2 17  0.585276  1.194594
2 18  0.620984  1.290261
2 19  0.582700  1.300689
2 20  0.615495  1.235657
2 21  0.612907  1.337718
2 22  0.403596  1.214837
3 4  0.603516  1.199927
3 5  0.568535  1.266814
3 6  0.602267  1.281936
3 7  0.580272  1.064972
3 8  0.582540  1.059977
3 9  0.575449  1.030895
3 10  0.574610  1.050440
3 11  0.549465  1.066798
3 12  0.558979  1.158233
3 13  0.583265  1.084357
3 14  0.582699  1.072160
3 15  0.584925  1.072433
3 16  0.584518  1.088533
3 17  0.355596  1.091706
3 18  0.612664  1.268871
3 19  0.566916  1.252669
3 20  0.605204  1.213215
3 21  0.605928  1.312269
3 22  0.581515  1.223375
4 5  0.602355  1.282205
4 6  0.568747  1.266924
4 7  0.574754  1.051267
4 8  0.575566  1.031071
4 9  0.582808  1.060189
4 10  0.580566  1.064615
4 11  0.549643  1.066859
4 12  0.559120  1.158414
4 13  0.584804  1.089190
4 14  0.585063  1.072131
4 15  0.582921  1.072808
4 16  0.583373  1.084029
4 17  0.605203  1.213197
4 18  0.581812  1.224430
4 19  0.606093  1.312401
4 20  0.355641  1.091804
4 21  0.567008  1.252409
4 22  0.612780  1.268700
5 6  0.590617  1.223876
5 7  0.577960  1.082609
5 8  0.580471  1.102686
5 9  0.575849  1.093151
5 10  0.571412  1.055985
5 11  0.564895  1.185965
5 12  0.572779  1.165165
5 13  0.579829  1.119107
5 14  0.581760  1.097561
5 15  0.583154  1.102876
5 16  0.581828  1.118510
5 17  0.564408  1.177017
5 18  0.609233  1.298727
5 19  0.351271  1.239233
5 20  0.605024  1.241662
5 21  0.595427  1.346109
5 22  0.580414  1.264895
6 7  0.571432  1.056269
6 8  0.575863  1.092686
6 9  0.580653  1.102834
6 10  0.578167  1.082148
6 11  0.565008  1.185819
6 12  0.572917  1.165140
6 13  0.582012  1.118907
6 14  0.583195  1.102320
6 15  0.581934  1.097964
6 16  0.579871  1.118541
6 17  0.604947  1.241386
6 18  0.580466  1.264709
6 19  0.595572  1.346008
6 20  0.564654  1.177400
6 21  0.351184  1.239117
6 22  0.609275  1.298317
7 8  0.514451  0.857087
7 9  0.558231  0.887432
7 10  0.555958  0.877852
7 11  0.543679  0.967238
7 12  0.552334  0.971108
7 13  0.560065  0.901963
7 14  0.560645  0.885163
7 15  0.511700  0.842629
7 16  0.271172  0.687011
7 17  0.582845  1.028223
7 18  0.557974  1.044545
7 19  0.581417  1.131414
7 20  0.581856  1.024583
7 21  0.579352  1.131617
7 22  0.588796  1.083215
8 9  0.560520  0.890778
8 10  0.558254  0.886790
8 11  0.545374  0.956162
8 12  0.553268  0.979294
8 13  0.562443  0.908950
8 14  0.562926  0.892037
8 15  0.273164  0.674897
8 16  0.512250  0.863054
8 17  0.584878  1.034789
8 18  0.560292  1.053203
8 19  0.584339  1.138393
8 20  0.582533  1.035214
8 21  0.583154  1.133589
8 22  0.591171  1.090255
9 10  0.514672  0.856859
9 11  0.545457  0.956152
9 12  0.553341  0.979452
9 13  0.512231  0.863435
9 14  0.273468  0.674867
9 15  0.563059  0.892672
9 16  0.562429  0.908626
9 17  0.582405  1.035178
9 18  0.591322  1.090758
9 19  0.583175  1.133689
9 20  0.585139  1.035146
9 21  0.584441  1.138592
9 22  0.560347  1.053142
10 11  0.543783  0.966702
10 12  0.552425  0.970644
10 13  0.271515  0.687225
10 14  0.511650  0.841722
10 15  0.560801  0.885153
10 16  0.560074  0.900996
10 17  0.581773  1.023910
10 18  0.588970  1.083080
10 19  0.579426  1.131093
10 20  0.583125  1.027932
10 21  0.581543  1.130989
10 22  0.557870  1.043688
11 12  0.242227  0.872446
11 13  0.548232  0.992051
11 14  0.547530  0.976653
11 15  0.547583  0.977131
11 16  0.548140  0.991571
11 17  0.553129  1.118803
11 18  0.571844  1.169817
11 19  0.568639  1.200028
11 20  0.553335  1.118990
11 21  0.568649  1.199913
11 22  0.571784  1.169460
12 13  0.556237  0.990200
12 14  0.556162  0.956112
12 15  0.556219  0.956542
12 16  0.556142  0.989736
12 17  0.558069  1.036774
12 18  0.582160  1.149876
12 19  0.576704  1.220161
12 20  0.558303  1.037215
12 21  0.576727  1.220229
12 22  0.582078  1.149744
13 14  0.520344  0.876478
13 15  0.565110  0.907211
13 16  0.564443  0.919125
13 17  0.580404  1.034971
13 18  0.593188  1.091799
13 19  0.578898  1.101238
13 20  0.587316  1.048161
13 21  0.585902  1.131313
13 22  0.571447  1.077402
14 15  0.565617  0.887833
14 16  0.564962  0.906253
14 17  0.579998  0.992510
14 18  0.593733  1.078509
14 19  0.580469  1.122247
14 20  0.587801  1.022432
14 21  0.586677  1.133481
14 22  0.571535  1.069417
15 16  0.520272  0.876474
15 17  0.587677  1.022632
15 18  0.571646  1.069999
15 19  0.586708  1.133961
15 20  0.580243  0.993103
15 21  0.580585  1.122947
15 22  0.593713  1.078658
16 17  0.587043  1.047478
16 18  0.571472  1.077474
16 19  0.585789  1.130924
16 20  0.580490  1.034593
16 21  0.578842  1.101042
16 22  0.593021  1.090999
17 18  0.615810  1.215597
17 19  0.573114  1.260804
17 20  0.608766  1.137650
17 21  0.608343  1.276820
17 22  0.591467  1.196494
18 19  0.613491  1.292665
18 20  0.591696  1.196978
18 21  0.590935  1.274463
18 22  0.621820  1.282583
19 20  0.608501  1.276953
19 21  0.596233  1.269237
19 22  0.590815  1.274094
20 21  0.573246  1.261089
20 22  0.615915  1.215524
21 22  0.613432  1.292424
