   -841.25824903
   -841.52638800     -841.40109086
0.00009457675267
2 2 2 2 2 2 2 2 2 2 2 0 0 0 0 0 0 0 0 0 0 0 
1  0.312845  0.649127
2  0.312919  0.648775
3  0.305288  0.631416
4  0.305327  0.631856
5  0.303561  0.662527
6  0.303667  0.662887
7  0.279450  0.444391
8  0.281707  0.451251
9  0.281800  0.451249
10  0.279512  0.443743
11  0.269253  0.537848
12  0.277795  0.538355
13  0.283742  0.466228
14  0.284358  0.449338
15  0.284338  0.449827
16  0.283567  0.465955
17  0.307787  0.591167
18  0.313039  0.644010
19  0.307015  0.696526
20  0.307828  0.591428
21  0.307107  0.696884
22  0.313051  0.643697
1 2  0.625642  1.292578
1 3  0.617892  1.254285
1 4  0.592882  1.236441
1 5  0.614928  1.275480
1 6  0.591102  1.261599
1 7  0.571414  1.073289
1 8  0.572082  1.074621
1 9  0.594572  1.087106
1 10  0.592243  1.079480
1 11  0.578912  1.154983
1 12  0.585157  1.180257
1 13  0.596474  1.113375
1 14  0.597192  1.096728
1 15  0.565385  1.056440
1 16  0.566235  1.073959
1 17  0.619908  1.236472
1 18  0.406689  1.212715
1 19  0.617519  1.339936
1 20  0.589790  1.196326
1 21  0.587414  1.304924
1 22  0.624744  1.287808
2 3  0.592923  1.235754
2 4  0.618005  1.254367
2 5  0.591039  1.260853
2 6  0.615109  1.275510
2 7  0.592253  1.079785
2 8  0.594552  1.086705
2 9  0.572173  1.073958
2 10  0.571603  1.072576
2 11  0.578972  1.154521
2 12  0.585239  1.179961
2 13  0.566494  1.073867
2 14  0.565375  1.055582
2 15  0.597245  1.096859
2 16  0.596375  1.112756
2 17  0.589928  1.196184
2 18  0.624809  1.287749
2 19  0.587313  1.303782
2 20  0.620021  1.236368
2 21  0.617686  1.339919
2 22  0.407039  1.212048
3 4  0.609118  1.205634
3 5  0.574255  1.273306
3 6  0.608245  1.288952
3 7  0.584668  1.071744
3 8  0.586910  1.066103
3 9  0.579646  1.036867
3 10  0.578788  1.056429
3 11  0.554878  1.073732
3 12  0.564769  1.166340
3 13  0.587608  1.091528
3 14  0.587055  1.079266
3 15  0.589302  1.079525
3 16  0.588791  1.095752
3 17  0.360445  1.096071
3 18  0.617537  1.271030
3 19  0.572551  1.260840
3 20  0.610683  1.218524
3 21  0.611698  1.318933
3 22  0.586366  1.226608
4 5  0.608173  1.289048
4 6  0.574370  1.274096
4 7  0.578809  1.057699
4 8  0.579601  1.037372
4 9  0.587039  1.066449
4 10  0.584767  1.071481
4 11  0.554907  1.073948
4 12  0.564742  1.166758
4 13  0.589008  1.096459
4 14  0.589364  1.079477
4 15  0.587053  1.080189
4 16  0.587477  1.091689
4 17  0.610660  1.218711
4 18  0.586468  1.227789
4 19  0.611636  1.319002
4 20  0.360307  1.096801
4 21  0.572624  1.261208
4 22  0.617580  1.271154
5 6  0.596389  1.229761
5 7  0.582534  1.089485
5 8  0.585052  1.110095
5 9  0.580215  1.099897
5 10  0.575767  1.062665
5 11  0.571083  1.194929
5 12  0.579076  1.175078
5 13  0.584284  1.126921
5 14  0.586401  1.105328
5 15  0.587761  1.110600
5 16  0.586277  1.126566
5 17  0.570243  1.184628
5 18  0.614300  1.301581
5 19  0.356443  1.245758
5 20  0.610811  1.247647
5 21  0.601224  1.353630
5 22  0.585499  1.268576
6 7  0.575804  1.063402
6 8  0.580203  1.100025
6 9  0.585252  1.110507
6 10  0.582701  1.089341
6 11  0.571200  1.195237
6 12  0.579193  1.175525
6 13  0.586559  1.127200
6 14  0.587886  1.110475
6 15  0.586497  1.106174
6 16  0.584237  1.127006
6 17  0.610872  1.247747
6 18  0.585471  1.268775
6 19  0.601306  1.353646
6 20  0.570413  1.185578
6 21  0.356377  1.246508
6 22  0.614437  1.301668
7 8  0.517409  0.864498
7 9  0.561247  0.895097
7 10  0.558948  0.885446
7 11  0.548223  0.976162
7 12  0.557050  0.980376
7 13  0.562996  0.910075
7 14  0.563711  0.893273
7 15  0.514895  0.851795
7 16  0.273761  0.695684
7 17  0.587200  1.034453
7 18  0.561498  1.048098
7 19  0.585705  1.138965
7 20  0.586024  1.031046
7 21  0.583678  1.139459
7 22  0.592388  1.086338
8 9  0.563505  0.897968
8 10  0.561217  0.894454
8 11  0.549930  0.964553
8 12  0.557952  0.988562
8 13  0.565351  0.916935
8 14  0.565944  0.900030
8 15  0.275584  0.683582
8 16  0.515238  0.872395
8 17  0.589239  1.040945
8 18  0.563793  1.056703
8 19  0.588655  1.145654
8 20  0.586638  1.041455
8 21  0.587455  1.141306
8 22  0.594739  1.093272
9 10  0.517565  0.863891
9 11  0.550021  0.964500
9 12  0.558042  0.988563
9 13  0.515297  0.872452
9 14  0.275952  0.683296
9 15  0.566018  0.900516
9 16  0.565276  0.916661
9 17  0.586668  1.041196
9 18  0.594820  1.093580
9 19  0.587450  1.140938
9 20  0.589375  1.041201
9 21  0.588841  1.146021
9 22  0.563942  1.056464
10 11  0.548283  0.975489
10 12  0.557110  0.979747
10 13  0.274147  0.695485
10 14  0.514880  0.850747
10 15  0.563757  0.893112
10 16  0.562891  0.909157
10 17  0.586047  1.030146
10 18  0.592440  1.086011
10 19  0.583664  1.138465
10 20  0.587303  1.034070
10 21  0.585866  1.138685
10 22  0.561445  1.047114
11 12  0.247505  0.882838
11 13  0.552789  1.001343
11 14  0.552108  0.986126
11 15  0.552084  0.986610
11 16  0.552613  1.001062
11 17  0.558861  1.126202
11 18  0.576815  1.174382
11 19  0.574558  1.209598
11 20  0.558940  1.126465
11 21  0.574638  1.209819
11 22  0.576840  1.174041
12 13  0.560907  0.999474
12 14  0.560954  0.965013
12 15  0.560933  0.965437
12 16  0.560733  0.999196
12 17  0.563415  1.043124
12 18  0.587319  1.154364
12 19  0.582696  1.229157
12 20  0.563525  1.043443
12 21  0.582781  1.229521
12 22  0.587332  1.154198
13 14  0.523310  0.884309
13 15  0.568074  0.915498
13 16  0.567283  0.927289
13 17  0.584550  1.040796
13 18  0.596633  1.094217
13 19  0.582965  1.108065
13 20  0.591462  1.054559
13 21  0.590232  1.138455
13 22  0.574872  1.080673
14 15  0.568695  0.895861
14 16  0.567918  0.914739
14 17  0.584235  0.998523
14 18  0.597297  1.080987
14 19  0.584595  1.129236
14 20  0.592070  1.028403
14 21  0.591126  1.141243
14 22  0.575180  1.072693
15 16  0.523122  0.884542
15 17  0.592008  1.028565
15 18  0.575125  1.073288
15 19  0.591016  1.141406
15 20  0.584261  0.999138
15 21  0.584695  1.130205
15 22  0.597290  1.081189
16 17  0.591245  1.054000
16 18  0.574727  1.080911
16 19  0.589966  1.137930
16 20  0.584404  1.040657
16 21  0.582893  1.108261
16 22  0.596470  1.093647
17 18  0.620636  1.216766
17 19  0.578569  1.266596
17 20  0.614193  1.141900
17 21  0.614057  1.282920
17 22  0.596353  1.198466
18 19  0.618270  1.294732
18 20  0.596364  1.199067
18 21  0.595681  1.277305
18 22  0.625888  1.281013
19 20  0.614004  1.282834
19 21  0.601513  1.274287
19 22  0.595597  1.276705
20 21  0.578699  1.267126
20 22  0.620686  1.216709
21 22  0.618360  1.294747
