   -841.25824903
   -841.52704949     -841.40270746
0.00004706912150
2 2 2 2 2 2 2 2 2 2 2 0 0 0 0 0 0 0 0 0 0 0 
1  0.315084  0.647958
2  0.315123  0.648183
3  0.307714  0.633812
4  0.307775  0.633841
5  0.306269  0.665827
6  0.306381  0.665946
7  0.280634  0.448407
8  0.282760  0.455384
9  0.282859  0.455729
10  0.280693  0.448116
11  0.272044  0.541774
12  0.280792  0.542908
13  0.284891  0.470266
14  0.285446  0.453456
15  0.285435  0.453598
16  0.284731  0.469765
17  0.310274  0.593649
18  0.315177  0.643073
19  0.309726  0.699649
20  0.310376  0.593633
21  0.309827  0.699802
22  0.315138  0.643115
1 2  0.630065  1.291029
1 3  0.622544  1.255229
1 4  0.597410  1.237918
1 5  0.619777  1.277020
1 6  0.595617  1.263473
1 7  0.574835  1.076181
1 8  0.575422  1.077743
1 9  0.597861  1.089623
1 10  0.595643  1.081859
1 11  0.583807  1.157853
1 12  0.590257  1.183738
1 13  0.599848  1.116246
1 14  0.600519  1.099671
1 15  0.568753  1.059567
1 16  0.569646  1.077106
1 17  0.624617  1.237868
1 18  0.410717  1.210413
1 19  0.622393  1.341998
1 20  0.594420  1.198380
1 21  0.592079  1.307405
1 22  0.628960  1.286230
2 3  0.597385  1.238178
2 4  0.622644  1.255476
2 5  0.595543  1.263471
2 6  0.619934  1.277345
2 7  0.595624  1.082382
2 8  0.597802  1.089446
2 9  0.575477  1.077971
2 10  0.574989  1.076382
2 11  0.583822  1.157907
2 12  0.590284  1.184020
2 13  0.569865  1.077790
2 14  0.568703  1.059613
2 15  0.600547  1.100032
2 16  0.599729  1.115976
2 17  0.594455  1.199051
2 18  0.629036  1.286412
2 19  0.591940  1.307023
2 20  0.624761  1.238079
2 21  0.622525  1.342353
2 22  0.410995  1.210825
3 4  0.613905  1.209677
3 5  0.579303  1.278870
3 6  0.613375  1.294412
3 7  0.588259  1.078039
3 8  0.590374  1.072066
3 9  0.583016  1.043135
3 10  0.582262  1.062501
3 11  0.559460  1.078860
3 12  0.569874  1.173023
3 13  0.591151  1.098128
3 14  0.590502  1.085819
3 15  0.592807  1.085703
3 16  0.592374  1.101870
3 17  0.364718  1.100395
3 18  0.622098  1.272576
3 19  0.577588  1.267976
3 20  0.615540  1.223195
3 21  0.616831  1.324244
3 22  0.590751  1.229431
4 5  0.613319  1.294331
4 6  0.579443  1.279024
4 7  0.582305  1.063060
4 8  0.582991  1.042976
4 9  0.590533  1.072339
4 10  0.588378  1.077722
4 11  0.559511  1.078760
4 12  0.569862  1.173043
4 13  0.592596  1.102400
4 14  0.592883  1.085592
4 15  0.590532  1.085990
4 16  0.591057  1.097647
4 17  0.615494  1.223224
4 18  0.590926  1.229881
4 19  0.616785  1.324110
4 20  0.364660  1.100354
4 21  0.577670  1.267761
4 22  0.622114  1.272639
5 6  0.601343  1.234411
5 7  0.586393  1.096108
5 8  0.588794  1.117356
5 9  0.583856  1.106968
5 10  0.579510  1.069396
5 11  0.576558  1.202195
5 12  0.584764  1.183805
5 13  0.588078  1.134278
5 14  0.590177  1.112803
5 15  0.591547  1.117609
5 16  0.590084  1.133725
5 17  0.575256  1.191895
5 18  0.619074  1.304011
5 19  0.361254  1.252183
5 20  0.616066  1.253118
5 21  0.606474  1.359869
5 22  0.590052  1.271944
6 7  0.579562  1.069627
6 8  0.583842  1.106536
6 9  0.589006  1.117878
6 10  0.586566  1.096072
6 11  0.576676  1.202269
6 12  0.584888  1.184013
6 13  0.590354  1.134343
6 14  0.591665  1.117585
6 15  0.590286  1.113083
6 16  0.588058  1.133899
6 17  0.616074  1.253239
6 18  0.590062  1.271575
6 19  0.606550  1.359857
6 20  0.575476  1.192354
6 21  0.361206  1.252336
6 22  0.619162  1.304183
7 8  0.519611  0.872170
7 9  0.563490  0.903580
7 10  0.561308  0.893599
7 11  0.552179  0.983843
7 12  0.561207  0.988862
7 13  0.565286  0.918126
7 14  0.565961  0.901386
7 15  0.517256  0.860577
7 16  0.275751  0.703991
7 17  0.590869  1.040904
7 18  0.564866  1.051575
7 19  0.589536  1.146149
7 20  0.589737  1.037407
7 21  0.587534  1.146431
7 22  0.595645  1.089764
8 9  0.565616  0.906206
8 10  0.563450  0.902947
8 11  0.553738  0.972132
8 12  0.561886  0.997265
8 13  0.567527  0.925078
8 14  0.568063  0.908268
8 15  0.277527  0.691834
8 16  0.517536  0.881431
8 17  0.592752  1.047551
8 18  0.567025  1.060312
8 19  0.592410  1.152807
8 20  0.590178  1.047837
8 21  0.591205  1.148367
8 22  0.597877  1.096813
9 10  0.519775  0.872254
9 11  0.553835  0.972402
9 12  0.561974  0.997610
9 13  0.517593  0.882066
9 14  0.277892  0.692382
9 15  0.568152  0.908753
9 16  0.567467  0.924922
9 17  0.590151  1.048197
9 18  0.598014  1.097113
9 19  0.591198  1.148539
9 20  0.592956  1.047874
9 21  0.592610  1.153300
9 22  0.567127  1.060743
10 11  0.552237  0.983517
10 12  0.561261  0.988578
10 13  0.276129  0.704474
10 14  0.517232  0.860243
10 15  0.566010  0.901236
10 16  0.565187  0.917337
10 17  0.589695  1.037132
10 18  0.595745  1.089440
10 19  0.587505  1.145993
10 20  0.591030  1.040597
10 21  0.589699  1.146017
10 22  0.564757  1.051270
11 12  0.252612  0.890815
11 13  0.556702  1.009207
11 14  0.555889  0.994173
11 15  0.555870  0.994315
11 16  0.556542  1.008709
11 17  0.563840  1.132401
11 18  0.581670  1.177458
11 19  0.580037  1.217496
11 20  0.563972  1.132396
11 21  0.580122  1.217569
11 22  0.581646  1.177471
12 13  0.565043  1.007798
12 14  0.565013  0.973226
12 15  0.565004  0.973350
12 16  0.564882  1.007291
12 17  0.568211  1.048704
12 18  0.592340  1.158022
12 19  0.588367  1.236867
12 20  0.568335  1.048813
12 21  0.588461  1.237046
12 22  0.592307  1.158144
13 14  0.525502  0.892038
13 15  0.570319  0.923300
13 16  0.569589  0.934793
13 17  0.588090  1.046767
13 18  0.599896  1.096429
13 19  0.586730  1.114309
13 20  0.595133  1.060695
13 21  0.594072  1.144577
13 22  0.578077  1.084191
14 15  0.570880  0.903478
14 16  0.570169  0.922660
14 17  0.587717  1.004657
14 18  0.600513  1.083492
14 19  0.588226  1.135778
14 20  0.595695  1.034272
14 21  0.594916  1.148075
14 22  0.578396  1.076238
15 16  0.525332  0.891702
15 17  0.595581  1.034365
15 18  0.578397  1.076165
15 19  0.594806  1.148124
15 20  0.587815  1.004741
15 21  0.588343  1.136234
15 22  0.600463  1.083715
16 17  0.594871  1.060183
16 18  0.577997  1.083854
16 19  0.593811  1.144044
16 20  0.588018  1.046154
16 21  0.586678  1.114144
16 22  0.599694  1.095968
17 18  0.625250  1.217984
17 19  0.583668  1.272027
17 20  0.619163  1.146052
17 21  0.619230  1.288307
17 22  0.600762  1.200916
18 19  0.623027  1.296437
18 20  0.600893  1.200928
18 21  0.600159  1.279435
18 22  0.630099  1.279691
19 20  0.619237  1.288136
19 21  0.606410  1.278487
19 22  0.600026  1.279340
20 21  0.583841  1.272124
20 22  0.625311  1.217991
21 22  0.623081  1.296608
