   -841.25824903
   -841.52738122     -841.40363630
0.00001928122563
2 2 2 2 2 2 2 2 2 2 2 0 0 0 0 0 0 0 0 0 0 0 
1  0.316159  0.647661
2  0.316194  0.647880
3  0.309006  0.635212
4  0.309068  0.635206
5  0.307746  0.667718
6  0.307872  0.667814
7  0.281319  0.451030
8  0.283416  0.458084
9  0.283508  0.458435
10  0.281377  0.450746
11  0.273423  0.544510
12  0.282318  0.545764
13  0.285515  0.472870
14  0.286113  0.456157
15  0.286121  0.456283
16  0.285368  0.472365
17  0.311553  0.594968
18  0.316221  0.642814
19  0.311250  0.701410
20  0.311658  0.595009
21  0.311362  0.701553
22  0.316170  0.642840
1 2  0.632210  1.290579
1 3  0.624904  1.256157
1 4  0.599705  1.239335
1 5  0.622290  1.278309
1 6  0.597981  1.265032
1 7  0.576596  1.078564
1 8  0.577167  1.080197
1 9  0.599578  1.091494
1 10  0.597386  1.083599
1 11  0.586182  1.160265
1 12  0.592831  1.186347
1 13  0.601536  1.118560
1 14  0.602257  1.102088
1 15  0.570551  1.062302
1 16  0.571357  1.079756
1 17  0.626958  1.238945
1 18  0.412691  1.209702
1 19  0.624958  1.343536
1 20  0.596737  1.200022
1 21  0.594546  1.309323
1 22  0.631030  1.285782
2 3  0.599674  1.239614
2 4  0.625002  1.256367
2 5  0.597890  1.265049
2 6  0.622454  1.278592
2 7  0.597363  1.084117
2 8  0.599521  1.091307
2 9  0.577213  1.080420
2 10  0.576744  1.078769
2 11  0.586192  1.160311
2 12  0.592856  1.186616
2 13  0.571556  1.080442
2 14  0.570482  1.062360
2 15  0.602297  1.102426
2 16  0.601426  1.118279
2 17  0.596763  1.200635
2 18  0.631110  1.285973
2 19  0.594397  1.308944
2 20  0.627098  1.239204
2 21  0.625094  1.343870
2 22  0.412949  1.210090
3 4  0.616449  1.212265
3 5  0.581977  1.282065
3 6  0.616142  1.297711
3 7  0.590219  1.081966
3 8  0.592316  1.075816
3 9  0.584901  1.046940
3 10  0.584173  1.066142
3 11  0.561753  1.082210
3 12  0.572546  1.177115
3 13  0.593055  1.102253
3 14  0.592443  1.089944
3 15  0.594776  1.089806
3 16  0.594303  1.105817
3 17  0.366947  1.102783
3 18  0.624424  1.273795
3 19  0.580340  1.272171
3 20  0.618081  1.225978
3 21  0.619647  1.327390
3 22  0.593042  1.231164
4 5  0.616076  1.297618
4 6  0.582134  1.282166
4 7  0.584221  1.066663
4 8  0.584885  1.046748
4 9  0.592470  1.076051
4 10  0.590338  1.081614
4 11  0.561803  1.082084
4 12  0.572538  1.177093
4 13  0.594513  1.106316
4 14  0.594836  1.089673
4 15  0.592493  1.090064
4 16  0.592977  1.101732
4 17  0.618028  1.225922
4 18  0.593227  1.231580
4 19  0.619592  1.327239
4 20  0.366879  1.102759
4 21  0.580439  1.271918
4 22  0.624431  1.273804
5 6  0.604089  1.237295
5 7  0.588536  1.100170
5 8  0.590915  1.121828
5 9  0.585907  1.111134
5 10  0.581596  1.073347
5 11  0.579391  1.206852
5 12  0.587749  1.189055
5 13  0.590156  1.138798
5 14  0.592301  1.117417
5 15  0.593705  1.122127
5 16  0.592145  1.138259
5 17  0.577875  1.196052
5 18  0.621579  1.305704
5 19  0.363897  1.255715
5 20  0.618808  1.256404
5 21  0.609414  1.363481
5 22  0.592397  1.273921
6 7  0.581664  1.073542
6 8  0.585913  1.110670
6 9  0.591134  1.122335
6 10  0.588720  1.100125
6 11  0.579524  1.206903
6 12  0.587886  1.189239
6 13  0.592412  1.138860
6 14  0.593819  1.122093
6 15  0.592442  1.117658
6 16  0.590162  1.138390
6 17  0.618828  1.256445
6 18  0.592433  1.273548
6 19  0.609488  1.363452
6 20  0.578122  1.196537
6 21  0.363865  1.255850
6 22  0.621669  1.305843
7 8  0.520843  0.877222
7 9  0.564823  0.908899
7 10  0.562672  0.898680
7 11  0.554236  0.989014
7 12  0.563410  0.994282
7 13  0.566546  0.923362
7 14  0.567281  0.906700
7 15  0.518636  0.866562
7 16  0.276869  0.709580
7 17  0.592828  1.044806
7 18  0.566613  1.054215
7 19  0.591714  1.150559
7 20  0.591684  1.041508
7 21  0.589721  1.150826
7 22  0.597353  1.092119
8 9  0.566921  0.911364
8 10  0.564789  0.908266
8 11  0.555761  0.977229
8 12  0.563974  1.002820
8 13  0.568796  0.930367
8 14  0.569356  0.913666
8 15  0.278688  0.697613
8 16  0.518847  0.887418
8 17  0.594691  1.051566
8 18  0.568767  1.063060
8 19  0.594584  1.157173
8 20  0.592102  1.051933
8 21  0.593372  1.152853
8 22  0.599563  1.099242
9 10  0.521001  0.877320
9 11  0.555849  0.977501
9 12  0.564059  1.003170
9 13  0.518884  0.888070
9 14  0.279032  0.698186
9 15  0.569455  0.914143
9 16  0.568741  0.930213
9 17  0.592066  1.052243
9 18  0.599705  1.099564
9 19  0.593347  1.153044
9 20  0.594886  1.051957
9 21  0.594788  1.157663
9 22  0.568849  1.063472
10 11  0.554294  0.988689
10 12  0.563463  0.994003
10 13  0.277240  0.710076
10 14  0.518596  0.866250
10 15  0.567347  0.906542
10 16  0.566458  0.922575
10 17  0.591637  1.041182
10 18  0.597462  1.091817
10 19  0.589680  1.150405
10 20  0.592990  1.044564
10 21  0.591883  1.150423
10 22  0.566493  1.053902
11 12  0.255294  0.896244
11 13  0.558703  1.014494
11 14  0.557867  0.999613
11 15  0.557864  0.999738
11 16  0.558557  1.013991
11 17  0.566397  1.136305
11 18  0.584062  1.179999
11 19  0.582913  1.222471
11 20  0.566538  1.136357
11 21  0.583011  1.222530
11 22  0.584027  1.179995
12 13  0.567189  1.013059
12 14  0.567184  0.978432
12 15  0.567191  0.978533
12 16  0.567043  1.012544
12 17  0.570619  1.052056
12 18  0.594840  1.160614
12 19  0.591391  1.241530
12 20  0.570747  1.052207
12 21  0.591496  1.241696
12 22  0.594800  1.160708
13 14  0.526717  0.897045
13 15  0.571629  0.928585
13 16  0.570851  0.939728
13 17  0.589940  1.050374
13 18  0.601546  1.098105
13 19  0.588819  1.118197
13 20  0.597023  1.064565
13 21  0.596207  1.148372
13 22  0.579731  1.086609
14 15  0.572232  0.908645
14 16  0.571475  0.927955
14 17  0.589628  1.008434
14 18  0.602212  1.085393
14 19  0.590312  1.139784
14 20  0.597641  1.038042
14 21  0.597095  1.152349
14 22  0.580118  1.078713
15 16  0.526578  0.896693
15 17  0.597543  1.038071
15 18  0.580147  1.078639
15 19  0.596991  1.152393
15 20  0.589744  1.008562
15 21  0.590459  1.140220
15 22  0.602169  1.085583
16 17  0.596770  1.063994
16 18  0.579676  1.086281
16 19  0.595949  1.147846
16 20  0.589884  1.049809
16 21  0.588792  1.118017
16 22  0.601348  1.097625
17 18  0.627563  1.218907
17 19  0.586375  1.275026
17 20  0.621686  1.148567
17 21  0.622018  1.291389
17 22  0.603021  1.202302
18 19  0.625546  1.297798
18 20  0.603164  1.202387
18 21  0.602557  1.281010
18 22  0.632164  1.279283
19 20  0.622014  1.291283
19 21  0.609170  1.280894
19 22  0.602403  1.280917
20 21  0.586565  1.275172
20 22  0.627617  1.218950
21 22  0.625600  1.297932
