   -841.25824903
   -841.52753672     -841.40411459
0.00000593817345
2 2 2 2 2 2 2 2 2 2 2 0 0 0 0 0 0 0 0 0 0 0 
1  0.316711  0.647553
2  0.316743  0.647794
3  0.309680  0.635944
4  0.309743  0.635918
5  0.308449  0.668695
6  0.308577  0.668790
7  0.281626  0.452973
8  0.283708  0.459964
9  0.283800  0.460324
10  0.281683  0.452701
11  0.274106  0.545924
12  0.283031  0.547328
13  0.285818  0.474769
14  0.286417  0.457996
15  0.286423  0.458103
16  0.285671  0.474239
17  0.312223  0.595654
18  0.316755  0.642727
19  0.311969  0.702360
20  0.312327  0.595694
21  0.312082  0.702495
22  0.316702  0.642788
1 2  0.633307  1.290471
1 3  0.626127  1.256694
1 4  0.600906  1.240133
1 5  0.623525  1.279052
1 6  0.599126  1.265907
1 7  0.577468  1.080421
1 8  0.578044  1.081966
1 9  0.600418  1.092959
1 10  0.598236  1.085047
1 11  0.587390  1.161581
1 12  0.594079  1.187830
1 13  0.602378  1.120352
1 14  0.603110  1.103829
1 15  0.571428  1.064229
1 16  0.572224  1.081752
1 17  0.628174  1.239557
1 18  0.413675  1.209527
1 19  0.626219  1.344419
1 20  0.597932  1.200946
1 21  0.595721  1.310439
1 22  0.632096  1.285676
2 3  0.600874  1.240452
2 4  0.626222  1.256908
2 5  0.599032  1.265941
2 6  0.623689  1.279360
2 7  0.598212  1.085566
2 8  0.600358  1.092773
2 9  0.578088  1.082220
2 10  0.577612  1.080660
2 11  0.587397  1.161647
2 12  0.594103  1.188119
2 13  0.572420  1.082485
2 14  0.571357  1.064329
2 15  0.603147  1.104170
2 16  0.602265  1.120068
2 17  0.597958  1.201574
2 18  0.632176  1.285853
2 19  0.595569  1.310093
2 20  0.628311  1.239840
2 21  0.626354  1.344768
2 22  0.413930  1.209977
3 4  0.617775  1.213629
3 5  0.583303  1.283743
3 6  0.617514  1.299450
3 7  0.591190  1.084547
3 8  0.593281  1.078203
3 9  0.585864  1.049350
3 10  0.585132  1.068601
3 11  0.562930  1.083957
3 12  0.573845  1.179293
3 13  0.594026  1.104956
3 14  0.593417  1.092532
3 15  0.595751  1.092356
3 16  0.595276  1.108379
3 17  0.368092  1.104026
3 18  0.625624  1.274479
3 19  0.581691  1.274495
3 20  0.619389  1.227449
3 21  0.621033  1.329091
3 22  0.594214  1.232204
4 5  0.617445  1.299340
4 6  0.583462  1.283823
4 7  0.585181  1.069093
4 8  0.585847  1.049133
4 9  0.593434  1.078428
4 10  0.591307  1.084189
4 11  0.562982  1.083817
4 12  0.573836  1.179248
4 13  0.595487  1.108883
4 14  0.595812  1.092223
4 15  0.593465  1.092611
4 16  0.593948  1.104391
4 17  0.619337  1.227372
4 18  0.594401  1.232563
4 19  0.620976  1.328930
4 20  0.368026  1.103975
4 21  0.581790  1.274218
4 22  0.625630  1.274505
5 6  0.605393  1.238717
5 7  0.589539  1.102797
5 8  0.591900  1.124614
5 9  0.586864  1.113773
5 10  0.582617  1.075961
5 11  0.580765  1.209280
5 12  0.589152  1.191907
5 13  0.591168  1.141692
5 14  0.593305  1.120267
5 15  0.594708  1.124883
5 16  0.593114  1.141131
5 17  0.579176  1.198316
5 18  0.622812  1.306616
5 19  0.365148  1.257502
5 20  0.620172  1.258077
5 21  0.610785  1.365402
5 22  0.593556  1.275063
6 7  0.582686  1.076145
6 8  0.586872  1.113298
6 9  0.592121  1.125129
6 10  0.589725  1.102764
6 11  0.580899  1.209329
6 12  0.589291  1.192090
6 13  0.593385  1.141754
6 14  0.594825  1.124867
6 15  0.593447  1.120487
6 16  0.591176  1.141259
6 17  0.620195  1.258122
6 18  0.593595  1.274657
6 19  0.610861  1.365382
6 20  0.579425  1.198797
6 21  0.365117  1.257619
6 22  0.622903  1.306787
7 8  0.521364  0.880897
7 9  0.565421  0.912722
7 10  0.563283  0.902428
7 11  0.555223  0.992258
7 12  0.564430  0.997756
7 13  0.567115  0.927206
7 14  0.567880  0.910468
7 15  0.519219  0.870727
7 16  0.277364  0.713639
7 17  0.593804  1.047410
7 18  0.567471  1.056288
7 19  0.592710  1.153467
7 20  0.592656  1.044197
7 21  0.590748  1.153729
7 22  0.598178  1.094012
8 9  0.567505  0.914960
8 10  0.565386  0.912095
8 11  0.556729  0.980344
8 12  0.564941  1.006272
8 13  0.569381  0.934132
8 14  0.569922  0.917404
8 15  0.279233  0.701534
8 16  0.519417  0.891603
8 17  0.595658  1.054116
8 18  0.569614  1.065048
8 19  0.595593  1.159949
8 20  0.593054  1.054515
8 21  0.594380  1.155703
8 22  0.600383  1.101074
9 10  0.521519  0.881017
9 11  0.556818  0.980623
9 12  0.565027  1.006631
9 13  0.519453  0.892290
9 14  0.279580  0.702138
9 15  0.570019  0.917869
9 16  0.569326  0.933962
9 17  0.593019  1.054834
9 18  0.600526  1.101370
9 19  0.594354  1.155908
9 20  0.595852  1.054514
9 21  0.595797  1.160441
9 22  0.569694  1.065503
10 11  0.555279  0.991947
10 12  0.564482  0.997491
10 13  0.277732  0.714179
10 14  0.519176  0.870448
10 15  0.567943  0.910303
10 16  0.567026  0.926408
10 17  0.592609  1.043886
10 18  0.598289  1.093687
10 19  0.590705  1.153328
10 20  0.593963  1.047181
10 21  0.592879  1.153339
10 22  0.567346  1.056022
11 12  0.256580  0.899105
11 13  0.559690  1.017781
11 14  0.558819  1.002876
11 15  0.558814  1.002981
11 16  0.559543  1.017254
11 17  0.567675  1.138307
11 18  0.585258  1.181358
11 19  0.584303  1.225123
11 20  0.567813  1.138362
11 21  0.584402  1.225175
11 22  0.585221  1.181387
12 13  0.568206  1.016417
12 14  0.568193  0.981628
12 15  0.568198  0.981712
12 16  0.568058  1.015879
12 17  0.571811  1.053849
12 18  0.596065  1.162088
12 19  0.592808  1.244083
12 20  0.571939  1.053997
12 21  0.592913  1.244241
12 22  0.596023  1.162219
13 14  0.527243  0.900648
13 15  0.572233  0.932299
13 16  0.571454  0.943289
13 17  0.590896  1.052794
13 18  0.602373  1.099479
13 19  0.589856  1.120741
13 20  0.597977  1.067064
13 21  0.597224  1.150866
13 22  0.580583  1.088481
14 15  0.572838  0.912143
14 16  0.572080  0.931664
14 17  0.590598  1.010790
14 18  0.603045  1.086835
14 19  0.591293  1.142346
14 20  0.598614  1.040362
14 21  0.598105  1.155044
14 22  0.580986  1.080489
15 16  0.527104  0.900252
15 17  0.598515  1.040375
15 18  0.581015  1.080361
15 19  0.597999  1.155074
15 20  0.590710  1.010900
15 21  0.591439  1.142757
15 22  0.602998  1.087049
16 17  0.597724  1.066470
16 18  0.580529  1.088097
16 19  0.596965  1.150323
16 20  0.590838  1.052203
16 21  0.589828  1.120535
16 22  0.602171  1.099016
17 18  0.628765  1.219430
17 19  0.587697  1.276640
17 20  0.623009  1.149866
17 21  0.623396  1.293036
17 22  0.604208  1.203126
18 19  0.626783  1.298622
18 20  0.604351  1.203175
18 21  0.603722  1.281924
18 22  0.633227  1.279225
19 20  0.623389  1.292937
19 21  0.610468  1.282082
19 22  0.603567  1.281864
20 21  0.587889  1.276776
20 22  0.628815  1.219511
21 22  0.626836  1.298780
