  -1146.53742900
  -1146.89922880    -1146.77073127
0.00010558458929
2 2 2 2 2 2 2 2 2 2 2 2 2 2 2 0 0 0 0 0 0 0 0 0 0 0 0 0 0 0 
1  0.267075  0.490499
2  0.273542  0.571175
3  0.270507  0.385651
4  0.280095  0.336354
5  0.280353  0.324390
6  0.264134  0.423740
7  0.276488  0.341263
8  0.277276  0.344124
9  0.302257  0.564059
10  0.300188  0.632470
11  0.303099  0.715581
12  0.302907  0.449034
13  0.306314  0.445931
14  0.299159  0.722059
15  0.313941  0.580827
16  0.271783  0.486936
17  0.280980  0.572787
18  0.274807  0.372250
19  0.283944  0.355715
20  0.282813  0.321464
21  0.269577  0.445386
22  0.278982  0.336910
23  0.280295  0.349091
24  0.303720  0.668804
25  0.302991  0.439112
26  0.316392  0.604130
27  0.304824  0.578877
28  0.300861  0.618397
29  0.306863  0.458124
30  0.300353  0.747074
1 2  0.539548  1.029126
1 3  0.533095  0.855457
1 4  0.546942  0.825575
1 5  0.547133  0.809785
1 6  0.531188  0.913114
1 7  0.543554  0.831101
1 8  0.544338  0.831864
1 9  0.568804  1.035795
1 10  0.556145  1.067039
1 11  0.564408  1.163244
1 12  0.569956  0.933341
1 13  0.572216  0.931608
1 14  0.558311  1.205073
1 15  0.556945  1.041112
1 16  0.258501  0.783187
1 17  0.546413  1.060777
1 18  0.537056  0.861197
1 19  0.550770  0.844738
1 20  0.549185  0.811670
1 21  0.536553  0.934864
1 22  0.546055  0.827256
1 23  0.547320  0.839357
1 24  0.565450  1.155779
1 25  0.569873  0.928983
1 26  0.554446  1.057491
1 27  0.571716  1.067570
1 28  0.563267  1.105831
1 29  0.573332  0.944381
1 30  0.555620  1.204601
2 3  0.544029  0.946717
2 4  0.553631  0.907049
2 5  0.553890  0.893657
2 6  0.535437  0.982061
2 7  0.549894  0.912137
2 8  0.550334  0.910387
2 9  0.552997  1.099787
2 10  0.568935  1.167800
2 11  0.555044  1.178713
2 12  0.573720  0.990888
2 13  0.579848  1.013578
2 14  0.570119  1.277364
2 15  0.587147  1.143604
2 16  0.543761  1.055751
2 17  0.266274  0.961441
2 18  0.548140  0.942774
2 19  0.557479  0.926613
2 20  0.556353  0.892513
2 21  0.542719  1.010029
2 22  0.551930  0.907216
2 23  0.552135  0.919624
2 24  0.552902  1.229383
2 25  0.574324  1.009382
2 26  0.589761  1.171237
2 27  0.552307  1.115303
2 28  0.571672  1.177863
2 29  0.580308  1.028298
2 30  0.569287  1.296065
3 4  0.546769  0.718206
3 5  0.544662  0.699472
3 6  0.534632  0.807603
3 7  0.546995  0.726840
3 8  0.547782  0.729459
3 9  0.572760  0.947959
3 10  0.570581  1.011924
3 11  0.573337  1.080930
3 12  0.573408  0.832214
3 13  0.555407  0.807952
3 14  0.568231  1.095593
3 15  0.559274  0.952378
3 16  0.537296  0.871050
3 17  0.551159  0.957665
3 18  0.264215  0.521788
3 19  0.553229  0.737378
3 20  0.549914  0.705093
3 21  0.540073  0.830687
3 22  0.549482  0.722515
3 23  0.550794  0.734669
3 24  0.573757  1.053319
3 25  0.573496  0.824526
3 26  0.555702  0.956707
3 27  0.575161  0.963895
3 28  0.570971  1.003180
3 29  0.548965  0.813671
3 30  0.570563  1.131086
4 5  0.513632  0.622857
4 6  0.544226  0.759387
4 7  0.556583  0.677275
4 8  0.557370  0.680241
4 9  0.582338  0.898201
4 10  0.580203  0.964842
4 11  0.583182  1.051457
4 12  0.583000  0.785323
4 13  0.556603  0.754888
4 14  0.579054  1.052066
4 15  0.589216  0.899722
4 16  0.551653  0.822388
4 17  0.561068  0.908967
4 18  0.553561  0.705220
4 19  0.280530  0.441076
4 20  0.510603  0.611048
4 21  0.549632  0.781644
4 22  0.559073  0.673245
4 23  0.560390  0.685425
4 24  0.583780  1.004812
4 25  0.583077  0.775413
4 26  0.594750  0.940051
4 27  0.584857  0.915040
4 28  0.580903  0.954504
4 29  0.548055  0.760529
4 30  0.579588  1.082968
5 6  0.544486  0.748080
5 7  0.556840  0.665544
5 8  0.557628  0.668286
5 9  0.582605  0.886802
5 10  0.580499  0.952649
5 11  0.583443  1.038125
5 12  0.583260  0.773173
5 13  0.557843  0.751649
5 14  0.579484  1.046155
5 15  0.590968  0.896909
5 16  0.551413  0.811108
5 17  0.561321  0.897026
5 18  0.551379  0.694403
5 19  0.511607  0.632231
5 20  0.278585  0.384361
5 21  0.549922  0.769722
5 22  0.559334  0.661290
5 23  0.560648  0.673467
5 24  0.583993  0.992956
5 25  0.583339  0.763461
5 26  0.596083  0.927897
5 27  0.585175  0.903145
5 28  0.581205  0.942612
5 29  0.549685  0.747644
5 30  0.580360  1.071192
6 7  0.534770  0.750331
6 8  0.537702  0.763243
6 9  0.541584  0.965912
6 10  0.563312  1.050482
6 11  0.565802  1.114761
6 12  0.545878  0.848619
6 13  0.570439  0.865948
6 14  0.562425  1.120468
6 15  0.577980  0.999206
6 16  0.535719  0.909894
6 17  0.544605  0.991319
6 18  0.538937  0.795733
6 19  0.548024  0.779335
6 20  0.546930  0.745164
6 21  0.259866  0.658613
6 22  0.539963  0.759260
6 23  0.543169  0.768651
6 24  0.567528  1.090889
6 25  0.539483  0.836466
6 26  0.580052  1.026729
6 27  0.537722  0.963717
6 28  0.563163  1.040189
6 29  0.570901  0.881426
6 30  0.563494  1.168248
7 8  0.507697  0.648762
7 9  0.575423  0.894585
7 10  0.576481  0.968238
7 11  0.579494  1.054945
7 12  0.551924  0.771091
7 13  0.582801  0.786518
7 14  0.575536  1.057372
7 15  0.590417  0.919170
7 16  0.548269  0.828043
7 17  0.557115  0.912900
7 18  0.551288  0.713472
7 19  0.560421  0.696948
7 20  0.559299  0.662717
7 21  0.542311  0.785164
7 22  0.273339  0.428497
7 23  0.505225  0.641861
7 24  0.579964  1.009657
7 25  0.542740  0.742899
7 26  0.592815  0.945122
7 27  0.580674  0.919200
7 28  0.577102  0.959381
7 29  0.583323  0.799296
7 30  0.576559  1.087783
8 9  0.574947  0.889570
8 10  0.577271  0.968679
8 11  0.580341  1.058317
8 12  0.550260  0.767961
8 13  0.583587  0.789944
8 14  0.576354  1.064595
8 15  0.591207  0.922311
8 16  0.549032  0.830855
8 17  0.556720  0.916185
8 18  0.552075  0.716321
8 19  0.561217  0.699813
8 20  0.560089  0.665577
8 21  0.545536  0.786127
8 22  0.504702  0.635037
8 23  0.277500  0.448123
8 24  0.580752  1.012390
8 25  0.541481  0.743939
8 26  0.593664  0.948006
8 27  0.580432  0.922546
8 28  0.578108  0.962267
8 29  0.584129  0.802162
8 30  0.577520  1.090738
9 10  0.594004  1.125153
9 11  0.601717  1.273188
9 12  0.591409  0.998308
9 13  0.608526  1.008221
9 14  0.598208  1.264496
9 15  0.615670  1.119834
9 16  0.573908  1.049422
9 17  0.558551  1.103703
9 18  0.576952  0.935800
9 19  0.586120  0.919537
9 20  0.585060  0.885434
9 21  0.541864  0.972958
9 22  0.580599  0.900224
9 23  0.580456  0.912443
9 24  0.598954  1.212234
9 25  0.583593  0.975164
9 26  0.618295  1.165521
9 27  0.371386  1.014337
9 28  0.598734  1.179853
9 29  0.608859  1.021370
9 30  0.598569  1.302376
10 11  0.571317  1.321242
10 12  0.602845  1.076694
10 13  0.606377  1.076777
10 14  0.569920  1.324775
10 15  0.610133  1.164245
10 16  0.566621  1.116173
10 17  0.578068  1.195177
10 18  0.574581  1.003989
10 19  0.584083  0.987821
10 20  0.582992  0.953783
10 21  0.568274  1.075295
10 22  0.579070  0.969125
10 23  0.580452  0.981274
10 24  0.565313  1.255991
10 25  0.602545  1.069918
10 26  0.614806  1.232499
10 27  0.601433  1.208428
10 28  0.361249  1.076872
10 29  0.606669  1.088981
10 30  0.565329  1.329338
11 12  0.605725  1.140119
11 13  0.609314  1.147354
11 14  0.573267  1.352474
11 15  0.615507  1.290514
11 16  0.569920  1.198278
11 17  0.557022  1.274073
11 18  0.577503  1.086765
11 19  0.586998  1.070722
11 20  0.585852  1.036778
11 21  0.572114  1.158409
11 22  0.581794  1.052070
11 23  0.583136  1.064048
11 24  0.391215  1.248851
11 25  0.605947  1.152902
11 26  0.616586  1.305820
11 27  0.599976  1.269202
11 28  0.566605  1.284142
11 29  0.609901  1.172191
11 30  0.568239  1.422612
12 13  0.609215  0.893383
12 14  0.601972  1.163835
12 15  0.616841  1.028855
12 16  0.574466  0.935327
12 17  0.581245  1.020882
12 18  0.577710  0.821085
12 19  0.586842  0.804662
12 20  0.585715  0.770459
12 21  0.543785  0.862722
12 22  0.544485  0.747244
12 23  0.544267  0.761395
12 24  0.606435  1.116430
12 25  0.373599  0.723632
12 26  0.619161  1.052320
12 27  0.586282  1.001324
12 28  0.603267  1.065957
12 29  0.609763  0.906863
12 30  0.603186  1.194611
13 14  0.604054  1.134786
13 15  0.606337  1.005869
13 16  0.577345  0.929217
13 17  0.587125  1.017887
13 18  0.552521  0.788521
13 19  0.551208  0.768422
13 20  0.550756  0.731428
13 21  0.575796  0.890885
13 22  0.585279  0.782774
13 23  0.586604  0.794938
13 24  0.609966  1.113655
13 25  0.609297  0.884794
13 26  0.600990  1.025266
13 27  0.610840  1.024059
13 28  0.606760  1.063102
13 29  0.379404  0.737904
13 30  0.605771  1.191328
14 15  0.602091  1.247995
14 16  0.559681  1.173537
14 17  0.575431  1.271948
14 18  0.573670  1.093126
14 19  0.582284  1.077270
14 20  0.581632  1.043332
14 21  0.567702  1.164768
14 22  0.577968  1.058554
14 23  0.579420  1.070694
14 24  0.566964  1.346070
14 25  0.602011  1.159957
14 26  0.599105  1.309219
14 27  0.600434  1.293248
14 28  0.565241  1.299631
14 29  0.605111  1.178504
14 30  0.393022  1.344688
15 16  0.556933  1.030267
15 17  0.594756  1.150076
15 18  0.557498  0.919438
15 19  0.595886  0.935794
15 20  0.596092  0.901891
15 21  0.583153  1.025037
15 22  0.592897  0.917537
15 23  0.594234  0.929688
15 24  0.615065  1.237626
15 25  0.616787  1.019251
15 26  0.385209  1.051319
15 27  0.618462  1.157007
15 28  0.613305  1.196341
15 29  0.599652  1.015072
15 30  0.597601  1.308098
16 17  0.551434  1.027933
16 18  0.541890  0.842913
16 19  0.555483  0.841711
16 20  0.554391  0.805302
16 21  0.541326  0.931410
16 22  0.550754  0.823227
16 23  0.552067  0.833283
16 24  0.569004  1.116379
16 25  0.574759  0.921461
16 26  0.563456  1.062985
16 27  0.575868  1.047609
16 28  0.559950  1.058576
16 29  0.577059  0.941913
16 30  0.563007  1.226485
17 18  0.555770  0.938576
17 19  0.564915  0.928085
17 20  0.563786  0.893321
17 21  0.547458  1.009346
17 22  0.559691  0.909426
17 23  0.560570  0.915105
17 24  0.562004  1.144242
17 25  0.580978  0.985505
17 26  0.596912  1.168888
17 27  0.560720  1.114313
17 28  0.577092  1.163136
17 29  0.587830  1.028574
17 30  0.578210  1.305039
18 19  0.553645  0.723677
18 20  0.550890  0.684887
18 21  0.544377  0.816276
18 22  0.553789  0.709104
18 23  0.555101  0.721123
18 24  0.578291  1.027395
18 25  0.577793  0.809852
18 26  0.565581  0.964150
18 27  0.579626  0.950330
18 28  0.575604  0.988601
18 29  0.559154  0.807415
18 30  0.572940  1.107302
19 20  0.518999  0.638584
19 21  0.553517  0.799218
19 22  0.562926  0.692201
19 23  0.564239  0.704620
19 24  0.587645  1.023402
19 25  0.586933  0.794614
19 26  0.594867  0.936200
19 27  0.588749  0.931238
19 28  0.584720  0.968269
19 29  0.560666  0.779598
19 30  0.584009  1.090361
20 21  0.552389  0.766556
20 22  0.561795  0.658236
20 23  0.563108  0.670401
20 24  0.586524  0.989787
20 25  0.585804  0.760536
20 26  0.594810  0.915741
20 27  0.587631  0.898717
20 28  0.583634  0.936462
20 29  0.561165  0.763171
20 30  0.583105  1.067330
21 22  0.542109  0.766829
21 23  0.544820  0.788936
21 24  0.571805  1.093476
21 25  0.550158  0.861080
21 26  0.585858  1.039211
21 27  0.548127  0.991928
21 28  0.569013  1.049850
21 29  0.576429  0.898309
21 30  0.568958  1.159053
22 23  0.512581  0.649560
22 24  0.582640  1.004504
22 25  0.554436  0.756149
22 26  0.595367  0.938286
22 27  0.579482  0.903931
22 28  0.579664  0.949921
22 29  0.585845  0.794307
22 30  0.579256  1.078891
23 24  0.583993  1.016047
23 25  0.553154  0.760973
23 26  0.596683  0.951177
23 27  0.580021  0.908895
23 28  0.581016  0.961380
23 29  0.587157  0.807083
23 30  0.580598  1.095098
24 25  0.606326  1.087350
24 26  0.618242  1.267241
24 27  0.605365  1.242711
24 28  0.571186  1.270021
24 29  0.610491  1.115506
24 30  0.576790  1.336298
25 26  0.619373  1.042266
25 27  0.594932  1.006720
25 28  0.603602  1.055718
25 29  0.609850  0.895678
25 30  0.603209  1.177253
26 27  0.620605  1.152887
26 28  0.612922  1.165373
26 29  0.609504  1.030997
26 30  0.605476  1.278111
27 28  0.596405  1.122108
27 29  0.611628  1.032986
27 30  0.601881  1.295988
28 29  0.607566  1.071214
28 30  0.572176  1.317762
29 30  0.605355  1.162984
