  -1146.53742900
  -1146.90078454    -1146.77437510
0.00003316412176
2 2 2 2 2 2 2 2 2 2 2 2 2 2 2 0 0 0 0 0 0 0 0 0 0 0 0 0 0 0 
1  0.271230  0.496357
2  0.277488  0.575375
3  0.272889  0.392934
4  0.281049  0.342023
5  0.281522  0.328504
6  0.267053  0.433489
7  0.277856  0.346326
8  0.278524  0.348973
9  0.307079  0.571427
10  0.304436  0.629693
11  0.307538  0.710651
12  0.305200  0.457099
13  0.308238  0.454938
14  0.303934  0.718161
15  0.317968  0.587608
16  0.276131  0.492872
17  0.285073  0.577876
18  0.277195  0.379300
19  0.284871  0.361995
20  0.284047  0.325215
21  0.272650  0.455872
22  0.280477  0.341528
23  0.281604  0.354116
24  0.308007  0.664281
25  0.305196  0.446583
26  0.320376  0.610117
27  0.309753  0.586963
28  0.305079  0.615568
29  0.308757  0.465951
30  0.304966  0.742427
1 2  0.547499  1.038157
1 3  0.539449  0.867716
1 4  0.552057  0.837076
1 5  0.552457  0.819285
1 6  0.538265  0.928610
1 7  0.549073  0.842026
1 8  0.549738  0.842100
1 9  0.577666  1.048422
1 10  0.563811  1.069712
1 11  0.572650  1.163868
1 12  0.576405  0.946355
1 13  0.578226  0.945963
1 14  0.567087  1.206800
1 15  0.564956  1.053691
1 16  0.265837  0.794171
1 17  0.554537  1.071817
1 18  0.543434  0.874162
1 19  0.555837  0.856763
1 20  0.554474  0.821254
1 21  0.543754  0.951086
1 22  0.551706  0.837722
1 23  0.552757  0.850227
1 24  0.573769  1.157223
1 25  0.576172  0.942317
1 26  0.562491  1.070525
1 27  0.580764  1.081575
1 28  0.571418  1.108814
1 29  0.579338  0.958134
1 30  0.564411  1.207190
2 3  0.550345  0.957157
2 4  0.558530  0.916854
2 5  0.559004  0.901591
2 6  0.542192  0.995390
2 7  0.555186  0.921347
2 8  0.555477  0.919001
2 9  0.561508  1.111094
2 10  0.577032  1.169815
2 11  0.562867  1.178981
2 12  0.579860  1.001533
2 13  0.585718  1.026393
2 14  0.578733  1.278055
2 15  0.595074  1.154165
2 16  0.551972  1.065963
2 17  0.273444  0.970177
2 18  0.554386  0.954013
2 19  0.562353  0.937042
2 20  0.561530  0.900449
2 21  0.549696  1.024774
2 22  0.557342  0.915878
2 23  0.557235  0.928786
2 24  0.560578  1.229032
2 25  0.580423  1.021087
2 26  0.597657  1.181291
2 27  0.561104  1.128501
2 28  0.579848  1.180069
2 29  0.586122  1.040259
2 30  0.577688  1.296358
3 4  0.550027  0.730993
3 5  0.548092  0.710319
3 6  0.539929  0.824333
3 7  0.550744  0.739157
3 8  0.551412  0.741491
3 9  0.579963  0.962427
3 10  0.577206  1.016241
3 11  0.580102  1.082217
3 12  0.578081  0.846974
3 13  0.559539  0.823811
3 14  0.575194  1.098339
3 15  0.565750  0.966128
3 16  0.543819  0.884316
3 17  0.557479  0.970029
3 18  0.268450  0.536142
3 19  0.556499  0.750903
3 20  0.553454  0.716173
3 21  0.545534  0.848422
3 22  0.553356  0.734410
3 23  0.554474  0.746968
3 24  0.580339  1.056122
3 25  0.578071  0.839252
3 26  0.562175  0.970452
3 27  0.582438  0.979227
3 28  0.577541  1.007601
3 29  0.553196  0.829359
3 30  0.577505  1.133670
4 5  0.515752  0.633308
4 6  0.548098  0.774573
4 7  0.558904  0.687864
4 8  0.559573  0.690659
4 9  0.588112  0.910732
4 10  0.585404  0.967312
4 11  0.588569  1.052138
4 12  0.586248  0.799042
4 13  0.559481  0.769079
4 14  0.584784  1.053052
4 15  0.594051  0.910694
4 16  0.556942  0.833877
4 17  0.566118  0.919690
4 18  0.556869  0.717881
4 19  0.282228  0.453957
4 20  0.512880  0.621336
4 21  0.553638  0.797782
4 22  0.561520  0.683528
4 23  0.562653  0.696116
4 24  0.589008  1.005915
4 25  0.586230  0.788545
4 26  0.599661  0.951708
4 27  0.590733  0.928768
4 28  0.586052  0.957322
4 29  0.550908  0.774608
4 30  0.585072  1.083968
5 6  0.548574  0.761938
5 7  0.559378  0.674699
5 8  0.560046  0.677154
5 9  0.588595  0.897976
5 10  0.585909  0.953582
5 11  0.589049  1.037044
5 12  0.586722  0.785241
5 13  0.560998  0.764971
5 14  0.585418  1.046388
5 15  0.595981  0.907220
5 16  0.556788  0.821137
5 17  0.566579  0.906213
5 18  0.554813  0.705574
5 19  0.513823  0.643518
5 20  0.280864  0.392884
5 21  0.554163  0.784313
5 22  0.561999  0.670019
5 23  0.563126  0.682603
5 24  0.589444  0.992531
5 25  0.586713  0.775039
5 26  0.601170  0.937946
5 27  0.591275  0.915329
5 28  0.586590  0.943894
5 29  0.552787  0.759993
5 30  0.586123  1.070633
6 7  0.538910  0.764234
6 8  0.541718  0.777544
6 9  0.549111  0.982497
6 10  0.570387  1.057091
6 11  0.573033  1.118588
6 12  0.551001  0.865789
6 13  0.575276  0.883810
6 14  0.570044  1.124757
6 15  0.584911  1.015149
6 16  0.542939  0.925468
6 17  0.551569  1.006231
6 18  0.544246  0.812499
6 19  0.551859  0.795344
6 20  0.551083  0.758657
6 21  0.264795  0.679429
6 22  0.544247  0.773672
6 23  0.547357  0.783441
6 24  0.574726  1.096166
6 25  0.544535  0.854220
6 26  0.586852  1.042440
6 27  0.545498  0.982218
6 28  0.570227  1.046863
6 29  0.575695  0.898948
6 30  0.570884  1.173405
7 8  0.510280  0.659272
7 9  0.581471  0.906249
7 10  0.582066  0.970075
7 11  0.585302  1.054760
7 12  0.555674  0.784250
7 13  0.586093  0.800308
7 14  0.581662  1.057542
7 15  0.595807  0.930463
7 16  0.553985  0.839030
7 17  0.562562  0.922838
7 18  0.555042  0.725578
7 19  0.562712  0.708284
7 20  0.561900  0.671528
7 21  0.546645  0.800795
7 22  0.275891  0.439197
7 23  0.508003  0.652992
7 24  0.585617  1.010163
7 25  0.546356  0.756212
7 26  0.598145  0.956148
7 27  0.586920  0.932295
7 28  0.582575  0.961621
7 29  0.586573  0.812174
7 30  0.582489  1.088179
8 9  0.580875  0.900534
8 10  0.582764  0.969954
8 11  0.586024  1.058132
8 12  0.553784  0.780769
8 13  0.586759  0.803774
8 14  0.582350  1.065395
8 15  0.596477  0.933386
8 16  0.554609  0.841634
8 17  0.561957  0.926047
8 18  0.555704  0.728214
8 19  0.563391  0.710937
8 20  0.562571  0.674174
8 21  0.549806  0.801466
8 22  0.507559  0.645460
8 23  0.279868  0.458758
8 24  0.586258  1.012683
8 25  0.544974  0.756948
8 26  0.598892  0.958822
8 27  0.586602  0.935502
8 28  0.583576  0.964290
8 29  0.587259  0.814830
8 30  0.583334  1.090922
9 10  0.602304  1.128216
9 11  0.610879  1.275873
9 12  0.598236  1.013069
9 13  0.615267  1.024356
9 14  0.607529  1.267653
9 15  0.624440  1.132398
9 16  0.583059  1.062790
9 17  0.567365  1.116912
9 18  0.584140  0.950199
9 19  0.591865  0.933156
9 20  0.591119  0.896541
9 21  0.549606  0.991311
9 22  0.586870  0.912162
9 23  0.586562  0.924842
9 24  0.607979  1.215302
9 25  0.590301  0.989881
9 26  0.627097  1.178846
9 27  0.380065  1.030954
9 28  0.607394  1.184529
9 29  0.615539  1.036526
9 30  0.607976  1.305036
10 11  0.580088  1.314723
10 12  0.609375  1.081756
10 13  0.612550  1.082999
10 14  0.578915  1.319537
10 15  0.618188  1.168191
10 16  0.574909  1.119323
10 17  0.586389  1.198341
10 18  0.581195  1.008253
10 19  0.589248  0.991284
10 20  0.588472  0.954744
10 21  0.575504  1.082686
10 22  0.584790  0.970968
10 23  0.585999  0.983516
10 24  0.573940  1.251021
10 25  0.608886  1.074493
10 26  0.622954  1.236083
10 27  0.610227  1.213979
10 28  0.369562  1.072481
10 29  0.612771  1.093978
10 30  0.574144  1.324420
11 12  0.612453  1.141882
11 13  0.615672  1.150365
11 14  0.581759  1.344935
11 15  0.623840  1.292554
11 16  0.578551  1.199381
11 17  0.565218  1.274313
11 18  0.584246  1.088908
11 19  0.592351  1.071997
11 20  0.591512  1.035585
11 21  0.579600  1.163995
11 22  0.587708  1.051744
11 23  0.588830  1.064151
11 24  0.399371  1.240610
11 25  0.612592  1.155488
11 26  0.624903  1.306937
11 27  0.609230  1.272741
11 28  0.575354  1.279115
11 29  0.616234  1.175092
11 30  0.576549  1.415665
12 13  0.613432  0.910019
12 14  0.609034  1.167432
12 15  0.623160  1.043630
12 16  0.581016  0.949326
12 17  0.587510  1.034032
12 18  0.582382  0.836173
12 19  0.590063  0.818994
12 20  0.589243  0.782268
12 21  0.549076  0.882004
12 22  0.548258  0.760590
12 23  0.547860  0.775075
12 24  0.613006  1.119993
12 25  0.377693  0.740766
12 26  0.625417  1.066344
12 27  0.593249  1.017433
12 28  0.609676  1.071092
12 29  0.613953  0.922723
12 30  0.610085  1.198044
13 14  0.610649  1.137562
13 15  0.612024  1.020556
13 16  0.583572  0.944158
13 17  0.593108  1.031902
13 18  0.556799  0.805209
13 19  0.554040  0.784300
13 20  0.553900  0.744583
13 21  0.580757  0.910315
13 22  0.588689  0.796388
13 23  0.589832  0.808959
13 24  0.616182  1.118135
13 25  0.613426  0.901237
13 26  0.606788  1.040102
13 27  0.617637  1.041099
13 28  0.612826  1.069197
13 29  0.383037  0.756421
13 30  0.612314  1.195731
14 15  0.610379  1.250453
14 16  0.568780  1.177237
14 17  0.584055  1.273703
14 18  0.580763  1.096207
14 19  0.587867  1.079630
14 20  0.587610  1.043171
14 21  0.575384  1.171429
14 22  0.584175  1.059257
14 23  0.585483  1.071802
14 24  0.575433  1.340467
14 25  0.608985  1.163552
14 26  0.607425  1.311213
14 27  0.610109  1.297261
14 28  0.574210  1.295214
14 29  0.611750  1.182502
14 30  0.402092  1.337715
15 16  0.565218  1.044127
15 17  0.602831  1.161791
15 18  0.563933  0.933540
15 19  0.600798  0.948866
15 20  0.601290  0.912380
15 21  0.590128  1.042293
15 22  0.598405  0.928921
15 23  0.599570  0.941478
15 24  0.623236  1.239855
15 25  0.622976  1.033495
15 26  0.392747  1.065043
15 27  0.627413  1.171845
15 28  0.621479  1.200537
15 29  0.605369  1.029526
15 30  0.605962  1.310358
16 17  0.559667  1.037777
16 18  0.548501  0.855024
16 19  0.560757  0.853867
16 20  0.559973  0.814722
16 21  0.548743  0.947787
16 22  0.556593  0.833790
16 23  0.557720  0.843664
16 24  0.577277  1.117663
16 25  0.581312  0.934065
16 26  0.571506  1.074256
16 27  0.585005  1.060779
16 28  0.567809  1.061318
16 29  0.583193  0.955315
16 30  0.571941  1.227730
17 18  0.562241  0.949900
17 19  0.569933  0.939381
17 20  0.569111  0.901928
17 21  0.554492  1.024495
17 22  0.565248  0.919090
17 23  0.565919  0.924536
17 24  0.569691  1.145633
17 25  0.587200  0.996663
17 26  0.604950  1.179278
17 27  0.569395  1.126503
17 28  0.585299  1.165765
17 29  0.593818  1.041297
17 30  0.586755  1.305987
18 19  0.556887  0.736876
18 20  0.554395  0.695318
18 21  0.549836  0.833634
18 22  0.557672  0.720754
18 23  0.558797  0.733104
18 24  0.584968  1.029235
18 25  0.582384  0.823971
18 26  0.571924  0.976925
18 27  0.586943  0.965343
18 28  0.582200  0.992700
18 29  0.563288  0.822008
18 30  0.579705  1.109097
19 20  0.521176  0.649186
19 21  0.557515  0.815496
19 22  0.565348  0.702940
19 23  0.566475  0.715845
19 24  0.592854  1.025068
19 25  0.590066  0.808322
19 26  0.599691  0.946959
19 27  0.594601  0.944923
19 28  0.589853  0.971133
19 29  0.563493  0.792958
19 30  0.589554  1.091088
20 21  0.556694  0.780744
20 22  0.564524  0.666566
20 23  0.565651  0.679098
20 24  0.592044  0.988938
20 25  0.589242  0.771733
20 26  0.599813  0.924773
20 27  0.593790  0.910217
20 28  0.589073  0.937047
20 29  0.564362  0.775046
20 30  0.588936  1.066424
21 22  0.546557  0.781069
21 23  0.549084  0.804207
21 24  0.579046  1.098559
21 25  0.555368  0.878486
21 26  0.592878  1.054670
21 27  0.555927  1.009650
21 28  0.576220  1.056755
21 29  0.581389  0.915641
21 30  0.576520  1.163059
22 23  0.515353  0.659853
22 24  0.588417  1.004399
22 25  0.558200  0.768249
22 26  0.600841  0.948398
22 27  0.585716  0.915782
22 28  0.585392  0.951346
22 29  0.589233  0.806516
22 30  0.585343  1.078035
23 24  0.589585  1.016354
23 25  0.556632  0.773242
23 26  0.601970  0.961687
23 27  0.586126  0.920738
23 28  0.586540  0.962930
23 29  0.590358  0.819915
23 30  0.586497  1.095406
24 25  0.612810  1.089158
24 26  0.626364  1.268922
24 27  0.614450  1.246442
24 28  0.579817  1.263582
24 29  0.616671  1.118167
24 30  0.585075  1.328504
25 26  0.625561  1.055689
25 27  0.601869  1.021910
25 28  0.609958  1.060304
25 29  0.613948  0.910597
25 30  0.610012  1.179419
26 27  0.629448  1.164899
26 28  0.620899  1.168423
26 29  0.615157  1.043962
26 30  0.613612  1.280046
27 28  0.604720  1.125604
27 29  0.618452  1.048552
27 30  0.611191  1.299122
28 29  0.613681  1.076187
28 30  0.580922  1.311924
29 30  0.611789  1.164393
