  -1146.53742900
  -1146.90122745    -1146.77552615
0.00000951555686
2 2 2 2 2 2 2 2 2 2 2 2 2 2 2 0 0 0 0 0 0 0 0 0 0 0 0 0 0 0 
1  0.272562  0.498450
2  0.278739  0.576592
3  0.273595  0.396710
4  0.281318  0.344594
5  0.281862  0.330670
6  0.267900  0.437441
7  0.278313  0.348520
8  0.278926  0.350899
9  0.308563  0.573767
10  0.305857  0.628225
11  0.309036  0.708028
12  0.305911  0.460225
13  0.308770  0.459204
14  0.305394  0.716111
15  0.319271  0.590595
16  0.277536  0.495027
17  0.286452  0.579147
18  0.277904  0.382925
19  0.285107  0.364946
20  0.284400  0.327042
21  0.273516  0.460078
22  0.280932  0.343518
23  0.282007  0.356000
24  0.309423  0.661957
25  0.305862  0.449675
26  0.321611  0.612568
27  0.311242  0.589295
28  0.306522  0.613934
29  0.309274  0.470062
30  0.306458  0.740500
1 2  0.550024  1.041143
1 3  0.541448  0.873116
1 4  0.553657  0.841697
1 5  0.554128  0.823289
1 6  0.540443  0.934613
1 7  0.550856  0.846311
1 8  0.551468  0.845912
1 9  0.580437  1.052653
1 10  0.566280  1.070185
1 11  0.575367  1.163377
1 12  0.578448  0.951220
1 13  0.580072  0.952111
1 14  0.569846  1.206833
1 15  0.567534  1.058512
1 16  0.268225  0.798010
1 17  0.557200  1.075223
1 18  0.545442  0.879922
1 19  0.557409  0.861783
1 20  0.556097  0.825173
1 21  0.545928  0.957319
1 22  0.553490  0.841795
1 23  0.554479  0.854199
1 24  0.576492  1.157023
1 25  0.578141  0.947503
1 26  0.565045  1.075569
1 27  0.583576  1.086013
1 28  0.574106  1.109271
1 29  0.581172  0.964344
1 30  0.567238  1.207858
2 3  0.552297  0.961629
2 4  0.560048  0.920590
2 5  0.560594  0.904731
2 6  0.544264  1.000345
2 7  0.556883  0.924733
2 8  0.557115  0.921986
2 9  0.564166  1.114606
2 10  0.579671  1.169817
2 11  0.565450  1.178178
2 12  0.581777  1.005373
2 13  0.587500  1.031689
2 14  0.581430  1.277466
2 15  0.597589  1.158106
2 16  0.554595  1.069379
2 17  0.275722  0.972276
2 18  0.556284  0.958857
2 19  0.563840  0.941179
2 20  0.563132  0.903485
2 21  0.551797  1.030240
2 22  0.559039  0.919023
2 23  0.558840  0.931867
2 24  0.563125  1.227880
2 25  0.582332  1.025419
2 26  0.600131  1.184920
2 27  0.563807  1.132491
2 28  0.582540  1.180042
2 29  0.587874  1.045533
2 30  0.580384  1.296001
3 4  0.550988  0.737280
3 5  0.549121  0.715939
3 6  0.541479  0.831915
3 7  0.551908  0.745110
3 8  0.552520  0.747139
3 9  0.582149  0.968441
3 10  0.579332  1.018410
3 11  0.582304  1.082929
3 12  0.579497  0.853563
3 13  0.560739  0.831613
3 14  0.577293  1.099784
3 15  0.567763  0.972724
3 16  0.545891  0.890283
3 17  0.559500  0.975076
3 18  0.269740  0.544087
3 19  0.557435  0.757605
3 20  0.554508  0.721798
3 21  0.547102  0.856385
3 22  0.554513  0.740172
3 23  0.555582  0.752625
3 24  0.582412  1.057586
3 25  0.579443  0.846106
3 26  0.564127  0.976773
3 27  0.584606  0.985324
3 28  0.579691  1.009709
3 29  0.554398  0.837475
3 30  0.579688  1.135467
4 5  0.516339  0.638396
4 6  0.549212  0.780968
4 7  0.559631  0.692545
4 8  0.560244  0.695092
4 9  0.589859  0.915379
4 10  0.587088  0.968187
4 11  0.590335  1.052073
4 12  0.587227  0.804732
4 13  0.560301  0.775816
4 14  0.586513  1.053322
4 15  0.595595  0.915663
4 16  0.558617  0.838586
4 17  0.567766  0.923513
4 18  0.557842  0.724057
4 19  0.282740  0.460043
4 20  0.513516  0.626071
4 21  0.554751  0.804552
4 22  0.562240  0.688087
4 23  0.563325  0.700569
4 24  0.590689  1.006142
4 25  0.587161  0.794205
4 26  0.601146  0.956745
4 27  0.592477  0.933659
4 28  0.587764  0.958248
4 29  0.551693  0.781511
4 30  0.586791  1.084605
5 6  0.549759  0.768051
5 7  0.560174  0.679049
5 8  0.560788  0.681189
5 9  0.590413  0.902305
5 10  0.587663  0.954066
5 11  0.590888  1.036426
5 12  0.587772  0.790462
5 13  0.561883  0.771517
5 14  0.587211  1.046510
5 15  0.597575  0.912096
5 16  0.558482  0.825452
5 17  0.568286  0.909644
5 18  0.555854  0.711392
5 19  0.514395  0.649001
5 20  0.281584  0.397439
5 21  0.555359  0.790680
5 22  0.562793  0.674173
5 23  0.563868  0.686651
5 24  0.591202  0.992358
5 25  0.587714  0.780293
5 26  0.602734  0.942529
5 27  0.593103  0.919818
5 28  0.588369  0.944418
5 29  0.553650  0.766439
5 30  0.587943  1.070850
6 7  0.540198  0.769987
6 8  0.542949  0.783322
6 9  0.551445  0.988569
6 10  0.572635  1.059437
6 11  0.575344  1.119547
6 12  0.552517  0.872593
6 13  0.576652  0.891553
6 14  0.572304  1.126048
6 15  0.587054  1.021825
6 16  0.545165  0.931524
6 17  0.553779  1.011469
6 18  0.545801  0.820062
6 19  0.552917  0.802238
6 20  0.552272  0.764432
6 21  0.266171  0.687960
6 22  0.545521  0.779645
6 23  0.548601  0.789293
6 24  0.576982  1.097812
6 25  0.546023  0.861524
6 26  0.588904  1.048837
6 27  0.547838  0.988741
6 28  0.572485  1.049079
6 29  0.577045  0.906975
6 30  0.573200  1.175460
7 8  0.511133  0.663645
7 9  0.583360  0.910500
7 10  0.583939  0.970639
7 11  0.587257  1.054208
7 12  0.556904  0.789577
7 13  0.587082  0.806608
7 14  0.583575  1.057269
7 15  0.597565  0.935369
7 16  0.555848  0.843370
7 17  0.564398  0.926223
7 18  0.556206  0.731395
7 19  0.563398  0.713426
7 20  0.562709  0.675547
7 21  0.547949  0.807230
7 22  0.276767  0.443985
7 23  0.508876  0.657467
7 24  0.587493  1.010028
7 25  0.547489  0.761830
7 26  0.599815  0.960784
7 27  0.588852  0.936785
7 28  0.584434  0.962184
7 29  0.587537  0.818473
7 30  0.584426  1.088442
8 9  0.582713  0.904338
8 10  0.584585  0.970099
8 11  0.587924  1.057412
8 12  0.554902  0.785879
8 13  0.587693  0.809951
8 14  0.584199  1.065174
8 15  0.598177  0.937986
8 16  0.556406  0.845714
8 17  0.563688  0.929218
8 18  0.556816  0.733764
8 19  0.564028  0.715812
8 20  0.563326  0.677926
8 21  0.551066  0.807613
8 22  0.508428  0.649763
8 23  0.280639  0.463030
8 24  0.588053  1.012271
8 25  0.546039  0.762261
8 26  0.600527  0.963187
8 27  0.588483  0.939774
8 28  0.585421  0.964583
8 29  0.588175  0.820863
8 30  0.585223  1.090910
9 10  0.604949  1.128717
9 11  0.613812  1.275701
9 12  0.600345  1.018390
9 13  0.617285  1.030888
9 14  0.610391  1.267839
9 15  0.627194  1.137066
9 16  0.585937  1.067316
9 17  0.570180  1.120880
9 18  0.586319  0.956155
9 19  0.593563  0.938434
9 20  0.592953  0.900699
9 21  0.551939  0.998051
9 22  0.588795  0.916459
9 23  0.588443  0.929075
9 24  0.610833  1.215456
9 25  0.592389  0.995220
9 26  0.629814  1.183647
9 27  0.382814  1.036026
9 28  0.610198  1.185276
9 29  0.617518  1.042959
9 30  0.610928  1.305470
10 11  0.582974  1.311148
10 12  0.611496  1.083370
10 13  0.614506  1.085794
10 14  0.581781  1.316522
10 15  0.620848  1.169570
10 16  0.577629  1.120055
10 17  0.589183  1.198496
10 18  0.583314  1.010385
10 19  0.590901  0.992750
10 20  0.590241  0.955098
10 21  0.577770  1.085310
10 22  0.586649  0.971488
10 23  0.587821  0.983930
10 24  0.576768  1.248123
10 25  0.610927  1.076054
10 26  0.625590  1.237234
10 27  0.613009  1.214923
10 28  0.372344  1.069751
10 29  0.614671  1.096570
10 30  0.577023  1.322069
11 12  0.614652  1.141944
11 13  0.617701  1.151613
11 14  0.584479  1.341109
11 15  0.626593  1.292985
11 16  0.581437  1.198964
11 17  0.568035  1.273016
11 18  0.586403  1.089920
11 19  0.594076  1.072294
11 20  0.593355  1.034777
11 21  0.581959  1.165601
11 22  0.589644  1.051104
11 23  0.590702  1.063405
11 24  0.402093  1.236102
11 25  0.614747  1.155969
11 26  0.627575  1.306896
11 27  0.612186  1.272665
11 28  0.578264  1.275901
11 29  0.618249  1.176581
11 30  0.579251  1.411970
12 13  0.614674  0.917152
12 14  0.611201  1.168315
12 15  0.625174  1.049711
12 16  0.583087  0.954615
12 17  0.589575  1.038446
12 18  0.583801  0.842915
12 19  0.591006  0.825066
12 20  0.590303  0.787218
12 21  0.550617  0.889657
12 22  0.549430  0.765973
12 23  0.548977  0.780334
12 24  0.615125  1.120814
12 25  0.379051  0.747765
12 26  0.627351  1.071901
12 27  0.595409  1.022830
12 28  0.611801  1.072536
12 29  0.615182  0.929941
12 30  0.612284  1.199244
13 14  0.612617  1.138960
13 15  0.613831  1.027527
13 16  0.585485  0.950571
13 17  0.594994  1.037392
13 18  0.558027  0.813317
13 19  0.554805  0.791745
13 20  0.554777  0.750799
13 21  0.582135  0.918750
13 22  0.589665  0.802639
13 23  0.590763  0.815103
13 24  0.618131  1.120078
13 25  0.614625  0.908576
13 26  0.608520  1.046658
13 27  0.619622  1.047676
13 28  0.614764  1.071788
13 29  0.384101  0.765821
13 30  0.614326  1.198080
14 15  0.612964  1.251480
14 16  0.571651  1.177857
14 17  0.586830  1.273267
14 18  0.582916  1.097734
14 19  0.589529  1.080528
14 20  0.589427  1.042937
14 21  0.577687  1.173618
14 22  0.586062  1.059197
14 23  0.587346  1.071621
14 24  0.578103  1.337078
14 25  0.611110  1.164597
14 26  0.610023  1.311453
14 27  0.613036  1.297572
14 28  0.577098  1.292384
14 29  0.613721  1.184578
14 30  0.404906  1.334475
15 16  0.567906  1.049780
15 17  0.605501  1.166019
15 18  0.565935  0.940147
15 19  0.602318  0.954813
15 20  0.602935  0.917167
15 21  0.592255  1.049486
15 22  0.600156  0.933891
15 23  0.601276  0.946341
15 24  0.625888  1.240605
15 25  0.624935  1.039556
15 26  0.395096  1.071080
15 27  0.630196  1.177170
15 28  0.624198  1.202007
15 29  0.607148  1.036439
15 30  0.608687  1.311307
16 17  0.562387  1.040792
16 18  0.550572  0.860368
16 19  0.562401  0.858946
16 20  0.561732  0.818564
16 21  0.551012  0.954131
16 22  0.558448  0.837931
16 23  0.559523  0.847439
16 24  0.579984  1.117576
16 25  0.583384  0.939011
16 26  0.574065  1.078520
16 27  0.587842  1.064940
16 28  0.570378  1.061750
16 29  0.585085  0.961398
16 30  0.574815  1.227961
17 18  0.564326  0.954346
17 19  0.571544  0.943562
17 20  0.570841  0.904885
17 21  0.556681  1.029783
17 22  0.567068  0.922328
17 23  0.567675  0.927459
17 24  0.572285  1.145129
17 25  0.589214  1.000556
17 26  0.607530  1.182712
17 27  0.572142  1.129851
17 28  0.588093  1.165661
17 29  0.595714  1.046552
17 30  0.589579  1.305545
18 19  0.557827  0.743444
18 20  0.555448  0.700583
18 21  0.551407  0.841348
18 22  0.558835  0.726357
18 23  0.559909  0.738560
18 24  0.587089  1.030222
18 25  0.583760  0.830454
18 26  0.573873  0.982901
18 27  0.589136  0.971231
18 28  0.584353  0.994647
18 29  0.564475  0.829560
18 30  0.581835  1.110448
19 20  0.521750  0.654298
19 21  0.558614  0.822368
19 22  0.566039  0.707779
19 23  0.567114  0.720627
19 24  0.594504  1.025674
19 25  0.590968  0.814337
19 26  0.601143  0.951701
19 27  0.596320  0.949853
19 28  0.591530  0.972181
19 29  0.564268  0.799721
19 30  0.591286  1.091742
20 21  0.557911  0.786766
20 22  0.565331  0.670367
20 23  0.566407  0.682764
20 24  0.593813  0.988388
20 25  0.590262  0.776637
20 26  0.601344  0.928792
20 27  0.595627  0.914222
20 28  0.590863  0.937109
20 29  0.565243  0.781162
20 30  0.590775  1.066357
21 22  0.547865  0.786883
21 23  0.550339  0.810220
21 24  0.581299  1.100120
21 25  0.556868  0.885511
21 26  0.594970  1.060914
21 27  0.558260  1.015913
21 28  0.578509  1.059127
21 29  0.582768  0.923374
21 30  0.578824  1.164595
22 23  0.516220  0.664002
22 24  0.590283  1.003970
22 25  0.559370  0.773338
22 26  0.602528  0.952592
22 27  0.587603  0.919815
22 28  0.587291  0.951628
22 29  0.590205  0.812475
22 30  0.587289  1.077736
23 24  0.591403  1.015863
23 25  0.557697  0.778249
23 26  0.603605  0.965748
23 27  0.587973  0.924504
23 28  0.588388  0.962940
23 29  0.591278  0.825898
23 30  0.588386  1.095312
24 25  0.614889  1.089524
24 26  0.628970  1.269146
24 27  0.617312  1.246526
24 28  0.582671  1.260006
24 29  0.618604  1.119646
24 30  0.587773  1.324953
25 26  0.627461  1.061208
25 27  0.603980  1.027233
25 28  0.612047  1.061731
25 29  0.615131  0.917552
25 30  0.612164  1.180282
26 27  0.632133  1.168971
26 28  0.623521  1.169346
26 29  0.616883  1.050223
26 30  0.616201  1.280947
27 28  0.607373  1.125890
27 29  0.620463  1.054877
27 30  0.614096  1.299541
28 29  0.615645  1.078660
28 30  0.583784  1.309016
29 30  0.613775  1.165732
