  -1146.53742900
  -1146.90129165    -1146.77570531
0.00000629845115
2 2 2 2 2 2 2 2 2 2 2 2 2 2 2 0 0 0 0 0 0 0 0 0 0 0 0 0 0 0 
1  0.272783  0.498778
2  0.278931  0.576889
3  0.273719  0.397268
4  0.281353  0.345051
5  0.281917  0.331011
6  0.268014  0.438187
7  0.278385  0.348939
8  0.278976  0.351316
9  0.308798  0.574263
10  0.306073  0.628006
11  0.309256  0.707590
12  0.306026  0.460834
13  0.308850  0.459878
14  0.305626  0.715692
15  0.319477  0.591031
16  0.277758  0.495326
17  0.286665  0.579416
18  0.278023  0.383468
19  0.285141  0.365470
20  0.284463  0.327332
21  0.273642  0.460916
22  0.281003  0.343914
23  0.282059  0.356396
24  0.309633  0.661567
25  0.305981  0.450280
26  0.321809  0.612911
27  0.311491  0.589771
28  0.306745  0.613658
29  0.309348  0.470711
30  0.306678  0.740150
1 2  0.550425  1.041697
1 3  0.541789  0.873935
1 4  0.553914  0.842475
1 5  0.554406  0.823916
1 6  0.540777  0.935679
1 7  0.551149  0.847057
1 8  0.551739  0.846599
1 9  0.580886  1.053409
1 10  0.566670  1.070262
1 11  0.575789  1.163272
1 12  0.578785  0.952077
1 13  0.580369  0.953082
1 14  0.570292  1.206746
1 15  0.567951  1.059236
1 16  0.268606  0.798584
1 17  0.557629  1.075829
1 18  0.545777  0.880799
1 19  0.557663  0.862630
1 20  0.556374  0.825792
1 21  0.546274  0.958471
1 22  0.553783  0.842518
1 23  0.554750  0.854923
1 24  0.576917  1.156968
1 25  0.578472  0.948438
1 26  0.565459  1.076335
1 27  0.584043  1.086821
1 28  0.574532  1.109319
1 29  0.581464  0.965327
1 30  0.567679  1.207934
2 3  0.552611  0.962390
2 4  0.560274  0.921333
2 5  0.560841  0.905328
2 6  0.544568  1.001349
2 7  0.557146  0.925445
2 8  0.557356  0.922666
2 9  0.564584  1.115367
2 10  0.580076  1.169936
2 11  0.565831  1.178127
2 12  0.582080  1.006173
2 13  0.587772  1.032630
2 14  0.581847  1.277385
2 15  0.597977  1.158792
2 16  0.555004  1.069985
2 17  0.276092  0.972816
2 18  0.556578  0.959699
2 19  0.564065  0.941992
2 20  0.563387  0.904072
2 21  0.552112  1.031387
2 22  0.559301  0.919707
2 23  0.559072  0.932559
2 24  0.563504  1.227778
2 25  0.582638  1.026324
2 26  0.600517  1.185553
2 27  0.564244  1.133335
2 28  0.582960  1.180121
2 29  0.588140  1.046473
2 30  0.580790  1.296019
3 4  0.551147  0.738287
3 5  0.549299  0.716788
3 6  0.541715  0.833185
3 7  0.552104  0.746084
3 8  0.552693  0.748100
3 9  0.582508  0.969476
3 10  0.579672  1.018728
3 11  0.582645  1.082987
3 12  0.579736  0.854661
3 13  0.560937  0.832815
3 14  0.577636  1.099891
3 15  0.568091  0.973690
3 16  0.546233  0.891145
3 17  0.559817  0.975905
3 18  0.269951  0.545286
3 19  0.557593  0.758685
3 20  0.554693  0.722650
3 21  0.547352  0.857779
3 22  0.554706  0.741126
3 23  0.555754  0.753579
3 24  0.582734  1.057758
3 25  0.579687  0.847267
3 26  0.564448  0.977706
3 27  0.584977  0.986358
3 28  0.580040  1.009990
3 29  0.554588  0.838735
3 30  0.580026  1.135668
4 5  0.516417  0.639263
4 6  0.549360  0.782135
4 7  0.559738  0.693399
4 8  0.560329  0.695948
4 9  0.590129  0.916269
4 10  0.587341  0.968382
4 11  0.590589  1.052090
4 12  0.587377  0.805797
4 13  0.560423  0.776923
4 14  0.586781  1.053312
4 15  0.595836  0.916450
4 16  0.558874  0.839338
4 17  0.568015  0.924234
4 18  0.557996  0.725056
4 19  0.282796  0.461131
4 20  0.513604  0.626893
4 21  0.554908  0.805846
4 22  0.562345  0.688940
4 23  0.563412  0.701423
4 24  0.590932  1.006205
4 25  0.587313  0.795267
4 26  0.601377  0.957547
4 27  0.592759  0.934589
4 28  0.588021  0.958427
4 29  0.551805  0.782659
4 30  0.587037  1.084711
5 6  0.549928  0.769138
5 7  0.560302  0.679807
5 8  0.560893  0.681932
5 9  0.590703  0.903103
5 10  0.587935  0.954150
5 11  0.591164  1.036308
5 12  0.587943  0.791398
5 13  0.562020  0.772554
5 14  0.587497  1.046435
5 15  0.597830  0.912833
5 16  0.558749  0.826091
5 17  0.568555  0.910253
5 18  0.556027  0.712280
5 19  0.514474  0.649945
5 20  0.281706  0.398156
5 21  0.555540  0.791859
5 22  0.562919  0.674911
5 23  0.563975  0.687389
5 24  0.591466  0.992306
5 25  0.587887  0.781240
5 26  0.602986  0.943208
5 27  0.593407  0.920634
5 28  0.588648  0.944483
5 29  0.553777  0.767466
5 30  0.588216  1.070839
6 7  0.540383  0.771078
6 8  0.543111  0.784469
6 9  0.551800  0.989774
6 10  0.572961  1.059942
6 11  0.575672  1.119792
6 12  0.552736  0.873904
6 13  0.576845  0.892865
6 14  0.572649  1.126273
6 15  0.587372  1.022961
6 16  0.545494  0.932559
6 17  0.554104  1.012486
6 18  0.546034  0.821348
6 19  0.553061  0.803505
6 20  0.552447  0.765469
6 21  0.266368  0.689640
6 22  0.545703  0.780793
6 23  0.548765  0.790439
6 24  0.577304  1.098172
6 25  0.546242  0.862930
6 26  0.589207  1.049927
6 27  0.548203  0.989999
6 28  0.572824  1.049532
6 29  0.577233  0.908364
6 30  0.573521  1.175860
7 8  0.511251  0.664533
7 9  0.583662  0.911365
7 10  0.584226  0.970808
7 11  0.587548  1.054166
7 12  0.557099  0.790611
7 13  0.587234  0.807664
7 14  0.583879  1.057190
7 15  0.597842  0.936169
7 16  0.556143  0.844086
7 17  0.564684  0.926901
7 18  0.556396  0.732357
7 19  0.563501  0.714368
7 20  0.562844  0.676257
7 21  0.548144  0.808494
7 22  0.276905  0.444911
7 23  0.508996  0.658366
7 24  0.587777  1.010056
7 25  0.547681  0.762918
7 26  0.600082  0.961546
7 27  0.589170  0.937674
7 28  0.584720  0.962327
7 29  0.587680  0.819540
7 30  0.584714  1.088508
8 9  0.582993  0.905152
8 10  0.584851  0.970230
8 11  0.588193  1.057384
8 12  0.555075  0.786906
8 13  0.587823  0.811039
8 14  0.584478  1.065150
8 15  0.598432  0.938766
8 16  0.556677  0.846430
8 17  0.563943  0.929898
8 18  0.556984  0.734723
8 19  0.564110  0.716752
8 20  0.563439  0.678633
8 21  0.551241  0.808872
8 22  0.508545  0.650656
8 23  0.280746  0.463936
8 24  0.588309  1.012295
8 25  0.546214  0.763334
8 26  0.600775  0.963945
8 27  0.588781  0.940669
8 28  0.585695  0.964723
8 29  0.588297  0.821929
8 30  0.585488  1.090972
9 10  0.605359  1.128896
9 11  0.614260  1.275771
9 12  0.600684  1.019456
9 13  0.617602  1.032046
9 14  0.610843  1.267914
9 15  0.627632  1.137886
9 16  0.586393  1.068117
9 17  0.570620  1.121704
9 18  0.586672  0.957193
9 19  0.593828  0.939451
9 20  0.593252  0.901484
9 21  0.552300  0.999410
9 22  0.589099  0.917346
9 23  0.588731  0.929969
9 24  0.611269  1.215585
9 25  0.592728  0.996305
9 26  0.630247  1.184489
9 27  0.383238  1.037110
9 28  0.610634  1.185499
9 29  0.617820  1.044102
9 30  0.611384  1.305613
10 11  0.583409  1.310580
10 12  0.611826  1.083750
10 13  0.614804  1.086250
10 14  0.582228  1.315972
10 15  0.621260  1.169786
10 16  0.578054  1.120140
10 17  0.589613  1.198600
10 18  0.583650  1.010705
10 19  0.591149  0.993052
10 20  0.590520  0.955169
10 21  0.578116  1.085907
10 22  0.586935  0.971664
10 23  0.588088  0.984106
10 24  0.577196  1.247669
10 25  0.611248  1.076426
10 26  0.626000  1.237387
10 27  0.613448  1.215195
10 28  0.372776  1.069316
10 29  0.614957  1.096992
10 30  0.577456  1.321677
11 12  0.614986  1.142022
11 13  0.618001  1.151793
11 14  0.584892  1.340406
11 15  0.627010  1.292997
11 16  0.581875  1.198830
11 17  0.568450  1.272847
11 18  0.586732  1.090028
11 19  0.594328  1.072374
11 20  0.593638  1.034627
11 21  0.582305  1.166007
11 22  0.589932  1.051061
11 23  0.590969  1.063364
11 24  0.402519  1.235339
11 25  0.615083  1.156136
11 26  0.627985  1.306831
11 27  0.612645  1.272743
11 28  0.578709  1.275364
11 29  0.618543  1.176796
11 30  0.579653  1.411323
12 13  0.614869  0.918378
12 14  0.611545  1.168474
12 15  0.625494  1.050750
12 16  0.583411  0.955528
12 17  0.589898  1.039326
12 18  0.584036  0.844064
12 19  0.591153  0.826198
12 20  0.590480  0.788118
12 21  0.550847  0.891166
12 22  0.549613  0.767035
12 23  0.549153  0.781382
12 24  0.615449  1.121035
12 25  0.379281  0.749161
12 26  0.627663  1.072851
12 27  0.595758  1.023908
12 28  0.612131  1.072855
12 29  0.615371  0.931198
12 30  0.612618  1.199505
13 14  0.612926  1.139091
13 15  0.614120  1.028587
13 16  0.585783  0.951546
13 17  0.595287  1.038326
13 18  0.558219  0.814585
13 19  0.554919  0.792990
13 20  0.554914  0.751797
13 21  0.582340  0.920255
13 22  0.589814  0.803708
13 23  0.590893  0.816173
13 24  0.618421  1.120363
13 25  0.614824  0.909853
13 26  0.608798  1.047661
13 27  0.619945  1.048822
13 28  0.615065  1.072183
13 29  0.384252  0.767306
13 30  0.614625  1.198408
14 15  0.613368  1.251512
14 16  0.572103  1.177845
14 17  0.587267  1.273194
14 18  0.583262  1.097853
14 19  0.589784  1.080633
14 20  0.589719  1.042807
14 21  0.578031  1.174041
14 22  0.586357  1.059175
14 23  0.587628  1.071597
14 24  0.578517  1.336423
14 25  0.611462  1.164785
14 26  0.610429  1.311360
14 27  0.613511  1.297624
14 28  0.577549  1.291842
14 29  0.614026  1.184814
14 30  0.405356  1.333835
15 16  0.568322  1.050601
15 17  0.605916  1.166720
15 18  0.566259  0.941138
15 19  0.602556  0.955775
15 20  0.603202  0.917890
15 21  0.592575  1.050762
15 22  0.600432  0.934723
15 23  0.601534  0.947172
15 24  0.626298  1.240669
15 25  0.625258  1.040595
15 26  0.395476  1.071948
15 27  0.630650  1.178083
15 28  0.624621  1.202185
15 29  0.607426  1.037504
15 30  0.609093  1.311382
16 17  0.562807  1.041287
16 18  0.550912  0.861142
16 19  0.562658  0.859764
16 20  0.562018  0.819132
16 21  0.551360  0.955265
16 22  0.558741  0.838620
16 23  0.559795  0.848065
16 24  0.580398  1.117513
16 25  0.583725  0.939852
16 26  0.574471  1.079112
16 27  0.588304  1.065645
16 28  0.570777  1.061774
16 29  0.585377  0.962319
16 30  0.575252  1.227916
17 18  0.564658  0.955074
17 19  0.571790  0.944345
17 20  0.571118  0.905414
17 21  0.557014  1.030855
17 22  0.567349  0.922989
17 23  0.567937  0.928078
17 24  0.572672  1.145100
17 25  0.589543  1.001339
17 26  0.607935  1.183280
17 27  0.572587  1.130548
17 28  0.588527  1.165709
17 29  0.596002  1.047447
17 30  0.590002  1.305495
18 19  0.557983  0.744509
18 20  0.555631  0.701387
18 21  0.551651  0.842701
18 22  0.559025  0.727294
18 23  0.560080  0.739486
18 24  0.587417  1.030334
18 25  0.583997  0.831550
18 26  0.574189  0.983772
18 27  0.589504  0.972239
18 28  0.584695  0.994908
18 29  0.564660  0.830730
18 30  0.582159  1.110590
19 20  0.521833  0.655176
19 21  0.558773  0.823656
19 22  0.566143  0.708672
19 23  0.567200  0.721533
19 24  0.594746  1.025801
19 25  0.591120  0.815458
19 26  0.601377  0.952451
19 27  0.596602  0.950775
19 28  0.591787  0.972380
19 29  0.564384  0.800833
19 30  0.591540  1.091841
20 21  0.558099  0.787889
20 22  0.565465  0.671048
20 23  0.566522  0.683438
20 24  0.594086  0.988282
20 25  0.590443  0.777529
20 26  0.601599  0.929381
20 27  0.595938  0.914950
20 28  0.591149  0.937101
20 29  0.565382  0.782130
20 30  0.591056  1.066301
21 22  0.548063  0.788039
21 23  0.550515  0.811442
21 24  0.581629  1.100496
21 25  0.557100  0.886905
21 26  0.595293  1.062009
21 27  0.558639  1.017163
21 28  0.578857  1.059652
21 29  0.582967  0.924736
21 30  0.579164  1.164920
22 23  0.516339  0.664852
22 24  0.590563  1.003957
22 25  0.559568  0.774343
22 26  0.602796  0.953273
22 27  0.587918  0.920630
22 28  0.587588  0.951741
22 29  0.590350  0.813488
22 30  0.587579  1.077703
23 24  0.591664  1.015859
23 25  0.557874  0.779252
23 26  0.603853  0.966427
23 27  0.588269  0.925288
23 28  0.588664  0.963010
23 29  0.591404  0.826941
23 30  0.588656  1.095347
24 25  0.615218  1.089667
24 26  0.629368  1.269113
24 27  0.617763  1.246622
24 28  0.583109  1.259409
24 29  0.618888  1.119857
24 30  0.588174  1.324326
25 26  0.627777  1.062153
25 27  0.604337  1.028299
25 28  0.612383  1.062053
25 29  0.615323  0.918749
25 30  0.612500  1.180474
26 27  0.632574  1.169667
26 28  0.623936  1.169434
26 29  0.617156  1.051167
26 30  0.616592  1.280999
27 28  0.607800  1.126022
27 29  0.620787  1.055986
27 30  0.614550  1.299653
28 29  0.615944  1.079037
28 30  0.584220  1.308490
29 30  0.614066  1.165898
