  -1146.53742900
  -1146.90136374    -1146.77590689
0.00000271625183
2 2 2 2 2 2 2 2 2 2 2 2 2 2 2 0 0 0 0 0 0 0 0 0 0 0 0 0 0 0 
1  0.273029  0.499151
2  0.279189  0.577202
3  0.273870  0.397992
4  0.281391  0.345649
5  0.281986  0.331468
6  0.268155  0.439206
7  0.278464  0.349540
8  0.279042  0.351887
9  0.309081  0.574883
10  0.306331  0.627710
11  0.309545  0.707019
12  0.306167  0.461670
13  0.308951  0.460730
14  0.305903  0.715191
15  0.319737  0.591506
16  0.278019  0.495724
17  0.286939  0.579725
18  0.278169  0.384207
19  0.285174  0.366137
20  0.284537  0.327723
21  0.273785  0.462005
22  0.281084  0.344455
23  0.282132  0.356946
24  0.309903  0.661032
25  0.306120  0.451084
26  0.322066  0.613297
27  0.311771  0.590378
28  0.307010  0.613320
29  0.309450  0.471524
30  0.306956  0.739694
1 2  0.550916  1.042304
1 3  0.542182  0.874946
1 4  0.554199  0.843436
1 5  0.554721  0.824689
1 6  0.541164  0.937064
1 7  0.551472  0.848024
1 8  0.552049  0.847451
1 9  0.581404  1.054336
1 10  0.567124  1.070329
1 11  0.576303  1.163099
1 12  0.579173  0.953190
1 13  0.580713  0.954270
1 14  0.570806  1.206624
1 15  0.568452  1.060029
1 16  0.269073  0.799266
1 17  0.558141  1.076527
1 18  0.546161  0.881919
1 19  0.557942  0.863671
1 20  0.556682  0.826556
1 21  0.546660  0.959919
1 22  0.554110  0.843431
1 23  0.555064  0.855846
1 24  0.577426  1.156810
1 25  0.578843  0.949620
1 26  0.565957  1.077231
1 27  0.584567  1.087812
1 28  0.575026  1.109352
1 29  0.581808  0.966522
1 30  0.568203  1.207977
2 3  0.553019  0.963289
2 4  0.560570  0.922227
2 5  0.561168  0.906027
2 6  0.544966  1.002631
2 7  0.557481  0.926353
2 8  0.557679  0.923506
2 9  0.565111  1.116275
2 10  0.580591  1.170021
2 11  0.566344  1.177989
2 12  0.582476  1.007188
2 13  0.588130  1.033744
2 14  0.582377  1.277248
2 15  0.598486  1.159517
2 16  0.555517  1.070710
2 17  0.276566  0.973417
2 18  0.556962  0.960759
2 19  0.564357  0.942962
2 20  0.563719  0.904774
2 21  0.552512  1.032805
2 22  0.559640  0.920552
2 23  0.559394  0.933420
2 24  0.564001  1.227543
2 25  0.583030  1.027443
2 26  0.601030  1.186248
2 27  0.564770  1.134357
2 28  0.583484  1.180163
2 29  0.588497  1.047587
2 30  0.581318  1.295962
3 4  0.551337  0.739601
3 5  0.549519  0.717902
3 6  0.542007  0.834862
3 7  0.552334  0.747403
3 8  0.552911  0.749375
3 9  0.582941  0.970795
3 10  0.580082  1.019134
3 11  0.583084  1.083063
3 12  0.580029  0.856112
3 13  0.561183  0.834351
3 14  0.578053  1.100062
3 15  0.568497  0.974852
3 16  0.546637  0.892275
3 17  0.560223  0.976943
3 18  0.270220  0.546896
3 19  0.557778  0.760078
3 20  0.554915  0.723773
3 21  0.547647  0.859589
3 22  0.554937  0.742391
3 23  0.555974  0.754854
3 24  0.583145  1.057955
3 25  0.579979  0.848787
3 26  0.564857  0.978862
3 27  0.585405  0.987685
3 28  0.580458  1.010372
3 29  0.554836  0.840340
3 30  0.580451  1.135929
4 5  0.516507  0.640405
4 6  0.549538  0.783693
4 7  0.559854  0.694558
4 8  0.560432  0.697087
4 9  0.590448  0.917392
4 10  0.587637  0.968626
4 11  0.590916  1.052113
4 12  0.587556  0.807227
4 13  0.560577  0.778345
4 14  0.587099  1.053350
4 15  0.596137  0.917390
4 16  0.559172  0.840333
4 17  0.568326  0.925135
4 18  0.558181  0.726391
4 19  0.282854  0.462539
4 20  0.513704  0.627974
4 21  0.555079  0.807531
4 22  0.562462  0.690079
4 23  0.563522  0.702569
4 24  0.591240  1.006263
4 25  0.587488  0.796668
4 26  0.601669  0.958533
4 27  0.593073  0.935791
4 28  0.588322  0.958686
4 29  0.551949  0.784119
4 30  0.587342  1.084852
5 6  0.550136  0.770612
5 7  0.560449  0.680860
5 8  0.561027  0.682935
5 9  0.591053  0.904116
5 10  0.588261  0.954264
5 11  0.591522  1.036167
5 12  0.588153  0.792670
5 13  0.562191  0.773889
5 14  0.587841  1.046393
5 15  0.598152  0.913713
5 16  0.559068  0.826947
5 17  0.568895  0.911019
5 18  0.556238  0.713484
5 19  0.514564  0.651169
5 20  0.281856  0.399125
5 21  0.555749  0.793407
5 22  0.563069  0.675909
5 23  0.564116  0.688396
5 24  0.591806  0.992222
5 25  0.588091  0.782503
5 26  0.603309  0.944046
5 27  0.593756  0.921697
5 28  0.588980  0.944603
5 29  0.553946  0.768781
5 30  0.588562  1.070837
6 7  0.540604  0.772590
6 8  0.543316  0.786038
6 9  0.552233  0.991365
6 10  0.573360  1.060639
6 11  0.576097  1.120143
6 12  0.553014  0.875691
6 13  0.577084  0.894572
6 14  0.573062  1.126643
6 15  0.587773  1.024404
6 16  0.545891  0.933964
6 17  0.554516  1.013819
6 18  0.546322  0.823104
6 19  0.553225  0.805190
6 20  0.552660  0.766879
6 21  0.266598  0.691903
6 22  0.545919  0.782365
6 23  0.548978  0.792014
6 24  0.577715  1.098662
6 25  0.546513  0.864819
6 26  0.589590  1.051334
6 27  0.548630  0.991673
6 28  0.573230  1.050193
6 29  0.577474  0.910188
6 30  0.573930  1.176431
7 8  0.511393  0.665772
7 9  0.584021  0.912523
7 10  0.584565  0.971085
7 11  0.587916  1.054162
7 12  0.557334  0.792052
7 13  0.587413  0.809063
7 14  0.584237  1.057178
7 15  0.598180  0.937161
7 16  0.556483  0.845083
7 17  0.565037  0.927800
7 18  0.556620  0.733697
7 19  0.563608  0.715635
7 20  0.562996  0.677248
7 21  0.548360  0.810197
7 22  0.277062  0.446223
7 23  0.509148  0.659620
7 24  0.588129  1.010118
7 25  0.547899  0.764406
7 26  0.600411  0.962533
7 27  0.589526  0.938876
7 28  0.585049  0.962592
7 29  0.587856  0.820953
7 30  0.585067  1.088651
8 9  0.583339  0.906211
8 10  0.585178  0.970422
8 11  0.588548  1.057374
8 12  0.555291  0.788325
8 13  0.587989  0.812458
8 14  0.584818  1.065194
8 15  0.598756  0.939698
8 16  0.557001  0.847401
8 17  0.564272  0.930777
8 18  0.557192  0.736034
8 19  0.564207  0.717990
8 20  0.563579  0.679595
8 21  0.551450  0.810538
8 22  0.508689  0.651873
8 23  0.280877  0.465207
8 24  0.588639  1.012331
8 25  0.546423  0.764779
8 26  0.601099  0.964901
8 27  0.589126  0.941850
8 28  0.586026  0.964957
8 29  0.588459  0.823314
8 30  0.585828  1.091087
9 10  0.605844  1.129110
9 11  0.614820  1.275840
9 12  0.601092  1.020874
9 13  0.617987  1.033510
9 14  0.611386  1.268013
9 15  0.628170  1.138828
9 16  0.586935  1.069148
9 17  0.571161  1.122721
9 18  0.587097  0.958550
9 19  0.594141  0.940736
9 20  0.593609  0.902494
9 21  0.552730  1.001157
9 22  0.589462  0.918502
9 23  0.589088  0.931142
9 24  0.611811  1.215710
9 25  0.593139  0.997714
9 26  0.630789  1.185501
9 27  0.383757  1.038482
9 28  0.611155  1.185784
9 29  0.618196  1.045533
9 30  0.611940  1.305766
10 11  0.583953  1.309830
10 12  0.612222  1.084276
10 13  0.615164  1.086808
10 14  0.582760  1.315276
10 15  0.621770  1.169954
10 16  0.578553  1.120247
10 17  0.590143  1.198677
10 18  0.584056  1.011142
10 19  0.591440  0.993421
10 20  0.590851  0.955265
10 21  0.578520  1.086678
10 22  0.587272  0.971910
10 23  0.588419  0.984360
10 24  0.577725  1.247020
10 25  0.611633  1.076918
10 26  0.626508  1.237514
10 27  0.613958  1.215519
10 28  0.373302  1.068765
10 29  0.615309  1.097501
10 30  0.577987  1.321141
11 12  0.615417  1.142170
11 13  0.618391  1.151998
11 14  0.585410  1.339513
11 15  0.627547  1.292920
11 16  0.582418  1.198666
11 17  0.568992  1.272590
11 18  0.587156  1.090201
11 19  0.594649  1.072465
11 20  0.594000  1.034444
11 21  0.582735  1.166531
11 22  0.590299  1.051031
11 23  0.591323  1.063343
11 24  0.403055  1.234329
11 25  0.615510  1.156372
11 26  0.628520  1.306683
11 27  0.613203  1.272838
11 28  0.579258  1.274667
11 29  0.618933  1.177046
11 30  0.580163  1.410460
12 13  0.615111  0.919976
12 14  0.611963  1.168760
12 15  0.625895  1.052054
12 16  0.583796  0.956768
12 17  0.590307  1.040473
12 18  0.584325  0.845631
12 19  0.591327  0.827700
12 20  0.590694  0.789346
12 21  0.551122  0.893171
12 22  0.549836  0.768481
12 23  0.549373  0.782827
12 24  0.615860  1.121338
12 25  0.379554  0.751059
12 26  0.628063  1.074068
12 27  0.596169  1.025348
12 28  0.612529  1.073339
12 29  0.615614  0.932844
12 30  0.613037  1.199886
13 14  0.613302  1.139286
13 15  0.614480  1.029869
13 16  0.586140  0.952801
13 17  0.595656  1.039479
13 18  0.558462  0.816242
13 19  0.555059  0.794563
13 20  0.555086  0.753078
13 21  0.582578  0.922188
13 22  0.589990  0.805102
13 23  0.591063  0.817577
13 24  0.618792  1.120684
13 25  0.615063  0.911507
13 26  0.609152  1.048888
13 27  0.620318  1.050278
13 28  0.615423  1.072693
13 29  0.384447  0.769195
13 30  0.615002  1.198810
14 15  0.613870  1.251538
14 16  0.572638  1.177885
14 17  0.587805  1.273084
14 18  0.583681  1.098082
14 19  0.590083  1.080800
14 20  0.590070  1.042695
14 21  0.578439  1.174638
14 22  0.586706  1.059216
14 23  0.587976  1.071640
14 24  0.579031  1.335579
14 25  0.611878  1.165090
14 26  0.610940  1.311225
14 27  0.614063  1.297727
14 28  0.578086  1.291186
14 29  0.614404  1.185132
14 30  0.405914  1.333032
15 16  0.568835  1.051611
15 17  0.606445  1.167509
15 18  0.566659  0.942376
15 19  0.602847  0.956921
15 20  0.603534  0.918751
15 21  0.592964  1.052331
15 22  0.600773  0.935738
15 23  0.601866  0.948194
15 24  0.626819  1.240633
15 25  0.625658  1.041868
15 26  0.395958  1.072921
15 27  0.631189  1.179172
15 28  0.625139  1.202350
15 29  0.607783  1.038770
15 30  0.609614  1.311393
16 17  0.563327  1.041908
16 18  0.551317  0.862188
16 19  0.562953  0.860822
16 20  0.562354  0.819886
16 21  0.551764  0.956752
16 22  0.559082  0.839549
16 23  0.560126  0.848908
16 24  0.580910  1.117414
16 25  0.584125  0.940973
16 26  0.574980  1.079824
16 27  0.588832  1.066561
16 28  0.571253  1.061838
16 29  0.585735  0.963498
16 30  0.575783  1.227869
17 18  0.565076  0.956001
17 19  0.572095  0.945307
17 20  0.571464  0.906067
17 21  0.557425  1.032215
17 22  0.567702  0.923836
17 23  0.568280  0.928875
17 24  0.573175  1.144992
17 25  0.589952  1.002330
17 26  0.608459  1.183910
17 27  0.573123  1.131402
17 28  0.589059  1.165748
17 29  0.596376  1.048535
17 30  0.590541  1.305398
18 19  0.558164  0.745917
18 20  0.555852  0.702475
18 21  0.551938  0.844474
18 22  0.559253  0.728569
18 23  0.560299  0.740753
18 24  0.587834  1.030467
18 25  0.584282  0.833004
18 26  0.574588  0.984880
18 27  0.589929  0.973570
18 28  0.585106  0.995302
18 29  0.564903  0.832244
18 30  0.582569  1.110800
19 20  0.521923  0.656316
19 21  0.558947  0.825297
19 22  0.566257  0.709837
19 23  0.567305  0.722727
19 24  0.595049  1.025929
19 25  0.591291  0.816917
19 26  0.601671  0.953362
19 27  0.596914  0.951934
19 28  0.592085  0.972638
19 29  0.564532  0.802247
19 30  0.591854  1.091967
20 21  0.558315  0.789359
20 22  0.565620  0.671970
20 23  0.566669  0.684358
20 24  0.594431  0.988129
20 25  0.590656  0.778719
20 26  0.601924  0.930108
20 27  0.596290  0.915885
20 28  0.591487  0.937121
20 29  0.565558  0.783371
20 30  0.591407  1.066245
21 22  0.548289  0.789564
21 23  0.550730  0.813064
21 24  0.582037  1.100971
21 25  0.557378  0.888729
21 26  0.595692  1.063389
21 27  0.559067  1.018788
21 28  0.579264  1.060355
21 29  0.583209  0.926452
21 30  0.579576  1.165360
22 23  0.516492  0.666016
22 24  0.590914  1.003937
22 25  0.559802  0.775696
22 26  0.603134  0.954120
22 27  0.588276  0.921708
22 28  0.587938  0.951932
22 29  0.590533  0.814794
22 30  0.587940  1.077692
23 24  0.592007  1.015857
23 25  0.558091  0.780616
23 26  0.604182  0.967263
23 27  0.588616  0.926316
23 28  0.589003  0.963148
23 29  0.591578  0.828300
23 30  0.589005  1.095429
24 25  0.615628  1.089844
24 26  0.629881  1.268987
24 27  0.618303  1.246710
24 28  0.583647  1.258625
24 29  0.619261  1.120078
24 30  0.588685  1.323490
25 26  0.628172  1.063339
25 27  0.604747  1.029688
25 28  0.612781  1.062509
25 29  0.615563  0.920279
25 30  0.612915  1.180744
26 27  0.633107  1.170500
26 28  0.624450  1.169510
26 29  0.617515  1.052324
26 30  0.617097  1.281041
27 28  0.608290  1.126188
27 29  0.621170  1.057399
27 30  0.615091  1.299803
28 29  0.616311  1.079515
28 30  0.584754  1.307822
29 30  0.614443  1.166098
