   -841.26731941
   -841.53056701     -841.39768914
0.00020766640766
2 2 2 2 2 2 2 2 2 2 2 0 0 0 0 0 0 0 0 0 0 0 
1  0.284631  0.422331
2  0.279732  0.415334
3  0.303143  0.751101
4  0.282050  0.452495
5  0.296107  0.759009
6  0.276543  0.417618
7  0.299806  0.706915
8  0.309077  0.570530
9  0.298926  0.524746
10  0.258265  0.485758
11  0.267358  0.553128
12  0.264700  0.485533
13  0.273570  0.547425
14  0.300641  0.699108
15  0.278776  0.431003
16  0.310407  0.586309
17  0.304128  0.708102
18  0.286236  0.404646
19  0.281965  0.405317
20  0.297693  0.783699
21  0.301214  0.546673
22  0.284925  0.478972
1 2  0.564359  0.834170
1 3  0.587134  1.142598
1 4  0.566677  0.872642
1 5  0.580525  1.174426
1 6  0.513370  0.800743
1 7  0.583959  1.120391
1 8  0.593704  0.991770
1 9  0.547010  0.920616
1 10  0.542869  0.900117
1 11  0.546321  0.941317
1 12  0.543896  0.906318
1 13  0.557917  0.968862
1 14  0.584810  1.119806
1 15  0.563393  0.853013
1 16  0.555203  0.969904
1 17  0.588365  1.128680
1 18  0.570821  0.826714
1 19  0.301261  0.620019
1 20  0.581944  1.203351
1 21  0.585753  0.968323
1 22  0.511153  0.841420
2 3  0.582465  1.139825
2 4  0.513929  0.826488
2 5  0.573925  1.150154
2 6  0.556269  0.829412
2 7  0.579437  1.117875
2 8  0.555828  0.974709
2 9  0.578646  0.939351
2 10  0.533115  0.881118
2 11  0.547063  0.958760
2 12  0.544245  0.900147
2 13  0.550370  0.961081
2 14  0.579694  1.110086
2 15  0.510488  0.809805
2 16  0.589990  1.000879
2 17  0.583531  1.121683
2 18  0.293749  0.607537
2 19  0.561691  0.820378
2 20  0.577187  1.197516
2 21  0.534966  0.907117
2 22  0.564615  0.893867
3 4  0.584837  1.185613
3 5  0.569147  1.423819
3 6  0.577977  1.138469
3 7  0.569546  1.418028
3 8  0.611254  1.315014
3 9  0.599076  1.269965
3 10  0.556220  1.190617
3 11  0.550504  1.193444
3 12  0.542507  1.215809
3 13  0.570578  1.292675
3 14  0.516055  1.332745
3 15  0.581865  1.180233
3 16  0.606188  1.307047
3 17  0.571119  1.448429
3 18  0.589103  1.154112
3 19  0.584844  1.154513
3 20  0.536490  1.475201
3 21  0.602376  1.288805
3 22  0.587372  1.226275
4 5  0.575307  1.161859
4 6  0.558579  0.865651
4 7  0.581600  1.155036
4 8  0.555363  0.984822
4 9  0.580927  0.974604
4 10  0.537465  0.933100
4 11  0.549380  1.002112
4 12  0.546508  0.937092
4 13  0.554849  0.992316
4 14  0.581309  1.147931
4 15  0.294832  0.686210
4 16  0.592077  1.037687
4 17  0.585654  1.158371
4 18  0.510093  0.801853
4 19  0.563979  0.857457
4 20  0.578822  1.233263
4 21  0.544683  0.956899
4 22  0.566824  0.930728
5 6  0.571901  1.155844
5 7  0.563890  1.421309
5 8  0.596976  1.273488
5 9  0.592593  1.261664
5 10  0.547477  1.237810
5 11  0.561181  1.298169
5 12  0.558132  1.227774
5 13  0.559459  1.262002
5 14  0.510491  1.357214
5 15  0.574002  1.187773
5 16  0.603822  1.339408
5 17  0.533673  1.404928
5 18  0.582062  1.161778
5 19  0.577818  1.163108
5 20  0.560197  1.529226
5 21  0.583216  1.282760
5 22  0.580097  1.234526
6 7  0.575600  1.121799
6 8  0.585567  0.985705
6 9  0.544034  0.925003
6 10  0.534798  0.901345
6 11  0.539732  0.952590
6 12  0.539338  0.897954
6 13  0.549988  0.964247
6 14  0.576664  1.114374
6 15  0.555317  0.848236
6 16  0.540935  0.947505
6 17  0.580610  1.124346
6 18  0.562763  0.822014
6 19  0.511243  0.791480
6 20  0.573510  1.199251
6 21  0.577583  0.963545
6 22  0.298339  0.700691
7 8  0.605881  1.221383
7 9  0.592624  1.162519
7 10  0.547560  1.127855
7 11  0.562787  1.215667
7 12  0.563671  1.187380
7 13  0.566711  1.246310
7 14  0.558420  1.394368
7 15  0.578142  1.135105
7 16  0.608107  1.288816
7 17  0.517721  1.301023
7 18  0.585583  1.110071
7 19  0.581048  1.107790
7 20  0.509210  1.382816
7 21  0.600645  1.249876
7 22  0.583407  1.181583
8 9  0.607757  1.075384
8 10  0.548425  1.023722
8 11  0.576236  1.114735
8 12  0.573737  1.054478
8 13  0.554876  1.076069
8 14  0.607372  1.265691
8 15  0.542056  0.948480
8 16  0.619013  1.154156
8 17  0.606154  1.251369
8 18  0.553961  0.932486
8 19  0.590903  0.975226
8 20  0.603856  1.348213
8 21  0.393811  1.006786
8 22  0.593645  1.048238
9 10  0.556894  0.994616
9 11  0.549768  1.048336
9 12  0.545930  0.990924
9 13  0.572049  1.070477
9 14  0.599319  1.220291
9 15  0.577569  0.954969
9 16  0.397315  1.002799
9 17  0.601230  1.225823
9 18  0.585108  0.928843
9 19  0.534230  0.872525
9 20  0.582048  1.285386
9 21  0.600100  1.069534
9 22  0.545248  0.965224
10 11  0.524779  1.006309
10 12  0.522126  0.969253
10 13  0.252240  0.844175
10 14  0.558218  1.179272
10 15  0.535437  0.910151
10 16  0.568647  1.070225
10 17  0.537144  1.175694
10 18  0.539353  0.888755
10 19  0.540081  0.890366
10 20  0.553415  1.252383
10 21  0.541353  1.013073
10 22  0.543026  0.963535
11 12  0.252934  0.850172
11 13  0.538117  1.097269
11 14  0.561747  1.244140
11 15  0.546069  0.983093
11 16  0.549453  1.099449
11 17  0.564946  1.256478
11 18  0.553423  0.956986
11 19  0.546602  0.956569
11 20  0.555204  1.295675
11 21  0.568032  1.097752
11 22  0.551596  1.022202
12 13  0.537143  1.002509
12 14  0.552869  1.125827
12 15  0.543461  0.915586
12 16  0.554474  1.039901
12 17  0.562975  1.152064
12 18  0.550919  0.885354
12 19  0.541570  0.876360
12 20  0.554648  1.262478
12 21  0.565467  1.016479
12 22  0.545779  0.960608
13 14  0.569735  1.210059
13 15  0.546998  0.965123
13 16  0.583715  1.126377
13 17  0.556672  1.155362
13 18  0.553782  0.924387
13 19  0.555514  0.946863
13 20  0.568421  1.318174
13 21  0.555781  1.065715
13 22  0.558457  1.023933
14 15  0.578404  1.121706
14 16  0.607864  1.222621
14 17  0.570981  1.378908
14 18  0.586394  1.100340
14 19  0.582523  1.103023
14 20  0.566072  1.417610
14 21  0.594872  1.168224
14 22  0.585278  1.166670
15 16  0.589111  1.011098
15 17  0.580993  1.113657
15 18  0.516588  0.798745
15 19  0.560734  0.832854
15 20  0.575641  1.185728
15 21  0.548240  0.951656
15 22  0.563683  0.903630
16 17  0.613445  1.288544
16 18  0.596631  0.990265
16 19  0.559672  0.981653
16 20  0.599582  1.295797
16 21  0.611310  1.107479
16 22  0.559711  1.011680
17 18  0.589567  1.090254
17 19  0.585727  1.093803
17 20  0.573341  1.410615
17 21  0.602426  1.250586
17 22  0.588701  1.171671
18 19  0.568197  0.807823
18 20  0.583644  1.180929
18 21  0.551633  0.931221
18 22  0.571156  0.881666
19 20  0.576854  1.160077
19 21  0.583162  0.951123
19 22  0.518415  0.841614
20 21  0.596111  1.294918
20 22  0.579261  1.199214
21 22  0.586079  1.018904
