   -841.26731941
   -841.53205166     -841.40121311
0.00011137326162
2 2 2 2 2 2 2 2 2 2 2 0 0 0 0 0 0 0 0 0 0 0 
1  0.286308  0.427036
2  0.281627  0.419026
3  0.308403  0.750018
4  0.284103  0.457135
5  0.301581  0.759433
6  0.278792  0.423898
7  0.304407  0.706428
8  0.312861  0.576023
9  0.302569  0.531768
10  0.263024  0.494077
11  0.271990  0.560227
12  0.269242  0.495153
13  0.278917  0.554932
14  0.305189  0.699192
15  0.281017  0.435434
16  0.313844  0.593260
17  0.309335  0.707378
18  0.287959  0.408344
19  0.283947  0.409936
20  0.302962  0.783184
21  0.304872  0.551057
22  0.287203  0.484571
1 2  0.567930  0.842009
1 3  0.594030  1.145303
1 4  0.570407  0.881679
1 5  0.587652  1.179123
1 6  0.517366  0.811805
1 7  0.590218  1.124339
1 8  0.599163  1.001925
1 9  0.552350  0.932433
1 10  0.549307  0.912308
1 11  0.552273  0.951947
1 12  0.550019  0.920628
1 13  0.564836  0.981045
1 14  0.591011  1.124544
1 15  0.567321  0.862140
1 16  0.560495  0.982149
1 17  0.595230  1.132691
1 18  0.574229  0.835105
1 19  0.304505  0.629570
1 20  0.588878  1.207485
1 21  0.591024  0.977411
1 22  0.515265  0.853581
2 3  0.589596  1.141413
2 4  0.517916  0.834871
2 5  0.581052  1.153673
2 6  0.560412  0.838822
2 7  0.585922  1.121002
2 8  0.561778  0.983886
2 9  0.584183  0.950048
2 10  0.539563  0.892460
2 11  0.553588  0.968712
2 12  0.550591  0.913441
2 13  0.557466  0.972371
2 14  0.586032  1.113734
2 15  0.514704  0.819000
2 16  0.595268  1.011518
2 17  0.590590  1.124758
2 18  0.296820  0.614606
2 19  0.565570  0.828669
2 20  0.584357  1.200726
2 21  0.540622  0.916481
2 22  0.568785  0.903151
3 4  0.592162  1.188414
3 5  0.578947  1.423660
3 6  0.585353  1.142279
3 7  0.579339  1.418166
3 8  0.620229  1.319618
3 9  0.607836  1.276190
3 10  0.565845  1.197426
3 11  0.559610  1.198605
3 12  0.551840  1.223975
3 13  0.580882  1.299225
3 14  0.525217  1.334569
3 15  0.589368  1.183593
3 16  0.614658  1.313233
3 17  0.581274  1.447516
3 18  0.596043  1.156752
3 19  0.592042  1.158060
3 20  0.546743  1.476901
3 21  0.611258  1.291908
3 22  0.594849  1.230887
4 5  0.582898  1.164758
4 6  0.562878  0.875680
4 7  0.588263  1.158982
4 8  0.561052  0.994350
4 9  0.586623  0.985860
4 10  0.544206  0.945852
4 11  0.556063  1.013657
4 12  0.553084  0.951201
4 13  0.562220  1.004608
4 14  0.587818  1.152505
4 15  0.298005  0.695516
4 16  0.597512  1.049277
4 17  0.592861  1.162364
4 18  0.514012  0.811992
4 19  0.568008  0.866702
4 20  0.586094  1.237477
4 21  0.550210  0.966906
4 22  0.571138  0.940947
5 6  0.579538  1.160433
5 7  0.573835  1.422330
5 8  0.605714  1.278075
5 9  0.601527  1.267958
5 10  0.557529  1.246490
5 11  0.571168  1.305614
5 12  0.568053  1.237321
5 13  0.570152  1.271144
5 14  0.519363  1.359486
5 15  0.581634  1.192764
5 16  0.612595  1.346801
5 17  0.544026  1.407574
5 18  0.589235  1.165860
5 19  0.585249  1.168158
5 20  0.570340  1.530017
5 21  0.591993  1.287431
5 22  0.587802  1.240596
6 7  0.582385  1.127258
6 8  0.591584  0.997063
6 9  0.549796  0.938125
6 10  0.541807  0.915814
6 11  0.546333  0.964955
6 12  0.546055  0.913841
6 13  0.557507  0.977966
6 14  0.583403  1.120497
6 15  0.559799  0.858927
6 16  0.546527  0.962037
6 17  0.588063  1.129933
6 18  0.566743  0.831977
6 19  0.515506  0.803448
6 20  0.580976  1.205092
6 21  0.583428  0.974213
6 22  0.302025  0.713425
7 8  0.614144  1.225162
7 9  0.600347  1.166462
7 10  0.556070  1.133691
7 11  0.571893  1.222471
7 12  0.572751  1.196818
7 13  0.576333  1.253188
7 14  0.567628  1.394751
7 15  0.584890  1.138859
7 16  0.616015  1.295497
7 17  0.526971  1.303324
7 18  0.591847  1.113252
7 19  0.587530  1.111697
7 20  0.518334  1.384107
7 21  0.608875  1.253975
7 22  0.590183  1.186588
8 9  0.615166  1.085892
8 10  0.556445  1.036912
8 11  0.584636  1.126975
8 12  0.582072  1.069525
8 13  0.563782  1.089162
8 14  0.615571  1.271484
8 15  0.548020  0.959886
8 16  0.626212  1.166535
8 17  0.614912  1.256544
8 18  0.559629  0.942387
8 19  0.596614  0.985344
8 20  0.612627  1.353261
8 21  0.400482  1.017001
8 22  0.599649  1.059344
9 10  0.565246  1.008673
9 11  0.557625  1.062224
9 12  0.553974  1.007804
9 13  0.581035  1.084922
9 14  0.607493  1.227529
9 15  0.583400  0.966451
9 16  0.403747  1.017723
9 17  0.610082  1.231711
9 18  0.590430  0.939579
9 19  0.539786  0.885335
9 20  0.590532  1.291557
9 21  0.607423  1.080932
9 22  0.551025  0.978522
10 11  0.534075  1.020187
10 12  0.531458  0.987147
10 13  0.260329  0.860312
10 14  0.567456  1.188032
10 15  0.542418  0.923056
10 16  0.576843  1.085415
10 17  0.546531  1.183306
10 18  0.545705  0.900751
10 19  0.546782  0.903265
10 20  0.563365  1.259795
10 21  0.549637  1.026189
10 22  0.550052  0.977295
11 12  0.260636  0.867776
11 13  0.548024  1.111792
11 14  0.570729  1.251185
11 15  0.552887  0.994579
11 16  0.557388  1.113573
11 17  0.574468  1.262997
11 18  0.559711  0.967780
11 19  0.553098  0.968410
11 20  0.565098  1.303484
11 21  0.576350  1.109155
11 22  0.558451  1.035074
12 13  0.546957  1.017867
12 14  0.561209  1.133525
12 15  0.550248  0.929597
12 16  0.561963  1.055427
12 17  0.572384  1.160192
12 18  0.557181  0.898094
12 19  0.547912  0.889898
12 20  0.564294  1.271542
12 21  0.573588  1.028991
12 22  0.552445  0.975622
13 14  0.579507  1.218033
13 15  0.554339  0.976280
13 16  0.592471  1.140196
13 17  0.566247  1.160811
13 18  0.560541  0.934722
13 19  0.562838  0.958347
13 20  0.578864  1.325056
13 21  0.564323  1.077321
13 22  0.566075  1.036932
14 15  0.585090  1.125673
14 16  0.615768  1.228157
14 17  0.580623  1.379347
14 18  0.592617  1.103902
14 19  0.589043  1.107722
14 20  0.575717  1.418838
14 21  0.602517  1.170919
14 22  0.592092  1.172117
15 16  0.594777  1.021887
15 17  0.588337  1.116494
15 18  0.520607  0.806993
15 19  0.564954  0.841504
15 20  0.583070  1.188022
15 21  0.554018  0.960213
15 22  0.568197  0.912788
16 17  0.621974  1.294884
16 18  0.601789  1.000900
16 19  0.565298  0.993322
16 20  0.607895  1.301118
16 21  0.618364  1.116681
16 22  0.565260  1.023574
17 18  0.596482  1.092506
17 19  0.592905  1.096637
17 20  0.583053  1.409866
17 21  0.611166  1.254337
17 22  0.596184  1.175974
18 19  0.571901  0.815777
18 20  0.590624  1.183689
18 21  0.557116  0.939235
18 22  0.575155  0.890715
19 20  0.583778  1.163240
19 21  0.588798  0.960156
19 22  0.522639  0.851910
20 21  0.604799  1.298428
20 22  0.586799  1.202098
21 22  0.592009  1.028325
