   -841.26731941
   -841.53309477     -841.40404649
0.00003368388919
2 2 2 2 2 2 2 2 2 2 2 0 0 0 0 0 0 0 0 0 0 0 
1  0.287877  0.432575
2  0.283035  0.425412
3  0.312444  0.747758
4  0.285644  0.464738
5  0.305805  0.757800
6  0.280303  0.431017
7  0.307755  0.706838
8  0.315580  0.582312
9  0.305090  0.538871
10  0.266130  0.501596
11  0.275399  0.566404
12  0.272653  0.502637
13  0.282273  0.560701
14  0.308621  0.698915
15  0.282402  0.443598
16  0.316653  0.598066
17  0.313248  0.705234
18  0.289548  0.414313
19  0.285476  0.416323
20  0.307115  0.782391
21  0.307243  0.557839
22  0.288742  0.492356
1 2  0.570904  0.853345
1 3  0.599643  1.147808
1 4  0.573510  0.894524
1 5  0.593404  1.182798
1 6  0.520440  0.824424
1 7  0.595120  1.129976
1 8  0.603446  1.013654
1 9  0.556514  0.945148
1 10  0.553974  0.924552
1 11  0.557169  0.962725
1 12  0.554859  0.933668
1 13  0.569644  0.992341
1 14  0.595994  1.129749
1 15  0.570275  0.875811
1 16  0.564948  0.993112
1 17  0.600602  1.136142
1 18  0.577380  0.846594
1 19  0.307096  0.641956
1 20  0.594557  1.212205
1 21  0.594939  0.989709
1 22  0.518430  0.868473
2 3  0.595021  1.144548
2 4  0.520848  0.848544
2 5  0.586518  1.157613
2 6  0.563326  0.851804
2 7  0.590666  1.127616
2 8  0.566064  0.996661
2 9  0.588106  0.963464
2 10  0.544049  0.905620
2 11  0.558397  0.980401
2 12  0.555292  0.927339
2 13  0.562164  0.984548
2 14  0.590801  1.119534
2 15  0.517576  0.834580
2 16  0.599445  1.022671
2 17  0.595893  1.129059
2 18  0.299433  0.627605
2 19  0.568510  0.841416
2 20  0.589916  1.206282
2 21  0.544436  0.930616
2 22  0.571736  0.917281
3 4  0.597703  1.193284
3 5  0.586579  1.421650
3 6  0.590835  1.146207
3 7  0.586769  1.417844
3 8  0.626924  1.323752
3 9  0.614294  1.281178
3 10  0.572709  1.202454
3 11  0.566373  1.202228
3 12  0.558971  1.228991
3 13  0.588130  1.302938
3 14  0.532169  1.334564
3 15  0.594789  1.189449
3 16  0.621333  1.316418
3 17  0.588781  1.443957
3 18  0.601571  1.160469
3 19  0.597585  1.162236
3 20  0.554809  1.476125
3 21  0.617540  1.296243
3 22  0.600424  1.236392
4 5  0.588574  1.169166
4 6  0.565919  0.889562
4 7  0.593153  1.166911
4 8  0.565201  1.007867
4 9  0.590682  1.000199
4 10  0.548773  0.960672
4 11  0.561002  1.027292
4 12  0.557975  0.966134
4 13  0.567073  1.018058
4 14  0.592761  1.159535
4 15  0.300628  0.712043
4 16  0.601755  1.061663
4 17  0.598310  1.167790
4 18  0.517236  0.827035
4 19  0.571074  0.880656
4 20  0.591687  1.244298
4 21  0.554147  0.981979
4 22  0.574168  0.956267
5 6  0.585213  1.164623
5 7  0.581265  1.422188
5 8  0.612290  1.281933
5 9  0.608116  1.272529
5 10  0.564798  1.252427
5 11  0.578684  1.310451
5 12  0.575536  1.243244
5 13  0.577712  1.276757
5 14  0.526233  1.359531
5 15  0.587207  1.199385
5 16  0.619488  1.350069
5 17  0.551962  1.405945
5 18  0.594999  1.170156
5 19  0.591007  1.172918
5 20  0.578301  1.528839
5 21  0.598372  1.292409
5 22  0.593453  1.246823
6 7  0.587170  1.134480
6 8  0.595807  1.010150
6 9  0.553855  0.952178
6 10  0.546423  0.930339
6 11  0.551097  0.977539
6 12  0.550932  0.928415
6 13  0.562336  0.990788
6 14  0.588236  1.127265
6 15  0.562680  0.874157
6 16  0.550906  0.974947
6 17  0.593485  1.134901
6 18  0.569848  0.845038
6 19  0.518623  0.817807
6 20  0.586603  1.211484
6 21  0.587249  0.988101
6 22  0.304583  0.728964
7 8  0.620190  1.231061
7 9  0.605820  1.171743
7 10  0.561945  1.140497
7 11  0.578538  1.229473
7 12  0.579500  1.204866
7 13  0.582832  1.259388
7 14  0.574558  1.395642
7 15  0.589538  1.147340
7 16  0.622061  1.300984
7 17  0.533731  1.303606
7 18  0.596782  1.119544
7 19  0.592306  1.118122
7 20  0.525065  1.385932
7 21  0.614584  1.261291
7 22  0.595030  1.194478
8 9  0.620371  1.097201
8 10  0.562095  1.049884
8 11  0.590743  1.138692
8 12  0.588199  1.083246
8 13  0.569729  1.101997
8 14  0.621599  1.277758
8 15  0.552110  0.975127
8 16  0.631719  1.177624
8 17  0.621402  1.261049
8 18  0.563932  0.955155
8 19  0.600820  0.997980
8 20  0.619367  1.358750
8 21  0.405196  1.031166
8 22  0.603807  1.073384
9 10  0.570815  1.022157
9 11  0.563378  1.075052
9 12  0.559807  1.022748
9 13  0.586904  1.097719
9 14  0.613438  1.234479
9 15  0.587251  0.981698
9 16  0.408672  1.030505
9 17  0.616407  1.236376
9 18  0.594496  0.952616
9 19  0.543843  0.899765
9 20  0.596985  1.297636
9 21  0.612301  1.094742
9 22  0.555092  0.994124
10 11  0.540477  1.032757
10 12  0.537773  1.002179
10 13  0.265884  0.873027
10 14  0.573974  1.195430
10 15  0.546869  0.938775
10 16  0.582754  1.097694
10 17  0.553224  1.188489
10 18  0.550284  0.914259
10 19  0.551338  0.917137
10 20  0.570470  1.266542
10 21  0.555059  1.040943
10 22  0.554668  0.992409
11 12  0.266280  0.881093
11 13  0.554583  1.123824
11 14  0.577454  1.257211
11 15  0.557661  1.008779
11 16  0.563401  1.125322
11 17  0.581623  1.267207
11 18  0.564601  0.979860
11 19  0.557989  0.981005
11 20  0.572644  1.310167
11 21  0.582099  1.122029
11 22  0.563373  1.049119
12 13  0.553595  1.029942
12 14  0.567351  1.139680
12 15  0.555043  0.945162
12 16  0.567991  1.066914
12 17  0.579387  1.165244
12 18  0.562180  0.910936
12 19  0.552803  0.903230
12 20  0.571814  1.278280
12 21  0.579310  1.042134
12 22  0.557334  0.990684
13 14  0.586179  1.223998
13 15  0.558913  0.989600
13 16  0.598624  1.150204
13 17  0.572870  1.164432
13 18  0.565463  0.945546
13 19  0.567714  0.969899
13 20  0.586207  1.330203
13 21  0.569896  1.089325
13 22  0.570965  1.050366
14 15  0.589870  1.132942
14 16  0.621963  1.232251
14 17  0.587988  1.378297
14 18  0.597594  1.109442
14 19  0.593990  1.113811
14 20  0.583184  1.418942
14 21  0.607902  1.175375
14 22  0.597065  1.179434
15 16  0.598958  1.034238
15 17  0.593545  1.121583
15 18  0.523581  0.821031
15 19  0.567865  0.855480
15 20  0.588510  1.193447
15 21  0.557800  0.974715
15 22  0.571112  0.927582
16 17  0.628606  1.297738
16 18  0.606181  1.011651
16 19  0.569818  1.004675
16 20  0.614506  1.304983
16 21  0.623510  1.126209
16 22  0.569518  1.035691
17 18  0.601973  1.095464
17 19  0.598345  1.100136
17 20  0.590622  1.408266
17 21  0.617372  1.259055
17 22  0.601603  1.181144
18 19  0.575016  0.827698
18 20  0.596307  1.188348
18 21  0.561116  0.952196
18 22  0.578277  0.904141
19 20  0.589221  1.167582
19 21  0.592691  0.973303
19 22  0.525706  0.865623
20 21  0.611185  1.303511
20 22  0.592433  1.207358
21 22  0.595917  1.042227
