   -841.26731941
   -841.53335631     -841.40470887
0.00001358732696
2 2 2 2 2 2 2 2 2 2 2 0 0 0 0 0 0 0 0 0 0 0 
1  0.288282  0.434658
2  0.283396  0.427409
3  0.313499  0.746629
4  0.285958  0.467014
5  0.306894  0.757107
6  0.280655  0.433409
7  0.308734  0.706329
8  0.316327  0.584256
9  0.305889  0.541061
10  0.267034  0.503568
11  0.276321  0.567952
12  0.273590  0.504660
13  0.283239  0.562301
14  0.309620  0.698390
15  0.282734  0.446095
16  0.317411  0.599693
17  0.314298  0.704147
18  0.289980  0.416310
19  0.285846  0.418359
20  0.308149  0.781787
21  0.308021  0.559845
22  0.289075  0.494671
1 2  0.571668  0.857181
1 3  0.601091  1.148498
1 4  0.574225  0.898752
1 5  0.594885  1.184127
1 6  0.521181  0.828882
1 7  0.596502  1.131465
1 8  0.604595  1.017633
1 9  0.557759  0.949417
1 10  0.555286  0.928341
1 11  0.558500  0.966008
1 12  0.556182  0.937781
1 13  0.570954  0.996035
1 14  0.597372  1.131277
1 15  0.571014  0.880376
1 16  0.566132  0.996964
1 17  0.602033  1.137150
1 18  0.578223  0.850655
1 19  0.307791  0.646474
1 20  0.595994  1.213643
1 21  0.596092  0.993809
1 22  0.519134  0.873295
2 3  0.596431  1.145176
2 4  0.521501  0.852754
2 5  0.587938  1.158703
2 6  0.564032  0.855979
2 7  0.592004  1.129058
2 8  0.567201  1.000639
2 9  0.589264  0.967631
2 10  0.545306  0.909366
2 11  0.559675  0.983648
2 12  0.556550  0.931364
2 13  0.563463  0.988156
2 14  0.592133  1.120934
2 15  0.518270  0.839379
2 16  0.600553  1.026274
2 17  0.597292  1.129987
2 18  0.300173  0.631979
2 19  0.569241  0.845447
2 20  0.591312  1.207665
2 21  0.545600  0.934849
2 22  0.572431  0.921580
3 4  0.599066  1.194305
3 5  0.588535  1.420325
3 6  0.592231  1.147122
3 7  0.588785  1.416746
3 8  0.628702  1.324602
3 9  0.616120  1.282271
3 10  0.574571  1.203358
3 11  0.568158  1.202703
3 12  0.560858  1.229760
3 13  0.590112  1.303498
3 14  0.534062  1.333557
3 15  0.596177  1.190816
3 16  0.623103  1.317094
3 17  0.590737  1.441951
3 18  0.603035  1.161348
3 19  0.599001  1.163153
3 20  0.556851  1.475089
3 21  0.619324  1.297045
3 22  0.601814  1.237594
4 5  0.589964  1.170324
4 6  0.566578  0.893884
4 7  0.594452  1.168626
4 8  0.566278  1.011992
4 9  0.591796  1.004543
4 10  0.549993  0.964864
4 11  0.562236  1.031066
4 12  0.559213  0.970369
4 13  0.568354  1.021969
4 14  0.594062  1.161226
4 15  0.301198  0.717165
4 16  0.602797  1.065558
4 17  0.599677  1.168986
4 18  0.517965  0.831683
4 19  0.571760  0.884956
4 20  0.593009  1.245981
4 21  0.555247  0.986451
4 22  0.574799  0.960834
5 6  0.586638  1.165918
5 7  0.583279  1.421322
5 8  0.614039  1.283084
5 9  0.609947  1.273811
5 10  0.566775  1.253721
5 11  0.580659  1.311412
5 12  0.577518  1.244644
5 13  0.579767  1.278030
5 14  0.528122  1.358922
5 15  0.588607  1.201207
5 16  0.621305  1.351036
5 17  0.554037  1.404810
5 18  0.596512  1.171430
5 19  0.592460  1.174260
5 20  0.580261  1.527827
5 21  0.600183  1.293592
5 22  0.594840  1.248471
6 7  0.588487  1.136286
6 8  0.596904  1.014391
6 9  0.555026  0.956766
6 10  0.547677  0.934659
6 11  0.552358  0.981243
6 12  0.552214  0.932828
6 13  0.563627  0.994755
6 14  0.589565  1.129076
6 15  0.563349  0.879031
6 16  0.552048  0.979168
6 17  0.594888  1.136202
6 18  0.570633  0.849413
6 19  0.519344  0.822512
6 20  0.587970  1.213282
6 21  0.588326  0.992507
6 22  0.305148  0.734047
7 8  0.621897  1.232236
7 9  0.607468  1.172879
7 10  0.563629  1.141683
7 11  0.580402  1.230714
7 12  0.581403  1.206453
7 13  0.584709  1.260472
7 14  0.576538  1.394799
7 15  0.590817  1.149274
7 16  0.623762  1.302164
7 17  0.535610  1.302660
7 18  0.598167  1.121003
7 19  0.593619  1.119570
7 20  0.526883  1.385487
7 21  0.616327  1.262834
7 22  0.596336  1.196232
8 9  0.621906  1.100702
8 10  0.563715  1.053556
8 11  0.592396  1.141937
8 12  0.589880  1.087193
8 13  0.571417  1.105740
8 14  0.623318  1.279240
8 15  0.553203  0.979742
8 16  0.633218  1.181184
8 17  0.623161  1.262024
8 18  0.565110  0.959222
8 19  0.601930  1.001941
8 20  0.621122  1.360085
8 21  0.406557  1.035537
8 22  0.604857  1.077635
9 10  0.572485  1.025978
9 11  0.565055  1.078640
9 12  0.561511  1.027069
9 13  0.588670  1.101484
9 14  0.615226  1.236191
9 15  0.588337  0.986390
9 16  0.410083  1.034744
9 17  0.618206  1.237387
9 18  0.595703  0.956815
9 19  0.545032  0.904183
9 20  0.598753  1.299069
9 21  0.613871  1.098917
9 22  0.556238  0.998799
10 11  0.542251  1.036016
10 12  0.539561  1.006174
10 13  0.267425  0.876553
10 14  0.575873  1.196955
10 15  0.548098  0.943263
10 16  0.584414  1.101276
10 17  0.555097  1.189279
10 18  0.551601  0.918238
10 19  0.552588  0.921146
10 20  0.572367  1.267949
10 21  0.556721  1.045038
10 22  0.555889  0.996628
11 12  0.267817  0.884613
11 13  0.556413  1.127016
11 14  0.579318  1.258223
11 15  0.558903  1.012779
11 16  0.565036  1.128695
11 17  0.583557  1.267756
11 18  0.565900  0.983416
11 19  0.559256  0.984606
11 20  0.574597  1.311470
11 21  0.583807  1.125557
11 22  0.564627  1.053057
12 13  0.555434  1.033198
12 14  0.569050  1.140916
12 15  0.556310  0.949655
12 16  0.569662  1.070284
12 17  0.581286  1.166239
12 18  0.563550  0.914748
12 19  0.554129  0.907111
12 20  0.573767  1.279719
12 21  0.580988  1.045777
12 22  0.558617  0.994986
13 14  0.588113  1.225311
13 15  0.560193  0.993512
13 16  0.600331  1.153188
13 17  0.574693  1.165021
13 18  0.566866  0.948843
13 19  0.569049  0.973310
13 20  0.588158  1.331282
13 21  0.571595  1.092760
13 22  0.572264  1.054247
14 15  0.591183  1.134777
14 16  0.623691  1.233203
14 17  0.590021  1.377131
14 18  0.599011  1.110855
14 19  0.595356  1.115315
14 20  0.585177  1.418195
14 21  0.609531  1.176403
14 22  0.598403  1.181152
15 16  0.600048  1.038189
15 17  0.594920  1.122686
15 18  0.524336  0.825516
15 19  0.568561  0.859790
15 20  0.589867  1.194825
15 21  0.558922  0.979148
15 22  0.571771  0.931951
16 17  0.630382  1.298328
16 18  0.607367  1.015262
16 19  0.570995  1.008408
16 20  0.616202  1.306077
16 21  0.625030  1.129261
16 22  0.570617  1.039511
17 18  0.603449  1.096160
17 19  0.599768  1.100918
17 20  0.592551  1.406979
17 21  0.619176  1.259999
17 22  0.602984  1.182289
18 19  0.575817  0.831552
18 20  0.597756  1.189631
18 21  0.562355  0.956224
18 22  0.579038  0.908334
19 20  0.590584  1.168690
19 21  0.593834  0.977346
19 22  0.526383  0.869900
20 21  0.612947  1.304764
20 22  0.593799  1.208637
21 22  0.597028  1.046345
