   -841.26731941
   -841.53342450     -841.40489276
0.00000871483398
2 2 2 2 2 2 2 2 2 2 2 0 0 0 0 0 0 0 0 0 0 0 
1  0.288404  0.435330
2  0.283505  0.428085
3  0.313808  0.746257
4  0.286039  0.467780
5  0.307208  0.756864
6  0.280750  0.434172
7  0.309001  0.706141
8  0.316550  0.584930
9  0.306115  0.541751
10  0.267297  0.504176
11  0.276569  0.568382
12  0.273858  0.505247
13  0.283503  0.562773
14  0.309886  0.698163
15  0.282830  0.446875
16  0.317637  0.600215
17  0.314591  0.703780
18  0.290113  0.416977
19  0.285970  0.419053
20  0.308454  0.781599
21  0.308236  0.560502
22  0.289156  0.495507
1 2  0.571898  0.858438
1 3  0.601520  1.148728
1 4  0.574427  0.900138
1 5  0.595319  1.184546
1 6  0.521382  0.830327
1 7  0.596890  1.131930
1 8  0.604938  1.018965
1 9  0.558119  0.950777
1 10  0.555672  0.929537
1 11  0.558874  0.967012
1 12  0.556565  0.939044
1 13  0.571320  0.997183
1 14  0.597763  1.131717
1 15  0.571232  0.881823
1 16  0.566485  0.998199
1 17  0.602437  1.137464
1 18  0.578479  0.851987
1 19  0.308013  0.647981
1 20  0.596418  1.214115
1 21  0.596423  0.995139
1 22  0.519319  0.874923
2 3  0.596850  1.145403
2 4  0.521668  0.854204
2 5  0.588354  1.159078
2 6  0.564234  0.857336
2 7  0.592380  1.129532
2 8  0.567547  1.001999
2 9  0.589597  0.968990
2 10  0.545682  0.910572
2 11  0.560032  0.984661
2 12  0.556910  0.932634
2 13  0.563832  0.989309
2 14  0.592501  1.121367
2 15  0.518455  0.840931
2 16  0.600886  1.027468
2 17  0.597693  1.130301
2 18  0.300408  0.633452
2 19  0.569474  0.846816
2 20  0.591729  1.208151
2 21  0.545944  0.936244
2 22  0.572620  0.923090
3 4  0.599459  1.194656
3 5  0.589099  1.419870
3 6  0.592632  1.147426
3 7  0.589360  1.416353
3 8  0.629223  1.324913
3 9  0.616646  1.282600
3 10  0.575113  1.203602
3 11  0.568662  1.202813
3 12  0.561394  1.229946
3 13  0.590681  1.303617
3 14  0.534593  1.333154
3 15  0.596584  1.191226
3 16  0.623626  1.317314
3 17  0.591298  1.441279
3 18  0.603467  1.161647
3 19  0.599432  1.163476
3 20  0.557452  1.474722
3 21  0.619836  1.297312
3 22  0.602204  1.238064
4 5  0.590366  1.170719
4 6  0.566752  0.895275
4 7  0.594802  1.169190
4 8  0.566600  1.013392
4 9  0.592104  1.005961
4 10  0.550340  0.966225
4 11  0.562566  1.032250
4 12  0.559555  0.971706
4 13  0.568700  1.023214
4 14  0.594415  1.161747
4 15  0.301346  0.718844
4 16  0.603089  1.066848
4 17  0.600053  1.169383
4 18  0.518156  0.833231
4 19  0.571966  0.886412
4 20  0.593389  1.246565
4 21  0.555555  0.987925
4 22  0.574953  0.962428
5 6  0.587047  1.166337
5 7  0.583843  1.420999
5 8  0.614547  1.283508
5 9  0.610467  1.274193
5 10  0.567342  1.254094
5 11  0.581213  1.311639
5 12  0.578088  1.245007
5 13  0.580342  1.278390
5 14  0.528634  1.358628
5 15  0.589015  1.201751
5 16  0.621840  1.351311
5 17  0.554626  1.404392
5 18  0.596956  1.171847
5 19  0.592899  1.174711
5 20  0.580825  1.527498
5 21  0.600699  1.293965
5 22  0.595223  1.249074
6 7  0.588848  1.136835
6 8  0.597222  1.015799
6 9  0.555363  0.958208
6 10  0.548035  0.936016
6 11  0.552701  0.982381
6 12  0.552577  0.934174
6 13  0.563982  0.995977
6 14  0.589918  1.129605
6 15  0.563535  0.880566
6 16  0.552384  0.980502
6 17  0.595278  1.136597
6 18  0.570861  0.850838
6 19  0.519548  0.824055
6 20  0.588368  1.213860
6 21  0.588627  0.993926
6 22  0.305292  0.735786
7 8  0.622386  1.232657
7 9  0.607918  1.173214
7 10  0.564102  1.142033
7 11  0.580909  1.231024
7 12  0.581936  1.206872
7 13  0.585211  1.260755
7 14  0.577077  1.394446
7 15  0.591175  1.149860
7 16  0.624243  1.302518
7 17  0.536126  1.302290
7 18  0.598569  1.121475
7 19  0.593998  1.120055
7 20  0.527390  1.385284
7 21  0.616806  1.263316
7 22  0.596686  1.196861
8 9  0.622351  1.101871
8 10  0.564192  1.054742
8 11  0.592863  1.142962
8 12  0.590370  1.088452
8 13  0.571883  1.106950
8 14  0.623794  1.279709
8 15  0.553537  0.981240
8 16  0.633667  1.182381
8 17  0.623663  1.262379
8 18  0.565471  0.960594
8 19  0.602273  1.003302
8 20  0.621639  1.360556
8 21  0.406957  1.037001
8 22  0.605146  1.079147
9 10  0.572967  1.027167
9 11  0.565515  1.079717
9 12  0.561988  1.028384
9 13  0.589155  1.102644
9 14  0.615714  1.236668
9 15  0.588649  0.987865
9 16  0.410483  1.036087
9 17  0.618716  1.237675
9 18  0.596054  0.958177
9 19  0.545387  0.905622
9 20  0.599271  1.299531
9 21  0.614311  1.100259
9 22  0.556555  1.000374
10 11  0.542752  1.036963
10 12  0.540085  1.007372
10 13  0.267880  0.877635
10 14  0.576403  1.197354
10 15  0.548456  0.944654
10 16  0.584903  1.102401
10 17  0.555622  1.189493
10 18  0.551993  0.919517
10 19  0.552959  0.922454
10 20  0.572924  1.268377
10 21  0.557181  1.046349
10 22  0.556231  0.998052
11 12  0.268253  0.885637
11 13  0.556915  1.127928
11 14  0.579812  1.258430
11 15  0.559243  1.013975
11 16  0.565502  1.129708
11 17  0.584089  1.267837
11 18  0.566265  0.984521
11 19  0.559625  0.985735
11 20  0.575146  1.311839
11 21  0.584267  1.126637
11 22  0.564957  1.054340
12 13  0.555953  1.034149
12 14  0.569528  1.141216
12 15  0.556674  0.951015
12 16  0.570149  1.071301
12 17  0.581821  1.166472
12 18  0.563951  0.915931
12 19  0.554523  0.908329
12 20  0.574329  1.280129
12 21  0.581464  1.046907
12 22  0.558968  0.996399
13 14  0.588637  1.225631
13 15  0.560549  0.994721
13 16  0.600820  1.154112
13 17  0.575195  1.165169
13 18  0.567267  0.949882
13 19  0.569436  0.974400
13 20  0.588711  1.331594
13 21  0.572060  1.093827
13 22  0.572609  1.055544
14 15  0.591543  1.135282
14 16  0.624180  1.233475
14 17  0.590575  1.376677
14 18  0.599405  1.111277
14 19  0.595746  1.115777
14 20  0.585732  1.417903
14 21  0.609969  1.176706
14 22  0.598752  1.181746
15 16  0.600373  1.039435
15 17  0.595308  1.123026
15 18  0.524543  0.826983
15 19  0.568778  0.861186
15 20  0.590265  1.195266
15 21  0.559250  0.980555
15 22  0.571944  0.933399
16 17  0.630889  1.298498
16 18  0.607725  1.016448
16 19  0.571360  1.009643
16 20  0.616707  1.306451
16 21  0.625467  1.130265
16 22  0.570937  1.040814
17 18  0.603873  1.096398
17 19  0.600185  1.101190
17 20  0.593102  1.406544
17 21  0.619677  1.260296
17 22  0.603358  1.182707
18 19  0.576072  0.832853
18 20  0.598188  1.190083
18 21  0.562719  0.957548
18 22  0.579249  0.909790
19 20  0.590998  1.169091
19 21  0.594172  0.978698
19 22  0.526567  0.871408
20 21  0.613453  1.305202
20 22  0.594191  1.209130
21 22  0.597325  1.047770
