   -841.26731941
   -841.53343966     -841.40493731
0.00000734588912
2 2 2 2 2 2 2 2 2 2 2 0 0 0 0 0 0 0 0 0 0 0 
1  0.288444  0.435492
2  0.283537  0.428271
3  0.313872  0.746158
4  0.286056  0.467988
5  0.307275  0.756782
6  0.280781  0.434372
7  0.309056  0.706071
8  0.316598  0.585103
9  0.306159  0.541948
10  0.267355  0.504345
11  0.276635  0.568518
12  0.273922  0.505417
13  0.283566  0.562890
14  0.309947  0.698090
15  0.282850  0.447088
16  0.317684  0.600364
17  0.314656  0.703683
18  0.290147  0.417146
19  0.286007  0.419225
20  0.308516  0.781547
21  0.308284  0.560674
22  0.289180  0.495725
1 2  0.571970  0.858761
1 3  0.601623  1.148777
1 4  0.574483  0.900496
1 5  0.595425  1.184624
1 6  0.521445  0.830694
1 7  0.596985  1.132014
1 8  0.605027  1.019295
1 9  0.558206  0.951135
1 10  0.555770  0.929847
1 11  0.558978  0.967284
1 12  0.556668  0.939377
1 13  0.571418  0.997463
1 14  0.597864  1.131806
1 15  0.571293  0.882197
1 16  0.566572  0.998521
1 17  0.602540  1.137530
1 18  0.578554  0.852315
1 19  0.308079  0.648356
1 20  0.596519  1.214223
1 21  0.596510  0.995473
1 22  0.519377  0.875338
2 3  0.596945  1.145461
2 4  0.521709  0.854598
2 5  0.588449  1.159168
2 6  0.564297  0.857698
2 7  0.592466  1.129641
2 8  0.567629  1.002359
2 9  0.589674  0.969370
2 10  0.545772  0.910907
2 11  0.560129  0.984952
2 12  0.557000  0.932991
2 13  0.563925  0.989612
2 14  0.592592  1.121477
2 15  0.518503  0.841355
2 16  0.600964  1.027799
2 17  0.597788  1.130390
2 18  0.300470  0.633833
2 19  0.569543  0.847173
2 20  0.591823  1.208284
2 21  0.546025  0.936619
2 22  0.572677  0.923492
3 4  0.599538  1.194755
3 5  0.589218  1.419727
3 6  0.592726  1.147501
3 7  0.589476  1.416227
3 8  0.629332  1.324989
3 9  0.616753  1.282703
3 10  0.575228  1.203678
3 11  0.568777  1.202861
3 12  0.561514  1.230006
3 13  0.590804  1.303642
3 14  0.534705  1.333031
3 15  0.596667  1.191341
3 16  0.623731  1.317380
3 17  0.591420  1.441100
3 18  0.603562  1.161719
3 19  0.599533  1.163550
3 20  0.557575  1.474626
3 21  0.619945  1.297378
3 22  0.602293  1.238186
4 5  0.590451  1.170813
4 6  0.566798  0.895648
4 7  0.594873  1.169327
4 8  0.566671  1.013762
4 9  0.592165  1.006355
4 10  0.550414  0.966600
4 11  0.562647  1.032591
4 12  0.559636  0.972078
4 13  0.568779  1.023541
4 14  0.594491  1.161879
4 15  0.301379  0.719294
4 16  0.603147  1.067206
4 17  0.600134  1.169497
4 18  0.518202  0.833638
4 19  0.572021  0.886792
4 20  0.593464  1.246722
4 21  0.555623  0.988320
4 22  0.574992  0.962851
5 6  0.587145  1.166429
5 7  0.583962  1.420880
5 8  0.614657  1.283598
5 9  0.610575  1.274290
5 10  0.567465  1.254184
5 11  0.581344  1.311704
5 12  0.578217  1.245097
5 13  0.580472  1.278456
5 14  0.528745  1.358514
5 15  0.589101  1.201883
5 16  0.621950  1.351379
5 17  0.554754  1.404257
5 18  0.597056  1.171932
5 19  0.593004  1.174802
5 20  0.580946  1.527388
5 21  0.600810  1.294050
5 22  0.595313  1.249212
6 7  0.588933  1.136959
6 8  0.597301  1.016165
6 9  0.555444  0.958604
6 10  0.548123  0.936384
6 11  0.552796  0.982703
6 12  0.552671  0.934544
6 13  0.564074  0.996290
6 14  0.590008  1.129730
6 15  0.563585  0.880978
6 16  0.552469  0.980862
6 17  0.595373  1.136702
6 18  0.570927  0.851206
6 19  0.519609  0.824453
6 20  0.588460  1.214010
6 21  0.588702  0.994297
6 22  0.305334  0.736245
7 8  0.622487  1.232742
7 9  0.608010  1.173303
7 10  0.564202  1.142107
7 11  0.581027  1.231104
7 12  0.582055  1.206978
7 13  0.585323  1.260805
7 14  0.577193  1.394321
7 15  0.591248  1.150001
7 16  0.624342  1.302603
7 17  0.536236  1.302178
7 18  0.598658  1.121573
7 19  0.594088  1.120154
7 20  0.527490  1.385212
7 21  0.616908  1.263422
7 22  0.596763  1.197006
8 9  0.622444  1.102185
8 10  0.564297  1.055060
8 11  0.592975  1.143250
8 12  0.590482  1.088794
8 13  0.571993  1.107257
8 14  0.623901  1.279814
8 15  0.553610  0.981639
8 16  0.633763  1.182703
8 17  0.623771  1.262470
8 18  0.565554  0.960943
8 19  0.602358  1.003645
8 20  0.621748  1.360677
8 21  0.407042  1.037383
8 22  0.605214  1.079537
9 10  0.573067  1.027498
9 11  0.565625  1.080036
9 12  0.562095  1.028756
9 13  0.589262  1.102958
9 14  0.615820  1.236795
9 15  0.588710  0.988276
9 16  0.410572  1.036466
9 17  0.618823  1.237767
9 18  0.596131  0.958545
9 19  0.545470  0.906005
9 20  0.599370  1.299665
9 21  0.614404  1.100627
9 22  0.556632  1.000801
10 11  0.542872  1.037243
10 12  0.540203  1.007712
10 13  0.267982  0.877924
10 14  0.576521  1.197456
10 15  0.548533  0.945040
10 16  0.585006  1.102718
10 17  0.555737  1.189556
10 18  0.552083  0.919858
10 19  0.553050  0.922796
10 20  0.573040  1.268498
10 21  0.557284  1.046700
10 22  0.556313  0.998432
11 12  0.268366  0.885946
11 13  0.557039  1.128184
11 14  0.579932  1.258495
11 15  0.559327  1.014319
11 16  0.565610  1.130009
11 17  0.584214  1.267881
11 18  0.566358  0.984829
11 19  0.559726  0.986046
11 20  0.575274  1.311952
11 21  0.584381  1.126943
11 22  0.565047  1.054697
12 13  0.556077  1.034405
12 14  0.569636  1.141296
12 15  0.556758  0.951396
12 16  0.570259  1.071596
12 17  0.581940  1.166550
12 18  0.564049  0.916252
12 19  0.554625  0.908653
12 20  0.574453  1.280247
12 21  0.581575  1.047213
12 22  0.559056  0.996785
13 14  0.588759  1.225694
13 15  0.560631  0.995039
13 16  0.600928  1.154360
13 17  0.575311  1.165207
13 18  0.567366  0.950145
13 19  0.569537  0.974668
13 20  0.588833  1.331667
13 21  0.572170  1.094101
13 22  0.572696  1.055876
14 15  0.591623  1.135409
14 16  0.624287  1.233541
14 17  0.590700  1.376545
14 18  0.599499  1.111370
14 19  0.595844  1.115875
14 20  0.585850  1.417814
14 21  0.610070  1.176773
14 22  0.598839  1.181885
15 16  0.600439  1.039784
15 17  0.595392  1.123120
15 18  0.524590  0.827371
15 19  0.568835  0.861551
15 20  0.590347  1.195392
15 21  0.559323  0.980932
15 22  0.571988  0.933788
16 17  0.630996  1.298555
16 18  0.607805  1.016765
16 19  0.571446  1.009970
16 20  0.616811  1.306554
16 21  0.625560  1.130534
16 22  0.571015  1.041165
17 18  0.603971  1.096459
17 19  0.600287  1.101249
17 20  0.593218  1.406425
17 21  0.619788  1.260374
17 22  0.603447  1.182818
18 19  0.576144  0.833178
18 20  0.598283  1.190197
18 21  0.562803  0.957891
18 22  0.579307  0.910164
19 20  0.591094  1.169187
19 21  0.594257  0.979042
19 22  0.526619  0.871797
20 21  0.613559  1.305306
20 22  0.594279  1.209255
21 22  0.597399  1.048140
