   -841.26731941
   -841.53347511     -841.40503726
0.00000462645808
2 2 2 2 2 2 2 2 2 2 2 0 0 0 0 0 0 0 0 0 0 0 
1  0.288525  0.435903
2  0.283607  0.428723
3  0.314044  0.745919
4  0.286109  0.468512
5  0.307449  0.756628
6  0.280837  0.434861
7  0.309196  0.705924
8  0.316728  0.585511
9  0.306283  0.542381
10  0.267501  0.504724
11  0.276791  0.568790
12  0.274075  0.505796
13  0.283726  0.563180
14  0.310093  0.697943
15  0.282899  0.447633
16  0.317820  0.600684
17  0.314823  0.703441
18  0.290231  0.417578
19  0.286083  0.419647
20  0.308686  0.781405
21  0.308402  0.561092
22  0.289231  0.496243
1 2  0.572121  0.859555
1 3  0.601876  1.148905
1 4  0.574615  0.901395
1 5  0.595678  1.184879
1 6  0.521569  0.831602
1 7  0.597205  1.132259
1 8  0.605237  1.020102
1 9  0.558416  0.951973
1 10  0.555997  0.930580
1 11  0.559219  0.967903
1 12  0.556897  0.940171
1 13  0.571644  0.998168
1 14  0.598091  1.132066
1 15  0.571424  0.883150
1 16  0.566793  0.999284
1 17  0.602780  1.137704
1 18  0.578721  0.853148
1 19  0.308222  0.649279
1 20  0.596768  1.214488
1 21  0.596706  0.996301
1 22  0.519498  0.876349
2 3  0.597187  1.145623
2 4  0.521818  0.855568
2 5  0.588688  1.159427
2 6  0.564421  0.858567
2 7  0.592676  1.129935
2 8  0.567838  1.003223
2 9  0.589866  0.970252
2 10  0.545992  0.911686
2 11  0.560356  0.985609
2 12  0.557212  0.933823
2 13  0.564152  0.990358
2 14  0.592805  1.121777
2 15  0.518613  0.842416
2 16  0.601168  1.028568
2 17  0.598023  1.130603
2 18  0.300613  0.634817
2 19  0.569690  0.848046
2 20  0.592064  1.208592
2 21  0.546220  0.937531
2 22  0.572800  0.924461
3 4  0.599764  1.195016
3 5  0.589530  1.419431
3 6  0.592955  1.147693
3 7  0.589788  1.415945
3 8  0.629629  1.325161
3 9  0.617043  1.282905
3 10  0.575533  1.203820
3 11  0.569070  1.202930
3 12  0.561818  1.230120
3 13  0.591131  1.303706
3 14  0.534996  1.332752
3 15  0.596890  1.191650
3 16  0.624030  1.317506
3 17  0.591738  1.440662
3 18  0.603811  1.161915
3 19  0.599778  1.163733
3 20  0.557908  1.474361
3 21  0.620226  1.297543
3 22  0.602516  1.238469
4 5  0.590681  1.171096
4 6  0.566905  0.896554
4 7  0.595068  1.169695
4 8  0.566865  1.014671
4 9  0.592342  1.007287
4 10  0.550617  0.967495
4 11  0.562856  1.033379
4 12  0.559838  0.972964
4 13  0.568994  1.024365
4 14  0.594689  1.162247
4 15  0.301462  0.720460
4 16  0.603326  1.068051
4 17  0.600355  1.169781
4 18  0.518326  0.834671
4 19  0.572151  0.887737
4 20  0.593681  1.247106
4 21  0.555802  0.989297
4 22  0.575089  0.963888
5 6  0.587373  1.166694
5 7  0.584269  1.420655
5 8  0.614944  1.283853
5 9  0.610864  1.274533
5 10  0.567779  1.254413
5 11  0.581667  1.311848
5 12  0.578536  1.245335
5 13  0.580802  1.278673
5 14  0.529025  1.358300
5 15  0.589322  1.202279
5 16  0.622254  1.351543
5 17  0.555083  1.403970
5 18  0.597311  1.172205
5 19  0.593254  1.175072
5 20  0.581263  1.527153
5 21  0.601091  1.294299
5 22  0.595531  1.249581
6 7  0.589129  1.137289
6 8  0.597488  1.017045
6 9  0.555633  0.959524
6 10  0.548324  0.937247
6 11  0.553010  0.983433
6 12  0.552881  0.935413
6 13  0.564288  0.997062
6 14  0.590205  1.130068
6 15  0.563685  0.882005
6 16  0.552674  0.981707
6 17  0.595598  1.136952
6 18  0.571067  0.852122
6 19  0.519730  0.825419
6 20  0.588684  1.214359
6 21  0.588869  0.995202
6 22  0.305419  0.737337
7 8  0.622755  1.232962
7 9  0.608253  1.173493
7 10  0.564455  1.142295
7 11  0.581320  1.231264
7 12  0.582346  1.207223
7 13  0.585606  1.260947
7 14  0.577485  1.394065
7 15  0.591433  1.150395
7 16  0.624611  1.302793
7 17  0.536519  1.301897
7 18  0.598883  1.121852
7 19  0.594298  1.120423
7 20  0.527762  1.385021
7 21  0.617163  1.263702
7 22  0.596955  1.197370
8 9  0.622696  1.102891
8 10  0.564573  1.055790
8 11  0.593258  1.143871
8 12  0.590765  1.089581
8 13  0.572273  1.108007
8 14  0.624170  1.280088
8 15  0.553800  0.982618
8 16  0.634030  1.183432
8 17  0.624062  1.262674
8 18  0.565771  0.961804
8 19  0.602562  1.004470
8 20  0.622041  1.360934
8 21  0.407268  1.038300
8 22  0.605383  1.080465
9 10  0.573329  1.028225
9 11  0.565902  1.080705
9 12  0.562368  1.029597
9 13  0.589544  1.103680
9 14  0.616087  1.237090
9 15  0.588876  0.989255
9 16  0.410802  1.037306
9 17  0.619106  1.237938
9 18  0.596335  0.959409
9 19  0.545674  0.906903
9 20  0.599653  1.299938
9 21  0.614645  1.101477
9 22  0.556814  1.001789
10 11  0.543168  1.037829
10 12  0.540496  1.008473
10 13  0.268239  0.878609
10 14  0.576811  1.197699
10 15  0.548729  0.945969
10 16  0.585288  1.103418
10 17  0.556029  1.189676
10 18  0.552309  0.920673
10 19  0.553260  0.923602
10 20  0.573347  1.268744
10 21  0.557545  1.047526
10 22  0.556507  0.999310
11 12  0.268627  0.886605
11 13  0.557344  1.128757
11 14  0.580224  1.258622
11 15  0.559533  1.015125
11 16  0.565894  1.130654
11 17  0.584532  1.267923
11 18  0.566581  0.985542
11 19  0.559955  0.986745
11 20  0.575598  1.312155
11 21  0.584654  1.127629
11 22  0.565255  1.055503
12 13  0.556380  1.035000
12 14  0.569899  1.141486
12 15  0.556961  0.952317
12 16  0.570548  1.072234
12 17  0.582248  1.166701
12 18  0.564286  0.917018
12 19  0.554859  0.909419
12 20  0.574772  1.280491
12 21  0.581840  1.047924
12 22  0.559264  0.997680
13 14  0.589061  1.225886
13 15  0.560843  0.995848
13 16  0.601223  1.154924
13 17  0.575602  1.165288
13 18  0.567614  0.950800
13 19  0.569772  0.975330
13 20  0.589152  1.331830
13 21  0.572446  1.094771
13 22  0.572907  1.056680
14 15  0.591819  1.135778
14 16  0.624568  1.233697
14 17  0.591011  1.376248
14 18  0.599724  1.111643
14 19  0.596065  1.116150
14 20  0.586161  1.417606
14 21  0.610312  1.176966
14 22  0.599037  1.182240
15 16  0.600627  1.040624
15 17  0.595609  1.123374
15 18  0.524710  0.828354
15 19  0.568958  0.862445
15 20  0.590564  1.195691
15 21  0.559498  0.981878
15 22  0.572085  0.934724
16 17  0.631291  1.298643
16 18  0.608025  1.017517
16 19  0.571665  1.010729
16 20  0.617100  1.306763
16 21  0.625812  1.131148
16 22  0.571213  1.041970
17 18  0.604221  1.096603
17 19  0.600530  1.101394
17 20  0.593529  1.406115
17 21  0.620068  1.260556
17 22  0.603664  1.183072
18 19  0.576304  0.833978
18 20  0.598534  1.190468
18 21  0.563012  0.958743
18 22  0.579439  0.911079
19 20  0.591333  1.169411
19 21  0.594449  0.979884
19 22  0.526732  0.872727
20 21  0.613839  1.305559
20 22  0.594503  1.209541
21 22  0.597568  1.049030
