   -841.22728207
   -841.50400344     -841.38690529
0.00030612166328
2 2 2 2 2 2 2 2 2 2 2 0 0 0 0 0 0 0 0 0 0 0 
1  0.343356  0.625762
2  0.322492  0.777225
3  0.321781  0.772906
4  0.343620  0.629154
5  0.342326  0.540505
6  0.342009  0.535748
7  0.366508  0.621637
8  0.303889  0.419995
9  0.292938  0.375337
10  0.293038  0.372290
11  0.303823  0.417959
12  0.300358  0.396856
13  0.309084  0.438772
14  0.308573  0.440036
15  0.300128  0.397846
16  0.322879  0.745221
17  0.343804  0.549221
18  0.344193  0.547846
19  0.322544  0.743685
20  0.362578  0.618410
21  0.347469  0.633914
22  0.346691  0.635752
1 2  0.662369  1.378574
1 3  0.643051  1.287051
1 4  0.684977  1.249916
1 5  0.682430  1.140771
1 6  0.642263  1.131319
1 7  0.697619  1.211010
1 8  0.646762  1.043790
1 9  0.635655  0.991512
1 10  0.630689  0.990794
1 11  0.616687  0.974570
1 12  0.619251  1.011058
1 13  0.643914  1.045263
1 14  0.651473  1.064673
1 15  0.643279  1.022954
1 16  0.657199  1.342822
1 17  0.686599  1.172775
1 18  0.457391  1.041714
1 19  0.661784  1.363273
1 20  0.699147  1.239580
1 21  0.651099  1.193598
1 22  0.688860  1.257366
2 3  0.625014  1.409360
2 4  0.643871  1.293641
2 5  0.657777  1.312411
2 6  0.657491  1.293702
2 7  0.662551  1.378856
2 8  0.623752  1.168763
2 9  0.613888  1.151088
2 10  0.613837  1.141790
2 11  0.625659  1.190712
2 12  0.621854  1.170499
2 13  0.630061  1.213557
2 14  0.627262  1.206789
2 15  0.617571  1.166968
2 16  0.624145  1.510984
2 17  0.641876  1.272751
2 18  0.663371  1.308707
2 19  0.601810  1.503229
2 20  0.607110  1.297694
2 21  0.665802  1.404028
2 22  0.659399  1.381227
3 4  0.661920  1.377897
3 5  0.657139  1.293253
3 6  0.656833  1.303510
3 7  0.661884  1.374082
3 8  0.625013  1.188521
3 9  0.613044  1.140202
3 10  0.613294  1.143819
3 11  0.622990  1.162602
3 12  0.617133  1.161942
3 13  0.627041  1.201272
3 14  0.628866  1.210507
3 15  0.620977  1.167211
3 16  0.601583  1.500054
3 17  0.662340  1.306142
3 18  0.641689  1.268161
3 19  0.623430  1.505240
3 20  0.605789  1.293459
3 21  0.659441  1.375178
3 22  0.664405  1.401491
4 5  0.642787  1.139799
4 6  0.682354  1.139977
4 7  0.697873  1.214598
4 8  0.617003  0.979095
4 9  0.630824  0.997074
4 10  0.636013  0.992115
4 11  0.646963  1.045217
4 12  0.643749  1.025350
4 13  0.652230  1.066804
4 14  0.643690  1.049431
4 15  0.619065  1.015332
4 16  0.662310  1.368085
4 17  0.458336  1.047946
4 18  0.687231  1.174791
4 19  0.657043  1.344685
4 20  0.699386  1.243006
4 21  0.689886  1.258912
4 22  0.650536  1.197913
5 6  0.680412  1.047491
5 7  0.683683  1.085057
5 8  0.636984  0.944650
5 9  0.609181  0.869712
5 10  0.634713  0.904029
5 11  0.645378  0.947603
5 12  0.642655  0.936895
5 13  0.651273  0.978764
5 14  0.635327  0.976432
5 15  0.638343  0.934142
5 16  0.661917  1.269503
5 17  0.649405  1.073613
5 18  0.686292  1.086949
5 19  0.640137  1.233371
5 20  0.702893  1.157214
5 21  0.689266  1.172052
5 22  0.460738  1.047572
6 7  0.683423  1.081153
6 8  0.645116  0.944928
6 9  0.634294  0.902166
6 10  0.608957  0.863035
6 11  0.636615  0.938112
6 12  0.638223  0.928421
6 13  0.635386  0.970158
6 14  0.650454  0.975278
6 15  0.642109  0.933135
6 16  0.640078  1.230464
6 17  0.685583  1.083595
6 18  0.649585  1.067580
6 19  0.661331  1.263964
6 20  0.702615  1.152489
6 21  0.461326  1.039646
6 22  0.688192  1.169205
7 8  0.667344  1.024850
7 9  0.655365  0.974867
7 10  0.655443  0.972322
7 11  0.667293  1.023009
7 12  0.666545  1.017783
7 13  0.674203  1.059302
7 14  0.673728  1.060565
7 15  0.666331  1.018779
7 16  0.610019  1.267698
7 17  0.708026  1.169049
7 18  0.708388  1.167716
7 19  0.609295  1.265725
7 20  0.679785  1.230813
7 21  0.706716  1.250290
7 22  0.706064  1.252209
8 9  0.553132  0.764167
8 10  0.596800  0.788137
8 11  0.607610  0.836816
8 12  0.604181  0.816700
8 13  0.612793  0.858484
8 14  0.566640  0.818120
8 15  0.298995  0.566541
8 16  0.625334  1.163311
8 17  0.632001  0.964850
8 18  0.647925  0.967372
8 19  0.622851  1.155681
8 20  0.664939  1.037440
8 21  0.650896  1.052903
8 22  0.642972  1.039311
9 10  0.585888  0.744796
9 11  0.596635  0.789095
9 12  0.593282  0.772031
9 13  0.601971  0.813976
9 14  0.296596  0.563720
9 15  0.554015  0.743021
9 16  0.614984  1.117653
9 17  0.633271  0.921488
9 18  0.637102  0.922756
9 19  0.610916  1.112177
9 20  0.655230  0.993187
9 21  0.640233  1.008693
9 22  0.616337  1.000512
10 11  0.553170  0.759048
10 12  0.554337  0.738949
10 13  0.297262  0.558405
10 14  0.601566  0.812195
10 15  0.593155  0.769977
10 16  0.611282  1.110869
10 17  0.636816  0.921094
10 18  0.633787  0.917117
10 19  0.614771  1.113226
10 20  0.655340  0.990148
10 21  0.616869  0.995463
10 22  0.639566  1.007507
11 12  0.298560  0.561550
11 13  0.567115  0.815171
11 14  0.612229  0.857712
11 15  0.603894  0.815658
11 16  0.623167  1.155349
11 17  0.647483  0.966718
11 18  0.632435  0.961349
11 19  0.624980  1.159789
11 20  0.664912  1.035402
11 21  0.643667  1.035873
11 22  0.650072  1.052717
12 13  0.563294  0.802349
12 14  0.608778  0.831169
12 15  0.600364  0.791259
12 16  0.621629  1.140425
12 17  0.643383  0.935956
12 18  0.615552  0.890751
12 19  0.620985  1.129589
12 20  0.658193  0.989745
12 21  0.641932  1.022624
12 22  0.646292  1.020173
13 14  0.617543  0.877135
13 15  0.609059  0.830849
13 16  0.629006  1.153648
13 17  0.652015  0.974379
13 18  0.644311  0.968221
13 19  0.630806  1.178469
13 20  0.668533  1.037124
13 21  0.625056  0.996822
13 22  0.655215  1.071950
14 15  0.562600  0.804698
14 16  0.630628  1.181300
14 17  0.643477  0.970716
14 18  0.651900  0.974345
14 19  0.628152  1.153553
14 20  0.668024  1.038456
14 21  0.655485  1.071302
14 22  0.623975  0.999516
15 16  0.621100  1.131932
15 17  0.614976  0.892785
15 18  0.643541  0.935489
15 19  0.621070  1.139862
15 20  0.657968  0.990310
15 21  0.646843  1.019194
15 22  0.640926  1.025330
16 17  0.659080  1.270343
16 18  0.660312  1.288188
16 19  0.627018  1.366465
16 20  0.657834  1.341013
16 21  0.648712  1.268478
16 22  0.665658  1.359842
17 18  0.683843  1.066648
17 19  0.659576  1.287977
17 20  0.681116  1.087613
17 21  0.687714  1.153221
17 22  0.644953  1.150624
18 19  0.659182  1.267899
18 20  0.681320  1.086620
18 21  0.646017  1.147387
18 22  0.687339  1.153956
19 20  0.657549  1.340132
19 21  0.666125  1.356645
19 22  0.647665  1.268770
20 21  0.698135  1.211555
20 22  0.697401  1.213787
21 22  0.691878  1.264297
