   -841.22728207
   -841.50685958     -841.39386548
0.00010960263742
2 2 2 2 2 2 2 2 2 2 2 0 0 0 0 0 0 0 0 0 0 0 
1  0.354201  0.635595
2  0.330748  0.778587
3  0.330470  0.776706
4  0.354435  0.637565
5  0.353403  0.550448
6  0.353260  0.548410
7  0.377794  0.628245
8  0.309733  0.431028
9  0.300204  0.389024
10  0.300161  0.388141
11  0.309536  0.429771
12  0.306538  0.410040
13  0.316031  0.453388
14  0.315704  0.453513
15  0.306484  0.410433
16  0.331172  0.746967
17  0.354703  0.559303
18  0.354764  0.558787
19  0.330900  0.746166
20  0.374371  0.624910
21  0.358424  0.643753
22  0.357781  0.643966
1 2  0.681280  1.389505
1 3  0.660944  1.298323
1 4  0.706036  1.267910
1 5  0.703656  1.158437
1 6  0.663311  1.154877
1 7  0.718794  1.227103
1 8  0.663264  1.064443
1 9  0.653502  1.013187
1 10  0.648259  1.017132
1 11  0.632223  0.993891
1 12  0.636166  1.034374
1 13  0.661851  1.071271
1 14  0.669387  1.087916
1 15  0.660503  1.045199
1 16  0.676151  1.355809
1 17  0.708262  1.192432
1 18  0.476804  1.060725
1 19  0.680716  1.375616
1 20  0.721216  1.255863
1 21  0.672960  1.218507
1 22  0.710661  1.275524
2 3  0.641444  1.414684
2 4  0.661419  1.301546
2 5  0.677116  1.323957
2 6  0.676483  1.306246
2 7  0.682028  1.387331
2 8  0.637813  1.179986
2 9  0.629336  1.165877
2 10  0.628881  1.157114
2 11  0.639480  1.203635
2 12  0.636225  1.184596
2 13  0.645129  1.229365
2 14  0.642716  1.221678
2 15  0.631983  1.181271
2 16  0.640642  1.515496
2 17  0.660480  1.287526
2 18  0.681975  1.320789
2 19  0.618622  1.507858
2 20  0.625967  1.308285
2 21  0.684741  1.415377
2 22  0.678690  1.392604
3 4  0.681213  1.389676
3 5  0.676340  1.305977
3 6  0.676749  1.320148
3 7  0.681677  1.385219
3 8  0.639387  1.203026
3 9  0.628629  1.156055
3 10  0.629029  1.163151
3 11  0.637339  1.177116
3 12  0.631805  1.179100
3 13  0.642736  1.219674
3 14  0.644586  1.227637
3 15  0.635915  1.183133
3 16  0.618710  1.506564
3 17  0.681673  1.319666
3 18  0.660430  1.285608
3 19  0.640336  1.512873
3 20  0.624722  1.306433
3 21  0.679043  1.390408
3 22  0.683909  1.413717
4 5  0.663709  1.158988
4 6  0.703751  1.158514
4 7  0.719034  1.229096
4 8  0.632612  0.996470
4 9  0.648518  1.019892
4 10  0.653704  1.014289
4 11  0.663303  1.065177
4 12  0.660777  1.046768
4 13  0.669921  1.089759
4 14  0.661760  1.073223
4 15  0.636108  1.036635
4 16  0.681161  1.378352
4 17  0.477771  1.064091
4 18  0.708535  1.193885
4 19  0.676073  1.356924
4 20  0.721420  1.257805
4 21  0.711488  1.277284
4 22  0.672603  1.220346
5 6  0.701964  1.068794
5 7  0.703679  1.099201
5 8  0.653612  0.966031
5 9  0.625398  0.889511
5 10  0.652727  0.929098
5 11  0.661985  0.967810
5 12  0.659903  0.960061
5 13  0.669284  1.003230
5 14  0.652675  0.998992
5 15  0.655687  0.957111
5 16  0.681085  1.281111
5 17  0.671197  1.094618
5 18  0.707874  1.107953
5 19  0.659069  1.248928
5 20  0.725545  1.173970
5 21  0.711201  1.191576
5 22  0.480710  1.062635
6 7  0.703535  1.097637
6 8  0.662040  0.967023
6 9  0.652624  0.927883
6 10  0.625224  0.886948
6 11  0.653296  0.962817
6 12  0.655557  0.954689
6 13  0.652713  0.996703
6 14  0.668825  1.001323
6 15  0.659705  0.958421
6 16  0.659083  1.247786
6 17  0.707667  1.106449
6 18  0.671170  1.092070
6 19  0.680725  1.278674
6 20  0.725432  1.171938
6 21  0.481481  1.060161
6 22  0.710434  1.189788
7 8  0.684174  1.041571
7 9  0.673296  0.993917
7 10  0.673222  0.993219
7 11  0.683981  1.040406
7 12  0.683921  1.037565
7 13  0.692206  1.080398
7 14  0.691944  1.080536
7 15  0.683880  1.037964
7 16  0.628973  1.279728
7 17  0.730060  1.186026
7 18  0.730087  1.185508
7 19  0.628253  1.278502
7 20  0.703398  1.244576
7 21  0.728460  1.266628
7 22  0.727899  1.266846
8 9  0.565837  0.790055
8 10  0.609712  0.813961
8 11  0.619124  0.859477
8 12  0.616225  0.840879
8 13  0.625551  0.884087
8 14  0.579982  0.845887
8 15  0.309580  0.588689
8 16  0.639286  1.175980
8 17  0.648395  0.985538
8 18  0.664323  0.989278
8 19  0.637032  1.168877
8 20  0.682466  1.054869
8 21  0.667625  1.073720
8 22  0.660102  1.060074
9 10  0.600235  0.774072
9 11  0.609555  0.813594
9 12  0.606734  0.798908
9 13  0.616205  0.842229
9 14  0.308874  0.588994
9 15  0.567889  0.770844
9 16  0.630451  1.132641
9 17  0.651306  0.945366
9 18  0.654934  0.947426
9 19  0.626234  1.128593
9 20  0.674236  1.013347
9 21  0.658479  1.032014
9 22  0.634084  1.022598
10 11  0.565621  0.787909
10 12  0.567873  0.769542
10 13  0.309381  0.587698
10 14  0.615838  0.841473
10 15  0.606637  0.798418
10 16  0.626419  1.128591
10 17  0.654830  0.947063
10 18  0.651359  0.943971
10 19  0.630157  1.131009
10 20  0.674202  1.012462
10 21  0.634434  1.021436
10 22  0.657802  1.031353
11 12  0.308968  0.585964
11 13  0.580163  0.844703
11 14  0.625041  0.882957
11 15  0.615980  0.840017
11 16  0.637117  1.168508
11 17  0.664077  0.988539
11 18  0.648402  0.983766
11 19  0.638859  1.173939
11 20  0.682313  1.053618
11 21  0.660534  1.058813
11 22  0.666817  1.072679
12 13  0.576158  0.830994
12 14  0.622012  0.856581
12 15  0.612842  0.816490
12 16  0.635953  1.155130
12 17  0.660222  0.958099
12 18  0.630754  0.911720
12 19  0.635185  1.143901
12 20  0.675676  1.007896
12 21  0.658696  1.045776
12 22  0.663284  1.039591
13 14  0.631563  0.905047
13 15  0.622283  0.856815
13 16  0.643999  1.168143
13 17  0.669627  0.997294
13 18  0.661448  0.994228
13 19  0.645959  1.195120
13 20  0.686935  1.057568
13 21  0.641043  1.017359
13 22  0.673039  1.094501
14 15  0.575805  0.831528
14 16  0.645918  1.196029
14 17  0.661102  0.994798
14 18  0.669365  0.996940
14 19  0.643407  1.167446
14 20  0.686610  1.057632
14 21  0.673368  1.094408
14 22  0.640191  1.017672
15 16  0.635404  1.144994
15 17  0.630649  0.912471
15 18  0.660228  0.957952
15 19  0.635629  1.154719
15 20  0.675623  1.008133
15 21  0.663873  1.039687
15 22  0.657999  1.046319
16 17  0.677833  1.281361
16 18  0.679260  1.300985
16 19  0.643379  1.371891
16 20  0.677937  1.350178
16 21  0.666377  1.278353
16 22  0.684820  1.369691
17 18  0.704342  1.085736
17 19  0.678926  1.300670
17 20  0.701195  1.101607
17 21  0.708873  1.170971
17 22  0.665866  1.169879
18 19  0.677614  1.280150
18 20  0.701179  1.101195
18 21  0.666521  1.169204
18 22  0.708283  1.170756
19 20  0.677670  1.349475
19 21  0.685194  1.368762
19 22  0.665565  1.277741
20 21  0.719939  1.228360
20 22  0.719305  1.228570
21 22  0.713324  1.281958
