   -841.22728207
   -841.50806422     -841.39634548
0.00002569536765
2 2 2 2 2 2 2 2 2 2 2 0 0 0 0 0 0 0 0 0 0 0 
1  0.359768  0.642612
2  0.334719  0.778236
3  0.334512  0.778042
4  0.360119  0.640322
5  0.359024  0.553201
6  0.358935  0.554256
7  0.383440  0.628864
8  0.312654  0.434879
9  0.303161  0.394213
10  0.303142  0.396701
11  0.312383  0.438332
12  0.309406  0.418717
13  0.319066  0.462090
14  0.318703  0.458533
15  0.309432  0.416483
16  0.334924  0.748683
17  0.360718  0.561674
18  0.360600  0.564447
19  0.334568  0.746615
20  0.379960  0.624823
21  0.363943  0.649279
22  0.363298  0.645421
1 2  0.690653  1.395741
1 3  0.669862  1.305001
1 4  0.716811  1.277452
1 5  0.714427  1.167559
1 6  0.673719  1.168546
1 7  0.729407  1.235321
1 8  0.671592  1.075079
1 9  0.661810  1.024517
1 10  0.656592  1.033005
1 11  0.640214  1.007670
1 12  0.644681  1.050287
1 13  0.670499  1.087389
1 14  0.677806  1.099917
1 15  0.669022  1.058150
1 16  0.685417  1.365125
1 17  0.719790  1.201642
1 18  0.487426  1.073182
1 19  0.689826  1.383144
1 20  0.732050  1.262717
1 21  0.683975  1.232660
1 22  0.721598  1.284067
2 3  0.648979  1.415759
2 4  0.670407  1.303581
2 5  0.686741  1.326537
2 6  0.685882  1.311118
2 7  0.691595  1.388053
2 8  0.644646  1.183852
2 9  0.636246  1.170664
2 10  0.635673  1.164297
2 11  0.646265  1.211485
2 12  0.642982  1.192695
2 13  0.651914  1.237671
2 14  0.649748  1.226403
2 15  0.638694  1.186927
2 16  0.648187  1.517523
2 17  0.670322  1.290693
2 18  0.691530  1.325990
2 19  0.626387  1.508554
2 20  0.634968  1.308398
2 21  0.694144  1.420709
2 22  0.688131  1.394889
3 4  0.690769  1.393446
3 5  0.685744  1.309970
3 6  0.686487  1.327402
3 7  0.691292  1.387807
3 8  0.646312  1.208225
3 9  0.635487  1.162216
3 10  0.636036  1.172791
3 11  0.644157  1.186177
3 12  0.638505  1.189292
3 13  0.649879  1.229755
3 14  0.651410  1.233942
3 15  0.642829  1.190365
3 16  0.626626  1.510120
3 17  0.691471  1.323242
3 18  0.670138  1.293579
3 19  0.647877  1.515300
3 20  0.633832  1.308469
3 21  0.688551  1.398236
3 22  0.693372  1.416742
4 5  0.674153  1.165184
4 6  0.714694  1.166321
4 7  0.729759  1.233149
4 8  0.640789  1.003471
4 9  0.656931  1.027812
4 10  0.662139  1.024403
4 11  0.671678  1.076354
4 12  0.669334  1.058033
4 13  0.678478  1.101182
4 14  0.670487  1.081694
4 15  0.644825  1.045373
4 16  0.690466  1.383010
4 17  0.488638  1.066997
4 18  0.720006  1.202107
4 19  0.685385  1.361075
4 20  0.732358  1.260424
4 21  0.722546  1.285641
4 22  0.683703  1.227364
5 6  0.712707  1.077174
5 7  0.713674  1.102362
5 8  0.661904  0.972249
5 9  0.633377  0.896601
5 10  0.661106  0.939940
5 11  0.670285  0.978346
5 12  0.668358  0.971505
5 13  0.677918  1.014601
5 14  0.661112  1.006832
5 15  0.664214  0.966048
5 16  0.690303  1.285703
5 17  0.682586  1.100234
5 18  0.719254  1.116396
5 19  0.668202  1.252758
5 20  0.736663  1.176735
5 21  0.722303  1.199730
5 22  0.491182  1.065387
6 7  0.713585  1.103381
6 8  0.670468  0.975794
6 9  0.661040  0.938408
6 10  0.633258  0.899459
6 11  0.661594  0.977454
6 12  0.664074  0.969243
6 13  0.661226  1.010999
6 14  0.677479  1.012141
6 15  0.668292  0.970319
6 16  0.668341  1.255999
6 17  0.719279  1.114699
6 18  0.682444  1.103749
6 19  0.689892  1.284905
6 20  0.736597  1.177784
6 21  0.491963  1.070870
6 22  0.721586  1.196968
7 8  0.692537  1.045676
7 9  0.681540  0.999219
7 10  0.681487  1.001687
7 11  0.692277  1.049489
7 12  0.692426  1.046852
7 13  0.700822  1.089620
7 14  0.700517  1.086181
7 15  0.692460  1.044681
7 16  0.637928  1.283213
7 17  0.741623  1.189139
7 18  0.741484  1.191883
7 19  0.637210  1.280697
7 20  0.714838  1.245229
7 21  0.739222  1.272619
7 22  0.738653  1.268831
8 9  0.571381  0.798443
8 10  0.615548  0.825599
8 11  0.624850  0.871707
8 12  0.622017  0.853370
8 13  0.631396  0.896627
8 14  0.585980  0.854350
8 15  0.315274  0.600745
8 16  0.645790  1.181479
8 17  0.657266  0.991885
8 18  0.673056  0.998750
8 19  0.643636  1.172875
8 20  0.690936  1.058657
8 21  0.675916  1.083085
8 22  0.668538  1.065941
9 10  0.606106  0.787496
9 11  0.615296  0.826722
9 12  0.612536  0.812787
9 13  0.622195  0.856078
9 14  0.314575  0.600085
9 15  0.573902  0.782325
9 16  0.637116  1.139397
9 17  0.660205  0.953127
9 18  0.663692  0.958285
9 19  0.632641  1.134208
9 20  0.682784  1.018496
9 21  0.666958  1.042635
9 22  0.642596  1.029269
10 11  0.571161  0.805783
10 12  0.573869  0.787412
10 13  0.315138  0.605069
10 14  0.621819  0.855008
10 15  0.612539  0.813041
10 16  0.632908  1.139004
10 17  0.663786  0.958010
10 18  0.660103  0.958137
10 19  0.636752  1.139832
10 20  0.682772  1.020926
10 21  0.642959  1.035734
10 22  0.666303  1.041227
11 12  0.314533  0.603368
11 13  0.586149  0.863061
11 14  0.630785  0.896522
11 15  0.621776  0.854590
11 16  0.643748  1.178630
11 17  0.672915  0.999393
11 18  0.657032  0.997947
11 19  0.645217  1.182891
11 20  0.690696  1.062005
11 21  0.668897  1.073257
11 22  0.675035  1.082678
12 13  0.581800  0.849045
12 14  0.627812  0.869422
12 15  0.618592  0.830742
12 16  0.642581  1.165295
12 17  0.668893  0.968654
12 18  0.638917  0.924244
12 19  0.641519  1.152017
12 20  0.683831  1.015874
12 21  0.666851  1.060205
12 22  0.671435  1.048481
13 14  0.637554  0.918644
13 15  0.628202  0.870792
13 16  0.650708  1.177375
13 17  0.678520  1.007638
13 18  0.670007  1.008979
13 19  0.652650  1.203878
13 20  0.695370  1.066342
13 21  0.649044  1.029518
13 22  0.681448  1.104615
14 15  0.581437  0.841597
14 16  0.652653  1.202689
14 17  0.669792  1.002114
14 18  0.678040  1.006680
14 19  0.650010  1.172889
14 20  0.695013  1.062410
14 21  0.681735  1.104794
14 22  0.648182  1.023797
15 16  0.641906  1.152422
15 17  0.639049  0.919930
15 18  0.668802  0.968900
15 19  0.642249  1.161187
15 20  0.683852  1.013335
15 21  0.672105  1.050254
15 22  0.666222  1.053329
16 17  0.687365  1.285464
16 18  0.688816  1.308423
16 19  0.650600  1.373999
16 20  0.687234  1.352548
16 21  0.674918  1.284113
16 22  0.693867  1.372778
17 18  0.715660  1.093527
17 19  0.688583  1.303674
17 20  0.711305  1.103955
17 21  0.719991  1.178446
17 22  0.676618  1.174545
18 19  0.686911  1.285686
18 20  0.711173  1.106100
18 21  0.677136  1.181281
18 22  0.719233  1.177143
19 20  0.686896  1.350304
19 21  0.694141  1.374459
19 22  0.674021  1.279452
20 21  0.730512  1.234599
20 22  0.729880  1.230660
21 22  0.723994  1.288907
