   -841.22728207
   -841.50814429     -841.39678303
0.00001530954990
2 2 2 2 2 2 2 2 2 2 2 0 0 0 0 0 0 0 0 0 0 0 
1  0.360131  0.641707
2  0.335023  0.777774
3  0.334793  0.776078
4  0.360546  0.643676
5  0.359428  0.555652
6  0.359317  0.553981
7  0.383831  0.629845
8  0.312893  0.439231
9  0.303445  0.397205
10  0.303374  0.396649
11  0.312607  0.438143
12  0.309648  0.418696
13  0.319289  0.461773
14  0.318978  0.461622
15  0.309683  0.418955
16  0.335214  0.747003
17  0.361106  0.564847
18  0.360983  0.564343
19  0.334872  0.746751
20  0.380364  0.625836
21  0.364329  0.648181
22  0.363697  0.648191
1 2  0.691304  1.394711
1 3  0.670452  1.302723
1 4  0.717571  1.279832
1 5  0.715173  1.168721
1 6  0.674421  1.167146
1 7  0.730122  1.235062
1 8  0.672182  1.078569
1 9  0.662438  1.026140
1 10  0.657171  1.031987
1 11  0.640786  1.006719
1 12  0.645290  1.049370
1 13  0.671086  1.086390
1 14  0.678433  1.102094
1 15  0.669636  1.059653
1 16  0.686062  1.362712
1 17  0.720533  1.203892
1 18  0.488176  1.071981
1 19  0.690489  1.382406
1 20  0.732787  1.262846
1 21  0.684722  1.231273
1 22  0.722357  1.285917
2 3  0.649537  1.414583
2 4  0.671056  1.305616
2 5  0.687447  1.328493
2 6  0.686553  1.310511
2 7  0.692289  1.388663
2 8  0.645172  1.186590
2 9  0.636832  1.173029
2 10  0.636193  1.163813
2 11  0.646796  1.210891
2 12  0.643518  1.192221
2 13  0.652432  1.236911
2 14  0.650331  1.229079
2 15  0.639233  1.189245
2 16  0.648766  1.515504
2 17  0.670980  1.293596
2 18  0.692202  1.325486
2 19  0.627012  1.508169
2 20  0.635629  1.309487
2 21  0.694826  1.419203
2 22  0.688833  1.397218
3 4  0.691458  1.394989
3 5  0.686414  1.310054
3 6  0.687149  1.325225
3 7  0.691959  1.386632
3 8  0.646834  1.210274
3 9  0.636031  1.162609
3 10  0.636546  1.170808
3 11  0.644663  1.184138
3 12  0.639021  1.187374
3 13  0.650385  1.227549
3 14  0.651957  1.235082
3 15  0.643347  1.190816
3 16  0.627201  1.506505
3 17  0.692124  1.324493
3 18  0.670791  1.291782
3 19  0.648444  1.513578
3 20  0.634488  1.307877
3 21  0.689215  1.395397
3 22  0.694043  1.417515
4 5  0.674954  1.170984
4 6  0.715478  1.169221
4 7  0.730533  1.237212
4 8  0.641411  1.009145
4 9  0.657633  1.034443
4 10  0.662781  1.027574
4 11  0.672316  1.079470
4 12  0.670003  1.061352
4 13  0.679119  1.104216
4 14  0.671192  1.088048
4 15  0.645495  1.051511
4 16  0.691174  1.384622
4 17  0.489421  1.075249
4 18  0.720807  1.205340
4 19  0.686107  1.364396
4 20  0.733155  1.264787
4 21  0.723352  1.287879
4 22  0.684544  1.232935
5 6  0.713461  1.079215
5 7  0.714385  1.105223
5 8  0.662550  0.979649
5 9  0.633996  0.901118
5 10  0.661725  0.942290
5 11  0.670900  0.980424
5 12  0.669000  0.973934
5 13  0.678543  1.016730
5 14  0.661762  1.012035
5 15  0.664869  0.970914
5 16  0.690982  1.286515
5 17  0.683383  1.105670
5 18  0.720037  1.118743
5 19  0.668888  1.255561
5 20  0.737464  1.180204
5 21  0.723084  1.201087
5 22  0.491884  1.071117
6 7  0.714270  1.103943
6 8  0.671074  0.979845
6 9  0.661688  0.941118
6 10  0.633832  0.899165
6 11  0.662184  0.976910
6 12  0.664690  0.969007
6 13  0.661823  1.010376
6 14  0.678133  1.014919
6 15  0.668920  0.972524
6 16  0.668993  1.254263
6 17  0.720046  1.117591
6 18  0.683195  1.103529
6 19  0.690567  1.284819
6 20  0.737376  1.178545
6 21  0.492694  1.069238
6 22  0.722360  1.199461
7 8  0.693167  1.051204
7 9  0.682176  1.002957
7 10  0.682090  1.002592
7 11  0.692886  1.050152
7 12  0.693057  1.047826
7 13  0.701432  1.090293
7 14  0.701171  1.090170
7 15  0.693101  1.048087
7 16  0.638599  1.282830
7 17  0.742400  1.193289
7 18  0.742252  1.192787
7 19  0.637876  1.282310
7 20  0.715656  1.247306
7 21  0.739966  1.272519
7 22  0.739409  1.272568
8 9  0.571917  0.807135
8 10  0.616013  0.829848
8 11  0.625309  0.875919
8 12  0.622497  0.857683
8 13  0.631848  0.900654
8 14  0.586535  0.863442
8 15  0.315717  0.605523
8 16  0.646304  1.184173
8 17  0.657896  0.999243
8 18  0.673677  1.002950
8 19  0.644189  1.177548
8 20  0.691568  1.063926
8 21  0.676527  1.086328
8 22  0.669181  1.073033
9 10  0.606618  0.790458
9 11  0.615797  0.829333
9 12  0.613055  0.815759
9 13  0.622704  0.858737
9 14  0.315059  0.605338
9 15  0.574475  0.788246
9 16  0.637679  1.140689
9 17  0.660871  0.959087
9 18  0.664354  0.961176
9 19  0.633191  1.137545
9 20  0.683470  1.022458
9 21  0.667631  1.044475
9 22  0.643268  1.035198
10 11  0.571592  0.805430
10 12  0.574347  0.787441
10 13  0.315549  0.604534
10 14  0.622327  0.858030
10 15  0.613014  0.815462
10 16  0.633424  1.137314
10 17  0.664401  0.961129
10 18  0.660712  0.958028
10 19  0.637281  1.139921
10 20  0.683406  1.021899
10 21  0.643577  1.034577
10 22  0.666939  1.043929
11 12  0.314951  0.603020
11 13  0.586599  0.862754
11 14  0.631275  0.899417
11 15  0.622251  0.856855
11 16  0.644258  1.176804
11 17  0.673527  1.002366
11 18  0.657636  0.997643
11 19  0.645727  1.182843
11 20  0.691323  1.062837
11 21  0.669507  1.072152
11 22  0.675646  1.085256
12 13  0.582234  0.848594
12 14  0.628323  0.872411
12 15  0.619079  0.833270
12 16  0.643109  1.163622
12 17  0.669503  0.971700
12 18  0.639506  0.924139
12 19  0.642045  1.152142
12 20  0.684469  1.016844
12 21  0.667460  1.059024
12 22  0.672059  1.051094
13 14  0.638047  0.921459
13 15  0.628670  0.872784
13 16  0.651217  1.175542
13 17  0.679116  1.010237
13 18  0.670592  1.008482
13 19  0.653174  1.203742
13 20  0.695995  1.066919
13 21  0.649632  1.028323
13 22  0.682057  1.107014
14 15  0.581979  0.848793
14 16  0.653216  1.203843
14 17  0.670444  1.008829
14 18  0.678684  1.009614
14 19  0.650570  1.175121
14 20  0.695693  1.066733
14 21  0.682384  1.106848
14 22  0.648807  1.028216
15 16  0.642419  1.152547
15 17  0.639646  0.924769
15 18  0.669414  0.971419
15 19  0.642800  1.163613
15 20  0.684490  1.016958
15 21  0.672726  1.051244
15 22  0.666866  1.059272
16 17  0.688029  1.286423
16 18  0.689485  1.306685
16 19  0.651179  1.373267
16 20  0.687920  1.351714
16 21  0.675538  1.281958
16 22  0.694541  1.373987
17 18  0.716386  1.096350
17 19  0.689272  1.306909
17 20  0.711962  1.107176
17 21  0.720736  1.180036
17 22  0.677398  1.180508
18 19  0.687589  1.285816
18 20  0.711852  1.106809
18 21  0.677859  1.179900
18 22  0.719988  1.179657
19 20  0.687607  1.351539
19 21  0.694818  1.373755
19 22  0.674658  1.281710
20 21  0.731257  1.234236
20 22  0.730646  1.234278
21 22  0.724749  1.290511
