   -993.90825437
   -994.22318597     -994.09486541
0.00007024812336
2 2 2 2 2 2 2 2 2 2 2 2 2 0 0 0 0 0 0 0 0 0 0 0 0 0 
1  0.279779  0.592794
2  0.265619  0.474647
3  0.274764  0.425388
4  0.277343  0.341631
5  0.283024  0.344198
6  0.306059  0.582538
7  0.315593  0.542392
8  0.302094  0.456030
9  0.306929  0.668656
10  0.284847  0.434380
11  0.311111  0.766639
12  0.282662  0.401821
13  0.301213  0.721495
14  0.285810  0.584351
15  0.272664  0.477994
16  0.278577  0.407662
17  0.280720  0.358650
18  0.285196  0.336412
19  0.310571  0.732699
20  0.317071  0.560327
21  0.307889  0.646542
22  0.308801  0.599645
23  0.285011  0.394281
24  0.303560  0.754269
25  0.302659  0.463411
26  0.287939  0.459441
1 2  0.544339  1.033667
1 3  0.549707  0.981854
1 4  0.557026  0.933369
1 5  0.562586  0.928932
1 6  0.563230  1.143490
1 7  0.595118  1.125820
1 8  0.580010  1.031163
1 9  0.581028  1.206740
1 10  0.564592  1.023842
1 11  0.569260  1.258791
1 12  0.562403  0.985170
1 13  0.578081  1.304148
1 14  0.274502  0.997226
1 15  0.550656  1.068429
1 16  0.553341  0.999059
1 17  0.560154  0.949929
1 18  0.564149  0.928777
1 19  0.563290  1.304375
1 20  0.596666  1.150233
1 21  0.584955  1.232635
1 22  0.561248  1.154501
1 23  0.564606  0.986232
1 24  0.580406  1.323283
1 25  0.581945  1.054174
1 26  0.567621  1.050509
2 3  0.540366  0.890007
2 4  0.542956  0.815103
2 5  0.548638  0.816198
2 6  0.571224  1.040243
2 7  0.561585  0.986807
2 8  0.567705  0.928537
2 9  0.557988  1.072883
2 10  0.547502  0.903929
2 11  0.571591  1.206576
2 12  0.543249  0.858428
2 13  0.562021  1.191802
2 14  0.549504  1.056743
2 15  0.252348  0.745343
2 16  0.543935  0.881711
2 17  0.546327  0.833098
2 18  0.550814  0.810919
2 19  0.569460  1.201683
2 20  0.558092  1.008804
2 21  0.564029  1.117896
2 22  0.574232  1.072494
2 23  0.546816  0.866428
2 24  0.562381  1.202611
2 25  0.568152  0.937404
2 26  0.552324  0.925071
3 4  0.547388  0.759979
3 5  0.551288  0.754251
3 6  0.553016  0.978225
3 7  0.590352  0.965742
3 8  0.556541  0.859016
3 9  0.581330  1.078243
3 10  0.559601  0.858227
3 11  0.585308  1.166113
3 12  0.557416  0.824015
3 13  0.575802  1.144181
3 14  0.555422  1.008244
3 15  0.547032  0.902693
3 16  0.270096  0.604936
3 17  0.554445  0.780701
3 18  0.556340  0.760211
3 19  0.584841  1.155944
3 20  0.591702  0.984997
3 21  0.582020  1.069861
3 22  0.549262  0.992305
3 23  0.559769  0.819419
3 24  0.578183  1.177304
3 25  0.550882  0.858629
3 26  0.562700  0.884423
4 5  0.513685  0.649752
4 6  0.578756  0.906757
4 7  0.592923  0.881419
4 8  0.551680  0.776040
4 9  0.584086  1.004658
4 10  0.562186  0.775316
4 11  0.588175  1.106966
4 12  0.560003  0.743363
4 13  0.578376  1.057799
4 14  0.562828  0.924991
4 15  0.549997  0.819478
4 16  0.554774  0.746589
4 17  0.278821  0.455529
4 18  0.510431  0.631454
4 19  0.587436  1.073642
4 20  0.594328  0.901762
4 21  0.585036  0.987834
4 22  0.584563  0.940902
4 23  0.562336  0.735864
4 24  0.580567  1.095342
4 25  0.542931  0.769721
4 26  0.565234  0.800968
5 6  0.586588  0.918324
5 7  0.598614  0.885269
5 8  0.554392  0.777093
5 9  0.589902  1.007294
5 10  0.567870  0.778510
5 11  0.594087  1.107680
5 12  0.565686  0.745652
5 13  0.584190  1.064894
5 14  0.567939  0.928166
5 15  0.555674  0.822022
5 16  0.557615  0.750063
5 17  0.511166  0.654746
5 18  0.281517  0.423212
5 19  0.593377  1.076235
5 20  0.600090  0.904377
5 21  0.590898  0.990421
5 22  0.590845  0.942775
5 23  0.568028  0.738433
5 24  0.586545  1.098091
5 25  0.546360  0.770992
5 26  0.570951  0.803563
6 7  0.621229  1.100215
6 8  0.595626  1.027880
6 9  0.606308  1.183760
6 10  0.590831  1.013103
6 11  0.611389  1.343022
6 12  0.588704  0.983707
6 13  0.603493  1.265421
6 14  0.565415  1.128759
6 15  0.578590  1.058947
6 16  0.549751  0.955843
6 17  0.584970  0.940521
6 18  0.590328  0.918203
6 19  0.605495  1.283053
6 20  0.622904  1.140657
6 21  0.612049  1.226035
6 22  0.378554  1.060826
6 23  0.590881  0.976214
6 24  0.606832  1.330364
6 25  0.588838  1.017500
6 26  0.593683  1.040856
7 8  0.617647  0.996411
7 9  0.619750  1.170093
7 10  0.564141  0.941491
7 11  0.625740  1.303511
7 12  0.564700  0.930776
7 13  0.607723  1.205206
7 14  0.601209  1.124251
7 15  0.563519  0.993337
7 16  0.594060  0.949518
7 17  0.596220  0.900816
7 18  0.600778  0.878695
7 19  0.622885  1.264000
7 20  0.392141  0.969612
7 21  0.621915  1.186044
7 22  0.624206  1.139769
7 23  0.557104  0.891108
7 24  0.606601  1.287915
7 25  0.617998  1.005101
7 26  0.558467  0.961000
8 9  0.608701  1.123058
8 10  0.586931  0.886358
8 11  0.612028  1.189461
8 12  0.584751  0.854755
8 13  0.602913  1.162125
8 14  0.587255  1.038949
8 15  0.574523  0.933463
8 16  0.554581  0.834742
8 17  0.546209  0.780389
8 18  0.546800  0.754275
8 19  0.612357  1.186817
8 20  0.618871  1.015654
8 21  0.609217  1.100807
8 22  0.590077  1.026315
8 23  0.587092  0.850098
8 24  0.604968  1.208486
8 25  0.375868  0.761812
8 26  0.589959  0.915036
9 10  0.591565  1.100983
9 11  0.587353  1.401272
9 12  0.589423  1.064210
9 13  0.574087  1.356055
9 14  0.589632  1.246247
9 15  0.569776  1.142686
9 16  0.584893  1.074494
9 17  0.587442  1.026844
9 18  0.592110  1.004771
9 19  0.580600  1.348619
9 20  0.622010  1.224416
9 21  0.370561  1.148983
9 22  0.613942  1.264585
9 23  0.591497  1.061298
9 24  0.570905  1.370665
9 25  0.608896  1.130018
9 26  0.594443  1.123844
10 11  0.595459  1.178053
10 12  0.519680  0.794960
10 13  0.583325  1.114849
10 14  0.570470  1.017473
10 15  0.556010  0.904714
10 16  0.563423  0.841759
10 17  0.565521  0.792920
10 18  0.570031  0.770742
10 19  0.595241  1.165353
10 20  0.556967  0.950680
10 21  0.592273  1.077874
10 22  0.593290  1.033033
10 23  0.517012  0.789807
10 24  0.586599  1.186958
10 25  0.587439  0.897390
10 26  0.291903  0.682734
11 12  0.593286  1.142755
11 13  0.582648  1.402504
11 14  0.568503  1.327887
11 15  0.577629  1.238138
11 16  0.589194  1.172212
11 17  0.591371  1.124343
11 18  0.596080  1.102389
11 19  0.410128  1.386683
11 20  0.624814  1.315003
11 21  0.582704  1.359323
11 22  0.608580  1.330427
11 23  0.595949  1.159663
11 24  0.577946  1.474994
11 25  0.613457  1.227751
11 26  0.598806  1.223556
12 13  0.582015  1.106923
12 14  0.568126  0.985424
12 15  0.551130  0.877556
12 16  0.561223  0.809237
12 17  0.563368  0.760403
12 18  0.567853  0.738190
12 19  0.593030  1.133174
12 20  0.557778  0.919498
12 21  0.590030  1.046982
12 22  0.591227  1.000780
12 23  0.288905  0.573445
12 24  0.585867  1.154599
12 25  0.585312  0.864971
12 26  0.516843  0.817356
13 14  0.583838  1.282885
13 15  0.566652  1.170711
13 16  0.579652  1.127667
13 17  0.581600  1.079483
13 18  0.586364  1.057634
13 19  0.575730  1.408213
13 20  0.606179  1.274016
13 21  0.568967  1.320400
13 22  0.607579  1.315332
13 23  0.585765  1.114739
13 24  0.383098  1.343506
13 25  0.603242  1.183127
13 26  0.587103  1.179113
14 15  0.557074  1.030166
14 16  0.559400  0.962566
14 17  0.566412  0.942453
14 18  0.570888  0.916409
14 19  0.573759  1.226388
14 20  0.602538  1.136880
14 21  0.587749  1.185907
14 22  0.570372  1.155199
14 23  0.570789  0.972788
14 24  0.585590  1.328221
14 25  0.586082  1.034012
14 26  0.573706  1.041460
15 16  0.551225  0.878627
15 17  0.553375  0.835680
15 18  0.557853  0.812810
15 19  0.577565  1.180319
15 20  0.568120  1.008030
15 21  0.563901  1.058874
15 22  0.580796  1.060768
15 23  0.552473  0.859128
15 24  0.570871  1.227445
15 25  0.575314  0.940208
15 26  0.556626  0.933601
16 17  0.553237  0.759717
16 18  0.556707  0.731345
16 19  0.588401  1.122060
16 20  0.595639  0.966839
16 21  0.586132  1.045167
16 22  0.559437  0.982393
16 23  0.563581  0.800317
16 24  0.581914  1.159426
16 25  0.559509  0.850259
16 26  0.566509  0.866102
17 18  0.518304  0.658695
17 19  0.590935  1.087352
17 20  0.597772  0.914865
17 21  0.588386  0.998613
17 22  0.584369  0.936485
17 23  0.565729  0.752393
17 24  0.584065  1.102968
17 25  0.555047  0.793801
17 26  0.568655  0.816066
18 19  0.595679  1.068291
18 20  0.602261  0.895380
18 21  0.593017  0.979090
18 22  0.590711  0.927503
18 23  0.570207  0.730660
18 24  0.588682  1.089230
18 25  0.557627  0.780530
18 26  0.573134  0.795657
19 20  0.626506  1.285362
19 21  0.588122  1.357025
19 22  0.613649  1.324048
19 23  0.595135  1.105702
19 24  0.586361  1.395659
19 25  0.611840  1.163537
19 26  0.598006  1.169510
20 21  0.622076  1.162803
20 22  0.625338  1.129640
20 23  0.568972  0.942880
20 24  0.611138  1.238879
20 25  0.619678  1.019069
20 26  0.568758  0.971235
21 22  0.609005  1.174896
21 23  0.592760  1.039075
21 24  0.576548  1.353738
21 25  0.610069  1.106724
21 26  0.595565  1.101006
22 23  0.593786  0.992841
22 24  0.608087  1.300501
22 25  0.599236  1.045243
22 26  0.596644  1.050607
23 24  0.585652  1.126131
23 25  0.587665  0.854612
23 26  0.524462  0.811203
24 25  0.605760  1.195235
24 26  0.588178  1.158681
25 26  0.590586  0.917381
