   -993.90825437
   -994.22377182     -994.09625766
0.00003374501839
2 2 2 2 2 2 2 2 2 2 2 2 2 0 0 0 0 0 0 0 0 0 0 0 0 0 
1  0.281434  0.594207
2  0.267346  0.477237
3  0.275802  0.430974
4  0.277854  0.345198
5  0.283527  0.347789
6  0.308190  0.587217
7  0.316811  0.543992
8  0.303187  0.462183
9  0.309208  0.666899
10  0.285323  0.437348
11  0.312982  0.763415
12  0.283357  0.404327
13  0.303461  0.719531
14  0.287487  0.585264
15  0.274545  0.480739
16  0.279683  0.412610
17  0.281314  0.362721
18  0.285745  0.339638
19  0.312380  0.729447
20  0.318362  0.561757
21  0.310007  0.645059
22  0.310730  0.604364
23  0.285643  0.396596
24  0.305865  0.752801
25  0.303796  0.469526
26  0.288390  0.462179
1 2  0.547619  1.037321
1 3  0.552345  0.988058
1 4  0.559194  0.938300
1 5  0.564752  0.933415
1 6  0.566873  1.149302
1 7  0.597975  1.128606
1 8  0.582695  1.038068
1 9  0.584812  1.206714
1 10  0.566722  1.028147
1 11  0.572517  1.257841
1 12  0.564754  0.988682
1 13  0.581919  1.303707
1 14  0.277519  0.999249
1 15  0.554081  1.072635
1 16  0.556049  1.005426
1 17  0.562390  0.955351
1 18  0.566282  0.933412
1 19  0.566695  1.302721
1 20  0.599588  1.153064
1 21  0.588708  1.232819
1 22  0.564810  1.161353
1 23  0.566855  0.989944
1 24  0.584311  1.323556
1 25  0.584707  1.061671
1 26  0.569711  1.054575
2 3  0.543122  0.897661
2 4  0.545194  0.821168
2 5  0.550867  0.822099
2 6  0.575021  1.047169
2 7  0.564488  0.991004
2 8  0.570526  0.937122
2 9  0.561625  1.073520
2 10  0.549687  0.909356
2 11  0.575081  1.205886
2 12  0.545622  0.863204
2 13  0.565978  1.192488
2 14  0.552817  1.060283
2 15  0.255248  0.750323
2 16  0.546719  0.889241
2 17  0.548648  0.839743
2 18  0.553088  0.816726
2 19  0.572946  1.201042
2 20  0.561013  1.013149
2 21  0.567730  1.118941
2 22  0.577878  1.079794
2 23  0.549141  0.871380
2 24  0.566445  1.204227
2 25  0.570997  0.946066
2 26  0.554491  0.930521
3 4  0.548885  0.768906
3 5  0.552789  0.762800
3 6  0.556206  0.988095
3 7  0.592606  0.972832
3 8  0.558595  0.870351
3 9  0.584633  1.081701
3 10  0.561115  0.866640
3 11  0.588201  1.167854
3 12  0.559149  0.831805
3 13  0.579090  1.147733
3 14  0.558064  1.014737
3 15  0.549894  0.911007
3 16  0.272002  0.616280
3 17  0.556058  0.790301
3 18  0.557899  0.769063
3 19  0.587671  1.158242
3 20  0.594017  0.991987
3 21  0.585107  1.073920
3 22  0.552191  1.002706
3 23  0.561430  0.827307
3 24  0.581519  1.181285
3 25  0.553013  0.870484
3 26  0.564191  0.892718
4 5  0.514699  0.657336
4 6  0.581373  0.914273
4 7  0.594648  0.886307
4 8  0.553273  0.785798
4 9  0.586856  1.006101
4 10  0.563173  0.781752
4 11  0.590560  1.107226
4 12  0.561210  0.749428
4 13  0.581113  1.059010
4 14  0.564994  0.929437
4 15  0.552393  0.825781
4 16  0.556376  0.755062
4 17  0.279750  0.464104
4 18  0.511520  0.638653
4 19  0.589747  1.073911
4 20  0.596125  0.906742
4 21  0.587653  0.989902
4 22  0.587015  0.949186
4 23  0.563476  0.741743
4 24  0.583349  1.097418
4 25  0.544579  0.779593
4 26  0.566188  0.807266
5 6  0.589166  0.926191
5 7  0.600332  0.890321
5 8  0.556057  0.786801
5 9  0.592680  1.008768
5 10  0.568849  0.785059
5 11  0.596461  1.107787
5 12  0.566884  0.751672
5 13  0.586932  1.066489
5 14  0.570028  0.932667
5 15  0.558052  0.828347
5 16  0.559184  0.758645
5 17  0.512280  0.662842
5 18  0.282571  0.430949
5 19  0.595668  1.076538
5 20  0.601885  0.909385
5 21  0.593518  0.992514
5 22  0.593263  0.951045
5 23  0.569162  0.744336
5 24  0.589348  1.100190
5 25  0.548025  0.780925
5 26  0.571903  0.809887
6 7  0.624566  1.105776
6 8  0.598732  1.038447
6 9  0.610313  1.185955
6 10  0.593439  1.020571
6 11  0.615313  1.344432
6 12  0.591527  0.990872
6 13  0.607688  1.267746
6 14  0.569153  1.134901
6 15  0.582590  1.066388
6 16  0.552912  0.965440
6 17  0.587691  0.949279
6 18  0.592989  0.926069
6 19  0.609361  1.284626
6 20  0.626331  1.146751
6 21  0.616205  1.229346
6 22  0.382280  1.071176
6 23  0.593617  0.983195
6 24  0.611212  1.333543
6 25  0.591995  1.027937
6 26  0.596238  1.048254
7 8  0.619955  1.004057
7 9  0.623193  1.170093
7 10  0.565849  0.945938
7 11  0.628801  1.302046
7 12  0.566667  0.934917
7 13  0.610980  1.204814
7 14  0.604082  1.126781
7 15  0.566559  0.997960
7 16  0.596386  0.956050
7 17  0.598021  0.906470
7 18  0.602542  0.883510
7 19  0.625823  1.262256
7 20  0.394379  0.972892
7 21  0.625243  1.186313
7 22  0.627338  1.146073
7 23  0.558979  0.895205
7 24  0.610044  1.288062
7 25  0.620330  1.012796
7 26  0.560162  0.965568
8 9  0.612045  1.127404
8 10  0.588497  0.895058
8 11  0.614958  1.191224
8 12  0.586538  0.863099
8 13  0.606233  1.165683
8 14  0.589993  1.045978
8 15  0.577489  0.942320
8 16  0.556727  0.846060
8 17  0.547878  0.790797
8 18  0.548466  0.763811
8 19  0.615257  1.189694
8 20  0.621217  1.023214
8 21  0.612410  1.105373
8 22  0.593016  1.036876
8 23  0.588817  0.858546
8 24  0.608334  1.213137
8 25  0.377905  0.775657
8 26  0.591493  0.923898
9 10  0.594314  1.102190
9 11  0.591498  1.397169
9 12  0.592395  1.064869
9 13  0.578474  1.353186
9 14  0.593558  1.245649
9 15  0.573738  1.143636
9 16  0.588200  1.077665
9 17  0.590311  1.029139
9 18  0.594934  1.006217
9 19  0.584599  1.344803
9 20  0.625548  1.224326
9 21  0.374520  1.145576
9 22  0.618054  1.267679
9 23  0.594369  1.061831
9 24  0.575332  1.368739
9 25  0.612272  1.134244
9 26  0.597155  1.124803
10 11  0.597811  1.177400
10 12  0.520824  0.800315
10 13  0.586039  1.115231
10 14  0.572622  1.021279
10 15  0.558373  0.910486
10 16  0.565006  0.849657
10 17  0.566580  0.799950
10 18  0.571049  0.776932
10 19  0.597523  1.165080
10 20  0.558758  0.955345
10 21  0.594848  1.079316
10 22  0.595650  1.040699
10 23  0.518115  0.795511
10 24  0.589353  1.188499
10 25  0.589043  0.906442
10 26  0.292648  0.688823
11 12  0.595847  1.141594
11 13  0.586394  1.397963
11 14  0.571979  1.325716
11 15  0.581302  1.237705
11 16  0.592155  1.173921
11 17  0.593800  1.125156
11 18  0.598501  1.102352
11 19  0.413754  1.381021
11 20  0.627881  1.313205
11 21  0.586665  1.355887
11 22  0.612318  1.332268
11 23  0.598449  1.158780
11 24  0.581717  1.471513
11 25  0.616461  1.230624
11 26  0.601120  1.223114
12 13  0.584854  1.107185
12 14  0.570461  0.988848
12 15  0.553629  0.882827
12 16  0.563022  0.816681
12 17  0.564654  0.766974
12 18  0.569094  0.743919
12 19  0.595519  1.132453
12 20  0.559838  0.923662
12 21  0.592827  1.047984
12 22  0.593839  1.007977
12 23  0.290069  0.578627
12 24  0.588848  1.155616
12 25  0.587146  0.873572
12 26  0.518022  0.823064
13 14  0.587721  1.282225
13 15  0.570824  1.172008
13 16  0.583003  1.130555
13 17  0.584406  1.081565
13 18  0.589152  1.058884
13 19  0.579447  1.404268
13 20  0.609560  1.273422
13 21  0.573166  1.318128
13 22  0.611722  1.318102
13 23  0.588620  1.115097
13 24  0.387274  1.340764
13 25  0.606606  1.187256
13 26  0.589774  1.179949
14 15  0.560546  1.033510
14 16  0.562148  0.967767
14 17  0.568682  0.947397
14 18  0.573114  0.920261
14 19  0.577021  1.225252
14 20  0.605496  1.139041
14 21  0.591432  1.185814
14 22  0.573856  1.160482
14 23  0.573095  0.975831
14 24  0.589478  1.327797
14 25  0.588817  1.040569
14 26  0.575832  1.045092
15 16  0.554209  0.885890
15 17  0.555848  0.842414
15 18  0.560282  0.818577
15 19  0.581130  1.179920
15 20  0.571216  1.012007
15 21  0.567426  1.059885
15 22  0.584540  1.067799
15 23  0.554979  0.863938
15 24  0.575051  1.228830
15 25  0.578331  0.948987
15 26  0.558948  0.938995
16 17  0.554905  0.768609
16 18  0.558321  0.739084
16 19  0.591292  1.123367
16 20  0.598035  0.973150
16 21  0.589342  1.048517
16 22  0.562434  0.991729
16 23  0.565317  0.807432
16 24  0.585322  1.162838
16 25  0.561652  0.861063
16 26  0.568064  0.873707
17 18  0.519435  0.666432
17 19  0.593344  1.087984
17 20  0.599652  0.919974
17 21  0.591074  1.000808
17 22  0.586851  0.944350
17 23  0.566953  0.758730
17 24  0.586940  1.104909
17 25  0.556748  0.803762
17 26  0.569698  0.822649
18 19  0.598035  1.068175
18 20  0.604098  0.899898
18 21  0.595675  0.980583
18 22  0.593126  0.935036
18 23  0.571386  0.736192
18 24  0.591521  1.090925
18 25  0.559372  0.789989
18 26  0.574132  0.801614
19 20  0.629576  1.283713
19 21  0.592059  1.353075
19 22  0.617312  1.325417
19 23  0.597574  1.104472
19 24  0.590100  1.391412
19 25  0.614750  1.165370
19 26  0.600267  1.168691
20 21  0.625447  1.162809
20 22  0.628553  1.134906
20 23  0.570939  0.946690
20 24  0.614542  1.239014
20 25  0.622101  1.026394
20 26  0.570537  0.975311
21 22  0.612716  1.177359
21 23  0.595510  1.039877
21 24  0.580785  1.351430
21 25  0.613308  1.111238
21 26  0.598136  1.102267
22 23  0.596340  0.999861
22 24  0.612136  1.303119
22 25  0.602220  1.055623
22 26  0.599024  1.057767
23 24  0.588504  1.126668
23 25  0.589432  0.862772
23 26  0.525526  0.816180
24 25  0.609178  1.199054
24 26  0.590928  1.159506
25 26  0.592171  0.925775
