   -993.90825437
   -994.22412862     -994.09722097
0.00000956895130
2 2 2 2 2 2 2 2 2 2 2 2 2 0 0 0 0 0 0 0 0 0 0 0 0 0 
1  0.282579  0.594880
2  0.268461  0.480093
3  0.276598  0.434278
4  0.278268  0.347785
5  0.283961  0.350241
6  0.309472  0.590221
7  0.317613  0.546443
8  0.303865  0.466128
9  0.310626  0.666007
10  0.285569  0.440288
11  0.314094  0.760930
12  0.283718  0.406919
13  0.304935  0.718258
14  0.288675  0.585842
15  0.275763  0.483470
16  0.280488  0.415870
17  0.281704  0.365562
18  0.286225  0.341726
19  0.313468  0.727338
20  0.319125  0.563795
21  0.311388  0.643758
22  0.311995  0.607034
23  0.286034  0.399346
24  0.307358  0.751765
25  0.304484  0.473435
26  0.288616  0.465538
1 2  0.549830  1.040481
1 3  0.554231  0.991631
1 4  0.560751  0.941514
1 5  0.566331  0.936205
1 6  0.569214  1.152796
1 7  0.599898  1.131402
1 8  0.584483  1.042332
1 9  0.587295  1.206794
1 10  0.568112  1.031694
1 11  0.574618  1.256724
1 12  0.566258  0.991571
1 13  0.584472  1.303241
1 14  0.279619  1.000102
1 15  0.556389  1.076078
1 16  0.557979  1.009372
1 17  0.563922  0.958827
1 18  0.567837  0.936178
1 19  0.568875  1.301433
1 20  0.601467  1.155744
1 21  0.591223  1.232382
1 22  0.567218  1.165265
1 23  0.568333  0.993355
1 24  0.586910  1.323614
1 25  0.586520  1.066251
1 26  0.571075  1.058480
2 3  0.545033  0.903420
2 4  0.546721  0.826523
2 5  0.552415  0.827147
2 6  0.577374  1.052733
2 7  0.566367  0.996042
2 8  0.572319  0.943799
2 9  0.563851  1.075003
2 10  0.551060  0.915061
2 11  0.577237  1.206230
2 12  0.547109  0.868321
2 13  0.568532  1.194111
2 14  0.555058  1.063764
2 15  0.257229  0.755836
2 16  0.548593  0.895354
2 17  0.550155  0.845425
2 18  0.554682  0.821662
2 19  0.575115  1.201768
2 20  0.562859  1.018256
2 21  0.570094  1.120460
2 22  0.580249  1.085315
2 23  0.550625  0.877015
2 24  0.569037  1.206294
2 25  0.572774  0.952812
2 26  0.555834  0.936800
3 4  0.550078  0.774659
3 5  0.554001  0.768167
3 6  0.558233  0.994172
3 7  0.594205  0.978485
3 8  0.560018  0.877408
3 9  0.586843  1.083943
3 10  0.562154  0.872758
3 11  0.590093  1.168371
3 12  0.560303  0.837423
3 13  0.581353  1.149753
3 14  0.560027  1.018636
3 15  0.551856  0.917040
3 16  0.273341  0.623353
3 17  0.557238  0.796429
3 18  0.559166  0.774481
3 19  0.589542  1.159460
3 20  0.595572  0.997307
3 21  0.587245  1.075919
3 22  0.554222  1.008845
3 23  0.562619  0.833352
3 24  0.583804  1.183484
3 25  0.554457  0.877918
3 26  0.565213  0.899357
4 5  0.515492  0.662716
4 6  0.583045  0.919338
4 7  0.595862  0.891049
4 8  0.554380  0.792309
4 9  0.588674  1.007519
4 10  0.563831  0.787170
4 11  0.592087  1.107275
4 12  0.561984  0.754599
4 13  0.582980  1.059970
4 14  0.566589  0.932559
4 15  0.554026  0.831092
4 16  0.557590  0.760890
4 17  0.280450  0.470095
4 18  0.512396  0.643718
4 19  0.591235  1.074360
4 20  0.597297  0.911354
4 21  0.589433  0.991178
4 22  0.588679  0.954455
4 23  0.564276  0.747079
4 24  0.585231  1.098957
4 25  0.545685  0.786289
4 26  0.566816  0.813206
5 6  0.590849  0.931361
5 7  0.601567  0.895047
5 8  0.557175  0.793218
5 9  0.594530  1.010064
5 10  0.569528  0.790445
5 11  0.598006  1.107579
5 12  0.567679  0.756644
5 13  0.588828  1.067622
5 14  0.571586  0.935694
5 15  0.559702  0.833523
5 16  0.560412  0.764377
5 17  0.513084  0.668539
5 18  0.283432  0.436180
5 19  0.597181  1.076859
5 20  0.603083  0.913865
5 21  0.595331  0.993641
5 22  0.594948  0.956140
5 23  0.569984  0.749535
5 24  0.591276  1.101585
5 25  0.549139  0.787501
5 26  0.572562  0.815692
6 7  0.626631  1.110473
6 8  0.600670  1.045197
6 9  0.612788  1.187593
6 10  0.594966  1.026351
6 11  0.617668  1.344931
6 12  0.593165  0.996453
6 13  0.610318  1.269215
6 14  0.571602  1.138927
6 15  0.585072  1.072132
6 16  0.554950  0.971805
6 17  0.589349  0.955135
6 18  0.594732  0.931129
6 19  0.611694  1.285666
6 20  0.628368  1.151784
6 21  0.618799  1.231160
6 22  0.384694  1.077292
6 23  0.595281  0.988928
6 24  0.613960  1.335525
6 25  0.593934  1.034740
6 26  0.597704  1.054596
7 8  0.621437  1.010387
7 9  0.625393  1.171450
7 10  0.566964  0.951292
7 11  0.630698  1.302111
7 12  0.567909  0.940013
7 13  0.613122  1.205871
7 14  0.606045  1.129768
7 15  0.568541  1.003334
7 16  0.597990  0.961746
7 17  0.599202  0.911748
7 18  0.603826  0.888038
7 19  0.627628  1.262560
7 20  0.395830  0.977813
7 21  0.627415  1.187580
7 22  0.629395  1.151186
7 23  0.560219  0.900556
7 24  0.612267  1.289343
7 25  0.621793  1.019147
7 26  0.561223  0.971556
8 9  0.614126  1.130426
8 10  0.589418  0.901549
8 11  0.616716  1.191955
8 12  0.587574  0.869337
8 13  0.608378  1.167932
8 14  0.591833  1.050487
8 15  0.579364  0.948971
8 16  0.558186  0.853488
8 17  0.548938  0.797781
8 18  0.549601  0.770021
8 19  0.617020  1.191543
8 20  0.622632  1.029187
8 21  0.614461  1.107930
8 22  0.594921  1.043369
8 23  0.589885  0.865225
8 24  0.610488  1.216043
8 25  0.379201  0.784437
8 26  0.592383  0.931176
9 10  0.595981  1.104215
9 11  0.594023  1.394418
9 12  0.594173  1.066448
9 13  0.581293  1.351565
9 14  0.596149  1.245520
9 15  0.576230  1.145477
9 16  0.590371  1.080027
9 17  0.592106  1.031072
9 18  0.596832  1.007393
9 19  0.587083  1.342661
9 20  0.627707  1.225652
9 21  0.377012  1.143186
9 22  0.620661  1.269585
9 23  0.596164  1.063643
9 24  0.578173  1.367719
9 25  0.614367  1.137183
9 26  0.598780  1.127217
10 11  0.599165  1.177485
10 12  0.521394  0.805813
10 13  0.587761  1.116394
10 14  0.574039  1.024710
10 15  0.559834  0.916214
10 16  0.566057  0.855844
10 17  0.567198  0.805727
10 18  0.571773  0.781958
10 19  0.598859  1.165923
10 20  0.559806  0.960506
10 21  0.596462  1.080923
10 22  0.597110  1.046293
10 23  0.518735  0.801611
10 24  0.591053  1.190433
10 25  0.589967  0.913267
10 26  0.293095  0.695601
11 12  0.597316  1.141317
11 13  0.588753  1.394800
11 14  0.574249  1.324020
11 15  0.583590  1.237941
11 16  0.594052  1.174699
11 17  0.595284  1.125478
11 18  0.600079  1.101932
11 19  0.416034  1.376967
11 20  0.629697  1.312769
11 21  0.589143  1.353064
11 22  0.614662  1.332646
11 23  0.599942  1.159053
11 24  0.584029  1.468871
11 25  0.618260  1.232063
11 26  0.602461  1.224018
12 13  0.586649  1.108298
12 14  0.571954  0.992021
12 15  0.555177  0.888166
12 16  0.564186  0.822522
12 17  0.565399  0.772404
12 18  0.569934  0.748596
12 19  0.596949  1.132948
12 20  0.561023  0.928459
12 21  0.594559  1.049245
12 22  0.595437  1.013223
12 23  0.290817  0.584498
12 24  0.590694  1.157139
12 25  0.588194  0.880055
12 26  0.518586  0.829489
13 14  0.590337  1.281926
13 15  0.573485  1.173748
13 16  0.585275  1.132487
13 17  0.586250  1.083119
13 18  0.591109  1.059690
13 19  0.581788  1.401751
13 20  0.611717  1.274056
13 21  0.575950  1.316402
13 22  0.614445  1.319534
13 23  0.590468  1.116557
13 24  0.389961  1.339076
13 25  0.608743  1.189897
13 26  0.591445  1.182075
14 15  0.562892  1.036471
14 16  0.564082  0.971171
14 17  0.570259  0.950795
14 18  0.574782  0.922739
14 19  0.579163  1.224452
14 20  0.607424  1.141432
14 21  0.593945  1.185584
14 22  0.576226  1.163550
14 23  0.574674  0.978847
14 24  0.592073  1.327441
14 25  0.590627  1.044696
14 26  0.577247  1.048960
15 16  0.556230  0.891556
15 17  0.557452  0.847921
15 18  0.561978  0.823228
15 19  0.583360  1.180532
15 20  0.573136  1.016488
15 21  0.569712  1.061018
15 22  0.586975  1.072883
15 23  0.556591  0.869142
15 24  0.577737  1.230580
15 25  0.580237  0.955545
15 26  0.560393  0.945014
16 17  0.556092  0.774658
16 18  0.559595  0.744181
16 19  0.593168  1.124249
16 20  0.599601  0.978391
16 21  0.591516  1.050436
16 22  0.564451  0.997437
16 23  0.566511  0.813262
16 24  0.587612  1.165005
16 25  0.563093  0.868072
16 26  0.569092  0.880232
17 18  0.520257  0.671705
17 19  0.594831  1.088594
17 20  0.600801  0.924452
17 21  0.592832  1.002069
17 22  0.588471  0.949269
17 23  0.567734  0.764269
17 24  0.588808  1.106162
17 25  0.557846  0.810326
17 26  0.570312  0.828575
18 19  0.599603  1.068093
18 20  0.605338  0.903863
18 21  0.597533  0.981206
18 22  0.594820  0.939528
18 23  0.572257  0.741020
18 24  0.593484  1.091915
18 25  0.560554  0.796090
18 26  0.574837  0.807043
19 20  0.631405  1.283750
19 21  0.594539  1.350250
19 22  0.619633  1.325938
19 23  0.599044  1.104697
19 24  0.592454  1.388507
19 25  0.616490  1.166488
19 26  0.601580  1.169447
20 21  0.627586  1.163547
20 22  0.630556  1.138855
20 23  0.572167  0.951594
20 24  0.616695  1.240110
20 25  0.623552  1.032204
20 26  0.571579  0.980604
21 22  0.615148  1.178453
21 23  0.597283  1.041291
21 24  0.583516  1.349692
21 25  0.615356  1.113804
21 26  0.599748  1.104314
22 23  0.597989  1.005278
22 24  0.614766  1.304590
22 25  0.604133  1.061937
22 26  0.600514  1.063470
23 24  0.590339  1.127999
23 25  0.590508  0.869130
23 26  0.526107  0.822185
24 25  0.611348  1.201393
24 26  0.592663  1.161195
25 26  0.593081  0.932530
