   -993.90825437
   -994.22416105     -994.09730836
0.00000790475449
2 2 2 2 2 2 2 2 2 2 2 2 2 0 0 0 0 0 0 0 0 0 0 0 0 0 
1  0.282686  0.594952
2  0.268567  0.480398
3  0.276660  0.434579
4  0.278306  0.348031
5  0.284002  0.350470
6  0.309589  0.590499
7  0.317680  0.546762
8  0.303920  0.466482
9  0.310764  0.665912
10  0.285574  0.440670
11  0.314204  0.760692
12  0.283757  0.407231
13  0.305084  0.718122
14  0.288786  0.585908
15  0.275879  0.483772
16  0.280552  0.416176
17  0.281739  0.365820
18  0.286265  0.341925
19  0.313578  0.727109
20  0.319192  0.564076
21  0.311522  0.643613
22  0.312109  0.607262
23  0.286072  0.399685
24  0.307517  0.751667
25  0.304542  0.473786
26  0.288617  0.465982
1 2  0.550037  1.040815
1 3  0.554397  0.991969
1 4  0.560896  0.941828
1 5  0.566480  0.936474
1 6  0.569432  1.153126
1 7  0.600069  1.131758
1 8  0.584643  1.042732
1 9  0.587537  1.206808
1 10  0.568224  1.032145
1 11  0.574820  1.256631
1 12  0.566404  0.991919
1 13  0.584718  1.303193
1 14  0.279825  1.000210
1 15  0.556605  1.076458
1 16  0.558149  1.009753
1 17  0.564063  0.959156
1 18  0.567977  0.936450
1 19  0.569086  1.301293
1 20  0.601641  1.156095
1 21  0.591464  1.232329
1 22  0.567442  1.165626
1 23  0.568472  0.993769
1 24  0.587172  1.323633
1 25  0.586683  1.066674
1 26  0.571183  1.058980
2 3  0.545200  0.903983
2 4  0.546864  0.827060
2 5  0.552562  0.827648
2 6  0.577592  1.053279
2 7  0.566535  0.996632
2 8  0.572480  0.944447
2 9  0.564075  1.075162
2 10  0.551173  0.915738
2 11  0.577451  1.206293
2 12  0.547256  0.868901
2 13  0.568788  1.194283
2 14  0.555268  1.064140
2 15  0.257410  0.756471
2 16  0.548756  0.895967
2 17  0.550296  0.845987
2 18  0.554828  0.822166
2 19  0.575321  1.201839
2 20  0.563026  1.018869
2 21  0.570325  1.120616
2 22  0.580468  1.085847
2 23  0.550769  0.877659
2 24  0.569303  1.206525
2 25  0.572939  0.953466
2 26  0.555942  0.937554
3 4  0.550178  0.775192
3 5  0.554102  0.768661
3 6  0.558411  0.994725
3 7  0.594332  0.979093
3 8  0.560132  0.878051
3 9  0.587041  1.084134
3 10  0.562220  0.873425
3 11  0.590263  1.168413
3 12  0.560404  0.837999
3 13  0.581562  1.149918
3 14  0.560198  1.019005
3 15  0.552023  0.917645
3 16  0.273465  0.623996
3 17  0.557334  0.796988
3 18  0.559267  0.774983
3 19  0.589710  1.159535
3 20  0.595704  0.997888
3 21  0.587433  1.076079
3 22  0.554396  1.009395
3 23  0.562719  0.833990
3 24  0.584024  1.183679
3 25  0.554572  0.878598
3 26  0.565275  0.900099
4 5  0.515567  0.663222
4 6  0.583199  0.919807
4 7  0.595966  0.891574
4 8  0.554476  0.792905
4 9  0.588847  1.007639
4 10  0.563874  0.787781
4 11  0.592237  1.107280
4 12  0.562060  0.755155
4 13  0.583166  1.060040
4 14  0.566738  0.932869
4 15  0.554180  0.831640
4 16  0.557692  0.761441
4 17  0.280499  0.470675
4 18  0.512470  0.644202
4 19  0.591380  1.074374
4 20  0.597401  0.911880
4 21  0.589604  0.991277
4 22  0.588830  0.954930
4 23  0.564349  0.747663
4 24  0.585424  1.099104
4 25  0.545783  0.786905
4 26  0.566852  0.813895
5 6  0.591003  0.931844
5 7  0.601674  0.895573
5 8  0.557271  0.793801
5 9  0.594708  1.010171
5 10  0.569574  0.791054
5 11  0.598157  1.107550
5 12  0.567759  0.757174
5 13  0.589017  1.067711
5 14  0.571730  0.935989
5 15  0.559860  0.834055
5 16  0.560515  0.764915
5 17  0.513153  0.669070
5 18  0.283512  0.436667
5 19  0.597332  1.076857
5 20  0.603192  0.914375
5 21  0.595506  0.993722
5 22  0.595102  0.956594
5 23  0.570062  0.750102
5 24  0.591475  1.101714
5 25  0.549236  0.788106
5 26  0.572603  0.816364
6 7  0.626815  1.110990
6 8  0.600841  1.045812
6 9  0.613020  1.187736
6 10  0.595088  1.026991
6 11  0.617889  1.344972
6 12  0.593320  0.997041
6 13  0.610574  1.269336
6 14  0.571829  1.139318
6 15  0.585304  1.072715
6 16  0.555133  0.972401
6 17  0.589501  0.955673
6 18  0.594888  0.931604
6 19  0.611916  1.285736
6 20  0.628551  1.152345
6 21  0.619043  1.231305
6 22  0.384909  1.077826
6 23  0.595432  0.989544
6 24  0.614232  1.335705
6 25  0.594104  1.035366
6 26  0.597814  1.055317
7 8  0.621560  1.011053
7 9  0.625597  1.171657
7 10  0.567048  0.951980
7 11  0.630874  1.302200
7 12  0.568024  0.940653
7 13  0.613326  1.206033
7 14  0.606221  1.130150
7 15  0.568714  1.003978
7 16  0.598122  0.962372
7 17  0.599301  0.912325
7 18  0.603932  0.888556
7 19  0.627799  1.262643
7 20  0.395958  0.978482
7 21  0.627614  1.187767
7 22  0.629573  1.151735
7 23  0.560332  0.901223
7 24  0.612483  1.289553
7 25  0.621912  1.019818
7 26  0.561296  0.972341
8 9  0.614317  1.130682
8 10  0.589479  0.902235
8 11  0.616879  1.192010
8 12  0.587668  0.869964
8 13  0.608583  1.168109
8 14  0.591998  1.050905
8 15  0.579535  0.949626
8 16  0.558302  0.854172
8 17  0.549032  0.798411
8 18  0.549692  0.770592
8 19  0.617185  1.191670
8 20  0.622751  1.029821
8 21  0.614651  1.108130
8 22  0.595086  1.043943
8 23  0.589981  0.865914
8 24  0.610700  1.216298
8 25  0.379311  0.785230
8 26  0.592439  0.931970
9 10  0.596124  1.104500
9 11  0.594268  1.394143
9 12  0.594348  1.066650
9 13  0.581568  1.351396
9 14  0.596394  1.245511
9 15  0.576473  1.145683
9 16  0.590564  1.080241
9 17  0.592279  1.031235
9 18  0.597008  1.007494
9 19  0.587324  1.342424
9 20  0.627909  1.225856
9 21  0.377250  1.142919
9 22  0.620905  1.269730
9 23  0.596340  1.063881
9 24  0.578457  1.367616
9 25  0.614561  1.137434
9 26  0.598916  1.127563
10 11  0.599281  1.177591
10 12  0.521432  0.806505
10 13  0.587921  1.116580
10 14  0.574156  1.025146
10 15  0.559957  0.916901
10 16  0.566126  0.856532
10 17  0.567235  0.806366
10 18  0.571817  0.782538
10 19  0.598973  1.166078
10 20  0.559885  0.961182
10 21  0.596601  1.081156
10 22  0.597222  1.046899
10 23  0.518771  0.802379
10 24  0.591216  1.190719
10 25  0.590029  0.913997
10 26  0.293110  0.696479
11 12  0.597465  1.141359
11 13  0.588990  1.394476
11 14  0.574466  1.323867
11 15  0.583809  1.238003
11 16  0.594225  1.174769
11 17  0.595427  1.125497
11 18  0.600228  1.101890
11 19  0.416265  1.376546
11 20  0.629872  1.312812
11 21  0.589384  1.352775
11 22  0.614883  1.332664
11 23  0.600089  1.159153
11 24  0.584266  1.468627
11 25  0.618427  1.232180
11 26  0.602572  1.224226
12 13  0.586832  1.108450
12 14  0.572096  0.992399
12 15  0.555330  0.888784
12 16  0.564290  0.823139
12 17  0.565470  0.772974
12 18  0.570011  0.749106
12 19  0.597094  1.133032
12 20  0.561135  0.929064
12 21  0.594732  1.049409
12 22  0.595589  1.013760
12 23  0.290901  0.585212
12 24  0.590890  1.157350
12 25  0.588291  0.880715
12 26  0.518621  0.830294
13 14  0.590591  1.281903
13 15  0.573750  1.173939
13 16  0.585488  1.132653
13 17  0.586433  1.083241
13 18  0.591298  1.059753
13 19  0.582023  1.401473
13 20  0.611920  1.274185
13 21  0.576220  1.316205
13 22  0.614708  1.319630
13 23  0.590654  1.116757
13 24  0.390231  1.338917
13 25  0.608946  1.190113
13 26  0.591595  1.182386
14 15  0.563110  1.036800
14 16  0.564252  0.971504
14 17  0.570405  0.951119
14 18  0.574933  0.922985
14 19  0.579372  1.224365
14 20  0.607601  1.141756
14 21  0.594186  1.185566
14 22  0.576446  1.163827
14 23  0.574824  0.979217
14 24  0.592331  1.327418
14 25  0.590790  1.045080
14 26  0.577359  1.049463
15 16  0.556410  0.892125
15 17  0.557602  0.848473
15 18  0.562134  0.823704
15 19  0.583580  1.180597
15 20  0.573319  1.017035
15 21  0.569935  1.061137
15 22  0.587202  1.073378
15 23  0.556749  0.869748
15 24  0.578009  1.230790
15 25  0.580411  0.956190
15 26  0.560511  0.945754
16 17  0.556192  0.775219
16 18  0.559699  0.744660
16 19  0.593340  1.124305
16 20  0.599732  0.978972
16 21  0.591714  1.050597
16 22  0.564626  0.997949
16 23  0.566614  0.813885
16 24  0.587833  1.165210
16 25  0.563212  0.868717
16 26  0.569156  0.880970
17 18  0.520326  0.672197
17 19  0.594977  1.088612
17 20  0.600903  0.924946
17 21  0.592999  1.002156
17 22  0.588620  0.949703
17 23  0.567807  0.764859
17 24  0.589001  1.106267
17 25  0.557941  0.810918
17 26  0.570347  0.829241
18 19  0.599752  1.068055
18 20  0.605444  0.904324
18 21  0.597706  0.981248
18 22  0.594969  0.939932
18 23  0.572335  0.741555
18 24  0.593680  1.092012
18 25  0.560651  0.796647
18 26  0.574877  0.807685
19 20  0.631580  1.283812
19 21  0.594784  1.349936
19 22  0.619853  1.325938
19 23  0.599192  1.104765
19 24  0.592696  1.388197
19 25  0.616654  1.166550
19 26  0.601692  1.169610
20 21  0.627789  1.163678
20 22  0.630736  1.139284
20 23  0.572278  0.952228
20 24  0.616912  1.240298
20 25  0.623678  1.032827
20 26  0.571658  0.981300
21 22  0.615377  1.178526
21 23  0.597456  1.041481
21 24  0.583797  1.349513
21 25  0.615547  1.114004
21 26  0.599883  1.104610
22 23  0.598141  1.005843
22 24  0.615024  1.304713
22 25  0.604302  1.062495
22 26  0.600630  1.064111
23 24  0.590531  1.128194
23 25  0.590603  0.869780
23 26  0.526139  0.822957
24 25  0.611563  1.201590
24 26  0.592828  1.161454
25 26  0.593139  0.933262
