   -993.90825437
   -994.22423655     -994.09751757
0.00000335796326
2 2 2 2 2 2 2 2 2 2 2 2 2 0 0 0 0 0 0 0 0 0 0 0 0 0 
1  0.282964  0.595115
2  0.268838  0.481162
3  0.276847  0.435400
4  0.278395  0.348720
5  0.284096  0.351115
6  0.309882  0.591223
7  0.317903  0.547484
8  0.304073  0.467414
9  0.311092  0.665655
10  0.285630  0.441711
11  0.314488  0.760057
12  0.283875  0.408074
13  0.305422  0.717768
14  0.289073  0.586046
15  0.276170  0.484522
16  0.280739  0.417001
17  0.281825  0.366565
18  0.286373  0.342481
19  0.313853  0.726525
20  0.319409  0.564683
21  0.311851  0.643288
22  0.312394  0.607924
23  0.286188  0.400557
24  0.307859  0.751404
25  0.304695  0.474697
26  0.288665  0.467082
1 2  0.550569  1.041632
1 3  0.554852  0.992854
1 4  0.561262  0.942669
1 5  0.566852  0.937192
1 6  0.569988  1.153960
1 7  0.600565  1.132553
1 8  0.585063  1.043753
1 9  0.588132  1.206804
1 10  0.568557  1.033327
1 11  0.575337  1.256352
1 12  0.566798  0.992815
1 13  0.585312  1.303042
1 14  0.280353  1.000409
1 15  0.557158  1.077386
1 16  0.558606  1.010747
1 17  0.564425  0.960063
1 18  0.568348  0.937172
1 19  0.569618  1.300908
1 20  0.602128  1.156864
1 21  0.592066  1.232214
1 22  0.568003  1.166611
1 23  0.568842  0.994811
1 24  0.587778  1.323643
1 25  0.587109  1.067748
1 26  0.571510  1.060205
2 3  0.545657  0.905446
2 4  0.547223  0.828473
2 5  0.552927  0.828970
2 6  0.578144  1.054665
2 7  0.567027  0.998047
2 8  0.572903  0.946117
2 9  0.564611  1.075562
2 10  0.551505  0.917517
2 11  0.577987  1.206393
2 12  0.547650  0.870405
2 13  0.569390  1.194702
2 14  0.555808  1.065055
2 15  0.257893  0.758023
2 16  0.549195  0.897562
2 17  0.550653  0.847492
2 18  0.555208  0.823485
2 19  0.575859  1.202012
2 20  0.563493  1.020311
2 21  0.570895  1.121036
2 22  0.581022  1.087280
2 23  0.551150  0.879307
2 24  0.569911  1.207106
2 25  0.573358  0.955137
2 26  0.556264  0.939439
3 4  0.550455  0.776672
3 5  0.554385  0.770025
3 6  0.558885  0.996201
3 7  0.594743  0.980600
3 8  0.560467  0.879762
3 9  0.587555  1.084652
3 10  0.562462  0.875235
3 11  0.590730  1.168533
3 12  0.560709  0.839553
3 13  0.582086  1.150388
3 14  0.560666  1.019970
3 15  0.552483  0.919221
3 16  0.273802  0.625778
3 17  0.557607  0.798557
3 18  0.559560  0.776368
3 19  0.590168  1.159781
3 20  0.596106  0.999309
3 21  0.587934  1.076582
3 22  0.554862  1.010937
3 23  0.563023  0.835674
3 24  0.584552  1.184222
3 25  0.554908  0.880409
3 26  0.565512  0.902015
4 5  0.515729  0.664648
4 6  0.583580  0.921078
4 7  0.596278  0.892874
4 8  0.554730  0.794524
4 9  0.589259  1.007983
4 10  0.564017  0.789460
4 11  0.592614  1.107329
4 12  0.562265  0.756683
4 13  0.583590  1.060267
4 14  0.567112  0.933690
4 15  0.554560  0.833077
4 16  0.557967  0.762955
4 17  0.280631  0.472296
4 18  0.512653  0.645562
4 19  0.591741  1.074474
4 20  0.597700  0.913172
4 21  0.590019  0.991640
4 22  0.589203  0.956284
4 23  0.564551  0.749225
4 24  0.585849  1.099527
4 25  0.546031  0.788558
4 26  0.566976  0.815684
5 6  0.591384  0.933145
5 7  0.601990  0.896877
5 8  0.557521  0.795376
5 9  0.595130  1.010494
5 10  0.569722  0.792738
5 11  0.598534  1.107506
5 12  0.567970  0.758633
5 13  0.589445  1.067992
5 14  0.572098  0.936772
5 15  0.560244  0.835448
5 16  0.560791  0.766393
5 17  0.513317  0.670583
5 18  0.283717  0.438029
5 19  0.597700  1.076915
5 20  0.603503  0.915629
5 21  0.595928  0.994035
5 22  0.595476  0.957897
5 23  0.570270  0.751620
5 24  0.591910  1.102091
5 25  0.549484  0.789724
5 26  0.572745  0.818108
6 7  0.627332  1.112222
6 8  0.601284  1.047427
6 9  0.613585  1.188085
6 10  0.595440  1.028710
6 11  0.618451  1.345061
6 12  0.593730  0.998606
6 13  0.611181  1.269652
6 14  0.572400  1.140316
6 15  0.585886  1.074196
6 16  0.555606  0.973992
6 17  0.589880  0.957146
6 18  0.595285  0.932879
6 19  0.612471  1.285918
6 20  0.629059  1.153677
6 21  0.619647  1.231734
6 22  0.385468  1.079315
6 23  0.595837  0.991131
6 24  0.614863  1.336165
6 25  0.594549  1.036999
6 26  0.598141  1.057139
7 8  0.621938  1.012700
7 9  0.626149  1.172081
7 10  0.567351  0.953724
7 11  0.631377  1.302311
7 12  0.568373  0.942245
7 13  0.613863  1.206381
7 14  0.606725  1.131005
7 15  0.569202  1.005517
7 16  0.598529  0.963912
7 17  0.599603  0.913787
7 18  0.604267  0.889834
7 19  0.628283  1.262765
7 20  0.396356  0.980002
7 21  0.628162  1.188194
7 22  0.630079  1.153121
7 23  0.560675  0.902855
7 24  0.613023  1.289982
7 25  0.622281  1.021452
7 26  0.561582  0.974204
8 9  0.614794  1.131352
8 10  0.589685  0.904050
8 11  0.617308  1.192143
8 12  0.587937  0.871612
8 13  0.609076  1.168592
8 14  0.592432  1.051973
8 15  0.579974  0.951305
8 16  0.558638  0.856003
8 17  0.549279  0.800138
8 18  0.549948  0.772136
8 19  0.617613  1.192025
8 20  0.623113  1.031360
8 21  0.615133  1.108721
8 22  0.595520  1.045536
8 23  0.590251  0.867714
8 24  0.611184  1.216973
8 25  0.379598  0.787311
8 26  0.592634  0.933995
9 10  0.596509  1.105276
9 11  0.594874  1.393402
9 12  0.594795  1.067199
9 13  0.582225  1.350937
9 14  0.597004  1.245440
9 15  0.577062  1.146165
9 16  0.591060  1.080814
9 17  0.592693  1.031720
9 18  0.597445  1.007784
9 19  0.587914  1.341793
9 20  0.628448  1.226249
9 21  0.377837  1.142291
9 22  0.621496  1.270166
9 23  0.596782  1.064485
9 24  0.579110  1.367315
9 25  0.615041  1.138069
9 26  0.599289  1.128405
10 11  0.599622  1.177877
10 12  0.521582  0.808378
10 13  0.588324  1.117101
10 14  0.574498  1.026292
10 15  0.560307  0.918705
10 16  0.566368  0.858397
10 17  0.567363  0.808152
10 18  0.571979  0.784135
10 19  0.599303  1.166538
10 20  0.560170  0.962876
10 21  0.596979  1.081870
10 22  0.597546  1.048597
10 23  0.518921  0.804423
10 24  0.591606  1.191502
10 25  0.590234  0.915942
10 26  0.293193  0.698814
11 12  0.597866  1.141448
11 13  0.589546  1.393620
11 14  0.575019  1.323411
11 15  0.584374  1.238117
11 16  0.594688  1.174967
11 17  0.595789  1.125605
11 18  0.600618  1.101808
11 19  0.416861  1.375475
11 20  0.630357  1.312787
11 21  0.589986  1.352046
11 22  0.615439  1.332757
11 23  0.600485  1.159393
11 24  0.584815  1.467925
11 25  0.618864  1.232465
11 26  0.602904  1.224701
12 13  0.587279  1.108871
12 14  0.572481  0.993383
12 15  0.555733  0.890385
12 16  0.564596  0.824800
12 17  0.565672  0.774563
12 18  0.570235  0.750508
12 19  0.597481  1.133295
12 20  0.561477  0.930561
12 21  0.595178  1.049921
12 22  0.595985  1.015259
12 23  0.291123  0.587139
12 24  0.591348  1.157922
12 25  0.588564  0.882467
12 26  0.518768  0.832376
13 14  0.591200  1.281798
13 15  0.574374  1.174427
13 16  0.586012  1.133112
13 17  0.586852  1.083630
13 18  0.591745  1.059953
13 19  0.582569  1.400732
13 20  0.612447  1.274405
13 21  0.576867  1.315732
13 22  0.615325  1.319943
13 23  0.591104  1.117271
13 24  0.390878  1.338477
13 25  0.609428  1.190678
13 26  0.591974  1.183141
14 15  0.563671  1.037597
14 16  0.564719  0.972359
14 17  0.570779  0.951997
14 18  0.575330  0.923622
14 19  0.579896  1.224137
14 20  0.608102  1.142430
14 21  0.594791  1.185506
14 22  0.577002  1.164572
14 23  0.575227  0.980139
14 24  0.592934  1.327326
14 25  0.591217  1.046054
14 26  0.577695  1.050684
15 16  0.556886  0.893589
15 17  0.557977  0.849932
15 18  0.562533  0.824939
15 19  0.584130  1.180754
15 20  0.573820  1.018314
15 21  0.570475  1.061484
15 22  0.587767  1.074689
15 23  0.557166  0.871279
15 24  0.578635  1.231293
15 25  0.580856  0.957832
15 26  0.560857  0.947589
16 17  0.556468  0.776778
16 18  0.559995  0.745971
16 19  0.593796  1.124480
16 20  0.600135  0.980384
16 21  0.592225  1.051084
16 22  0.565085  0.999372
16 23  0.566917  0.815505
16 24  0.588359  1.165765
16 25  0.563547  0.870420
16 26  0.569388  0.882856
17 18  0.520499  0.673591
17 19  0.595344  1.088757
17 20  0.601205  0.926164
17 21  0.593410  1.002490
17 22  0.588989  0.950949
17 23  0.568007  0.766450
17 24  0.589425  1.106591
17 25  0.558192  0.812533
17 26  0.570481  0.830978
18 19  0.600135  1.068005
18 20  0.605768  0.905428
18 21  0.598143  0.981435
18 22  0.595355  0.941084
18 23  0.572560  0.742978
18 24  0.594127  1.092290
18 25  0.560916  0.798134
18 26  0.575033  0.809335
19 20  0.632064  1.283867
19 21  0.595384  1.349172
19 22  0.620400  1.326015
19 23  0.599584  1.104916
19 24  0.593251  1.387410
19 25  0.617076  1.166730
19 26  0.602019  1.169998
20 21  0.628339  1.163953
20 22  0.631233  1.140353
20 23  0.572620  0.953748
20 24  0.617451  1.240682
20 25  0.624051  1.034341
20 26  0.571944  0.982965
21 22  0.615939  1.178787
21 23  0.597901  1.042017
21 24  0.584451  1.349071
21 25  0.616024  1.114577
21 26  0.600263  1.105383
22 23  0.598538  1.007377
22 24  0.615623  1.305059
22 25  0.604734  1.064014
22 26  0.600967  1.065790
23 24  0.590981  1.128698
23 25  0.590871  0.871428
23 26  0.526279  0.824901
24 25  0.612058  1.202110
24 26  0.593228  1.162093
25 26  0.593339  0.935097
