  -1146.52209506
  -1146.88602642    -1146.76127766
0.00018222254900
2 2 2 2 2 2 2 2 2 2 2 2 2 2 2 0 0 0 0 0 0 0 0 0 0 0 0 0 0 0 
1  0.261281  0.427550
2  0.284035  0.420654
3  0.294673  0.479666
4  0.272329  0.404840
5  0.260920  0.298904
6  0.276434  0.288559
7  0.279706  0.290136
8  0.298403  0.321511
9  0.319769  0.600539
10  0.311705  0.499457
11  0.299924  0.603928
12  0.313414  0.682356
13  0.304627  0.678103
14  0.300307  0.409956
15  0.303210  0.795379
16  0.274641  0.477633
17  0.299786  0.504614
18  0.289116  0.439839
19  0.274870  0.409510
20  0.264815  0.296753
21  0.280006  0.293375
22  0.281647  0.289688
23  0.313110  0.677381
24  0.309781  0.650756
25  0.309104  0.495617
26  0.299767  0.324858
27  0.318554  0.597756
28  0.302511  0.403543
29  0.303698  0.770510
30  0.299611  0.620731
1 2  0.545144  0.842676
1 3  0.555641  0.892743
1 4  0.531639  0.828014
1 5  0.522127  0.726019
1 6  0.537644  0.715202
1 7  0.540953  0.717294
1 8  0.559433  0.747873
1 9  0.579545  1.007814
1 10  0.552561  0.902250
1 11  0.542885  0.967906
1 12  0.573295  1.080167
1 13  0.563477  1.101781
1 14  0.558776  0.822903
1 15  0.562465  1.205854
1 16  0.246378  0.693103
1 17  0.561053  0.931235
1 18  0.550307  0.866686
1 19  0.535554  0.831309
1 20  0.525943  0.723878
1 21  0.540843  0.720750
1 22  0.542853  0.717203
1 23  0.574182  1.101725
1 24  0.550010  1.074118
1 25  0.549166  0.902539
1 26  0.559973  0.752079
1 27  0.579622  1.023805
1 28  0.560556  0.829654
1 29  0.560109  1.190100
1 30  0.559163  1.037004
2 3  0.534897  0.868236
2 4  0.556353  0.824213
2 5  0.544953  0.719121
2 6  0.560469  0.709196
2 7  0.563741  0.710786
2 8  0.582437  0.741871
2 9  0.583198  0.963775
2 10  0.595606  0.911301
2 11  0.582042  1.004943
2 12  0.591811  1.096518
2 13  0.586967  1.077758
2 14  0.584340  0.830413
2 15  0.582943  1.207225
2 16  0.558533  0.897676
2 17  0.287569  0.701014
2 18  0.533354  0.831934
2 19  0.558851  0.829839
2 20  0.548841  0.717369
2 21  0.564036  0.714021
2 22  0.565679  0.710337
2 23  0.572560  1.081881
2 24  0.593413  1.069501
2 25  0.593131  0.915683
2 26  0.583800  0.745499
2 27  0.600046  1.015805
2 28  0.586502  0.824011
2 29  0.582647  1.175401
2 30  0.583436  1.039691
3 4  0.567000  0.883583
3 5  0.555592  0.778503
3 6  0.571107  0.768060
3 7  0.574380  0.769725
3 8  0.593075  0.800909
3 9  0.606481  1.052532
3 10  0.606289  0.974525
3 11  0.592621  1.051296
3 12  0.582537  1.076351
3 13  0.598269  1.153074
3 14  0.594979  0.887017
3 15  0.595368  1.255450
3 16  0.568648  0.956187
3 17  0.544492  0.931925
3 18  0.287989  0.695738
3 19  0.569518  0.888764
3 20  0.559487  0.776376
3 21  0.574671  0.773029
3 22  0.576317  0.769350
3 23  0.598288  1.129726
3 24  0.603264  1.128041
3 25  0.603693  0.974606
3 26  0.594430  0.804499
3 27  0.601424  1.074581
3 28  0.597125  0.882923
3 29  0.591923  1.241187
3 30  0.593979  1.098056
4 5  0.528513  0.692637
4 6  0.548638  0.692955
4 7  0.551827  0.693738
4 8  0.569163  0.724101
4 9  0.592038  1.003534
4 10  0.552226  0.873297
4 11  0.572052  1.006564
4 12  0.585730  1.081896
4 13  0.575056  1.056534
4 14  0.544976  0.786588
4 15  0.575350  1.175869
4 16  0.546309  0.876980
4 17  0.571872  0.908965
4 18  0.561318  0.844377
4 19  0.277449  0.603452
4 20  0.533558  0.699733
4 21  0.552006  0.697788
4 22  0.553395  0.694140
4 23  0.585042  1.081041
4 24  0.582054  1.053956
4 25  0.545726  0.859513
4 26  0.571689  0.728980
4 27  0.590481  1.001714
4 28  0.540343  0.776884
4 29  0.575778  1.173239
4 30  0.569541  1.024074
5 6  0.533680  0.583641
5 7  0.535030  0.582587
5 8  0.540442  0.603608
5 9  0.580681  0.898803
5 10  0.570382  0.793717
5 11  0.560836  0.902705
5 12  0.574329  0.980716
5 13  0.565363  0.971341
5 14  0.541522  0.688323
5 15  0.564117  1.090179
5 16  0.535478  0.775930
5 17  0.560649  0.803438
5 18  0.550013  0.738705
5 19  0.531525  0.706103
5 20  0.245240  0.330743
5 21  0.540050  0.591015
5 22  0.539062  0.585619
5 23  0.573904  0.976073
5 24  0.570666  0.949478
5 25  0.569314  0.792583
5 26  0.534061  0.597666
5 27  0.579380  0.896565
5 28  0.536568  0.678238
5 29  0.564444  1.069079
5 30  0.559938  0.919413
6 7  0.508577  0.532947
6 8  0.544226  0.581144
6 9  0.596203  0.888990
6 10  0.587771  0.787499
6 11  0.576355  0.891888
6 12  0.589847  0.970461
6 13  0.581046  0.966546
6 14  0.573376  0.692937
6 15  0.579642  1.083324
6 16  0.550676  0.766053
6 17  0.576215  0.793165
6 18  0.565546  0.728389
6 19  0.550984  0.697699
6 20  0.540238  0.584056
6 21  0.277067  0.310655
6 22  0.505458  0.527562
6 23  0.589539  0.965926
6 24  0.586183  0.939290
6 25  0.584560  0.783492
6 26  0.535959  0.574203
6 27  0.594974  0.886296
6 28  0.577732  0.691265
6 29  0.580130  1.059039
6 30  0.576025  0.909272
7 8  0.546205  0.582491
7 9  0.599475  0.890660
7 10  0.591324  0.789508
7 11  0.579628  0.893806
7 12  0.593120  0.972214
7 13  0.584322  0.967907
7 14  0.578084  0.697252
7 15  0.582914  1.084868
7 16  0.554273  0.767731
7 17  0.579486  0.794742
7 18  0.568818  0.729969
7 19  0.553908  0.699196
7 20  0.540649  0.583605
7 21  0.505830  0.531349
7 22  0.278048  0.302425
7 23  0.592806  0.967503
7 24  0.589483  0.940878
7 25  0.588436  0.785411
7 26  0.539327  0.575912
7 27  0.598245  0.887880
7 28  0.581646  0.693285
7 29  0.583401  1.060626
7 30  0.579259  0.910847
8 9  0.618169  0.921257
8 10  0.607865  0.815058
8 11  0.598310  0.924370
8 12  0.611814  1.003505
8 13  0.603004  0.998550
8 14  0.589009  0.723506
8 15  0.601610  1.116787
8 16  0.572099  0.798908
8 17  0.598187  0.826104
8 18  0.587519  0.761333
8 19  0.572736  0.730365
8 20  0.537679  0.593427
8 21  0.538822  0.576322
8 22  0.538067  0.570182
8 23  0.611501  0.998839
8 24  0.608064  0.972201
8 25  0.606720  0.816780
8 26  0.367709  0.431367
8 27  0.616956  0.919230
8 28  0.582763  0.707720
8 29  0.602013  1.091895
8 30  0.597938  0.942207
9 10  0.630673  1.077992
9 11  0.606111  1.135195
9 12  0.596422  1.250580
9 13  0.616339  1.233239
9 14  0.620071  1.009319
9 15  0.602279  1.379689
9 16  0.593618  1.076380
9 17  0.607450  1.101728
9 18  0.605878  1.037398
9 19  0.594444  1.009136
9 20  0.584558  0.897211
9 21  0.599756  0.893894
9 22  0.601408  0.890216
9 23  0.463838  1.174963
9 24  0.626387  1.245292
9 25  0.628847  1.094722
9 26  0.619523  0.925359
9 27  0.596301  1.188404
9 28  0.622084  1.003572
9 29  0.582582  1.270297
9 30  0.618256  1.217486
10 11  0.608740  1.081972
10 12  0.624781  1.176566
10 13  0.605300  1.121421
10 14  0.592772  0.898973
10 15  0.614304  1.282752
10 16  0.561687  0.949672
10 17  0.611202  1.003028
10 18  0.600764  0.938747
10 19  0.548943  0.868921
10 20  0.575849  0.794774
10 21  0.590705  0.792149
10 22  0.592985  0.788864
10 23  0.624088  1.174408
10 24  0.617529  1.139963
10 25  0.381010  0.848683
10 26  0.610605  0.823842
10 27  0.630035  1.095894
10 28  0.586554  0.867529
10 29  0.612660  1.263124
10 30  0.603891  1.118430
11 12  0.606101  1.227086
11 13  0.570257  1.257600
11 14  0.600081  1.005268
11 15  0.590542  1.377117
11 16  0.560172  1.079002
11 17  0.599362  1.106023
11 18  0.588851  1.042037
11 19  0.574664  1.011205
11 20  0.564737  0.900582
11 21  0.579860  0.897278
11 22  0.581557  0.893607
11 23  0.610907  1.268650
11 24  0.384225  1.145528
11 25  0.607042  1.096251
11 26  0.599557  0.928735
11 27  0.617490  1.198071
11 28  0.601835  1.006887
11 29  0.575841  1.308331
11 30  0.567499  1.193448
12 13  0.614079  1.348772
12 14  0.613705  1.083786
12 15  0.593665  1.375216
12 16  0.586311  1.156592
12 17  0.602740  1.153408
12 18  0.576728  1.103311
12 19  0.588267  1.090820
12 20  0.578228  0.978983
12 21  0.593400  0.975706
12 22  0.595055  0.972036
12 23  0.584193  1.289846
12 24  0.619118  1.326107
12 25  0.622111  1.175877
12 26  0.613148  1.007133
12 27  0.464361  1.180330
12 28  0.615819  1.085159
12 29  0.593503  1.441182
12 30  0.610838  1.290068
13 14  0.604352  1.082103
13 15  0.587090  1.368763
13 16  0.574280  1.127362
13 17  0.603234  1.179571
13 18  0.593212  1.115554
13 19  0.577060  1.086324
13 20  0.568686  0.974608
13 21  0.584622  0.971451
13 22  0.586244  0.967771
13 23  0.613826  1.347517
13 24  0.573949  1.237788
13 25  0.601829  1.168154
13 26  0.604328  1.002899
13 27  0.620445  1.269195
13 28  0.606760  1.080701
13 29  0.592805  1.421272
13 30  0.377325  1.190182
14 15  0.603413  1.189357
14 16  0.571677  0.886266
14 17  0.600002  0.914252
14 18  0.589349  0.849545
14 19  0.541516  0.786634
14 20  0.537079  0.681211
14 21  0.578831  0.702286
14 22  0.581448  0.699342
14 23  0.613320  1.086652
14 24  0.609708  1.059886
14 25  0.581310  0.869403
14 26  0.583126  0.719015
14 27  0.618671  1.007044
14 28  0.370896  0.632716
14 29  0.603982  1.178993
14 30  0.599412  1.029195
15 16  0.573535  1.263574
15 17  0.596892  1.290109
15 18  0.587421  1.217757
15 19  0.577806  1.202641
15 20  0.567897  1.091806
15 21  0.583206  1.088719
15 22  0.584856  1.085052
15 23  0.593662  1.459188
15 24  0.596837  1.413834
15 25  0.609180  1.283447
15 26  0.602898  1.120085
15 27  0.581562  1.292483
15 28  0.605706  1.197504
15 29  0.508894  1.547046
15 30  0.575698  1.354366
16 17  0.574251  0.979327
16 18  0.563471  0.905079
16 19  0.546497  0.882207
16 20  0.539329  0.774030
16 21  0.554557  0.769806
16 22  0.556241  0.766853
16 23  0.587126  1.151493
16 24  0.561058  1.039408
16 25  0.561085  0.944880
16 26  0.574077  0.800551
16 27  0.591789  1.050876
16 28  0.573872  0.865090
16 29  0.576286  1.215051
16 30  0.570740  1.086870
17 18  0.543003  0.910001
17 19  0.574633  0.909133
17 20  0.564599  0.800564
17 21  0.579792  0.797980
17 22  0.581432  0.794295
17 23  0.586784  1.088120
17 24  0.608169  1.149706
17 25  0.608687  0.987988
17 26  0.599553  0.829243
17 27  0.610689  1.073002
17 28  0.602293  0.907429
17 29  0.600367  1.253462
17 30  0.597259  1.087419
18 19  0.563979  0.848873
18 20  0.553929  0.736475
18 21  0.569122  0.733101
18 22  0.570763  0.729496
18 23  0.596538  1.109470
18 24  0.596794  1.065207
18 25  0.598074  0.927391
18 26  0.588883  0.764330
18 27  0.585238  0.973568
18 28  0.591625  0.842622
18 29  0.587874  1.199600
18 30  0.586720  1.040700
19 20  0.534449  0.695706
19 21  0.554698  0.702607
19 22  0.556375  0.698600
19 23  0.587860  1.073994
19 24  0.584217  1.054030
19 25  0.552744  0.872916
19 26  0.572652  0.732101
19 27  0.593315  1.004849
19 28  0.549080  0.786070
19 29  0.578167  1.158878
19 30  0.572395  1.011205
20 21  0.540108  0.585617
20 22  0.540448  0.580098
20 23  0.577918  0.972301
20 24  0.574588  0.947044
20 25  0.570611  0.787444
20 26  0.544380  0.603860
20 27  0.583359  0.893971
20 28  0.547003  0.680025
20 29  0.568487  1.064879
20 30  0.564271  0.914420
21 22  0.513228  0.536598
21 23  0.593114  0.970723
21 24  0.589778  0.943235
21 25  0.588717  0.788008
21 26  0.548643  0.588025
21 27  0.598559  0.890941
21 28  0.578578  0.690628
21 29  0.583700  1.063345
21 30  0.579603  0.914052
22 23  0.594755  0.967019
22 24  0.591422  0.940009
22 25  0.590637  0.785214
22 26  0.550307  0.586730
22 27  0.600200  0.887406
22 28  0.581412  0.689811
22 29  0.585343  1.059828
22 30  0.581247  0.910400
23 24  0.618018  1.318371
23 25  0.621385  1.152271
23 26  0.612875  1.001975
23 27  0.593350  1.239734
23 28  0.615607  1.077853
23 29  0.595606  1.354128
23 30  0.605153  1.228797
24 25  0.617111  1.134558
24 26  0.609535  0.974531
24 27  0.619797  1.196768
24 28  0.612012  1.041987
24 29  0.593300  1.329534
24 30  0.572633  1.246875
25 26  0.606198  0.813687
25 27  0.626517  1.069569
25 28  0.592874  0.887857
25 29  0.611794  1.259658
25 30  0.597822  1.058352
26 27  0.618319  0.921731
26 28  0.592240  0.718659
26 29  0.603459  1.095191
26 30  0.599349  0.944428
27 28  0.621044  1.000224
27 29  0.600666  1.350205
27 30  0.605066  1.153416
28 29  0.606114  1.160388
28 30  0.601506  1.022306
29 30  0.591797  1.363511
