  -1146.52209506
  -1146.89080283    -1146.77195918
0.00001627414641
2 2 2 2 2 2 2 2 2 2 2 2 2 2 2 0 0 0 0 0 0 0 0 0 0 0 0 0 0 0 
1  0.273299  0.459417
2  0.291186  0.426392
3  0.302002  0.482879
4  0.280232  0.446680
5  0.266737  0.329216
6  0.279777  0.303253
7  0.282684  0.302677
8  0.303626  0.339674
9  0.334099  0.595186
10  0.323396  0.535923
11  0.316522  0.610685
12  0.326287  0.668202
13  0.321342  0.685913
14  0.308421  0.458139
15  0.316088  0.770125
16  0.287957  0.506948
17  0.306739  0.506179
18  0.297077  0.446977
19  0.282697  0.451924
20  0.270679  0.322916
21  0.283330  0.308640
22  0.284652  0.300592
23  0.326712  0.664548
24  0.326047  0.650732
25  0.319825  0.531819
26  0.305023  0.342801
27  0.333178  0.593187
28  0.310583  0.449676
29  0.316292  0.750567
30  0.315768  0.631459
1 2  0.564223  0.879613
1 3  0.574879  0.924973
1 4  0.551409  0.900148
1 5  0.539933  0.787775
1 6  0.552944  0.760690
1 7  0.555912  0.761225
1 8  0.576619  0.797186
1 9  0.605220  1.032435
1 10  0.575579  0.967904
1 11  0.567943  0.998087
1 12  0.597775  1.094323
1 13  0.591937  1.141664
1 14  0.578463  0.897686
1 15  0.587056  1.210762
1 16  0.269331  0.756787
1 17  0.580013  0.964343
1 18  0.570070  0.905804
1 19  0.555315  0.905636
1 20  0.543779  0.781597
1 21  0.556028  0.767830
1 22  0.557845  0.759961
1 23  0.599778  1.120130
1 24  0.576878  1.105609
1 25  0.571965  0.972838
1 26  0.577114  0.801866
1 27  0.606144  1.051202
1 28  0.580550  0.907720
1 29  0.584380  1.202360
1 30  0.587250  1.080772
2 3  0.549143  0.877353
2 4  0.571393  0.871065
2 5  0.557916  0.754701
2 6  0.570963  0.729602
2 7  0.573870  0.729055
2 8  0.594811  0.765362
2 9  0.603086  0.963719
2 10  0.614342  0.950713
2 11  0.605435  1.017133
2 12  0.611688  1.088691
2 13  0.610227  1.089178
2 14  0.599602  0.884225
2 15  0.602677  1.187347
2 16  0.578963  0.932542
2 17  0.299721  0.704497
2 18  0.548780  0.846776
2 19  0.573680  0.877952
2 20  0.561836  0.749246
2 21  0.574497  0.735017
2 22  0.575829  0.726974
2 23  0.592763  1.075667
2 24  0.616816  1.074986
2 25  0.610960  0.957599
2 26  0.596205  0.769169
2 27  0.621700  1.017530
2 28  0.601635  0.875801
2 29  0.601948  1.162357
2 30  0.606608  1.056573
3 4  0.582230  0.928265
3 5  0.568732  0.811905
3 6  0.581779  0.785587
3 7  0.584686  0.785326
3 8  0.605626  0.821921
3 9  0.627920  1.051823
3 10  0.625257  1.012492
3 11  0.616230  1.060685
3 12  0.601694  1.068044
3 13  0.621931  1.163779
3 14  0.610418  0.936472
3 15  0.615579  1.234846
3 16  0.589031  0.988809
3 17  0.559101  0.942585
3 18  0.301216  0.702168
3 19  0.584600  0.934217
3 20  0.572673  0.805703
3 21  0.585300  0.791494
3 22  0.586641  0.783460
3 23  0.619431  1.124005
3 24  0.626419  1.131774
3 25  0.621741  1.013969
3 26  0.607002  0.825636
3 27  0.622860  1.072893
3 28  0.612405  0.932129
3 29  0.611604  1.224720
3 30  0.617405  1.111764
4 5  0.541657  0.759365
4 6  0.559853  0.748989
4 7  0.562681  0.746918
4 8  0.581920  0.782965
4 9  0.614258  1.039383
4 10  0.571285  0.949943
4 11  0.596481  1.054305
4 12  0.606501  1.108151
4 13  0.599277  1.099911
4 14  0.560954  0.872812
4 15  0.595992  1.186541
4 16  0.567435  0.948243
4 17  0.586528  0.952279
4 18  0.577066  0.893209
4 19  0.291735  0.696043
4 20  0.547078  0.768154
4 21  0.563181  0.754706
4 22  0.564100  0.746784
4 23  0.606373  1.109882
4 24  0.606191  1.095451
4 25  0.564466  0.939130
4 26  0.584726  0.788654
4 27  0.612869  1.038554
4 28  0.556294  0.866832
4 29  0.596199  1.194740
4 30  0.593563  1.076206
5 6  0.542574  0.627853
5 7  0.543468  0.623934
5 8  0.551071  0.652674
5 9  0.600815  0.923257
5 10  0.587525  0.858052
5 11  0.583237  0.939601
5 12  0.593008  0.996134
5 13  0.587834  1.005167
5 14  0.555116  0.763194
5 15  0.582804  1.091489
5 16  0.554582  0.835013
5 17  0.573355  0.835250
5 18  0.563758  0.776109
5 19  0.544932  0.779397
5 20  0.255406  0.392590
5 21  0.549100  0.636306
5 22  0.547739  0.627054
5 23  0.593226  0.993405
5 24  0.592755  0.979582
5 25  0.585721  0.858306
5 26  0.545118  0.646956
5 27  0.599781  0.922190
5 28  0.550413  0.756382
5 29  0.582834  1.079179
5 30  0.581563  0.960299
6 7  0.515053  0.561636
6 8  0.552679  0.614670
6 9  0.613874  0.898173
6 10  0.602726  0.838379
6 11  0.596285  0.912555
6 12  0.606063  0.970140
6 13  0.601099  0.988831
6 14  0.584415  0.752827
6 15  0.595860  1.071776
6 16  0.567147  0.809981
6 17  0.586499  0.809411
6 18  0.576833  0.750212
6 19  0.562121  0.754652
6 20  0.549320  0.624683
6 21  0.283029  0.345348
6 22  0.512173  0.555543
6 23  0.606472  0.967763
6 24  0.605741  0.953920
6 25  0.598470  0.834133
6 26  0.544547  0.607384
6 27  0.612912  0.896401
6 28  0.589059  0.752189
6 29  0.596065  1.053739
6 30  0.595510  0.934652
7 8  0.554559  0.614597
7 9  0.616782  0.897833
7 10  0.605961  0.838391
7 11  0.599197  0.912812
7 12  0.608971  0.970144
7 13  0.604015  0.987719
7 14  0.588914  0.756238
7 15  0.598770  1.071177
7 16  0.570536  0.809562
7 17  0.589404  0.808838
7 18  0.579745  0.749643
7 19  0.564527  0.754100
7 20  0.549310  0.622509
7 21  0.512479  0.561448
7 22  0.283436  0.329668
7 23  0.609372  0.967189
7 24  0.608718  0.953374
7 25  0.602059  0.833929
7 26  0.547617  0.606971
7 27  0.615821  0.895841
7 28  0.592622  0.751959
7 29  0.598974  1.053186
7 30  0.598387  0.934087
8 9  0.637716  0.933219
8 10  0.624254  0.866466
8 11  0.620123  0.948459
8 12  0.629905  1.007103
8 13  0.624921  1.023531
8 14  0.601673  0.789546
8 15  0.619709  1.109586
8 16  0.590476  0.846330
8 17  0.610360  0.845810
8 18  0.600703  0.786621
8 19  0.585680  0.790891
8 20  0.548713  0.638625
8 21  0.547329  0.610291
8 22  0.546356  0.599794
8 23  0.630316  1.004126
8 24  0.629502  0.990295
8 25  0.622642  0.871190
8 26  0.377554  0.474050
8 27  0.636804  0.932797
8 28  0.595719  0.772069
8 29  0.619788  1.090047
8 30  0.619307  0.971068
9 10  0.656420  1.105180
9 11  0.634190  1.136229
9 12  0.622386  1.232915
9 13  0.646180  1.236112
9 14  0.642505  1.051588
9 15  0.629474  1.351474
9 16  0.621054  1.100229
9 17  0.628121  1.097529
9 18  0.628065  1.039842
9 19  0.616491  1.045866
9 20  0.604729  0.917958
9 21  0.617380  0.903787
9 22  0.618733  0.895755
9 23  0.489101  1.154842
9 24  0.656184  1.240363
9 25  0.653875  1.125537
9 26  0.639106  0.937921
9 27  0.624590  1.179101
9 28  0.644392  1.044091
9 29  0.608592  1.255788
9 30  0.648523  1.223813
10 11  0.636637  1.122470
10 12  0.649182  1.197484
10 13  0.632112  1.159682
10 14  0.612117  0.983256
10 15  0.638746  1.294141
10 16  0.586938  1.017856
10 17  0.629746  1.041026
10 18  0.620436  0.982357
10 19  0.568341  0.948863
10 20  0.593271  0.856687
10 21  0.605591  0.843619
10 22  0.607623  0.836034
10 23  0.649287  1.198203
10 24  0.645439  1.177221
10 25  0.403040  0.930721
10 26  0.627494  0.878285
10 27  0.656331  1.127940
10 28  0.605871  0.947818
10 29  0.636697  1.278969
10 30  0.631107  1.165562
11 12  0.634322  1.221886
11 13  0.602636  1.273398
11 14  0.624725  1.056903
11 15  0.619976  1.360504
11 16  0.588137  1.114351
11 17  0.622873  1.114222
11 18  0.613257  1.056360
11 19  0.599027  1.059650
11 20  0.587197  0.933363
11 21  0.599704  0.919269
11 22  0.601139  0.911255
11 23  0.640708  1.263279
11 24  0.413759  1.147978
11 25  0.634210  1.139724
11 26  0.621379  0.953397
11 27  0.648424  1.201313
11 28  0.626552  1.059396
11 29  0.603913  1.301996
11 30  0.599649  1.214615
12 13  0.642668  1.343407
12 14  0.634677  1.113406
12 15  0.618438  1.345828
12 16  0.612306  1.172207
12 17  0.622634  1.146344
12 18  0.597368  1.097477
12 19  0.608951  1.118716
12 20  0.596965  0.990876
12 21  0.609568  0.976781
12 22  0.610923  0.968772
12 23  0.610149  1.272423
12 24  0.647701  1.313752
12 25  0.645671  1.197910
12 26  0.631254  1.010871
12 27  0.488239  1.156975
12 28  0.636688  1.116776
12 29  0.618611  1.408389
12 30  0.639453  1.287175
13 14  0.628974  1.135697
13 15  0.614565  1.355364
13 16  0.604326  1.167744
13 17  0.626455  1.189588
13 18  0.617873  1.130093
13 19  0.601471  1.136450
13 20  0.591022  1.008496
13 21  0.604647  0.994485
13 22  0.605947  0.986461
13 23  0.643409  1.344444
13 24  0.606815  1.256968
13 25  0.628967  1.211638
13 26  0.626250  1.028619
13 27  0.650899  1.272754
13 28  0.631442  1.134195
13 29  0.621362  1.411836
13 30  0.407562  1.207335
14 15  0.624311  1.206382
14 16  0.593015  0.963722
14 17  0.615004  0.963873
14 18  0.605314  0.904779
14 19  0.557614  0.879363
14 20  0.550914  0.756939
14 21  0.590184  0.765821
14 22  0.592478  0.758427
14 23  0.635003  1.121763
14 24  0.634044  1.107725
14 25  0.599898  0.951852
14 26  0.596102  0.785113
14 27  0.641300  1.050308
14 28  0.386352  0.739031
14 29  0.624682  1.206657
14 30  0.623553  1.087249
15 16  0.599691  1.267982
15 17  0.616641  1.266842
15 18  0.607584  1.200992
15 19  0.598378  1.219438
15 20  0.586562  1.092532
15 21  0.599402  1.078675
15 22  0.600740  1.070677
15 23  0.619269  1.423056
15 24  0.625760  1.393083
15 25  0.632522  1.294112
15 26  0.620986  1.112703
15 27  0.608140  1.274319
15 28  0.626655  1.217818
15 29  0.533542  1.501777
15 30  0.602959  1.345628
16 17  0.594421  1.009856
16 18  0.584556  0.939338
16 19  0.567410  0.952526
16 20  0.558466  0.829123
16 21  0.571128  0.812946
16 22  0.572518  0.806501
16 23  0.613740  1.167865
16 24  0.586725  1.061883
16 25  0.584267  1.006665
16 26  0.592566  0.846711
16 27  0.619368  1.074187
16 28  0.594786  0.934840
16 29  0.601841  1.223742
16 30  0.599820  1.127250
17 18  0.557682  0.918704
17 19  0.589383  0.950733
17 20  0.577411  0.827449
17 21  0.590069  0.814795
17 22  0.591390  0.806733
17 23  0.605923  1.079275
17 24  0.631104  1.150988
17 25  0.626277  1.022533
17 26  0.611761  0.848435
17 27  0.632074  1.071626
17 28  0.617314  0.954736
17 29  0.619987  1.236671
17 30  0.620023  1.098100
18 19  0.579760  0.898278
18 20  0.567751  0.769738
18 21  0.580407  0.755258
18 22  0.581729  0.747475
18 23  0.617936  1.104134
18 24  0.620474  1.071132
18 25  0.616674  0.968199
18 26  0.602099  0.788974
18 27  0.605815  0.975556
18 28  0.607659  0.895183
18 29  0.608109  1.186888
18 30  0.610280  1.057520
19 20  0.547656  0.759890
19 21  0.565823  0.760027
19 22  0.567195  0.751258
19 23  0.609166  1.098849
19 24  0.608152  1.094850
19 25  0.571036  0.949723
19 26  0.585378  0.791634
19 27  0.615679  1.041995
19 28  0.564816  0.871352
19 29  0.598352  1.175577
19 30  0.596045  1.059278
20 21  0.549004  0.626562
20 22  0.548995  0.616102
20 23  0.597366  0.983796
20 24  0.596702  0.972616
20 25  0.586769  0.847873
20 26  0.555089  0.648799
20 27  0.603824  0.915321
20 28  0.560750  0.749811
20 29  0.586927  1.068630
20 30  0.586294  0.949503
21 22  0.519774  0.564418
21 23  0.610040  0.973083
21 24  0.609361  0.957251
21 25  0.602671  0.838857
21 26  0.557054  0.621182
21 27  0.616506  0.901307
21 28  0.589625  0.749184
21 29  0.599617  1.057743
21 30  0.599075  0.939983
22 23  0.611363  0.964941
22 24  0.610686  0.950290
22 25  0.604330  0.832259
22 26  0.558616  0.617034
22 27  0.617828  0.893687
22 28  0.592148  0.745291
22 29  0.600942  1.050076
22 30  0.600405  0.931967
23 24  0.646917  1.306262
23 25  0.645366  1.172148
23 26  0.631725  1.006733
23 27  0.620215  1.224030
23 28  0.637269  1.109705
23 29  0.620987  1.329245
23 30  0.633781  1.226656
24 25  0.643879  1.168951
24 26  0.631056  0.991818
24 27  0.649622  1.194552
24 28  0.636318  1.083469
24 29  0.620830  1.315540
24 30  0.604195  1.259131
25 26  0.621727  0.864816
25 27  0.651451  1.096590
25 28  0.611244  0.969883
25 29  0.635007  1.275848
25 30  0.623128  1.097626
26 27  0.638191  0.934252
26 28  0.604982  0.782055
26 29  0.621305  1.093105
26 30  0.620754  0.972264
27 28  0.643736  1.041060
27 29  0.628024  1.328293
27 30  0.632699  1.158156
28 29  0.626716  1.180369
28 30  0.625507  1.077933
29 30  0.619990  1.354557
