  -1146.52209506
  -1146.89098444    -1146.77243102
0.00000745135146
2 2 2 2 2 2 2 2 2 2 2 2 2 2 2 0 0 0 0 0 0 0 0 0 0 0 0 0 0 0 
1  0.273900  0.461059
2  0.291510  0.426917
3  0.302296  0.483407
4  0.280634  0.449322
5  0.266960  0.331634
6  0.279885  0.304477
7  0.282784  0.303735
8  0.303825  0.340843
9  0.334771  0.595120
10  0.323964  0.537996
11  0.317302  0.610714
12  0.326863  0.667480
13  0.322128  0.686037
14  0.308792  0.461325
15  0.316697  0.768285
16  0.288609  0.508516
17  0.307049  0.506687
18  0.297426  0.447607
19  0.283097  0.454606
20  0.270907  0.325047
21  0.283443  0.309919
22  0.284762  0.301500
23  0.327312  0.663894
24  0.326800  0.650291
25  0.320351  0.533787
26  0.305214  0.343925
27  0.333855  0.593131
28  0.310976  0.452796
29  0.316886  0.749076
30  0.316546  0.631786
1 2  0.565136  0.881703
1 3  0.575761  0.926932
1 4  0.552403  0.904354
1 5  0.540755  0.791802
1 6  0.553647  0.763450
1 7  0.556609  0.763874
1 8  0.577416  0.799950
1 9  0.606459  1.033891
1 10  0.576716  0.971418
1 11  0.569111  0.999393
1 12  0.598935  1.095133
1 13  0.593310  1.143446
1 14  0.579414  0.902205
1 15  0.588247  1.210574
1 16  0.270490  0.760086
1 17  0.580923  0.966461
1 18  0.570999  0.908080
1 19  0.556310  0.909992
1 20  0.544607  0.785352
1 21  0.556727  0.770745
1 22  0.558554  0.762510
1 23  0.600972  1.121110
1 24  0.578156  1.106749
1 25  0.573091  0.976600
1 26  0.577893  0.804630
1 27  0.607413  1.052804
1 28  0.581542  0.912483
1 29  0.585551  1.202548
1 30  0.588619  1.082844
2 3  0.549711  0.878408
2 4  0.572116  0.874146
2 5  0.558463  0.757584
2 6  0.571395  0.731347
2 7  0.574294  0.730634
2 8  0.595333  0.767001
2 9  0.604034  0.964117
2 10  0.615226  0.953029
2 11  0.606529  1.017682
2 12  0.612583  1.088492
2 13  0.611308  1.089663
2 14  0.600296  0.887930
2 15  0.603600  1.186010
2 16  0.579941  0.934615
2 17  0.300263  0.705451
2 18  0.549443  0.848118
2 19  0.574378  0.881162
2 20  0.562379  0.751901
2 21  0.574931  0.736820
2 22  0.576261  0.728407
2 23  0.593676  1.075586
2 24  0.617895  1.075068
2 25  0.611808  0.960092
2 26  0.596721  0.770816
2 27  0.622699  1.018029
2 28  0.602341  0.879442
2 29  0.602856  1.161494
2 30  0.607697  1.057448
3 4  0.582926  0.931413
3 5  0.569250  0.814837
3 6  0.582181  0.787287
3 7  0.585080  0.786892
3 8  0.606118  0.823580
3 9  0.628869  1.052298
3 10  0.626117  1.014925
3 11  0.617316  1.061241
3 12  0.602562  1.067894
3 13  0.623005  1.164395
3 14  0.611084  0.940028
3 15  0.616494  1.233661
3 16  0.589931  0.990916
3 17  0.559689  0.944023
3 18  0.301762  0.703131
3 19  0.585293  0.937406
3 20  0.573194  0.808356
3 21  0.585702  0.793299
3 22  0.587043  0.784896
3 23  0.620331  1.124116
3 24  0.627451  1.131895
3 25  0.622558  1.016469
3 26  0.607489  0.827286
3 27  0.623820  1.073351
3 28  0.613082  0.935772
3 29  0.612484  1.223795
3 30  0.618478  1.112605
4 5  0.542267  0.764011
4 6  0.560362  0.752808
4 7  0.563183  0.750503
4 8  0.582508  0.786685
4 9  0.615332  1.041900
4 10  0.572224  0.954581
4 11  0.597656  1.056928
4 12  0.607477  1.109995
4 13  0.600445  1.102340
4 14  0.561716  0.878345
4 15  0.596995  1.186999
4 16  0.568483  0.952468
4 17  0.587201  0.955423
4 18  0.577802  0.896461
4 19  0.292463  0.701809
4 20  0.547701  0.772964
4 21  0.563698  0.758617
4 22  0.564595  0.750331
4 23  0.607359  1.111860
4 24  0.607344  1.097644
4 25  0.565399  0.943923
4 26  0.585311  0.792417
4 27  0.613952  1.041092
4 28  0.557075  0.872774
4 29  0.597191  1.195879
4 30  0.594747  1.079154
5 6  0.542904  0.631431
5 7  0.543793  0.627277
5 8  0.551490  0.656331
5 9  0.601710  0.925557
5 10  0.588301  0.862384
5 11  0.584239  0.942033
5 12  0.593807  0.997759
5 13  0.588841  1.007381
5 14  0.555717  0.768470
5 15  0.583636  1.091733
5 16  0.555456  0.838972
5 17  0.573880  0.838172
5 18  0.564324  0.779151
5 19  0.545547  0.784536
5 20  0.255807  0.397543
5 21  0.549436  0.639992
5 22  0.548071  0.630408
5 23  0.594041  0.995157
5 24  0.593732  0.981544
5 25  0.586464  0.862642
5 26  0.545528  0.650629
5 27  0.600677  0.924532
5 28  0.551027  0.762102
5 29  0.583652  1.080084
5 30  0.582536  0.963028
6 7  0.515253  0.564041
6 8  0.552990  0.617148
6 9  0.614654  0.899312
6 10  0.603402  0.841661
6 11  0.597172  0.913728
6 12  0.606746  0.970540
6 13  0.601991  0.990155
6 14  0.584892  0.756991
6 15  0.596577  1.071054
6 16  0.567889  0.812767
6 17  0.586915  0.811142
6 18  0.577286  0.752066
6 19  0.562631  0.758551
6 20  0.549655  0.628033
6 21  0.283236  0.348275
6 22  0.512388  0.557899
6 23  0.607179  0.968331
6 24  0.606598  0.954699
6 25  0.599095  0.837304
6 26  0.544852  0.609805
6 27  0.613693  0.897567
6 28  0.589560  0.756544
6 29  0.596766  1.053468
6 30  0.596393  0.936197
7 8  0.554863  0.616952
7 9  0.617554  0.898823
7 10  0.606627  0.841508
7 11  0.600076  0.913868
7 12  0.609646  0.970424
7 13  0.604900  0.988843
7 14  0.589380  0.760321
7 15  0.599479  1.070284
7 16  0.571287  0.812186
7 17  0.589811  0.810403
7 18  0.580192  0.751330
7 19  0.565011  0.757838
7 20  0.549636  0.625723
7 21  0.512690  0.564006
7 22  0.283635  0.332027
7 23  0.610069  0.967590
7 24  0.609569  0.953988
7 25  0.602686  0.836935
7 26  0.547914  0.609237
7 27  0.616596  0.896840
7 28  0.593112  0.756138
7 29  0.599668  1.052749
7 30  0.599264  0.935466
8 9  0.638586  0.934228
8 10  0.625003  0.869492
8 11  0.621101  0.949599
8 12  0.630679  1.007521
8 13  0.625905  1.024738
8 14  0.602225  0.793915
8 15  0.620516  1.108903
8 16  0.591317  0.849063
8 17  0.610867  0.847486
8 18  0.601250  0.788420
8 19  0.586273  0.794742
8 20  0.549131  0.642036
8 21  0.547647  0.612805
8 22  0.546663  0.601949
8 23  0.631113  1.004639
8 24  0.630447  0.991022
8 25  0.623366  0.874335
8 26  0.377940  0.476886
8 27  0.637680  0.933909
8 28  0.596298  0.776389
8 29  0.620572  1.089725
8 30  0.620283  0.972564
9 10  0.657646  1.106890
9 11  0.635527  1.136203
9 12  0.623547  1.232179
9 13  0.647591  1.236165
9 14  0.643547  1.054677
9 15  0.630733  1.349660
9 16  0.622376  1.101735
9 17  0.629080  1.097966
9 18  0.629078  1.040438
9 19  0.617547  1.048451
9 20  0.605633  0.920015
9 21  0.618162  0.904998
9 22  0.619512  0.896595
9 23  0.490289  1.154146
9 24  0.657565  1.239864
9 25  0.655070  1.127440
9 26  0.639969  0.938977
9 27  0.625848  1.179027
9 28  0.645447  1.047119
9 29  0.609828  1.254816
9 30  0.649962  1.224124
10 11  0.637972  1.124423
10 12  0.650312  1.198734
10 13  0.633382  1.161588
10 14  0.613025  0.988496
10 15  0.639912  1.294412
10 16  0.588163  1.021683
10 17  0.630603  1.043610
10 18  0.621356  0.985065
10 19  0.569295  0.953752
10 20  0.594061  0.860847
10 21  0.606264  0.846951
10 22  0.608303  0.839000
10 23  0.650441  1.199637
10 24  0.646750  1.178953
10 25  0.404146  0.935284
10 26  0.628252  0.881486
10 27  0.657578  1.129972
10 28  0.606793  0.952901
10 29  0.637844  1.279486
10 30  0.632423  1.167949
11 12  0.635627  1.221376
11 13  0.604143  1.273601
11 14  0.625873  1.059959
11 15  0.621352  1.358868
11 16  0.589467  1.115878
11 17  0.623965  1.114758
11 18  0.614377  1.057041
11 19  0.600204  1.062345
11 20  0.588205  0.935508
11 21  0.600593  0.920573
11 22  0.602027  0.912191
11 23  0.642059  1.262743
11 24  0.415130  1.147261
11 25  0.635499  1.141776
11 26  0.622342  0.954547
11 27  0.649867  1.201344
11 28  0.627732  1.062516
11 29  0.605249  1.300937
11 30  0.601170  1.215186
12 13  0.643979  1.342890
12 14  0.635624  1.115589
12 15  0.619593  1.343940
12 16  0.613522  1.173091
12 17  0.623523  1.146409
12 18  0.598287  1.097489
12 19  0.609929  1.120643
12 20  0.597768  0.992272
12 21  0.610249  0.977332
12 22  0.611607  0.968956
12 23  0.611262  1.271564
12 24  0.649008  1.312687
12 25  0.646765  1.199150
12 26  0.632021  1.011269
12 27  0.489382  1.156057
12 28  0.637643  1.119157
12 29  0.619757  1.406259
12 30  0.640777  1.286859
13 14  0.630115  1.138839
13 15  0.615831  1.354030
13 16  0.605763  1.169704
13 17  0.627517  1.190264
13 18  0.619010  1.130832
13 19  0.602657  1.139251
13 20  0.592019  1.010745
13 21  0.605544  0.995883
13 22  0.606843  0.987491
13 23  0.644775  1.344012
13 24  0.608329  1.257352
13 25  0.630269  1.213683
13 26  0.627226  1.029865
13 27  0.652318  1.272846
13 28  0.632612  1.137408
13 29  0.622681  1.410664
13 30  0.408983  1.207615
14 15  0.625283  1.207355
14 16  0.594036  0.968470
14 17  0.615679  0.967554
14 18  0.606024  0.908591
14 19  0.558380  0.885438
14 20  0.551505  0.762424
14 21  0.590668  0.770298
14 22  0.592957  0.762523
14 23  0.635977  1.124272
14 24  0.635168  1.110452
14 25  0.600769  0.956944
14 26  0.596652  0.789437
14 27  0.642334  1.053410
14 28  0.387084  0.746178
14 29  0.625646  1.208321
14 30  0.624692  1.090696
15 16  0.600947  1.267751
15 17  0.617553  1.265549
15 18  0.608513  1.199913
15 19  0.599379  1.220266
15 20  0.587385  1.092806
15 21  0.600123  1.078106
15 22  0.601459  1.069741
15 23  0.620438  1.420657
15 24  0.627100  1.391043
15 25  0.633644  1.294207
15 26  0.621782  1.111983
15 27  0.609385  1.273096
15 28  0.627656  1.219065
15 29  0.534694  1.498421
15 30  0.604247  1.344450
16 17  0.595374  1.011875
16 18  0.585545  0.941313
16 19  0.568451  0.956704
16 20  0.559344  0.832788
16 21  0.571890  0.815651
16 22  0.573276  0.808918
16 23  0.614982  1.168776
16 24  0.587911  1.062737
16 25  0.585411  1.009951
16 26  0.593407  0.849326
16 27  0.620679  1.075618
16 28  0.595810  0.939196
16 29  0.603065  1.223868
16 30  0.601229  1.129163
17 18  0.558287  0.919815
17 19  0.590092  0.953710
17 20  0.577948  0.829985
17 21  0.590491  0.816581
17 22  0.591810  0.808145
17 23  0.606812  1.079173
17 24  0.632172  1.151049
17 25  0.627114  1.024757
17 26  0.612262  0.850018
17 27  0.633043  1.072086
17 28  0.618015  0.958331
17 29  0.620900  1.235804
17 30  0.621109  1.098865
18 19  0.580509  0.901581
18 20  0.568326  0.772495
18 21  0.580869  0.757128
18 22  0.582187  0.749005
18 23  0.618876  1.104116
18 24  0.621556  1.071276
18 25  0.617536  0.970572
18 26  0.602638  0.790669
18 27  0.606791  0.976058
18 28  0.608401  0.898859
18 29  0.609049  1.186028
18 30  0.611388  1.058426
19 20  0.548275  0.764353
19 21  0.566337  0.763958
19 22  0.567706  0.754783
19 23  0.610157  1.100547
19 24  0.609296  1.097005
19 25  0.571945  0.954297
19 26  0.585957  0.795380
19 27  0.616749  1.044569
19 28  0.565590  0.876890
19 29  0.599330  1.176454
19 30  0.597206  1.062018
20 21  0.549342  0.629943
20 22  0.549334  0.619058
20 23  0.598192  0.985081
20 24  0.597681  0.974249
20 25  0.587511  0.851853
20 26  0.555505  0.652146
20 27  0.604724  0.917365
20 28  0.561375  0.754813
20 29  0.587748  1.069033
20 30  0.587302  0.951854
21 22  0.519988  0.566738
21 23  0.610753  0.973698
21 24  0.610226  0.957951
21 25  0.603311  0.842066
21 26  0.557360  0.623616
21 27  0.617296  0.902486
21 28  0.590128  0.753340
21 29  0.600323  1.057414
21 30  0.599964  0.941582
22 23  0.612073  0.965175
22 24  0.611548  0.950691
22 25  0.604964  0.835128
22 26  0.558924  0.619208
22 27  0.618615  0.894533
22 28  0.592643  0.749180
22 29  0.601645  1.049407
22 30  0.601292  0.933195
23 24  0.648201  1.305211
23 25  0.646477  1.173284
23 26  0.632514  1.007152
23 27  0.621394  1.223361
23 28  0.638259  1.112060
23 29  0.622156  1.327653
23 30  0.635120  1.226467
24 25  0.645144  1.170387
24 26  0.632001  0.992457
24 27  0.651016  1.194225
24 28  0.637463  1.085890
24 29  0.622119  1.314076
24 30  0.605686  1.259121
25 26  0.622427  0.867708
25 27  0.652634  1.098202
25 28  0.612131  0.974959
25 29  0.636116  1.276370
25 30  0.624351  1.099565
26 27  0.639057  0.935223
26 28  0.605549  0.786284
26 29  0.622089  1.092735
26 30  0.621723  0.973649
27 28  0.644804  1.044069
27 29  0.629303  1.326871
27 30  0.633989  1.158344
28 29  0.627697  1.181564
28 30  0.626656  1.081279
29 30  0.621305  1.353465
