  -1146.51718846
  -1146.87405916    -1146.74133401
0.00016090272925
2 2 2 2 2 2 2 2 2 2 2 2 2 2 2 0 0 0 0 0 0 0 0 0 0 0 0 0 0 0 
1  0.256992  0.507225
2  0.272111  0.421071
3  0.281399  0.461268
4  0.260712  0.536095
5  0.256240  0.437381
6  0.259414  0.349428
7  0.272930  0.310238
8  0.275076  0.309921
9  0.290995  0.577537
10  0.294968  0.472957
11  0.295834  0.373185
12  0.301350  0.666824
13  0.291046  0.619725
14  0.303531  0.648893
15  0.291961  0.600693
16  0.265852  0.527480
17  0.275797  0.444342
18  0.284049  0.457964
19  0.265249  0.542372
20  0.260900  0.431259
21  0.265539  0.365711
22  0.274993  0.312509
23  0.277561  0.308315
24  0.292614  0.550297
25  0.296592  0.369655
26  0.291949  0.627465
27  0.294584  0.476550
28  0.304823  0.673323
29  0.294218  0.586559
30  0.301608  0.647453
1 2  0.528459  0.919944
1 3  0.537284  0.944377
1 4  0.515937  1.033458
1 5  0.513130  0.942830
1 6  0.516357  0.851548
1 7  0.529917  0.817132
1 8  0.532064  0.816273
1 9  0.531789  1.009686
1 10  0.551629  0.972713
1 11  0.552801  0.879312
1 12  0.554941  1.146849
1 13  0.545182  1.123013
1 14  0.539307  1.112775
1 15  0.546225  1.068779
1 16  0.240605  0.848737
1 17  0.532681  0.950028
1 18  0.539924  0.963811
1 19  0.521725  1.038585
1 20  0.517710  0.936779
1 21  0.522018  0.872376
1 22  0.531970  0.819664
1 23  0.534487  0.815484
1 24  0.536292  1.055327
1 25  0.553512  0.876651
1 26  0.545076  1.111198
1 27  0.550419  0.982753
1 28  0.536773  1.149361
1 29  0.548600  1.091391
1 30  0.552306  1.145742
2 3  0.510053  0.854516
2 4  0.532789  0.953650
2 5  0.528346  0.856282
2 6  0.531525  0.770216
2 7  0.545041  0.731109
2 8  0.547186  0.730853
2 9  0.555979  0.975578
2 10  0.567076  0.891657
2 11  0.567945  0.794071
2 12  0.556926  1.076444
2 13  0.556725  1.009208
2 14  0.575135  1.051764
2 15  0.564065  1.020369
2 16  0.537837  0.947348
2 17  0.261236  0.646537
2 18  0.507231  0.830311
2 19  0.537167  0.962500
2 20  0.532974  0.851787
2 21  0.537644  0.786579
2 22  0.547103  0.733543
2 23  0.549672  0.729359
2 24  0.563325  0.968718
2 25  0.568697  0.790610
2 26  0.561236  1.046870
2 27  0.566694  0.897081
2 28  0.576674  1.092585
2 29  0.566217  1.006531
2 30  0.547577  1.027926
3 4  0.542098  0.995000
3 5  0.537628  0.897860
3 6  0.540813  0.809582
3 7  0.554329  0.771381
3 8  0.556474  0.770983
3 9  0.565333  0.995121
3 10  0.576364  0.931945
3 11  0.577233  0.834198
3 12  0.559766  1.084298
3 13  0.568348  1.075527
3 14  0.584626  1.099494
3 15  0.573334  1.053287
3 16  0.545947  0.987287
3 17  0.507096  0.853080
3 18  0.269975  0.694906
3 19  0.546591  1.002428
3 20  0.542297  0.891906
3 21  0.546920  0.826687
3 22  0.556392  0.773730
3 23  0.558959  0.769546
3 24  0.571500  1.010122
3 25  0.577986  0.830778
3 26  0.571483  1.077441
3 27  0.575959  0.937072
3 28  0.586089  1.132678
3 29  0.575492  1.046228
3 30  0.551662  1.074182
4 5  0.512468  0.936294
4 6  0.519993  0.884032
4 7  0.533602  0.844704
4 8  0.535746  0.845826
4 9  0.551512  1.107229
4 10  0.553757  0.997831
4 11  0.556426  0.902761
4 12  0.561768  1.175748
4 13  0.550331  1.120116
4 14  0.535331  1.148313
4 15  0.529536  1.098362
4 16  0.525770  1.052497
4 17  0.536193  0.979346
4 18  0.544639  0.992911
4 19  0.258360  0.914801
4 20  0.518019  0.965816
4 21  0.526034  0.900182
4 22  0.535590  0.848490
4 23  0.538267  0.844337
4 24  0.553149  1.083941
4 25  0.556835  0.905472
4 26  0.550472  1.159798
4 27  0.554778  1.009656
4 28  0.529928  1.152352
4 29  0.525378  1.087485
4 30  0.562140  1.179398
5 6  0.513489  0.781871
5 7  0.528793  0.745601
5 8  0.531205  0.747215
5 9  0.547227  1.013333
5 10  0.526288  0.886980
5 11  0.549834  0.797773
5 12  0.557571  1.096254
5 13  0.547187  1.041969
5 14  0.557630  1.069422
5 15  0.528134  1.009533
5 16  0.521961  0.962377
5 17  0.531985  0.881010
5 18  0.540286  0.894715
5 19  0.518027  0.978089
5 20  0.246628  0.666051
5 21  0.521186  0.797650
5 22  0.529923  0.749166
5 23  0.533292  0.745138
5 24  0.548845  0.986721
5 25  0.551301  0.806446
5 26  0.547603  1.062745
5 27  0.520068  0.873945
5 28  0.560413  1.106419
5 29  0.522193  0.991691
5 30  0.557694  1.082775
6 7  0.528640  0.655290
6 8  0.528806  0.649803
6 9  0.550404  0.924106
6 10  0.531386  0.798736
6 11  0.535994  0.704270
6 12  0.560758  1.013848
6 13  0.550442  0.968345
6 14  0.562560  0.994326
6 15  0.548528  0.930300
6 16  0.524694  0.876387
6 17  0.535206  0.793557
6 18  0.543445  0.807150
6 19  0.524291  0.890620
6 20  0.519753  0.776398
6 21  0.248440  0.475684
6 22  0.533440  0.659494
6 23  0.533513  0.655628
6 24  0.551963  0.899223
6 25  0.530134  0.693298
6 26  0.551361  0.976260
6 27  0.523873  0.794980
6 28  0.563130  1.021897
6 29  0.551681  0.935228
6 30  0.560998  0.996155
7 8  0.501440  0.579282
7 9  0.563924  0.887558
7 10  0.564251  0.773119
7 11  0.538236  0.657378
7 12  0.574280  0.976912
7 13  0.563975  0.929320
7 14  0.576411  0.956438
7 15  0.564807  0.910665
7 16  0.538746  0.837650
7 17  0.548726  0.754536
7 18  0.556979  0.768156
7 19  0.538055  0.852498
7 20  0.532548  0.740710
7 21  0.537386  0.673844
7 22  0.272785  0.368754
7 23  0.498190  0.569151
7 24  0.565540  0.860468
7 25  0.530407  0.639897
7 26  0.564857  0.937593
7 27  0.566266  0.786274
7 28  0.577749  0.983412
7 29  0.566616  0.896327
7 30  0.574528  0.957562
8 9  0.566070  0.886992
8 10  0.567811  0.777370
8 11  0.540619  0.658940
8 12  0.576425  0.976569
8 13  0.566121  0.929464
8 14  0.578566  0.956804
8 15  0.566848  0.907862
8 16  0.540823  0.837329
8 17  0.550873  0.754225
8 18  0.559123  0.767841
8 19  0.540319  0.852216
8 20  0.535621  0.740540
8 21  0.536731  0.673320
8 22  0.498271  0.572254
8 23  0.272589  0.357793
8 24  0.567678  0.860153
8 25  0.532146  0.639742
8 26  0.567010  0.937302
8 27  0.569072  0.785944
8 28  0.579786  0.983097
8 29  0.568668  0.896152
8 30  0.576671  0.957265
9 10  0.585943  1.045595
9 11  0.586826  0.950025
9 12  0.567237  1.204729
9 13  0.546945  1.181603
9 14  0.592111  1.199592
9 15  0.582758  1.155487
9 16  0.542765  1.102040
9 17  0.565169  1.018062
9 18  0.572526  1.033793
9 19  0.556119  1.116391
9 20  0.551878  1.007734
9 21  0.556467  0.942579
9 22  0.565986  0.889967
9 23  0.568547  0.885790
9 24  0.345143  0.989250
9 25  0.587577  0.946913
9 26  0.544144  1.146745
9 27  0.585436  1.052652
9 28  0.593226  1.242076
9 29  0.584822  1.160756
9 30  0.561093  1.173094
10 11  0.580141  0.837193
10 12  0.596313  1.137566
10 13  0.585977  1.086428
10 14  0.595475  1.088144
10 15  0.573091  1.059508
10 16  0.559673  0.999392
10 17  0.570764  0.916663
10 18  0.578999  0.930245
10 19  0.559674  1.013179
10 20  0.525241  0.866993
10 21  0.531639  0.809034
10 22  0.568401  0.784692
10 23  0.572007  0.780786
10 24  0.587462  1.022115
10 25  0.572494  0.820666
10 26  0.586726  1.098866
10 27  0.355539  0.792091
10 28  0.598741  1.144104
10 29  0.567276  1.024198
10 30  0.596428  1.118498
11 12  0.597181  1.038301
11 13  0.586875  0.991036
11 14  0.599334  1.021027
11 15  0.587098  0.965976
11 16  0.561627  0.900426
11 17  0.571625  0.817376
11 18  0.579878  0.830998
11 19  0.560525  0.915267
11 20  0.554787  0.803750
11 21  0.534652  0.710010
11 22  0.531228  0.646468
11 23  0.532851  0.640907
11 24  0.588442  0.923235
11 25  0.361799  0.551940
11 26  0.587758  1.000213
11 27  0.571935  0.828672
11 28  0.600356  1.045995
11 29  0.589911  0.959497
11 30  0.597442  1.020183
12 13  0.566536  1.229506
12 14  0.603978  1.308349
12 15  0.593174  1.240916
12 16  0.561000  1.184347
12 17  0.552240  1.068402
12 18  0.552855  1.085551
12 19  0.566334  1.205224
12 20  0.562103  1.096055
12 21  0.566865  1.031636
12 22  0.576338  0.979191
12 23  0.578904  0.975040
12 24  0.563913  1.170014
12 25  0.597942  1.036032
12 26  0.559948  1.247866
12 27  0.595811  1.141166
12 28  0.602155  1.327441
12 29  0.595541  1.247938
12 30  0.393605  1.227595
13 14  0.585108  1.209956
13 15  0.582611  1.210479
13 16  0.552097  1.119757
13 17  0.564010  1.062354
13 18  0.573022  1.066612
13 19  0.553936  1.158349
13 20  0.551377  1.049163
13 21  0.556584  0.984784
13 22  0.566026  0.932122
13 23  0.568603  0.927974
13 24  0.542478  1.108835
13 25  0.587614  0.989010
13 26  0.347431  1.129134
13 27  0.585538  1.094699
13 28  0.585811  1.285577
13 29  0.584872  1.203089
13 30  0.560047  1.224176
14 15  0.577887  1.231258
14 16  0.545668  1.146525
14 17  0.578980  1.091271
14 18  0.587477  1.105231
14 19  0.534358  1.145310
14 20  0.563760  1.076655
14 21  0.567951  1.013676
14 22  0.578519  0.961269
14 23  0.581024  0.957109
14 24  0.594061  1.192561
14 25  0.599653  1.018085
14 26  0.584347  1.268006
14 27  0.597161  1.123405
14 28  0.368697  1.226338
14 29  0.571680  1.181517
14 30  0.601190  1.284524
15 16  0.554519  1.125377
15 17  0.567665  1.043637
15 18  0.575890  1.056959
15 19  0.525776  1.096229
15 20  0.525040  0.995169
15 21  0.555133  0.965386
15 22  0.566660  0.912835
15 23  0.568980  0.908763
15 24  0.584129  1.147817
15 25  0.588396  0.970097
15 26  0.583756  1.224544
15 27  0.565986  1.045814
15 28  0.572279  1.227146
15 29  0.361193  1.081400
15 30  0.593518  1.242904
16 17  0.540799  0.962463
16 18  0.548453  0.961104
16 19  0.528420  1.064450
16 20  0.526587  0.957433
16 21  0.531300  0.886181
16 22  0.540843  0.839727
16 23  0.543411  0.834891
16 24  0.539659  1.004046
16 25  0.562420  0.895811
16 26  0.554672  1.149408
16 27  0.560048  0.993261
16 28  0.546723  1.144322
16 29  0.557239  1.078510
16 30  0.563585  1.153803
17 18  0.515260  0.874233
17 19  0.540978  0.979369
17 20  0.536694  0.873031
17 21  0.541336  0.809645
17 22  0.550790  0.756689
17 23  0.553358  0.752560
17 24  0.559968  0.972085
17 25  0.572389  0.813825
17 26  0.560876  1.031005
17 27  0.570380  0.918450
17 28  0.579960  1.094322
17 29  0.570001  1.029516
17 30  0.559698  1.073562
18 19  0.549267  0.999018
18 20  0.544940  0.888549
18 21  0.549587  0.822380
18 22  0.559042  0.770389
18 23  0.561610  0.766111
18 24  0.569202  0.966734
18 25  0.580641  0.827348
18 26  0.570755  1.078767
18 27  0.578631  0.932018
18 28  0.588389  1.119387
18 29  0.578244  1.038102
18 30  0.563086  1.070687
19 20  0.521342  0.937247
19 21  0.530575  0.907394
19 22  0.540205  0.853023
19 23  0.542768  0.850479
19 24  0.557601  1.089154
19 25  0.561733  0.907147
19 26  0.555224  1.126027
19 27  0.557077  1.005308
19 28  0.540453  1.164302
19 29  0.535732  1.096303
19 30  0.566488  1.163186
20 21  0.523230  0.793057
20 22  0.535341  0.741091
20 23  0.538250  0.739455
20 24  0.553506  0.980415
20 25  0.554783  0.789208
20 26  0.552762  1.045370
20 27  0.530032  0.883819
20 28  0.562985  1.087894
20 29  0.533318  0.988749
20 30  0.562492  1.071606
21 22  0.535472  0.672816
21 23  0.536909  0.663828
21 24  0.558148  0.912962
21 25  0.541381  0.716594
21 26  0.557469  0.992317
21 27  0.535680  0.811664
21 28  0.569856  1.031885
21 29  0.556413  0.931099
21 30  0.567141  1.010896
22 23  0.505511  0.580004
22 24  0.567607  0.862694
22 25  0.540988  0.655029
22 26  0.566941  0.939473
22 27  0.565568  0.778903
22 28  0.579793  0.983823
22 29  0.569117  0.898969
22 30  0.576601  0.959790
23 24  0.570175  0.858270
23 25  0.543899  0.653167
23 26  0.569510  0.935677
23 27  0.569198  0.778961
23 28  0.582353  0.979937
23 29  0.571611  0.892609
23 30  0.579169  0.955627
24 25  0.589204  0.919204
24 26  0.548157  1.159461
24 27  0.587183  1.022093
24 28  0.594935  1.196658
24 29  0.586680  1.120772
24 30  0.569800  1.166227
25 26  0.588534  0.995723
25 27  0.581076  0.838851
25 28  0.601379  1.042450
25 29  0.589724  0.946969
25 30  0.598198  1.015510
26 27  0.586507  1.098784
26 28  0.587025  1.233774
26 29  0.585347  1.201516
26 30  0.569245  1.213467
27 28  0.596312  1.114025
27 29  0.575881  1.048218
27 30  0.596184  1.121864
28 29  0.582938  1.244153
28 30  0.605361  1.310896
29 30  0.595619  1.209290
