  -1146.51718846
  -1146.87600754    -1146.74579485
0.00009675763710
2 2 2 2 2 2 2 2 2 2 2 2 2 2 2 0 0 0 0 0 0 0 0 0 0 0 0 0 0 0 
1  0.261996  0.514803
2  0.275269  0.417825
3  0.284146  0.455194
4  0.264013  0.545850
5  0.259699  0.449510
6  0.262405  0.359625
7  0.274572  0.315550
8  0.276520  0.315138
9  0.296223  0.571417
10  0.299094  0.486227
11  0.298259  0.381825
12  0.305063  0.653904
13  0.296242  0.616221
14  0.308246  0.660026
15  0.296300  0.612455
16  0.270765  0.538220
17  0.278952  0.439697
18  0.286488  0.453411
19  0.268645  0.549376
20  0.264412  0.442090
21  0.268587  0.377451
22  0.276686  0.317232
23  0.279119  0.313085
24  0.298236  0.545624
25  0.299055  0.378797
26  0.297096  0.621929
27  0.298615  0.489182
28  0.309527  0.681769
29  0.298404  0.598788
30  0.305237  0.637235
1 2  0.536570  0.924136
1 3  0.544821  0.945655
1 4  0.524087  1.050475
1 5  0.521597  0.962398
1 6  0.524329  0.868422
1 7  0.536562  0.829921
1 8  0.538509  0.828766
1 9  0.541066  1.010485
1 10  0.560718  0.992735
1 11  0.560231  0.895307
1 12  0.563391  1.141967
1 13  0.555321  1.127239
1 14  0.548737  1.129969
1 15  0.555393  1.086149
1 16  0.248578  0.865982
1 17  0.540824  0.952862
1 18  0.547303  0.967033
1 19  0.530079  1.053541
1 20  0.526198  0.955001
1 21  0.529946  0.891613
1 22  0.538666  0.831955
1 23  0.541025  0.827822
1 24  0.546255  1.058165
1 25  0.560968  0.893337
1 26  0.555209  1.114076
1 27  0.559405  1.002896
1 28  0.546357  1.166310
1 29  0.557672  1.111123
1 30  0.561048  1.143033
2 3  0.515998  0.845149
2 4  0.539227  0.959693
2 5  0.534960  0.864755
2 6  0.537674  0.777120
2 7  0.549840  0.733084
2 8  0.551789  0.732765
2 9  0.563470  0.966315
2 10  0.574361  0.901111
2 11  0.573528  0.799427
2 12  0.563756  1.060297
2 13  0.564653  1.002652
2 14  0.582845  1.058361
2 15  0.571562  1.028922
2 16  0.545904  0.954803
2 17  0.266869  0.635525
2 18  0.513161  0.824949
2 19  0.543589  0.966365
2 20  0.539626  0.859399
2 21  0.543841  0.795068
2 22  0.551955  0.735018
2 23  0.554388  0.730882
2 24  0.571913  0.960860
2 25  0.574314  0.796500
2 26  0.569278  1.038307
2 27  0.573883  0.906470
2 28  0.584485  1.097948
2 29  0.573493  1.015632
2 30  0.554250  1.016580
3 4  0.548147  0.998771
3 5  0.543834  0.903926
3 6  0.546549  0.813455
3 7  0.558717  0.770579
3 8  0.560665  0.770048
3 9  0.572989  0.984805
3 10  0.583235  0.938768
3 11  0.582405  0.836732
3 12  0.565981  1.067053
3 13  0.576023  1.065811
3 14  0.592005  1.103983
3 15  0.580422  1.058291
3 16  0.553519  0.992142
3 17  0.513265  0.845093
3 18  0.274559  0.681244
3 19  0.552712  1.003414
3 20  0.548555  0.896692
3 21  0.552700  0.832341
3 22  0.560832  0.772377
3 23  0.563261  0.768239
3 24  0.579712  0.999586
3 25  0.583192  0.833837
3 26  0.579242  1.066045
3 27  0.582725  0.943646
3 28  0.593517  1.135206
3 29  0.582378  1.052516
3 30  0.557890  1.059337
4 5  0.519074  0.955596
4 6  0.526283  0.903769
4 7  0.538518  0.859326
4 8  0.540477  0.860739
4 9  0.560022  1.111049
4 10  0.560939  1.019493
4 11  0.562125  0.920113
4 12  0.568735  1.171272
4 13  0.558681  1.124377
4 14  0.543177  1.168271
4 15  0.536982  1.118881
4 16  0.533949  1.073047
4 17  0.542552  0.984538
4 18  0.550318  0.998144
4 19  0.264969  0.933184
4 20  0.524797  0.986363
4 21  0.532377  0.921451
4 22  0.540536  0.862953
4 23  0.543122  0.858844
4 24  0.562074  1.088965
4 25  0.562531  0.924327
4 26  0.558979  1.164230
4 27  0.562036  1.031963
4 28  0.538026  1.172394
4 29  0.532783  1.110690
4 30  0.569030  1.179208
5 6  0.519787  0.803636
5 7  0.533839  0.762667
5 8  0.536083  0.764543
5 9  0.555912  1.019359
5 10  0.533635  0.911974
5 11  0.555521  0.817099
5 12  0.564741  1.094414
5 13  0.555801  1.048559
5 14  0.565506  1.091181
5 15  0.535623  1.031982
5 16  0.530319  0.984918
5 17  0.538586  0.888523
5 18  0.546181  0.902311
5 19  0.524827  0.997210
5 20  0.252956  0.691302
5 21  0.527644  0.821349
5 22  0.534954  0.765964
5 23  0.538275  0.761923
5 24  0.557929  0.994200
5 25  0.557145  0.827745
5 26  0.556143  1.069360
5 27  0.527462  0.899569
5 28  0.568545  1.126789
5 29  0.529684  1.016730
5 30  0.564767  1.084756
6 7  0.533062  0.670424
6 8  0.533062  0.664408
6 9  0.558622  0.927630
6 10  0.538254  0.821413
6 11  0.541105  0.722730
6 12  0.567461  1.010711
6 13  0.558629  0.974947
6 14  0.570237  1.015174
6 15  0.555621  0.950145
6 16  0.532564  0.897251
6 17  0.541347  0.799103
6 18  0.548861  0.812782
6 19  0.530680  0.907651
6 20  0.526207  0.797321
6 21  0.253626  0.499406
6 22  0.538045  0.674301
6 23  0.537955  0.670615
6 24  0.560567  0.904715
6 25  0.535503  0.712824
6 26  0.559498  0.980885
6 27  0.530876  0.817928
6 28  0.570710  1.040407
6 29  0.558779  0.957685
6 30  0.567602  0.996099
7 8  0.504631  0.590397
7 9  0.570794  0.886676
7 10  0.569813  0.790390
7 11  0.542262  0.671480
7 12  0.579634  0.969279
7 13  0.570814  0.930898
7 14  0.582753  0.972160
7 15  0.570777  0.927685
7 16  0.545291  0.853689
7 17  0.553523  0.755199
7 18  0.561059  0.768912
7 19  0.543085  0.864803
7 20  0.537605  0.756784
7 21  0.542017  0.690764
7 22  0.275671  0.379923
7 23  0.501494  0.580067
7 24  0.572803  0.861101
7 25  0.534471  0.654756
7 26  0.571642  0.937355
7 27  0.571891  0.804229
7 28  0.584092  0.997144
7 29  0.572422  0.913788
7 30  0.579794  0.952641
8 9  0.572742  0.885910
8 10  0.573219  0.795040
8 11  0.544526  0.673112
8 12  0.581583  0.968831
8 13  0.572762  0.931127
8 14  0.584699  0.972583
8 15  0.572611  0.924334
8 16  0.547170  0.853269
8 17  0.555472  0.754793
8 18  0.563005  0.768501
8 19  0.545158  0.864418
8 20  0.540536  0.756469
8 21  0.541130  0.690320
8 22  0.501550  0.582960
8 23  0.275267  0.368916
8 24  0.574744  0.860687
8 25  0.536097  0.654502
8 26  0.573601  0.936971
8 27  0.574500  0.803722
8 28  0.585920  0.996737
8 29  0.574268  0.913559
8 30  0.581740  0.952249
9 10  0.595292  1.052045
9 11  0.594480  0.952448
9 12  0.575942  1.187518
9 13  0.557025  1.172618
9 14  0.601969  1.204054
9 15  0.592312  1.160139
9 16  0.552341  1.106846
9 17  0.573336  1.007360
9 18  0.580122  1.023413
9 19  0.564726  1.117240
9 20  0.560620  1.012500
9 21  0.564718  0.948152
9 22  0.572907  0.888564
9 23  0.575329  0.884433
9 24  0.354841  0.974808
9 25  0.595265  0.949912
9 26  0.554106  1.137889
9 27  0.594691  1.059186
9 28  0.603096  1.244821
9 29  0.594212  1.167065
9 30  0.569789  1.159761
10 11  0.586352  0.858569
10 12  0.604149  1.137939
10 13  0.595293  1.095279
10 14  0.604163  1.109374
10 15  0.581186  1.083805
10 16  0.568671  1.023304
10 17  0.578045  0.925291
10 18  0.585553  0.938968
10 19  0.567140  1.033437
10 20  0.532800  0.891824
10 21  0.538611  0.834037
10 22  0.574172  0.802675
10 23  0.577655  0.798766
10 24  0.597208  1.030728
10 25  0.578866  0.842522
10 26  0.595998  1.106592
10 27  0.363285  0.821247
10 28  0.607541  1.165724
10 29  0.575301  1.049814
10 30  0.604142  1.121598
11 12  0.603320  1.033639
11 13  0.594497  0.995722
11 14  0.606471  1.040640
11 15  0.593790  0.985372
11 16  0.568974  0.919771
11 17  0.577202  0.821364
11 18  0.584740  0.835077
11 19  0.566303  0.930881
11 20  0.560723  0.823288
11 21  0.540020  0.730700
11 22  0.535306  0.660244
11 23  0.536812  0.654620
11 24  0.596489  0.927188
11 25  0.366322  0.571993
11 26  0.595324  1.003280
11 27  0.578251  0.849492
11 28  0.607463  1.063006
11 29  0.596506  0.980350
11 30  0.603496  1.018576
12 13  0.574898  1.213921
12 14  0.612347  1.306987
12 15  0.601191  1.238389
12 16  0.569558  1.181870
12 17  0.559174  1.053281
12 18  0.558937  1.070025
12 19  0.573335  1.199613
12 20  0.569317  1.094030
12 21  0.573622  1.030415
12 22  0.581743  0.970981
12 23  0.584172  0.966879
12 24  0.572903  1.155255
12 25  0.604117  1.032217
12 26  0.568234  1.232595
12 27  0.603545  1.140936
12 28  0.610682  1.322758
12 29  0.603445  1.247512
12 30  0.400563  1.201199
13 14  0.594530  1.215749
13 15  0.592083  1.218446
13 16  0.562251  1.127689
13 17  0.572138  1.054452
13 18  0.580597  1.058936
13 19  0.562516  1.162090
13 20  0.560037  1.056512
13 21  0.564828  0.992993
13 22  0.572914  0.933326
13 23  0.575356  0.929232
13 24  0.552723  1.103944
13 25  0.595265  0.994610
13 26  0.356892  1.118135
13 27  0.594756  1.103805
13 28  0.595242  1.290400
13 29  0.594235  1.211924
13 30  0.568550  1.213311
14 15  0.586736  1.253374
14 16  0.555182  1.169082
14 17  0.586812  1.097956
14 18  0.594639  1.111914
14 19  0.542540  1.165060
14 20  0.571890  1.098532
14 21  0.575640  1.036390
14 22  0.584926  0.977106
14 23  0.587280  0.972993
14 24  0.604345  1.199286
14 25  0.606844  1.038254
14 26  0.594145  1.273522
14 27  0.605841  1.147055
14 28  0.378051  1.247769
14 29  0.580227  1.204863
14 30  0.609511  1.285160
15 16  0.563816  1.147779
15 17  0.575115  1.050883
15 18  0.582575  1.064301
15 19  0.533486  1.116357
15 20  0.532734  1.018545
15 21  0.562412  0.988930
15 22  0.572656  0.929274
15 23  0.574805  0.925266
15 24  0.594088  1.155089
15 25  0.595179  0.990982
15 26  0.593196  1.230914
15 27  0.573911  1.070039
15 28  0.581011  1.247395
15 29  0.369737  1.108461
15 30  0.601455  1.244757
16 17  0.548734  0.968351
16 18  0.555668  0.966376
16 19  0.536608  1.081928
16 20  0.534995  0.978877
16 21  0.539229  0.907304
16 22  0.547448  0.855116
16 23  0.549880  0.850092
16 24  0.549069  1.008633
16 25  0.569788  0.915361
16 26  0.564626  1.154880
16 27  0.568949  1.015502
16 28  0.556069  1.161290
16 29  0.566202  1.099141
16 30  0.571982  1.153841
17 18  0.520816  0.864936
17 19  0.547488  0.981143
17 20  0.543357  0.878804
17 21  0.547539  0.816662
17 22  0.555637  0.756694
17 23  0.558070  0.752654
17 24  0.568094  0.962924
17 25  0.578006  0.818289
17 26  0.568726  1.021553
17 27  0.577565  0.925935
17 28  0.587613  1.097118
17 29  0.577337  1.037169
17 30  0.566392  1.059263
18 19  0.555103  1.001530
18 20  0.550889  0.894837
18 21  0.555074  0.829165
18 22  0.563173  0.770537
18 23  0.565606  0.766252
18 24  0.576908  0.958852
18 25  0.585542  0.831866
18 26  0.578105  1.068495
18 27  0.585099  0.939681
18 28  0.595463  1.122422
18 29  0.584865  1.044889
18 30  0.568923  1.056458
19 20  0.528011  0.952896
19 21  0.537013  0.925984
19 22  0.545288  0.864306
19 23  0.547718  0.862241
19 24  0.566601  1.091614
19 25  0.567588  0.922454
19 26  0.563664  1.126484
19 27  0.564298  1.023733
19 28  0.548367  1.179313
19 29  0.543128  1.114655
19 30  0.573459  1.159202
20 21  0.529670  0.815231
20 22  0.540480  0.756240
20 23  0.543294  0.755029
20 24  0.562640  0.986590
20 25  0.560564  0.807750
20 26  0.561418  1.049295
20 27  0.537297  0.906865
20 28  0.570965  1.105980
20 29  0.540811  1.010607
20 30  0.569630  1.071227
21 22  0.540023  0.688968
21 23  0.541318  0.679486
21 24  0.566816  0.919311
21 25  0.546649  0.736988
21 26  0.565659  0.998423
21 27  0.542512  0.834855
21 28  0.577558  1.051108
21 29  0.563439  0.952547
21 30  0.573815  1.011913
22 23  0.508814  0.590238
22 24  0.574922  0.862716
22 25  0.545058  0.668986
22 26  0.573781  0.938496
22 27  0.571080  0.795260
22 28  0.586183  0.996476
22 29  0.574990  0.915897
22 30  0.581923  0.954259
23 24  0.577355  0.858224
23 25  0.547943  0.667194
23 26  0.576214  0.934901
23 27  0.574662  0.795711
23 28  0.588614  0.992804
23 29  0.577350  0.909116
23 30  0.584355  0.950123
24 25  0.597289  0.923501
24 26  0.558300  1.150170
24 27  0.596837  1.029511
24 28  0.605226  1.200021
24 29  0.596471  1.127129
24 30  0.578857  1.152080
25 26  0.596144  0.998979
25 27  0.587331  0.860377
25 28  0.608538  1.059959
25 29  0.596244  0.966815
25 30  0.604289  1.013954
26 27  0.595680  1.105394
26 28  0.596489  1.236924
26 29  0.594577  1.207586
26 30  0.577564  1.198648
27 28  0.604759  1.131943
27 29  0.583754  1.072324
27 30  0.603844  1.124304
28 29  0.591584  1.263780
28 30  0.613628  1.310017
29 30  0.603383  1.209392
