  -1146.51718846
  -1146.87812851    -1146.75065581
0.00001335699247
2 2 2 2 2 2 2 2 2 2 2 2 2 2 2 0 0 0 0 0 0 0 0 0 0 0 0 0 0 0 
1  0.268422  0.520038
2  0.278392  0.417899
3  0.286841  0.453435
4  0.268763  0.553928
5  0.264147  0.465652
6  0.265388  0.376599
7  0.275943  0.324598
8  0.277953  0.323718
9  0.302605  0.565697
10  0.304203  0.503777
11  0.300863  0.396994
12  0.309726  0.640635
13  0.303208  0.611624
14  0.315329  0.666701
15  0.301838  0.624624
16  0.277618  0.544902
17  0.281984  0.439154
18  0.289435  0.452920
19  0.273511  0.557241
20  0.268883  0.457553
21  0.271688  0.395351
22  0.278045  0.326116
23  0.280614  0.320816
24  0.304432  0.540940
25  0.301530  0.393391
26  0.304150  0.614819
27  0.303561  0.505938
28  0.316363  0.685680
29  0.303892  0.611763
30  0.309820  0.626977
1 2  0.545958  0.929268
1 3  0.553852  0.948998
1 4  0.535089  1.063758
1 5  0.532443  0.983667
1 6  0.533686  0.888958
1 7  0.544355  0.844003
1 8  0.546364  0.841953
1 9  0.552500  1.009762
1 10  0.572181  1.014506
1 11  0.569253  0.915296
1 12  0.574285  1.134928
1 13  0.568550  1.128136
1 14  0.561585  1.140978
1 15  0.567007  1.102421
1 16  0.260125  0.875279
1 17  0.550253  0.957456
1 18  0.556461  0.971933
1 19  0.541286  1.067312
1 20  0.537061  0.975402
1 21  0.539330  0.914628
1 22  0.546442  0.846054
1 23  0.548916  0.840765
1 24  0.558113  1.058368
1 25  0.569837  0.913112
1 26  0.568670  1.114035
1 27  0.570676  1.024847
1 28  0.559497  1.177342
1 29  0.569530  1.129387
1 30  0.571843  1.138159
2 3  0.521646  0.843206
2 4  0.547073  0.967240
2 5  0.542520  0.880272
2 6  0.543779  0.794068
2 7  0.554334  0.741990
2 8  0.556344  0.741307
2 9  0.572438  0.960551
2 10  0.582584  0.917841
2 11  0.579254  0.814559
2 12  0.571554  1.047073
2 13  0.574351  0.998436
2 14  0.592909  1.063871
2 15  0.580216  1.041239
2 16  0.555842  0.961500
2 17  0.272237  0.632794
2 18  0.519432  0.826776
2 19  0.551382  0.974396
2 20  0.547203  0.874939
2 21  0.550047  0.813022
2 22  0.556435  0.743964
2 23  0.559003  0.738679
2 24  0.581124  0.956322
2 25  0.579902  0.811148
2 26  0.579283  1.031352
2 27  0.581949  0.923272
2 28  0.594389  1.102124
2 29  0.582010  1.028730
2 30  0.561984  1.008269
3 4  0.555587  1.005234
3 5  0.550968  0.918270
3 6  0.552227  0.828007
3 7  0.562784  0.777760
3 8  0.564793  0.776647
3 9  0.581767  0.978905
3 10  0.591031  0.953839
3 11  0.587703  0.850038
3 12  0.573384  1.053638
3 13  0.585424  1.059287
3 14  0.601684  1.108044
3 15  0.588647  1.067714
3 16  0.562838  0.997201
3 17  0.519228  0.845329
3 18  0.279433  0.677015
3 19  0.560218  1.009468
3 20  0.555721  0.910393
3 21  0.558464  0.848443
3 22  0.564885  0.779488
3 23  0.567447  0.774200
3 24  0.588504  0.993316
3 25  0.588351  0.846647
3 26  0.588946  1.057841
3 27  0.590346  0.958627
3 28  0.603020  1.137455
3 29  0.590453  1.063833
3 30  0.565190  1.048545
4 5  0.527938  0.977159
4 6  0.534013  0.928455
4 7  0.544624  0.875750
4 8  0.546621  0.877327
4 9  0.571077  1.113715
4 10  0.570522  1.043704
4 11  0.569475  0.941550
4 12  0.578032  1.165271
4 13  0.570174  1.126259
4 14  0.554704  1.182363
4 15  0.547172  1.138221
4 16  0.545445  1.088326
4 17  0.550146  0.992172
4 18  0.557933  1.005706
4 19  0.274366  0.949611
4 20  0.533884  1.009917
4 21  0.540187  0.947023
4 22  0.546599  0.879881
4 23  0.549354  0.874611
4 24  0.572956  1.092347
4 25  0.569599  0.946949
4 26  0.570669  1.165661
4 27  0.571644  1.056788
4 28  0.549507  1.187410
4 29  0.543031  1.133744
4 30  0.578303  1.177432
5 6  0.527075  0.835864
5 7  0.539620  0.787296
5 8  0.541942  0.789216
5 9  0.566734  1.029821
5 10  0.542965  0.945009
5 11  0.562381  0.845867
5 12  0.573848  1.095910
5 13  0.567172  1.057767
5 14  0.576746  1.112439
5 15  0.545414  1.058329
5 16  0.541604  1.007336
5 17  0.546009  0.904136
5 18  0.553572  0.917953
5 19  0.534007  1.021201
5 20  0.260895  0.725046
5 21  0.535119  0.855245
5 22  0.540619  0.790912
5 23  0.544202  0.785655
5 24  0.568570  1.005666
5 25  0.564026  0.858544
5 26  0.567460  1.078484
5 27  0.536735  0.933707
5 28  0.579753  1.146632
5 29  0.539516  1.047217
5 30  0.573775  1.090712
6 7  0.537275  0.695976
6 8  0.537351  0.688652
6 9  0.567982  0.937853
6 10  0.546113  0.854861
6 11  0.546506  0.754201
6 12  0.575105  1.013557
6 13  0.568568  0.987178
6 14  0.580274  1.038030
6 15  0.563953  0.975715
6 16  0.542236  0.920794
6 17  0.547350  0.815512
6 18  0.554766  0.829230
6 19  0.538464  0.932124
6 20  0.533593  0.829597
6 21  0.258825  0.537109
6 22  0.542348  0.699994
6 23  0.542328  0.695459
6 24  0.569716  0.916939
6 25  0.540904  0.744855
6 26  0.569535  0.990688
6 27  0.538718  0.851847
6 28  0.580342  1.061097
6 29  0.567213  0.987649
6 30  0.575160  1.002733
7 8  0.507479  0.609125
7 9  0.578548  0.889844
7 10  0.576153  0.815038
7 11  0.546241  0.696033
7 12  0.585669  0.964998
7 13  0.579150  0.934915
7 14  0.591186  0.986728
7 15  0.577682  0.948860
7 16  0.553483  0.869398
7 17  0.557926  0.763691
7 18  0.565377  0.777455
7 19  0.549287  0.881686
7 20  0.543308  0.781201
7 21  0.546435  0.717563
7 22  0.278192  0.400492
7 23  0.504507  0.598003
7 24  0.580364  0.865451
7 25  0.538364  0.678943
7 26  0.580066  0.939268
7 27  0.578185  0.830064
7 28  0.592298  1.010053
7 29  0.579227  0.935648
7 30  0.585738  0.951405
8 9  0.580557  0.888386
8 10  0.579624  0.819991
8 11  0.548670  0.697535
8 12  0.587679  0.964026
8 13  0.581159  0.935050
8 14  0.593196  0.987035
8 15  0.579585  0.944094
8 16  0.555380  0.868502
8 17  0.559937  0.762819
8 18  0.567379  0.776576
8 19  0.551455  0.880827
8 20  0.546427  0.780293
8 21  0.545588  0.716976
8 22  0.504481  0.601538
8 23  0.278052  0.387970
8 24  0.582360  0.864566
8 25  0.540079  0.678402
8 26  0.582079  0.938421
8 27  0.580831  0.828983
8 28  0.594164  1.009189
8 29  0.581054  0.935048
8 30  0.587742  0.950550
9 10  0.606782  1.063092
9 11  0.603465  0.961692
9 12  0.586615  1.170581
9 13  0.569876  1.162793
9 14  0.615306  1.205013
9 15  0.604207  1.166396
9 16  0.564794  1.107575
9 17  0.582627  1.001186
9 18  0.589310  1.017390
9 19  0.575924  1.119323
9 20  0.571479  1.022266
9 21  0.574134  0.960266
9 22  0.580646  0.891710
9 23  0.583196  0.886427
9 24  0.365764  0.959734
9 25  0.604106  0.958744
9 26  0.567029  1.128400
9 27  0.605992  1.070260
9 28  0.616171  1.243978
9 29  0.606052  1.174557
9 30  0.580458  1.146802
10 11  0.593772  0.890581
10 12  0.613921  1.142238
10 13  0.607354  1.107145
10 14  0.615948  1.130008
10 15  0.591310  1.112544
10 16  0.580551  1.047477
10 17  0.586185  0.942266
10 18  0.593597  0.956004
10 19  0.577020  1.058853
10 20  0.542256  0.926013
10 21  0.546624  0.869619
10 22  0.580611  0.829135
10 23  0.584210  0.823954
10 24  0.608505  1.043612
10 25  0.586157  0.873958
10 26  0.608150  1.117065
10 27  0.372490  0.860070
10 28  0.619408  1.187176
10 29  0.585569  1.080300
10 30  0.613781  1.128977
11 12  0.610586  1.034706
11 13  0.604065  1.005501
11 14  0.616151  1.062231
11 15  0.601829  1.010571
11 16  0.578400  0.941557
11 17  0.582826  0.835964
11 18  0.590280  0.849728
11 19  0.573639  0.953856
11 20  0.567684  0.853962
11 21  0.545649  0.764122
11 22  0.539248  0.684866
11 23  0.540908  0.678131
11 24  0.605284  0.937631
11 25  0.371178  0.606810
11 26  0.604990  1.011249
11 27  0.585584  0.880711
11 28  0.616833  1.081907
11 29  0.604561  1.008465
11 30  0.610682  1.023397
12 13  0.585875  1.197888
12 14  0.624043  1.301096
12 15  0.611340  1.236314
12 16  0.580807  1.175698
12 17  0.566898  1.041657
12 18  0.566543  1.057908
12 19  0.582799  1.194613
12 20  0.578414  1.096308
12 21  0.581369  1.034971
12 22  0.587761  0.966562
12 23  0.590327  0.961316
12 24  0.583436  1.140242
12 25  0.611256  1.033459
12 26  0.579347  1.214618
12 27  0.613116  1.144525
12 28  0.621965  1.313640
12 29  0.613578  1.247659
12 30  0.409049  1.174676
13 14  0.607674  1.216372
13 15  0.604434  1.225810
13 16  0.576031  1.131815
13 17  0.581957  1.049456
13 18  0.590445  1.054275
13 19  0.574236  1.165840
13 20  0.571336  1.067468
13 21  0.574890  1.006239
13 22  0.581228  0.937584
13 23  0.583818  0.932349
13 24  0.565300  1.098177
13 25  0.604697  1.004538
13 26  0.369503  1.103313
13 27  0.606655  1.115982
13 28  0.608634  1.289703
13 29  0.606587  1.220439
13 30  0.579562  1.201020
14 15  0.598902  1.271753
14 16  0.568873  1.183937
14 17  0.596873  1.104287
14 18  0.604650  1.118157
14 19  0.554434  1.182244
14 20  0.583346  1.120547
14 21  0.585656  1.060751
14 22  0.593364  0.992624
14 23  0.595828  0.987372
14 24  0.617496  1.201794
14 25  0.616333  1.059322
14 26  0.607737  1.273189
14 27  0.617826  1.170457
14 28  0.391452  1.257947
14 29  0.592462  1.225273
14 30  0.620968  1.281558
15 16  0.576042  1.166686
15 17  0.583622  1.062588
15 18  0.590935  1.076118
15 19  0.543956  1.138939
15 20  0.542595  1.047510
15 21  0.570992  1.019032
15 22  0.579503  0.950189
15 23  0.581714  0.945131
15 24  0.605801  1.162842
15 25  0.603156  1.017715
15 26  0.605710  1.236202
15 27  0.584033  1.098738
15 28  0.593060  1.264041
15 29  0.380483  1.135822
15 30  0.611556  1.247145
16 17  0.558510  0.974184
16 18  0.565367  0.972147
16 19  0.548076  1.096216
16 20  0.546275  1.000908
16 21  0.549136  0.929863
16 22  0.555657  0.870544
16 23  0.558225  0.863938
16 24  0.560746  1.009992
16 25  0.579106  0.936118
16 26  0.578419  1.154931
16 27  0.580649  1.037732
16 28  0.569131  1.170840
16 29  0.578212  1.117213
16 30  0.583198  1.150646
17 18  0.526673  0.863669
17 19  0.555347  0.987653
17 20  0.550850  0.892990
17 21  0.553671  0.833872
17 22  0.560028  0.764840
17 23  0.562597  0.759796
17 24  0.576915  0.957786
17 25  0.583514  0.832236
17 26  0.578420  1.014775
17 27  0.585536  0.941239
17 28  0.597363  1.099296
17 29  0.585850  1.049668
17 30  0.573927  1.048683
18 19  0.562909  1.009000
18 20  0.558299  0.909782
18 21  0.561121  0.845757
18 22  0.567480  0.778868
18 23  0.570048  0.773310
18 24  0.585768  0.955094
18 25  0.590965  0.845827
18 26  0.587682  1.060592
18 27  0.592986  0.955113
18 28  0.605153  1.124760
18 29  0.593303  1.056392
18 30  0.576468  1.046392
19 20  0.537035  0.973886
19 21  0.544965  0.951544
19 22  0.551509  0.880192
19 23  0.554062  0.877840
19 24  0.577609  1.094898
19 25  0.574917  0.943349
19 26  0.575293  1.126515
19 27  0.573798  1.046737
19 28  0.559620  1.191060
19 29  0.553361  1.134220
19 30  0.582788  1.155982
20 21  0.537004  0.847844
20 22  0.546253  0.779810
20 23  0.549232  0.778163
20 24  0.573299  0.997399
20 25  0.567354  0.835450
20 26  0.572939  1.056235
20 27  0.546342  0.938213
20 28  0.581984  1.124014
20 29  0.550637  1.037265
20 30  0.578676  1.075006
21 22  0.544371  0.715388
21 23  0.545804  0.703836
21 24  0.576104  0.931407
21 25  0.552066  0.768912
21 26  0.575802  1.009083
21 27  0.550368  0.868021
21 28  0.587443  1.071753
21 29  0.571830  0.980072
21 30  0.581494  1.018664
22 23  0.511735  0.608169
22 24  0.582476  0.866851
22 25  0.548873  0.692616
22 26  0.582192  0.939904
22 27  0.577271  0.819128
22 28  0.594359  1.008309
22 29  0.581830  0.937712
22 30  0.587864  0.952770
23 24  0.585045  0.861007
23 25  0.552002  0.690026
23 26  0.584761  0.935515
23 27  0.580945  0.819191
23 28  0.596939  1.003968
23 29  0.584331  0.929037
23 30  0.590433  0.947445
24 25  0.605956  0.933124
24 26  0.570986  1.138888
24 27  0.607974  1.040902
24 28  0.618180  1.199353
24 29  0.608121  1.134865
24 30  0.589372  1.138444
25 26  0.605671  1.005788
25 27  0.594552  0.891305
25 28  0.617840  1.078312
25 29  0.604055  0.991974
25 30  0.611346  1.017271
26 27  0.607666  1.114441
26 28  0.609619  1.234838
26 29  0.606865  1.213033
26 30  0.588570  1.183054
27 28  0.616141  1.149163
27 29  0.593741  1.101414
27 30  0.613374  1.130821
28 29  0.603461  1.280066
28 30  0.624988  1.304698
29 30  0.613393  1.210240
