  -1146.51718846
  -1146.87824348    -1146.75096509
0.00000808568413
2 2 2 2 2 2 2 2 2 2 2 2 2 2 2 0 0 0 0 0 0 0 0 0 0 0 0 0 0 0 
1  0.268807  0.520563
2  0.278576  0.418332
3  0.286996  0.453761
4  0.269067  0.554277
5  0.264442  0.466535
6  0.265554  0.377719
7  0.276035  0.325251
8  0.278079  0.324280
9  0.302970  0.565600
10  0.304504  0.504629
11  0.301025  0.398009
12  0.310016  0.640237
13  0.303620  0.611596
14  0.315748  0.667013
15  0.302173  0.625039
16  0.278024  0.545562
17  0.282156  0.439581
18  0.289592  0.453327
19  0.273828  0.557586
20  0.269186  0.458366
21  0.271860  0.396555
22  0.278133  0.326727
23  0.280737  0.321362
24  0.304802  0.540893
25  0.301687  0.394368
26  0.304572  0.614585
27  0.303859  0.506725
28  0.316765  0.685830
29  0.304230  0.612271
30  0.310119  0.626713
1 2  0.546517  0.930174
1 3  0.554384  0.949803
1 4  0.535763  1.064647
1 5  0.533120  0.985071
1 6  0.534231  0.890460
1 7  0.544830  0.845159
1 8  0.546873  0.842976
1 9  0.553168  1.010100
1 10  0.572862  1.015833
1 11  0.569799  0.916794
1 12  0.574951  1.135104
1 13  0.569334  1.128642
1 14  0.562356  1.141763
1 15  0.567707  1.103330
1 16  0.260819  0.876250
1 17  0.550810  0.958400
1 18  0.556988  0.972877
1 19  0.541981  1.068249
1 20  0.537747  0.976719
1 21  0.539876  0.916349
1 22  0.546911  0.847188
1 23  0.549414  0.841834
1 24  0.558818  1.058808
1 25  0.570376  0.914610
1 26  0.569473  1.114462
1 27  0.571346  1.026162
1 28  0.560280  1.178154
1 29  0.570255  1.130432
1 30  0.572519  1.138434
2 3  0.521951  0.843977
2 4  0.547559  0.967952
2 5  0.542999  0.881500
2 6  0.544129  0.795608
2 7  0.554610  0.743041
2 8  0.556655  0.742286
2 9  0.572973  0.960848
2 10  0.583068  0.919003
2 11  0.579601  0.815992
2 12  0.572030  1.047098
2 13  0.574943  0.998796
2 14  0.593501  1.064436
2 15  0.580735  1.042090
2 16  0.556433  0.962585
2 17  0.272550  0.633646
2 18  0.519765  0.827795
2 19  0.551861  0.975179
2 20  0.547691  0.876185
2 21  0.550399  0.814658
2 22  0.556709  0.745006
2 23  0.559311  0.739657
2 24  0.581676  0.956712
2 25  0.580241  0.812557
2 26  0.579885  1.031558
2 27  0.582432  0.924489
2 28  0.594966  1.102718
2 29  0.582523  1.029673
2 30  0.562469  1.008567
3 4  0.556045  1.005918
3 5  0.551417  0.919474
3 6  0.552548  0.829371
3 7  0.563030  0.778725
3 8  0.565073  0.777505
3 9  0.582285  0.979176
3 10  0.591487  0.954946
3 11  0.588020  0.851364
3 12  0.573840  1.053599
3 13  0.585984  1.059567
3 14  0.602251  1.108596
3 15  0.589137  1.068354
3 16  0.563387  0.998197
3 17  0.519547  0.846272
3 18  0.279715  0.677749
3 19  0.560691  1.010125
3 20  0.556179  0.911532
3 21  0.558781  0.849970
3 22  0.565129  0.780423
3 23  0.567724  0.775070
3 24  0.589027  0.993604
3 25  0.588659  0.847947
3 26  0.589524  1.057973
3 27  0.590800  0.959739
3 28  0.603573  1.137934
3 29  0.590929  1.064684
3 30  0.565646  1.048700
4 5  0.528518  0.978267
4 6  0.534482  0.929898
4 7  0.545017  0.876690
4 8  0.547046  0.878230
4 9  0.571739  1.113979
4 10  0.571108  1.044820
4 11  0.569942  0.942786
4 12  0.578619  1.165140
4 13  0.570873  1.126478
4 14  0.555406  1.183008
4 15  0.547798  1.138968
4 16  0.546149  1.089394
4 17  0.550597  0.992954
4 18  0.558390  1.006455
4 19  0.274998  0.950237
4 20  0.534491  1.011091
4 21  0.540667  0.948549
4 22  0.546985  0.880839
4 23  0.549779  0.875501
4 24  0.573625  1.092650
4 25  0.570037  0.948275
4 26  0.571399  1.165810
4 27  0.572237  1.057935
4 28  0.550208  1.188192
4 29  0.543670  1.134796
4 30  0.578902  1.177547
5 6  0.527529  0.837811
5 7  0.540004  0.788791
5 8  0.542361  0.790656
5 9  0.567392  1.030613
5 10  0.543546  0.946713
5 11  0.562832  0.847595
5 12  0.574433  1.096245
5 13  0.567875  1.058420
5 14  0.577436  1.113540
5 15  0.546036  1.059515
5 16  0.542305  1.008848
5 17  0.546470  0.905451
5 18  0.554026  0.919241
5 19  0.534618  1.022439
5 20  0.261429  0.726813
5 21  0.535583  0.857341
5 22  0.540988  0.792400
5 23  0.544624  0.787073
5 24  0.569235  1.006503
5 25  0.564476  0.860409
5 26  0.568151  1.079151
5 27  0.537318  0.935530
5 28  0.580443  1.147668
5 29  0.540139  1.048745
5 30  0.574370  1.091336
6 7  0.537529  0.697719
6 8  0.537636  0.690249
6 9  0.568511  0.938758
6 10  0.546579  0.856777
6 11  0.546824  0.756293
6 12  0.575560  1.014182
6 13  0.569146  0.988257
6 14  0.580858  1.039430
6 15  0.564443  0.977037
6 16  0.542793  0.922567
6 17  0.547686  0.817060
6 18  0.555083  0.830755
6 19  0.538948  0.933564
6 20  0.534058  0.831535
6 21  0.259104  0.539615
6 22  0.542601  0.701719
6 23  0.542613  0.697136
6 24  0.570246  0.918010
6 25  0.541220  0.747008
6 26  0.570123  0.991571
6 27  0.539184  0.853799
6 28  0.580893  1.062356
6 29  0.567715  0.989284
6 30  0.575627  1.003583
7 8  0.507694  0.610428
7 9  0.579004  0.890379
7 10  0.576539  0.816411
7 11  0.546500  0.697730
7 12  0.586050  0.965246
7 13  0.579654  0.935489
7 14  0.591692  0.987577
7 15  0.578108  0.949925
7 16  0.553979  0.870709
7 17  0.558190  0.764770
7 18  0.565625  0.778514
7 19  0.549689  0.882682
7 20  0.543687  0.782660
7 21  0.546698  0.719414
7 22  0.278355  0.401959
7 23  0.504718  0.599306
7 24  0.580825  0.866056
7 25  0.538617  0.680636
7 26  0.580576  0.939684
7 27  0.578573  0.831507
7 28  0.592792  1.010853
7 29  0.579655  0.936797
7 30  0.586125  0.951791
8 9  0.581047  0.888803
8 10  0.580044  0.821339
8 11  0.548962  0.699159
8 12  0.588094  0.964175
8 13  0.581697  0.935581
8 14  0.593739  0.987857
8 15  0.580046  0.945003
8 16  0.555900  0.869721
8 17  0.560235  0.763807
8 18  0.567661  0.777544
8 19  0.551897  0.881731
8 20  0.546858  0.781657
8 21  0.545880  0.718754
8 22  0.504693  0.602811
8 23  0.278283  0.389295
8 24  0.582854  0.865080
8 25  0.540361  0.680018
8 26  0.582628  0.938747
8 27  0.581250  0.830326
8 28  0.594688  1.009901
8 29  0.581506  0.936116
8 30  0.588164  0.950846
9 10  0.607448  1.063784
9 11  0.603991  0.962584
9 12  0.587250  1.170196
9 13  0.570619  1.162686
9 14  0.616085  1.205192
9 15  0.604906  1.166701
9 16  0.565510  1.108117
9 17  0.583161  1.001516
9 18  0.589831  1.017709
9 19  0.576602  1.119570
9 20  0.572148  1.022984
9 21  0.574667  0.961369
9 22  0.581099  0.892222
9 23  0.583682  0.886874
9 24  0.366415  0.959391
9 25  0.604626  0.959621
9 26  0.567770  1.128320
9 27  0.606649  1.070959
9 28  0.616929  1.244099
9 29  0.606756  1.174985
9 30  0.581099  1.146628
10 11  0.594221  0.892398
10 12  0.614511  1.142696
10 13  0.608066  1.107878
10 14  0.616648  1.130997
10 15  0.591910  1.113780
10 16  0.581246  1.048989
10 17  0.586658  0.943543
10 18  0.594054  0.957264
10 19  0.577631  1.060058
10 20  0.542841  0.927804
10 21  0.547096  0.871697
10 22  0.581001  0.830601
10 23  0.584631  0.825345
10 24  0.609177  1.044421
10 25  0.586604  0.875745
10 26  0.608875  1.117683
10 27  0.373045  0.861936
10 28  0.620108  1.188196
10 29  0.586188  1.081697
10 30  0.614375  1.129578
11 12  0.611038  1.035224
11 13  0.604640  1.006416
11 14  0.616730  1.063538
11 15  0.602317  1.011851
11 16  0.578969  0.943228
11 17  0.583159  0.837405
11 18  0.590598  0.851148
11 19  0.574100  0.955215
11 20  0.568147  0.855794
11 21  0.545970  0.766402
11 22  0.539505  0.686547
11 23  0.541190  0.679760
11 24  0.605816  0.938597
11 25  0.371478  0.609181
11 26  0.605575  1.012019
11 27  0.586035  0.882479
11 28  0.617396  1.083059
11 29  0.605059  1.009988
11 30  0.611143  1.024141
12 13  0.586538  1.197524
12 14  0.624746  1.301051
12 15  0.611961  1.236236
12 16  0.581484  1.175972
12 17  0.567361  1.041833
12 18  0.566993  1.058031
12 19  0.583403  1.194591
12 20  0.578999  1.096732
12 21  0.581828  1.035771
12 22  0.588138  0.966772
12 23  0.590739  0.961462
12 24  0.584084  1.139981
12 25  0.611702  1.034031
12 26  0.580002  1.214138
12 27  0.613700  1.144924
12 28  0.622645  1.313364
12 29  0.614205  1.247803
12 30  0.409596  1.173967
13 14  0.608447  1.216502
13 15  0.605171  1.226183
13 16  0.576845  1.132591
13 17  0.582538  1.049866
13 18  0.591015  1.054692
13 19  0.574968  1.166195
13 20  0.572035  1.068272
13 21  0.575474  1.007412
13 22  0.581728  0.938164
13 23  0.584354  0.932865
13 24  0.566024  1.098371
13 25  0.605267  1.005481
13 26  0.370289  1.102890
13 27  0.607368  1.116744
13 28  0.609423  1.289811
13 29  0.607332  1.220930
13 30  0.580232  1.200894
14 15  0.599621  1.272486
14 16  0.569686  1.185012
14 17  0.597455  1.105038
14 18  0.605226  1.118879
14 19  0.555163  1.183141
14 20  0.584061  1.121677
14 21  0.586227  1.062252
14 22  0.593871  0.993544
14 23  0.596367  0.988228
14 24  0.618275  1.202106
14 25  0.616912  1.060593
14 26  0.608561  1.273255
14 27  0.618539  1.171570
14 28  0.392281  1.258339
14 29  0.593185  1.226208
14 30  0.621667  1.281583
15 16  0.576781  1.167775
15 17  0.584125  1.063434
15 18  0.591410  1.076957
15 19  0.544606  1.139942
15 20  0.543228  1.048876
15 21  0.571502  1.020659
15 22  0.579924  0.951205
15 23  0.582157  0.946092
15 24  0.606505  1.163232
15 25  0.603645  1.019107
15 26  0.606459  1.236398
15 27  0.584640  1.099949
15 28  0.593764  1.264707
15 29  0.381181  1.136763
15 30  0.612187  1.247331
16 17  0.559083  0.975210
16 18  0.565924  0.973139
16 19  0.548776  1.097213
16 20  0.546981  1.002377
16 21  0.549709  0.931538
16 22  0.556150  0.871795
16 23  0.558753  0.865076
16 24  0.561444  1.010459
16 25  0.579666  0.937699
16 26  0.579238  1.155380
16 27  0.581345  1.039112
16 28  0.569904  1.171585
16 29  0.578937  1.118329
16 30  0.583894  1.151047
17 18  0.526965  0.864513
17 19  0.555833  0.988300
17 20  0.551325  0.894131
17 21  0.554015  0.835483
17 22  0.560289  0.765846
17 23  0.562893  0.760762
17 24  0.577446  0.958150
17 25  0.583843  0.833626
17 26  0.579011  1.014966
17 27  0.586005  0.942322
17 28  0.597927  1.099698
17 29  0.586359  1.050606
17 30  0.574400  1.048844
18 19  0.563383  1.009759
18 20  0.558759  0.910998
18 21  0.561450  0.847260
18 22  0.567726  0.779875
18 23  0.570329  0.774235
18 24  0.586288  0.955482
18 25  0.591279  0.847192
18 26  0.588239  1.060732
18 27  0.593439  0.956214
18 28  0.605708  1.125215
18 29  0.593799  1.057218
18 30  0.576939  1.046530
19 20  0.537638  0.974937
19 21  0.545453  0.953078
19 22  0.551916  0.881074
19 23  0.554502  0.878733
19 24  0.578292  1.095197
19 25  0.575391  0.944554
19 26  0.576017  1.126585
19 27  0.574391  1.047767
19 28  0.560312  1.191570
19 29  0.554004  1.135023
19 30  0.583397  1.155960
20 21  0.537467  0.849816
20 22  0.546640  0.781181
20 23  0.549657  0.779516
20 24  0.573972  0.998170
20 25  0.567808  0.837092
20 26  0.573664  1.056733
20 27  0.546918  0.939772
20 28  0.582668  1.124903
20 29  0.551268  1.038492
20 30  0.579278  1.075414
21 22  0.544632  0.717180
21 23  0.546096  0.705494
21 24  0.576645  0.932421
21 25  0.552383  0.771050
21 26  0.576393  1.010040
21 27  0.550837  0.869933
21 28  0.588015  1.073048
21 29  0.572336  0.981583
21 30  0.581965  1.019505
22 23  0.511947  0.609429
22 24  0.582935  0.867405
22 25  0.549123  0.694229
22 26  0.582703  0.940239
22 27  0.577652  0.820409
22 28  0.594847  1.008972
22 29  0.582257  0.938827
22 30  0.588252  0.953104
23 24  0.585539  0.861469
23 25  0.552286  0.691583
23 26  0.585306  0.935826
23 27  0.581357  0.820459
23 28  0.597465  1.004632
23 29  0.584793  0.930026
23 30  0.590856  0.947704
24 25  0.606482  0.934015
24 26  0.571729  1.138625
24 27  0.608643  1.041584
24 28  0.618950  1.199426
24 29  0.608828  1.135281
24 30  0.590025  1.138201
25 26  0.606249  1.006468
25 27  0.595000  0.893041
25 28  0.618398  1.079427
25 29  0.604542  0.993295
25 30  0.611801  1.017860
26 27  0.608384  1.114934
26 28  0.610402  1.234778
26 29  0.607603  1.213267
26 30  0.589255  1.182617
27 28  0.616818  1.149913
27 29  0.594346  1.102699
27 30  0.613972  1.131354
28 29  0.604165  1.280717
28 30  0.625682  1.304646
29 30  0.614027  1.210331
