  -1146.51718846
  -1146.87834819    -1146.75125829
0.00000295753492
2 2 2 2 2 2 2 2 2 2 2 2 2 2 2 0 0 0 0 0 0 0 0 0 0 0 0 0 0 0 
1  0.269197  0.521003
2  0.278738  0.418756
3  0.287150  0.454053
4  0.269374  0.554791
5  0.264733  0.467651
6  0.265724  0.379032
7  0.276102  0.326016
8  0.278179  0.324975
9  0.303340  0.565325
10  0.304815  0.505647
11  0.301185  0.399170
12  0.310274  0.639665
13  0.304035  0.611359
14  0.316168  0.667385
15  0.302517  0.625737
16  0.278432  0.546133
17  0.282315  0.439960
18  0.289761  0.453679
19  0.274149  0.558120
20  0.269475  0.459427
21  0.272041  0.397921
22  0.278208  0.327456
23  0.280842  0.321998
24  0.305163  0.540722
25  0.301850  0.395475
26  0.304992  0.614162
27  0.304158  0.507709
28  0.317178  0.686092
29  0.304565  0.612985
30  0.310380  0.626260
1 2  0.547060  0.930994
1 3  0.554932  0.950495
1 4  0.536447  1.065611
1 5  0.533798  0.986621
1 6  0.534785  0.892030
1 7  0.545288  0.846335
1 8  0.547364  0.844026
1 9  0.553853  1.010193
1 10  0.573560  1.017239
1 11  0.570348  0.918339
1 12  0.575594  1.135037
1 13  0.570127  1.128863
1 14  0.563136  1.142513
1 15  0.568424  1.104404
1 16  0.261506  0.877077
1 17  0.551361  0.959219
1 18  0.557534  0.973684
1 19  0.542686  1.069288
1 20  0.538424  0.978205
1 21  0.540435  0.918150
1 22  0.547373  0.848357
1 23  0.549903  0.842907
1 24  0.559514  1.059033
1 25  0.570927  0.916154
1 26  0.570279  1.114643
1 27  0.572029  1.027590
1 28  0.561078  1.178999
1 29  0.570980  1.131595
1 30  0.573157  1.138442
2 3  0.522214  0.844711
2 4  0.548025  0.968812
2 5  0.543448  0.882916
2 6  0.544460  0.797329
2 7  0.554840  0.744175
2 8  0.556916  0.743383
2 9  0.573497  0.960980
2 10  0.583537  0.920274
2 11  0.579923  0.817557
2 12  0.572461  1.046937
2 13  0.575521  0.998943
2 14  0.594082  1.065061
2 15  0.581239  1.043222
2 16  0.557003  0.963579
2 17  0.272811  0.634456
2 18  0.520073  0.828771
2 19  0.552314  0.976142
2 20  0.548140  0.877672
2 21  0.550738  0.816450
2 22  0.556944  0.746159
2 23  0.559578  0.740717
2 24  0.582197  0.956978
2 25  0.580562  0.814089
2 26  0.580465  1.031569
2 27  0.582894  0.925895
2 28  0.595535  1.103418
2 29  0.583009  1.030813
2 30  0.562890  1.008687
3 4  0.556505  1.006730
3 5  0.551860  0.920873
3 6  0.552871  0.830859
3 7  0.563252  0.779757
3 8  0.565328  0.778446
3 9  0.582809  0.979253
3 10  0.591951  0.956164
3 11  0.588335  0.852800
3 12  0.574270  1.053360
3 13  0.586545  1.059612
3 14  0.602819  1.109170
3 15  0.589635  1.069229
3 16  0.563933  0.999077
3 17  0.519836  0.847159
3 18  0.279992  0.678405
3 19  0.561165  1.010928
3 20  0.556622  0.912885
3 21  0.559102  0.851627
3 22  0.565358  0.781443
3 23  0.567983  0.775997
3 24  0.589539  0.993736
3 25  0.588974  0.849345
3 26  0.590101  1.057905
3 27  0.591250  0.961017
3 28  0.604135  1.138494
3 29  0.591399  1.065708
3 30  0.566067  1.048645
4 5  0.529098  0.979721
4 6  0.534959  0.931692
4 7  0.545391  0.877892
4 8  0.547448  0.879430
4 9  0.572408  1.114231
4 10  0.571705  1.046252
4 11  0.570410  0.944305
4 12  0.579177  1.165006
4 13  0.571584  1.126665
4 14  0.556112  1.183882
4 15  0.548438  1.140121
4 16  0.546857  1.090541
4 17  0.551036  0.993850
4 18  0.558862  1.007304
4 19  0.275640  0.951268
4 20  0.535084  1.012677
4 21  0.541155  0.950409
4 22  0.547360  0.882081
4 23  0.550189  0.876645
4 24  0.574287  1.092993
4 25  0.570490  0.949896
4 26  0.572128  1.165938
4 27  0.572836  1.059440
4 28  0.550918  1.189238
4 29  0.544309  1.136208
4 30  0.579464  1.177640
5 6  0.527983  0.840172
5 7  0.540363  0.790626
5 8  0.542750  0.792463
5 9  0.568051  1.031464
5 10  0.544137  0.948813
5 11  0.563276  0.849675
5 12  0.574981  1.096626
5 13  0.568575  1.059090
5 14  0.578125  1.114930
5 15  0.546656  1.061170
5 16  0.543003  1.010513
5 17  0.546910  0.906952
5 18  0.554485  0.920708
5 19  0.535224  1.024099
5 20  0.261956  0.729111
5 21  0.536051  0.859836
5 22  0.541342  0.794243
5 23  0.545018  0.788817
5 24  0.569886  1.007452
5 25  0.564926  0.862637
5 26  0.568838  1.079867
5 27  0.537897  0.937798
5 28  0.581139  1.149043
5 29  0.540754  1.050732
5 30  0.574918  1.092007
6 7  0.537765  0.699769
6 8  0.537904  0.692151
6 9  0.569051  0.939647
6 10  0.547065  0.859039
6 11  0.547141  0.758714
6 12  0.575988  1.014794
6 13  0.569730  0.989318
6 14  0.581451  1.041076
6 15  0.564951  0.978779
6 16  0.543359  0.924444
6 17  0.548011  0.818752
6 18  0.555408  0.832419
6 19  0.539438  0.935388
6 20  0.534515  0.833912
6 21  0.259393  0.542547
6 22  0.542844  0.703756
6 23  0.542880  0.699102
6 24  0.570776  0.919149
6 25  0.541538  0.749501
6 26  0.570712  0.992460
6 27  0.539654  0.856142
6 28  0.581461  1.063916
6 29  0.568218  0.991317
6 30  0.576054  1.004438
7 8  0.507858  0.611994
7 9  0.579442  0.890838
7 10  0.576914  0.818041
7 11  0.546738  0.699692
7 12  0.586376  0.965432
7 13  0.580137  0.935953
7 14  0.592178  0.988575
7 15  0.578520  0.951385
7 16  0.554451  0.872044
7 17  0.558416  0.765912
7 18  0.565861  0.779630
7 19  0.550075  0.883979
7 20  0.544034  0.784481
7 21  0.546946  0.721541
7 22  0.278491  0.403691
7 23  0.504887  0.600824
7 24  0.581252  0.866649
7 25  0.538855  0.682582
7 26  0.581062  0.940025
7 27  0.578940  0.833258
7 28  0.593272  1.011876
7 29  0.580055  0.938267
7 30  0.586450  0.952104
8 9  0.581518  0.889157
8 10  0.580451  0.822977
8 11  0.549227  0.701067
8 12  0.588452  0.964277
8 13  0.582211  0.936037
8 14  0.594260  0.988865
8 15  0.580492  0.946313
8 16  0.556398  0.870984
8 17  0.560494  0.764881
8 18  0.567929  0.778591
8 19  0.552317  0.882959
8 20  0.547249  0.783403
8 21  0.546154  0.720835
8 22  0.504865  0.604352
8 23  0.278489  0.390865
8 24  0.583309  0.865605
8 25  0.540624  0.681914
8 26  0.583150  0.939019
8 27  0.581645  0.831999
8 28  0.595200  1.010860
8 29  0.581933  0.937524
8 30  0.588523  0.951087
9 10  0.608130  1.064461
9 11  0.604522  0.963437
9 12  0.587862  1.169486
9 13  0.571364  1.162198
9 14  0.616873  1.205254
9 15  0.605620  1.167114
9 16  0.566241  1.108385
9 17  0.583687  1.001638
9 18  0.590367  1.017801
9 19  0.577287  1.119834
9 20  0.572808  1.023773
9 21  0.575214  0.962461
9 22  0.581543  0.892676
9 23  0.584153  0.887236
9 24  0.367047  0.958736
9 25  0.605158  0.960454
9 26  0.568508  1.127918
9 27  0.607313  1.071682
9 28  0.617702  1.244160
9 29  0.607466  1.175441
9 30  0.581712  1.146128
10 11  0.594677  0.894529
10 12  0.615079  1.143153
10 13  0.608790  1.108556
10 14  0.617354  1.132162
10 15  0.592527  1.115453
10 16  0.581957  1.050581
10 17  0.587126  0.944938
10 18  0.594531  0.958637
10 19  0.578254  1.061618
10 20  0.543425  0.930026
10 21  0.547586  0.874109
10 22  0.581388  0.832352
10 23  0.585044  0.826992
10 24  0.609845  1.045276
10 25  0.587062  0.877843
10 26  0.609608  1.118282
10 27  0.373617  0.864237
10 28  0.620826  1.189491
10 29  0.586808  1.083469
10 30  0.614941  1.130157
11 12  0.611456  1.035694
11 13  0.605215  1.007259
11 14  0.617310  1.065049
11 15  0.602814  1.013533
11 16  0.579534  0.944955
11 17  0.583475  0.838944
11 18  0.590927  0.852660
11 19  0.574565  0.956907
11 20  0.568593  0.858019
11 21  0.546299  0.769000
11 22  0.539748  0.688501
11 23  0.541449  0.681640
11 24  0.606335  0.939585
11 25  0.371793  0.611873
11 26  0.606157  1.012744
11 27  0.586482  0.884605
11 28  0.617967  1.084467
11 29  0.605551  1.011863
11 30  0.611564  1.024842
12 13  0.587188  1.196840
12 14  0.625421  1.300897
12 15  0.612559  1.236243
12 16  0.582139  1.176003
12 17  0.567780  1.041811
12 18  0.567422  1.057941
12 19  0.583970  1.194584
12 20  0.579536  1.097237
12 21  0.582263  1.036563
12 22  0.588469  0.966928
12 23  0.591101  0.961524
12 24  0.584687  1.139453
12 25  0.612123  1.034558
12 26  0.580643  1.213304
12 27  0.614258  1.145349
12 28  0.623300  1.313043
12 29  0.614796  1.247990
12 30  0.410099  1.172842
13 14  0.609218  1.216523
13 15  0.605913  1.226617
13 16  0.577662  1.133103
13 17  0.583109  1.050021
13 18  0.591597  1.054871
13 19  0.575707  1.166531
13 20  0.572728  1.069120
13 21  0.576070  1.008540
13 22  0.582214  0.938656
13 23  0.584875  0.933263
13 24  0.566749  1.098270
13 25  0.605845  1.006346
13 26  0.371062  1.102045
13 27  0.608082  1.117498
13 28  0.610217  1.289821
13 29  0.608073  1.221417
13 30  0.580886  1.200374
14 15  0.600347  1.273541
14 16  0.570495  1.186070
14 17  0.598028  1.105808
14 18  0.605813  1.119610
14 19  0.555896  1.184277
14 20  0.584763  1.123112
14 21  0.586815  1.063978
14 22  0.594365  0.994643
14 23  0.596890  0.989236
14 24  0.619046  1.202355
14 25  0.617497  1.062054
14 26  0.609365  1.273188
14 27  0.619255  1.172940
14 28  0.393113  1.258937
14 29  0.593913  1.227381
14 30  0.622338  1.281491
15 16  0.577531  1.169053
15 17  0.584617  1.064513
15 18  0.591899  1.078029
15 19  0.545269  1.141408
15 20  0.543850  1.050776
15 21  0.572026  1.022729
15 22  0.580335  0.952624
15 23  0.582594  0.947425
15 24  0.607213  1.163774
15 25  0.604149  1.020911
15 26  0.607217  1.236686
15 27  0.585253  1.101641
15 28  0.594490  1.265742
15 29  0.381885  1.138266
15 30  0.612787  1.247620
16 17  0.559648  0.976107
16 18  0.566502  0.973991
16 19  0.549484  1.098309
16 20  0.547675  1.004008
16 21  0.550292  0.933258
16 22  0.556632  0.873071
16 23  0.559267  0.866207
16 24  0.562140  1.010740
16 25  0.580235  0.939316
16 26  0.580056  1.155553
16 27  0.582046  1.040583
16 28  0.570693  1.172320
16 29  0.579663  1.119552
16 30  0.584552  1.151192
17 18  0.527242  0.865250
17 19  0.556309  0.989090
17 20  0.551770  0.895445
17 21  0.554354  0.837203
17 22  0.560522  0.766906
17 23  0.563157  0.761767
17 24  0.577959  0.958352
17 25  0.584165  0.835091
17 26  0.579592  1.014929
17 27  0.586461  0.943511
17 28  0.598492  1.100168
17 29  0.586850  1.051705
17 30  0.574830  1.048772
18 19  0.563871  1.010653
18 20  0.559215  0.912406
18 21  0.561798  0.848838
18 22  0.567968  0.780941
18 23  0.570602  0.775185
18 24  0.586814  0.955703
18 25  0.591610  0.848629
18 26  0.588812  1.060639
18 27  0.593905  0.957436
18 28  0.606288  1.125710
18 29  0.594304  1.058196
18 30  0.577381  1.046454
19 20  0.538233  0.976377
19 21  0.545954  0.954967
19 22  0.552311  0.882242
19 23  0.554926  0.879904
19 24  0.578967  1.095568
19 25  0.575873  0.946056
19 26  0.576742  1.126639
19 27  0.574988  1.049150
19 28  0.561011  1.192367
19 29  0.554649  1.136201
19 30  0.583971  1.155967
20 21  0.537925  0.852192
20 22  0.547001  0.782909
20 23  0.550048  0.781207
20 24  0.574620  0.999066
20 25  0.568255  0.839084
20 26  0.574373  1.057271
20 27  0.547493  0.941753
20 28  0.583349  1.126126
20 29  0.551887  1.040145
20 30  0.579827  1.075872
21 22  0.544886  0.719254
21 23  0.546381  0.707392
21 24  0.577184  0.933443
21 25  0.552716  0.773475
21 26  0.576992  1.010975
21 27  0.551320  0.872193
21 28  0.588608  1.074601
21 29  0.572844  0.983439
21 30  0.582406  1.020299
22 23  0.512124  0.610914
22 24  0.583370  0.867946
22 25  0.549368  0.696097
22 26  0.583198  0.940484
22 27  0.578020  0.821985
22 28  0.595332  1.009833
22 29  0.582667  0.940266
22 30  0.588587  0.953365
23 24  0.586004  0.861881
23 25  0.552559  0.693370
23 26  0.585831  0.936040
23 27  0.581757  0.822013
23 28  0.597984  1.005495
23 29  0.585234  0.931308
23 30  0.591221  0.947856
24 25  0.607005  0.934906
24 26  0.572464  1.138051
24 27  0.609304  1.042325
24 28  0.619721  1.199474
24 29  0.609521  1.135789
24 30  0.590635  1.137671
25 26  0.606833  1.007077
25 27  0.595451  0.895105
25 28  0.618972  1.080781
25 29  0.605031  0.994924
25 30  0.612224  1.018358
26 27  0.609101  1.115418
26 28  0.611187  1.234651
26 29  0.608334  1.213519
26 30  0.589912  1.181871
27 28  0.617504  1.150893
27 29  0.594949  1.104384
27 30  0.614531  1.131898
28 29  0.604876  1.281670
28 30  0.626351  1.304524
29 30  0.614618  1.210418
