   -993.85295360
   -994.18544415     -994.08217956
0.00025700888854
2 2 2 2 2 2 2 2 2 2 2 2 2 0 0 0 0 0 0 0 0 0 0 0 0 0 
1  0.320887  0.396148
2  0.349824  0.582758
3  0.349470  0.579851
4  0.367698  0.728797
5  0.368114  0.728787
6  0.397206  0.803869
7  0.365716  0.749345
8  0.365977  0.749046
9  0.397063  0.803540
10  0.313073  0.519348
11  0.304906  0.497362
12  0.304835  0.498181
13  0.312874  0.519924
14  0.312362  0.514839
15  0.319910  0.538237
16  0.319863  0.536964
17  0.312454  0.514548
18  0.320250  0.392953
19  0.368551  0.744184
20  0.368803  0.744177
21  0.351855  0.578664
22  0.392022  0.787337
23  0.372339  0.730215
24  0.392463  0.788003
25  0.372289  0.729057
26  0.352103  0.581091
1 2  0.653177  0.972846
1 3  0.652759  0.970248
1 4  0.686528  1.121939
1 5  0.686931  1.122119
1 6  0.705662  1.191104
1 7  0.682778  1.135360
1 8  0.683048  1.135522
1 9  0.705501  1.190347
1 10  0.633660  0.913726
1 11  0.624791  0.889818
1 12  0.624718  0.890436
1 13  0.633465  0.914168
1 14  0.632162  0.910442
1 15  0.639301  0.933904
1 16  0.639273  0.932614
1 17  0.632265  0.910133
1 18  0.595640  0.747942
1 19  0.686288  1.138360
1 20  0.686558  1.138271
1 21  0.659695  0.970178
1 22  0.678046  1.163861
1 23  0.689983  1.125299
1 24  0.678608  1.164435
1 25  0.689962  1.124088
1 26  0.659880  0.972624
2 3  0.694950  1.128940
2 4  0.714764  1.270473
2 5  0.690234  1.213815
2 6  0.708635  1.293034
2 7  0.711174  1.284212
2 8  0.709692  1.288069
2 9  0.733765  1.309500
2 10  0.658818  1.066030
2 11  0.653318  1.061184
2 12  0.653559  1.060823
2 13  0.661828  1.082359
2 14  0.661917  1.096992
2 15  0.669262  1.119923
2 16  0.666847  1.116419
2 17  0.657666  1.094665
2 18  0.657560  0.972032
2 19  0.717693  1.325740
2 20  0.697936  1.311258
2 21  0.670310  1.152454
2 22  0.737390  1.369587
2 23  0.721007  1.310356
2 24  0.596647  1.284957
2 25  0.715002  1.304852
2 26  0.698045  1.162341
3 4  0.689579  1.212084
3 5  0.714842  1.268411
3 6  0.733575  1.308040
3 7  0.709094  1.285880
3 8  0.711112  1.282138
3 9  0.708144  1.290626
3 10  0.661677  1.079339
3 11  0.653282  1.057633
3 12  0.652898  1.059215
3 13  0.658289  1.064047
3 14  0.657225  1.092098
3 15  0.666531  1.114817
3 16  0.668872  1.115760
3 17  0.661658  1.093798
3 18  0.657150  0.968983
3 19  0.697376  1.308631
3 20  0.717600  1.322818
3 21  0.697496  1.157003
3 22  0.596047  1.280606
3 23  0.714685  1.303185
3 24  0.737505  1.367359
3 25  0.720625  1.306311
3 26  0.670179  1.151974
4 5  0.734227  1.418199
4 6  0.758826  1.456826
4 7  0.684344  1.323661
4 8  0.731761  1.434493
4 9  0.748608  1.410224
4 10  0.680299  1.230213
4 11  0.672143  1.209316
4 12  0.664747  1.164371
4 13  0.647008  1.133082
4 14  0.656578  1.239799
4 15  0.680062  1.263879
4 16  0.687408  1.263249
4 17  0.680076  1.241517
4 18  0.684880  1.120361
4 19  0.486164  1.330746
4 20  0.736304  1.468140
4 21  0.718405  1.304830
4 22  0.749656  1.515507
4 23  0.701857  1.445196
4 24  0.759191  1.512573
4 25  0.739560  1.451650
4 26  0.713301  1.303596
5 6  0.749159  1.410199
5 7  0.731915  1.434312
5 8  0.684935  1.323460
5 9  0.759141  1.456182
5 10  0.647560  1.132596
5 11  0.665206  1.163712
5 12  0.672489  1.209890
5 13  0.680519  1.230713
5 14  0.680404  1.241784
5 15  0.687870  1.264477
5 16  0.680437  1.262567
5 17  0.657040  1.239459
5 18  0.685309  1.120469
5 19  0.736473  1.468104
5 20  0.486888  1.331129
5 21  0.713461  1.301223
5 22  0.759169  1.511841
5 23  0.740022  1.452744
5 24  0.750454  1.516137
5 25  0.702213  1.443983
5 26  0.719032  1.307245
6 7  0.755381  1.468157
6 8  0.729326  1.378305
6 9  0.760477  1.444222
6 10  0.705855  1.265658
6 11  0.695704  1.238219
6 12  0.700354  1.269293
6 13  0.708375  1.289653
6 14  0.709476  1.315386
6 15  0.716861  1.339515
6 16  0.714782  1.340366
6 17  0.708950  1.317333
6 18  0.681079  1.174924
6 19  0.765240  1.538968
6 20  0.762378  1.546508
6 21  0.605209  1.296957
6 22  0.786322  1.584762
6 23  0.768615  1.529547
6 24  0.744095  1.582497
6 25  0.758745  1.532423
6 26  0.744549  1.384309
7 8  0.729687  1.453046
7 9  0.729023  1.378237
7 10  0.678259  1.249500
7 11  0.670158  1.229238
7 12  0.640187  1.139410
7 13  0.667709  1.191235
7 14  0.673405  1.263227
7 15  0.668357  1.285591
7 16  0.685535  1.283883
7 17  0.678151  1.261151
7 18  0.683002  1.139682
7 19  0.698335  1.485743
7 20  0.734426  1.485399
7 21  0.717009  1.326645
7 22  0.754598  1.535326
7 23  0.490991  1.340249
7 24  0.757665  1.528723
7 25  0.737847  1.473355
7 26  0.697141  1.314197
8 9  0.755533  1.467749
8 10  0.668145  1.190525
8 11  0.640480  1.138563
8 12  0.670347  1.229729
8 13  0.678322  1.249926
8 14  0.678320  1.261130
8 15  0.685842  1.284830
8 16  0.668603  1.284024
8 17  0.673768  1.262655
8 18  0.683234  1.139628
8 19  0.734436  1.485058
8 20  0.698825  1.485450
8 21  0.697156  1.311708
8 22  0.757485  1.527737
8 23  0.738156  1.474175
8 24  0.755275  1.535686
8 25  0.490986  1.338217
8 26  0.717507  1.328774
9 10  0.708445  1.288711
9 11  0.700293  1.268296
9 12  0.695504  1.238570
9 13  0.705518  1.265933
9 14  0.708711  1.317292
9 15  0.714679  1.341306
9 16  0.716675  1.337942
9 17  0.709425  1.314771
9 18  0.680998  1.174277
9 19  0.761977  1.546174
9 20  0.765349  1.538652
9 21  0.744135  1.381552
9 22  0.743576  1.581438
9 23  0.758673  1.533212
9 24  0.786647  1.585029
9 25  0.768420  1.528111
9 26  0.605549  1.299928
10 11  0.573048  0.936708
10 12  0.617787  1.009573
10 13  0.625815  1.030783
10 14  0.625413  1.033395
10 15  0.632930  1.056591
10 16  0.589794  1.038452
10 17  0.318633  0.791079
10 18  0.631984  0.911826
10 19  0.681564  1.261338
10 20  0.665003  1.261898
10 21  0.662325  1.095047
10 22  0.704792  1.304413
10 23  0.685253  1.247171
10 24  0.703198  1.306906
10 25  0.678717  1.245530
10 26  0.664685  1.099414
11 12  0.609639  0.988280
11 13  0.617659  1.009416
11 14  0.617261  1.011346
11 15  0.624798  1.034775
11 16  0.317934  0.791406
11 17  0.579169  0.996305
11 18  0.624250  0.889782
11 19  0.673437  1.239006
11 20  0.669764  1.240826
11 21  0.652460  1.073478
11 22  0.696837  1.281750
11 23  0.677184  1.225780
11 24  0.696753  1.284384
11 25  0.654716  1.223243
11 26  0.656791  1.077822
12 13  0.572802  0.937860
12 14  0.578979  0.997453
12 15  0.317976  0.793636
12 16  0.624681  1.034324
12 17  0.617282  1.011872
12 18  0.624190  0.890539
12 19  0.669459  1.241640
12 20  0.673617  1.239815
12 21  0.656477  1.076210
12 22  0.696244  1.284524
12 23  0.654607  1.225209
12 24  0.697207  1.283224
12 25  0.677063  1.225442
12 26  0.652657  1.076662
13 14  0.318257  0.791909
13 15  0.589658  1.040341
13 16  0.632685  1.055903
13 17  0.625306  1.033682
13 18  0.631784  0.912354
13 19  0.664633  1.262504
13 20  0.681616  1.261913
13 21  0.664260  1.097564
13 22  0.702574  1.306810
13 23  0.678563  1.247240
13 24  0.705036  1.305667
13 25  0.685007  1.246601
13 26  0.662391  1.098012
14 15  0.584851  0.968416
14 16  0.632080  1.042386
14 17  0.624691  1.020722
14 18  0.631521  0.904114
14 19  0.647597  1.144458
14 20  0.680639  1.239339
14 21  0.662974  1.071344
14 22  0.697318  1.234737
14 23  0.676549  1.179348
14 24  0.702908  1.266536
14 25  0.684121  1.224559
14 26  0.663027  1.075738
15 16  0.639623  1.064970
15 17  0.632219  1.043248
15 18  0.639785  0.929631
15 19  0.677617  1.201106
15 20  0.688114  1.260619
15 21  0.670785  1.094679
15 22  0.707417  1.264760
15 23  0.656660  1.145923
15 24  0.710503  1.288085
15 25  0.691674  1.246627
15 26  0.667307  1.080161
16 17  0.584895  0.967097
16 18  0.639732  0.928137
16 19  0.687814  1.259644
16 20  0.677828  1.200122
16 21  0.667030  1.077052
16 22  0.710012  1.286656
16 23  0.691680  1.246519
16 24  0.707804  1.264446
16 25  0.656574  1.144073
16 26  0.671001  1.095676
17 18  0.631590  0.903522
17 19  0.680479  1.239079
17 20  0.647900  1.144179
17 21  0.662869  1.073246
17 22  0.702549  1.265681
17 23  0.684265  1.225193
17 24  0.697817  1.235003
17 25  0.676577  1.178069
17 26  0.663321  1.073129
18 19  0.684756  1.128161
18 20  0.684954  1.127522
18 21  0.655302  0.965647
18 22  0.699753  1.172737
18 23  0.690200  1.120917
18 24  0.700133  1.172829
18 25  0.690158  1.119480
18 26  0.655481  0.967557
19 20  0.735252  1.440918
19 21  0.715746  1.272655
19 22  0.726622  1.359512
19 23  0.688880  1.316399
19 24  0.753173  1.444611
19 25  0.738778  1.426718
19 26  0.714826  1.280383
20 21  0.714849  1.278475
20 22  0.752960  1.444057
20 23  0.739086  1.427283
20 24  0.727221  1.359719
20 25  0.689044  1.315591
20 26  0.716255  1.274215
21 22  0.730540  1.286472
21 23  0.721150  1.266242
21 24  0.703691  1.267584
21 25  0.696232  1.209082
21 26  0.698970  1.125201
22 23  0.748890  1.395379
22 24  0.751842  1.412316
22 25  0.758055  1.436891
22 26  0.703503  1.268473
23 24  0.758547  1.437702
23 25  0.742912  1.416446
23 26  0.696462  1.211361
24 25  0.749264  1.395294
24 26  0.731193  1.288297
25 26  0.721375  1.267149
