   -993.85295360
   -994.18880529     -994.09019814
0.00008913048792
2 2 2 2 2 2 2 2 2 2 2 2 2 0 0 0 0 0 0 0 0 0 0 0 0 0 
1  0.328973  0.403118
2  0.360508  0.577292
3  0.360405  0.577756
4  0.376151  0.735605
5  0.376352  0.735582
6  0.407052  0.792252
7  0.373288  0.755650
8  0.373318  0.755885
9  0.407039  0.792412
10  0.316969  0.541142
11  0.308569  0.519819
12  0.308548  0.519370
13  0.316859  0.540993
14  0.315894  0.536081
15  0.324082  0.557850
16  0.324043  0.557689
17  0.315927  0.536219
18  0.328142  0.399763
19  0.376288  0.751133
20  0.376322  0.750931
21  0.361968  0.575483
22  0.402765  0.778644
23  0.380863  0.734637
24  0.402761  0.778431
25  0.380713  0.734209
26  0.362046  0.576064
1 2  0.670563  0.973131
1 3  0.670446  0.973511
1 4  0.702960  1.136003
1 5  0.703153  1.135951
1 6  0.723774  1.186863
1 7  0.698366  1.149021
1 8  0.698400  1.149248
1 9  0.723772  1.186993
1 10  0.645656  0.942387
1 11  0.636400  0.918829
1 12  0.636383  0.918398
1 13  0.645549  0.942262
1 14  0.643604  0.938651
1 15  0.651508  0.960452
1 16  0.651474  0.960302
1 17  0.643635  0.938802
1 18  0.612497  0.761949
1 19  0.701774  1.152350
1 20  0.701818  1.152169
1 21  0.677741  0.973776
1 22  0.695071  1.160060
1 23  0.706676  1.136606
1 24  0.695012  1.159872
1 25  0.706536  1.136195
1 26  0.677791  0.974368
2 3  0.715880  1.123336
2 4  0.733492  1.272047
2 5  0.707107  1.217711
2 6  0.728926  1.280037
2 7  0.728977  1.285314
2 8  0.727674  1.291632
2 9  0.753565  1.295821
2 10  0.673124  1.082704
2 11  0.667785  1.078440
2 12  0.667779  1.075012
2 13  0.676420  1.096760
2 14  0.676132  1.112707
2 15  0.683971  1.134062
2 16  0.681824  1.131778
2 17  0.671509  1.111012
2 18  0.675938  0.972562
2 19  0.736051  1.327345
2 20  0.715482  1.312757
2 21  0.691077  1.143702
2 22  0.758305  1.355414
2 23  0.740043  1.309558
2 24  0.616434  1.266678
2 25  0.734191  1.305070
2 26  0.718343  1.151810
3 4  0.706827  1.218031
3 5  0.733584  1.272493
3 6  0.753479  1.296237
3 7  0.727550  1.291878
3 8  0.728895  1.286066
3 9  0.728801  1.280865
3 10  0.676422  1.097384
3 11  0.667693  1.075935
3 12  0.667665  1.078469
3 13  0.672914  1.082956
3 14  0.671384  1.111341
3 15  0.681760  1.132387
3 16  0.683840  1.134362
3 17  0.676062  1.113311
3 18  0.675855  0.973045
3 19  0.715359  1.313446
3 20  0.735989  1.327597
3 21  0.718194  1.151705
3 22  0.616158  1.267257
3 23  0.734235  1.305928
3 24  0.758203  1.355663
3 25  0.739803  1.309589
3 26  0.691043  1.144743
4 5  0.750655  1.428801
4 6  0.776656  1.452382
4 7  0.700155  1.335226
4 8  0.747315  1.445403
4 9  0.766683  1.407646
4 10  0.692596  1.255951
4 11  0.684182  1.235757
4 12  0.676884  1.189412
4 13  0.658583  1.156544
4 14  0.668459  1.268058
4 15  0.692729  1.290593
4 16  0.699969  1.290383
4 17  0.692013  1.269565
4 18  0.701207  1.133986
4 19  0.500454  1.343055
4 20  0.752278  1.481360
4 21  0.736838  1.308692
4 22  0.768218  1.513419
4 23  0.719039  1.457957
4 24  0.777893  1.510061
4 25  0.756334  1.463523
4 26  0.731772  1.305841
5 6  0.766901  1.407441
5 7  0.747487  1.445117
5 8  0.700379  1.335217
5 9  0.776843  1.452477
5 10  0.658865  1.156658
5 11  0.677091  1.189711
5 12  0.684364  1.235282
5 13  0.692688  1.255771
5 14  0.692178  1.269407
5 15  0.700199  1.290521
5 16  0.692890  1.290424
5 17  0.668640  1.268161
5 18  0.701403  1.133977
5 19  0.752439  1.481537
5 20  0.500767  1.342694
5 21  0.731885  1.305274
5 22  0.778087  1.510246
5 23  0.756672  1.463926
5 24  0.768390  1.513178
5 25  0.719090  1.457553
5 26  0.737097  1.309251
6 7  0.772210  1.464464
6 8  0.744916  1.376047
6 9  0.777997  1.427836
6 10  0.719602  1.273410
6 11  0.708966  1.246193
6 12  0.713778  1.276837
6 13  0.722099  1.296709
6 14  0.722861  1.324859
6 15  0.730818  1.347341
6 16  0.728680  1.349428
6 17  0.722274  1.327243
6 18  0.697835  1.168749
6 19  0.782801  1.535134
6 20  0.779788  1.541590
6 21  0.623016  1.279268
6 22  0.806806  1.565415
6 23  0.786893  1.522701
6 24  0.765088  1.561748
6 25  0.776474  1.525783
6 26  0.763872  1.367698
7 8  0.744456  1.464391
7 9  0.744873  1.375847
7 10  0.689677  1.274973
7 11  0.681363  1.255642
7 12  0.650367  1.161239
7 13  0.679280  1.214626
7 14  0.684541  1.290796
7 15  0.679542  1.311625
7 16  0.697279  1.310436
7 17  0.689200  1.288674
7 18  0.698158  1.153020
7 19  0.713875  1.499624
7 20  0.749509  1.498293
7 21  0.734599  1.329970
7 22  0.772889  1.532898
7 23  0.504916  1.349056
7 24  0.775545  1.526324
7 25  0.753832  1.484556
7 26  0.714098  1.315250
8 9  0.772241  1.464944
8 10  0.679419  1.214927
8 11  0.650410  1.161795
8 12  0.681371  1.255436
8 13  0.689596  1.275070
8 14  0.689196  1.288774
8 15  0.697347  1.310831
8 16  0.679564  1.311693
8 17  0.684610  1.291166
8 18  0.698185  1.153276
8 19  0.749504  1.498713
8 20  0.713941  1.499641
8 21  0.714087  1.314963
8 22  0.775576  1.526769
8 23  0.754012  1.485214
8 24  0.772906  1.532919
8 25  0.504679  1.348500
8 26  0.734704  1.330786
9 10  0.722196  1.297015
9 11  0.713790  1.277461
9 12  0.708921  1.245863
9 13  0.719470  1.273383
9 14  0.722224  1.327267
9 15  0.728690  1.349753
9 16  0.730771  1.347330
9 17  0.722881  1.325139
9 18  0.697758  1.168875
9 19  0.779735  1.541951
9 20  0.782822  1.535062
9 21  0.763785  1.367264
9 22  0.765075  1.562132
9 23  0.776594  1.526374
9 24  0.806800  1.565357
9 25  0.786735  1.522420
9 26  0.623325  1.280258
10 11  0.580704  0.975107
10 12  0.625386  1.050744
10 13  0.633692  1.071667
10 14  0.632843  1.076125
10 15  0.640956  1.097697
10 16  0.597924  1.082665
10 17  0.324405  0.834716
10 18  0.643663  0.940383
10 19  0.693191  1.289609
10 20  0.676169  1.290624
10 21  0.676383  1.113685
10 22  0.719406  1.317308
10 23  0.697601  1.273052
10 24  0.717327  1.319063
10 25  0.691081  1.272781
10 26  0.678426  1.116175
11 12  0.617010  1.030311
11 13  0.625296  1.051045
11 14  0.624459  1.054766
11 15  0.632638  1.076555
11 16  0.324276  0.834407
11 17  0.586247  1.041703
11 18  0.635559  0.919039
11 19  0.684842  1.267988
11 20  0.680883  1.269977
11 21  0.665916  1.092911
11 22  0.711264  1.295341
11 23  0.689384  1.252301
11 24  0.710762  1.297113
11 25  0.666561  1.250987
11 26  0.670404  1.095223
12 13  0.580584  0.974670
12 14  0.586178  1.041113
12 15  0.324382  0.834372
12 16  0.632579  1.075947
12 17  0.624472  1.054455
12 18  0.635541  0.918585
12 19  0.680841  1.269727
12 20  0.684855  1.267345
12 21  0.670308  1.094195
12 22  0.710750  1.296878
12 23  0.666588  1.250961
12 24  0.711240  1.294683
12 25  0.689213  1.251431
12 26  0.665961  1.093040
13 14  0.324171  0.834501
13 15  0.597873  1.082647
13 16  0.640812  1.097390
13 17  0.632767  1.076114
13 18  0.643560  0.940229
13 19  0.676099  1.290694
13 20  0.693118  1.289264
13 21  0.678251  1.115448
13 22  0.717236  1.319127
13 23  0.691110  1.273047
13 24  0.719297  1.316953
13 25  0.697348  1.272482
13 26  0.676357  1.114098
14 15  0.592702  1.003872
14 16  0.639773  1.082315
14 17  0.631684  1.061840
14 18  0.642772  0.931809
14 19  0.658062  1.166907
14 20  0.691635  1.264743
14 21  0.676402  1.087451
14 22  0.711423  1.245086
14 23  0.688652  1.202037
14 24  0.716600  1.275976
14 25  0.695976  1.248123
14 26  0.676555  1.092083
15 16  0.647970  1.103293
15 17  0.639844  1.082594
15 18  0.651855  0.955967
15 19  0.689455  1.224501
15 20  0.699740  1.284309
15 21  0.685001  1.109655
15 22  0.722378  1.274616
15 23  0.668164  1.166070
15 24  0.724881  1.296130
15 25  0.704218  1.268722
15 26  0.681171  1.095046
16 17  0.592696  1.003780
16 18  0.651817  0.955800
16 19  0.699670  1.284375
16 20  0.689472  1.224179
16 21  0.681050  1.094433
16 22  0.724852  1.296224
16 23  0.704333  1.269008
16 24  0.722338  1.274286
16 25  0.668003  1.165681
16 26  0.685046  1.110101
17 18  0.642803  0.931941
17 19  0.691635  1.265079
17 20  0.658125  1.166880
17 21  0.676507  1.091640
17 22  0.716638  1.276324
17 23  0.696159  1.248664
17 24  0.711441  1.245039
17 25  0.688525  1.201709
17 26  0.676512  1.088149
18 19  0.700265  1.141842
18 20  0.700293  1.141675
18 21  0.672176  0.967724
18 22  0.718496  1.170926
18 23  0.706458  1.132132
18 24  0.718494  1.170749
18 25  0.706310  1.131695
18 26  0.672251  0.968303
19 20  0.750290  1.452175
19 21  0.733141  1.275650
19 22  0.742907  1.359326
19 23  0.705003  1.327211
19 24  0.770593  1.442662
19 25  0.754665  1.436045
19 26  0.732484  1.284699
20 21  0.732445  1.283912
20 22  0.770629  1.442696
20 23  0.754849  1.436273
20 24  0.742942  1.359107
20 25  0.704897  1.326526
20 26  0.733251  1.276084
21 22  0.750596  1.276612
21 23  0.739439  1.267137
21 24  0.724073  1.258939
21 25  0.712945  1.212299
21 26  0.718413  1.118854
22 23  0.767824  1.394120
22 24  0.770156  1.399003
22 25  0.776734  1.433606
22 26  0.724149  1.259837
23 24  0.776889  1.433809
23 25  0.759617  1.423558
23 26  0.713151  1.213016
24 25  0.767669  1.393478
24 26  0.750687  1.277038
25 26  0.739371  1.267287
