   -993.85295360
   -994.18999168     -994.09325735
0.00002142034994
2 2 2 2 2 2 2 2 2 2 2 2 2 0 0 0 0 0 0 0 0 0 0 0 0 0 
1  0.332349  0.406936
2  0.364661  0.575190
3  0.364539  0.575306
4  0.379577  0.738475
5  0.379749  0.738596
6  0.410598  0.787288
7  0.376401  0.759012
8  0.376419  0.759259
9  0.410592  0.787304
10  0.318458  0.552687
11  0.310316  0.531122
12  0.310298  0.530550
13  0.318358  0.552512
14  0.317575  0.547591
15  0.325856  0.568757
16  0.325802  0.568771
17  0.317584  0.547737
18  0.331442  0.403377
19  0.379431  0.754478
20  0.379482  0.754382
21  0.365655  0.573490
22  0.406554  0.773562
23  0.384294  0.737197
24  0.406558  0.773454
25  0.384142  0.736924
26  0.365729  0.573773
1 2  0.677537  0.974068
1 3  0.677418  0.974154
1 4  0.709692  1.142753
1 5  0.709860  1.142852
1 6  0.730740  1.185916
1 7  0.704828  1.156242
1 8  0.704842  1.156467
1 9  0.730752  1.185931
1 10  0.650525  0.957800
1 11  0.641463  0.933773
1 12  0.641446  0.933219
1 13  0.650427  0.957640
1 14  0.648520  0.954013
1 15  0.656586  0.975140
1 16  0.656540  0.975161
1 17  0.648531  0.954163
1 18  0.619325  0.769432
1 19  0.708153  1.159562
1 20  0.708207  1.159474
1 21  0.684725  0.975456
1 22  0.701709  1.157679
1 23  0.713489  1.142993
1 24  0.701634  1.157532
1 25  0.713345  1.142729
1 26  0.684775  0.975738
2 3  0.723815  1.120120
2 4  0.740843  1.273083
2 5  0.713965  1.220312
2 6  0.736570  1.275096
2 7  0.736122  1.287181
2 8  0.734920  1.294202
2 9  0.761060  1.290375
2 10  0.678743  1.092578
2 11  0.673700  1.087941
2 12  0.673565  1.083406
2 13  0.682038  1.105744
2 14  0.681947  1.122113
2 15  0.689822  1.142886
2 16  0.687783  1.140827
2 17  0.677219  1.120485
2 18  0.683245  0.973831
2 19  0.743316  1.328648
2 20  0.722570  1.314101
2 21  0.698999  1.139495
2 22  0.765972  1.348204
2 23  0.747578  1.310191
2 24  0.623717  1.257934
2 25  0.741772  1.305989
2 26  0.726082  1.147294
3 4  0.713696  1.220232
3 5  0.740889  1.273306
3 6  0.760940  1.290506
3 7  0.734787  1.294052
3 8  0.736018  1.287546
3 9  0.736430  1.275261
3 10  0.682013  1.106026
3 11  0.673460  1.084077
3 12  0.673564  1.087491
3 13  0.678524  1.092492
3 14  0.677103  1.120460
3 15  0.687715  1.140925
3 16  0.689656  1.143012
3 17  0.681838  1.122373
3 18  0.683158  0.973972
3 19  0.722425  1.314347
3 20  0.743249  1.328667
3 21  0.725907  1.147132
3 22  0.623351  1.257966
3 23  0.741799  1.306365
3 24  0.765864  1.348210
3 25  0.747314  1.310024
3 26  0.698962  1.139897
4 5  0.757324  1.433633
4 6  0.783477  1.450955
4 7  0.706545  1.340844
4 8  0.753737  1.450896
4 9  0.773527  1.406666
4 10  0.697481  1.268931
4 11  0.689291  1.248561
4 12  0.682023  1.202004
4 13  0.663158  1.168713
4 14  0.673475  1.282565
4 15  0.697948  1.304516
4 16  0.705107  1.304136
4 17  0.697102  1.283712
4 18  0.707915  1.140454
4 19  0.506451  1.348611
4 20  0.758865  1.487525
4 21  0.743895  1.309756
4 22  0.775122  1.511095
4 23  0.726058  1.464077
4 24  0.785056  1.508124
4 25  0.763145  1.469107
4 26  0.738876  1.306676
5 6  0.773701  1.406728
5 7  0.753891  1.450762
5 8  0.706723  1.341064
5 9  0.783647  1.451076
5 10  0.663404  1.168936
5 11  0.682199  1.202559
5 12  0.689446  1.248120
5 13  0.697554  1.268875
5 14  0.697264  1.283686
5 15  0.705329  1.304241
5 16  0.698065  1.304654
5 17  0.673606  1.282826
5 18  0.708077  1.140577
5 19  0.758983  1.487739
5 20  0.506730  1.348641
5 21  0.738966  1.306531
5 22  0.785218  1.508350
5 23  0.763462  1.469497
5 24  0.775274  1.511108
5 25  0.726074  1.463952
5 26  0.744132  1.310161
6 7  0.778676  1.464271
6 8  0.750747  1.375836
6 9  0.784299  1.421128
6 10  0.724736  1.279581
6 11  0.714174  1.251749
6 12  0.718973  1.282137
6 13  0.727124  1.302237
6 14  0.728089  1.331302
6 15  0.736131  1.353173
6 16  0.733961  1.355507
6 17  0.727502  1.333733
6 18  0.704310  1.166796
6 19  0.789468  1.533955
6 20  0.786524  1.540042
6 21  0.629676  1.270536
6 22  0.814175  1.555715
6 23  0.793810  1.520479
6 24  0.772743  1.551972
6 25  0.783016  1.523423
6 26  0.770882  1.360391
7 8  0.750576  1.470762
7 9  0.750723  1.375605
7 10  0.694252  1.288526
7 11  0.686180  1.269099
7 12  0.654783  1.172899
7 13  0.683875  1.227653
7 14  0.689318  1.305626
7 15  0.684218  1.325964
7 16  0.702151  1.324588
7 17  0.693959  1.303296
7 18  0.704401  1.160006
7 19  0.720223  1.506612
7 20  0.755764  1.504985
7 21  0.741367  1.331422
7 22  0.779805  1.531166
7 23  0.510822  1.353875
7 24  0.782441  1.525065
7 25  0.760373  1.490485
7 26  0.720669  1.316257
8 9  0.778693  1.464539
8 10  0.683990  1.227996
8 11  0.654803  1.173542
8 12  0.686181  1.268790
8 13  0.694171  1.288609
8 14  0.693969  1.303400
8 15  0.702224  1.324825
8 16  0.684209  1.326229
8 17  0.689350  1.306015
8 18  0.704418  1.160259
8 19  0.755732  1.505323
8 20  0.720289  1.506762
8 21  0.720652  1.316274
8 22  0.782456  1.525418
8 23  0.760542  1.491004
8 24  0.779818  1.531308
8 25  0.510575  1.353669
8 26  0.741456  1.331950
9 10  0.727219  1.302412
9 11  0.718985  1.282700
9 12  0.714149  1.251234
9 13  0.724629  1.279445
9 14  0.727484  1.333607
9 15  0.733997  1.355513
9 16  0.736075  1.353193
9 17  0.728092  1.331454
9 18  0.704225  1.166733
9 19  0.786460  1.540159
9 20  0.789513  1.533862
9 21  0.770811  1.360118
9 22  0.772730  1.552099
9 23  0.783146  1.523716
9 24  0.814180  1.555611
9 25  0.793657  1.520212
9 26  0.629972  1.271076
10 11  0.583950  0.995028
10 12  0.628613  1.072358
10 13  0.636680  1.093545
10 14  0.636018  1.098968
10 15  0.644187  1.119954
10 16  0.601234  1.106038
10 17  0.327111  0.857725
10 18  0.648380  0.955514
10 19  0.697828  1.304197
10 20  0.680685  1.305708
10 21  0.681602  1.123252
10 22  0.724672  1.323671
10 23  0.702476  1.286949
10 24  0.722586  1.325615
10 25  0.696001  1.287171
10 26  0.683521  1.125460
11 12  0.620495  1.051804
11 13  0.628531  1.072752
11 14  0.627880  1.077412
11 15  0.636162  1.098569
11 16  0.327154  0.856882
11 17  0.589719  1.065120
11 18  0.640528  0.933982
11 19  0.689722  1.282407
11 20  0.685775  1.284706
11 21  0.671209  1.102272
11 22  0.716801  1.301509
11 23  0.694567  1.265942
11 24  0.716320  1.303384
11 25  0.671654  1.265056
11 26  0.675822  1.104233
12 13  0.583842  0.994427
12 14  0.589679  1.064400
12 15  0.327274  0.856473
12 16  0.636090  1.098014
12 17  0.627871  1.076987
12 18  0.640511  0.933410
12 19  0.685721  1.284231
12 20  0.689755  1.281746
12 21  0.675731  1.103382
12 22  0.716302  1.302921
12 23  0.671690  1.264753
12 24  0.716787  1.300835
12 25  0.694397  1.265106
12 26  0.671252  1.101985
13 14  0.326912  0.857343
13 15  0.601211  1.105828
13 16  0.644036  1.119794
13 17  0.635928  1.098939
13 18  0.648290  0.955339
13 19  0.680606  1.305637
13 20  0.697781  1.303928
13 21  0.683354  1.125003
13 22  0.722498  1.325545
13 23  0.696046  1.287264
13 24  0.724582  1.323390
13 25  0.702231  1.286505
13 26  0.681580  1.123354
14 15  0.596166  1.023259
14 16  0.643201  1.103676
14 17  0.635010  1.083683
14 18  0.647676  0.946743
14 19  0.662465  1.178933
14 20  0.696430  1.278215
14 21  0.681651  1.096041
14 22  0.716835  1.251040
14 23  0.693728  1.214655
14 24  0.721983  1.281635
14 25  0.701023  1.260793
14 26  0.681950  1.101563
15 16  0.651502  1.124127
15 17  0.643265  1.103793
15 18  0.656939  0.970514
15 19  0.694312  1.236980
15 20  0.704644  1.297267
15 21  0.690431  1.118186
15 22  0.728003  1.280268
15 23  0.672955  1.177400
15 24  0.730449  1.301451
15 25  0.709392  1.281049
15 26  0.686550  1.104044
16 17  0.596123  1.023366
16 18  0.656885  0.970527
16 19  0.704537  1.297390
16 20  0.694330  1.236941
16 21  0.686420  1.103832
16 22  0.730392  1.301593
16 23  0.709492  1.281342
16 24  0.727959  1.280215
16 25  0.672770  1.177263
16 26  0.690456  1.118494
17 18  0.647686  0.946889
17 19  0.696387  1.278445
17 20  0.662518  1.178969
17 21  0.681882  1.101418
17 22  0.721986  1.281870
17 23  0.701186  1.261190
17 24  0.716846  1.251073
17 25  0.693574  1.214503
17 26  0.681734  1.096454
18 19  0.706699  1.148851
18 20  0.706751  1.148760
18 21  0.678686  0.968725
18 22  0.725573  1.169591
18 23  0.713106  1.138380
18 24  0.725589  1.169487
18 25  0.712956  1.138104
18 26  0.678761  0.968998
19 20  0.756460  1.458023
19 21  0.739783  1.277412
19 22  0.749083  1.358965
19 23  0.711485  1.332620
19 24  0.777307  1.442259
19 25  0.761106  1.441212
19 26  0.739306  1.286976
20 21  0.739288  1.286610
20 22  0.777352  1.442268
20 23  0.761313  1.441380
20 24  0.749136  1.358840
20 25  0.711388  1.332283
20 26  0.739908  1.277598
21 22  0.757920  1.271602
21 23  0.746394  1.268187
21 24  0.731599  1.254494
21 25  0.719280  1.214308
21 26  0.725509  1.115860
22 23  0.774926  1.393241
22 24  0.776535  1.391466
22 25  0.783850  1.432535
22 26  0.731676  1.254891
23 24  0.784008  1.432682
23 25  0.766346  1.428071
23 26  0.719489  1.214737
24 25  0.774781  1.392905
24 26  0.758001  1.271776
25 26  0.746322  1.268203
