   -993.85295360
   -994.19006239     -994.09344763
0.00001829264771
2 2 2 2 2 2 2 2 2 2 2 2 2 0 0 0 0 0 0 0 0 0 0 0 0 0 
1  0.332565  0.407228
2  0.364917  0.575099
3  0.364812  0.575113
4  0.379789  0.738604
5  0.379954  0.738793
6  0.410806  0.786970
7  0.376601  0.759233
8  0.376618  0.759477
9  0.410804  0.786938
10  0.318582  0.553458
11  0.310447  0.531717
12  0.310430  0.531431
13  0.318481  0.553367
14  0.317697  0.548465
15  0.325973  0.569612
16  0.325919  0.569360
17  0.317708  0.548541
18  0.331643  0.403649
19  0.379634  0.754650
20  0.379683  0.754621
21  0.365898  0.573419
22  0.406781  0.773213
23  0.384521  0.737283
24  0.406783  0.773165
25  0.384372  0.737055
26  0.365967  0.573605
1 2  0.677967  0.974206
1 3  0.677864  0.974191
1 4  0.710112  1.143181
1 5  0.710274  1.143349
1 6  0.731166  1.185902
1 7  0.705240  1.156772
1 8  0.705253  1.156984
1 9  0.731183  1.185884
1 10  0.650866  0.958870
1 11  0.641804  0.934648
1 12  0.641788  0.934381
1 13  0.650767  0.958795
1 14  0.648849  0.955180
1 15  0.656915  0.976285
1 16  0.656871  0.976038
1 17  0.648862  0.955259
1 18  0.619759  0.770013
1 19  0.708563  1.160023
1 20  0.708614  1.160003
1 21  0.685176  0.975665
1 22  0.702114  1.157545
1 23  0.713929  1.143374
1 24  0.702035  1.157428
1 25  0.713788  1.143152
1 26  0.685221  0.975841
2 3  0.724319  1.119931
2 4  0.741301  1.273172
2 5  0.714387  1.220512
2 6  0.737035  1.274873
2 7  0.736570  1.287373
2 8  0.735374  1.294425
2 9  0.761520  1.290049
2 10  0.679121  1.093285
2 11  0.674087  1.088476
2 12  0.673942  1.084144
2 13  0.682418  1.106504
2 14  0.682324  1.122895
2 15  0.690185  1.143652
2 16  0.688157  1.141331
2 17  0.677594  1.121203
2 18  0.683691  0.973988
2 19  0.743772  1.328736
2 20  0.723015  1.314233
2 21  0.699501  1.139319
2 22  0.766432  1.347760
2 23  0.748058  1.310200
2 24  0.624161  1.257473
2 25  0.742260  1.306038
2 26  0.726569  1.147019
3 4  0.714139  1.220307
3 5  0.741356  1.273350
3 6  0.761411  1.290098
3 7  0.735258  1.294180
3 8  0.736480  1.287627
3 9  0.736912  1.274861
3 10  0.682410  1.106595
3 11  0.673852  1.084434
3 12  0.673968  1.088207
3 13  0.678918  1.093198
3 14  0.677493  1.121146
3 15  0.688104  1.141594
3 16  0.690036  1.143413
3 17  0.682232  1.122985
3 18  0.683619  0.974025
3 19  0.722889  1.314315
3 20  0.743720  1.328720
3 21  0.726415  1.146851
3 22  0.623811  1.257337
3 23  0.742301  1.306276
3 24  0.766334  1.347724
3 25  0.747815  1.309979
3 26  0.699473  1.139526
4 5  0.757729  1.433919
4 6  0.783886  1.450840
4 7  0.706946  1.341187
4 8  0.754138  1.451192
4 9  0.773955  1.406551
4 10  0.697816  1.269746
4 11  0.689628  1.249183
4 12  0.682361  1.202920
4 13  0.663475  1.169555
4 14  0.673808  1.283576
4 15  0.698276  1.305508
4 16  0.705431  1.304845
4 17  0.697439  1.284629
4 18  0.708327  1.140847
4 19  0.506838  1.348865
4 20  0.759278  1.487888
4 21  0.744347  1.309826
4 22  0.775543  1.510866
4 23  0.726501  1.464338
4 24  0.785489  1.507981
4 25  0.763582  1.469374
4 26  0.739328  1.306656
5 6  0.774115  1.406728
5 7  0.754287  1.451135
5 8  0.707117  1.341492
5 9  0.784052  1.450980
5 10  0.663714  1.169753
5 11  0.682529  1.203292
5 12  0.689777  1.249089
5 13  0.697882  1.269843
5 14  0.697592  1.284740
5 15  0.705644  1.305279
5 16  0.698387  1.305448
5 17  0.673934  1.283834
5 18  0.708482  1.141037
5 19  0.759391  1.488102
5 20  0.507112  1.349082
5 21  0.739417  1.306666
5 22  0.785647  1.508220
5 23  0.763890  1.469786
5 24  0.775688  1.511009
5 25  0.726513  1.464310
5 26  0.744571  1.310204
6 7  0.779069  1.464235
6 8  0.751114  1.375811
6 9  0.784666  1.420635
6 10  0.725072  1.280019
6 11  0.714502  1.251990
6 12  0.719305  1.282612
6 13  0.727456  1.302691
6 14  0.728419  1.331849
6 15  0.736456  1.353702
6 16  0.734286  1.355776
6 17  0.727835  1.334217
6 18  0.704695  1.166717
6 19  0.789878  1.533831
6 20  0.786935  1.539959
6 21  0.630101  1.270054
6 22  0.814612  1.555068
6 23  0.794243  1.520266
6 24  0.773200  1.551379
6 25  0.783424  1.523228
6 26  0.771307  1.359900
7 8  0.750965  1.471122
7 9  0.751098  1.375572
7 10  0.694576  1.289416
7 11  0.686510  1.269807
7 12  0.655087  1.173801
7 13  0.684193  1.228602
7 14  0.689641  1.306722
7 15  0.684525  1.327047
7 16  0.702469  1.325383
7 17  0.694281  1.304305
7 18  0.704794  1.160500
7 19  0.720630  1.507024
7 20  0.756163  1.505441
7 21  0.741808  1.331581
7 22  0.780232  1.531036
7 23  0.511220  1.354120
7 24  0.782867  1.525021
7 25  0.760803  1.490831
7 26  0.721095  1.316310
8 9  0.779083  1.464449
8 10  0.684308  1.228888
8 11  0.655107  1.174205
8 12  0.686509  1.269770
8 13  0.694492  1.289572
8 14  0.694288  1.304473
8 15  0.702537  1.325875
8 16  0.684516  1.327040
8 17  0.689673  1.307038
8 18  0.704808  1.160744
8 19  0.756133  1.505710
8 20  0.720693  1.507236
8 21  0.721083  1.316415
8 22  0.782882  1.525313
8 23  0.760968  1.491300
8 24  0.780243  1.531235
8 25  0.510977  1.354002
8 26  0.741890  1.332011
9 10  0.727556  1.302744
9 11  0.719321  1.282855
9 12  0.714483  1.251703
9 13  0.724970  1.279912
9 14  0.727819  1.334113
9 15  0.734324  1.355998
9 16  0.736405  1.353416
9 17  0.728428  1.331888
9 18  0.704609  1.166591
9 19  0.786878  1.539961
9 20  0.789925  1.533761
9 21  0.771248  1.359678
9 22  0.773193  1.551395
9 23  0.783555  1.523428
9 24  0.814619  1.554973
9 25  0.794095  1.519998
9 26  0.630396  1.270427
10 11  0.584187  0.996242
10 12  0.628868  1.073917
10 13  0.636929  1.095091
10 14  0.636264  1.100597
10 15  0.644422  1.121565
10 16  0.601473  1.107445
10 17  0.327319  0.859318
10 18  0.648704  0.956554
10 19  0.698154  1.305119
10 20  0.681005  1.306724
10 21  0.681970  1.123951
10 22  0.725024  1.324086
10 23  0.702822  1.287795
10 24  0.722935  1.326095
10 25  0.696353  1.288077
10 26  0.683873  1.126066
11 12  0.620757  1.053188
11 13  0.628784  1.074111
11 14  0.628132  1.078872
11 15  0.636409  1.100006
11 16  0.327369  0.858133
11 17  0.589973  1.066560
11 18  0.640853  0.934850
11 19  0.690054  1.283164
11 20  0.686104  1.285540
11 21  0.671580  1.102800
11 22  0.717159  1.301751
11 23  0.694926  1.266613
11 24  0.716674  1.303687
11 25  0.672012  1.265785
11 26  0.676190  1.104662
12 13  0.584081  0.995942
12 14  0.589932  1.066203
12 15  0.327489  0.858195
12 16  0.636340  1.099471
12 17  0.628125  1.078662
12 18  0.640836  0.934565
12 19  0.686053  1.285282
12 20  0.690085  1.282851
12 21  0.676107  1.104192
12 22  0.716660  1.303448
12 23  0.672046  1.265724
12 24  0.717143  1.301417
12 25  0.694761  1.266102
12 26  0.671617  1.102700
13 14  0.327117  0.859066
13 15  0.601449  1.107596
13 16  0.644272  1.121226
13 17  0.636175  1.100582
13 18  0.648613  0.956465
13 19  0.680928  1.306669
13 20  0.698104  1.305000
13 21  0.683711  1.125791
13 22  0.722848  1.326051
13 23  0.696395  1.288212
13 24  0.724930  1.323948
13 25  0.702576  1.287480
13 26  0.681941  1.124043
14 15  0.596393  1.024754
14 16  0.643441  1.105040
14 17  0.635256  1.085256
14 18  0.647993  0.947876
14 19  0.662769  1.179788
14 20  0.696750  1.279206
14 21  0.682003  1.096780
14 22  0.717183  1.251536
14 23  0.694073  1.215525
14 24  0.722322  1.282135
14 25  0.701372  1.261682
14 26  0.682311  1.102291
15 16  0.651737  1.125488
15 17  0.643504  1.105349
15 18  0.657256  0.971651
15 19  0.694626  1.237887
15 20  0.704959  1.298249
15 21  0.690794  1.118966
15 22  0.728351  1.280771
15 23  0.673280  1.178209
15 24  0.730791  1.301953
15 25  0.709739  1.281947
15 26  0.686902  1.104759
16 17  0.596352  1.024596
16 18  0.657204  0.971400
16 19  0.704857  1.298051
16 20  0.694642  1.237680
16 21  0.686779  1.104367
16 22  0.730739  1.301784
16 23  0.709837  1.281939
16 24  0.728306  1.280527
16 25  0.673098  1.177874
16 26  0.690812  1.118912
17 18  0.648005  0.947951
17 19  0.696710  1.279300
17 20  0.662822  1.179809
17 21  0.682252  1.102176
17 22  0.722330  1.282236
17 23  0.701532  1.261967
17 24  0.717193  1.251545
17 25  0.693924  1.215367
17 26  0.682083  1.097023
18 19  0.707106  1.149307
18 20  0.707155  1.149273
18 21  0.679100  0.968871
18 22  0.726003  1.169533
18 23  0.713527  1.138741
18 24  0.726016  1.169479
18 25  0.713378  1.138513
18 26  0.679166  0.969051
19 20  0.756847  1.458363
19 21  0.740212  1.277560
19 22  0.749464  1.358891
19 23  0.711907  1.332898
19 24  0.777724  1.442206
19 25  0.761534  1.441473
19 26  0.739747  1.287072
20 21  0.739731  1.286875
20 22  0.777770  1.442213
20 23  0.761734  1.441658
20 24  0.749513  1.358847
20 25  0.711812  1.332685
20 26  0.740330  1.277702
21 22  0.758381  1.271330
21 23  0.746857  1.268244
21 24  0.732072  1.254334
21 25  0.719706  1.214445
21 26  0.725973  1.115707
22 23  0.775379  1.393126
22 24  0.776909  1.390966
22 25  0.784304  1.432431
22 26  0.732148  1.254548
23 24  0.784455  1.432589
23 25  0.766795  1.428256
23 26  0.719911  1.214774
24 25  0.775236  1.392890
24 26  0.758453  1.271450
25 26  0.746780  1.268202
