   -993.87604549
   -994.18056720     -994.04431624
0.00017354889297
2 2 2 2 2 2 2 2 2 2 2 2 2 0 0 0 0 0 0 0 0 0 0 0 0 0 
1  0.257061  0.576074
2  0.257186  0.577410
3  0.255828  0.481442
4  0.255885  0.477484
5  0.272772  0.374883
6  0.272270  0.378956
7  0.272082  0.376396
8  0.272418  0.372173
9  0.285677  0.638196
10  0.285239  0.642034
11  0.293093  0.500629
12  0.293270  0.497763
13  0.291232  0.765985
14  0.263477  0.612910
15  0.263591  0.611104
16  0.263113  0.478035
17  0.263197  0.474642
18  0.271971  0.361256
19  0.274390  0.391377
20  0.274399  0.389761
21  0.271524  0.359302
22  0.292384  0.705382
23  0.293676  0.483948
24  0.288033  0.662160
25  0.287378  0.663377
26  0.293580  0.488331
1 2  0.511807  1.142152
1 3  0.510668  1.045467
1 4  0.512545  1.034081
1 5  0.529744  0.950179
1 6  0.528980  0.948609
1 7  0.529111  0.947338
1 8  0.529451  0.941232
1 9  0.539589  1.159863
1 10  0.517749  1.183887
1 11  0.547946  1.041369
1 12  0.550287  1.071241
1 13  0.524315  1.284705
1 14  0.251441  1.041472
1 15  0.519914  1.174933
1 16  0.519496  1.043567
1 17  0.519053  1.048592
1 18  0.528638  0.936330
1 19  0.530344  0.966618
1 20  0.531456  0.965068
1 21  0.528495  0.934744
1 22  0.519758  1.236587
1 23  0.550353  1.058296
1 24  0.543401  1.232240
1 25  0.513701  1.191482
1 26  0.549284  1.062661
2 3  0.512618  1.038885
2 4  0.510862  1.043066
2 5  0.529929  0.944963
2 6  0.529424  0.951034
2 7  0.528921  0.947547
2 8  0.529514  0.948818
2 9  0.518335  1.181307
2 10  0.539275  1.163891
2 11  0.550233  1.075380
2 12  0.548263  1.040230
2 13  0.524441  1.285447
2 14  0.519926  1.177952
2 15  0.251207  1.040172
2 16  0.519126  1.053232
2 17  0.519710  1.041618
2 18  0.529059  0.938010
2 19  0.531572  0.967996
2 20  0.530472  0.966347
2 21  0.528312  0.935725
2 22  0.519957  1.237605
2 23  0.549500  1.059675
2 24  0.514462  1.191632
2 25  0.542926  1.234721
2 26  0.550404  1.063888
3 4  0.511701  0.950641
3 5  0.523122  0.833193
3 6  0.524373  0.852320
3 7  0.527900  0.857136
3 8  0.528242  0.852643
3 9  0.541437  1.116488
3 10  0.518344  1.083131
3 11  0.530002  0.955918
3 12  0.549070  0.970117
3 13  0.544181  1.192000
3 14  0.518667  1.083861
3 15  0.517958  1.089943
3 16  0.243131  0.762268
3 17  0.519006  0.954812
3 18  0.524923  0.841664
3 19  0.529308  0.867303
3 20  0.530212  0.870734
3 21  0.527347  0.840453
3 22  0.546367  1.183042
3 23  0.549462  0.964162
3 24  0.543338  1.140066
3 25  0.513691  1.106425
3 26  0.523978  0.941355
4 5  0.528653  0.851392
4 6  0.528145  0.855735
4 7  0.524199  0.845836
4 8  0.522823  0.827059
4 9  0.518803  1.076084
4 10  0.541057  1.116379
4 11  0.548949  0.969115
4 12  0.530251  0.949511
4 13  0.544263  1.189298
4 14  0.517938  1.087819
4 15  0.518845  1.078251
4 16  0.518975  0.954242
4 17  0.243301  0.753796
4 18  0.527850  0.838450
4 19  0.530261  0.868391
4 20  0.529380  0.861759
4 21  0.524566  0.835744
4 22  0.546401  1.179184
4 23  0.523988  0.932806
4 24  0.514407  1.101986
4 25  0.542752  1.137374
4 26  0.549425  0.964568
5 6  0.499221  0.719606
5 7  0.544846  0.750816
5 8  0.545185  0.746948
5 9  0.558420  1.011328
5 10  0.555975  1.001283
5 11  0.536167  0.854621
5 12  0.566031  0.870555
5 13  0.563855  1.130227
5 14  0.535902  0.986301
5 15  0.536053  0.985105
5 16  0.531793  0.851635
5 17  0.535969  0.849207
5 18  0.270088  0.508893
5 19  0.493796  0.713320
5 20  0.547134  0.764501
5 21  0.544166  0.734090
5 22  0.564562  1.079049
5 23  0.566445  0.858516
5 24  0.560757  1.036249
5 25  0.559490  1.036972
5 26  0.527004  0.821483
6 7  0.544340  0.754630
6 8  0.544680  0.750673
6 9  0.557918  1.011228
6 10  0.554092  0.995611
6 11  0.535124  0.856376
6 12  0.565520  0.876104
6 13  0.563416  1.143447
6 14  0.534560  0.990829
6 15  0.535796  0.989235
6 16  0.534223  0.852886
6 17  0.535456  0.853214
6 18  0.494145  0.695647
6 19  0.270121  0.546251
6 20  0.546632  0.768568
6 21  0.543604  0.738148
6 22  0.564068  1.082795
6 23  0.565944  0.862587
6 24  0.560296  1.040057
6 25  0.558374  1.041557
6 26  0.525404  0.819425
7 8  0.498783  0.714360
7 9  0.554330  0.989864
7 10  0.557293  1.012624
7 11  0.565155  0.876423
7 12  0.535130  0.851048
7 13  0.563230  1.140952
7 14  0.535498  0.988504
7 15  0.534501  0.986477
7 16  0.535183  0.854054
7 17  0.534102  0.847020
7 18  0.543869  0.737543
7 19  0.546435  0.767626
7 20  0.270096  0.541402
7 21  0.493798  0.691582
7 22  0.563887  1.080299
7 23  0.525240  0.812407
7 24  0.558875  1.037810
7 25  0.559453  1.038746
7 26  0.565660  0.864410
8 9  0.556082  0.995434
8 10  0.557629  1.012527
8 11  0.565501  0.870758
8 12  0.535951  0.848858
8 13  0.563502  1.127858
8 14  0.535596  0.984226
8 15  0.535669  0.981833
8 16  0.535530  0.849893
8 17  0.531492  0.845517
8 18  0.544267  0.733335
8 19  0.546772  0.763408
8 20  0.493363  0.708788
8 21  0.269990  0.504031
8 22  0.564219  1.076387
8 23  0.526932  0.814752
8 24  0.559772  1.033075
8 25  0.559748  1.034776
8 26  0.565995  0.860188
9 10  0.569558  1.244499
9 11  0.578696  1.127785
9 12  0.568674  1.127172
9 13  0.563796  1.377524
9 14  0.546890  1.244803
9 15  0.518607  1.195930
9 16  0.548572  1.113074
9 17  0.520054  1.080888
9 18  0.557643  0.998813
9 19  0.560011  1.028455
9 20  0.558608  1.027119
9 21  0.556763  0.996951
9 22  0.556782  1.290802
9 23  0.562283  1.092804
9 24  0.345666  1.207114
9 25  0.572821  1.296028
9 26  0.578944  1.124055
10 11  0.568125  1.133857
10 12  0.578435  1.128716
10 13  0.563292  1.380436
10 14  0.518049  1.201538
10 15  0.546560  1.246767
10 16  0.519662  1.087856
10 17  0.548199  1.113616
10 18  0.556771  1.002715
10 19  0.558199  1.032543
10 20  0.559585  1.030683
10 21  0.556757  1.000702
10 22  0.556304  1.294093
10 23  0.578592  1.123595
10 24  0.573036  1.298562
10 25  0.345308  1.213492
10 26  0.561761  1.100473
11 12  0.586300  0.994901
11 13  0.583508  1.233601
11 14  0.554484  1.111292
11 15  0.556466  1.109416
11 16  0.529490  0.941654
11 17  0.556229  0.974043
11 18  0.525857  0.815194
11 19  0.528928  0.851506
11 20  0.567473  0.889975
11 21  0.564359  0.859625
11 22  0.585277  1.203325
11 23  0.586763  0.983642
11 24  0.580790  1.159935
11 25  0.561862  1.135449
11 26  0.356945  0.848093
12 13  0.583681  1.231019
12 14  0.556530  1.108377
12 15  0.554794  1.106700
12 16  0.556313  0.974569
12 17  0.529837  0.935755
12 18  0.564985  0.858713
12 19  0.567640  0.888725
12 20  0.529247  0.847326
12 21  0.525540  0.810372
12 22  0.585462  1.200548
12 23  0.357063  0.839380
12 24  0.562579  1.131497
12 25  0.580302  1.158329
12 26  0.586845  0.985146
13 14  0.524352  1.328365
13 15  0.524498  1.326859
13 16  0.551982  1.239539
13 17  0.552100  1.236251
13 18  0.562837  1.125916
13 19  0.565343  1.155474
13 20  0.565350  1.153887
13 21  0.562394  1.123990
13 22  0.352500  1.401607
13 23  0.584770  1.246900
13 24  0.558588  1.371285
13 25  0.557920  1.372321
13 26  0.584669  1.251184
14 15  0.523132  1.206071
14 16  0.523265  1.083189
14 17  0.526036  1.064957
14 18  0.535232  0.973303
14 19  0.537302  0.991821
14 20  0.537854  0.996986
14 21  0.534968  0.965865
14 22  0.530725  1.264814
14 23  0.557078  1.094602
14 24  0.547935  1.207679
14 25  0.525565  1.222696
14 26  0.554363  1.063717
15 16  0.526070  1.066491
15 17  0.523479  1.078167
15 18  0.535528  0.965981
15 19  0.537960  0.996771
15 20  0.537428  0.988655
15 21  0.534899  0.969540
15 22  0.530792  1.263848
15 23  0.554600  1.058551
15 24  0.526466  1.220860
15 25  0.547403  1.207716
15 26  0.557093  1.097112
16 17  0.526301  0.948737
16 18  0.529203  0.819116
16 19  0.532693  0.861606
16 20  0.537503  0.865940
16 21  0.534624  0.837075
16 22  0.552423  1.140568
16 23  0.556774  0.954296
16 24  0.551001  1.135582
16 25  0.526436  1.098206
16 26  0.535910  0.944437
17 18  0.535154  0.835635
17 19  0.537579  0.864118
17 20  0.532782  0.856663
17 21  0.528844  0.814123
17 22  0.552535  1.137800
17 23  0.536049  0.937079
17 24  0.527110  1.093417
17 25  0.550423  1.133289
17 26  0.556763  0.955114
18 19  0.500377  0.718018
18 20  0.546368  0.750261
18 21  0.543474  0.720256
18 22  0.564229  1.061794
18 23  0.565641  0.844138
18 24  0.559963  1.020101
18 25  0.556318  1.008093
18 26  0.535689  0.831796
19 20  0.548788  0.780091
19 21  0.545912  0.749907
19 22  0.566655  1.095310
19 23  0.568064  0.874823
19 24  0.562387  1.044186
19 25  0.557840  1.025208
19 26  0.537391  0.850565
20 21  0.500020  0.714281
20 22  0.566668  1.093763
20 23  0.537450  0.844512
20 24  0.558469  1.022762
20 25  0.561740  1.043896
20 26  0.567977  0.877577
21 22  0.563784  1.059951
21 23  0.535399  0.825522
21 24  0.556493  1.004883
21 25  0.558862  1.019278
21 26  0.565098  0.846545
22 23  0.584722  1.161803
22 24  0.568712  1.348159
22 25  0.568108  1.350172
22 26  0.584569  1.164808
23 24  0.572226  1.133553
23 25  0.580955  1.136755
23 26  0.587246  0.970027
24 25  0.573369  1.268086
24 26  0.581510  1.139462
25 26  0.571514  1.138831
