   -993.87604549
   -994.18390247     -994.05222604
0.00001877357253
2 2 2 2 2 2 2 2 2 2 2 2 2 0 0 0 0 0 0 0 0 0 0 0 0 0 
1  0.264644  0.580536
2  0.264837  0.581257
3  0.262254  0.494321
4  0.262316  0.491178
5  0.277237  0.382986
6  0.276190  0.388592
7  0.275958  0.386077
8  0.276864  0.380482
9  0.294581  0.645490
10  0.294281  0.649814
11  0.299708  0.510603
12  0.299868  0.508335
13  0.299800  0.763477
14  0.271270  0.615742
15  0.271444  0.613977
16  0.269774  0.492428
17  0.269773  0.489960
18  0.276684  0.368703
19  0.278205  0.400076
20  0.278165  0.398502
21  0.276214  0.366892
22  0.300618  0.707075
23  0.299912  0.494778
24  0.296967  0.668033
25  0.296437  0.669457
26  0.299814  0.498616
1 2  0.526577  1.150064
1 3  0.524370  1.062509
1 4  0.526460  1.050196
1 5  0.541739  0.962741
1 6  0.540378  0.961635
1 7  0.540534  0.960354
1 8  0.541451  0.952656
1 9  0.555619  1.169591
1 10  0.533915  1.195749
1 11  0.561678  1.054118
1 12  0.564450  1.086354
1 13  0.540002  1.287493
1 14  0.264875  1.045566
1 15  0.535211  1.182989
1 16  0.533634  1.062823
1 17  0.532788  1.068588
1 18  0.540864  0.947991
1 19  0.541539  0.979764
1 20  0.542805  0.978269
1 21  0.540736  0.946816
1 22  0.535372  1.245934
1 23  0.564144  1.073467
1 24  0.559786  1.243255
1 25  0.530107  1.205917
1 26  0.562963  1.077626
2 3  0.526591  1.053671
2 4  0.524643  1.060248
2 5  0.542017  0.955562
2 6  0.540959  0.963398
2 7  0.540344  0.960035
2 8  0.541560  0.960954
2 9  0.534436  1.192275
2 10  0.555506  1.173747
2 11  0.564483  1.089297
2 12  0.562050  1.052893
2 13  0.540129  1.287538
2 14  0.535239  1.185539
2 15  0.264793  1.043717
2 16  0.532986  1.071729
2 17  0.533835  1.061191
2 18  0.541400  0.949328
2 19  0.543037  0.980545
2 20  0.541685  0.978914
2 21  0.540587  0.946913
2 22  0.535587  1.246359
2 23  0.563250  1.074564
2 24  0.530853  1.205176
2 25  0.559483  1.245360
2 26  0.564235  1.077946
3 4  0.524531  0.975761
3 5  0.533630  0.852864
3 6  0.534419  0.874036
3 7  0.538181  0.879367
3 8  0.539103  0.873502
3 9  0.556758  1.136769
3 10  0.533311  1.101892
3 11  0.542511  0.978172
3 12  0.562065  0.990983
3 13  0.558852  1.200205
3 14  0.532797  1.100075
3 15  0.531839  1.105919
3 16  0.253975  0.789642
3 17  0.532004  0.982871
3 18  0.535858  0.862045
3 19  0.539424  0.888929
3 20  0.540384  0.892332
3 21  0.538465  0.860878
3 22  0.560985  1.197944
3 23  0.562072  0.987807
3 24  0.558588  1.158493
3 25  0.528977  1.127039
3 26  0.536263  0.965809
4 5  0.539537  0.872862
4 6  0.538475  0.878741
4 7  0.534205  0.868420
4 8  0.533309  0.847687
4 9  0.533652  1.095083
4 10  0.556517  1.137958
4 11  0.561967  0.990213
4 12  0.542739  0.973068
4 13  0.558949  1.198001
4 14  0.531731  1.104572
4 15  0.533035  1.095291
4 16  0.532068  0.982201
4 17  0.254063  0.783111
4 18  0.538996  0.859546
4 19  0.540486  0.890764
4 20  0.539452  0.884252
4 21  0.535488  0.857087
4 22  0.561017  1.194878
4 23  0.536268  0.958653
4 24  0.529572  1.123058
4 25  0.558118  1.156831
4 26  0.562035  0.988486
5 6  0.507681  0.737877
5 7  0.553146  0.768560
5 8  0.553865  0.763265
5 9  0.571745  1.026573
5 10  0.569210  1.015732
5 11  0.547500  0.872705
5 12  0.576959  0.888881
5 13  0.576871  1.134633
5 14  0.548154  0.996868
5 15  0.548253  0.996120
5 16  0.542656  0.874194
5 17  0.547001  0.872552
5 18  0.278677  0.524167
5 19  0.502400  0.733431
5 20  0.555326  0.781334
5 21  0.553201  0.749662
5 22  0.577057  1.088887
5 23  0.577143  0.877347
5 24  0.574100  1.050275
5 25  0.572924  1.051119
5 26  0.537897  0.841696
6 7  0.552111  0.773712
6 8  0.553004  0.768587
6 9  0.570702  1.026250
6 10  0.566751  1.010559
6 11  0.545509  0.875168
6 12  0.575973  0.896312
6 13  0.575895  1.150686
6 14  0.545978  1.003171
6 15  0.547541  1.001753
6 16  0.544741  0.876946
6 17  0.545950  0.878136
6 18  0.503005  0.715189
6 19  0.276744  0.564661
6 20  0.554311  0.786916
6 21  0.552233  0.755214
6 22  0.576096  1.093844
6 23  0.576100  0.882995
6 24  0.573142  1.055558
6 25  0.571309  1.057398
6 26  0.535540  0.841537
7 8  0.507193  0.732939
7 9  0.566806  1.004394
7 10  0.570169  1.028162
7 11  0.575583  0.896078
7 12  0.545461  0.870527
7 13  0.575664  1.148230
7 14  0.547137  1.001024
7 15  0.545938  0.998909
7 16  0.545719  0.878095
7 17  0.544491  0.872044
7 18  0.552473  0.754512
7 19  0.554120  0.785978
7 20  0.276668  0.559912
7 21  0.502601  0.711224
7 22  0.575869  1.091396
7 23  0.535342  0.835086
7 24  0.571638  1.053485
7 25  0.572381  1.054493
7 26  0.575770  0.884319
8 9  0.569162  1.009657
8 10  0.571072  1.028475
8 11  0.576430  0.888702
8 12  0.547249  0.867686
8 13  0.576499  1.132404
8 14  0.547712  0.995404
8 15  0.547964  0.992653
8 16  0.546630  0.872523
8 17  0.542249  0.869212
8 18  0.553298  0.748969
8 19  0.554993  0.780407
8 20  0.501916  0.729084
8 21  0.278556  0.519716
8 22  0.576702  1.086427
8 23  0.537808  0.835681
8 24  0.573060  1.047206
8 25  0.573199  1.049213
8 26  0.576673  0.878683
9 10  0.587152  1.256522
9 11  0.594201  1.143830
9 12  0.583577  1.144216
9 13  0.580574  1.382528
9 14  0.563465  1.255565
9 15  0.535192  1.209869
9 16  0.564059  1.134445
9 17  0.535111  1.104487
9 18  0.571257  1.013573
9 19  0.572684  1.044456
9 20  0.571221  1.043216
9 21  0.570232  1.011822
9 22  0.573157  1.301720
9 23  0.576854  1.110567
9 24  0.362219  1.220990
9 25  0.590687  1.310146
9 26  0.593934  1.141809
10 11  0.583178  1.150764
10 12  0.594062  1.145805
10 13  0.580193  1.385964
10 14  0.534717  1.216051
10 15  0.563309  1.258046
10 16  0.534929  1.111135
10 17  0.563759  1.136300
10 18  0.570402  1.017932
10 19  0.570996  1.049090
10 20  0.572345  1.047205
10 21  0.570487  1.016089
10 22  0.572792  1.305165
10 23  0.593729  1.142324
10 24  0.590918  1.313002
10 25  0.362004  1.228090
10 26  0.576450  1.118226
11 12  0.599422  1.014011
11 13  0.598392  1.238502
11 14  0.568770  1.124391
11 15  0.570886  1.122256
11 16  0.542533  0.967786
11 17  0.569354  0.999310
11 18  0.537324  0.834717
11 19  0.539211  0.872171
11 20  0.577852  0.908596
11 21  0.575772  0.876886
11 22  0.600051  1.215364
11 23  0.599616  1.004457
11 24  0.596197  1.175985
11 25  0.577162  1.151416
11 26  0.369010  0.869604
12 13  0.598560  1.236329
12 14  0.570870  1.121789
12 15  0.569113  1.120405
12 16  0.569515  0.999511
12 17  0.542771  0.963419
12 18  0.576398  0.876423
12 19  0.578050  0.907899
12 20  0.539469  0.868572
12 21  0.536966  0.830626
12 22  0.600216  1.213159
12 23  0.369125  0.862159
12 24  0.577729  1.147808
12 25  0.595820  1.175175
12 26  0.599678  1.006017
13 14  0.540441  1.332783
13 15  0.540647  1.331474
13 16  0.567164  1.251784
13 17  0.567209  1.249404
13 18  0.575895  1.130872
13 19  0.577675  1.161442
13 20  0.577634  1.159901
13 21  0.575429  1.129085
13 22  0.369560  1.400425
13 23  0.599518  1.255674
13 24  0.575136  1.376948
13 25  0.574628  1.378022
13 26  0.599415  1.259431
14 15  0.538366  1.212282
14 16  0.537355  1.099696
14 17  0.540288  1.080548
14 18  0.547675  0.983516
14 19  0.548780  1.001703
14 20  0.549390  1.007767
14 21  0.547438  0.975544
14 22  0.546221  1.269471
14 23  0.571086  1.108342
14 24  0.564104  1.215771
14 25  0.541741  1.231557
14 26  0.567972  1.074698
15 16  0.540447  1.081192
15 17  0.537534  1.095578
15 18  0.548081  0.975547
15 19  0.549603  1.007574
15 20  0.548915  0.998672
15 21  0.547380  0.979945
15 22  0.546357  1.268393
15 23  0.568253  1.070061
15 24  0.542563  1.229722
15 25  0.563732  1.216009
15 26  0.571159  1.110347
16 17  0.539522  0.977533
16 18  0.540227  0.840252
16 19  0.542875  0.884115
16 20  0.547912  0.888193
16 21  0.545951  0.859019
16 22  0.566971  1.153932
16 23  0.569648  0.977132
16 24  0.566564  1.155583
16 25  0.541786  1.116991
16 26  0.548202  0.968086
17 18  0.546419  0.858362
17 19  0.547950  0.887230
17 20  0.542837  0.880150
17 21  0.539762  0.836293
17 22  0.567032  1.151779
17 23  0.548240  0.962078
17 24  0.542260  1.112907
17 25  0.566027  1.154409
17 26  0.569548  0.978255
18 19  0.508974  0.734810
18 20  0.554841  0.766012
18 21  0.552762  0.734676
18 22  0.577176  1.070739
18 23  0.576513  0.862571
18 24  0.573558  1.033074
18 25  0.569670  1.020306
18 26  0.546993  0.849641
19 20  0.556366  0.796866
19 21  0.554411  0.765759
19 22  0.578690  1.105533
19 23  0.578097  0.894321
19 24  0.575110  1.056082
19 25  0.570490  1.037732
19 26  0.547344  0.868967
20 21  0.508565  0.731299
20 22  0.578655  1.104049
20 23  0.547360  0.863556
20 24  0.570948  1.035160
20 25  0.574543  1.056091
20 26  0.577959  0.896571
21 22  0.576709  1.069009
21 23  0.546682  0.844022
21 24  0.569687  1.017050
21 25  0.572558  1.032615
21 26  0.575945  0.864586
22 23  0.598809  1.170757
22 24  0.585322  1.356005
22 25  0.584859  1.358182
22 26  0.598645  1.173302
23 24  0.586900  1.149643
23 25  0.596256  1.152455
23 26  0.599661  0.990582
24 25  0.590756  1.275775
24 26  0.596685  1.154393
25 26  0.586309  1.154546
