   -993.87604549
   -994.18408497     -994.05267282
0.00001026651800
2 2 2 2 2 2 2 2 2 2 2 2 2 0 0 0 0 0 0 0 0 0 0 0 0 0 
1  0.265194  0.580876
2  0.265377  0.581681
3  0.262603  0.495265
4  0.262681  0.492223
5  0.277617  0.383744
6  0.276440  0.389432
7  0.276204  0.387030
8  0.277238  0.381312
9  0.295163  0.646004
10  0.294866  0.650155
11  0.300169  0.511352
12  0.300329  0.509211
13  0.300376  0.763421
14  0.271832  0.615983
15  0.271990  0.614327
16  0.270123  0.493431
17  0.270134  0.491052
18  0.277090  0.369422
19  0.278447  0.400870
20  0.278402  0.399403
21  0.276610  0.367667
22  0.301194  0.707254
23  0.300346  0.495585
24  0.297548  0.668547
25  0.297015  0.669816
26  0.300248  0.499300
1 2  0.527630  1.150817
1 3  0.525251  1.063772
1 4  0.527365  1.051423
1 5  0.542666  0.963835
1 6  0.541176  0.962762
1 7  0.541326  0.961548
1 8  0.542374  0.953745
1 9  0.556704  1.170377
1 10  0.535003  1.196457
1 11  0.562667  1.055156
1 12  0.565459  1.087579
1 13  0.541084  1.287786
1 14  0.265828  1.045815
1 15  0.536300  1.183730
1 16  0.534523  1.064207
1 17  0.533674  1.070038
1 18  0.541821  0.949039
1 19  0.542308  0.980900
1 20  0.543591  0.979508
1 21  0.541678  0.947935
1 22  0.536466  1.246681
1 23  0.565121  1.074607
1 24  0.560911  1.244164
1 25  0.531199  1.206899
1 26  0.563944  1.078670
2 3  0.527470  1.054891
2 4  0.525531  1.061693
2 5  0.542936  0.956672
2 6  0.541745  0.964570
2 7  0.541128  0.961350
2 8  0.542471  0.962203
2 9  0.535514  1.193217
2 10  0.556584  1.174454
2 11  0.565483  1.090481
2 12  0.563027  1.054120
2 13  0.541201  1.287908
2 14  0.536332  1.186251
2 15  0.265732  1.044192
2 16  0.533848  1.073177
2 17  0.534727  1.062744
2 18  0.542342  0.950476
2 19  0.543818  0.981761
2 20  0.542440  0.980241
2 21  0.541524  0.948100
2 22  0.536673  1.247176
2 23  0.564222  1.075813
2 24  0.531941  1.206386
2 25  0.560594  1.246199
2 26  0.565202  1.079047
3 4  0.525240  0.977581
3 5  0.534359  0.854515
3 6  0.535016  0.875784
3 7  0.538775  0.881236
3 8  0.539823  0.875231
3 9  0.557686  1.138239
3 10  0.534239  1.103053
3 11  0.543303  0.979819
3 12  0.562872  0.992592
3 13  0.559745  1.200946
3 14  0.533698  1.101294
3 15  0.532703  1.107232
3 16  0.254564  0.791601
3 17  0.532714  0.984889
3 18  0.536601  0.863717
3 19  0.540012  0.890684
3 20  0.540964  0.894178
3 21  0.539210  0.862597
3 22  0.561903  1.199093
3 23  0.562855  0.989560
3 24  0.559515  1.159909
3 25  0.529902  1.128493
3 26  0.537026  0.967561
4 5  0.540280  0.874622
4 6  0.539089  0.880598
4 7  0.534814  0.870372
4 8  0.534048  0.849491
4 9  0.534591  1.096499
4 10  0.557465  1.139356
4 11  0.562791  0.991796
4 12  0.543546  0.974940
4 13  0.559858  1.198817
4 14  0.532627  1.105876
4 15  0.533938  1.096711
4 16  0.532781  0.984233
4 17  0.254668  0.785304
4 18  0.539768  0.861310
4 19  0.541087  0.892605
4 20  0.540052  0.886213
4 21  0.536238  0.858917
4 22  0.561951  1.196126
4 23  0.537049  0.960622
4 24  0.530515  1.124764
4 25  0.559057  1.158196
4 26  0.562834  0.990217
5 6  0.508300  0.739500
5 7  0.553773  0.770263
5 8  0.554561  0.764782
5 9  0.572701  1.027849
5 10  0.570165  1.016796
5 11  0.548387  0.874225
5 12  0.577775  0.890504
5 13  0.577826  1.135277
5 14  0.549097  0.997849
5 15  0.549167  0.997236
5 16  0.543372  0.875968
5 17  0.547742  0.874390
5 18  0.279431  0.525623
5 19  0.503017  0.735186
5 20  0.555938  0.782993
5 21  0.553960  0.751176
5 22  0.577996  1.089828
5 23  0.577957  0.878901
5 24  0.575053  1.051551
5 25  0.573873  1.052236
5 26  0.538731  0.843267
6 7  0.552604  0.775469
6 8  0.553629  0.770249
6 9  0.571527  1.027458
6 10  0.567577  1.011609
6 11  0.546238  0.876714
6 12  0.576669  0.898026
6 13  0.576720  1.151476
6 14  0.546775  1.004247
6 15  0.548337  1.002943
6 16  0.545339  0.878802
6 17  0.546560  0.880068
6 18  0.503652  0.716911
6 19  0.277174  0.566359
6 20  0.554794  0.788653
6 21  0.552874  0.756812
6 22  0.576917  1.094838
6 23  0.576784  0.884632
6 24  0.573973  1.056914
6 25  0.572137  1.058606
6 26  0.536244  0.843192
7 8  0.507804  0.734749
7 9  0.567625  1.005697
7 10  0.570994  1.029307
7 11  0.576275  0.897778
7 12  0.546190  0.872311
7 13  0.576486  1.149130
7 14  0.547944  1.002217
7 15  0.546717  1.000203
7 16  0.546312  0.880052
7 17  0.545098  0.874098
7 18  0.553122  0.756169
7 19  0.554604  0.787721
7 20  0.277089  0.561878
7 21  0.503236  0.713119
7 22  0.576686  1.092500
7 23  0.536044  0.836967
7 24  0.572465  1.054959
7 25  0.573205  1.055807
7 26  0.576450  0.885944
8 9  0.570107  1.010947
8 10  0.572025  1.029647
8 11  0.577240  0.890266
8 12  0.548128  0.869408
8 13  0.577448  1.133105
8 14  0.548635  0.996482
8 15  0.548886  0.993811
8 16  0.547352  0.874343
8 17  0.542973  0.871145
8 18  0.554063  0.750502
8 19  0.555604  0.782030
8 20  0.502523  0.731022
8 21  0.279304  0.521348
8 22  0.577637  1.087437
8 23  0.538636  0.837442
8 24  0.574006  1.048548
8 25  0.574143  1.050404
8 26  0.577479  0.880184
9 10  0.588278  1.257221
9 11  0.595243  1.145054
9 12  0.584586  1.145569
9 13  0.581678  1.383003
9 14  0.564605  1.256372
9 15  0.536279  1.210993
9 16  0.564985  1.135935
9 17  0.536043  1.106178
9 18  0.572244  1.014811
9 19  0.573502  1.045767
9 20  0.572040  1.044638
9 21  0.571202  1.013111
9 22  0.574272  1.302471
9 23  0.577851  1.111871
9 24  0.363336  1.222049
9 25  0.591838  1.311083
9 26  0.594934  1.143043
10 11  0.584191  1.151825
10 12  0.595106  1.146979
10 13  0.581301  1.386282
10 14  0.535817  1.216898
10 15  0.564436  1.258791
10 16  0.535854  1.112568
10 17  0.564699  1.137702
10 18  0.571384  1.018991
10 19  0.571823  1.050232
10 20  0.573160  1.048449
10 21  0.571468  1.017209
10 22  0.573911  1.305785
10 23  0.594734  1.143506
10 24  0.592074  1.313921
10 25  0.363118  1.228773
10 26  0.577448  1.119241
11 12  0.600333  1.015548
11 13  0.599412  1.239058
11 14  0.569784  1.125405
11 15  0.571889  1.123354
11 16  0.543325  0.969694
11 17  0.570173  1.001154
11 18  0.538210  0.836333
11 19  0.539931  0.873825
11 20  0.578550  0.910231
11 21  0.576634  0.878401
11 22  0.601081  1.216320
11 23  0.600511  1.006017
11 24  0.597228  1.177276
11 25  0.578177  1.152545
11 26  0.369880  0.871144
12 13  0.599579  1.236993
12 14  0.571888  1.122904
12 15  0.570114  1.121652
12 16  0.570321  1.001392
12 17  0.543575  0.965530
12 18  0.577269  0.878009
12 19  0.578754  0.909556
12 20  0.540186  0.870452
12 21  0.537842  0.832418
12 22  0.601247  1.214239
12 23  0.369996  0.864004
12 24  0.578748  1.149210
12 25  0.596848  1.176436
12 26  0.600572  1.007580
13 14  0.541567  1.333263
13 15  0.541756  1.332031
13 16  0.568081  1.252767
13 17  0.568136  1.250471
13 18  0.576863  1.131541
13 19  0.578489  1.162166
13 20  0.578442  1.160729
13 21  0.576389  1.129807
13 22  0.370740  1.400493
13 23  0.600523  1.256455
13 24  0.576235  1.377465
13 25  0.575728  1.378423
13 26  0.600419  1.260092
14 15  0.539435  1.212911
14 16  0.538231  1.100896
14 17  0.541196  1.081711
14 18  0.548641  0.984475
14 19  0.549579  1.002648
14 20  0.550185  1.008816
14 21  0.548396  0.976522
14 22  0.547314  1.269883
14 23  0.572079  1.109399
14 24  0.565211  1.216501
14 25  0.542821  1.232182
14 26  0.568938  1.075573
15 16  0.541326  1.082375
15 17  0.538407  1.096970
15 18  0.549034  0.976580
15 19  0.550389  1.008628
15 20  0.549693  0.999816
15 21  0.548322  0.981066
15 22  0.547438  1.268911
15 23  0.569206  1.071135
15 24  0.543634  1.230563
15 25  0.564822  1.216684
15 26  0.572137  1.111391
16 17  0.540230  0.979575
16 18  0.540986  0.841958
16 19  0.543470  0.885886
16 20  0.548495  0.890011
16 21  0.546693  0.860791
16 22  0.567882  1.154986
16 23  0.570429  0.978786
16 24  0.567491  1.157072
16 25  0.542700  1.118231
16 26  0.548961  0.969738
17 18  0.547183  0.860166
17 19  0.548550  0.889029
17 20  0.543439  0.882112
17 21  0.540522  0.838132
17 22  0.567956  1.152910
17 23  0.549010  0.963944
17 24  0.543188  1.114378
17 25  0.566963  1.155832
17 26  0.570341  0.979875
18 19  0.509607  0.736351
18 20  0.555482  0.767595
18 21  0.553538  0.736057
18 22  0.578156  1.071636
18 23  0.577338  0.864143
18 24  0.574539  1.034313
18 25  0.570639  1.021342
18 26  0.547870  0.851056
19 20  0.556845  0.798479
19 21  0.555048  0.767288
19 22  0.579504  1.106496
19 23  0.578771  0.895913
19 24  0.575930  1.057152
19 25  0.571305  1.038753
19 26  0.548037  0.870415
20 21  0.509186  0.733006
20 22  0.579464  1.105118
20 23  0.548051  0.865224
20 24  0.571762  1.036410
20 25  0.575354  1.057106
20 26  0.578628  0.898147
21 22  0.577679  1.069960
21 23  0.547548  0.845626
21 24  0.570651  1.018279
21 25  0.573526  1.033751
21 26  0.576760  0.866089
22 23  0.599789  1.171571
22 24  0.586432  1.356719
22 25  0.585967  1.358743
22 26  0.599624  1.174008
23 24  0.587889  1.150931
23 25  0.597267  1.153572
23 26  0.600518  0.992042
24 25  0.591868  1.276360
24 26  0.597699  1.155549
25 26  0.587294  1.155572
