  -1146.52246147
  -1146.87712012    -1146.73805297
0.00010097715574
2 2 2 2 2 2 2 2 2 2 2 2 2 2 2 0 0 0 0 0 0 0 0 0 0 0 0 0 0 0 
1  0.265796  0.463480
2  0.265400  0.460359
3  0.265792  0.439122
4  0.265673  0.432677
5  0.276619  0.377280
6  0.273600  0.370570
7  0.272945  0.367374
8  0.276026  0.373727
9  0.259754  0.569225
10  0.295828  0.469521
11  0.287118  0.700438
12  0.269796  0.603124
13  0.293459  0.603545
14  0.291903  0.591801
15  0.295444  0.473755
16  0.269092  0.473227
17  0.268645  0.479193
18  0.271593  0.447828
19  0.271351  0.446112
20  0.278447  0.366839
21  0.276411  0.375711
22  0.275653  0.371946
23  0.277687  0.364553
24  0.297727  0.464303
25  0.287845  0.680218
26  0.297308  0.471179
27  0.292196  0.609014
28  0.271596  0.581553
29  0.265216  0.586951
30  0.294133  0.605738
1 2  0.491115  0.900432
1 3  0.531484  0.896916
1 4  0.531454  0.894833
1 5  0.542398  0.837547
1 6  0.539383  0.830614
1 7  0.538733  0.828694
1 8  0.541813  0.836840
1 9  0.521214  1.020633
1 10  0.561614  0.926478
1 11  0.532681  1.134319
1 12  0.529320  1.015754
1 13  0.558652  1.038542
1 14  0.557391  1.043402
1 15  0.561223  0.936253
1 16  0.249275  0.735152
1 17  0.487952  0.896272
1 18  0.536813  0.910581
1 19  0.537040  0.908705
1 20  0.544171  0.830030
1 21  0.542206  0.838851
1 22  0.541440  0.835098
1 23  0.543480  0.827795
1 24  0.563426  0.927041
1 25  0.524022  1.102479
1 26  0.562954  0.934004
1 27  0.557978  1.070208
1 28  0.534902  1.042873
1 29  0.529956  1.042369
1 30  0.559259  1.066631
2 3  0.531175  0.898308
2 4  0.530976  0.888200
2 5  0.542010  0.837247
2 6  0.538991  0.828681
2 7  0.538332  0.824394
2 8  0.541409  0.831155
2 9  0.519058  0.982475
2 10  0.561211  0.928840
2 11  0.532520  1.133544
2 12  0.530527  1.049567
2 13  0.558528  1.051147
2 14  0.556726  1.025162
2 15  0.560835  0.927922
2 16  0.487827  0.887473
2 17  0.248955  0.738759
2 18  0.536880  0.907318
2 19  0.536188  0.905776
2 20  0.543843  0.826958
2 21  0.541803  0.835727
2 22  0.541052  0.831982
2 23  0.543016  0.824638
2 24  0.562971  0.924069
2 25  0.524095  1.098262
2 26  0.562619  0.930746
2 27  0.556980  1.066758
2 28  0.535919  1.034632
2 29  0.528133  1.045183
2 30  0.559517  1.063927
3 4  0.531430  0.862201
3 5  0.536116  0.794698
3 6  0.534852  0.800722
3 7  0.538718  0.805918
3 8  0.541809  0.809776
3 9  0.525323  1.000951
3 10  0.561592  0.904412
3 11  0.552498  1.115268
3 12  0.534078  1.019795
3 13  0.528842  1.011805
3 14  0.557066  1.026100
3 15  0.539944  0.890771
3 16  0.534340  0.911614
3 17  0.534274  0.917431
3 18  0.261220  0.679373
3 19  0.537107  0.884317
3 20  0.540907  0.804943
3 21  0.541039  0.810207
3 22  0.541441  0.810845
3 23  0.543478  0.803413
3 24  0.563483  0.902915
3 25  0.553100  1.116789
3 26  0.534935  0.876814
3 27  0.557819  1.044710
3 28  0.534932  1.019349
3 29  0.530973  1.024301
3 30  0.523490  1.005848
4 5  0.542283  0.806827
4 6  0.539254  0.802638
4 7  0.534105  0.791452
4 8  0.535388  0.785578
4 9  0.524126  0.982283
4 10  0.540068  0.880441
4 11  0.552392  1.109790
4 12  0.535232  1.027787
4 13  0.558499  1.031137
4 14  0.527185  0.995255
4 15  0.561090  0.902317
4 16  0.534607  0.905116
4 17  0.533788  0.911140
4 18  0.537230  0.879575
4 19  0.260604  0.669687
4 20  0.544118  0.799255
4 21  0.542078  0.808165
4 22  0.540159  0.800233
4 23  0.540001  0.796179
4 24  0.535185  0.863464
4 25  0.553001  1.110483
4 26  0.562940  0.903333
4 27  0.521229  1.003056
4 28  0.537235  1.012609
4 29  0.528431  1.018302
4 30  0.559628  1.035201
5 6  0.504267  0.713627
5 7  0.549562  0.744580
5 8  0.552644  0.750066
5 9  0.536364  0.945400
5 10  0.572439  0.844294
5 11  0.563695  1.070344
5 12  0.546226  0.969526
5 13  0.566807  0.968148
5 14  0.568468  0.968467
5 15  0.544569  0.828304
5 16  0.545608  0.850144
5 17  0.545255  0.856167
5 18  0.544302  0.823919
5 19  0.547969  0.823075
5 20  0.271913  0.508940
5 21  0.500776  0.699906
5 22  0.552249  0.749164
5 23  0.554298  0.741758
5 24  0.574323  0.841357
5 25  0.564266  1.056589
5 26  0.537293  0.807544
5 27  0.568639  0.985219
5 28  0.547641  0.958283
5 29  0.541787  0.963663
5 30  0.569866  0.981021
6 7  0.546538  0.737361
6 8  0.549624  0.744223
6 9  0.533351  0.937627
6 10  0.569396  0.837615
6 11  0.560694  1.069609
6 12  0.543277  0.965886
6 13  0.561939  0.949613
6 14  0.565239  0.957764
6 15  0.541708  0.822234
6 16  0.542670  0.843445
6 17  0.542240  0.849424
6 18  0.543944  0.814589
6 19  0.544947  0.816439
6 20  0.501263  0.689821
6 21  0.271976  0.516968
6 22  0.549149  0.742452
6 23  0.551254  0.735074
6 24  0.571178  0.834651
6 25  0.561269  1.049988
6 26  0.533726  0.797138
6 27  0.564871  0.978920
6 28  0.545047  0.951717
6 29  0.538759  0.956876
6 30  0.565978  0.975769
7 8  0.503249  0.706786
7 9  0.532594  0.929536
7 10  0.541519  0.814642
7 11  0.560041  1.066507
7 12  0.542738  0.968174
7 13  0.566136  0.966280
7 14  0.559726  0.935428
7 15  0.568357  0.838693
7 16  0.542032  0.840288
7 17  0.541569  0.846215
7 18  0.544534  0.814963
7 19  0.543064  0.809823
7 20  0.551358  0.734166
7 21  0.549248  0.743020
7 22  0.271152  0.509490
7 23  0.499909  0.684308
7 24  0.533623  0.787347
7 25  0.560603  1.046817
7 26  0.570099  0.838325
7 27  0.563326  0.975856
7 28  0.544483  0.948321
7 29  0.538004  0.953919
7 30  0.566147  0.972468
8 9  0.535615  0.933184
8 10  0.544314  0.820706
8 11  0.563103  1.067158
8 12  0.545812  0.975701
8 13  0.569430  0.976661
8 14  0.564641  0.953411
8 15  0.571462  0.844976
8 16  0.545111  0.846673
8 17  0.544569  0.852557
8 18  0.547618  0.821238
8 19  0.543512  0.818633
8 20  0.554464  0.740492
8 21  0.552412  0.749376
8 22  0.499745  0.693205
8 23  0.271395  0.502969
8 24  0.536842  0.796504
8 25  0.563672  1.053067
8 26  0.573307  0.844672
8 27  0.567327  0.980841
8 28  0.547576  0.954749
8 29  0.540649  0.960116
8 30  0.569975  0.978424
9 10  0.555240  1.036907
9 11  0.523482  1.215985
9 12  0.501424  1.160770
9 13  0.552266  1.160944
9 14  0.543483  1.088527
9 15  0.555153  1.026545
9 16  0.527709  1.034535
9 17  0.526057  1.046115
9 18  0.531289  1.015068
9 19  0.528523  1.013988
9 20  0.538182  0.935617
9 21  0.536103  0.944319
9 22  0.535322  0.940755
9 23  0.536850  0.933374
9 24  0.556997  1.032370
9 25  0.518183  1.206331
9 26  0.557021  1.038680
9 27  0.544035  1.174317
9 28  0.497187  1.097725
9 29  0.301451  1.043713
9 30  0.552385  1.159986
10 11  0.582864  1.157544
10 12  0.565572  1.054990
10 13  0.588233  1.051256
10 14  0.572084  1.047775
10 15  0.591173  0.942588
10 16  0.564813  0.941899
10 17  0.564362  0.947987
10 18  0.567400  0.916787
10 19  0.538834  0.879463
10 20  0.574236  0.836153
10 21  0.572076  0.844995
10 22  0.535293  0.800129
10 23  0.535599  0.789886
10 24  0.365310  0.784022
10 25  0.583669  1.147619
10 26  0.592866  0.940215
10 27  0.563848  1.049079
10 28  0.567378  1.049388
10 29  0.560733  1.055300
10 30  0.588589  1.073760
11 12  0.532918  1.247225
11 13  0.579441  1.286826
11 14  0.577926  1.276234
11 15  0.582482  1.161385
11 16  0.526705  1.127378
11 17  0.526451  1.133628
11 18  0.558013  1.145627
11 19  0.557795  1.143995
11 20  0.565372  1.066430
11 21  0.563429  1.075204
11 22  0.562670  1.071487
11 23  0.564616  1.064174
11 24  0.584828  1.162342
11 25  0.369563  1.315744
11 26  0.584406  1.169044
11 27  0.576257  1.295635
11 28  0.528371  1.234467
11 29  0.522687  1.243479
11 30  0.578100  1.292244
12 13  0.554048  1.125676
12 14  0.560743  1.182414
12 15  0.564859  1.074673
12 16  0.536412  1.073839
12 17  0.537273  1.073761
12 18  0.538613  1.049436
12 19  0.541086  1.046922
12 20  0.547598  0.969477
12 21  0.546114  0.978340
12 22  0.545379  0.974419
12 23  0.547463  0.967183
12 24  0.567473  1.065626
12 25  0.527450  1.238024
12 26  0.566584  1.072896
12 27  0.560374  1.195290
12 28  0.307602  1.067645
12 29  0.500190  1.134125
12 30  0.555119  1.204496
13 14  0.576245  1.160618
13 15  0.573544  1.064216
13 16  0.561876  1.074144
13 17  0.562087  1.080270
13 18  0.528240  1.012794
13 19  0.564627  1.046022
13 20  0.571039  0.968916
13 21  0.567714  0.978584
13 22  0.568107  0.974930
13 23  0.570879  0.967343
13 24  0.589849  1.066404
13 25  0.577917  1.270328
13 26  0.567012  1.044666
13 27  0.574465  1.189518
13 28  0.556171  1.181049
13 29  0.557182  1.175464
13 30  0.346511  1.090353
14 15  0.586313  1.044231
14 16  0.560980  1.062739
14 17  0.559916  1.068382
14 18  0.563313  1.036157
14 19  0.526380  1.000433
14 20  0.570080  0.957881
14 21  0.567297  0.966962
14 22  0.565412  0.963128
14 23  0.568714  0.954863
14 24  0.565637  1.026468
14 25  0.576404  1.258922
14 26  0.587877  1.061503
14 27  0.344126  1.081255
14 28  0.562108  1.159320
14 29  0.548280  1.174447
14 30  0.574902  1.174676
15 16  0.564422  0.946263
15 17  0.563976  0.952036
15 18  0.539012  0.885708
15 19  0.566775  0.919286
15 20  0.535789  0.795833
15 21  0.535729  0.808340
15 22  0.570942  0.845465
15 23  0.573094  0.838097
15 24  0.592904  0.937587
15 25  0.583284  1.151730
15 26  0.364837  0.797099
15 27  0.586312  1.081178
15 28  0.566724  1.054127
15 29  0.560620  1.058823
15 30  0.565535  1.048740
16 17  0.496460  0.927595
16 18  0.540564  0.914370
16 19  0.540410  0.918220
16 20  0.547528  0.837665
16 21  0.545496  0.846189
16 22  0.544739  0.842745
16 23  0.546771  0.837476
16 24  0.566811  0.931594
16 25  0.536284  1.124369
16 26  0.566377  0.943513
16 27  0.560884  1.069378
16 28  0.534058  1.003155
16 29  0.528704  1.047027
16 30  0.562560  1.049219
17 18  0.540204  0.925784
17 19  0.539875  0.917974
17 20  0.547084  0.845707
17 21  0.545050  0.852179
17 22  0.544292  0.848285
17 23  0.546320  0.841243
17 24  0.566348  0.942628
17 25  0.536160  1.129138
17 26  0.565945  0.943836
17 27  0.560195  1.056626
17 28  0.534204  1.046043
17 29  0.527355  1.011850
17 30  0.562339  1.071203
18 19  0.542927  0.885218
18 20  0.543245  0.794019
18 21  0.542305  0.815505
18 22  0.547215  0.819431
18 23  0.549265  0.810122
18 24  0.569265  0.908007
18 25  0.558950  1.102926
18 26  0.545796  0.895248
18 27  0.562741  1.052156
18 28  0.541319  1.005673
18 29  0.536496  1.027448
18 30  0.534691  1.019582
19 20  0.549783  0.810785
19 21  0.547732  0.821515
19 22  0.541264  0.809579
19 23  0.542258  0.790158
19 24  0.546041  0.887939
19 25  0.558716  1.100945
19 26  0.568606  0.912653
19 27  0.532511  1.019328
19 28  0.542633  1.021550
19 29  0.534769  1.007095
19 30  0.564459  1.047846
20 21  0.508426  0.709422
20 22  0.554094  0.738705
20 23  0.556131  0.730849
20 24  0.576158  0.829153
20 25  0.566257  1.041402
20 26  0.548510  0.816004
20 27  0.570524  0.975346
20 28  0.549958  0.941151
20 29  0.543646  0.952709
20 30  0.568221  0.959968
21 22  0.552053  0.746785
21 23  0.554093  0.740172
21 24  0.574096  0.838013
21 25  0.564240  1.055039
21 26  0.545778  0.820733
21 27  0.568254  0.978162
21 28  0.547921  0.952308
21 29  0.541626  0.959756
21 30  0.565004  0.956921
22 23  0.507133  0.703015
22 24  0.545562  0.810787
22 25  0.563485  1.051259
22 26  0.572922  0.841004
22 27  0.562335  0.956781
22 28  0.547247  0.950919
22 29  0.540786  0.953792
22 30  0.569442  0.971677
23 24  0.548034  0.806443
23 25  0.565497  1.038926
23 26  0.574981  0.833637
23 27  0.565564  0.961130
23 28  0.549267  0.945156
23 29  0.542821  0.943879
23 30  0.571711  0.969816
24 25  0.585436  1.131664
24 26  0.594905  0.934850
24 27  0.575201  1.061403
24 28  0.569249  1.031141
24 29  0.562304  1.048758
24 30  0.590633  1.048938
25 26  0.585025  1.137529
25 27  0.578876  1.270727
25 28  0.536243  1.209903
25 29  0.530089  1.208618
25 30  0.580698  1.269566
26 27  0.588308  1.057376
26 28  0.568280  1.050310
26 29  0.562453  1.041546
26 30  0.577085  1.064659
27 28  0.562886  1.178844
27 29  0.548274  1.116059
27 30  0.576696  1.176868
28 29  0.507153  1.156326
28 30  0.555958  1.110785
29 30  0.558411  1.181045
