  -1146.52246147
  -1146.88004501    -1146.74500407
0.00001609431262
2 2 2 2 2 2 2 2 2 2 2 2 2 2 2 0 0 0 0 0 0 0 0 0 0 0 0 0 0 0 
1  0.276812  0.470868
2  0.276306  0.468694
3  0.268867  0.454990
4  0.268735  0.449714
5  0.278033  0.380243
6  0.275421  0.371341
7  0.274784  0.369339
8  0.277458  0.377623
9  0.270259  0.569160
10  0.299347  0.471608
11  0.296022  0.687600
12  0.280624  0.602442
13  0.304680  0.637987
14  0.303122  0.627923
15  0.298921  0.474430
16  0.280276  0.480978
17  0.279761  0.485644
18  0.274929  0.462531
19  0.274681  0.461717
20  0.279999  0.369686
21  0.278361  0.376713
22  0.277596  0.373975
23  0.279236  0.368267
24  0.301259  0.466797
25  0.296572  0.669393
26  0.300823  0.472549
27  0.302965  0.644320
28  0.282395  0.581496
29  0.276094  0.585373
30  0.305032  0.640607
1 2  0.509250  0.913196
1 3  0.545567  0.920365
1 4  0.545524  0.919276
1 5  0.554824  0.847817
1 6  0.552214  0.838506
1 7  0.551582  0.838018
1 8  0.554255  0.848139
1 9  0.542083  1.027681
1 10  0.576148  0.935933
1 11  0.552005  1.130118
1 12  0.550613  1.025959
1 13  0.580828  1.081346
1 14  0.579573  1.087167
1 15  0.575713  0.944411
1 16  0.266449  0.742396
1 17  0.506763  0.906833
1 18  0.551123  0.932763
1 19  0.551373  0.931718
1 20  0.556724  0.840299
1 21  0.555169  0.847278
1 22  0.554394  0.844550
1 23  0.556041  0.838912
1 24  0.577936  0.937058
1 25  0.542811  1.099604
1 26  0.577463  0.942882
1 27  0.579751  1.113152
1 28  0.556518  1.050678
1 29  0.551677  1.049077
1 30  0.581149  1.109146
2 3  0.545148  0.922547
2 4  0.544938  0.913670
2 5  0.554324  0.848565
2 6  0.551714  0.837764
2 7  0.551071  0.834415
2 8  0.553744  0.843277
2 9  0.539939  0.993723
2 10  0.575634  0.939332
2 11  0.551759  1.129797
2 12  0.551563  1.057032
2 13  0.580599  1.094252
2 14  0.578795  1.070469
2 15  0.575217  0.936937
2 16  0.506644  0.899857
2 17  0.266086  0.745813
2 18  0.551109  0.930375
2 19  0.550385  0.929789
2 20  0.556298  0.838158
2 21  0.554654  0.845104
2 22  0.553900  0.842375
2 23  0.555457  0.836714
2 24  0.577391  0.934995
2 25  0.542815  1.096622
2 26  0.576997  0.940605
2 27  0.578629  1.110655
2 28  0.557454  1.043616
2 29  0.549712  1.052388
2 30  0.581312  1.107374
3 4  0.537559  0.891623
3 5  0.540573  0.812371
3 6  0.539724  0.816789
3 7  0.543622  0.823425
3 8  0.546315  0.828251
3 9  0.538857  1.015744
3 10  0.568161  0.921508
3 11  0.564428  1.117119
3 12  0.547963  1.033994
3 13  0.543421  1.060226
3 14  0.571120  1.076213
3 15  0.546546  0.907330
3 16  0.548525  0.935300
3 17  0.548443  0.939762
3 18  0.266985  0.712222
3 19  0.543441  0.915649
3 20  0.545531  0.823722
3 21  0.546054  0.827595
3 22  0.546456  0.828682
3 23  0.548099  0.822919
3 24  0.570089  0.921300
3 25  0.564810  1.121969
3 26  0.541659  0.896552
3 27  0.571578  1.094431
3 28  0.548793  1.035228
3 29  0.544921  1.038633
3 30  0.537798  1.057758
4 5  0.546759  0.825536
4 6  0.544128  0.820113
4 7  0.538984  0.809825
4 8  0.539849  0.805194
4 9  0.537676  0.998206
4 10  0.546698  0.899596
4 11  0.564307  1.112593
4 12  0.549071  1.042959
4 13  0.572540  1.080677
4 14  0.541751  1.046453
4 15  0.567604  0.919161
4 16  0.548832  0.929897
4 17  0.547897  0.934689
4 18  0.543560  0.911181
4 19  0.266348  0.704951
4 20  0.548732  0.819069
4 21  0.547089  0.826147
4 22  0.545156  0.819775
4 23  0.544612  0.817001
4 24  0.541918  0.885463
4 25  0.564710  1.116793
4 26  0.569519  0.921761
4 27  0.535402  1.056425
4 28  0.551093  1.029606
4 29  0.542370  1.033822
4 30  0.573505  1.085655
5 6  0.507541  0.716935
5 7  0.552809  0.749497
5 8  0.555489  0.756439
5 9  0.548279  0.948197
5 10  0.577364  0.848499
5 11  0.574020  1.059941
5 12  0.558465  0.971219
5 13  0.579288  1.003879
5 14  0.581063  1.007407
5 15  0.549676  0.832165
5 16  0.558171  0.860900
5 17  0.557786  0.865599
5 18  0.549053  0.841643
5 19  0.552710  0.841544
5 20  0.274681  0.514534
5 21  0.504323  0.707173
5 22  0.555599  0.754144
5 23  0.557258  0.748398
5 24  0.579256  0.846825
5 25  0.574367  1.048820
5 26  0.542404  0.813987
5 27  0.580815  1.022895
5 28  0.559796  0.961250
5 29  0.554078  0.965097
5 30  0.582156  1.018913
6 7  0.550187  0.739930
6 8  0.552872  0.748881
6 9  0.545675  0.938587
6 10  0.574719  0.839343
6 11  0.571420  1.057456
6 12  0.555924  0.965331
6 13  0.574713  0.982700
6 14  0.578171  0.993856
6 15  0.546972  0.824350
6 16  0.555673  0.852003
6 17  0.555173  0.856687
6 18  0.549095  0.830616
6 19  0.550097  0.832753
6 20  0.504817  0.696355
6 21  0.275519  0.517825
6 22  0.552851  0.745257
6 23  0.554611  0.739548
6 24  0.576445  0.837906
6 25  0.571801  1.040025
6 26  0.539190  0.801702
6 27  0.577330  1.014689
6 28  0.557660  0.952478
6 29  0.551449  0.956101
6 30  0.578656  1.011487
7 8  0.506565  0.712238
7 9  0.544936  0.930785
7 10  0.546850  0.819341
7 11  0.570785  1.055529
7 12  0.555401  0.969716
7 13  0.579090  1.001866
7 14  0.572513  0.971154
7 15  0.573657  0.840193
7 16  0.555049  0.850035
7 17  0.554522  0.854661
7 18  0.549708  0.831563
7 19  0.548226  0.827924
7 20  0.554738  0.738965
7 21  0.552974  0.745993
7 22  0.274683  0.512905
7 23  0.503477  0.692877
7 24  0.539120  0.794102
7 25  0.571154  1.038031
7 26  0.575368  0.841648
7 27  0.575893  1.013205
7 28  0.557113  0.950243
7 29  0.550712  0.954347
7 30  0.578754  1.008957
8 9  0.547549  0.936398
8 10  0.549484  0.826953
8 11  0.573446  1.057613
8 12  0.558068  0.978783
8 13  0.582046  1.014852
8 14  0.577137  0.991642
8 15  0.576364  0.848678
8 16  0.557728  0.858331
8 17  0.557085  0.862941
8 18  0.552383  0.839734
8 19  0.548273  0.838201
8 20  0.557448  0.747195
8 21  0.555788  0.754262
8 22  0.503303  0.702395
8 23  0.274168  0.510702
8 24  0.541989  0.805007
8 25  0.573792  1.046218
8 26  0.578242  0.849947
8 27  0.579504  1.020078
8 28  0.559808  0.958626
8 29  0.552906  0.962492
8 30  0.582297  1.016570
9 10  0.569248  1.039066
9 11  0.542084  1.205358
9 12  0.519806  1.160005
9 13  0.573921  1.196572
9 14  0.565028  1.124317
9 15  0.569112  1.026807
9 16  0.549237  1.043102
9 17  0.547477  1.052996
9 18  0.545125  1.029705
9 19  0.542355  1.029631
9 20  0.550240  0.938412
9 21  0.548547  0.945306
9 22  0.547763  0.942758
9 23  0.548849  0.937075
9 24  0.571023  1.034871
9 25  0.536335  1.197655
9 26  0.571035  1.040152
9 27  0.565166  1.209554
9 28  0.515245  1.097368
9 29  0.321196  1.038085
9 30  0.573757  1.196061
10 11  0.595266  1.147244
10 12  0.579891  1.055887
10 13  0.602599  1.082189
10 14  0.586577  1.085435
10 15  0.598128  0.945230
10 16  0.579461  0.951895
10 17  0.578980  0.956656
10 18  0.574251  0.933617
10 19  0.545822  0.899854
10 20  0.579287  0.841091
10 21  0.577437  0.848075
10 22  0.540846  0.806336
10 23  0.540840  0.797787
10 24  0.372279  0.789108
10 25  0.595908  1.139236
10 26  0.599760  0.943744
10 27  0.578135  1.087925
10 28  0.581694  1.051578
10 29  0.575116  1.055881
10 30  0.602854  1.110804
11 12  0.551848  1.236399
11 13  0.599454  1.308248
11 14  0.597939  1.299252
11 15  0.594842  1.149802
11 16  0.545828  1.123538
11 17  0.545535  1.128323
11 18  0.570143  1.147663
11 19  0.569924  1.146913
11 20  0.575784  1.056541
11 21  0.574274  1.063480
11 22  0.573506  1.060770
11 23  0.575024  1.055135
11 24  0.597253  1.152367
11 25  0.387085  1.288195
11 26  0.596815  1.157997
11 27  0.595828  1.319104
11 28  0.547001  1.224198
11 29  0.541320  1.231231
11 30  0.597798  1.315336
12 13  0.575918  1.159258
12 14  0.582708  1.219093
12 15  0.579149  1.074860
12 16  0.558210  1.081431
12 17  0.559039  1.080538
12 18  0.552778  1.063563
12 19  0.555238  1.061817
12 20  0.559922  0.971708
12 21  0.558884  0.978714
12 22  0.558139  0.975802
12 23  0.559838  0.970222
12 24  0.581827  1.067591
12 25  0.545862  1.228939
12 26  0.580917  1.073665
12 27  0.581955  1.231178
12 28  0.327548  1.062717
12 29  0.518459  1.131745
12 30  0.576702  1.238743
13 14  0.595478  1.222555
13 15  0.588012  1.098866
13 16  0.584254  1.116593
13 17  0.584411  1.121442
13 18  0.543111  1.063525
13 19  0.579084  1.094304
13 20  0.583783  1.006293
13 21  0.580837  1.014100
13 22  0.581118  1.011144
13 23  0.583631  1.004923
13 24  0.604419  1.103427
13 25  0.597766  1.295040
13 26  0.581765  1.081843
13 27  0.594527  1.250823
13 28  0.578034  1.215373
13 29  0.579215  1.209678
13 30  0.366010  1.164578
14 15  0.600645  1.075541
14 16  0.583370  1.106842
14 17  0.582225  1.111192
14 18  0.577777  1.085302
14 19  0.541226  1.053687
14 20  0.582830  0.996266
14 21  0.580318  1.003839
14 22  0.578523  1.001341
14 23  0.581454  0.994780
14 24  0.580395  1.066336
14 25  0.596254  1.285171
14 26  0.602438  1.099093
14 27  0.363496  1.157713
14 28  0.584054  1.196540
14 29  0.570216  1.208963
14 30  0.595088  1.236877
15 16  0.579067  0.954823
15 17  0.578521  0.959341
15 18  0.545975  0.903881
15 19  0.573578  0.935609
15 20  0.540993  0.801606
15 21  0.541248  0.812139
15 22  0.576252  0.848156
15 23  0.578097  0.842486
15 24  0.599776  0.940828
15 25  0.595480  1.141982
15 26  0.371761  0.799204
15 27  0.600400  1.117244
15 28  0.580981  1.054827
15 29  0.574973  1.058141
15 30  0.579909  1.085869
16 17  0.515017  0.938707
16 18  0.555062  0.936887
16 19  0.554916  0.941648
16 20  0.560261  0.848099
16 21  0.558623  0.854599
16 22  0.557862  0.852407
16 23  0.559501  0.848955
16 24  0.581524  0.941777
16 25  0.555563  1.122185
16 26  0.581068  0.952735
16 27  0.582777  1.112499
16 28  0.555407  1.013987
16 29  0.550041  1.052991
16 30  0.584543  1.092427
17 18  0.554647  0.947026
17 19  0.554301  0.940159
17 20  0.559749  0.855023
17 21  0.558110  0.859528
17 22  0.557344  0.856389
17 23  0.558981  0.851242
17 24  0.580988  0.951656
17 25  0.555421  1.126228
17 26  0.580573  0.951664
17 27  0.581985  1.099192
17 28  0.555361  1.052201
17 29  0.548736  1.020477
17 30  0.584288  1.112632
18 19  0.549579  0.912950
18 20  0.548115  0.810747
18 21  0.547591  0.830875
18 22  0.552488  0.836039
18 23  0.554150  0.827608
18 24  0.576107  0.924345
18 25  0.570953  1.105770
18 26  0.552722  0.911768
18 27  0.576468  1.100631
18 28  0.555423  1.019221
18 29  0.550655  1.039727
18 30  0.549191  1.066950
19 20  0.554666  0.828357
19 21  0.553004  0.838037
19 22  0.546536  0.826772
19 23  0.547119  0.808485
19 24  0.552973  0.906520
19 25  0.570721  1.104758
19 26  0.575424  0.928693
19 27  0.546853  1.067816
19 28  0.556711  1.036286
19 29  0.548956  1.020031
19 30  0.578310  1.096886
20 21  0.511988  0.712999
20 22  0.557580  0.743580
20 23  0.559228  0.737116
20 24  0.581227  0.833626
20 25  0.576537  1.032915
20 26  0.553838  0.820743
20 27  0.582786  1.013363
20 28  0.562316  0.943498
20 29  0.556064  0.953857
20 30  0.580484  0.995862
21 22  0.555928  0.749413
21 23  0.557581  0.744887
21 24  0.579551  0.840435
21 25  0.574916  1.045286
21 26  0.551182  0.823561
21 27  0.580849  1.013076
21 28  0.560670  0.952734
21 29  0.554450  0.959417
21 30  0.577580  0.990337
22 23  0.510691  0.708541
22 24  0.550988  0.815742
22 25  0.574155  1.042482
22 26  0.578355  0.843310
22 27  0.574783  0.991425
22 28  0.559986  0.953067
22 29  0.553609  0.953654
22 30  0.582166  1.007199
23 24  0.553371  0.813184
23 25  0.575774  1.031281
23 26  0.580030  0.837851
23 27  0.577696  0.998267
23 28  0.561601  0.948691
23 29  0.555253  0.945509
23 30  0.584104  1.008254
24 25  0.597663  1.123693
24 26  0.601903  0.938574
24 27  0.589292  1.098260
24 28  0.583544  1.033094
24 29  0.576683  1.049833
24 30  0.604654  1.080907
25 26  0.597238  1.128539
25 27  0.598269  1.295363
25 28  0.555019  1.200996
25 29  0.548927  1.199164
25 30  0.600215  1.293450
26 27  0.602181  1.088704
26 28  0.582557  1.051759
26 29  0.576811  1.041029
26 30  0.591300  1.100079
27 28  0.584377  1.215147
27 29  0.569836  1.150456
27 30  0.595327  1.237653
28 29  0.525606  1.154266
28 30  0.577544  1.145814
29 30  0.580093  1.215466
