  -1146.53698720
  -1146.90203113    -1146.77916075
0.00022287954787
2 2 2 2 2 2 2 2 2 2 2 2 2 2 2 0 0 0 0 0 0 0 0 0 0 0 0 0 0 0 
1  0.264985  0.467561
2  0.295668  0.461749
3  0.281662  0.410559
4  0.266342  0.325714
5  0.296591  0.614563
6  0.297441  0.334354
7  0.293489  0.467572
8  0.317039  0.588440
9  0.296526  0.454327
10  0.310870  0.690943
11  0.276727  0.293579
12  0.311663  0.647132
13  0.307352  0.442634
14  0.308264  0.767353
15  0.283628  0.299242
16  0.300542  0.646652
17  0.273575  0.469758
18  0.301196  0.490474
19  0.286424  0.425325
20  0.270393  0.323149
21  0.279474  0.300292
22  0.307532  0.739203
23  0.306864  0.439960
24  0.317363  0.584984
25  0.298190  0.426455
26  0.299384  0.341609
27  0.315078  0.657550
28  0.284763  0.297495
29  0.313448  0.656870
30  0.296495  0.508075
1 2  0.560563  0.927983
1 3  0.546506  0.869566
1 4  0.530492  0.784137
1 5  0.559705  1.075245
1 6  0.562249  0.799579
1 7  0.555435  0.933037
1 8  0.581139  1.039972
1 9  0.547019  0.875137
1 10  0.554063  1.062374
1 11  0.541692  0.760854
1 12  0.576314  1.110626
1 13  0.567898  0.892766
1 14  0.571427  1.188615
1 15  0.548575  0.765798
1 16  0.564164  1.094630
1 17  0.242092  0.719849
1 18  0.566101  0.956669
1 19  0.551000  0.892287
1 20  0.533478  0.790228
1 21  0.544349  0.767777
1 22  0.567597  1.201203
1 23  0.565816  0.903704
1 24  0.581886  1.050021
1 25  0.549109  0.890415
1 26  0.564211  0.809014
1 27  0.558724  1.122505
1 28  0.549497  0.764993
1 29  0.578215  1.119687
1 30  0.559425  0.960398
2 3  0.533432  0.839655
2 4  0.562008  0.787349
2 5  0.590424  1.047559
2 6  0.593107  0.795858
2 7  0.589051  0.921411
2 8  0.605116  1.022864
2 9  0.592187  0.915544
2 10  0.605508  1.147892
2 11  0.572394  0.755151
2 12  0.582149  1.034377
2 13  0.603003  0.902161
2 14  0.601161  1.215175
2 15  0.579295  0.760908
2 16  0.595601  1.106063
2 17  0.569201  0.930404
2 18  0.289303  0.717879
2 19  0.537000  0.849423
2 20  0.566052  0.784818
2 21  0.575134  0.762024
2 22  0.596821  1.184170
2 23  0.602508  0.901360
2 24  0.608870  1.041041
2 25  0.593842  0.887907
2 26  0.595026  0.803301
2 27  0.610354  1.115131
2 28  0.580430  0.759237
2 29  0.583079  1.108006
2 30  0.591940  0.968865
3 4  0.548003  0.735485
3 5  0.576759  1.007027
3 6  0.579102  0.744877
3 7  0.575088  0.874753
3 8  0.579789  0.945697
3 9  0.578179  0.862073
3 10  0.591025  1.079873
3 11  0.558388  0.703986
3 12  0.587430  1.052302
3 13  0.589002  0.849622
3 14  0.585362  1.168086
3 15  0.565289  0.709635
3 16  0.582006  1.055900
3 17  0.554863  0.879776
3 18  0.537655  0.862871
3 19  0.275744  0.605090
3 20  0.552035  0.733631
3 21  0.561134  0.710842
3 22  0.583162  1.141224
3 23  0.588524  0.850263
3 24  0.588575  0.992643
3 25  0.579786  0.836746
3 26  0.581027  0.752128
3 27  0.595859  1.066813
3 28  0.566425  0.708048
3 29  0.585585  1.049818
3 30  0.578117  0.918119
4 5  0.562778  0.939629
4 6  0.547112  0.644142
4 7  0.557082  0.791248
4 8  0.583368  0.912775
4 9  0.557751  0.764796
4 10  0.577146  1.008411
4 11  0.538852  0.614568
4 12  0.577994  0.972374
4 13  0.554187  0.741279
4 14  0.574585  1.088200
4 15  0.544244  0.617599
4 16  0.566861  0.971800
4 17  0.537719  0.794911
4 18  0.567528  0.816073
4 19  0.552744  0.750942
4 20  0.250990  0.386005
4 21  0.544993  0.624535
4 22  0.573792  1.064419
4 23  0.547018  0.742998
4 24  0.583671  0.910465
4 25  0.561445  0.750465
4 26  0.541550  0.644030
4 27  0.581037  0.982847
4 28  0.547145  0.620104
4 29  0.579786  0.982332
4 30  0.561333  0.828414
5 6  0.593895  0.947573
5 7  0.580305  1.030737
5 8  0.601663  1.136339
5 9  0.592539  1.067244
5 10  0.575283  1.279397
5 11  0.573278  0.907107
5 12  0.601432  1.209961
5 13  0.602382  1.042663
5 14  0.594501  1.364337
5 15  0.580211  0.913399
5 16  0.339337  1.125667
5 17  0.568454  1.064692
5 18  0.597167  1.102753
5 19  0.582813  1.038608
5 20  0.566915  0.937258
5 21  0.575870  0.914792
5 22  0.589244  1.316779
5 23  0.601939  1.053420
5 24  0.610442  1.196794
5 25  0.594342  1.038127
5 26  0.595536  0.956025
5 27  0.577024  1.209623
5 28  0.581322  0.912038
5 29  0.606407  1.265697
5 30  0.584864  1.120427
6 7  0.588308  0.795471
6 8  0.614472  0.922703
6 9  0.590603  0.780065
6 10  0.608279  1.023083
6 11  0.543192  0.600843
6 12  0.609096  0.980454
6 13  0.598895  0.773235
6 14  0.605683  1.098682
6 15  0.546070  0.602941
6 16  0.597563  0.980880
6 17  0.570780  0.803993
6 18  0.598601  0.824775
6 19  0.583841  0.759644
6 20  0.545549  0.635887
6 21  0.537498  0.597107
6 22  0.604949  1.073366
6 23  0.590211  0.759795
6 24  0.614713  0.919256
6 25  0.595183  0.760511
6 26  0.368951  0.471515
6 27  0.612492  0.991803
6 28  0.537330  0.589003
6 29  0.610819  0.991105
6 30  0.592292  0.841756
7 8  0.609837  1.042273
7 9  0.557525  0.905872
7 10  0.603690  1.156466
7 11  0.569642  0.759281
7 12  0.604645  1.097576
7 13  0.570474  0.883244
7 14  0.600971  1.222951
7 15  0.576945  0.766646
7 16  0.585320  1.112068
7 17  0.564109  0.921840
7 18  0.594425  0.957211
7 19  0.579860  0.892472
7 20  0.562170  0.785577
7 21  0.572085  0.767428
7 22  0.599467  1.204119
7 23  0.565774  0.875685
7 24  0.610317  1.051497
7 25  0.550064  0.844721
7 26  0.591342  0.808510
7 27  0.607683  1.121442
7 28  0.578000  0.764862
7 29  0.606089  1.122464
7 30  0.355557  0.826516
8 9  0.613503  1.037884
8 10  0.620240  1.233711
8 11  0.593763  0.881550
8 12  0.593110  1.204242
8 13  0.624237  1.021557
8 14  0.601882  1.340411
8 15  0.600665  0.887295
8 16  0.614036  1.231767
8 17  0.590150  1.055570
8 18  0.613261  1.071090
8 19  0.592606  1.010382
8 20  0.587391  0.911378
8 21  0.596496  0.888705
8 22  0.596808  1.280670
8 23  0.623875  1.027665
8 24  0.389022  1.009742
8 25  0.615092  1.014236
8 26  0.616347  0.929943
8 27  0.629099  1.239178
8 28  0.601802  0.885922
8 29  0.592742  1.208351
8 30  0.613109  1.095027
9 10  0.606034  1.109476
9 11  0.572978  0.747632
9 12  0.608161  1.099026
9 13  0.573529  0.870360
9 14  0.604649  1.200112
9 15  0.579847  0.751917
9 16  0.596598  1.096933
9 17  0.556747  0.921013
9 18  0.597668  0.944324
9 19  0.582833  0.879278
9 20  0.564317  0.775833
9 21  0.575369  0.753742
9 22  0.603653  1.191360
9 23  0.565647  0.851047
9 24  0.613680  1.038412
9 25  0.351696  0.702138
9 26  0.595430  0.795521
9 27  0.609305  1.110475
9 28  0.580722  0.751239
9 29  0.609941  1.110022
9 30  0.554270  0.917469
10 11  0.587589  0.984253
10 12  0.618577  1.327188
10 13  0.617900  1.118365
10 14  0.597037  1.347387
10 15  0.594494  0.989309
10 16  0.577113  1.271274
10 17  0.562835  1.157596
10 18  0.611588  1.175945
10 19  0.596324  1.114744
10 20  0.580900  1.013687
10 21  0.590310  0.991185
10 22  0.593178  1.400364
10 23  0.616536  1.129416
10 24  0.625480  1.268649
10 25  0.606815  1.116080
10 26  0.610235  1.032400
10 27  0.365047  1.222458
10 28  0.595592  0.988393
10 29  0.621181  1.325784
10 30  0.606275  1.192523
11 12  0.588387  0.940431
11 13  0.581511  0.730597
11 14  0.584984  1.060875
11 15  0.512426  0.547814
11 16  0.577066  0.940166
11 17  0.550087  0.763265
11 18  0.577915  0.784038
11 19  0.563149  0.718896
11 20  0.546021  0.615357
11 21  0.281278  0.330703
11 22  0.584195  1.032723
11 23  0.582870  0.733120
11 24  0.594075  0.878541
11 25  0.574341  0.719357
11 26  0.535185  0.595712
11 27  0.591763  0.951102
11 28  0.509109  0.541458
11 29  0.590148  0.950410
11 30  0.572354  0.801139
12 13  0.618917  1.086984
12 14  0.596773  1.331399
12 15  0.595290  0.946300
12 16  0.608737  1.287671
12 17  0.584946  1.112309
12 18  0.586197  1.127432
12 19  0.587975  1.052078
12 20  0.582049  0.970085
12 21  0.591113  0.947377
12 22  0.589425  1.346933
12 23  0.618394  1.086154
12 24  0.591954  1.196757
12 25  0.609839  1.072764
12 26  0.610992  0.988600
12 27  0.623501  1.283698
12 28  0.596423  0.944607
12 29  0.399033  1.158529
12 30  0.607409  1.152604
13 14  0.615525  1.206424
13 15  0.589948  0.739162
13 16  0.606330  1.087448
13 17  0.575022  0.909455
13 18  0.608534  0.932717
13 19  0.593771  0.867669
13 20  0.550381  0.742512
13 21  0.585939  0.742251
13 22  0.614144  1.180065
13 23  0.402889  0.735110
13 24  0.624696  1.026915
13 25  0.570534  0.833921
13 26  0.594373  0.770201
13 27  0.621291  1.099060
13 28  0.591557  0.739854
13 29  0.620682  1.098569
13 30  0.565509  0.910212
14 15  0.591891  1.066401
14 16  0.593499  1.375085
14 17  0.576865  1.231028
14 18  0.602897  1.239738
14 19  0.588995  1.182776
14 20  0.578606  1.090023
14 21  0.587686  1.067561
14 22  0.417064  1.403395
14 23  0.614369  1.205374
14 24  0.598246  1.303928
14 25  0.606105  1.191881
14 26  0.607621  1.108695
14 27  0.597020  1.392070
14 28  0.593009  1.064793
14 29  0.592476  1.387124
14 30  0.602992  1.271588
15 16  0.584138  0.945866
15 17  0.556774  0.768902
15 18  0.584823  0.789706
15 19  0.570051  0.724558
15 20  0.549528  0.618957
15 21  0.508974  0.547591
15 22  0.591135  1.038388
15 23  0.589820  0.738770
15 24  0.600990  0.884207
15 25  0.581258  0.725203
15 26  0.539948  0.600254
15 27  0.598657  0.956752
15 28  0.286023  0.323789
15 29  0.597073  0.956087
15 30  0.579906  0.807028
16 17  0.572052  1.110381
16 18  0.599639  1.100180
16 19  0.585167  1.051960
16 20  0.570758  0.969374
16 21  0.579960  0.945103
16 22  0.597664  1.361184
16 23  0.605606  1.067418
16 24  0.604537  1.160121
16 25  0.597980  1.071884
16 26  0.599726  0.985190
16 27  0.581332  1.279302
16 28  0.585289  0.943523
16 29  0.606761  1.237378
16 30  0.585806  1.086463
17 18  0.574628  0.958931
17 19  0.559794  0.886200
17 20  0.542973  0.785075
17 21  0.553033  0.769965
17 22  0.578959  1.166308
17 23  0.575810  0.896672
17 24  0.590006  1.039560
17 25  0.554010  0.853086
17 26  0.572737  0.809501
17 27  0.564815  1.038409
17 28  0.558319  0.766814
17 29  0.586581  1.122766
17 30  0.566885  0.975579
18 19  0.541762  0.880868
18 20  0.571585  0.813522
18 21  0.580669  0.790396
18 22  0.605362  1.212044
18 23  0.608032  0.926838
18 24  0.610843  1.044291
18 25  0.599373  0.916455
18 26  0.600576  0.831465
18 27  0.614901  1.143088
18 28  0.585958  0.787822
18 29  0.588198  1.060359
18 30  0.597539  0.986191
19 20  0.556816  0.747873
19 21  0.565897  0.725450
19 22  0.588769  1.154663
19 23  0.593269  0.861600
19 24  0.583294  0.952885
19 25  0.584599  0.849503
19 26  0.585807  0.766892
19 27  0.599542  1.060038
19 28  0.571186  0.722690
19 29  0.593679  1.075434
19 30  0.582824  0.928866
20 21  0.544645  0.618312
20 22  0.577895  1.058690
20 23  0.557585  0.739767
20 24  0.587744  0.907196
20 25  0.563068  0.736256
20 26  0.551045  0.647734
20 27  0.585387  0.974915
20 28  0.549096  0.613683
20 29  0.583827  0.979585
20 30  0.562996  0.828302
21 22  0.586995  1.039132
21 23  0.583249  0.733395
21 24  0.596834  0.884681
21 25  0.577340  0.726464
21 26  0.547188  0.612698
21 27  0.594544  0.957762
21 28  0.515594  0.552306
21 29  0.592919  0.956472
21 30  0.575356  0.804995
22 23  0.614269  1.177481
22 24  0.601296  1.310092
22 25  0.605623  1.151477
22 26  0.606881  1.077350
22 27  0.601226  1.301735
22 28  0.592292  1.036672
22 29  0.598989  1.312317
22 30  0.603112  1.229055
23 24  0.624030  1.014718
23 25  0.575769  0.844903
23 26  0.599750  0.775301
23 27  0.621682  1.088347
23 28  0.590014  0.734373
23 29  0.620184  1.091571
23 30  0.574765  0.914828
24 25  0.615470  1.007814
24 26  0.616736  0.926273
24 27  0.624566  1.198449
24 28  0.602125  0.882126
24 29  0.594256  1.204663
24 30  0.612950  1.075198
25 26  0.594250  0.760814
25 27  0.612020  1.059171
25 28  0.582757  0.723296
25 29  0.611597  1.081661
25 30  0.560437  0.916472
26 27  0.614419  0.997655
26 28  0.549805  0.610632
26 29  0.612819  0.996695
26 30  0.592791  0.839533
27 28  0.599839  0.954754
27 29  0.624036  1.305028
27 30  0.610838  1.163113
28 29  0.598210  0.954158
28 30  0.581051  0.805082
29 30  0.609333  1.139520
