  -1146.53698720
  -1146.90441223    -1146.78451892
0.00012204369064
2 2 2 2 2 2 2 2 2 2 2 2 2 2 2 0 0 0 0 0 0 0 0 0 0 0 0 0 0 0 
1  0.271004  0.486063
2  0.297947  0.460942
3  0.285518  0.410581
4  0.269894  0.340925
5  0.304520  0.622497
6  0.300870  0.346321
7  0.299726  0.491248
8  0.323686  0.581934
9  0.301954  0.479502
10  0.318829  0.691794
11  0.278789  0.299470
12  0.316262  0.635669
13  0.312895  0.461970
14  0.313796  0.749561
15  0.285344  0.304571
16  0.308206  0.652757
17  0.280309  0.489837
18  0.303263  0.486172
19  0.290252  0.425947
20  0.274357  0.338188
21  0.281598  0.307327
22  0.313272  0.724525
23  0.311916  0.458787
24  0.323675  0.578128
25  0.303770  0.449301
26  0.302899  0.354773
27  0.322786  0.659798
28  0.286514  0.302560
29  0.318255  0.644528
30  0.302536  0.530548
1 2  0.568854  0.945614
1 3  0.556343  0.887606
1 4  0.539929  0.815673
1 5  0.573514  1.101939
1 6  0.571677  0.829301
1 7  0.567597  0.975155
1 8  0.593750  1.052120
1 9  0.557567  0.912655
1 10  0.566549  1.077236
1 11  0.549773  0.785166
1 12  0.586908  1.117704
1 13  0.579142  0.928575
1 14  0.582920  1.188738
1 15  0.556307  0.789280
1 16  0.577786  1.119563
1 17  0.253036  0.761277
1 18  0.574161  0.970701
1 19  0.560793  0.911416
1 20  0.543307  0.823738
1 21  0.552495  0.793293
1 22  0.579453  1.205239
1 23  0.576987  0.941095
1 24  0.594189  1.061470
1 25  0.560167  0.931961
1 26  0.573703  0.840605
1 27  0.572228  1.143164
1 28  0.557244  0.788553
1 29  0.589020  1.125552
1 30  0.571453  1.001381
2 3  0.539742  0.838342
2 4  0.567838  0.801726
2 5  0.600464  1.053529
2 6  0.598813  0.806884
2 7  0.597541  0.942865
2 8  0.613817  1.015667
2 9  0.599892  0.939851
2 10  0.615652  1.147824
2 11  0.576734  0.760133
2 12  0.588587  1.023236
2 13  0.610819  0.920172
2 14  0.609034  1.197260
2 15  0.583290  0.765396
2 16  0.605447  1.111612
2 17  0.578180  0.949425
2 18  0.292926  0.710278
2 19  0.543375  0.850863
2 20  0.572286  0.799028
2 21  0.579532  0.768246
2 22  0.604869  1.169422
2 23  0.609833  0.919346
2 24  0.617418  1.034030
2 25  0.601688  0.909897
2 26  0.600800  0.815644
2 27  0.620290  1.116302
2 28  0.584459  0.763493
2 29  0.589999  1.094889
2 30  0.600204  0.990505
3 4  0.555410  0.750493
3 5  0.588293  1.015207
3 6  0.586386  0.756855
3 7  0.585164  0.898279
3 8  0.589255  0.939760
3 9  0.587460  0.886863
3 10  0.602557  1.080591
3 11  0.564306  0.709830
3 12  0.595835  1.040795
3 13  0.598397  0.868342
3 14  0.594336  1.150610
3 15  0.570860  0.714913
3 16  0.593512  1.062123
3 17  0.565401  0.899889
3 18  0.543864  0.860416
3 19  0.282217  0.602807
3 20  0.559846  0.748677
3 21  0.567112  0.717896
3 22  0.592455  1.126358
3 23  0.597432  0.869087
3 24  0.598371  0.985567
3 25  0.589201  0.859595
3 26  0.588388  0.765305
3 27  0.607214  1.069287
3 28  0.572031  0.713134
3 29  0.594209  1.038729
3 30  0.588008  0.940593
4 5  0.574246  0.962690
4 6  0.553837  0.670772
4 7  0.566751  0.829843
4 8  0.593566  0.921222
4 9  0.566417  0.802500
4 10  0.588639  1.022562
4 11  0.544299  0.635272
4 12  0.586144  0.975966
4 13  0.562820  0.773600
4 14  0.583668  1.084319
4 15  0.549286  0.637358
4 16  0.578064  0.992908
4 17  0.547918  0.830218
4 18  0.573140  0.826954
4 19  0.560116  0.766754
4 20  0.257349  0.419426
4 21  0.550593  0.646587
4 22  0.583085  1.064846
4 23  0.555548  0.777333
4 24  0.593524  0.918764
4 25  0.570492  0.788616
4 26  0.548654  0.672854
4 27  0.592286  1.000198
4 28  0.552362  0.640486
4 29  0.588142  0.985147
4 30  0.570925  0.865645
5 6  0.605217  0.966907
5 7  0.593819  1.056674
5 8  0.614751  1.136875
5 9  0.605865  1.100116
5 10  0.590250  1.289571
5 11  0.583251  0.920514
5 12  0.613624  1.204656
5 13  0.615716  1.068404
5 14  0.607661  1.353724
5 15  0.589850  0.926542
5 16  0.353246  1.138627
5 17  0.583055  1.093268
5 18  0.607055  1.106632
5 19  0.594542  1.047287
5 20  0.578790  0.960030
5 21  0.585865  0.929735
5 22  0.602757  1.312096
5 23  0.614830  1.080004
5 24  0.624055  1.198393
5 25  0.607819  1.068311
5 26  0.606858  0.977064
5 27  0.592215  1.221979
5 28  0.590989  0.925026
5 29  0.619070  1.261935
5 30  0.598651  1.150841
6 7  0.597658  0.829452
6 8  0.624545  0.928118
6 9  0.599042  0.815149
6 10  0.619655  1.035219
6 11  0.548543  0.619280
6 12  0.617120  0.980482
6 13  0.607698  0.804487
6 14  0.614634  1.091774
6 15  0.551120  0.620873
6 16  0.608597  0.998908
6 17  0.580959  0.836006
6 18  0.604085  0.832423
6 19  0.591090  0.772223
6 20  0.552936  0.663202
6 21  0.542965  0.616638
6 22  0.614114  1.070594
6 23  0.598622  0.790175
6 24  0.624440  0.924345
6 25  0.604115  0.795312
6 26  0.375324  0.500589
6 27  0.623628  1.005972
6 28  0.542417  0.606526
6 29  0.619045  0.990696
6 30  0.601652  0.876201
7 8  0.622568  1.058022
7 9  0.568984  0.954393
7 10  0.617845  1.180867
7 11  0.577864  0.788316
7 12  0.615379  1.106893
7 13  0.581609  0.925535
7 14  0.612643  1.226606
7 15  0.584870  0.795620
7 16  0.598812  1.141791
7 17  0.577056  0.965516
7 18  0.602658  0.976535
7 19  0.589902  0.916752
7 20  0.572277  0.823597
7 21  0.580349  0.798078
7 22  0.611317  1.212905
7 23  0.576525  0.918308
7 24  0.622812  1.068329
7 25  0.561907  0.891918
7 26  0.600950  0.845305
7 27  0.621619  1.146955
7 28  0.585962  0.793545
7 29  0.617077  1.133710
7 30  0.366478  0.876835
8 9  0.625573  1.056369
8 10  0.634442  1.230357
8 11  0.602471  0.880721
8 12  0.604149  1.186233
8 13  0.636395  1.032934
8 14  0.614010  1.317963
8 15  0.609028  0.885970
8 16  0.627783  1.231861
8 17  0.603476  1.068829
8 18  0.621955  1.061242
8 19  0.602693  1.004234
8 20  0.597987  0.919870
8 21  0.605257  0.889226
8 22  0.609021  1.262478
8 23  0.635565  1.039934
8 24  0.400618  0.995023
8 25  0.627287  1.030491
8 26  0.626467  0.936584
8 27  0.643294  1.235233
8 28  0.610199  0.884477
8 29  0.604153  1.192484
8 30  0.625696  1.111027
9 10  0.619283  1.131191
9 11  0.580408  0.778642
9 12  0.618185  1.112220
9 13  0.584378  0.914677
9 14  0.615599  1.204314
9 15  0.586976  0.782025
9 16  0.609677  1.127273
9 17  0.568504  0.966285
9 18  0.605148  0.965128
9 19  0.592066  0.905043
9 20  0.573564  0.816180
9 21  0.582865  0.785771
9 22  0.614813  1.201718
9 23  0.576021  0.896105
9 24  0.625405  1.056575
9 25  0.361613  0.753340
9 26  0.604282  0.833836
9 27  0.622387  1.137652
9 28  0.587836  0.781368
9 29  0.620168  1.122691
9 30  0.565622  0.965827
10 11  0.597610  0.990916
10 12  0.631002  1.317538
10 13  0.631363  1.137079
10 14  0.610021  1.336116
10 15  0.604169  0.995176
10 16  0.592458  1.281317
10 17  0.576786  1.178212
10 18  0.621583  1.172419
10 19  0.608049  1.116395
10 20  0.592803  1.029453
10 21  0.600392  0.999051
10 22  0.606415  1.387921
10 23  0.629560  1.148950
10 24  0.639607  1.263242
10 25  0.620266  1.139542
10 26  0.621705  1.046367
10 27  0.378103  1.225263
10 28  0.605297  0.994294
10 29  0.633877  1.315434
10 30  0.620219  1.215605
11 12  0.595047  0.934708
11 13  0.588982  0.754797
11 14  0.592574  1.048947
11 15  0.516354  0.559873
11 16  0.586741  0.952135
11 17  0.558878  0.789232
11 18  0.582042  0.785621
11 19  0.569038  0.725407
11 20  0.551988  0.636152
11 21  0.284794  0.345367
11 22  0.591991  1.023917
11 23  0.589935  0.757840
11 24  0.602446  0.877569
11 25  0.581916  0.747974
11 26  0.540670  0.615279
11 27  0.601530  0.959227
11 28  0.513091  0.553323
11 29  0.597015  0.943946
11 30  0.580325  0.829454
12 13  0.629036  1.094356
12 14  0.606178  1.306757
12 15  0.601605  0.940144
12 16  0.620911  1.283177
12 17  0.596259  1.120378
12 18  0.592609  1.111262
12 19  0.596481  1.042679
12 20  0.590606  0.973615
12 21  0.597824  0.942933
12 22  0.599214  1.323645
12 23  0.628017  1.093492
12 24  0.602770  1.181371
12 25  0.620010  1.084023
12 26  0.619072  0.990267
12 27  0.635728  1.275827
12 28  0.602771  0.938202
12 29  0.407313  1.134809
12 30  0.617937  1.163647
13 14  0.626584  1.207823
13 15  0.597110  0.763158
13 16  0.619510  1.112706
13 17  0.587318  0.948890
13 18  0.616140  0.947714
13 19  0.603142  0.887594
13 20  0.559535  0.777010
13 21  0.593555  0.768579
13 22  0.625379  1.184680
13 23  0.412319  0.777531
13 24  0.636546  1.039345
13 25  0.581539  0.877083
13 26  0.603218  0.802131
13 27  0.634574  1.120495
13 28  0.598831  0.764243
13 29  0.631023  1.105530
13 30  0.576600  0.952238
14 15  0.599138  1.053866
14 16  0.606571  1.366113
14 17  0.589112  1.233693
14 18  0.610540  1.218884
14 19  0.598083  1.165588
14 20  0.588100  1.087158
14 21  0.595331  1.056780
14 22  0.427427  1.372310
14 23  0.624934  1.206341
14 24  0.610050  1.282729
14 25  0.617211  1.196802
14 26  0.616659  1.103984
14 27  0.610102  1.378632
14 28  0.600286  1.052053
14 29  0.601965  1.359300
14 30  0.614623  1.276294
15 16  0.593503  0.957283
15 17  0.565215  0.794319
15 18  0.588606  0.790730
15 19  0.575595  0.730508
15 20  0.555124  0.639423
15 21  0.513020  0.560932
15 22  0.598588  1.029021
15 23  0.596549  0.762916
15 24  0.609018  0.882675
15 25  0.588475  0.753314
15 26  0.545205  0.619374
15 27  0.608076  0.964310
15 28  0.289100  0.335491
15 29  0.603597  0.949065
15 30  0.587628  0.834785
16 17  0.586394  1.136681
16 18  0.609253  1.101474
16 19  0.596364  1.058736
16 20  0.582355  0.990399
16 21  0.589729  0.957527
16 22  0.610818  1.352222
16 23  0.618132  1.090083
16 24  0.617093  1.159225
16 25  0.611195  1.100487
16 26  0.610869  1.003397
16 27  0.595946  1.288476
16 28  0.594696  0.954488
16 29  0.618784  1.230456
16 30  0.598656  1.108832
17 18  0.583413  0.974603
17 19  0.570297  0.906102
17 20  0.553554  0.818119
17 21  0.561891  0.797057
17 22  0.591200  1.170619
17 23  0.587327  0.933986
17 24  0.602934  1.052440
17 25  0.565244  0.890093
17 26  0.582952  0.841977
17 27  0.577593  1.055326
17 28  0.566799  0.791785
17 29  0.598085  1.130470
17 30  0.579601  1.017955
18 19  0.547897  0.876869
18 20  0.577616  0.824229
18 21  0.584859  0.792938
18 22  0.613212  1.194268
18 23  0.615145  0.940664
18 24  0.619151  1.034078
18 25  0.607017  0.934940
18 26  0.606158  0.840070
18 27  0.624607  1.140927
18 28  0.589775  0.788520
18 29  0.594763  1.047115
18 30  0.605618  1.003073
19 20  0.564607  0.763321
19 21  0.571848  0.733031
19 22  0.597927  1.140661
19 23  0.602141  0.880279
19 24  0.592285  0.947090
19 25  0.594001  0.872551
19 26  0.593150  0.780666
19 27  0.610816  1.062559
19 28  0.576764  0.728313
19 29  0.602288  1.063937
19 30  0.592668  0.951647
20 21  0.550583  0.640203
20 22  0.587594  1.057803
20 23  0.566257  0.772217
20 24  0.598017  0.915154
20 25  0.572183  0.771714
20 26  0.558211  0.675416
20 27  0.597046  0.990556
20 28  0.554627  0.633281
20 29  0.592598  0.982110
20 30  0.572741  0.865342
21 22  0.594856  1.031321
21 23  0.590283  0.758034
21 24  0.605267  0.884597
21 25  0.585001  0.756285
21 26  0.552658  0.633143
21 27  0.604375  0.967015
21 28  0.519597  0.565255
21 29  0.599848  0.950834
21 30  0.583439  0.833532
22 23  0.625047  1.181517
22 24  0.613268  1.290026
22 25  0.616921  1.156805
22 26  0.616129  1.074507
22 27  0.614123  1.293281
22 28  0.599782  1.027050
22 29  0.609194  1.289455
22 30  0.614794  1.235059
23 24  0.635354  1.025000
23 25  0.586321  0.886896
23 26  0.608130  0.807051
23 27  0.634408  1.108137
23 28  0.596719  0.757609
23 29  0.630018  1.097362
23 30  0.585350  0.954785
24 25  0.627337  1.023534
24 26  0.626561  0.932462
24 27  0.638063  1.195334
24 28  0.610185  0.880187
24 29  0.605113  1.186388
24 30  0.625135  1.089320
25 26  0.602878  0.794922
25 27  0.625136  1.080498
25 28  0.590073  0.751070
25 29  0.621976  1.091750
25 30  0.571853  0.961363
26 27  0.625633  1.012475
26 28  0.555121  0.629882
26 29  0.621140  0.996774
26 30  0.602014  0.872802
27 28  0.609297  0.961930
27 29  0.636254  1.295632
27 30  0.624546  1.187631
28 29  0.604767  0.946809
28 30  0.588813  0.832478
29 30  0.620070  1.147238
