  -1146.53698720
  -1146.90724346    -1146.79094585
0.00001884811161
2 2 2 2 2 2 2 2 2 2 2 2 2 2 2 0 0 0 0 0 0 0 0 0 0 0 0 0 0 0 
1  0.279546  0.506563
2  0.301343  0.459351
3  0.290018  0.413202
4  0.273556  0.366657
5  0.316308  0.630929
6  0.304407  0.367755
7  0.307647  0.521926
8  0.333234  0.580717
9  0.308561  0.513830
10  0.329104  0.688266
11  0.280850  0.309877
12  0.323561  0.621176
13  0.319117  0.486133
14  0.321472  0.726972
15  0.287013  0.314373
16  0.320068  0.662276
17  0.289181  0.509268
18  0.306423  0.484855
19  0.295296  0.427419
20  0.277942  0.361580
21  0.283595  0.319424
22  0.320549  0.704614
23  0.318355  0.482610
24  0.333157  0.575526
25  0.310286  0.480127
26  0.306354  0.376544
27  0.333023  0.653016
28  0.288226  0.310864
29  0.325480  0.631452
30  0.310657  0.564521
1 2  0.580742  0.964305
1 3  0.569269  0.909685
1 4  0.552088  0.858401
1 5  0.593684  1.131290
1 6  0.583713  0.869613
1 7  0.583962  1.026211
1 8  0.611707  1.070890
1 9  0.571494  0.959279
1 10  0.582906  1.089675
1 11  0.560372  0.815952
1 12  0.602653  1.124042
1 13  0.593493  0.970887
1 14  0.598861  1.187236
1 15  0.566514  0.818779
1 16  0.598094  1.151387
1 17  0.268959  0.803324
1 18  0.585815  0.989515
1 19  0.574140  0.933389
1 20  0.555134  0.867554
1 21  0.563017  0.825816
1 22  0.594936  1.206259
1 23  0.591880  0.985434
1 24  0.612044  1.079335
1 25  0.574917  0.983244
1 26  0.585641  0.882779
1 27  0.590066  1.156293
1 28  0.567439  0.817338
1 29  0.604762  1.132911
1 30  0.588078  1.056766
2 3  0.547410  0.838849
2 4  0.574897  0.825813
2 5  0.615392  1.059687
2 6  0.605746  0.826424
2 7  0.608819  0.970182
2 8  0.626432  1.013226
2 9  0.609883  0.972481
2 10  0.629066  1.142308
2 11  0.582190  0.768650
2 12  0.598888  1.009737
2 13  0.620419  0.941740
2 14  0.620134  1.174749
2 15  0.588355  0.773508
2 16  0.620529  1.119864
2 17  0.590408  0.966974
2 18  0.299020  0.704865
2 19  0.552092  0.852795
2 20  0.579235  0.820791
2 21  0.584906  0.778738
2 22  0.615473  1.149193
2 23  0.619656  0.941541
2 24  0.630331  1.030668
2 25  0.611582  0.939002
2 26  0.607595  0.835798
2 27  0.633887  1.107992
2 28  0.589566  0.770199
2 29  0.600653  1.080200
2 30  0.611584  1.022901
3 4  0.563573  0.778261
3 5  0.604256  1.026007
3 6  0.594423  0.780870
3 7  0.597547  0.931249
3 8  0.602222  0.940967
3 9  0.598551  0.923023
3 10  0.616880  1.079172
3 11  0.570867  0.722658
3 12  0.607525  1.028991
3 13  0.609099  0.893789
3 14  0.606289  1.130550
3 15  0.577030  0.727091
3 16  0.609823  1.074318
3 17  0.578551  0.921958
3 18  0.551850  0.863807
3 19  0.290785  0.604306
3 20  0.567894  0.774660
3 21  0.573606  0.732605
3 22  0.604139  1.109399
3 23  0.608369  0.895494
3 24  0.612116  0.985348
3 25  0.600170  0.892986
3 26  0.596309  0.789674
3 27  0.621761  1.065314
3 28  0.578244  0.724053
3 29  0.606085  1.029820
3 30  0.600615  0.977120
4 5  0.589682  0.996622
4 6  0.560862  0.716710
4 7  0.578125  0.885604
4 8  0.606777  0.945075
4 9  0.576410  0.858109
4 10  0.602565  1.041349
4 11  0.549902  0.670883
4 12  0.597110  0.986905
4 13  0.572300  0.820498
4 14  0.595004  1.084689
4 15  0.554485  0.671469
4 16  0.593568  1.027654
4 17  0.560136  0.875308
4 18  0.579927  0.851313
4 19  0.568775  0.793923
4 20  0.263657  0.473429
4 21  0.556218  0.684195
4 22  0.594024  1.070454
4 23  0.565594  0.827595
4 24  0.606604  0.941751
4 25  0.580522  0.845376
4 26  0.555772  0.721350
4 27  0.606153  1.018985
4 28  0.557683  0.674803
4 29  0.599010  0.997701
4 30  0.582605  0.924663
5 6  0.620515  0.995635
5 7  0.612158  1.088755
5 8  0.633586  1.142371
5 9  0.624221  1.142432
5 10  0.611758  1.296091
5 11  0.597069  0.938459
5 12  0.631719  1.198029
5 13  0.633509  1.098914
5 14  0.626654  1.339589
5 15  0.603288  0.944541
5 16  0.374005  1.153884
5 17  0.603615  1.123046
5 18  0.621861  1.114071
5 19  0.611332  1.057335
5 20  0.594130  0.991464
5 21  0.599581  0.950231
5 22  0.621531  1.303931
5 23  0.632931  1.112139
5 24  0.644673  1.204659
5 25  0.626066  1.106998
5 26  0.622041  1.007179
5 27  0.614031  1.228553
5 28  0.604486  0.941748
5 29  0.637701  1.258026
5 30  0.618068  1.192707
6 7  0.608818  0.878421
6 8  0.637622  0.948247
6 9  0.608827  0.866996
6 10  0.633447  1.051642
6 11  0.554069  0.652424
6 12  0.627952  0.986326
6 13  0.617223  0.850064
6 14  0.625829  1.088049
6 15  0.556448  0.653511
6 16  0.623910  1.029755
6 17  0.593292  0.876777
6 18  0.610720  0.852512
6 19  0.599629  0.795108
6 20  0.560076  0.708906
6 21  0.548483  0.651374
6 22  0.624917  1.071964
6 23  0.608455  0.834828
6 24  0.637357  0.943116
6 25  0.614076  0.847558
6 26  0.381785  0.550974
6 27  0.637389  1.020546
6 28  0.547724  0.637496
6 29  0.629733  0.998994
6 30  0.613217  0.931626
7 8  0.639761  1.085817
7 9  0.583306  1.018195
7 10  0.635975  1.207768
7 11  0.587767  0.828473
7 12  0.630430  1.119654
7 13  0.594973  0.979644
7 14  0.628095  1.231898
7 15  0.594436  0.836064
7 16  0.618205  1.181554
7 17  0.593834  1.016410
7 18  0.613628  1.005923
7 19  0.602848  0.948892
7 20  0.583688  0.877202
7 21  0.590168  0.840825
7 22  0.626482  1.223544
7 23  0.590349  0.973456
7 24  0.640107  1.096416
7 25  0.576139  0.955627
7 26  0.612256  0.897796
7 27  0.639725  1.170815
7 28  0.595592  0.832450
7 29  0.632062  1.151391
7 30  0.381673  0.946771
8 9  0.641686  1.088922
8 10  0.653489  1.226847
8 11  0.614073  0.889366
8 12  0.620233  1.170807
8 13  0.652081  1.053392
8 14  0.631259  1.295226
8 15  0.620241  0.894126
8 16  0.648399  1.240504
8 17  0.621743  1.087016
8 18  0.634701  1.059876
8 19  0.616869  1.004252
8 20  0.611062  0.941908
8 21  0.616784  0.900083
8 22  0.625981  1.244530
8 23  0.651550  1.062474
8 24  0.417859  0.989465
8 25  0.643344  1.059791
8 26  0.639393  0.957066
8 27  0.662775  1.228317
8 28  0.621459  0.891552
8 29  0.620537  1.181347
8 30  0.643270  1.143708
9 10  0.635916  1.157062
9 11  0.589036  0.823318
9 12  0.632065  1.131476
9 13  0.597126  0.973249
9 14  0.629835  1.212076
9 15  0.595237  0.825325
9 16  0.628076  1.170381
9 17  0.583524  1.019743
9 18  0.614889  0.997950
9 19  0.603645  0.940780
9 20  0.583663  0.874044
9 21  0.591456  0.832007
9 22  0.628628  1.215949
9 23  0.588872  0.956004
9 24  0.641445  1.087915
9 25  0.373677  0.822594
9 26  0.614246  0.889932
9 27  0.639022  1.164969
9 28  0.596025  0.823847
9 29  0.633985  1.143645
9 30  0.580277  1.036491
10 11  0.609945  0.997631
10 12  0.648158  1.300840
10 13  0.647805  1.155805
10 14  0.627346  1.317678
10 15  0.616113  1.000625
10 16  0.614568  1.293165
10 17  0.594822  1.193432
10 18  0.634977  1.167623
10 19  0.623080  1.114540
10 20  0.606589  1.049164
10 21  0.612650  1.007571
10 22  0.623435  1.366874
10 23  0.646270  1.169097
10 24  0.659130  1.258092
10 25  0.636868  1.166549
10 26  0.635416  1.064498
10 27  0.396514  1.213450
10 28  0.617248  0.999038
10 29  0.651222  1.300951
10 30  0.638577  1.245992
11 12  0.604399  0.930195
11 13  0.597109  0.787610
11 14  0.602301  1.036682
11 15  0.520234  0.581624
11 16  0.600591  0.972022
11 17  0.569790  0.819033
11 18  0.587248  0.794697
11 19  0.576141  0.737277
11 20  0.557593  0.669823
11 21  0.288289  0.371258
11 22  0.601274  1.014379
11 23  0.598400  0.792083
11 24  0.613972  0.885353
11 25  0.590467  0.789067
11 26  0.546215  0.648555
11 27  0.613802  0.962829
11 28  0.517095  0.573668
11 29  0.606268  0.941248
11 30  0.590403  0.873781
12 13  0.642492  1.103196
12 14  0.620385  1.276832
12 15  0.610569  0.935399
12 16  0.639782  1.279080
12 17  0.612411  1.125279
12 18  0.602979  1.095305
12 19  0.608947  1.031694
12 20  0.601472  0.982437
12 21  0.607082  0.940501
12 22  0.613213  1.291648
12 23  0.641708  1.102828
12 24  0.619079  1.167319
12 25  0.633816  1.100125
12 26  0.629762  0.997484
12 27  0.653047  1.256546
12 28  0.611779  0.931997
12 29  0.420954  1.107269
12 30  0.633151  1.183203
13 14  0.640457  1.209285
13 15  0.604919  0.795854
13 16  0.637471  1.146140
13 17  0.602322  0.992480
13 18  0.625516  0.970521
13 19  0.614402  0.913193
13 20  0.569222  0.825117
13 21  0.601752  0.804819
13 22  0.638778  1.188841
13 23  0.424161  0.831877
13 24  0.652247  1.060844
13 25  0.594130  0.933603
13 26  0.612707  0.847372
13 27  0.651002  1.137740
13 28  0.606726  0.796714
13 29  0.644430  1.116616
13 30  0.590514  1.011667
14 15  0.608481  1.040818
14 16  0.625896  1.356783
14 17  0.605274  1.231003
14 18  0.621274  1.196282
14 19  0.610696  1.144845
14 20  0.599364  1.087770
14 21  0.604955  1.046235
14 22  0.441900  1.330650
14 23  0.638952  1.207479
14 24  0.627095  1.261044
14 25  0.631341  1.204855
14 26  0.627775  1.102992
14 27  0.627699  1.351854
14 28  0.609656  1.037735
14 29  0.616004  1.326215
14 30  0.630347  1.287568
15 16  0.607034  0.976577
15 17  0.575663  0.823529
15 18  0.593436  0.799205
15 19  0.582307  0.741774
15 20  0.560308  0.672935
15 21  0.516917  0.584448
15 22  0.607510  1.018878
15 23  0.604624  0.796534
15 24  0.620170  0.889859
15 25  0.596536  0.793831
15 26  0.550461  0.652354
15 27  0.619926  0.967301
15 28  0.292118  0.356647
15 29  0.612490  0.945772
15 30  0.597412  0.878415
16 17  0.606947  1.166221
16 18  0.623977  1.108741
16 19  0.612899  1.069620
16 20  0.597774  1.023046
16 21  0.603560  0.977753
16 22  0.629510  1.341011
16 23  0.636157  1.120740
16 24  0.635916  1.165179
16 25  0.629502  1.140268
16 26  0.626143  1.032824
16 27  0.617490  1.292992
16 28  0.608251  0.971992
16 29  0.636967  1.226157
16 30  0.617014  1.142908
17 18  0.595414  0.992544
17 19  0.584115  0.926271
17 20  0.565922  0.857886
17 21  0.572756  0.828552
17 22  0.607077  1.170899
17 23  0.602326  0.975462
17 24  0.621194  1.069218
17 25  0.579440  0.933000
17 26  0.595245  0.881827
17 27  0.594048  1.064456
17 28  0.577379  0.819163
17 29  0.614110  1.137184
17 30  0.596494  1.071131
18 19  0.555863  0.876370
18 20  0.584364  0.846253
18 21  0.590015  0.803210
18 22  0.623695  1.174791
18 23  0.624716  0.961749
18 24  0.631532  1.030576
18 25  0.616671  0.964336
18 26  0.612772  0.859985
18 27  0.637849  1.132524
18 28  0.594647  0.795355
18 29  0.604933  1.035587
18 30  0.616845  1.033208
19 20  0.573237  0.787724
19 21  0.578889  0.746405
19 22  0.610013  1.122525
19 23  0.613598  0.904249
19 24  0.605517  0.946011
19 25  0.605540  0.904264
19 26  0.601648  0.803888
19 27  0.625751  1.057384
19 28  0.583520  0.737913
19 29  0.614443  1.052301
19 30  0.605782  0.986673
20 21  0.556084  0.675510
20 22  0.598456  1.059061
20 23  0.575998  0.817653
20 24  0.611087  0.935478
20 25  0.582036  0.822360
20 26  0.565072  0.719756
20 27  0.610857  1.004725
20 28  0.559840  0.664166
20 29  0.603415  0.992155
20 30  0.584169  0.921897
21 22  0.604119  1.023139
21 23  0.598576  0.792011
21 24  0.616737  0.893506
21 25  0.593476  0.799077
21 26  0.558034  0.667510
21 27  0.616607  0.972268
21 28  0.523453  0.587212
21 29  0.609061  0.949039
21 30  0.593474  0.877969
22 23  0.638722  1.185351
22 24  0.630164  1.268752
22 25  0.630684  1.164250
22 26  0.626838  1.073824
22 27  0.631056  1.273942
22 28  0.608766  1.015418
22 29  0.622981  1.262993
22 30  0.630045  1.245554
23 24  0.651160  1.043778
23 25  0.599017  0.942350
23 26  0.617791  0.852224
23 27  0.651039  1.123991
23 28  0.604752  0.788660
23 29  0.643585  1.106696
23 30  0.599128  1.010699
24 25  0.643288  1.051431
24 26  0.639486  0.951462
24 27  0.657199  1.188070
24 28  0.621376  0.885542
24 29  0.620907  1.170764
24 30  0.642431  1.118970
25 26  0.612502  0.844192
25 27  0.641641  1.101076
25 28  0.598289  0.789937
25 29  0.635665  1.108936
25 30  0.586357  1.024713
26 27  0.639297  1.026410
26 28  0.560430  0.661834
26 29  0.631811  1.004039
26 30  0.613278  0.924491
27 28  0.621247  0.963129
27 29  0.653279  1.276851
27 30  0.642817  1.214576
28 29  0.613698  0.941891
28 30  0.598622  0.874601
29 30  0.635201  1.163836
