  -1146.53698720
  -1146.90734542    -1146.79121450
0.00001268252388
2 2 2 2 2 2 2 2 2 2 2 2 2 2 2 0 0 0 0 0 0 0 0 0 0 0 0 0 0 0 
1  0.279894  0.507554
2  0.301461  0.459433
3  0.290185  0.413450
4  0.273681  0.368048
5  0.316749  0.631243
6  0.304562  0.368956
7  0.307958  0.523339
8  0.333617  0.580713
9  0.308814  0.515530
10  0.329514  0.687940
11  0.280942  0.310440
12  0.323825  0.620538
13  0.319400  0.487225
14  0.321786  0.725856
15  0.287103  0.314920
16  0.320525  0.662618
17  0.289557  0.510267
18  0.306539  0.484966
19  0.295473  0.427619
20  0.278072  0.362884
21  0.283686  0.320081
22  0.320871  0.703603
23  0.318636  0.483642
24  0.333501  0.575444
25  0.310531  0.481674
26  0.306517  0.377739
27  0.333425  0.652634
28  0.288312  0.311325
29  0.325746  0.630854
30  0.310982  0.566031
1 2  0.581207  0.965366
1 3  0.569775  0.910844
1 4  0.552557  0.860603
1 5  0.594465  1.132624
1 6  0.584216  0.871703
1 7  0.584618  1.028611
1 8  0.612432  1.071859
1 9  0.572037  0.961574
1 10  0.583540  1.090158
1 11  0.560812  0.817498
1 12  0.603263  1.124417
1 13  0.594108  0.972867
1 14  0.599510  1.187154
1 15  0.566952  0.820265
1 16  0.598894  1.152810
1 17  0.269637  0.805400
1 18  0.586279  0.990588
1 19  0.574653  0.934578
1 20  0.555593  0.869847
1 21  0.563453  0.827459
1 22  0.595598  1.206269
1 23  0.592503  0.987468
1 24  0.612729  1.080245
1 25  0.575500  0.985772
1 26  0.586151  0.884959
1 27  0.590768  1.156854
1 28  0.567866  0.818789
1 29  0.605376  1.133304
1 30  0.588748  1.059331
2 3  0.547663  0.839143
2 4  0.575142  0.827284
2 5  0.615952  1.060070
2 6  0.606020  0.827685
2 7  0.609249  0.971576
2 8  0.626921  1.013296
2 9  0.610253  0.974256
2 10  0.629592  1.142043
2 11  0.582401  0.769268
2 12  0.599272  1.009273
2 13  0.620820  0.942854
2 14  0.620573  1.173793
2 15  0.588563  0.774129
2 16  0.621095  1.120302
2 17  0.590902  0.968027
2 18  0.299236  0.704994
2 19  0.552382  0.853192
2 20  0.579483  0.822176
2 21  0.585114  0.779476
2 22  0.615912  1.148346
2 23  0.620052  0.942654
2 24  0.630795  1.030710
2 25  0.611944  0.940621
2 26  0.607871  0.837074
2 27  0.634408  1.107705
2 28  0.589771  0.770742
2 29  0.601031  1.079688
2 30  0.612017  1.024499
3 4  0.563865  0.779857
3 5  0.604859  1.026550
3 6  0.594746  0.782317
3 7  0.598023  0.932894
3 8  0.602755  0.941177
3 9  0.598968  0.924905
3 10  0.617447  1.079038
3 11  0.571126  0.723452
3 12  0.607952  1.028595
3 13  0.609547  0.895036
3 14  0.606766  1.129673
3 15  0.577287  0.727865
3 16  0.610448  1.074909
3 17  0.579077  0.923204
3 18  0.552127  0.864286
3 19  0.291073  0.604724
3 20  0.568187  0.776213
3 21  0.573863  0.733510
3 22  0.604630  1.108654
3 23  0.608815  0.896774
3 24  0.612621  0.985510
3 25  0.600577  0.894780
3 26  0.596636  0.791116
3 27  0.622318  1.065188
3 28  0.578497  0.724763
3 29  0.606516  1.029548
3 30  0.601108  0.978873
4 5  0.590248  0.998313
4 6  0.561133  0.719226
4 7  0.578555  0.888368
4 8  0.607285  0.946425
4 9  0.576782  0.860969
4 10  0.603100  1.042251
4 11  0.550118  0.672814
4 12  0.597500  0.987639
4 13  0.572699  0.822845
4 14  0.595443  1.084804
4 15  0.554699  0.673326
4 16  0.594149  1.029355
4 17  0.560614  0.877694
4 18  0.580169  0.852811
4 19  0.569070  0.795514
4 20  0.263886  0.476391
4 21  0.556432  0.686234
4 22  0.594470  1.070822
4 23  0.566006  0.830051
4 24  0.607067  0.943056
4 25  0.580897  0.848326
4 26  0.556060  0.724000
4 27  0.606681  1.019987
4 28  0.557895  0.676671
4 29  0.599402  0.998486
4 30  0.583052  0.927545
5 6  0.621110  0.997092
5 7  0.612860  1.090160
5 8  0.634307  1.142596
5 9  0.624913  1.144429
5 10  0.612585  1.296146
5 11  0.597601  0.939277
5 12  0.632399  1.197733
5 13  0.634223  1.100250
5 14  0.627369  1.338804
5 15  0.603818  0.945387
5 16  0.374809  1.154413
5 17  0.604425  1.124461
5 18  0.622411  1.114509
5 19  0.611950  1.057853
5 20  0.594702  0.993058
5 21  0.600102  0.951199
5 22  0.622273  1.303381
5 23  0.633652  1.113476
5 24  0.645430  1.204900
5 25  0.626749  1.108843
5 26  0.622637  1.008681
5 27  0.614857  1.228738
5 28  0.605013  0.942522
5 29  0.638405  1.257771
5 30  0.618815  1.194505
6 7  0.609280  0.880868
6 8  0.638159  0.949440
6 9  0.609224  0.869668
6 10  0.634009  1.052421
6 11  0.554316  0.654266
6 12  0.628371  0.986813
6 13  0.617661  0.852358
6 14  0.626297  1.087966
6 15  0.556694  0.655333
6 16  0.624514  1.031291
6 17  0.593824  0.878973
6 18  0.610987  0.853824
6 19  0.599956  0.796509
6 20  0.560357  0.711472
6 21  0.548732  0.653305
6 22  0.625393  1.072145
6 23  0.608886  0.837034
6 24  0.637852  0.944232
6 25  0.614473  0.850306
6 26  0.382046  0.553811
6 27  0.637946  1.021362
6 28  0.547961  0.639243
6 29  0.630151  0.999594
6 30  0.613698  0.934343
7 8  0.640439  1.087149
7 9  0.583864  1.021232
7 10  0.636691  1.208853
7 11  0.588170  0.830404
7 12  0.630997  1.120270
7 13  0.595521  0.982118
7 14  0.628714  1.232087
7 15  0.594835  0.838023
7 16  0.618953  1.183288
7 17  0.594520  1.018883
7 18  0.614050  1.007451
7 19  0.603335  0.950503
7 20  0.584127  0.879904
7 21  0.590562  0.842896
7 22  0.627113  1.223934
7 23  0.590907  0.975945
7 24  0.640761  1.097747
7 25  0.576688  0.958725
7 26  0.612729  0.900410
7 27  0.640435  1.171855
7 28  0.595989  0.834320
7 29  0.632632  1.152215
7 30  0.382283  0.949923
8 9  0.642319  1.090592
8 10  0.654264  1.226569
8 11  0.614547  0.889883
8 12  0.620844  1.170175
8 13  0.652741  1.054353
8 14  0.631952  1.294147
8 15  0.620713  0.894636
8 16  0.649200  1.240841
8 17  0.622493  1.088011
8 18  0.635200  1.060037
8 19  0.617419  1.004446
8 20  0.611572  0.943201
8 21  0.617257  0.900735
8 22  0.626683  1.243676
8 23  0.652214  1.063501
8 24  0.418514  0.989342
8 25  0.643971  1.061315
8 26  0.639935  0.958252
8 27  0.663553  1.227979
8 28  0.621927  0.892008
8 29  0.621168  1.180899
8 30  0.643973  1.145209
9 10  0.636568  1.158246
9 11  0.589380  0.825578
9 12  0.632580  1.132505
9 13  0.597650  0.976048
9 14  0.630400  1.212447
9 15  0.595580  0.827521
9 16  0.628782  1.172405
9 17  0.584137  1.022414
9 18  0.615253  0.999745
9 19  0.604067  0.942680
9 20  0.584048  0.877057
9 21  0.591799  0.834361
9 22  0.629201  1.216634
9 23  0.589392  0.958845
9 24  0.642042  1.089512
9 25  0.374153  0.826019
9 26  0.614659  0.892826
9 27  0.639671  1.166276
9 28  0.596355  0.826003
9 29  0.634505  1.144727
9 30  0.580852  1.039857
10 11  0.610447  0.997858
10 12  0.648809  1.299939
10 13  0.648496  1.156497
10 14  0.628047  1.316584
10 15  0.616613  1.000791
10 16  0.615424  1.293477
10 17  0.595554  1.194043
10 18  0.635502  1.167412
10 19  0.623663  1.114423
10 20  0.607130  1.050137
10 21  0.613151  1.007898
10 22  0.624135  1.365637
10 23  0.646954  1.169802
10 24  0.659879  1.257735
10 25  0.637515  1.167770
10 26  0.635988  1.065361
10 27  0.397239  1.212648
10 28  0.617737  0.999172
10 29  0.651890  1.300164
10 30  0.639310  1.247192
11 12  0.604755  0.930083
11 13  0.597481  0.789174
11 14  0.602707  1.036124
11 15  0.520414  0.582832
11 16  0.601130  0.972923
11 17  0.570256  0.820593
11 18  0.587455  0.795371
11 19  0.576410  0.738040
11 20  0.557814  0.671686
11 21  0.288436  0.372704
11 22  0.601684  1.013930
11 23  0.598774  0.793680
11 24  0.614408  0.885834
11 25  0.590805  0.791174
11 26  0.546475  0.650384
11 27  0.614298  0.963009
11 28  0.517273  0.574791
11 29  0.606624  0.941211
11 30  0.590814  0.875853
12 13  0.643036  1.103607
12 14  0.620933  1.275433
12 15  0.610922  0.935302
12 16  0.640494  1.278823
12 17  0.613048  1.125640
12 18  0.603352  1.094781
12 19  0.609388  1.031350
12 20  0.601866  0.983098
12 21  0.607434  0.940518
12 22  0.613769  1.290118
12 23  0.642248  1.103225
12 24  0.619681  1.166731
12 25  0.634324  1.101020
12 26  0.630184  0.998038
12 27  0.653701  1.255644
12 28  0.612128  0.931818
12 29  0.421467  1.106101
12 30  0.633730  1.184084
13 14  0.641052  1.209257
13 15  0.605287  0.797426
13 16  0.638208  1.147570
13 17  0.602980  0.994574
13 18  0.625914  0.971722
13 19  0.614859  0.914484
13 20  0.569634  0.827541
13 21  0.602125  0.806569
13 22  0.639375  1.188920
13 23  0.424665  0.834346
13 24  0.652874  1.061857
13 25  0.594645  0.936329
13 26  0.613145  0.849624
13 27  0.651686  1.138445
13 28  0.607092  0.798266
13 29  0.644974  1.117113
13 30  0.591089  1.014336
14 15  0.608884  1.040231
14 16  0.626653  1.356192
14 17  0.605959  1.230901
14 18  0.621706  1.195375
14 19  0.611184  1.143954
14 20  0.599807  1.087952
14 21  0.605357  1.045774
14 22  0.442517  1.328558
14 23  0.639540  1.207396
14 24  0.627744  1.260038
14 25  0.631897  1.205275
14 26  0.628251  1.103059
14 27  0.628408  1.350476
14 28  0.610054  1.037079
14 29  0.616546  1.324617
14 30  0.630984  1.287957
15 16  0.607580  0.977462
15 17  0.576125  0.825074
15 18  0.593643  0.799862
15 19  0.582574  0.742520
15 20  0.560526  0.674805
15 21  0.517097  0.585756
15 22  0.607921  1.018412
15 23  0.604991  0.798112
15 24  0.620604  0.890324
15 25  0.596864  0.795921
15 26  0.550711  0.654192
15 27  0.620414  0.967465
15 28  0.292271  0.357865
15 29  0.612846  0.945719
15 30  0.597828  0.880465
16 17  0.607772  1.167590
16 18  0.624553  1.109142
16 19  0.613525  1.070142
16 20  0.598360  1.024673
16 21  0.604106  0.978663
16 22  0.630254  1.340349
16 23  0.636884  1.122063
16 24  0.636621  1.165379
16 25  0.630198  1.142128
16 26  0.626761  1.034262
16 27  0.618317  1.293017
16 28  0.608792  0.972778
16 29  0.637661  1.225899
16 30  0.617725  1.144337
17 18  0.595905  0.993650
17 19  0.584660  0.927410
17 20  0.566423  0.860019
17 21  0.573222  0.830205
17 22  0.607761  1.170920
17 23  0.602966  0.977403
17 24  0.621909  1.070137
17 25  0.580012  0.935187
17 26  0.595785  0.883938
17 27  0.594694  1.064910
17 28  0.577841  0.820596
17 29  0.614754  1.137606
17 30  0.597189  1.073629
18 19  0.556122  0.876640
18 20  0.584610  0.847666
18 21  0.590223  0.803932
18 22  0.624138  1.173963
18 23  0.625112  0.962799
18 24  0.631987  1.030605
18 25  0.617030  0.965987
18 26  0.613051  0.861249
18 27  0.638369  1.132251
18 28  0.594849  0.795914
18 29  0.605312  1.035193
18 30  0.617286  1.034665
19 20  0.573544  0.789192
19 21  0.579157  0.747246
19 22  0.610517  1.121721
19 23  0.614053  0.905392
19 24  0.606013  0.946104
19 25  0.605958  0.905961
19 26  0.601988  0.805282
19 27  0.626317  1.057189
19 28  0.583782  0.738557
19 29  0.614881  1.051893
19 30  0.606279  0.988354
20 21  0.556306  0.677468
20 22  0.598909  1.059222
20 23  0.576403  0.819904
20 24  0.611561  0.936672
20 25  0.582404  0.825026
20 26  0.565352  0.722203
20 27  0.611389  1.005514
20 28  0.560056  0.665879
20 29  0.603812  0.992846
20 30  0.584611  0.924658
21 22  0.604532  1.022757
21 23  0.598944  0.793602
21 24  0.617171  0.894038
21 25  0.593811  0.801273
21 26  0.558287  0.669394
21 27  0.617100  0.972540
21 28  0.523629  0.588431
21 29  0.609417  0.949029
21 30  0.593891  0.880054
22 23  0.639322  1.185372
22 24  0.630830  1.267712
22 25  0.631249  1.164609
22 26  0.627323  1.073844
22 27  0.631761  1.272900
22 28  0.609173  1.014865
22 29  0.623545  1.261709
22 30  0.630683  1.245947
23 24  0.651778  1.044620
23 25  0.599529  0.944960
23 26  0.618231  0.854437
23 27  0.651719  1.124589
23 28  0.605113  0.790095
23 29  0.644128  1.107059
23 30  0.599696  1.013177
24 25  0.643874  1.052882
24 26  0.639991  0.952565
24 27  0.657924  1.187697
24 28  0.621804  0.885895
24 29  0.621485  1.170088
24 30  0.643084  1.120309
25 26  0.612891  0.846747
25 27  0.642279  1.102094
25 28  0.598619  0.791928
25 29  0.636173  1.109854
25 30  0.586923  1.027683
26 27  0.639860  1.027159
26 28  0.560681  0.663588
26 29  0.632240  1.004536
26 30  0.613761  0.926987
27 28  0.621735  0.963184
27 29  0.653924  1.275921
27 30  0.643539  1.215698
28 29  0.614049  0.941742
28 30  0.599031  0.876569
29 30  0.635783  1.164546
