   -993.87883052
   -994.19372632     -994.06885135
0.00020296163303
2 2 2 2 2 2 2 2 2 2 2 2 2 0 0 0 0 0 0 0 0 0 0 0 0 0 
1  0.299310  0.372018
2  0.314043  0.698300
3  0.299648  0.603507
4  0.314497  0.490862
5  0.319660  0.609582
6  0.303157  0.818472
7  0.303847  0.679420
8  0.273905  0.298793
9  0.276950  0.307092
10  0.267905  0.377788
11  0.294671  0.487411
12  0.284357  0.427101
13  0.262756  0.428881
14  0.276395  0.483654
15  0.299812  0.511638
16  0.289565  0.447486
17  0.270964  0.381921
18  0.278204  0.303740
19  0.277436  0.303929
20  0.308894  0.659722
21  0.313554  0.689015
22  0.301702  0.368953
23  0.303245  0.790700
24  0.299875  0.616768
25  0.310928  0.484520
26  0.318707  0.607017
1 2  0.613340  1.064558
1 3  0.598860  0.969890
1 4  0.599340  0.855263
1 5  0.618967  0.980960
1 6  0.602379  1.179465
1 7  0.602728  1.047424
1 8  0.545699  0.648308
1 9  0.548224  0.654336
1 10  0.546438  0.728629
1 11  0.593980  0.857676
1 12  0.583666  0.799018
1 13  0.560072  0.790879
1 14  0.572803  0.854546
1 15  0.599052  0.883479
1 16  0.588820  0.819357
1 17  0.543024  0.727958
1 18  0.539373  0.638886
1 19  0.540393  0.641359
1 20  0.607971  1.031339
1 21  0.612784  1.060664
1 22  0.370490  0.549576
1 23  0.602547  1.161959
1 24  0.598757  0.988124
1 25  0.586893  0.831840
1 26  0.617874  0.978652
2 3  0.606436  1.240649
2 4  0.628132  1.184514
2 5  0.596496  1.275129
2 6  0.594568  1.405848
2 7  0.613903  1.364919
2 8  0.587943  0.996608
2 9  0.590988  1.005194
2 10  0.581929  1.071515
2 11  0.582990  1.095590
2 12  0.592884  1.118482
2 13  0.575409  1.096964
2 14  0.588784  1.178230
2 15  0.603557  1.175666
2 16  0.577832  1.127692
2 17  0.584996  1.079321
2 18  0.592240  1.001949
2 19  0.591435  1.002109
2 20  0.618943  1.349868
2 21  0.585446  1.314754
2 22  0.615661  1.066847
2 23  0.594388  1.475447
2 24  0.611760  1.302007
2 25  0.624582  1.180655
2 26  0.458198  1.206559
3 4  0.610974  1.074655
3 5  0.605865  1.143647
3 6  0.589677  1.397843
3 7  0.569470  1.260346
3 8  0.573511  0.900755
3 9  0.576579  0.910451
3 10  0.567315  0.979702
3 11  0.592354  1.057714
3 12  0.582056  1.010251
3 13  0.543711  0.967877
3 14  0.561573  1.084388
3 15  0.599106  1.112574
3 16  0.589024  1.049098
3 17  0.570512  0.983369
3 18  0.577809  0.907179
3 19  0.576902  0.907360
3 20  0.387263  1.157350
3 21  0.611096  1.280183
3 22  0.600955  0.972168
3 23  0.574886  1.325208
3 24  0.566999  1.191407
3 25  0.608572  1.083974
3 26  0.617365  1.206511
4 5  0.633272  1.077441
4 6  0.616929  1.294769
4 7  0.606380  1.111612
4 8  0.583385  0.780543
4 9  0.588464  0.792255
4 10  0.552128  0.837350
4 11  0.609059  0.973988
4 12  0.598703  0.908435
4 13  0.554466  0.896436
4 14  0.564331  0.942702
4 15  0.614008  1.001495
4 16  0.604001  0.937831
4 17  0.549500  0.838884
4 18  0.591943  0.793863
4 19  0.589798  0.793625
4 20  0.619312  1.137430
4 21  0.627302  1.177495
4 22  0.593318  0.835526
4 23  0.614811  1.273697
4 24  0.606490  1.105863
4 25  0.377667  0.814566
4 26  0.632977  1.096683
5 6  0.602802  1.410073
5 7  0.615499  1.242253
5 8  0.593555  0.907048
5 9  0.596598  0.915742
5 10  0.587481  0.985342
5 11  0.606401  1.069210
5 12  0.583008  0.976585
5 13  0.580919  1.017553
5 14  0.595348  1.091276
5 15  0.606957  1.117786
5 16  0.606074  1.053623
5 17  0.590449  0.990733
5 18  0.597861  0.913271
5 19  0.597079  0.913456
5 20  0.625523  1.262540
5 21  0.457161  1.196464
5 22  0.621215  0.978229
5 23  0.583901  1.298207
5 24  0.618401  1.222316
5 25  0.630557  1.092739
5 26  0.596608  1.206176
6 7  0.586276  1.386069
6 8  0.577056  1.117056
6 9  0.580090  1.122711
6 10  0.570858  1.173251
6 11  0.595388  1.283838
6 12  0.583360  1.236309
6 13  0.563772  1.230273
6 14  0.575211  1.291697
6 15  0.596876  1.319306
6 16  0.587684  1.247771
6 17  0.573790  1.198598
6 18  0.581234  1.121965
6 19  0.580480  1.122187
6 20  0.595446  1.446524
6 21  0.594812  1.491873
6 22  0.604846  1.186688
6 23  0.505088  1.589242
6 24  0.575867  1.369880
6 25  0.610729  1.294036
6 26  0.583453  1.323787
7 8  0.577641  0.976330
7 9  0.580606  0.981428
7 10  0.569872  1.032741
7 11  0.597494  1.162133
7 12  0.586517  1.084817
7 13  0.563998  1.104631
7 14  0.574935  1.134783
7 15  0.602481  1.187668
7 16  0.592864  1.124301
7 17  0.572313  1.060300
7 18  0.581601  0.983039
7 19  0.581196  0.983244
7 20  0.572322  1.250768
7 21  0.613579  1.359727
7 22  0.605256  1.047956
7 23  0.591208  1.443267
7 24  0.379946  1.186647
7 25  0.602380  1.157808
7 26  0.619965  1.278938
8 9  0.504999  0.565228
8 10  0.537684  0.671878
8 11  0.568575  0.785803
8 12  0.558261  0.725367
8 13  0.536149  0.726022
8 14  0.548978  0.781921
8 15  0.573709  0.810402
8 16  0.563469  0.746255
8 17  0.543721  0.679134
8 18  0.501287  0.554889
8 19  0.272740  0.339627
8 20  0.582650  0.958385
8 21  0.587434  0.987729
8 22  0.538218  0.631288
8 23  0.577034  1.089304
8 24  0.573672  0.915512
8 25  0.583230  0.782563
8 26  0.592607  0.905754
9 10  0.538743  0.674298
9 11  0.571619  0.794450
9 12  0.561305  0.733654
9 13  0.539557  0.735862
9 14  0.553125  0.790173
9 15  0.576714  0.818679
9 16  0.566498  0.754554
9 17  0.544171  0.686867
9 18  0.272034  0.344431
9 19  0.502376  0.561422
9 20  0.585774  0.966654
9 21  0.590398  0.995970
9 22  0.541991  0.641171
9 23  0.580014  1.097558
9 24  0.576366  0.923724
9 25  0.587102  0.790593
9 26  0.595591  0.914051
10 11  0.562572  0.864466
10 12  0.552248  0.803489
10 13  0.528923  0.803318
10 14  0.543719  0.856489
10 15  0.567451  0.889019
10 16  0.557338  0.825019
10 17  0.264050  0.529808
10 18  0.543166  0.679870
10 19  0.544318  0.679817
10 20  0.576748  1.035908
10 21  0.581015  1.065813
10 22  0.541357  0.721886
10 23  0.570810  1.166730
10 24  0.565295  0.993234
10 25  0.544493  0.826671
10 26  0.586204  0.984019
11 12  0.535248  0.882746
11 13  0.557113  0.901352
11 14  0.570435  0.969830
11 15  0.544773  0.946619
11 16  0.287384  0.713392
11 17  0.565617  0.868987
11 18  0.572874  0.791122
11 19  0.572093  0.791302
11 20  0.602408  1.144405
11 21  0.598945  1.148544
11 22  0.596327  0.856199
11 23  0.591481  1.268253
11 24  0.594240  1.101761
11 25  0.605513  0.971293
11 26  0.601150  1.091604
12 13  0.546926  0.849982
12 14  0.560614  0.910081
12 15  0.286934  0.716621
12 16  0.534014  0.845770
12 17  0.555271  0.808746
12 18  0.562560  0.730817
12 19  0.561791  0.731011
12 20  0.592859  1.084710
12 21  0.573538  1.100718
12 22  0.586025  0.795941
12 23  0.582410  1.201273
12 24  0.584028  1.042062
12 25  0.595277  0.911044
12 26  0.600381  1.031126
13 14  0.250876  0.701767
13 15  0.562553  0.939571
13 16  0.552238  0.875599
13 17  0.533186  0.805604
13 18  0.540547  0.732148
13 19  0.538519  0.732100
13 20  0.550846  1.083927
13 21  0.576101  1.114639
13 22  0.561656  0.796549
13 23  0.561200  1.210570
13 24  0.560818  1.035288
13 25  0.550831  0.889909
13 26  0.581234  1.034312
14 15  0.576016  0.991946
14 16  0.565647  0.917536
14 17  0.544772  0.861834
14 18  0.554340  0.787272
14 19  0.553162  0.785010
14 20  0.561239  1.050364
14 21  0.589252  1.168715
14 22  0.575660  0.841394
14 23  0.577560  1.240422
14 24  0.572538  1.088315
14 25  0.562511  0.940992
14 26  0.593548  1.063472
15 16  0.543483  0.924887
15 17  0.570750  0.888635
15 18  0.578014  0.814589
15 19  0.577247  0.815139
15 20  0.607315  1.165442
15 21  0.587087  1.103051
15 22  0.601509  0.880134
15 23  0.600009  1.278700
15 24  0.597579  1.089831
15 25  0.610522  0.982809
15 26  0.610928  1.089391
16 17  0.560519  0.828944
16 18  0.567768  0.750974
16 19  0.567001  0.750819
16 20  0.596359  1.080265
16 21  0.597576  1.128234
16 22  0.591265  0.815908
16 23  0.588057  1.226641
16 24  0.587425  1.043781
16 25  0.600324  0.923587
16 26  0.585400  0.987288
17 18  0.542645  0.675454
17 19  0.543139  0.680697
17 20  0.579444  1.036649
17 21  0.584384  1.058720
17 22  0.550320  0.729373
17 23  0.573791  1.153728
17 24  0.568680  0.981222
17 25  0.552065  0.834447
17 26  0.589539  0.986685
18 19  0.509299  0.566736
18 20  0.587092  0.963395
18 21  0.591745  0.991204
18 22  0.552479  0.648957
18 23  0.581416  1.093204
18 24  0.577850  0.917271
18 25  0.584929  0.781916
18 26  0.596894  0.909906
19 20  0.586311  0.962216
19 21  0.590981  0.992418
19 22  0.550656  0.648063
19 23  0.580663  1.094450
19 24  0.577171  0.918733
19 25  0.583002  0.778730
19 26  0.596132  0.909532
20 21  0.617505  1.338147
20 22  0.610391  1.020179
20 23  0.592010  1.352781
20 24  0.572150  1.252527
20 25  0.617849  1.133494
20 26  0.619088  1.211708
21 22  0.615242  1.055976
21 23  0.595949  1.380577
21 24  0.605913  1.235338
21 25  0.623603  1.150780
21 26  0.593377  1.260537
22 23  0.604865  1.150172
22 24  0.601131  0.984549
22 25  0.598455  0.845081
22 26  0.620388  0.975236
23 24  0.591229  1.378721
23 25  0.613039  1.268125
23 26  0.601144  1.377381
24 25  0.599007  1.042117
24 26  0.605723  1.159363
25 26  0.628379  1.067327
