   -993.87883052
   -994.19659846     -994.07542926
0.00007412393053
2 2 2 2 2 2 2 2 2 2 2 2 2 0 0 0 0 0 0 0 0 0 0 0 0 0 
1  0.302948  0.387880
2  0.323133  0.695846
3  0.309740  0.611158
4  0.321933  0.510090
5  0.329423  0.609613
6  0.311575  0.810466
7  0.313679  0.686421
8  0.276383  0.305982
9  0.279209  0.316803
10  0.272454  0.398801
11  0.300041  0.493086
12  0.289296  0.433510
13  0.270648  0.449440
14  0.284895  0.501857
15  0.304729  0.515688
16  0.295149  0.455103
17  0.275449  0.403566
18  0.280505  0.311722
19  0.279947  0.310765
20  0.319158  0.665357
21  0.323037  0.685820
22  0.305137  0.384671
23  0.311625  0.786111
24  0.309425  0.624812
25  0.317813  0.502575
26  0.328609  0.607127
1 2  0.626065  1.076171
1 3  0.612560  0.992096
1 4  0.610095  0.890056
1 5  0.632365  0.996685
1 6  0.614402  1.184937
1 7  0.616084  1.069421
1 8  0.551660  0.671937
1 9  0.554073  0.679822
1 10  0.554434  0.764177
1 11  0.602986  0.878436
1 12  0.592241  0.821260
1 13  0.571366  0.825240
1 14  0.584895  0.888645
1 15  0.607561  0.903376
1 16  0.597996  0.842833
1 17  0.551068  0.766340
1 18  0.545234  0.663419
1 19  0.546475  0.664669
1 20  0.621829  1.052775
1 21  0.625864  1.073296
1 22  0.377257  0.584748
1 23  0.614562  1.173074
1 24  0.611872  1.011871
1 25  0.597288  0.865359
1 26  0.631349  0.994609
2 3  0.624616  1.246166
2 4  0.644553  1.200672
2 5  0.614587  1.273979
2 6  0.611348  1.398626
2 7  0.632143  1.369519
2 8  0.599506  1.001130
2 9  0.602332  1.012323
2 10  0.595566  1.089038
2 11  0.596576  1.098992
2 12  0.606786  1.122935
2 13  0.592059  1.112005
2 14  0.606259  1.194099
2 15  0.617606  1.180527
2 16  0.592317  1.133578
2 17  0.598559  1.098261
2 18  0.603630  1.007451
2 19  0.602995  1.006469
2 20  0.637877  1.353934
2 21  0.603810  1.315084
2 22  0.628139  1.080019
2 23  0.611645  1.469298
2 24  0.630115  1.307473
2 25  0.640536  1.196152
2 26  0.474520  1.201018
3 4  0.628220  1.100503
3 5  0.623712  1.149987
3 6  0.608245  1.397927
3 7  0.589145  1.275893
3 8  0.586067  0.915166
3 9  0.588915  0.927784
3 10  0.581928  1.007873
3 11  0.607589  1.069741
3 12  0.596889  1.023699
3 13  0.559813  0.990491
3 14  0.579143  1.109998
3 15  0.614083  1.124107
3 16  0.604642  1.064608
3 17  0.585053  1.012237
3 18  0.590210  0.922782
3 19  0.589479  0.921829
3 20  0.405743  1.168737
3 21  0.630418  1.284763
3 22  0.614480  0.995463
3 23  0.592613  1.331762
3 24  0.586615  1.209183
3 25  0.625368  1.109865
3 26  0.637169  1.214875
4 5  0.650277  1.094253
4 6  0.632700  1.305705
4 7  0.622664  1.133845
4 8  0.592941  0.805357
4 9  0.597837  0.819830
4 10  0.563743  0.876204
4 11  0.621836  0.998090
4 12  0.611016  0.932294
4 13  0.569343  0.935497
4 14  0.580263  0.981136
4 15  0.626326  1.024723
4 16  0.617031  0.964653
4 17  0.561248  0.880163
4 18  0.601610  0.820943
4 19  0.599662  0.819609
4 20  0.636890  1.162435
4 21  0.644162  1.193552
4 22  0.604054  0.869898
4 23  0.630467  1.287689
4 24  0.623067  1.133176
4 25  0.391180  0.855852
4 26  0.650278  1.116072
5 6  0.621068  1.403439
5 7  0.634256  1.249109
5 8  0.605791  0.913743
5 9  0.608612  0.925102
5 10  0.601783  1.005998
5 11  0.621408  1.075715
5 12  0.596495  0.981709
5 13  0.598144  1.036853
5 14  0.613450  1.109377
5 15  0.621148  1.121547
5 16  0.621337  1.061736
5 17  0.604649  1.012285
5 18  0.609920  0.921274
5 19  0.609339  0.920314
5 20  0.645081  1.268341
5 21  0.474396  1.191992
5 22  0.634374  0.993936
5 23  0.601295  1.300283
5 24  0.637570  1.230950
5 25  0.647190  1.110804
5 26  0.616020  1.206898
6 7  0.603179  1.385315
6 8  0.587945  1.116180
6 9  0.590767  1.123174
6 10  0.583778  1.182501
6 11  0.609123  1.281479
6 12  0.596484  1.234283
6 13  0.579865  1.240875
6 14  0.592039  1.301905
6 15  0.610119  1.315407
6 16  0.601250  1.247833
6 17  0.586632  1.212018
6 18  0.591907  1.121897
6 19  0.591364  1.120976
6 20  0.614071  1.446763
6 21  0.612042  1.482043
6 22  0.616698  1.194246
6 23  0.521579  1.577082
6 24  0.592590  1.372834
6 25  0.625995  1.303762
6 26  0.601173  1.322892
7 8  0.589911  0.989922
7 9  0.592647  0.996338
7 10  0.584060  1.057108
7 11  0.612416  1.174694
7 12  0.600922  1.096594
7 13  0.581509  1.132275
7 14  0.593307  1.161625
7 15  0.616978  1.199025
7 16  0.608263  1.138554
7 17  0.586458  1.088943
7 18  0.593647  0.997985
7 19  0.593517  0.997053
7 20  0.592665  1.269771
7 21  0.632366  1.364618
7 22  0.618458  1.070563
7 23  0.608976  1.447061
7 24  0.399011  1.202506
7 25  0.618845  1.182641
7 26  0.639153  1.286003
8 9  0.509848  0.583273
8 10  0.544341  0.699438
8 11  0.576422  0.798462
8 12  0.565678  0.738697
8 13  0.546415  0.753434
8 14  0.559756  0.807177
8 15  0.581105  0.821633
8 16  0.571532  0.761056
8 17  0.550602  0.707875
8 18  0.506305  0.571307
8 19  0.277377  0.354840
8 20  0.595370  0.971171
8 21  0.599391  0.991708
8 22  0.544076  0.654795
8 23  0.587858  1.091864
8 24  0.585679  0.930738
8 25  0.592535  0.807799
8 26  0.604991  0.913044
9 10  0.545268  0.703247
9 11  0.579247  0.809821
9 12  0.568501  0.749492
9 13  0.549660  0.766077
9 14  0.563845  0.817857
9 15  0.583875  0.832422
9 16  0.574336  0.771872
9 17  0.550775  0.718370
9 18  0.276308  0.364083
9 19  0.507419  0.579229
9 20  0.598308  0.981933
9 21  0.602112  1.002444
9 22  0.547710  0.667504
9 23  0.590641  1.102611
9 24  0.587983  0.941427
9 25  0.596157  0.818160
9 26  0.607742  0.923851
10 11  0.572489  0.890897
10 12  0.561728  0.830505
10 13  0.541264  0.844057
10 14  0.556692  0.895745
10 15  0.576810  0.914037
10 16  0.567413  0.853581
10 17  0.271971  0.575214
10 18  0.549904  0.708971
10 19  0.551291  0.707569
10 20  0.591547  1.062302
10 21  0.594908  1.083542
10 22  0.549309  0.759525
10 23  0.583656  1.182916
10 24  0.579290  1.022102
10 25  0.555915  0.866343
10 26  0.600547  1.004932
11 12  0.545507  0.895225
11 13  0.570317  0.925394
11 14  0.584199  0.993711
11 15  0.555354  0.960062
11 16  0.296665  0.724773
11 17  0.575426  0.896211
11 18  0.580545  0.804768
11 19  0.579956  0.803803
11 20  0.617794  1.155939
11 21  0.613959  1.153172
11 22  0.605073  0.877554
11 23  0.605084  1.269383
11 24  0.609112  1.115278
11 25  0.617793  0.994968
11 26  0.615911  1.097148
12 13  0.559711  0.876489
12 14  0.574047  0.934578
12 15  0.295276  0.725253
12 16  0.544770  0.861124
12 17  0.564651  0.836774
12 18  0.569795  0.745201
12 19  0.569237  0.744252
12 20  0.608030  1.096529
12 21  0.587437  1.104512
12 22  0.594377  0.818048
12 23  0.595397  1.203482
12 24  0.598476  1.056739
12 25  0.607088  0.935492
12 26  0.615107  1.038018
13 14  0.265202  0.741537
13 15  0.575355  0.963983
13 16  0.565634  0.903835
13 17  0.545506  0.847823
13 18  0.550688  0.760550
13 19  0.548757  0.759428
13 20  0.567895  1.110045
13 21  0.593468  1.131483
13 22  0.572916  0.832881
13 23  0.577344  1.226250
13 24  0.578182  1.064457
13 25  0.565614  0.929694
13 26  0.598985  1.055042
14 15  0.589378  1.014014
14 16  0.579649  0.941787
14 17  0.557615  0.900838
14 18  0.565093  0.813404
14 19  0.564062  0.809424
14 20  0.577968  1.069365
14 21  0.607017  1.183605
14 22  0.587374  0.872959
14 23  0.594188  1.252494
14 24  0.590343  1.114898
14 25  0.577233  0.975922
14 26  0.611725  1.080501
15 16  0.553913  0.936850
15 17  0.580131  0.912920
15 18  0.585229  0.826219
15 19  0.584672  0.825859
15 20  0.622253  1.174905
15 21  0.600290  1.104071
15 22  0.609861  0.899740
15 23  0.613333  1.278476
15 24  0.611832  1.100037
15 25  0.622257  1.002869
15 26  0.625660  1.094645
16 17  0.570580  0.858134
16 18  0.575650  0.766526
16 19  0.575093  0.764997
16 20  0.611820  1.092054
16 21  0.612508  1.132975
16 22  0.600285  0.838984
16 23  0.601749  1.229373
16 24  0.602205  1.058570
16 25  0.612739  0.947946
16 26  0.599353  0.993670
17 18  0.549159  0.703676
17 19  0.549909  0.708871
17 20  0.594099  1.062829
17 21  0.598268  1.074291
17 22  0.558112  0.765443
17 23  0.586533  1.167032
17 24  0.582553  1.008214
17 25  0.563206  0.872940
17 26  0.603873  1.008120
18 19  0.514177  0.582877
18 20  0.599649  0.976961
18 21  0.603516  0.995225
18 22  0.558164  0.672628
18 23  0.592086  1.095924
18 24  0.589709  0.932525
18 25  0.593840  0.806942
18 26  0.609085  0.917821
19 20  0.599079  0.974255
19 21  0.602960  0.995895
19 22  0.556344  0.670806
19 23  0.591545  1.096635
19 24  0.589208  0.933244
19 25  0.592029  0.802353
19 26  0.608530  0.915955
20 21  0.636645  1.340760
20 22  0.624089  1.039578
20 23  0.609693  1.354858
20 24  0.591622  1.267128
20 25  0.634827  1.156475
20 26  0.638474  1.217934
21 22  0.628160  1.067886
21 23  0.613180  1.375479
21 24  0.624178  1.238838
21 25  0.639683  1.163243
21 26  0.611986  1.258809
22 23  0.616662  1.158663
22 24  0.613967  1.007841
22 25  0.608547  0.878707
22 26  0.633729  0.990786
23 24  0.608856  1.381784
23 25  0.628211  1.281320
23 26  0.619454  1.374138
24 25  0.614435  1.064096
24 26  0.623089  1.166047
25 26  0.644838  1.083038
