   -993.87883052
   -994.19779435     -994.07813691
0.00001540406458
2 2 2 2 2 2 2 2 2 2 2 2 2 0 0 0 0 0 0 0 0 0 0 0 0 0 
1  0.304542  0.398675
2  0.326931  0.694504
3  0.314663  0.613111
4  0.325487  0.520809
5  0.334008  0.609366
6  0.315482  0.803794
7  0.318487  0.688271
8  0.277345  0.310679
9  0.280221  0.323476
10  0.274320  0.412591
11  0.302029  0.497023
12  0.291532  0.436854
13  0.274489  0.459487
14  0.288897  0.510465
15  0.306799  0.518682
16  0.297526  0.459145
17  0.277398  0.417726
18  0.281528  0.317429
19  0.280976  0.315441
20  0.323784  0.665234
21  0.327190  0.684396
22  0.306668  0.395229
23  0.315478  0.781675
24  0.314044  0.627430
25  0.321135  0.512690
26  0.333170  0.607102
1 2  0.631454  1.084400
1 3  0.619062  1.004038
1 4  0.615129  0.911480
1 5  0.638540  1.007103
1 6  0.619888  1.187581
1 7  0.622415  1.081472
1 8  0.554212  0.687943
1 9  0.556799  0.697240
1 10  0.557842  0.787828
1 11  0.606569  0.892556
1 12  0.596070  0.835375
1 13  0.576722  0.844736
1 14  0.590437  0.908094
1 15  0.611205  0.917139
1 16  0.601910  0.857658
1 17  0.554604  0.791765
1 18  0.547876  0.680458
1 19  0.549083  0.680593
1 20  0.628046  1.063391
1 21  0.631600  1.082612
1 22  0.380365  0.609600
1 23  0.620006  1.179330
1 24  0.618043  1.025115
1 25  0.602161  0.885853
1 26  0.637431  1.005324
2 3  0.633047  1.247300
2 4  0.651816  1.209677
2 5  0.622460  1.272978
2 6  0.618799  1.392670
2 7  0.640426  1.370296
2 8  0.604255  1.004289
2 9  0.607133  1.017534
2 10  0.601228  1.100845
2 11  0.602198  1.101428
2 12  0.612777  1.125051
2 13  0.599543  1.119516
2 14  0.613938  1.201478
2 15  0.623512  1.183592
2 16  0.598513  1.136662
2 17  0.604300  1.110889
2 18  0.608446  1.011786
2 19  0.607811  1.009782
2 20  0.646157  1.353000
2 21  0.611439  1.315165
2 22  0.633439  1.089174
2 23  0.619115  1.464041
2 24  0.638394  1.308823
2 25  0.647617  1.204811
2 26  0.481935  1.198400
3 4  0.636556  1.112636
3 5  0.632371  1.151788
3 6  0.617008  1.393736
3 7  0.598622  1.280252
3 8  0.591947  0.921493
3 9  0.594846  0.936402
3 10  0.588694  1.023287
3 11  0.614404  1.075348
3 12  0.603890  1.028963
3 13  0.567344  1.000220
3 14  0.587492  1.120331
3 15  0.621066  1.128996
3 16  0.611854  1.070696
3 17  0.591905  1.028139
3 18  0.596157  0.930413
3 19  0.595364  0.928442
3 20  0.414309  1.169251
3 21  0.639325  1.285415
3 22  0.620921  1.007928
3 23  0.601052  1.331376
3 24  0.595933  1.214579
3 25  0.633562  1.122135
3 26  0.646554  1.217092
4 5  0.658270  1.103624
4 6  0.640096  1.309809
4 7  0.630422  1.144656
4 8  0.597321  0.819779
4 9  0.602305  0.836436
4 10  0.569087  0.900012
4 11  0.627349  1.012194
4 12  0.616738  0.945262
4 13  0.576538  0.955602
4 14  0.587829  1.001053
4 15  0.631868  1.038426
4 16  0.622972  0.979400
4 17  0.566753  0.904958
4 18  0.606159  0.837271
4 19  0.604222  0.835025
4 20  0.645030  1.173386
4 21  0.651816  1.202882
4 22  0.609061  0.890657
4 23  0.637760  1.293597
4 24  0.631071  1.146473
4 25  0.397700  0.879742
4 26  0.658408  1.126818
5 6  0.629452  1.397155
5 7  0.643312  1.250941
5 8  0.611326  0.917781
5 9  0.614201  0.931311
5 10  0.608236  1.019332
5 11  0.627886  1.079675
5 12  0.602919  0.984412
5 13  0.606282  1.046087
5 14  0.621980  1.117737
5 15  0.627657  1.124234
5 16  0.628273  1.065662
5 17  0.611112  1.026083
5 18  0.615526  0.926722
5 19  0.614957  0.924732
5 20  0.653984  1.268055
5 21  0.482455  1.189693
5 22  0.640440  1.004220
5 23  0.609514  1.298198
5 24  0.646713  1.233576
5 25  0.655081  1.120666
5 26  0.624733  1.206847
6 7  0.611102  1.381958
6 8  0.592812  1.114164
6 9  0.595686  1.122300
6 10  0.589509  1.187558
6 11  0.615061  1.278854
6 12  0.602579  1.230738
6 13  0.587470  1.243801
6 14  0.599885  1.303909
6 15  0.616119  1.311866
6 16  0.607306  1.245677
6 17  0.592426  1.219326
6 18  0.596788  1.120908
6 19  0.596269  1.118962
6 20  0.622413  1.441178
6 21  0.619890  1.474568
6 22  0.622133  1.198020
6 23  0.529047  1.566260
6 24  0.600457  1.370691
6 25  0.633056  1.307099
6 26  0.609302  1.318968
7 8  0.595673  0.996126
7 9  0.598463  1.003748
7 10  0.590632  1.070774
7 11  0.619126  1.180302
7 12  0.607730  1.100888
7 13  0.590081  1.144253
7 14  0.602142  1.173131
7 15  0.623678  1.204026
7 16  0.615461  1.144237
7 17  0.593175  1.104937
7 18  0.599406  1.005521
7 19  0.599346  1.003559
7 20  0.602064  1.274794
7 21  0.641156  1.365528
7 22  0.624759  1.082892
7 23  0.617278  1.445301
7 24  0.408246  1.206916
7 25  0.626875  1.194438
7 26  0.648218  1.287894
8 9  0.511834  0.595600
8 10  0.547093  0.717621
8 11  0.579370  0.806900
8 12  0.568872  0.746499
8 13  0.551173  0.767904
8 14  0.564652  0.820433
8 15  0.584133  0.829316
8 16  0.574870  0.769790
8 17  0.553481  0.726685
8 18  0.508368  0.582561
8 19  0.279297  0.365733
8 20  0.600923  0.975728
8 21  0.604497  0.994966
8 22  0.546569  0.670474
8 23  0.592642  1.092097
8 24  0.591250  0.938045
8 25  0.596807  0.822640
8 26  0.610514  0.917708
9 10  0.548080  0.722443
9 11  0.582246  0.820417
9 12  0.571747  0.759295
9 13  0.554500  0.782739
9 14  0.568855  0.832977
9 15  0.586931  0.842076
9 16  0.577715  0.782577
9 17  0.553685  0.739345
9 18  0.278214  0.378520
9 19  0.509534  0.591463
9 20  0.603948  0.988433
9 21  0.607233  1.007663
9 22  0.550275  0.685357
9 23  0.595489  1.104792
9 24  0.593497  0.950687
9 25  0.600459  0.834849
9 26  0.613314  0.930473
10 11  0.576344  0.908440
10 12  0.565824  0.847338
10 13  0.546945  0.867347
10 14  0.562538  0.918066
10 15  0.580641  0.930785
10 16  0.571598  0.871332
10 17  0.275302  0.605486
10 18  0.552734  0.728583
10 19  0.554165  0.725974
10 20  0.598032  1.075849
10 21  0.600853  1.095835
10 22  0.552710  0.784341
10 23  0.589342  1.192104
10 24  0.585729  1.038388
10 25  0.561156  0.890362
10 26  0.606918  1.018495
11 12  0.549480  0.902643
11 13  0.576082  0.938240
11 14  0.590030  1.006265
11 15  0.559428  0.968653
11 16  0.300611  0.732255
11 17  0.579342  0.914213
11 18  0.583557  0.814399
11 19  0.582966  0.812408
11 20  0.624219  1.159892
11 21  0.620150  1.156701
11 22  0.608552  0.892034
11 23  0.610853  1.268940
11 24  0.615703  1.121661
11 25  0.623077  1.008982
11 26  0.622428  1.101012
12 13  0.565740  0.889618
12 14  0.580265  0.946437
12 15  0.299147  0.731168
12 16  0.549436  0.869209
12 17  0.568729  0.854277
12 18  0.573051  0.754248
12 19  0.572501  0.752267
12 20  0.614899  1.099628
12 21  0.593813  1.106594
12 22  0.598097  0.831943
12 23  0.601361  1.202759
12 24  0.605240  1.062818
12 25  0.612611  0.948945
12 26  0.621897  1.041454
13 14  0.272182  0.760533
13 15  0.581264  0.976863
13 16  0.571727  0.917935
13 17  0.551272  0.871980
13 18  0.555541  0.776196
13 19  0.553546  0.774120
13 20  0.575934  1.119717
13 21  0.601445  1.139869
13 22  0.578249  0.853570
13 23  0.584793  1.232091
13 24  0.586596  1.077464
13 25  0.572706  0.950302
13 26  0.607318  1.065071
14 15  0.595405  1.025457
14 16  0.585921  0.953506
14 17  0.563483  0.923060
14 18  0.570086  0.827671
14 19  0.569042  0.822285
14 20  0.585403  1.076401
14 21  0.615081  1.190730
14 22  0.592839  0.890718
14 23  0.601892  1.256548
14 24  0.598840  1.126361
14 25  0.584330  0.993815
14 26  0.620185  1.088784
15 16  0.558136  0.943997
15 17  0.584144  0.929168
15 18  0.588321  0.834608
15 19  0.587768  0.833343
15 20  0.628913  1.177671
15 21  0.606264  1.105701
15 22  0.613460  0.913190
15 23  0.619300  1.277396
15 24  0.618388  1.105131
15 25  0.627604  1.014797
15 26  0.632179  1.097975
16 17  0.574907  0.876299
16 18  0.579049  0.776259
16 19  0.578496  0.773452
16 20  0.618662  1.095323
16 21  0.618973  1.135790
16 22  0.604192  0.853341
16 23  0.607940  1.228721
16 24  0.608994  1.064919
16 25  0.618393  0.961287
16 26  0.605826  0.997151
17 18  0.552080  0.722501
17 19  0.552810  0.727535
17 20  0.600630  1.076180
17 21  0.604334  1.085350
17 22  0.561540  0.789318
17 23  0.592245  1.174534
17 24  0.589049  1.023600
17 25  0.568414  0.896489
17 26  0.610355  1.022109
18 19  0.516261  0.594296
18 20  0.605294  0.982487
18 21  0.608684  0.998953
18 22  0.560810  0.688925
18 23  0.596961  1.096646
18 24  0.595344  0.940354
18 25  0.598068  0.822139
18 26  0.614656  0.923417
19 20  0.604727  0.978518
19 21  0.608129  0.998976
19 22  0.558872  0.686379
19 23  0.596424  1.096837
19 24  0.594842  0.940193
19 25  0.596247  0.816212
19 26  0.614106  0.920164
20 21  0.645026  1.339375
20 22  0.630233  1.048815
20 23  0.617731  1.351880
20 24  0.600676  1.270359
20 25  0.642695  1.166229
20 26  0.647330  1.218527
21 22  0.633838  1.076618
21 23  0.620974  1.371320
21 24  0.632554  1.240305
21 25  0.647003  1.170918
21 26  0.620109  1.258125
22 23  0.622025  1.163086
22 24  0.620049  1.020734
22 25  0.613337  0.899318
22 26  0.639817  1.001099
23 24  0.617067  1.379842
23 25  0.635305  1.286922
23 26  0.627906  1.370224
24 25  0.621815  1.074832
24 26  0.631258  1.168471
25 26  0.652574  1.092056
