   -993.87883052
   -994.19793750     -994.07850161
0.00000788685786
2 2 2 2 2 2 2 2 2 2 2 2 2 0 0 0 0 0 0 0 0 0 0 0 0 0 
1  0.304762  0.400485
2  0.327476  0.694246
3  0.315262  0.613363
4  0.325964  0.522519
5  0.334645  0.609398
6  0.316009  0.802685
7  0.319112  0.688494
8  0.277477  0.311517
9  0.280363  0.324737
10  0.274573  0.414995
11  0.302309  0.497755
12  0.291837  0.437561
13  0.275021  0.461013
14  0.289451  0.511880
15  0.307090  0.519326
16  0.297862  0.459914
17  0.277649  0.420173
18  0.281663  0.318498
19  0.281115  0.316252
20  0.324376  0.665214
21  0.327776  0.684103
22  0.306901  0.397004
23  0.315998  0.780963
24  0.314640  0.627735
25  0.321585  0.514250
26  0.333807  0.607092
1 2  0.632219  1.085743
1 3  0.619880  1.005974
1 4  0.615809  0.914989
1 5  0.639396  1.008923
1 6  0.620632  1.188041
1 7  0.623248  1.083409
1 8  0.554572  0.690689
1 9  0.557175  0.700283
1 10  0.558308  0.791884
1 11  0.607069  0.894975
1 12  0.596594  0.837887
1 13  0.577462  0.847864
1 14  0.591209  0.911325
1 15  0.611711  0.919589
1 16  0.602457  0.860236
1 17  0.555072  0.796136
1 18  0.548229  0.683453
1 19  0.549456  0.683294
1 20  0.628859  1.065171
1 21  0.632408  1.084119
1 22  0.380817  0.613765
1 23  0.620746  1.180412
1 24  0.618854  1.027197
1 25  0.602822  0.889183
1 26  0.638270  1.007119
2 3  0.634141  1.247424
2 4  0.652823  1.211076
2 5  0.623567  1.272858
2 6  0.619840  1.391665
2 7  0.641547  1.370305
2 8  0.604931  1.004834
2 9  0.607819  1.018508
2 10  0.602026  1.102871
2 11  0.603026  1.101855
2 12  0.613623  1.125513
2 13  0.600596  1.120632
2 14  0.615028  1.202662
2 15  0.624352  1.184204
2 16  0.599389  1.137238
2 17  0.605097  1.113038
2 18  0.609128  1.012591
2 19  0.608490  1.010332
2 20  0.647272  1.352798
2 21  0.612518  1.315065
2 22  0.634204  1.090688
2 23  0.620156  1.463170
2 24  0.639507  1.308907
2 25  0.648602  1.206093
2 26  0.483028  1.197994
3 4  0.637622  1.114533
3 5  0.633495  1.152070
3 6  0.618124  1.392976
3 7  0.599819  1.280811
3 8  0.592677  0.922531
3 9  0.595586  0.937917
3 10  0.589541  1.025884
3 11  0.615295  1.076297
3 12  0.604784  1.029914
3 13  0.568325  1.001660
3 14  0.588579  1.121962
3 15  0.621958  1.129884
3 16  0.612782  1.071731
3 17  0.592752  1.030816
3 18  0.596893  0.931729
3 19  0.596094  0.929503
3 20  0.415381  1.169264
3 21  0.640479  1.285422
3 22  0.621758  1.009947
3 23  0.602126  1.331213
3 24  0.597117  1.215256
3 25  0.634595  1.123987
3 26  0.647777  1.217381
4 5  0.659367  1.105157
4 6  0.641089  1.310418
4 7  0.631448  1.146314
4 8  0.597915  0.822152
4 9  0.602916  0.839275
4 10  0.569818  0.904003
4 11  0.628103  1.014519
4 12  0.617511  0.947422
4 13  0.577517  0.958728
4 14  0.588853  1.004280
4 15  0.632614  1.040780
4 16  0.623788  0.981878
4 17  0.567486  0.909145
4 18  0.606769  0.840033
4 19  0.604839  0.837550
4 20  0.646093  1.175148
4 21  0.652867  1.204304
4 22  0.609759  0.894077
4 23  0.638743  1.294522
4 24  0.632118  1.148482
4 25  0.398583  0.883484
4 26  0.659524  1.128532
5 6  0.630593  1.396155
5 7  0.644523  1.251210
5 8  0.612092  0.918548
5 9  0.614978  0.932551
5 10  0.609128  1.021723
5 11  0.628786  1.080461
5 12  0.603821  0.985072
5 13  0.607410  1.047548
5 14  0.623166  1.119185
5 15  0.628566  1.124913
5 16  0.629240  1.066483
5 17  0.611981  1.028537
5 18  0.616299  0.927821
5 19  0.615730  0.925573
5 20  0.655169  1.268058
5 21  0.483612  1.189409
5 22  0.641307  1.006021
5 23  0.610638  1.297958
5 24  0.647937  1.233953
5 25  0.656163  1.122258
5 26  0.625929  1.206909
6 7  0.612130  1.381287
6 8  0.593471  1.113881
6 9  0.596356  1.122263
6 10  0.590286  1.188494
6 11  0.615879  1.278520
6 12  0.603401  1.230311
6 13  0.588516  1.244166
6 14  0.600962  1.304236
6 15  0.616930  1.311414
6 16  0.608139  1.245426
6 17  0.593195  1.220638
6 18  0.597435  1.120866
6 19  0.596929  1.118661
6 20  0.623516  1.440244
6 21  0.620962  1.473269
6 22  0.622893  1.198668
6 23  0.530069  1.564466
6 24  0.601476  1.370140
6 25  0.634024  1.307527
6 26  0.610421  1.318353
7 8  0.596429  0.997110
7 9  0.599231  1.005029
7 10  0.591501  1.073105
7 11  0.620025  1.181234
7 12  0.608633  1.101661
7 13  0.591228  1.146017
7 14  0.603324  1.174958
7 15  0.624562  1.204928
7 16  0.616426  1.145202
7 17  0.594049  1.107605
7 18  0.600152  1.006810
7 19  0.600109  1.004589
7 20  0.603276  1.275503
7 21  0.642346  1.365537
7 22  0.625611  1.084873
7 23  0.618369  1.444967
7 24  0.409443  1.207406
7 25  0.627934  1.196174
7 26  0.649433  1.288111
8 9  0.512107  0.597865
8 10  0.547475  0.720805
8 11  0.579781  0.808424
8 12  0.569309  0.747976
8 13  0.551832  0.770229
8 14  0.565321  0.822677
8 15  0.584556  0.830797
8 16  0.575339  0.771396
8 17  0.553862  0.729968
8 18  0.508635  0.584642
8 19  0.279556  0.367635
8 20  0.601642  0.976541
8 21  0.605217  0.995508
8 22  0.546943  0.673183
8 23  0.593285  1.092221
8 24  0.591981  0.939188
8 25  0.597387  0.825044
8 26  0.611283  0.918536
9 10  0.548470  0.725869
9 11  0.582667  0.822406
9 12  0.572193  0.761206
9 13  0.555172  0.785515
9 14  0.569553  0.835634
9 15  0.587356  0.843980
9 16  0.578192  0.784604
9 17  0.554072  0.743078
9 18  0.278492  0.381175
9 19  0.509814  0.593717
9 20  0.604685  0.989666
9 21  0.607954  1.008625
9 22  0.550651  0.688538
9 23  0.596149  1.105332
9 24  0.594212  0.952245
9 25  0.601046  0.837651
9 26  0.614092  0.931718
10 11  0.576877  0.911541
10 12  0.566379  0.850376
10 13  0.547727  0.871201
10 14  0.563342  0.921884
10 15  0.581149  0.933828
10 16  0.572172  0.874484
10 17  0.275757  0.610682
10 18  0.553119  0.732076
10 19  0.554555  0.729184
10 20  0.598877  1.078217
10 21  0.601668  1.097933
10 22  0.553193  0.788632
10 23  0.590113  1.193772
10 24  0.586582  1.041078
10 25  0.561868  0.894394
10 26  0.607812  1.020845
11 12  0.550008  0.904086
11 13  0.576879  0.940261
11 14  0.590822  1.008417
11 15  0.559974  0.970297
11 16  0.301144  0.733764
11 17  0.579870  0.917367
11 18  0.583972  0.816196
11 19  0.583384  0.813949
11 20  0.625075  1.160625
11 21  0.621021  1.157305
11 22  0.609056  0.894542
11 23  0.611644  1.268981
11 24  0.616580  1.122672
11 25  0.623802  1.011271
11 26  0.623335  1.101734
12 13  0.566565  0.891777
12 14  0.581126  0.948539
12 15  0.299666  0.732511
12 16  0.550064  0.870800
12 17  0.569259  0.857435
12 18  0.573487  0.756023
12 19  0.572946  0.753784
12 20  0.615799  1.100302
12 21  0.594698  1.107040
12 22  0.598619  0.834428
12 23  0.602176  1.202816
12 24  0.606127  1.063847
12 25  0.613363  0.951212
12 26  0.622837  1.042174
13 14  0.273123  0.763559
13 15  0.582086  0.979000
13 16  0.572577  0.920231
13 17  0.552050  0.875961
13 18  0.556211  0.778776
13 19  0.554199  0.776454
13 20  0.577001  1.121180
13 21  0.602556  1.141079
13 22  0.579012  0.856883
13 23  0.585822  1.232922
13 24  0.587719  1.079364
13 25  0.573680  0.953487
13 26  0.608482  1.066599
14 15  0.596242  1.027474
14 16  0.586802  0.955453
14 17  0.564280  0.926837
14 18  0.570771  0.830146
14 19  0.569728  0.824444
14 20  0.586403  1.077557
14 21  0.616210  1.191850
14 22  0.593616  0.893688
14 23  0.602941  1.257205
14 24  0.599978  1.128120
14 25  0.585296  0.996653
14 26  0.621359  1.090122
15 16  0.558705  0.945422
15 17  0.584682  0.932072
15 18  0.588746  0.836242
15 19  0.588197  0.834746
15 20  0.629801  1.178302
15 21  0.607129  1.106065
15 22  0.613983  0.915590
15 23  0.620120  1.277392
15 24  0.619272  1.106010
15 25  0.628344  1.016773
15 26  0.633092  1.098647
16 17  0.575493  0.879509
16 18  0.579519  0.778089
16 19  0.578970  0.774962
16 20  0.619569  1.095976
16 21  0.619886  1.136298
16 22  0.604762  0.855827
16 23  0.608791  1.228729
16 24  0.609910  1.065973
16 25  0.619166  0.963450
16 26  0.606755  0.997810
17 18  0.552463  0.725824
17 19  0.553199  0.730769
17 20  0.601466  1.078475
17 21  0.605161  1.087199
17 22  0.562015  0.793392
17 23  0.593004  1.175899
17 24  0.589892  1.026152
17 25  0.569116  0.900387
17 26  0.611236  1.024524
18 19  0.516537  0.596353
18 20  0.606019  0.983521
18 21  0.609403  0.999605
18 22  0.561192  0.691767
18 23  0.597617  1.096894
18 24  0.596079  0.941661
18 25  0.598646  0.824666
18 26  0.615425  0.924451
19 20  0.605458  0.979259
19 21  0.608851  0.999448
19 22  0.559249  0.689034
19 23  0.597084  1.096931
19 24  0.595576  0.941247
19 25  0.596820  0.818436
19 26  0.614880  0.920864
20 21  0.646130  1.339081
20 22  0.631059  1.050384
20 23  0.618782  1.351356
20 24  0.601859  1.270768
20 25  0.643727  1.167750
20 26  0.648518  1.218624
21 22  0.634657  1.078027
21 23  0.622055  1.370618
21 24  0.633691  1.240422
21 25  0.648014  1.172013
21 26  0.621243  1.257944
22 23  0.622776  1.163853
22 24  0.620866  1.022753
22 25  0.614006  0.902652
22 26  0.640687  1.002828
23 24  0.618128  1.379435
23 25  0.636266  1.287775
23 26  0.629070  1.369580
24 25  0.622792  1.076430
24 26  0.632326  1.168738
25 26  0.653639  1.093429
