   -993.89592287
   -994.19982502     -994.05616710
0.00013800303510
2 2 2 2 2 2 2 2 2 2 2 2 2 0 0 0 0 0 0 0 0 0 0 0 0 0 
1  0.264979  0.634181
2  0.257002  0.629893
3  0.275295  0.571827
4  0.278369  0.565779
5  0.284657  0.691189
6  0.253751  0.264505
7  0.295390  0.739698
8  0.270928  0.343226
9  0.245172  0.268760
10  0.253108  0.274823
11  0.242988  0.256791
12  0.290945  0.807152
13  0.263798  0.320813
14  0.269429  0.631938
15  0.262388  0.614350
16  0.278333  0.599756
17  0.280506  0.541002
18  0.295949  0.742710
19  0.285163  0.690526
20  0.265763  0.320113
21  0.293001  0.812205
22  0.255835  0.263668
23  0.246655  0.266071
24  0.273394  0.364576
25  0.244861  0.255284
26  0.255666  0.282129
1 2  0.517423  1.184871
1 3  0.540135  1.197759
1 4  0.543109  1.165343
1 5  0.518691  1.274644
1 6  0.518642  0.897194
1 7  0.559036  1.328425
1 8  0.535059  0.974773
1 9  0.509822  0.899304
1 10  0.517990  0.908414
1 11  0.507892  0.890655
1 12  0.528910  1.394660
1 13  0.527193  0.937604
1 14  0.262102  1.126662
1 15  0.523263  1.240211
1 16  0.542993  1.228132
1 17  0.545007  1.170610
1 18  0.560478  1.368871
1 19  0.513355  1.258694
1 20  0.528963  0.953542
1 21  0.524958  1.381458
1 22  0.520662  0.897524
1 23  0.510657  0.899818
1 24  0.538169  0.994299
1 25  0.509524  0.889247
1 26  0.520559  0.915303
2 3  0.528663  1.174741
2 4  0.529851  1.128534
2 5  0.539682  1.291533
2 6  0.510742  0.893658
2 7  0.533387  1.322168
2 8  0.527909  0.971907
2 9  0.502154  0.896180
2 10  0.510096  0.904310
2 11  0.499968  0.886295
2 12  0.528031  1.376285
2 13  0.520723  0.940362
2 14  0.522153  1.253237
2 15  0.240153  1.097500
2 16  0.534496  1.217170
2 17  0.534023  1.166376
2 18  0.526599  1.319121
2 19  0.541572  1.307188
2 20  0.522175  0.949559
2 21  0.522170  1.391409
2 22  0.512836  0.893502
2 23  0.503542  0.895877
2 24  0.530230  0.993006
2 25  0.501857  0.885136
2 26  0.512658  0.911797
3 4  0.506328  1.095313
3 5  0.559602  1.249032
3 6  0.529044  0.836121
3 7  0.540132  1.276569
3 8  0.546201  0.909056
3 9  0.520462  0.840436
3 10  0.528398  0.845544
3 11  0.518281  0.828173
3 12  0.562656  1.301288
3 13  0.539080  0.891709
3 14  0.544390  1.198929
3 15  0.536676  1.176194
3 16  0.274427  1.011325
3 17  0.503148  1.057416
3 18  0.531472  1.246143
3 19  0.559591  1.256988
3 20  0.541057  0.891768
3 21  0.567045  1.374133
3 22  0.531116  0.835476
3 23  0.521941  0.837858
3 24  0.548546  0.935967
3 25  0.520136  0.827089
3 26  0.530899  0.853892
4 5  0.562954  1.249175
4 6  0.532119  0.830158
4 7  0.541615  1.274409
4 8  0.549290  0.907204
4 9  0.523540  0.833850
4 10  0.531475  0.840567
4 11  0.521357  0.822523
4 12  0.567526  1.328079
4 13  0.542160  0.882210
4 14  0.547304  1.192688
4 15  0.537103  1.175245
4 16  0.503117  1.100961
4 17  0.275370  0.934571
4 18  0.533782  1.243780
4 19  0.563221  1.250914
4 20  0.544114  0.885620
4 21  0.570794  1.370961
4 22  0.534201  0.829430
4 23  0.525010  0.831786
4 24  0.551752  0.930027
4 25  0.523220  0.821037
4 26  0.534024  0.847862
5 6  0.537347  0.951191
5 7  0.577995  1.344521
5 8  0.547740  1.013081
5 9  0.527710  0.948687
5 10  0.535605  0.955507
5 11  0.526747  0.943013
5 12  0.557628  1.450743
5 13  0.541731  0.998294
5 14  0.517081  1.256963
5 15  0.546385  1.293856
5 16  0.562198  1.285072
5 17  0.564804  1.227611
5 18  0.579858  1.419954
5 19  0.334299  1.283320
5 20  0.537108  1.000029
5 21  0.551007  1.422263
5 22  0.540284  0.954778
5 23  0.529718  0.956307
5 24  0.544371  1.045052
5 25  0.529318  0.946390
5 26  0.538712  0.972496
6 7  0.549132  1.002218
6 8  0.495434  0.588579
6 9  0.498628  0.532550
6 10  0.462117  0.498206
6 11  0.496222  0.520763
6 12  0.544640  1.071183
6 13  0.515750  0.582277
6 14  0.523007  0.896126
6 15  0.516126  0.878796
6 16  0.532064  0.864234
6 17  0.534251  0.805488
6 18  0.549685  1.007176
6 19  0.538698  0.954963
6 20  0.518166  0.583404
6 21  0.546592  1.076450
6 22  0.240612  0.266188
6 23  0.500019  0.530171
6 24  0.489808  0.601018
6 25  0.497179  0.518425
6 26  0.459591  0.502846
7 8  0.566234  1.077185
7 9  0.540551  1.004246
7 10  0.548476  1.010922
7 11  0.538372  0.994203
7 12  0.576580  1.509329
7 13  0.559171  1.055849
7 14  0.564349  1.363841
7 15  0.532016  1.303992
7 16  0.534114  1.274974
7 17  0.533959  1.210246
7 18  0.361576  1.416492
7 19  0.579680  1.417017
7 20  0.560909  1.059315
7 21  0.570464  1.498448
7 22  0.551207  1.003342
7 23  0.542037  1.005681
7 24  0.568257  1.103248
7 25  0.540235  0.994956
7 26  0.550920  1.021685
8 9  0.514783  0.609646
8 10  0.493831  0.591549
8 11  0.512190  0.596277
8 12  0.560646  1.125797
8 13  0.528714  0.659675
8 14  0.540133  0.971800
8 15  0.533170  0.956662
8 16  0.549113  0.942587
8 17  0.551423  0.884027
8 18  0.566373  1.085121
8 19  0.542167  1.023568
8 20  0.524395  0.649518
8 21  0.562862  1.154373
8 22  0.488714  0.577663
8 23  0.517508  0.608891
8 24  0.318777  0.523593
8 25  0.514418  0.597445
8 26  0.487504  0.596483
9 10  0.498087  0.542348
9 11  0.447339  0.488195
9 12  0.536045  1.075415
9 13  0.478124  0.561556
9 14  0.513503  0.900112
9 15  0.507292  0.883008
9 16  0.523478  0.868465
9 17  0.525651  0.809702
9 18  0.541118  1.011365
9 19  0.528721  0.958513
9 20  0.470996  0.554715
9 21  0.537816  1.080105
9 22  0.500553  0.531957
9 23  0.241692  0.300057
9 24  0.518465  0.632905
9 25  0.444977  0.484081
9 26  0.500354  0.550364
10 11  0.495760  0.530744
10 12  0.543817  1.078170
10 13  0.515676  0.593862
10 14  0.522440  0.905957
10 15  0.515493  0.889020
10 16  0.531365  0.874508
10 17  0.533598  0.815795
10 18  0.548917  1.017388
10 19  0.536735  0.964762
10 20  0.518763  0.594557
10 21  0.545437  1.086486
10 22  0.459816  0.495295
10 23  0.499280  0.540405
10 24  0.487425  0.610931
10 25  0.497488  0.529595
10 26  0.245563  0.309098
11 12  0.533857  1.062107
11 13  0.480132  0.558479
11 14  0.512200  0.888487
11 15  0.505322  0.871090
11 16  0.521293  0.856521
11 17  0.523481  0.797772
11 18  0.538927  0.999462
11 19  0.527998  0.947259
11 20  0.473350  0.546513
11 21  0.535734  1.068622
11 22  0.497290  0.518907
11 23  0.441864  0.479447
11 24  0.514940  0.620133
11 25  0.229282  0.262591
11 26  0.498192  0.538332
12 13  0.554279  1.123459
12 14  0.526645  1.367671
12 15  0.524462  1.366228
12 16  0.567794  1.396421
12 17  0.570940  1.342187
12 18  0.569784  1.499681
12 19  0.549914  1.421206
12 20  0.556600  1.126195
12 21  0.353103  1.566177
12 22  0.546641  1.070623
12 23  0.537405  1.072527
12 24  0.563178  1.170225
12 25  0.535566  1.062086
12 26  0.546044  1.088739
13 14  0.530968  0.951971
13 15  0.525463  0.934783
13 16  0.542130  0.920381
13 17  0.544277  0.861595
13 18  0.559590  1.063031
13 19  0.536197  1.001776
13 20  0.309135  0.450258
13 21  0.556612  1.131722
13 22  0.518193  0.583167
13 23  0.471886  0.554633
13 24  0.525080  0.671116
13 25  0.471900  0.544462
13 26  0.519369  0.602513
14 15  0.526714  1.170899
14 16  0.547579  1.225353
14 17  0.549795  1.147946
14 18  0.563557  1.334531
14 19  0.523329  1.274425
14 20  0.533259  0.935153
14 21  0.534336  1.398841
14 22  0.525197  0.895106
14 23  0.515660  0.894404
14 24  0.541474  0.994075
14 25  0.514133  0.886939
14 26  0.524979  0.913715
15 16  0.536064  1.194687
15 17  0.536785  1.099209
15 18  0.538255  1.313494
15 19  0.544911  1.278431
15 20  0.528074  0.925252
15 21  0.534549  1.371465
15 22  0.518211  0.877837
15 23  0.509022  0.878265
15 24  0.535735  0.977882
15 25  0.507221  0.869379
15 26  0.518037  0.896265
16 17  0.510625  1.100970
16 18  0.543346  1.285603
16 19  0.563095  1.265531
16 20  0.544081  0.918848
16 21  0.567383  1.322719
16 22  0.534166  0.862839
16 23  0.524984  0.865692
16 24  0.551693  0.954672
16 25  0.523191  0.854465
16 26  0.533993  0.879529
17 18  0.544890  1.262181
17 19  0.565563  1.226566
17 20  0.546259  0.857780
17 21  0.570967  1.309987
17 22  0.536340  0.804660
17 23  0.527159  0.806643
17 24  0.553889  0.903516
17 25  0.525366  0.796277
17 26  0.536170  0.822975
18 19  0.578804  1.339574
18 20  0.561701  1.060644
18 21  0.579240  1.504648
18 22  0.551775  1.004872
18 23  0.542600  1.006191
18 24  0.569184  1.096230
18 25  0.540802  0.996212
18 26  0.551583  1.020382
19 20  0.544171  1.000622
19 21  0.560796  1.445324
19 22  0.539480  0.950280
19 23  0.529642  0.948085
19 24  0.549882  1.024223
19 25  0.528620  0.941203
19 26  0.538368  0.960613
20 21  0.557988  1.125565
20 22  0.519435  0.581257
20 23  0.482012  0.558836
20 24  0.532234  0.679243
20 25  0.484169  0.555545
20 26  0.519743  0.600478
21 22  0.548762  1.074735
21 23  0.539541  1.078094
21 24  0.564752  1.144228
21 25  0.537767  1.065922
21 26  0.548396  1.088107
22 23  0.502137  0.529200
22 24  0.500302  0.610109
22 25  0.500141  0.518411
22 26  0.465883  0.503945
23 24  0.518455  0.628501
23 25  0.449332  0.482569
23 26  0.502161  0.547355
24 25  0.516161  0.615773
24 26  0.498951  0.618958
25 26  0.500161  0.536549
