   -993.89592287
   -994.20673697     -994.06911756
0.00002397328776
2 2 2 2 2 2 2 2 2 2 2 2 2 0 0 0 0 0 0 0 0 0 0 0 0 0 
1  0.274135  0.652534
2  0.265067  0.593917
3  0.278850  0.512302
4  0.282146  0.504597
5  0.299165  0.741589
6  0.276057  0.325457
7  0.302588  0.660824
8  0.296124  0.442762
9  0.274042  0.347087
10  0.275426  0.342686
11  0.272393  0.333153
12  0.301911  0.791895
13  0.292581  0.433052
14  0.279384  0.650306
15  0.270424  0.578255
16  0.282156  0.540742
17  0.284479  0.484610
18  0.303030  0.662051
19  0.299735  0.740424
20  0.293671  0.429514
21  0.303567  0.798630
22  0.278832  0.318207
23  0.275809  0.343271
24  0.298177  0.467487
25  0.274173  0.326977
26  0.278213  0.352753
1 2  0.534023  1.171321
1 3  0.552840  1.158290
1 4  0.556053  1.127327
1 5  0.542119  1.339413
1 6  0.550077  0.971265
1 7  0.574871  1.275396
1 8  0.569283  1.087715
1 9  0.547757  0.993636
1 10  0.549435  0.993233
1 11  0.546379  0.985396
1 12  0.548438  1.393721
1 13  0.564772  1.052380
1 14  0.279110  1.167367
1 15  0.540234  1.224453
1 16  0.555924  1.188245
1 17  0.557840  1.134173
1 18  0.576596  1.309221
1 19  0.537175  1.329738
1 20  0.565912  1.080598
1 21  0.544293  1.392987
1 22  0.552748  0.970164
1 23  0.548759  0.995133
1 24  0.572060  1.115613
1 25  0.547981  0.978933
1 26  0.552230  1.003265
2 3  0.539924  1.084961
2 4  0.541214  1.047532
2 5  0.561772  1.305068
2 6  0.541111  0.915712
2 7  0.548133  1.218629
2 8  0.561167  1.033200
2 9  0.539035  0.936571
2 10  0.540471  0.935060
2 11  0.537383  0.926632
2 12  0.546553  1.329281
2 13  0.557522  1.007543
2 14  0.539934  1.237541
2 15  0.254094  1.007725
2 16  0.546244  1.125188
2 17  0.545779  1.076345
2 18  0.541402  1.212129
2 19  0.564075  1.322030
2 20  0.557915  1.022210
2 21  0.540466  1.351268
2 22  0.543897  0.911941
2 23  0.540647  0.936871
2 24  0.563068  1.059286
2 25  0.539226  0.920687
2 26  0.543271  0.946082
3 4  0.513550  0.979150
3 5  0.577622  1.241875
3 6  0.554898  0.837645
3 7  0.550797  1.144492
3 8  0.574925  0.945912
3 9  0.552885  0.858851
3 10  0.554259  0.853203
3 11  0.551239  0.843605
3 12  0.577013  1.240544
3 13  0.571416  0.942938
3 14  0.557883  1.158515
3 15  0.548165  1.083259
3 16  0.280669  0.871838
3 17  0.510765  0.950370
3 18  0.542067  1.118980
3 19  0.577540  1.248252
3 20  0.572519  0.941318
3 21  0.581059  1.305951
3 22  0.557656  0.830444
3 23  0.554643  0.855411
3 24  0.576776  0.978960
3 25  0.552992  0.839165
3 26  0.556932  0.864888
4 5  0.581200  1.240372
4 6  0.558202  0.829082
4 7  0.552838  1.141719
4 8  0.578245  0.943481
4 9  0.556186  0.850752
4 10  0.557565  0.847124
4 11  0.554538  0.837571
4 12  0.581863  1.259487
4 13  0.574718  0.929995
4 14  0.560696  1.151766
4 15  0.548614  1.080588
4 16  0.510903  0.991751
4 17  0.282194  0.795710
4 18  0.544811  1.113358
4 19  0.581488  1.240394
4 20  0.575797  0.933472
4 21  0.585046  1.299379
4 22  0.560972  0.822724
4 23  0.557931  0.847693
4 24  0.580301  0.971475
4 25  0.556311  0.831475
4 26  0.560332  0.857191
5 6  0.573683  1.056019
5 7  0.599251  1.322799
5 8  0.586860  1.157923
5 9  0.570542  1.064359
5 10  0.571735  1.060646
5 11  0.570128  1.062676
5 12  0.582222  1.487282
5 13  0.584158  1.153364
5 14  0.541394  1.329744
5 15  0.568787  1.308843
5 16  0.580273  1.277462
5 17  0.583234  1.222175
5 18  0.601354  1.393319
5 19  0.362227  1.399135
5 20  0.579308  1.156121
5 21  0.575315  1.459208
5 22  0.577647  1.059471
5 23  0.573123  1.084123
5 24  0.583902  1.193666
5 25  0.573018  1.068177
5 26  0.575565  1.093726
6 7  0.578618  0.982194
6 8  0.537859  0.750578
6 9  0.549903  0.671058
6 10  0.503799  0.629178
6 11  0.547968  0.658332
6 12  0.577859  1.117007
6 13  0.566342  0.749131
6 14  0.555176  0.975189
6 15  0.546474  0.903510
6 16  0.558174  0.866099
6 17  0.560523  0.809980
6 18  0.579064  0.987281
6 19  0.575453  1.065575
6 20  0.568229  0.754086
6 21  0.579422  1.123415
6 22  0.277439  0.390637
6 23  0.551650  0.668505
6 24  0.530832  0.758082
6 25  0.549213  0.651569
6 26  0.501105  0.633420
7 8  0.598598  1.096973
7 9  0.576600  1.000122
7 10  0.577960  0.996413
7 11  0.574952  0.989571
7 12  0.593882  1.424919
7 13  0.595153  1.087381
7 14  0.581357  1.306066
7 15  0.546944  1.197812
7 16  0.545106  1.149137
7 17  0.545112  1.087872
7 18  0.374533  1.235345
7 19  0.601446  1.391317
7 20  0.595971  1.089201
7 21  0.587525  1.416022
7 22  0.581395  0.978877
7 23  0.578378  1.003732
7 24  0.600069  1.126669
7 25  0.576716  0.987558
7 26  0.580577  1.013170
8 9  0.568631  0.784289
8 10  0.536543  0.756356
8 11  0.566168  0.764362
8 12  0.596455  1.194890
8 13  0.581830  0.867257
8 14  0.575222  1.089419
8 15  0.566332  1.019563
8 16  0.578032  0.982671
8 17  0.580573  0.926927
8 18  0.598481  1.103441
8 19  0.582076  1.168246
8 20  0.577330  0.855057
8 21  0.598636  1.238882
8 22  0.530655  0.725701
8 23  0.571668  0.784686
8 24  0.362659  0.749065
8 25  0.568744  0.768976
8 26  0.529682  0.762218
9 10  0.549331  0.685395
9 11  0.499346  0.641792
9 12  0.575872  1.137354
9 13  0.531889  0.752281
9 14  0.552187  0.996567
9 15  0.544073  0.925006
9 16  0.556142  0.887638
9 17  0.558471  0.831552
9 18  0.577063  1.008717
9 19  0.572157  1.086829
9 20  0.523377  0.736938
9 21  0.577191  1.143973
9 22  0.552580  0.664973
9 23  0.277583  0.456464
9 24  0.571938  0.813304
9 25  0.496714  0.630702
9 26  0.551918  0.699664
10 11  0.547628  0.674072
10 12  0.577008  1.128898
10 13  0.566667  0.771631
10 14  0.554697  0.991391
10 15  0.545842  0.920530
10 16  0.557435  0.883245
10 17  0.559868  0.827187
10 18  0.578242  1.004335
10 19  0.573457  1.082672
10 20  0.568833  0.770929
10 21  0.578269  1.140181
10 22  0.501397  0.616816
10 23  0.550931  0.685792
10 24  0.529376  0.776559
10 25  0.549339  0.669372
10 26  0.279646  0.457191
11 12  0.574202  1.117467
11 13  0.531717  0.747707
11 14  0.551544  0.982733
11 15  0.542739  0.911158
11 16  0.554474  0.873748
11 17  0.556829  0.817674
11 18  0.575409  0.994874
11 19  0.571859  1.073137
11 20  0.524054  0.724661
11 21  0.575601  1.130790
11 22  0.550089  0.650368
11 23  0.494969  0.629001
11 24  0.568927  0.799814
11 25  0.273463  0.418872
11 26  0.550350  0.685641
12 13  0.593825  1.211513
12 14  0.547136  1.377208
12 15  0.543218  1.326002
12 16  0.582508  1.327315
12 17  0.585758  1.273316
12 18  0.587027  1.413368
12 19  0.574503  1.455381
12 20  0.595436  1.219549
12 21  0.373429  1.533345
12 22  0.580601  1.109606
12 23  0.577486  1.133599
12 24  0.598937  1.256408
12 25  0.575732  1.117935
12 26  0.579451  1.143505
13 14  0.569540  1.081975
13 15  0.562060  1.010193
13 16  0.574736  0.973230
13 17  0.577035  0.917162
13 18  0.595387  1.093907
13 19  0.579070  1.159120
13 20  0.356175  0.696397
13 21  0.595899  1.229574
13 22  0.569801  0.750231
13 23  0.524493  0.739688
13 24  0.578501  0.882169
13 25  0.522993  0.720722
13 26  0.570520  0.784347
14 15  0.544136  1.157782
14 16  0.561347  1.186154
14 17  0.563719  1.113888
14 18  0.579974  1.280062
14 19  0.547519  1.338829
14 20  0.570719  1.047740
14 21  0.554445  1.399515
14 22  0.558134  0.964680
14 23  0.554632  0.986579
14 24  0.576049  1.110909
14 25  0.553296  0.977022
14 26  0.557432  1.001728
15 16  0.547436  1.102747
15 17  0.548469  1.020423
15 18  0.552706  1.209043
15 19  0.566914  1.293066
15 20  0.563987  0.990743
15 21  0.552566  1.323028
15 22  0.549241  0.894602
15 23  0.546210  0.917532
15 24  0.568550  1.042428
15 25  0.544553  0.905003
15 26  0.548602  0.930157
16 17  0.518387  0.988416
16 18  0.554236  1.156637
16 19  0.581408  1.259079
16 20  0.575807  0.967773
16 21  0.581491  1.265123
16 22  0.560977  0.858583
16 23  0.557960  0.883439
16 24  0.580262  0.994645
16 25  0.556324  0.865311
16 26  0.560349  0.889515
17 18  0.556118  1.130882
17 19  0.584058  1.221715
17 20  0.578138  0.908374
17 21  0.585088  1.245632
17 22  0.563307  0.802586
17 23  0.560284  0.827310
17 24  0.582620  0.947551
17 25  0.558649  0.811211
17 26  0.562683  0.837034
18 19  0.599875  1.317940
18 20  0.596684  1.088152
18 21  0.596082  1.421866
18 22  0.581831  0.977358
18 23  0.578828  0.999766
18 24  0.601027  1.117746
18 25  0.577194  0.985403
18 26  0.581177  1.006583
19 20  0.585908  1.153752
19 21  0.585299  1.483676
19 22  0.576479  1.049614
19 23  0.572691  1.062669
19 24  0.588673  1.170463
19 25  0.571917  1.056092
19 26  0.574664  1.066735
20 21  0.596157  1.211952
20 22  0.569764  0.740122
20 23  0.534786  0.744014
20 24  0.583931  0.887003
20 25  0.534866  0.736592
20 26  0.569967  0.779113
21 22  0.582262  1.116452
21 23  0.579239  1.141019
21 24  0.599777  1.217072
21 25  0.577608  1.118562
21 26  0.581417  1.141812
22 23  0.554398  0.660397
22 24  0.542818  0.768924
22 25  0.552479  0.644840
22 26  0.508555  0.631937
23 24  0.572049  0.805808
23 25  0.502385  0.632522
23 26  0.553922  0.692663
24 25  0.569629  0.782115
24 26  0.541660  0.786611
25 26  0.552164  0.677886
