   -993.89592287
   -994.20695527     -994.06957208
0.00001853730848
2 2 2 2 2 2 2 2 2 2 2 2 2 0 0 0 0 0 0 0 0 0 0 0 0 0 
1  0.274419  0.651438
2  0.265241  0.590269
3  0.278908  0.508276
4  0.282214  0.500498
5  0.299718  0.742755
6  0.277157  0.331181
7  0.302702  0.655358
8  0.297183  0.449979
9  0.274925  0.352368
10  0.276492  0.348072
11  0.273387  0.338865
12  0.302211  0.788842
13  0.293629  0.440689
14  0.279684  0.649187
15  0.270596  0.574718
16  0.282223  0.536590
17  0.284561  0.480884
18  0.303149  0.656471
19  0.300249  0.741622
20  0.294644  0.437393
21  0.303871  0.795665
22  0.279970  0.323411
23  0.276736  0.348332
24  0.299222  0.474940
25  0.275226  0.332507
26  0.279271  0.357961
1 2  0.534466  1.167443
1 3  0.553182  1.153312
1 4  0.556405  1.122704
1 5  0.542982  1.339606
1 6  0.551460  0.975311
1 7  0.575259  1.269594
1 8  0.570620  1.093414
1 9  0.548913  0.997726
1 10  0.550779  0.997395
1 11  0.547652  0.989979
1 12  0.549010  1.389833
1 13  0.566089  1.057984
1 14  0.279662  1.164732
1 15  0.540688  1.220025
1 16  0.556277  1.183089
1 17  0.558193  1.129466
1 18  0.576994  1.302717
1 19  0.537998  1.330248
1 20  0.567170  1.087291
1 21  0.544885  1.389452
1 22  0.554163  0.974253
1 23  0.549950  0.999077
1 24  0.573387  1.121985
1 25  0.549315  0.983329
1 26  0.553567  1.007368
2 3  0.540156  1.077733
2 4  0.541459  1.040903
2 5  0.562483  1.302824
2 6  0.542385  0.917456
2 7  0.548422  1.210186
2 8  0.562401  1.036586
2 9  0.540089  0.938125
2 10  0.541711  0.936691
2 11  0.538546  0.928671
2 12  0.547013  1.323270
2 13  0.558742  1.011090
2 14  0.540404  1.232990
2 15  0.254415  0.999125
2 16  0.546484  1.117565
2 17  0.546035  1.069073
2 18  0.541696  1.203433
2 19  0.564758  1.319747
2 20  0.559045  1.026367
2 21  0.540933  1.345202
2 22  0.545209  0.913475
2 23  0.541742  0.938262
2 24  0.564289  1.063051
2 25  0.540452  0.922545
2 26  0.544503  0.947621
3 4  0.513663  0.971229
3 5  0.578234  1.239244
3 6  0.556055  0.839340
3 7  0.550985  1.135309
3 8  0.576041  0.948975
3 9  0.553826  0.860075
3 10  0.555381  0.854554
3 11  0.552292  0.845167
3 12  0.577371  1.234658
3 13  0.572522  0.946445
3 14  0.558242  1.153452
3 15  0.548395  1.075844
3 16  0.280796  0.862248
3 17  0.510894  0.942891
3 18  0.542255  1.109961
3 19  0.578106  1.245517
3 20  0.573551  0.945145
3 21  0.581421  1.299229
3 22  0.558851  0.831615
3 23  0.555627  0.856435
3 24  0.577879  0.982356
3 25  0.554101  0.840656
3 26  0.558042  0.866061
4 5  0.581819  1.237602
4 6  0.559369  0.830603
4 7  0.553031  1.132480
4 8  0.579371  0.946453
4 9  0.557136  0.851940
4 10  0.558698  0.848398
4 11  0.555600  0.839152
4 12  0.582226  1.253054
4 13  0.575833  0.933407
4 14  0.561053  1.146676
4 15  0.548852  1.073064
4 16  0.511031  0.983894
4 17  0.282336  0.786505
4 18  0.545003  1.104194
4 19  0.582071  1.237582
4 20  0.576838  0.937222
4 21  0.585415  1.292494
4 22  0.562177  0.823823
4 23  0.558924  0.848647
4 24  0.581414  0.974809
4 25  0.557431  0.832895
4 26  0.561456  0.858292
5 6  0.575280  1.062343
5 7  0.599906  1.319563
5 8  0.588438  1.166089
5 9  0.571957  1.069923
5 10  0.573294  1.066295
5 11  0.571642  1.069074
5 12  0.583065  1.485845
5 13  0.585716  1.161709
5 14  0.542265  1.330287
5 15  0.569508  1.306611
5 16  0.580886  1.274581
5 17  0.583870  1.219691
5 18  0.602026  1.389201
5 19  0.363329  1.402049
5 20  0.580838  1.164720
5 21  0.576167  1.457938
5 22  0.579322  1.065805
5 23  0.574591  1.090340
5 24  0.585507  1.201788
5 25  0.574614  1.074826
5 26  0.577137  1.100095
6 7  0.579830  0.982297
6 8  0.539720  0.763556
6 9  0.551882  0.681993
6 10  0.505834  0.640549
6 11  0.550051  0.669762
6 12  0.579252  1.119613
6 13  0.568455  0.761739
6 14  0.556566  0.979768
6 15  0.547746  0.905670
6 16  0.559341  0.867660
6 17  0.561704  0.811971
6 18  0.580283  0.987397
6 19  0.577055  1.072455
6 20  0.570285  0.767724
6 21  0.580824  1.126130
6 22  0.279345  0.403108
6 23  0.553675  0.679279
6 24  0.532678  0.770589
6 25  0.551372  0.662836
6 26  0.503106  0.644115
7 8  0.599771  1.098754
7 9  0.577596  0.999789
7 10  0.579139  0.996186
7 11  0.576059  0.989714
7 12  0.594287  1.417035
7 13  0.596315  1.089515
7 14  0.581767  1.299662
7 15  0.547229  1.189292
7 16  0.545298  1.140039
7 17  0.545314  1.079276
7 18  0.374778  1.222656
7 19  0.602077  1.387318
7 20  0.597056  1.091553
7 21  0.587939  1.408262
7 22  0.582649  0.978594
7 23  0.579419  1.003300
7 24  0.601220  1.128607
7 25  0.577882  0.987594
7 26  0.581741  1.012888
8 9  0.570560  0.796464
8 10  0.538493  0.769060
8 11  0.568195  0.776506
8 12  0.597799  1.198224
8 13  0.583910  0.881687
8 14  0.576577  1.095516
8 15  0.567564  1.023209
8 16  0.579154  0.985701
8 17  0.581715  0.930399
8 18  0.599656  1.105031
8 19  0.583665  1.176188
8 20  0.579354  0.869811
8 21  0.600002  1.243002
8 22  0.532528  0.737501
8 23  0.573643  0.796909
8 24  0.364600  0.765856
8 25  0.570844  0.781759
8 26  0.531557  0.774151
9 10  0.551275  0.695743
9 11  0.501117  0.653033
9 12  0.577053  1.139480
9 13  0.533669  0.765391
9 14  0.553349  1.000710
9 15  0.545122  0.926730
9 16  0.557089  0.888755
9 17  0.559435  0.833101
9 18  0.578064  1.008387
9 19  0.573556  1.093289
9 20  0.525101  0.749626
9 21  0.578369  1.146254
9 22  0.554601  0.675445
9 23  0.278906  0.467828
9 24  0.573856  0.825984
9 25  0.498454  0.641338
9 26  0.553858  0.710159
10 11  0.549684  0.685098
10 12  0.578361  1.131213
10 13  0.568767  0.784360
10 14  0.556058  0.995653
10 15  0.547081  0.922363
10 16  0.558562  0.884468
10 17  0.561014  0.828840
10 18  0.579422  1.004114
10 19  0.575015  1.089240
10 20  0.570862  0.784131
10 21  0.579618  1.142568
10 22  0.503388  0.627127
10 23  0.552921  0.696242
10 24  0.531271  0.788868
10 25  0.551459  0.680276
10 26  0.281253  0.468680
11 12  0.575494  1.119587
11 13  0.533511  0.761083
11 14  0.552835  0.987281
11 15  0.543904  0.913311
11 16  0.555529  0.875292
11 17  0.557903  0.819652
11 18  0.576523  0.994970
11 19  0.573360  1.079989
11 20  0.525753  0.737667
11 21  0.576887  1.133485
11 22  0.552227  0.661301
11 23  0.496765  0.639594
11 24  0.570954  0.813021
11 25  0.275228  0.431800
11 26  0.552398  0.696549
12 13  0.595161  1.215444
12 14  0.547741  1.373580
12 15  0.543688  1.320022
12 16  0.582875  1.320394
12 17  0.586138  1.266693
12 18  0.587443  1.405397
12 19  0.575310  1.453996
12 20  0.596706  1.224301
12 21  0.374039  1.526553
12 22  0.582040  1.111727
12 23  0.578704  1.135568
12 24  0.600281  1.260663
12 25  0.577075  1.120362
12 26  0.580787  1.145629
13 14  0.570895  1.088419
13 15  0.563268  1.014228
13 16  0.575851  0.976685
13 17  0.578165  0.921050
13 18  0.596553  1.095902
13 19  0.580619  1.167470
13 20  0.358009  0.714230
13 21  0.597248  1.234172
13 22  0.571975  0.763119
13 23  0.526246  0.752019
13 24  0.580577  0.896903
13 25  0.524813  0.733324
13 26  0.572613  0.797130
14 15  0.544594  1.153987
14 16  0.561712  1.181014
14 17  0.564102  1.109495
14 18  0.580385  1.274071
14 19  0.548355  1.338998
14 20  0.571979  1.053538
14 21  0.555040  1.395687
14 22  0.559571  0.968350
14 23  0.555843  0.990363
14 24  0.577386  1.116861
14 25  0.554639  0.981401
14 26  0.558783  1.005713
15 16  0.547670  1.095340
15 17  0.548727  1.014081
15 18  0.552999  1.200599
15 19  0.567583  1.291008
15 20  0.565131  0.994636
15 21  0.553030  1.317028
15 22  0.550552  0.896052
15 23  0.547308  0.918987
15 24  0.569767  1.046156
15 25  0.545777  0.906962
15 26  0.549831  0.931762
16 17  0.518527  0.980659
16 18  0.554433  1.147529
16 19  0.581992  1.256489
16 20  0.576847  0.971381
16 21  0.581858  1.259322
16 22  0.562180  0.859659
16 23  0.558953  0.884314
16 24  0.581373  0.997808
16 25  0.557444  0.866523
16 26  0.561472  0.890548
17 18  0.556331  1.121760
17 19  0.584653  1.219299
17 20  0.579194  0.912397
17 21  0.585464  1.239575
17 22  0.564527  0.804020
17 23  0.561293  0.828650
17 24  0.583747  0.951120
17 25  0.559784  0.812954
17 26  0.563822  0.838510
18 19  0.600496  1.314776
18 20  0.597777  1.090389
18 21  0.596492  1.414119
18 22  0.583086  0.976909
18 23  0.579874  0.999112
18 24  0.602191  1.119686
18 25  0.578366  0.985248
18 26  0.582353  1.006071
19 20  0.587371  1.162434
19 21  0.586110  1.482452
19 22  0.578065  1.055602
19 23  0.574107  1.068085
19 24  0.590202  1.178838
19 25  0.573433  1.062328
19 26  0.576186  1.072238
20 21  0.597416  1.216128
20 22  0.571844  0.752543
20 23  0.536518  0.757004
20 24  0.585926  0.901844
20 25  0.536642  0.749954
20 26  0.571985  0.792005
21 22  0.583694  1.118702
21 23  0.580464  1.143044
21 24  0.601114  1.220624
21 25  0.578962  1.120564
21 26  0.582766  1.144049
22 23  0.556458  0.670597
22 24  0.544699  0.781607
22 25  0.554661  0.655558
22 26  0.510652  0.642737
23 24  0.574009  0.818060
23 25  0.504283  0.643544
23 26  0.555901  0.702652
24 25  0.571696  0.794261
24 26  0.543564  0.799185
25 26  0.554268  0.688538
