   -841.25984155
   -841.52541402     -841.39289376
0.00020634046620
2 2 2 2 2 2 2 2 2 2 2 0 0 0 0 0 0 0 0 0 0 0 
1  0.302339  0.499415
2  0.303033  0.679555
3  0.305941  0.798536
4  0.297854  0.741507
5  0.313984  0.637440
6  0.278923  0.348233
7  0.277085  0.357359
8  0.268909  0.433266
9  0.283680  0.532511
10  0.272387  0.477136
11  0.268445  0.543387
12  0.274227  0.547516
13  0.276318  0.499680
14  0.287199  0.537699
15  0.273331  0.415582
16  0.280883  0.378767
17  0.281109  0.341459
18  0.303509  0.650915
19  0.302611  0.508091
20  0.301559  0.758691
21  0.317556  0.659942
22  0.305777  0.773950
1 2  0.605295  1.173155
1 3  0.608120  1.269316
1 4  0.598918  1.207804
1 5  0.602307  1.115255
1 6  0.552390  0.829905
1 7  0.550624  0.831418
1 8  0.550206  0.905390
1 9  0.586009  1.028516
1 10  0.574688  0.973766
1 11  0.569743  1.033956
1 12  0.575799  1.042616
1 13  0.578415  0.998017
1 14  0.589438  1.035890
1 15  0.547259  0.882270
1 16  0.545113  0.843793
1 17  0.545009  0.802668
1 18  0.605652  1.148449
1 19  0.372263  0.863010
1 20  0.602823  1.254776
1 21  0.597537  1.125760
1 22  0.608048  1.269622
2 3  0.582444  1.423109
2 4  0.564389  1.395826
2 5  0.613776  1.279427
2 6  0.581932  1.021237
2 7  0.580089  1.034668
2 8  0.571761  1.091632
2 9  0.579329  1.148330
2 10  0.566945  1.117867
2 11  0.554915  1.123873
2 12  0.564850  1.222203
2 13  0.577256  1.174772
2 14  0.587404  1.212676
2 15  0.575870  1.093101
2 16  0.583907  1.057582
2 17  0.584110  1.020541
2 18  0.362360  1.197406
2 19  0.605478  1.185194
2 20  0.563618  1.373927
2 21  0.617800  1.327060
2 22  0.576616  1.393208
3 4  0.578084  1.443000
3 5  0.618776  1.422242
3 6  0.584862  1.144713
3 7  0.583010  1.154034
3 8  0.574672  1.206335
3 9  0.566677  1.263303
3 10  0.563543  1.263368
3 11  0.570348  1.303660
3 12  0.573761  1.332741
3 13  0.559464  1.249621
3 14  0.561157  1.300136
3 15  0.579096  1.211007
3 16  0.586675  1.176014
3 17  0.586953  1.139276
3 18  0.578072  1.390904
3 19  0.608469  1.302569
3 20  0.573628  1.502564
3 21  0.619175  1.438131
3 22  0.399283  1.490081
4 5  0.600341  1.292216
4 6  0.576749  1.088646
4 7  0.574700  1.089849
4 8  0.565886  1.167314
4 9  0.577457  1.265688
4 10  0.563750  1.173536
4 11  0.562807  1.278123
4 12  0.566666  1.251198
4 13  0.571186  1.236773
4 14  0.582412  1.262161
4 15  0.571045  1.154868
4 16  0.578013  1.119282
4 17  0.578712  1.082618
4 18  0.560416  1.329191
4 19  0.599339  1.246098
4 20  0.367653  1.394827
4 21  0.602810  1.389400
4 22  0.571457  1.464513
5 6  0.589909  0.975329
5 7  0.586306  0.972697
5 8  0.556160  1.053320
5 9  0.597255  1.157495
5 10  0.585701  1.087163
5 11  0.558097  1.141239
5 12  0.560851  1.144736
5 13  0.589953  1.134156
5 14  0.601030  1.172148
5 15  0.553621  1.011841
5 16  0.592897  1.015460
5 17  0.594451  0.978250
5 18  0.615125  1.279186
5 19  0.595156  1.113598
5 20  0.603305  1.384067
5 21  0.381130  1.187062
5 22  0.615756  1.392217
6 7  0.509215  0.670958
6 8  0.541789  0.766419
6 9  0.562600  0.878139
6 10  0.551306  0.823816
6 11  0.547120  0.883116
6 12  0.552445  0.895387
6 13  0.555239  0.847703
6 14  0.566107  0.885643
6 15  0.548598  0.762235
6 16  0.506957  0.677275
6 17  0.275118  0.439402
6 18  0.582389  0.998669
6 19  0.543895  0.819347
6 20  0.580268  1.106458
6 21  0.595776  1.007128
6 22  0.584586  1.121446
7 8  0.542149  0.785925
7 9  0.560761  0.889054
7 10  0.549463  0.831875
7 11  0.545331  0.898837
7 12  0.551131  0.903868
7 13  0.553346  0.856759
7 14  0.564281  0.894806
7 15  0.549201  0.768678
7 16  0.275858  0.496665
7 17  0.505766  0.650861
7 18  0.580588  1.007832
7 19  0.541606  0.829975
7 20  0.577937  1.115246
7 21  0.592991  1.016758
7 22  0.582708  1.130402
8 9  0.552574  0.955382
8 10  0.541290  0.909230
8 11  0.533171  0.946380
8 12  0.537654  0.979080
8 13  0.545124  0.932078
8 14  0.555904  0.969680
8 15  0.261596  0.631688
8 16  0.548735  0.807001
8 17  0.546792  0.773299
8 18  0.571962  1.082082
8 19  0.543377  0.907763
8 20  0.570337  1.188650
8 21  0.552920  1.053066
8 22  0.574502  1.203807
9 10  0.513200  0.982815
9 11  0.550855  1.040715
9 12  0.556625  1.077023
9 13  0.510884  0.979440
9 14  0.273925  0.865323
9 15  0.556893  0.947109
9 16  0.564560  0.910946
9 17  0.564785  0.873755
9 18  0.584668  1.179467
9 19  0.586235  1.039358
9 20  0.582795  1.274591
9 21  0.601074  1.189222
9 22  0.558028  1.273031
10 11  0.540131  1.006388
10 12  0.546479  1.022604
10 13  0.263166  0.778065
10 14  0.510952  0.963692
10 15  0.545669  0.892098
10 16  0.553223  0.855587
10 17  0.553490  0.818449
10 18  0.573962  1.124683
10 19  0.574842  0.984193
10 20  0.570747  1.231580
10 21  0.589629  1.134226
10 22  0.554622  1.205992
11 12  0.254289  0.911562
11 13  0.544630  1.040764
11 14  0.554445  1.077952
11 15  0.536579  0.957381
11 16  0.549117  0.920482
11 17  0.548985  0.884482
11 18  0.559569  1.190222
11 19  0.570457  1.046564
11 20  0.564998  1.268458
11 21  0.558545  1.163618
11 22  0.567769  1.304855
12 13  0.549577  1.033239
12 14  0.559857  1.049353
12 15  0.543313  0.938395
12 16  0.554896  0.924765
12 17  0.555144  0.883393
12 18  0.559041  1.104353
12 19  0.575381  1.049575
12 20  0.572010  1.298580
12 21  0.566154  1.168866
12 22  0.575586  1.286304
13 14  0.519302  1.010385
13 15  0.549635  0.914499
13 16  0.557188  0.874325
13 17  0.557421  0.839448
13 18  0.569749  1.110649
13 19  0.578883  1.002396
13 20  0.570732  1.201134
13 21  0.593049  1.126158
13 22  0.566251  1.256316
14 15  0.560520  0.946012
14 16  0.568073  0.915728
14 17  0.568303  0.877593
14 18  0.582949  1.125886
14 19  0.589789  1.043385
14 20  0.583676  1.287109
14 21  0.604156  1.185314
14 22  0.569735  1.248704
15 16  0.549054  0.789691
15 17  0.547807  0.744534
15 18  0.576688  1.053264
15 19  0.553823  0.898405
15 20  0.573474  1.167348
15 21  0.563567  1.060712
15 22  0.578914  1.171160
16 17  0.514262  0.685147
16 18  0.584360  1.027601
16 19  0.554262  0.852433
16 20  0.582111  1.121825
16 21  0.593059  1.009277
16 22  0.586636  1.148332
17 18  0.584596  0.988479
17 19  0.555094  0.834740
17 20  0.582594  1.098043
17 21  0.594663  0.989993
17 22  0.586882  1.114810
18 19  0.606035  1.155666
18 20  0.566737  1.379657
18 21  0.617999  1.274957
18 22  0.583704  1.379598
19 20  0.602593  1.224610
19 21  0.606409  1.135187
19 22  0.608223  1.253683
20 21  0.607111  1.312369
20 22  0.582969  1.434121
21 22  0.621995  1.415887
