   -841.25984155
   -841.52676165     -841.39641251
0.00011645416123
2 2 2 2 2 2 2 2 2 2 2 0 0 0 0 0 0 0 0 0 0 0 
1  0.304640  0.509997
2  0.308725  0.678341
3  0.309419  0.791802
4  0.303248  0.739488
5  0.318155  0.651694
6  0.280500  0.353300
7  0.278918  0.363480
8  0.271856  0.443237
9  0.286161  0.533193
10  0.276082  0.477750
11  0.272315  0.554980
12  0.278342  0.558417
13  0.279855  0.499346
14  0.289978  0.536310
15  0.276218  0.426111
16  0.282787  0.385915
17  0.282861  0.346198
18  0.308954  0.646455
19  0.305249  0.519990
20  0.306559  0.758663
21  0.321622  0.672496
22  0.309224  0.769767
1 2  0.613279  1.182306
1 3  0.613878  1.270814
1 4  0.606585  1.213920
1 5  0.608619  1.138834
1 6  0.556164  0.845529
1 7  0.554529  0.847488
1 8  0.555230  0.925414
1 9  0.590792  1.039518
1 10  0.580670  0.984572
1 11  0.575804  1.055397
1 12  0.582191  1.064049
1 13  0.584178  1.008326
1 14  0.594446  1.045124
1 15  0.552473  0.903879
1 16  0.549160  0.862503
1 17  0.548937  0.818513
1 18  0.613392  1.154507
1 19  0.377058  0.887814
1 20  0.610148  1.265283
1 21  0.603908  1.148517
1 22  0.613779  1.275949
2 3  0.591486  1.416530
2 4  0.574968  1.393916
2 5  0.623486  1.291194
2 6  0.589195  1.024308
2 7  0.587605  1.039258
2 8  0.580381  1.099075
2 9  0.587185  1.148292
2 10  0.575410  1.116655
2 11  0.563445  1.131279
2 12  0.573660  1.232065
2 13  0.586214  1.173381
2 14  0.595785  1.210482
2 15  0.584500  1.102364
2 16  0.591502  1.063437
2 17  0.591545  1.024063
2 18  0.372236  1.190081
2 19  0.613792  1.195711
2 20  0.573776  1.374990
2 21  0.627459  1.338986
2 22  0.585590  1.390828
3 4  0.586452  1.435391
3 5  0.626366  1.430025
3 6  0.589916  1.142795
3 7  0.588319  1.153200
3 8  0.581059  1.208258
3 9  0.572249  1.257650
3 10  0.570582  1.257590
3 11  0.577572  1.307366
3 12  0.581628  1.336689
3 13  0.566342  1.244572
3 14  0.566989  1.293270
3 15  0.585439  1.214713
3 16  0.592018  1.176422
3 17  0.592166  1.137281
3 18  0.586838  1.383062
3 19  0.614573  1.307709
3 20  0.581874  1.499581
3 21  0.626672  1.443219
3 22  0.406093  1.478886
4 5  0.609429  1.302700
4 6  0.583699  1.091633
4 7  0.581900  1.092663
4 8  0.574126  1.174930
4 9  0.585181  1.264128
4 10  0.572407  1.171909
4 11  0.571913  1.287834
4 12  0.576139  1.260768
4 13  0.579812  1.234952
4 14  0.590511  1.258925
4 15  0.579298  1.163214
4 16  0.585192  1.124381
4 17  0.585825  1.085334
4 18  0.570595  1.325663
4 19  0.607355  1.255911
4 20  0.376919  1.393272
4 21  0.611863  1.399562
4 22  0.579682  1.461676
5 6  0.595405  0.993626
5 7  0.592091  0.990813
5 8  0.563092  1.076717
5 9  0.603848  1.171110
5 10  0.593399  1.099854
5 11  0.565881  1.165161
5 12  0.569231  1.170645
5 13  0.597616  1.148112
5 14  0.607995  1.184877
5 15  0.560716  1.036769
5 16  0.598876  1.036840
5 17  0.600309  0.997133
5 18  0.624671  1.288994
5 19  0.601630  1.139337
5 20  0.612223  1.397828
5 21  0.389193  1.216522
5 22  0.623275  1.401277
6 7  0.512703  0.682876
6 8  0.546070  0.780429
6 9  0.566657  0.883366
6 10  0.556576  0.829259
6 11  0.552525  0.898921
6 12  0.558053  0.911350
6 13  0.560354  0.852436
6 14  0.570460  0.889320
6 15  0.552990  0.777872
6 16  0.510589  0.690852
6 17  0.278266  0.449455
6 18  0.589408  0.999251
6 19  0.548082  0.836925
6 20  0.586800  1.111500
6 21  0.601401  1.024716
6 22  0.589609  1.122307
7 8  0.546746  0.801679
7 9  0.565073  0.895699
7 10  0.554984  0.837991
7 11  0.551011  0.916315
7 12  0.557061  0.920757
7 13  0.558704  0.862538
7 14  0.568892  0.899529
7 15  0.553896  0.785314
7 16  0.279241  0.510887
7 17  0.509468  0.662923
7 18  0.587865  1.009461
7 19  0.545927  0.849001
7 20  0.584677  1.121337
7 21  0.598785  1.035471
7 22  0.587962  1.132306
8 9  0.557997  0.964649
8 10  0.547928  0.919644
8 11  0.539805  0.966043
8 12  0.544791  0.999959
8 13  0.551578  0.941758
8 14  0.561515  0.978363
8 15  0.266571  0.653840
8 16  0.553509  0.824009
8 17  0.551413  0.788037
8 18  0.580345  1.087567
8 19  0.548873  0.930119
8 20  0.578257  1.198547
8 21  0.560149  1.076005
8 22  0.580885  1.209590
9 10  0.519240  0.984101
9 11  0.557082  1.050877
9 12  0.563226  1.088790
9 13  0.517241  0.982493
9 14  0.278570  0.863484
9 15  0.562175  0.958279
9 16  0.568940  0.918751
9 17  0.569019  0.879159
9 18  0.592431  1.176074
9 19  0.591307  1.051902
9 20  0.590232  1.275177
9 21  0.607625  1.202369
9 22  0.563831  1.270992
10 11  0.547594  1.018002
10 12  0.554299  1.034032
10 13  0.269137  0.776972
10 14  0.517630  0.965467
10 15  0.552217  0.903231
10 16  0.558789  0.863343
10 17  0.558935  0.823791
10 18  0.582902  1.120991
10 19  0.581107  0.996728
10 20  0.579076  1.232599
10 21  0.597325  1.147437
10 22  0.561694  1.204361
11 12  0.261666  0.935481
11 13  0.552029  1.051931
11 14  0.561044  1.088410
11 15  0.543288  0.979512
11 16  0.554892  0.939030
11 17  0.554464  0.900789
11 18  0.568473  1.197658
11 19  0.576949  1.069895
11 20  0.573949  1.280638
11 21  0.566587  1.188932
11 22  0.575015  1.311552
12 13  0.557077  1.043636
12 14  0.566623  1.057187
12 15  0.550059  0.957871
12 16  0.560893  0.942768
12 17  0.561005  0.898582
12 18  0.567592  1.108487
12 19  0.582015  1.071569
12 20  0.581037  1.309763
12 21  0.573977  1.191040
12 22  0.582902  1.291502
13 14  0.525612  1.009069
13 15  0.556057  0.924652
13 16  0.562620  0.880314
13 17  0.562707  0.843656
13 18  0.577955  1.106213
13 19  0.585032  1.013146
13 20  0.578825  1.200221
13 21  0.600467  1.136040
13 22  0.573204  1.251974
14 15  0.566175  0.954086
14 16  0.572756  0.921418
14 17  0.572834  0.880671
14 18  0.590818  1.121637
14 19  0.595207  1.053729
14 20  0.591190  1.285703
14 21  0.610957  1.195526
14 22  0.575716  1.244005
15 16  0.553661  0.807167
15 17  0.552216  0.759213
15 18  0.585028  1.058349
15 19  0.559071  0.919968
15 20  0.581210  1.177017
15 21  0.570576  1.083424
15 22  0.585195  1.175666
16 17  0.517988  0.697795
16 18  0.591704  1.030197
16 19  0.558592  0.870325
16 20  0.588992  1.127041
16 21  0.598744  1.026650
16 22  0.591985  1.150610
17 18  0.591793  0.988319
17 19  0.559476  0.851595
17 20  0.589327  1.102642
17 21  0.600228  1.006284
17 22  0.592079  1.115320
18 19  0.614100  1.162927
18 20  0.576617  1.377268
18 21  0.627330  1.282557
18 22  0.592385  1.372473
19 20  0.610107  1.232905
19 21  0.612883  1.157887
19 22  0.614272  1.258640
20 21  0.615594  1.323290
20 22  0.591017  1.428338
21 22  0.629407  1.424336
