   -841.25984155
   -841.52736775     -841.39783741
0.00007658936977
2 2 2 2 2 2 2 2 2 2 2 0 0 0 0 0 0 0 0 0 0 0 
1  0.306001  0.515800
2  0.311343  0.677798
3  0.311468  0.789873
4  0.305936  0.739049
5  0.320510  0.656041
6  0.281225  0.356382
7  0.279661  0.367189
8  0.273250  0.447774
9  0.287344  0.534943
10  0.277473  0.479414
11  0.274587  0.558263
12  0.280882  0.561696
13  0.281221  0.500904
14  0.291082  0.538478
15  0.277534  0.430405
16  0.283475  0.389723
17  0.283708  0.348769
18  0.311561  0.646198
19  0.306486  0.525179
20  0.309380  0.758331
21  0.323815  0.676570
22  0.311448  0.768081
1 2  0.617242  1.187412
1 3  0.617267  1.273493
1 4  0.610560  1.218079
1 5  0.612123  1.148308
1 6  0.558249  0.854360
1 7  0.556581  0.856630
1 8  0.557893  0.935408
1 9  0.593335  1.046862
1 10  0.583413  0.991834
1 11  0.579403  1.064071
1 12  0.586066  1.073155
1 13  0.586865  1.015691
1 14  0.596911  1.053066
1 15  0.555122  0.914416
1 16  0.551214  0.872430
1 17  0.551092  0.827111
1 18  0.617359  1.159997
1 19  0.379438  0.899673
1 20  0.614305  1.270765
1 21  0.607349  1.158347
1 22  0.617357  1.280006
2 3  0.596021  1.414672
2 4  0.579983  1.393536
2 5  0.628404  1.295157
2 6  0.592538  1.026475
2 7  0.590967  1.042332
2 8  0.584390  1.102779
2 9  0.590874  1.149670
2 10  0.579124  1.117666
2 11  0.567807  1.133647
2 12  0.578542  1.234803
2 13  0.590105  1.174414
2 14  0.599503  1.212166
2 15  0.588430  1.106106
2 16  0.594808  1.066652
2 17  0.595004  1.026062
2 18  0.376768  1.188588
2 19  0.617650  1.200309
2 20  0.579046  1.375371
2 21  0.632211  1.342658
2 22  0.590254  1.389721
3 4  0.590899  1.433368
3 5  0.630754  1.432490
3 6  0.592691  1.143794
3 7  0.591111  1.154828
3 8  0.584468  1.210325
3 9  0.575439  1.257484
3 10  0.574014  1.257268
3 11  0.581848  1.308667
3 12  0.585990  1.338048
3 13  0.569772  1.244801
3 14  0.570103  1.293936
3 15  0.588786  1.217114
3 16  0.594734  1.178283
3 17  0.595067  1.137913
3 18  0.591414  1.381957
3 19  0.617854  1.310916
3 20  0.586443  1.498555
3 21  0.630878  1.445044
3 22  0.409791  1.475566
4 5  0.614151  1.305904
4 6  0.587103  1.094241
4 7  0.585322  1.095257
4 8  0.578133  1.178825
4 9  0.588904  1.265422
4 10  0.576264  1.172970
4 11  0.576836  1.290841
4 12  0.581353  1.264397
4 13  0.583817  1.236194
4 14  0.594256  1.260660
4 15  0.583278  1.167003
4 16  0.588545  1.127744
4 17  0.589370  1.087462
4 18  0.575672  1.326168
4 19  0.611303  1.260690
4 20  0.381724  1.392230
4 21  0.616601  1.403205
4 22  0.584292  1.460564
5 6  0.598397  1.000641
5 7  0.595023  0.997877
5 8  0.566825  1.085384
5 9  0.607324  1.176882
5 10  0.597065  1.105269
5 11  0.570356  1.172795
5 12  0.574090  1.178702
5 13  0.601325  1.154033
5 14  0.611441  1.191272
5 15  0.564424  1.045743
5 16  0.601889  1.044983
5 17  0.603462  1.004023
5 18  0.629600  1.293191
5 19  0.605113  1.148822
5 20  0.617233  1.401806
5 21  0.393511  1.225550
5 22  0.627668  1.403682
6 7  0.514216  0.690058
6 8  0.548086  0.787524
6 9  0.568565  0.887876
6 10  0.558691  0.833903
6 11  0.555521  0.904871
6 12  0.561264  0.917703
6 13  0.562445  0.857068
6 14  0.572292  0.894552
6 15  0.554946  0.785264
6 16  0.512143  0.698217
6 17  0.279609  0.455521
6 18  0.592737  1.002061
6 19  0.550050  0.845475
6 20  0.590347  1.114245
6 21  0.604272  1.031822
6 22  0.592561  1.123687
7 8  0.548808  0.809783
7 9  0.566999  0.901087
7 10  0.557116  0.843056
7 11  0.554021  0.923280
7 12  0.560326  0.927658
7 13  0.560790  0.867794
7 14  0.570734  0.905384
7 15  0.555923  0.793298
7 16  0.280610  0.518742
7 17  0.511145  0.669734
7 18  0.591213  1.012884
7 19  0.547898  0.858247
7 20  0.588202  1.124703
7 21  0.601687  1.043247
7 22  0.590910  1.134311
8 9  0.560570  0.970302
8 10  0.550711  0.925829
8 11  0.543349  0.973281
8 12  0.548635  1.007762
8 13  0.554299  0.947859
8 14  0.563975  0.985086
8 15  0.269006  0.662337
8 16  0.555552  0.832350
8 17  0.553576  0.795194
8 18  0.584346  1.091863
8 19  0.551489  0.940154
8 20  0.582450  1.202657
8 21  0.563734  1.084997
8 22  0.584461  1.212462
9 10  0.521783  0.987526
9 11  0.560488  1.055489
9 12  0.566870  1.093871
9 13  0.519920  0.986738
9 14  0.280396  0.867346
9 15  0.564643  0.964330
9 16  0.570812  0.924288
9 17  0.571047  0.883471
9 18  0.596177  1.177678
9 19  0.593726  1.058819
9 20  0.594185  1.276711
9 21  0.610963  1.208088
9 22  0.567288  1.271441
10 11  0.551181  1.022995
10 12  0.558211  1.038952
10 13  0.271561  0.779904
10 14  0.520207  0.970165
10 15  0.554906  0.909180
10 16  0.560841  0.868805
10 17  0.561173  0.828018
10 18  0.586838  1.122423
10 19  0.583670  1.003586
10 20  0.583242  1.233981
10 21  0.600854  1.153191
10 22  0.565374  1.204893
11 12  0.265804  0.941738
11 13  0.555654  1.056720
11 14  0.564368  1.093874
11 15  0.546808  0.987103
11 16  0.557843  0.946042
11 17  0.557529  0.906625
11 18  0.572981  1.200644
11 19  0.580442  1.078381
11 20  0.579019  1.284089
11 21  0.571058  1.196731
11 22  0.579390  1.313226
12 13  0.560912  1.048250
12 14  0.570213  1.062039
12 15  0.553831  0.964897
12 16  0.564113  0.949827
12 17  0.564395  0.904175
12 18  0.572022  1.110965
12 19  0.585724  1.079747
12 20  0.586322  1.312880
12 21  0.578579  1.198092
12 22  0.587536  1.293096
13 14  0.528044  1.012708
13 15  0.558740  0.930468
13 16  0.564669  0.885352
13 17  0.564917  0.847650
13 18  0.581701  1.107169
13 19  0.587629  1.019697
13 20  0.582803  1.201642
13 21  0.603937  1.140949
13 22  0.576744  1.251960
14 15  0.568591  0.959979
14 16  0.574546  0.927339
14 17  0.574783  0.885208
14 18  0.594412  1.123842
14 19  0.597550  1.060966
14 20  0.594918  1.287507
14 21  0.614220  1.201341
14 22  0.579074  1.244437
15 16  0.555603  0.815158
15 17  0.554292  0.765759
15 18  0.588941  1.062049
15 19  0.561562  0.929237
15 20  0.585261  1.180777
15 21  0.574036  1.091575
15 22  0.588717  1.177865
16 17  0.519570  0.704516
16 18  0.594996  1.033682
16 19  0.560475  0.878823
16 20  0.592486  1.129870
16 21  0.601511  1.033582
16 22  0.594895  1.152506
17 18  0.595246  0.990362
17 19  0.561569  0.859436
17 20  0.592985  1.104830
17 21  0.603135  1.012486
17 22  0.595149  1.116164
18 19  0.617931  1.167753
18 20  0.581868  1.377405
18 21  0.632070  1.286449
18 22  0.597037  1.371129
19 20  0.614093  1.236705
19 21  0.616116  1.166483
19 22  0.617707  1.261195
20 21  0.620277  1.326175
20 22  0.595716  1.426566
21 22  0.633801  1.426788
