   -841.25984155
   -841.52805509     -841.39943559
0.00002073523702
2 2 2 2 2 2 2 2 2 2 2 0 0 0 0 0 0 0 0 0 0 0 
1  0.307512  0.525321
2  0.314568  0.675733
3  0.314153  0.785712
4  0.309080  0.737275
5  0.323006  0.661508
6  0.282094  0.361902
7  0.280428  0.372774
8  0.274825  0.455497
9  0.288702  0.535810
10  0.279231  0.480711
11  0.277292  0.561931
12  0.283685  0.565105
13  0.282868  0.502288
14  0.292475  0.538893
15  0.279140  0.438270
16  0.284258  0.395995
17  0.284612  0.353698
18  0.314918  0.643457
19  0.307997  0.534457
20  0.312540  0.757327
21  0.326333  0.681827
22  0.313976  0.764047
1 2  0.621965  1.194553
1 3  0.621419  1.277209
1 4  0.615124  1.224411
1 5  0.615931  1.162589
1 6  0.560691  0.869313
1 7  0.558864  0.871489
1 8  0.560891  0.951789
1 9  0.596206  1.057009
1 10  0.586674  1.002404
1 11  0.583562  1.076581
1 12  0.590351  1.086005
1 13  0.589936  1.026588
1 14  0.599762  1.062946
1 15  0.558231  0.932118
1 16  0.553493  0.888532
1 17  0.553512  0.841698
1 18  0.622200  1.166698
1 19  0.382264  0.920925
1 20  0.618952  1.279213
1 21  0.611289  1.172494
1 22  0.621386  1.285358
2 3  0.601723  1.409775
2 4  0.586187  1.390504
2 5  0.634066  1.298542
2 6  0.596631  1.029236
2 7  0.594954  1.045678
2 8  0.589187  1.107875
2 9  0.595250  1.149152
2 10  0.583822  1.116903
2 11  0.572798  1.134943
2 12  0.584074  1.236090
2 13  0.594903  1.173797
2 14  0.604074  1.210727
2 15  0.593237  1.111869
2 16  0.598815  1.070778
2 17  0.599115  1.028875
2 18  0.382253  1.182417
2 19  0.622358  1.207409
2 20  0.585295  1.373807
2 21  0.637880  1.346416
2 22  0.595800  1.384994
3 4  0.596240  1.428552
3 5  0.635869  1.434092
3 6  0.596242  1.144818
3 7  0.594557  1.156107
3 8  0.588701  1.212756
3 9  0.579520  1.254913
3 10  0.578429  1.254402
3 11  0.587007  1.308127
3 12  0.591370  1.337492
3 13  0.574110  1.242971
3 14  0.574215  1.290604
3 15  0.593052  1.220806
3 16  0.598169  1.180345
3 17  0.598627  1.138650
3 18  0.597200  1.376545
3 19  0.622035  1.315909
3 20  0.591849  1.494808
3 21  0.635879  1.446103
3 22  0.414565  1.467533
4 5  0.619376  1.309625
4 6  0.591105  1.097989
4 7  0.589223  1.098390
4 8  0.582742  1.184429
4 9  0.593261  1.264518
4 10  0.580950  1.172564
4 11  0.582640  1.292961
4 12  0.587308  1.266973
4 13  0.588533  1.235936
4 14  0.598775  1.259595
4 15  0.587992  1.172978
4 16  0.592384  1.132219
4 17  0.593401  1.090597
4 18  0.581882  1.322988
4 19  0.615938  1.268154
4 20  0.387308  1.389576
4 21  0.622104  1.406609
4 22  0.589489  1.455913
5 6  0.601651  1.010994
5 7  0.598200  1.007546
5 8  0.570820  1.098133
5 9  0.611127  1.182738
5 10  0.601216  1.111302
5 11  0.575478  1.181610
5 12  0.579405  1.188443
5 13  0.605415  1.160948
5 14  0.615316  1.197152
5 15  0.568439  1.058845
5 16  0.605148  1.056708
5 17  0.606834  1.014333
5 18  0.635419  1.296331
5 19  0.609000  1.162858
5 20  0.622682  1.406110
5 21  0.398218  1.237513
5 22  0.632557  1.404986
6 7  0.515800  0.701852
6 8  0.550464  0.799773
6 9  0.570790  0.893746
6 10  0.561312  0.840556
6 11  0.559092  0.913268
6 12  0.564824  0.926610
6 13  0.564960  0.863951
6 14  0.574553  0.900455
6 15  0.557371  0.798693
6 16  0.513800  0.710556
6 17  0.281351  0.467468
6 18  0.596931  1.004800
6 19  0.552461  0.860436
6 20  0.594373  1.118708
6 21  0.607626  1.042509
6 22  0.595930  1.125138
7 8  0.551098  0.822855
7 9  0.569119  0.907402
7 10  0.559630  0.849519
7 11  0.557494  0.932435
7 12  0.563891  0.936589
7 13  0.563188  0.874741
7 14  0.572894  0.911353
7 15  0.558277  0.806655
7 16  0.281924  0.531999
7 17  0.512847  0.680778
7 18  0.595337  1.015691
7 19  0.550190  0.873361
7 20  0.592050  1.129265
7 21  0.604951  1.054072
7 22  0.594173  1.135826
8 9  0.563494  0.978068
8 10  0.554042  0.934795
8 11  0.547524  0.983707
8 12  0.552933  1.018879
8 13  0.557479  0.956946
8 14  0.566863  0.993258
8 15  0.271789  0.679277
8 16  0.557895  0.846243
8 17  0.555999  0.807888
8 18  0.589256  1.096831
8 19  0.554510  0.957437
8 20  0.587155  1.209226
8 21  0.567863  1.097963
8 22  0.588542  1.216132
9 10  0.524792  0.989651
9 11  0.564476  1.059719
9 12  0.570879  1.098256
9 13  0.523036  0.990050
9 14  0.282896  0.868230
9 15  0.567555  0.973074
9 16  0.572949  0.931385
9 17  0.573311  0.889233
9 18  0.600837  1.175986
9 19  0.596566  1.068895
9 20  0.598688  1.276829
9 21  0.614839  1.214140
9 22  0.571197  1.268746
10 11  0.555549  1.027897
10 12  0.562752  1.043621
10 13  0.274569  0.781985
10 14  0.523455  0.972854
10 15  0.558228  0.918353
10 16  0.563361  0.876357
10 17  0.563831  0.834223
10 18  0.591881  1.121063
10 19  0.586872  1.014168
10 20  0.588036  1.234394
10 21  0.605077  1.159791
10 22  0.569699  1.202936
11 12  0.270819  0.948425
11 13  0.559989  1.061717
11 14  0.568333  1.098090
11 15  0.551040  0.998629
11 16  0.561320  0.955901
11 17  0.561049  0.915217
11 18  0.578607  1.201543
11 19  0.584626  1.091303
11 20  0.584907  1.287470
11 21  0.576257  1.206460
11 22  0.584507  1.313011
12 13  0.565291  1.052931
12 14  0.574321  1.065633
12 15  0.558138  0.975147
12 16  0.567701  0.959407
12 17  0.568100  0.911991
12 18  0.577206  1.111441
12 19  0.589971  1.091896
12 20  0.592235  1.315564
12 21  0.583765  1.206370
12 22  0.592696  1.292588
13 14  0.530968  1.014452
13 15  0.561988  0.939670
13 16  0.567081  0.892353
13 17  0.567457  0.853768
13 18  0.586423  1.105935
13 19  0.590781  1.029946
13 20  0.587441  1.202018
13 21  0.607995  1.146518
13 22  0.580939  1.249304
14 15  0.571587  0.967537
14 16  0.576714  0.933910
14 17  0.577076  0.890201
14 18  0.599042  1.122515
14 19  0.600458  1.070504
14 20  0.599322  1.286884
14 21  0.618071  1.206481
14 22  0.583050  1.241785
15 16  0.557953  0.829165
15 17  0.556742  0.777833
15 18  0.593901  1.066749
15 19  0.564577  0.945578
15 20  0.589873  1.187092
15 21  0.578106  1.104402
15 22  0.592827  1.180726
16 17  0.521204  0.716394
16 18  0.599129  1.037050
16 19  0.562776  0.893738
16 20  0.596413  1.134086
16 21  0.604747  1.043521
16 22  0.598202  1.154439
17 18  0.599504  0.992099
17 19  0.564053  0.873771
17 20  0.597034  1.108725
17 21  0.606426  1.022025
17 22  0.598577  1.116958
18 19  0.622788  1.174095
18 20  0.588163  1.374439
18 21  0.637866  1.289047
18 22  0.602699  1.365664
19 20  0.618654  1.243349
19 21  0.619983  1.180223
19 22  0.621712  1.264926
20 21  0.625466  1.330199
20 22  0.600997  1.422387
21 22  0.638786  1.428366
