   -841.25984155
   -841.52813094     -841.39964760
0.00001374583806
2 2 2 2 2 2 2 2 2 2 2 0 0 0 0 0 0 0 0 0 0 0 
1  0.307695  0.526569
2  0.314957  0.675430
3  0.314431  0.785344
4  0.309427  0.737072
5  0.323309  0.662225
6  0.282247  0.362581
7  0.280513  0.373512
8  0.275021  0.456588
9  0.288865  0.536152
10  0.279456  0.481053
11  0.277590  0.562468
12  0.284000  0.565602
13  0.283082  0.502713
14  0.292649  0.539144
15  0.279339  0.439344
16  0.284337  0.396827
17  0.284772  0.354286
18  0.315295  0.643139
19  0.308184  0.535647
20  0.312880  0.757233
21  0.326628  0.682468
22  0.314266  0.763693
1 2  0.622534  1.195457
1 3  0.621878  1.277836
1 4  0.615647  1.225273
1 5  0.616396  1.164473
1 6  0.561026  0.871223
1 7  0.559148  0.873443
1 8  0.561264  0.954009
1 9  0.596552  1.058560
1 10  0.587083  1.003948
1 11  0.584038  1.078291
1 12  0.590844  1.087741
1 13  0.590320  1.028265
1 14  0.600114  1.064439
1 15  0.558608  0.934518
1 16  0.553757  0.890674
1 17  0.553848  0.843573
1 18  0.622758  1.167617
1 19  0.382610  0.923627
1 20  0.619475  1.280364
1 21  0.611755  1.174334
1 22  0.621857  1.286237
2 3  0.602364  1.409303
2 4  0.586885  1.390085
2 5  0.634752  1.298938
2 6  0.597172  1.029521
2 7  0.595427  1.046090
2 8  0.589771  1.108607
2 9  0.595795  1.149288
2 10  0.584407  1.116928
2 11  0.573378  1.135100
2 12  0.584729  1.236281
2 13  0.595494  1.173936
2 14  0.604631  1.210699
2 15  0.593825  1.112631
2 16  0.599283  1.071299
2 17  0.599659  1.029157
2 18  0.382910  1.181618
2 19  0.622930  1.208283
2 20  0.585988  1.373630
2 21  0.638557  1.346858
2 22  0.596459  1.384509
3 4  0.596832  1.428081
3 5  0.636444  1.434495
3 6  0.596673  1.145081
3 7  0.594920  1.156453
3 8  0.589172  1.213310
3 9  0.579973  1.254922
3 10  0.578931  1.254370
3 11  0.587562  1.308306
3 12  0.591965  1.337616
3 13  0.574593  1.243169
3 14  0.574669  1.290556
3 15  0.593526  1.221515
3 16  0.598522  1.180811
3 17  0.599064  1.138869
3 18  0.597836  1.376042
3 19  0.622498  1.316715
3 20  0.592433  1.494574
3 21  0.636432  1.446348
3 22  0.415093  1.466851
4 5  0.619977  1.310180
4 6  0.591605  1.098470
4 7  0.589656  1.098840
4 8  0.583275  1.185259
4 9  0.593755  1.264654
4 10  0.581505  1.172679
4 11  0.583283  1.293322
4 12  0.587968  1.267395
4 13  0.589089  1.236178
4 14  0.599289  1.259677
4 15  0.588534  1.173836
4 16  0.592797  1.132849
4 17  0.593912  1.090981
4 18  0.582562  1.322667
4 19  0.616473  1.269144
4 20  0.387940  1.389258
4 21  0.622722  1.407039
4 22  0.590088  1.455543
5 6  0.602093  1.012316
5 7  0.598579  1.008845
5 8  0.571318  1.099884
5 9  0.611587  1.183708
5 10  0.601729  1.112209
5 11  0.576063  1.182796
5 12  0.580023  1.189815
5 13  0.605922  1.162100
5 14  0.615791  1.198118
5 15  0.568942  1.060613
5 16  0.605527  1.058257
5 17  0.607293  1.015626
5 18  0.636094  1.296799
5 19  0.609471  1.164698
5 20  0.623301  1.406710
5 21  0.398807  1.238964
5 22  0.633133  1.405302
6 7  0.516019  0.703377
6 8  0.550804  0.801420
6 9  0.571105  0.894685
6 10  0.561688  0.841551
6 11  0.559545  0.914389
6 12  0.565278  0.927787
6 13  0.565328  0.865053
6 14  0.574878  0.901380
6 15  0.557715  0.800456
6 16  0.514013  0.712172
6 17  0.281615  0.468943
6 18  0.597458  1.005159
6 19  0.552794  0.862358
6 20  0.594867  1.119286
6 21  0.608069  1.043813
6 22  0.596373  1.125455
7 8  0.551376  0.824659
7 9  0.569366  0.908460
7 10  0.559937  0.850521
7 11  0.557876  0.933700
7 12  0.564290  0.937818
7 13  0.563482  0.875901
7 14  0.573153  0.912337
7 15  0.558561  0.808462
7 16  0.282101  0.533681
7 17  0.513080  0.682202
7 18  0.595800  1.016108
7 19  0.550465  0.875343
7 20  0.592464  1.129909
7 21  0.605330  1.055452
7 22  0.594545  1.136208
8 9  0.563852  0.979355
8 10  0.554461  0.936227
8 11  0.547998  0.985209
8 12  0.553442  1.020469
8 13  0.557882  0.958459
8 14  0.567219  0.994611
8 15  0.272105  0.681554
8 16  0.558170  0.848163
8 17  0.556348  0.809575
8 18  0.589836  1.097594
8 19  0.554894  0.959790
8 20  0.587688  1.210201
8 21  0.568357  1.099721
8 22  0.589019  1.216873
9 10  0.525141  0.990345
9 11  0.564926  1.060521
9 12  0.571336  1.099114
9 13  0.523405  0.990982
9 14  0.283227  0.868805
9 15  0.567907  0.974495
9 16  0.573191  0.932551
9 17  0.573633  0.890158
9 18  0.601370  1.176037
9 19  0.596912  1.070414
9 20  0.599192  1.277126
9 21  0.615295  1.215115
9 22  0.571649  1.268814
10 11  0.556067  1.028736
10 12  0.563289  1.044451
10 13  0.274942  0.782738
10 14  0.523842  0.973602
10 15  0.558647  0.919772
10 16  0.563657  0.877529
10 17  0.564215  0.835151
10 18  0.592472  1.121098
10 19  0.587272  1.015704
10 20  0.588593  1.234654
10 21  0.605591  1.160786
10 22  0.570205  1.203048
11 12  0.271397  0.949398
11 13  0.560501  1.062665
11 14  0.568788  1.098894
11 15  0.551534  1.000244
11 16  0.561700  0.957266
11 17  0.561485  0.916347
11 18  0.579245  1.201762
11 19  0.585108  1.093030
11 20  0.585540  1.288009
11 21  0.576848  1.207789
11 22  0.585095  1.313185
12 13  0.565813  1.053802
12 14  0.574794  1.066320
12 15  0.558634  0.976610
12 16  0.568095  0.960724
12 17  0.568576  0.913013
12 18  0.577780  1.111534
12 19  0.590463  1.093526
12 20  0.592885  1.315995
12 21  0.584354  1.207426
12 22  0.593280  1.292774
13 14  0.531329  1.015121
13 15  0.562401  0.941166
13 16  0.567373  0.893469
13 17  0.567830  0.854741
13 18  0.586994  1.106032
13 19  0.591182  1.031488
13 20  0.587982  1.202302
13 21  0.608486  1.147365
13 22  0.581438  1.249359
14 15  0.571959  0.968763
14 16  0.576965  0.934969
14 17  0.577409  0.890980
14 18  0.599588  1.122580
14 19  0.600819  1.071923
14 20  0.599811  1.287038
14 21  0.618532  1.207279
14 22  0.583522  1.241781
15 16  0.558232  0.831060
15 17  0.557097  0.779408
15 18  0.594478  1.067470
15 19  0.564960  0.947736
15 20  0.590391  1.187976
15 21  0.578593  1.106082
15 22  0.593313  1.181325
16 17  0.521426  0.717915
16 18  0.599586  1.037540
16 19  0.563051  0.895680
16 20  0.596832  1.134700
16 21  0.605117  1.044810
16 22  0.598571  1.154869
17 18  0.600042  0.992313
17 19  0.564395  0.875561
17 20  0.597532  1.109230
17 21  0.606865  1.023184
17 22  0.599026  1.117180
18 19  0.623350  1.174942
18 20  0.588843  1.374123
18 21  0.638532  1.289359
18 22  0.603345  1.365194
19 20  0.619170  1.244227
19 21  0.620443  1.181964
19 22  0.622186  1.265540
20 21  0.626044  1.330756
20 22  0.601594  1.421985
21 22  0.639358  1.428701
