   -841.25984155
   -841.52817285     -841.39975854
0.00001011563278
2 2 2 2 2 2 2 2 2 2 2 0 0 0 0 0 0 0 0 0 0 0 
1  0.307787  0.527190
2  0.315142  0.675363
3  0.314613  0.785132
4  0.309621  0.736974
5  0.323475  0.662587
6  0.282307  0.362961
7  0.280551  0.373941
8  0.275137  0.457042
9  0.288965  0.536390
10  0.279587  0.481288
11  0.277767  0.562703
12  0.284190  0.565859
13  0.283211  0.502919
14  0.292747  0.539355
15  0.279455  0.439824
16  0.284372  0.397288
17  0.284835  0.354621
18  0.315485  0.643028
19  0.308279  0.536242
20  0.313078  0.757192
21  0.326798  0.682791
22  0.314431  0.763503
1 2  0.622811  1.195984
1 3  0.622150  1.278114
1 4  0.615930  1.225710
1 5  0.616643  1.165406
1 6  0.561180  0.872216
1 7  0.559290  0.874464
1 8  0.561467  0.955033
1 9  0.596744  1.059396
1 10  0.587305  1.004776
1 11  0.584303  1.079107
1 12  0.591123  1.088616
1 13  0.590530  1.029092
1 14  0.600303  1.065268
1 15  0.558814  0.935664
1 16  0.553891  0.891781
1 17  0.554004  0.844548
1 18  0.623039  1.168122
1 19  0.382792  0.924986
1 20  0.619764  1.280944
1 21  0.612009  1.175253
1 22  0.622113  1.286662
2 3  0.602715  1.409108
2 4  0.587251  1.389973
2 5  0.635102  1.299237
2 6  0.597418  1.029789
2 7  0.595650  1.046439
2 8  0.590073  1.108963
2 9  0.596077  1.149494
2 10  0.584710  1.117085
2 11  0.573686  1.135231
2 12  0.585072  1.236466
2 13  0.595806  1.174079
2 14  0.604915  1.210854
2 15  0.594127  1.113042
2 16  0.599503  1.071685
2 17  0.599905  1.029421
2 18  0.383250  1.181356
2 19  0.623208  1.208804
2 20  0.586362  1.373632
2 21  0.638906  1.347157
2 22  0.596792  1.384346
3 4  0.597175  1.427822
3 5  0.636787  1.434667
3 6  0.596914  1.145231
3 7  0.595140  1.156654
3 8  0.589466  1.213483
3 9  0.580259  1.254963
3 10  0.579242  1.254389
3 11  0.587913  1.308353
3 12  0.592336  1.337673
3 13  0.574903  1.243226
3 14  0.574951  1.290595
3 15  0.593820  1.221786
3 16  0.598735  1.181061
3 17  0.599308  1.138990
3 18  0.598202  1.375819
3 19  0.622774  1.317094
3 20  0.592773  1.494428
3 21  0.636773  1.446455
3 22  0.415405  1.466495
4 5  0.620312  1.310438
4 6  0.591858  1.098753
4 7  0.589887  1.099125
4 8  0.583576  1.185588
4 9  0.594042  1.264789
4 10  0.581821  1.172806
4 11  0.583649  1.293477
4 12  0.588349  1.267632
4 13  0.589413  1.236294
4 14  0.599581  1.259816
4 15  0.588841  1.174212
4 16  0.593020  1.133211
4 17  0.594170  1.091216
4 18  0.582924  1.322556
4 19  0.616762  1.269642
4 20  0.388284  1.389104
4 21  0.623078  1.407257
4 22  0.590414  1.455335
5 6  0.602308  1.013019
5 7  0.598781  1.009539
5 8  0.571593  1.100673
5 9  0.611848  1.184265
5 10  0.602020  1.112702
5 11  0.576393  1.183377
5 12  0.580375  1.190497
5 13  0.606212  1.162674
5 14  0.616055  1.198683
5 15  0.569216  1.061470
5 16  0.605728  1.059080
5 17  0.607518  1.016317
5 18  0.636446  1.297084
5 19  0.609723  1.165629
5 20  0.623651  1.407024
5 21  0.399133  1.239704
5 22  0.633454  1.405461
6 7  0.516105  0.704244
6 8  0.550975  0.802194
6 9  0.571264  0.895259
6 10  0.561876  0.842145
6 11  0.559783  0.914961
6 12  0.565515  0.928425
6 13  0.565516  0.865638
6 14  0.575035  0.901970
6 15  0.557889  0.801318
6 16  0.514103  0.713070
6 17  0.281754  0.469729
6 18  0.597705  1.005425
6 19  0.552949  0.863363
6 20  0.595125  1.119623
6 21  0.608296  1.044511
6 22  0.596598  1.125641
7 8  0.551529  0.825527
7 9  0.569504  0.909110
7 10  0.560104  0.851126
7 11  0.558092  0.934356
7 12  0.564520  0.938499
7 13  0.563643  0.876534
7 14  0.573290  0.912974
7 15  0.558715  0.809368
7 16  0.282176  0.534644
7 17  0.513177  0.683019
7 18  0.596028  1.016419
7 19  0.550610  0.876392
7 20  0.592691  1.130296
7 21  0.605540  1.056205
7 22  0.594744  1.136448
8 9  0.564068  0.979978
8 10  0.554707  0.936910
8 11  0.548286  0.985847
8 12  0.553746  1.021181
8 13  0.558123  0.959116
8 14  0.567423  0.995283
8 15  0.272315  0.682548
8 16  0.558319  0.849078
8 17  0.556527  0.810366
8 18  0.590143  1.097936
8 19  0.555100  0.960882
8 20  0.587998  1.210606
8 21  0.568644  1.100530
8 22  0.589295  1.217145
9 10  0.525346  0.990818
9 11  0.565197  1.060973
9 12  0.571616  1.099619
9 13  0.523624  0.991511
9 14  0.283397  0.869269
9 15  0.568111  0.975223
9 16  0.573326  0.933245
9 17  0.573796  0.890726
9 18  0.601657  1.176175
9 19  0.597107  1.071244
9 20  0.599490  1.277334
9 21  0.615564  1.215666
9 22  0.571919  1.268898
10 11  0.556366  1.029183
10 12  0.563609  1.044935
10 13  0.275159  0.783199
10 14  0.524057  0.974134
10 15  0.558893  0.920487
10 16  0.563819  0.878222
10 17  0.564408  0.835718
10 18  0.592788  1.121226
10 19  0.587488  1.016538
10 20  0.588917  1.234858
10 21  0.605881  1.161351
10 22  0.570507  1.203151
11 12  0.271738  0.949851
11 13  0.560807  1.063105
11 14  0.569055  1.099354
11 15  0.551826  1.000962
11 16  0.561913  0.957957
11 17  0.561715  0.916918
11 18  0.579581  1.201884
11 19  0.585378  1.093856
11 20  0.585914  1.288274
11 21  0.577191  1.208416
11 22  0.585431  1.313241
12 13  0.566125  1.054246
12 14  0.575073  1.066747
12 15  0.558934  0.977292
12 16  0.568320  0.961436
12 17  0.568829  0.913575
12 18  0.578096  1.111643
12 19  0.590742  1.094340
12 20  0.593266  1.316233
12 21  0.584701  1.207990
12 22  0.593626  1.292844
13 14  0.531528  1.015543
13 15  0.562644  0.941852
13 16  0.567535  0.894058
13 17  0.568020  0.855260
13 18  0.587295  1.106134
13 19  0.591405  1.032252
13 20  0.588302  1.202470
13 21  0.608774  1.147799
13 22  0.581737  1.249371
14 15  0.572173  0.969385
14 16  0.577098  0.935628
14 17  0.577570  0.891492
14 18  0.599878  1.122726
14 19  0.601013  1.072712
14 20  0.600100  1.287200
14 21  0.618800  1.207780
14 22  0.583794  1.241816
15 16  0.558380  0.831996
15 17  0.557273  0.780176
15 18  0.594785  1.067824
15 19  0.565163  0.948768
15 20  0.590689  1.188371
15 21  0.578874  1.106869
15 22  0.593591  1.181557
16 17  0.521516  0.718765
16 18  0.599811  1.037879
16 19  0.563193  0.896683
16 20  0.597064  1.135050
16 21  0.605323  1.045488
16 22  0.598770  1.155118
17 18  0.600294  0.992506
17 19  0.564556  0.876497
17 20  0.597790  1.109529
17 21  0.607087  1.023802
17 22  0.599253  1.117318
18 19  0.623633  1.175409
18 20  0.589215  1.374024
18 21  0.638892  1.289584
18 22  0.603691  1.364982
19 20  0.619456  1.244668
19 21  0.620699  1.182837
19 22  0.622444  1.265841
20 21  0.626384  1.331024
20 22  0.601932  1.421802
21 22  0.639686  1.428867
