  -1146.52933301
  -1146.89014890    -1146.76450340
0.00020054024718
2 2 2 2 2 2 2 2 2 2 2 2 2 2 2 0 0 0 0 0 0 0 0 0 0 0 0 0 0 0 
1  0.261802  0.434542
2  0.267392  0.440545
3  0.266780  0.371231
4  0.276764  0.306731
5  0.274127  0.299840
6  0.312534  0.492495
7  0.305237  0.675352
8  0.296272  0.599990
9  0.279341  0.355310
10  0.294896  0.656209
11  0.307732  0.420366
12  0.284589  0.351068
13  0.298666  0.369570
14  0.300971  0.808813
15  0.296372  0.608304
16  0.274200  0.476831
17  0.270687  0.412396
18  0.270374  0.379934
19  0.278025  0.303793
20  0.277516  0.304663
21  0.301586  0.626713
22  0.302737  0.593038
23  0.310169  0.494268
24  0.314071  0.460197
25  0.300459  0.786060
26  0.284305  0.344332
27  0.293808  0.624168
28  0.298711  0.680423
29  0.300880  0.366435
30  0.284117  0.382278
1 2  0.529042  0.861769
1 3  0.526834  0.802739
1 4  0.538421  0.741183
1 5  0.535422  0.732573
1 6  0.551286  0.901637
1 7  0.565799  1.077649
1 8  0.557102  1.019373
1 9  0.541141  0.789244
1 10  0.553920  1.086934
1 11  0.569478  0.850208
1 12  0.546389  0.783701
1 13  0.558421  0.794127
1 14  0.559740  1.222204
1 15  0.540414  0.977163
1 16  0.250114  0.700453
1 17  0.532220  0.846214
1 18  0.531632  0.809201
1 19  0.539399  0.737860
1 20  0.537687  0.738511
1 21  0.544102  1.056671
1 22  0.563947  1.025654
1 23  0.548543  0.904442
1 24  0.575869  0.894333
1 25  0.556769  1.209423
1 26  0.546073  0.778738
1 27  0.553476  1.047773
1 28  0.560411  1.111974
1 29  0.560072  0.799768
1 30  0.545886  0.816600
2 3  0.534171  0.810842
2 4  0.544155  0.747243
2 5  0.541518  0.740073
2 6  0.579881  0.930025
2 7  0.550349  1.030176
2 8  0.560248  1.029356
2 9  0.543106  0.787605
2 10  0.561741  1.093780
2 11  0.558647  0.840925
2 12  0.546713  0.776103
2 13  0.566058  0.808251
2 14  0.566612  1.217585
2 15  0.562649  1.021901
2 16  0.540743  0.916305
2 17  0.245331  0.621774
2 18  0.537749  0.820180
2 19  0.545416  0.744312
2 20  0.544892  0.745173
2 21  0.567606  1.065054
2 22  0.554648  1.030567
2 23  0.577432  0.934182
2 24  0.558032  0.877450
2 25  0.562252  1.219103
2 26  0.548004  0.782430
2 27  0.560861  1.062118
2 28  0.562055  1.099071
2 29  0.568222  0.806842
2 30  0.550839  0.818168
3 4  0.537457  0.667612
3 5  0.536770  0.666309
3 6  0.549817  0.833453
3 7  0.571995  1.044026
3 8  0.562979  0.967469
3 9  0.546119  0.725252
3 10  0.559799  1.004753
3 11  0.574507  0.790882
3 12  0.551367  0.721580
3 13  0.544854  0.720436
3 14  0.567498  1.159640
3 15  0.562923  0.978117
3 16  0.540381  0.843138
3 17  0.537417  0.783415
3 18  0.262242  0.519586
3 19  0.541833  0.673312
3 20  0.543273  0.673980
3 21  0.568303  0.996489
3 22  0.569290  0.963548
3 23  0.542977  0.831217
3 24  0.580723  0.831187
3 25  0.566776  1.155610
3 26  0.551075  0.715504
3 27  0.558200  0.994258
3 28  0.565078  1.050704
3 29  0.539640  0.712631
3 30  0.550853  0.753373
4 5  0.504983  0.565755
4 6  0.586400  0.793617
4 7  0.581994  0.981972
4 8  0.573026  0.905380
4 9  0.556105  0.661873
4 10  0.571476  0.958058
4 11  0.584495  0.726791
4 12  0.561353  0.657751
4 13  0.547267  0.651551
4 14  0.577712  1.113175
4 15  0.573120  0.914849
4 16  0.550737  0.782994
4 17  0.547447  0.719107
4 18  0.543354  0.684480
4 19  0.271958  0.344524
4 20  0.502190  0.561640
4 21  0.578285  0.933311
4 22  0.579472  0.899710
4 23  0.586175  0.800081
4 24  0.590812  0.766905
4 25  0.577014  1.092553
4 26  0.561066  0.651057
4 27  0.570142  0.930769
4 28  0.575379  0.987018
4 29  0.540777  0.637911
4 30  0.560871  0.688995
5 6  0.581743  0.783041
5 7  0.579359  0.974460
5 8  0.570390  0.898474
5 9  0.553468  0.655134
5 10  0.568916  0.954107
5 11  0.581859  0.719860
5 12  0.558716  0.650899
5 13  0.545040  0.646413
5 14  0.575091  1.108500
5 15  0.570458  0.906471
5 16  0.547018  0.776107
5 17  0.544814  0.712212
5 18  0.543352  0.678187
5 19  0.501287  0.556046
5 20  0.273046  0.341808
5 21  0.575561  0.926438
5 22  0.576864  0.892812
5 23  0.582726  0.793386
5 24  0.588195  0.760022
5 25  0.574448  1.085707
5 26  0.558430  0.644166
5 27  0.567821  0.923956
5 28  0.572815  0.980179
5 29  0.537393  0.629384
5 30  0.558241  0.682109
6 7  0.617371  1.160244
6 8  0.608048  1.067251
6 9  0.591867  0.846906
6 10  0.595873  1.092301
6 11  0.620215  0.906826
6 12  0.597122  0.843428
6 13  0.597028  0.854276
6 14  0.612686  1.290894
6 15  0.605743  1.079391
6 16  0.560132  0.937560
6 17  0.583217  0.904412
6 18  0.547642  0.839618
6 19  0.589819  0.795597
6 20  0.587937  0.796025
6 21  0.610193  1.107018
6 22  0.615214  1.084304
6 23  0.375601  0.826811
6 24  0.626462  0.952136
6 25  0.609362  1.269669
6 26  0.596795  0.836710
6 27  0.598068  1.114644
6 28  0.610578  1.170289
6 29  0.590965  0.835196
6 30  0.596537  0.874519
7 8  0.565951  1.246388
7 9  0.583959  1.021588
7 10  0.596154  1.320837
7 11  0.611508  1.085755
7 12  0.589442  1.012902
7 13  0.603892  1.040154
7 14  0.584588  1.387458
7 15  0.594648  1.215597
7 16  0.577855  1.148738
7 17  0.553360  1.082047
7 18  0.575587  1.054322
7 19  0.583257  0.979064
7 20  0.582717  0.979903
7 21  0.603392  1.295018
7 22  0.375988  1.157923
7 23  0.615060  1.167601
7 24  0.614580  1.124206
7 25  0.584320  1.429956
7 26  0.589303  1.019004
7 27  0.597386  1.287940
7 28  0.562837  1.270529
7 29  0.606038  1.041394
7 30  0.589235  1.055150
8 9  0.574050  0.949387
8 10  0.584512  1.199318
8 11  0.594361  0.980674
8 12  0.580096  0.950149
8 13  0.594935  0.969240
8 14  0.581172  1.385915
8 15  0.583103  1.154886
8 16  0.570132  1.074501
8 17  0.564671  1.001958
8 18  0.566429  0.979190
8 19  0.574286  0.903715
8 20  0.573783  0.904589
8 21  0.596227  1.219440
8 22  0.562293  1.162409
8 23  0.606329  1.092321
8 24  0.604241  1.058860
8 25  0.566358  1.310853
8 26  0.580025  0.942921
8 27  0.588904  1.218523
8 28  0.363637  1.170234
8 29  0.597050  0.966126
8 30  0.578619  0.981033
9 10  0.574143  1.006185
9 11  0.552085  0.751148
9 12  0.515779  0.664293
9 13  0.578005  0.724359
9 14  0.579800  1.147396
9 15  0.575674  0.963067
9 16  0.553449  0.831975
9 17  0.548328  0.764358
9 18  0.549708  0.735150
9 19  0.557362  0.659094
9 20  0.556855  0.659966
9 21  0.580817  0.981640
9 22  0.581806  0.947369
9 23  0.589436  0.849402
9 24  0.545986  0.767593
9 25  0.579715  1.140421
9 26  0.513587  0.660794
9 27  0.572933  0.979058
9 28  0.576760  1.034863
9 29  0.580220  0.721718
9 30  0.293946  0.511989
10 11  0.602020  1.064052
10 12  0.579474  1.005946
10 13  0.593135  1.022378
10 14  0.573869  1.374866
10 15  0.557581  1.242049
10 16  0.563854  1.106694
10 17  0.565391  1.065796
10 18  0.562946  1.035148
10 19  0.572512  0.959888
10 20  0.572326  0.960772
10 21  0.555177  1.205229
10 22  0.596070  1.239270
10 23  0.592947  1.144137
10 24  0.608475  1.114900
10 25  0.574052  1.415871
10 26  0.579121  1.000291
10 27  0.370372  1.173578
10 28  0.590363  1.327949
10 29  0.595511  1.022264
10 30  0.578727  1.037823
11 12  0.554004  0.745715
11 13  0.606397  0.789847
11 14  0.607638  1.226340
11 15  0.603412  1.013696
11 16  0.581864  0.896848
11 17  0.560358  0.815831
11 18  0.578058  0.800107
11 19  0.585755  0.724147
11 20  0.585247  0.725018
11 21  0.609194  1.046405
11 22  0.608908  1.011926
11 23  0.617886  0.914240
11 24  0.390616  0.721075
11 25  0.604769  1.200416
11 26  0.543062  0.715832
11 27  0.601410  1.043601
11 28  0.594756  1.095505
11 29  0.608586  0.786728
11 30  0.548984  0.762917
12 13  0.583253  0.720108
12 14  0.585423  1.147500
12 15  0.580931  0.956343
12 16  0.558676  0.827741
12 17  0.550019  0.760930
12 18  0.554963  0.730940
12 19  0.562612  0.654856
12 20  0.562102  0.655725
12 21  0.586054  0.977436
12 22  0.586824  0.943664
12 23  0.594721  0.845210
12 24  0.555179  0.771840
12 25  0.584914  1.136451
12 26  0.296253  0.458164
12 27  0.578321  0.974947
12 28  0.583049  1.030161
12 29  0.585465  0.717481
12 30  0.511671  0.682323
13 14  0.599543  1.167438
13 15  0.594929  0.972246
13 16  0.570057  0.845288
13 17  0.569318  0.781837
13 18  0.541956  0.723346
13 19  0.538385  0.636102
13 20  0.539659  0.639270
13 21  0.599993  0.995941
13 22  0.601297  0.962264
13 23  0.585976  0.839988
13 24  0.612704  0.829665
13 25  0.599115  1.154949
13 26  0.582970  0.713882
13 27  0.592101  0.993159
13 28  0.597303  1.049605
13 29  0.369080  0.543623
13 30  0.582777  0.751805
14 15  0.578657  1.384719
14 16  0.569633  1.275115
14 17  0.566266  1.211213
14 18  0.571067  1.187054
14 19  0.578862  1.112361
14 20  0.578360  1.113249
14 21  0.580631  1.404310
14 22  0.573789  1.325475
14 23  0.607483  1.292025
14 24  0.611854  1.262530
14 25  0.453720  1.564352
14 26  0.585222  1.152498
14 27  0.564511  1.360710
14 28  0.580163  1.456817
14 29  0.601826  1.174555
14 30  0.584661  1.189732
15 16  0.556426  1.082251
15 17  0.566622  1.019200
15 18  0.566651  0.986168
15 19  0.574348  0.912023
15 20  0.573706  0.912882
15 21  0.376643  1.125841
15 22  0.597989  1.196536
15 23  0.604321  1.097576
15 24  0.610389  1.067597
15 25  0.565950  1.317129
15 26  0.580575  0.952153
15 27  0.555558  1.203255
15 28  0.593412  1.279838
15 29  0.596906  0.974449
15 30  0.580305  0.989882
16 17  0.544675  0.875719
16 18  0.541964  0.853604
16 19  0.551973  0.780493
16 20  0.551053  0.778863
16 21  0.553373  1.019436
16 22  0.575577  1.038361
16 23  0.559182  0.942364
16 24  0.588214  0.933427
16 25  0.572247  1.238873
16 26  0.558504  0.820189
16 27  0.564610  1.089286
16 28  0.572127  1.150804
16 29  0.572606  0.832826
16 30  0.558315  0.858730
17 18  0.541057  0.792076
17 19  0.548710  0.716106
17 20  0.548202  0.716609
17 21  0.570789  1.011858
17 22  0.551674  0.945070
17 23  0.580769  0.901902
17 24  0.564219  0.850794
17 25  0.568261  1.181636
17 26  0.550077  0.748127
17 27  0.563372  1.027066
17 28  0.566681  1.087893
17 29  0.571566  0.777883
17 30  0.551056  0.791377
18 19  0.541892  0.673494
18 20  0.542612  0.679342
18 21  0.571526  1.003090
18 22  0.573037  0.971911
18 23  0.551224  0.841170
18 24  0.584436  0.837464
18 25  0.570303  1.145293
18 26  0.554678  0.723271
18 27  0.562029  0.984777
18 28  0.568974  1.049006
18 29  0.549005  0.725384
18 30  0.554490  0.760087
19 20  0.509120  0.567377
19 21  0.579603  0.930453
19 22  0.580751  0.896322
19 23  0.584119  0.791617
19 24  0.592095  0.763514
19 25  0.578442  1.088273
19 26  0.562329  0.648055
19 27  0.571621  0.924561
19 28  0.576725  0.982574
19 29  0.551332  0.646312
19 30  0.562142  0.685852
20 21  0.579083  0.929954
20 22  0.580245  0.896381
20 23  0.582415  0.789133
20 24  0.591587  0.764540
20 25  0.577955  1.090590
20 26  0.561820  0.648992
20 27  0.571192  0.926867
20 28  0.576218  0.984306
20 29  0.549745  0.646000
20 30  0.561633  0.686910
21 22  0.596741  1.155306
21 23  0.609639  1.109289
21 24  0.615190  1.080415
21 25  0.581178  1.345006
21 26  0.585872  0.968624
21 27  0.558784  1.227886
21 28  0.595031  1.294172
21 29  0.602249  0.985883
21 30  0.585668  1.007979
22 23  0.612038  1.068324
22 24  0.614500  1.035798
22 25  0.585559  1.353246
22 26  0.586845  0.935001
22 27  0.587409  1.173664
22 28  0.564010  1.241448
22 29  0.603604  0.958086
22 30  0.586587  0.974357
23 24  0.624167  0.945254
23 25  0.609184  1.269082
23 26  0.594471  0.838146
23 27  0.592539  1.056016
23 28  0.608038  1.146477
23 29  0.597320  0.852900
23 30  0.594276  0.874070
24 25  0.613730  1.234683
24 26  0.562482  0.786499
24 27  0.607111  1.059322
24 28  0.602269  1.083240
24 29  0.614949  0.826471
24 30  0.561174  0.804690
25 26  0.584492  1.116597
25 27  0.577135  1.363545
25 28  0.579949  1.379178
25 29  0.601231  1.143382
25 30  0.584119  1.147623
26 27  0.578097  0.966873
26 28  0.581065  1.015151
26 29  0.585183  0.710346
26 30  0.519748  0.683781
27 28  0.585752  1.223175
27 29  0.594234  0.989239
27 30  0.577824  0.998629
28 29  0.599579  1.045557
28 30  0.579725  1.034407
29 30  0.584995  0.748181
