  -1146.52933301
  -1146.89244052    -1146.76964663
0.00012422807071
2 2 2 2 2 2 2 2 2 2 2 2 2 2 2 0 0 0 0 0 0 0 0 0 0 0 0 0 0 0 
1  0.266725  0.447994
2  0.271906  0.450296
3  0.269817  0.379540
4  0.278385  0.311134
5  0.275861  0.303473
6  0.317192  0.503365
7  0.312139  0.676492
8  0.302888  0.601660
9  0.281549  0.361957
10  0.301354  0.656795
11  0.311452  0.425314
12  0.286399  0.355988
13  0.301305  0.376243
14  0.306844  0.803756
15  0.302088  0.610395
16  0.279598  0.485476
17  0.275603  0.422262
18  0.273386  0.389180
19  0.279719  0.307612
20  0.279324  0.307875
21  0.307268  0.626163
22  0.309205  0.594132
23  0.314625  0.504343
24  0.317645  0.464491
25  0.306149  0.782999
26  0.286078  0.349981
27  0.299841  0.626387
28  0.306218  0.683704
29  0.303359  0.373389
30  0.286562  0.388889
1 2  0.538450  0.883311
1 3  0.534712  0.824195
1 4  0.544935  0.759024
1 5  0.542008  0.749400
1 6  0.560438  0.924938
1 7  0.577378  1.089911
1 8  0.568445  1.033664
1 9  0.548272  0.809201
1 10  0.565123  1.100966
1 11  0.578112  0.868088
1 12  0.553121  0.801672
1 13  0.565823  0.813231
1 14  0.570476  1.229291
1 15  0.550011  0.988651
1 16  0.258857  0.723970
1 17  0.541991  0.869513
1 18  0.539532  0.831934
1 19  0.545976  0.755066
1 20  0.544309  0.755122
1 21  0.554064  1.069505
1 22  0.575368  1.040228
1 23  0.557754  0.928878
1 24  0.584365  0.912062
1 25  0.567484  1.219064
1 26  0.552760  0.797816
1 27  0.564442  1.063797
1 28  0.572833  1.128266
1 29  0.567406  0.820190
1 30  0.553242  0.836618
2 3  0.541722  0.828657
2 4  0.550289  0.761389
2 5  0.547765  0.753369
2 6  0.589046  0.950373
2 7  0.560782  1.038242
2 8  0.571375  1.041450
2 9  0.549705  0.803218
2 10  0.572683  1.104089
2 11  0.566381  0.855747
2 12  0.552675  0.789695
2 13  0.573211  0.824163
2 14  0.576907  1.220449
2 15  0.572786  1.032590
2 16  0.550616  0.934668
2 17  0.253086  0.641624
2 18  0.545259  0.839136
2 19  0.551624  0.757877
2 20  0.551204  0.758132
2 21  0.577784  1.074322
2 22  0.565219  1.041195
2 23  0.586408  0.953940
2 24  0.566077  0.891923
2 25  0.572368  1.226031
2 26  0.554218  0.797909
2 27  0.571414  1.073783
2 28  0.574093  1.112824
2 29  0.575189  0.823530
2 30  0.557739  0.834655
3 4  0.541929  0.679604
3 5  0.541266  0.677885
3 6  0.557350  0.852134
3 7  0.581934  1.053162
3 8  0.572618  0.977053
3 9  0.551364  0.739812
3 10  0.569239  1.012212
3 11  0.581263  0.804026
3 12  0.556214  0.734589
3 13  0.550362  0.734997
3 14  0.576363  1.161464
3 15  0.571662  0.988396
3 16  0.548762  0.860179
3 17  0.545330  0.801567
3 18  0.267510  0.538122
3 19  0.546499  0.685458
3 20  0.548060  0.685453
3 21  0.577017  1.004176
3 22  0.578694  0.972909
3 23  0.550383  0.850162
3 24  0.587286  0.843794
3 25  0.575444  1.160816
3 26  0.555879  0.729451
3 27  0.567208  1.004779
3 28  0.575491  1.062297
3 29  0.545068  0.728244
3 30  0.556317  0.768275
4 5  0.508436  0.574248
4 6  0.592443  0.808177
4 7  0.590515  0.987493
4 8  0.581258  0.911149
4 9  0.559933  0.672841
4 10  0.579531  0.962220
4 11  0.589835  0.736053
4 12  0.564784  0.667046
4 13  0.551448  0.662645
4 14  0.585205  1.112089
4 15  0.580454  0.921305
4 16  0.557727  0.795932
4 17  0.553982  0.733372
4 18  0.547897  0.698147
4 19  0.275015  0.353346
4 20  0.505790  0.569964
4 21  0.585599  0.937142
4 22  0.587556  0.905201
4 23  0.592184  0.814485
4 24  0.596002  0.775599
4 25  0.584308  1.093870
4 26  0.564457  0.661107
4 27  0.577677  0.937366
4 28  0.584491  0.994686
4 29  0.544881  0.649674
4 30  0.564932  0.700006
5 6  0.587911  0.796640
5 7  0.587990  0.979043
5 8  0.578736  0.903456
5 9  0.557409  0.665407
5 10  0.577091  0.957943
5 11  0.587313  0.728327
5 12  0.562260  0.659449
5 13  0.549252  0.656875
5 14  0.582693  1.107062
5 15  0.577904  0.911875
5 16  0.554035  0.788308
5 17  0.551461  0.725710
5 18  0.548047  0.691026
5 19  0.504864  0.564176
5 20  0.276303  0.349121
5 21  0.582982  0.929506
5 22  0.585064  0.897538
5 23  0.588873  0.807079
5 24  0.593504  0.767948
5 25  0.581849  1.086266
5 26  0.561936  0.653447
5 27  0.575561  0.929807
5 28  0.582060  0.987087
5 29  0.541521  0.640331
5 30  0.562418  0.692352
6 7  0.628824  1.171623
6 8  0.619178  1.078231
6 9  0.598731  0.864218
6 10  0.606579  1.101862
6 11  0.628582  0.921840
6 12  0.603591  0.859203
6 13  0.604128  0.871479
6 14  0.623165  1.296864
6 15  0.616086  1.091429
6 16  0.570105  0.957794
6 17  0.592790  0.925100
6 18  0.555129  0.860301
6 19  0.596130  0.810240
6 20  0.594341  0.810033
6 21  0.620624  1.117604
6 22  0.626327  1.096274
6 23  0.383997  0.849680
6 24  0.634675  0.967283
6 25  0.619597  1.276877
6 26  0.603205  0.853226
6 27  0.608535  1.127748
6 28  0.622663  1.184475
6 29  0.597991  0.852873
6 30  0.603601  0.891994
7 8  0.579165  1.250560
7 9  0.593020  1.028643
7 10  0.609141  1.322600
7 11  0.622020  1.091954
7 12  0.598124  1.018181
7 13  0.613425  1.047104
7 14  0.596773  1.384356
7 15  0.606608  1.219089
7 16  0.590070  1.158623
7 17  0.564575  1.092844
7 18  0.585487  1.064601
7 19  0.591854  0.984013
7 20  0.591401  0.984247
7 21  0.615731  1.296253
7 22  0.387208  1.158118
7 23  0.626463  1.178719
7 24  0.625063  1.130307
7 25  0.596771  1.429686
7 26  0.597953  1.025756
7 27  0.610168  1.291500
7 28  0.577203  1.279666
7 29  0.615377  1.049469
7 30  0.598577  1.062751
8 9  0.582719  0.956876
8 10  0.596947  1.201103
8 11  0.604201  0.985828
8 12  0.588463  0.956567
8 13  0.604190  0.977558
8 14  0.593541  1.382995
8 15  0.594418  1.157981
8 16  0.582120  1.084770
8 17  0.576184  1.013955
8 18  0.576015  0.990102
8 19  0.582593  0.909201
8 20  0.582201  0.909469
8 21  0.608365  1.220528
8 22  0.575404  1.166608
8 23  0.617395  1.104070
8 24  0.614229  1.064853
8 25  0.578272  1.313193
8 26  0.588349  0.950020
8 27  0.601476  1.222826
8 28  0.375219  1.173502
8 29  0.606108  0.974751
8 30  0.587504  0.989155
9 10  0.582782  1.012529
9 11  0.557772  0.762750
9 12  0.519940  0.675810
9 13  0.582852  0.737516
9 14  0.587814  1.146995
9 15  0.583595  0.971736
9 16  0.561034  0.847238
9 17  0.555436  0.780892
9 18  0.554925  0.751028
9 19  0.561263  0.669559
9 20  0.560870  0.669823
9 21  0.588670  0.987670
9 22  0.590462  0.954912
9 23  0.596077  0.866109
9 24  0.551579  0.779533
9 25  0.587601  1.144016
9 26  0.517707  0.674415
9 27  0.581135  0.987875
9 28  0.586371  1.044768
9 29  0.584907  0.735313
9 30  0.297985  0.526412
10 11  0.612091  1.068744
10 12  0.587740  1.011239
10 13  0.602174  1.029443
10 14  0.585651  1.372059
10 15  0.569382  1.245249
10 16  0.575639  1.116833
10 17  0.576717  1.075907
10 18  0.572315  1.045020
10 19  0.580611  0.964272
10 20  0.580573  0.964559
10 21  0.567118  1.209898
10 22  0.608821  1.241342
10 23  0.603700  1.154604
10 24  0.618426  1.119866
10 25  0.585853  1.414457
10 26  0.587321  1.006521
10 27  0.382118  1.175884
10 28  0.604045  1.332458
10 29  0.604402  1.029756
10 30  0.587552  1.045021
11 12  0.559512  0.755859
11 13  0.612757  0.801449
11 14  0.617149  1.226237
11 15  0.612743  1.019963
11 16  0.590976  0.910443
11 17  0.568814  0.830923
11 18  0.584760  0.814304
11 19  0.591167  0.732913
11 20  0.590774  0.733177
11 21  0.618602  1.050816
11 22  0.619008  1.018061
11 23  0.626054  0.929255
11 24  0.397528  0.730610
11 25  0.614118  1.202156
11 26  0.548506  0.727167
11 27  0.611159  1.050825
11 28  0.605690  1.103724
11 29  0.614768  0.798628
11 30  0.554978  0.775011
12 13  0.587702  0.731524
12 14  0.593079  1.146094
12 15  0.588451  0.962980
12 16  0.565861  0.841289
12 17  0.556662  0.775721
12 18  0.559785  0.745096
12 19  0.566116  0.663593
12 20  0.565719  0.663854
12 21  0.593509  0.981778
12 22  0.595066  0.949633
12 23  0.600973  0.860188
12 24  0.560669  0.781705
12 25  0.592417  1.138320
12 26  0.299641  0.469141
12 27  0.586135  0.982042
12 28  0.592353  1.038273
12 29  0.589753  0.729349
12 30  0.516037  0.695665
13 14  0.608008  1.168009
13 15  0.603250  0.980409
13 16  0.578067  0.860668
13 17  0.576831  0.798376
13 18  0.547479  0.739694
13 19  0.542624  0.646930
13 20  0.544009  0.649503
13 21  0.608313  1.002068
13 22  0.610314  0.970065
13 23  0.592968  0.856707
13 24  0.618895  0.840638
13 25  0.607443  1.158537
13 26  0.587382  0.726199
13 27  0.600730  1.002006
13 28  0.607407  1.059569
13 29  0.373972  0.558352
13 30  0.587859  0.765083
14 15  0.590283  1.382269
14 16  0.580939  1.278617
14 17  0.577034  1.216034
14 18  0.579907  1.191237
14 19  0.586408  1.111110
14 20  0.586011  1.111391
14 21  0.592249  1.400441
14 22  0.585653  1.325292
14 23  0.617945  1.296631
14 24  0.621353  1.261714
14 25  0.464917  1.556509
14 26  0.592867  1.153045
14 27  0.575727  1.360807
14 28  0.592994  1.456724
14 29  0.610177  1.176406
14 30  0.592987  1.191295
15 16  0.566949  1.092954
15 17  0.577230  1.031185
15 18  0.575346  0.997326
15 19  0.581772  0.917925
15 20  0.581226  0.918180
15 21  0.388133  1.126865
15 22  0.610031  1.200141
15 23  0.614440  1.110314
15 24  0.619670  1.074041
15 25  0.576952  1.319097
15 26  0.588057  0.959809
15 27  0.567032  1.209277
15 28  0.606377  1.285154
15 29  0.605085  0.983473
15 30  0.588441  0.998468
16 17  0.554953  0.893025
16 18  0.550286  0.871264
16 19  0.559022  0.792928
16 20  0.558178  0.790363
16 21  0.563149  1.025162
16 22  0.587267  1.047219
16 23  0.568524  0.960010
16 24  0.597181  0.945998
16 25  0.583214  1.244217
16 26  0.565675  0.834305
16 27  0.575987  1.100180
16 28  0.584897  1.162535
16 29  0.580323  0.847506
16 30  0.566156  0.873935
17 18  0.548983  0.811146
17 19  0.555319  0.729790
17 20  0.554925  0.729561
17 21  0.581208  1.020000
17 22  0.561935  0.953706
17 23  0.590122  0.921328
17 24  0.572229  0.864927
17 25  0.578640  1.187519
17 26  0.556609  0.763075
17 27  0.574177  1.038852
17 28  0.578981  1.101376
17 29  0.578961  0.794460
17 30  0.558289  0.807530
18 19  0.546398  0.685900
18 20  0.547254  0.691582
18 21  0.580152  1.011530
18 22  0.582499  0.982164
18 23  0.558553  0.859775
18 24  0.591015  0.850520
18 25  0.578887  1.149679
18 26  0.559462  0.737895
18 27  0.571049  0.994690
18 28  0.579439  1.059968
18 29  0.554351  0.741043
18 30  0.559946  0.775394
19 20  0.512647  0.574981
19 21  0.586976  0.933715
19 22  0.588908  0.901188
19 23  0.590071  0.804969
19 24  0.597363  0.771483
19 25  0.585816  1.088633
19 26  0.565797  0.657485
19 27  0.579368  0.930209
19 28  0.585918  0.989254
19 29  0.555444  0.656997
19 30  0.566281  0.696180
20 21  0.586573  0.932386
20 22  0.588514  0.900401
20 23  0.588429  0.801767
20 24  0.596969  0.771952
20 25  0.585448  1.090730
20 26  0.565402  0.657852
20 27  0.579024  0.932122
20 28  0.585526  0.990650
20 29  0.553810  0.656185
20 30  0.565886  0.696724
21 22  0.608258  1.156734
21 23  0.619731  1.118244
21 24  0.624396  1.083777
21 25  0.592230  1.342824
21 26  0.593321  0.973417
21 27  0.570205  1.230067
21 28  0.607623  1.296810
21 29  0.610393  0.991594
21 30  0.593792  1.013956
22 23  0.622775  1.078217
22 24  0.624476  1.041273
22 25  0.597584  1.352050
22 26  0.595068  0.941520
22 27  0.598965  1.176381
22 28  0.577582  1.246969
22 29  0.612551  0.965900
22 30  0.595460  0.981969
23 24  0.632181  0.958417
23 25  0.619234  1.276012
23 26  0.600699  0.853792
23 27  0.602473  1.065966
23 28  0.619848  1.157907
23 29  0.604115  0.869826
23 30  0.601172  0.890317
24 25  0.622933  1.235859
24 26  0.567987  0.796682
24 27  0.616635  1.064393
24 28  0.612976  1.089710
24 29  0.621003  0.837697
24 30  0.566907  0.815388
25 26  0.591909  1.117727
25 27  0.588885  1.362972
25 28  0.592536  1.378606
25 29  0.609380  1.146156
25 30  0.592213  1.149316
26 27  0.585900  0.974536
26 28  0.590174  1.023108
26 29  0.589434  0.722816
26 30  0.523992  0.695840
27 28  0.598591  1.227498
27 29  0.602639  0.998114
27 30  0.586285  1.006601
28 29  0.609566  1.055586
28 30  0.589633  1.042653
29 30  0.589919  0.761590
