  -1146.52933301
  -1146.89347005    -1146.77212527
0.00007897523132
2 2 2 2 2 2 2 2 2 2 2 2 2 2 2 0 0 0 0 0 0 0 0 0 0 0 0 0 0 0 
1  0.269376  0.452067
2  0.274530  0.457118
3  0.271287  0.385985
4  0.278992  0.313688
5  0.276573  0.305362
6  0.319499  0.508022
7  0.315625  0.679263
8  0.306870  0.604565
9  0.282561  0.367484
10  0.304782  0.657518
11  0.313046  0.429919
12  0.287191  0.360228
13  0.302448  0.380280
14  0.309839  0.799530
15  0.305311  0.610994
16  0.282625  0.489964
17  0.278050  0.428529
18  0.274806  0.395702
19  0.280379  0.309831
20  0.280037  0.309767
21  0.310419  0.626059
22  0.312608  0.596798
23  0.316656  0.509731
24  0.319445  0.467865
25  0.309126  0.780185
26  0.286894  0.354167
27  0.303548  0.627978
28  0.310001  0.685502
29  0.304410  0.376965
30  0.287515  0.394224
1 2  0.543699  0.893461
1 3  0.538807  0.834517
1 4  0.548178  0.765637
1 5  0.545337  0.755289
1 6  0.565227  0.933717
1 7  0.583427  1.096252
1 8  0.574966  1.040486
1 9  0.551934  0.818709
1 10  0.571171  1.105850
1 11  0.582350  0.876401
1 12  0.556563  0.809714
1 13  0.569529  0.820852
1 14  0.576027  1.229043
1 15  0.555206  0.992537
1 16  0.263631  0.731584
1 17  0.547045  0.879853
1 18  0.543578  0.842597
1 19  0.549278  0.761314
1 20  0.547609  0.761052
1 21  0.559484  1.073355
1 22  0.581415  1.047024
1 23  0.562470  0.938780
1 24  0.588811  0.919501
1 25  0.573084  1.220635
1 26  0.556215  0.806059
1 27  0.570776  1.069896
1 28  0.579255  1.134046
1 29  0.571092  0.827846
1 30  0.556841  0.845995
2 3  0.545815  0.841756
2 4  0.553520  0.770758
2 5  0.551101  0.762030
2 6  0.593970  0.961699
2 7  0.566255  1.045918
2 8  0.577874  1.051257
2 9  0.553287  0.815042
2 10  0.578681  1.111576
2 11  0.570452  0.866967
2 12  0.556071  0.800052
2 13  0.576977  0.834674
2 14  0.582493  1.222305
2 15  0.578541  1.039355
2 16  0.556227  0.945979
2 17  0.257306  0.654984
2 18  0.549314  0.852433
2 19  0.554908  0.766914
2 20  0.554536  0.766843
2 21  0.583395  1.081114
2 22  0.570897  1.050573
2 23  0.591029  0.966094
2 24  0.570422  0.902478
2 25  0.577829  1.230040
2 26  0.557611  0.808940
2 27  0.577714  1.081897
2 28  0.580487  1.121949
2 29  0.578863  0.833919
2 30  0.561298  0.846875
3 4  0.543920  0.688133
3 5  0.543366  0.686044
3 6  0.560985  0.862680
3 7  0.586888  1.062166
3 8  0.578061  0.986129
3 9  0.553845  0.751512
3 10  0.574062  1.018367
3 11  0.584325  0.815005
3 12  0.558474  0.745121
3 13  0.552936  0.745149
3 14  0.580793  1.162642
3 15  0.576336  0.995328
3 16  0.553238  0.871167
3 17  0.549234  0.814245
3 18  0.270088  0.551147
3 19  0.548571  0.694137
3 20  0.550223  0.693802
3 21  0.581627  1.010436
3 22  0.583550  0.981917
3 23  0.553895  0.862466
3 24  0.590514  0.853601
3 25  0.579860  1.164403
3 26  0.558163  0.740071
3 27  0.572298  1.012744
3 28  0.580698  1.070500
3 29  0.547624  0.738729
3 30  0.558728  0.780034
4 5  0.509767  0.578990
4 6  0.595288  0.815042
4 7  0.594605  0.992802
4 8  0.585844  0.916407
4 9  0.561553  0.680856
4 10  0.583552  0.964999
4 11  0.592036  0.743151
4 12  0.566182  0.673819
4 13  0.553213  0.669192
4 14  0.588809  1.110067
4 15  0.584279  0.924456
4 16  0.561347  0.802909
4 17  0.557036  0.742190
4 18  0.549870  0.707269
4 19  0.276190  0.358485
4 20  0.507213  0.574881
4 21  0.589355  0.939573
4 22  0.591562  0.910414
4 23  0.594797  0.822388
4 24  0.598404  0.781525
4 25  0.587889  1.093588
4 26  0.565880  0.667846
4 27  0.581925  0.941497
4 28  0.588872  0.999025
4 29  0.546568  0.656157
4 30  0.566489  0.707893
5 6  0.590816  0.802769
5 7  0.592186  0.983612
5 8  0.583428  0.908087
5 9  0.559134  0.672819
5 10  0.581220  0.960425
5 11  0.589619  0.734747
5 12  0.563764  0.665574
5 13  0.551083  0.662893
5 14  0.586399  1.104718
5 15  0.581836  0.914271
5 16  0.557684  0.794620
5 17  0.554620  0.733864
5 18  0.550151  0.699431
5 19  0.506316  0.568717
5 20  0.277646  0.352880
5 21  0.586832  0.931284
5 22  0.589179  0.902091
5 23  0.591599  0.814352
5 24  0.596015  0.773210
5 25  0.585505  1.085332
5 26  0.563463  0.659521
5 27  0.579979  0.933285
5 28  0.586552  0.990769
5 29  0.543315  0.646049
5 30  0.564081  0.699574
6 7  0.634581  1.178805
6 8  0.625398  1.084999
6 9  0.602048  0.874291
6 10  0.612029  1.106213
6 11  0.632475  0.930565
6 12  0.606689  0.868088
6 13  0.607464  0.880077
6 14  0.628435  1.297350
6 15  0.621586  1.096659
6 16  0.575381  0.967524
6 17  0.597544  0.935984
6 18  0.558808  0.871759
6 19  0.599068  0.817085
6 20  0.597329  0.816574
6 21  0.626062  1.122395
6 22  0.632030  1.103614
6 23  0.388217  0.860344
6 24  0.638756  0.975299
6 25  0.624822  1.278589
6 26  0.606317  0.862056
6 27  0.614387  1.133995
6 28  0.628741  1.190942
6 29  0.601257  0.861130
6 30  0.606838  0.901966
7 8  0.586427  1.256471
7 9  0.597476  1.036449
7 10  0.615794  1.326025
7 11  0.627078  1.099134
7 12  0.602402  1.024595
7 13  0.618052  1.053406
7 14  0.603069  1.383511
7 15  0.613068  1.222690
7 16  0.596486  1.165976
7 17  0.570148  1.101831
7 18  0.590389  1.073786
7 19  0.596000  0.988996
7 20  0.595590  0.988905
7 21  0.622243  1.299161
7 22  0.393005  1.162240
7 23  0.631962  1.186797
7 24  0.630333  1.136777
7 25  0.603211  1.430270
7 26  0.602247  1.032695
7 27  0.617252  1.295937
7 28  0.584575  1.286922
7 29  0.619894  1.055798
7 30  0.603007  1.070789
8 9  0.587643  0.964810
8 10  0.604070  1.204461
8 11  0.609430  0.991806
8 12  0.593190  0.963582
8 13  0.609313  0.984481
8 14  0.600401  1.381918
8 15  0.601010  1.161012
8 16  0.589093  1.092121
8 17  0.582608  1.023403
8 18  0.581386  0.999517
8 19  0.587229  0.914323
8 20  0.586895  0.914262
8 21  0.615388  1.223539
8 22  0.582774  1.173023
8 23  0.623402  1.112376
8 24  0.619819  1.071089
8 25  0.585077  1.314877
8 26  0.593097  0.956941
8 27  0.609074  1.227583
8 28  0.381656  1.177157
8 29  0.611130  0.981227
8 30  0.592383  0.997283
9 10  0.587211  1.018268
9 11  0.560392  0.772963
9 12  0.521852  0.685476
9 13  0.585006  0.746955
9 14  0.591778  1.147190
9 15  0.587827  0.977812
9 16  0.565053  0.857238
9 17  0.558852  0.792699
9 18  0.557349  0.763060
9 19  0.562933  0.677303
9 20  0.562594  0.677241
9 21  0.592788  0.993048
9 22  0.594847  0.963018
9 23  0.599083  0.877013
9 24  0.554464  0.788841
9 25  0.591572  1.146696
9 26  0.519675  0.684823
9 27  0.585777  0.994958
9 28  0.591107  1.052061
9 29  0.586971  0.744410
9 30  0.299680  0.537826
10 11  0.617071  1.073575
10 12  0.591957  1.016084
10 13  0.606690  1.033951
10 14  0.591657  1.369584
10 15  0.575968  1.246856
10 16  0.582167  1.123069
10 17  0.582594  1.082671
10 18  0.577093  1.052292
10 19  0.584674  0.967212
10 20  0.584711  0.967167
10 21  0.573964  1.213117
10 22  0.615521  1.244648
10 23  0.609115  1.160804
10 24  0.623603  1.123995
10 25  0.591953  1.412815
10 26  0.591560  1.011412
10 27  0.388646  1.177791
10 28  0.611061  1.335330
10 29  0.608864  1.034031
10 30  0.591913  1.051058
11 12  0.562055  0.764998
11 13  0.615493  0.810068
11 14  0.621666  1.226590
11 15  0.617530  1.024346
11 16  0.595597  0.919528
11 17  0.572794  0.842008
11 18  0.587765  0.825420
11 19  0.593420  0.739737
11 20  0.593081  0.739674
11 21  0.623344  1.055307
11 22  0.624002  1.025352
11 23  0.629675  0.939231
11 24  0.400666  0.739533
11 25  0.618641  1.203786
11 26  0.551049  0.736303
11 27  0.616447  1.057036
11 28  0.610981  1.110071
11 29  0.617408  0.806804
11 30  0.557575  0.785252
12 13  0.589636  0.739662
12 14  0.596849  1.145304
12 15  0.592468  0.967545
12 16  0.569655  0.850011
12 17  0.559809  0.786245
12 18  0.561996  0.755848
12 19  0.567567  0.670051
12 20  0.567223  0.669985
12 21  0.597405  0.985900
12 22  0.599241  0.956502
12 23  0.603773  0.869808
12 24  0.563408  0.789682
12 25  0.596184  1.139737
12 26  0.300950  0.478019
12 27  0.590594  0.987851
12 28  0.596909  1.044223
12 29  0.591595  0.737161
12 30  0.517961  0.706126
13 14  0.612136  1.167173
13 15  0.607610  0.984740
13 16  0.582197  0.869153
13 17  0.580407  0.808675
13 18  0.550059  0.750717
13 19  0.544424  0.653509
13 20  0.545875  0.655631
13 21  0.612602  1.006002
13 22  0.614839  0.976763
13 23  0.596056  0.866213
13 24  0.621824  0.848046
13 25  0.611560  1.159752
13 26  0.589341  0.734416
13 27  0.605558  1.007594
13 28  0.612320  1.065392
13 29  0.376073  0.566399
13 30  0.589953  0.774447
14 15  0.596517  1.379359
14 16  0.586898  1.279026
14 17  0.582388  1.218232
14 18  0.584286  1.193500
14 19  0.590040  1.109090
14 20  0.589702  1.109051
14 21  0.598339  1.396981
14 22  0.592046  1.325714
14 23  0.622852  1.297787
14 24  0.626104  1.260831
14 25  0.470758  1.549573
14 26  0.596675  1.152988
14 27  0.582139  1.360490
14 28  0.599548  1.455026
14 29  0.614223  1.175756
14 30  0.596901  1.192375
15 16  0.572748  1.097873
15 17  0.582888  1.038065
15 18  0.579979  1.004344
15 19  0.585650  0.920736
15 20  0.585136  0.920670
15 21  0.394107  1.126747
15 22  0.616604  1.203636
15 23  0.619674  1.116348
15 24  0.624691  1.078046
15 25  0.583070  1.319306
15 26  0.592075  0.964527
15 27  0.574007  1.212349
15 28  0.613265  1.287693
15 29  0.609338  0.987641
15 30  0.592613  1.004299
16 17  0.560400  0.903095
16 18  0.554656  0.882071
16 19  0.562702  0.799620
16 20  0.561884  0.796581
16 21  0.568615  1.028801
16 22  0.593592  1.053918
16 23  0.573403  0.969563
16 24  0.602000  0.953575
16 25  0.589142  1.246064
16 26  0.569518  0.842869
16 27  0.582618  1.106406
16 28  0.591645  1.168681
16 29  0.584333  0.855049
16 30  0.570135  0.883722
17 18  0.552850  0.823896
17 19  0.558427  0.738277
17 20  0.558086  0.737640
17 21  0.586750  1.025426
17 22  0.567242  0.961007
17 23  0.594593  0.932704
17 24  0.576272  0.874455
17 25  0.584006  1.190401
17 26  0.559823  0.773169
17 27  0.580225  1.046521
17 28  0.585163  1.109509
17 29  0.582460  0.804114
17 30  0.561658  0.818962
18 19  0.548409  0.694258
18 20  0.549341  0.699895
18 21  0.584674  1.017726
18 22  0.587316  0.991307
18 23  0.561908  0.871118
18 24  0.594233  0.860140
18 25  0.583248  1.152222
18 26  0.561698  0.748427
18 27  0.576066  1.001943
18 28  0.584614  1.067428
18 29  0.556835  0.750878
18 30  0.562317  0.786882
19 20  0.514044  0.579389
19 21  0.590785  0.935825
19 22  0.592970  0.906052
19 23  0.592686  0.812233
19 24  0.599823  0.776987
19 25  0.589451  1.087786
19 26  0.567273  0.663863
19 27  0.583737  0.933737
19 28  0.590357  0.993008
19 29  0.557158  0.662769
19 30  0.567893  0.703665
20 21  0.590436  0.934067
20 22  0.592628  0.904799
20 23  0.591070  0.808677
20 24  0.599482  0.777150
20 25  0.589138  1.089805
20 26  0.566931  0.663929
20 27  0.583441  0.935451
20 28  0.590019  0.994233
20 29  0.555517  0.661684
20 30  0.567551  0.703944
21 22  0.614548  1.159444
21 23  0.624903  1.123513
21 24  0.629293  1.086718
21 25  0.598183  1.340917
21 26  0.597287  0.977298
21 27  0.577081  1.231899
21 28  0.614281  1.298371
21 29  0.614601  0.994691
21 30  0.597889  1.019116
22 23  0.628143  1.085677
22 24  0.629646  1.047049
22 25  0.603976  1.352060
22 26  0.599286  0.948209
22 27  0.605422  1.180245
22 28  0.584697  1.251620
22 29  0.617006  0.971977
22 30  0.599804  0.989874
23 24  0.636004  0.966438
23 25  0.624218  1.278402
23 26  0.603544  0.863321
23 27  0.607871  1.071389
23 28  0.625563  1.163961
23 29  0.607115  0.878780
23 30  0.604153  0.900783
24 25  0.627671  1.236511
24 26  0.570790  0.804473
24 27  0.622088  1.068599
24 28  0.618183  1.094158
24 29  0.623854  0.844642
24 30  0.569619  0.823960
25 26  0.595672  1.118395
25 27  0.595286  1.361913
25 28  0.599049  1.378349
25 29  0.613391  1.146240
25 30  0.596117  1.150827
26 27  0.590416  0.980217
26 28  0.594659  1.028612
26 29  0.591301  0.730488
26 30  0.525876  0.705194
27 28  0.605770  1.230588
27 29  0.607344  1.003154
27 30  0.590933  1.013089
28 29  0.614398  1.060866
28 30  0.594271  1.048960
29 30  0.591922  0.770394
