  -1146.52933301
  -1146.89435380    -1146.77419645
0.00004016238854
2 2 2 2 2 2 2 2 2 2 2 2 2 2 2 0 0 0 0 0 0 0 0 0 0 0 0 0 0 0 
1  0.271822  0.456563
2  0.276378  0.462701
3  0.272369  0.391671
4  0.279606  0.316605
5  0.277144  0.307665
6  0.321774  0.513077
7  0.318564  0.679867
8  0.309954  0.606381
9  0.283335  0.372724
10  0.307751  0.657370
11  0.314667  0.433999
12  0.287867  0.364374
13  0.303463  0.384731
14  0.312557  0.794706
15  0.307781  0.610992
16  0.285027  0.493847
17  0.280129  0.434091
18  0.275865  0.401800
19  0.281028  0.312287
20  0.280686  0.312016
21  0.312810  0.625438
22  0.315676  0.597687
23  0.318836  0.514577
24  0.320988  0.471313
25  0.311787  0.776298
26  0.287585  0.358235
27  0.306377  0.628340
28  0.313216  0.686707
29  0.305368  0.381363
30  0.288285  0.399495
1 2  0.547955  0.902938
1 3  0.542310  0.844498
1 4  0.551235  0.773035
1 5  0.548326  0.761917
1 6  0.569767  0.942902
1 7  0.588708  1.100902
1 8  0.580369  1.046613
1 9  0.555153  0.828359
1 10  0.576555  1.110254
1 11  0.586407  0.884680
1 12  0.559685  0.818116
1 13  0.572942  0.829230
1 14  0.581113  1.228666
1 15  0.559543  0.996043
1 16  0.267892  0.740102
1 17  0.551464  0.889912
1 18  0.547060  0.853191
1 19  0.552365  0.768202
1 20  0.550654  0.767774
1 21  0.564064  1.077099
1 22  0.586873  1.052448
1 23  0.567015  0.948369
1 24  0.592797  0.927428
1 25  0.578122  1.221434
1 26  0.559322  0.814615
1 27  0.576032  1.075019
1 28  0.584904  1.139660
1 29  0.574456  0.836788
1 30  0.560032  0.855732
2 3  0.548745  0.852885
2 4  0.555981  0.779247
2 5  0.553518  0.769831
2 6  0.598081  0.972109
2 7  0.570709  1.050958
2 8  0.582779  1.058830
2 9  0.555861  0.825378
2 10  0.583421  1.116895
2 11  0.573793  0.876549
2 12  0.558571  0.809195
2 13  0.579839  0.844353
2 14  0.587009  1.222770
2 15  0.582827  1.044638
2 16  0.560400  0.955433
2 17  0.260623  0.666036
2 18  0.552216  0.864068
2 19  0.557402  0.774947
2 20  0.557024  0.774669
2 21  0.587544  1.086127
2 22  0.575603  1.056905
2 23  0.595036  0.976463
2 24  0.573684  0.911861
2 25  0.582286  1.231805
2 26  0.560146  0.818638
2 27  0.582375  1.087688
2 28  0.585559  1.129108
2 29  0.581652  0.843890
2 30  0.563910  0.857739
3 4  0.545576  0.696221
3 5  0.544969  0.693882
3 6  0.564289  0.873068
3 7  0.590907  1.068286
3 8  0.582220  0.993393
3 9  0.555700  0.762141
3 10  0.578069  1.023191
3 11  0.587028  0.824665
3 12  0.560233  0.754797
3 13  0.555014  0.754994
3 14  0.584579  1.162706
3 15  0.579871  1.000912
3 16  0.556705  0.880704
3 17  0.552381  0.825462
3 18  0.271943  0.563846
3 19  0.550270  0.702320
3 20  0.551940  0.701709
3 21  0.585098  1.015447
3 22  0.587660  0.988423
3 23  0.557160  0.873132
3 24  0.593109  0.862730
3 25  0.583566  1.166168
3 26  0.559935  0.749814
3 27  0.576166  1.018752
3 28  0.584911  1.077365
3 29  0.549648  0.749026
3 30  0.560570  0.790970
4 5  0.510945  0.584650
4 6  0.598129  0.822615
4 7  0.598155  0.996301
4 8  0.589539  0.920935
4 9  0.562941  0.688932
4 10  0.587136  0.967268
4 11  0.594271  0.750069
4 12  0.567473  0.680855
4 13  0.554891  0.676616
4 14  0.592144  1.107813
4 15  0.587361  0.927369
4 16  0.564363  0.809632
4 17  0.559729  0.750663
4 18  0.551505  0.716340
4 19  0.277371  0.364815
4 20  0.508516  0.580519
4 21  0.592358  0.941848
4 22  0.595243  0.914210
4 23  0.597572  0.830124
4 24  0.600556  0.787887
4 25  0.591137  1.092596
4 26  0.567183  0.674830
4 27  0.585283  0.944759
4 28  0.592676  1.003133
4 29  0.548151  0.663775
4 30  0.567870  0.716078
5 6  0.593586  0.809609
5 7  0.595691  0.986367
5 8  0.587078  0.911976
5 9  0.560479  0.680357
5 10  0.584757  0.962406
5 11  0.591810  0.741019
5 12  0.565011  0.672020
5 13  0.552657  0.669821
5 14  0.589687  1.102188
5 15  0.584878  0.916379
5 16  0.560610  0.800781
5 17  0.557267  0.741726
5 18  0.551762  0.707812
5 19  0.507582  0.573909
5 20  0.278839  0.358167
5 21  0.589774  0.932962
5 22  0.592816  0.905279
5 23  0.594351  0.821509
5 24  0.598128  0.778959
5 25  0.588715  1.083735
5 26  0.564723  0.665892
5 27  0.583372  0.935946
5 28  0.590334  0.994269
5 29  0.544846  0.652959
5 30  0.565419  0.707147
6 7  0.639722  1.184127
6 8  0.630663  1.091202
6 9  0.605094  0.884461
6 10  0.616944  1.110423
6 11  0.636362  0.939088
6 12  0.609638  0.877276
6 13  0.610680  0.889486
6 14  0.633397  1.297688
6 15  0.626253  1.101459
6 16  0.579988  0.976879
6 17  0.601892  0.946559
6 18  0.562118  0.882944
6 19  0.601975  0.824564
6 20  0.600243  0.823881
6 21  0.630684  1.127068
6 22  0.637366  1.109557
6 23  0.392336  0.871611
6 24  0.642572  0.983786
6 25  0.629707  1.279645
6 26  0.609260  0.871173
6 27  0.619357  1.139396
6 28  0.634220  1.197211
6 29  0.604431  0.870395
6 30  0.609849  0.912282
7 8  0.592367  1.259358
7 9  0.601164  1.041864
7 10  0.621449  1.326492
7 11  0.631603  1.103799
7 12  0.606028  1.028808
7 13  0.622006  1.057948
7 14  0.608388  1.380166
7 15  0.618272  1.223785
7 16  0.601770  1.170540
7 17  0.575046  1.107845
7 18  0.594373  1.080407
7 19  0.599585  0.992043
7 20  0.599167  0.991747
7 21  0.627496  1.299452
7 22  0.398269  1.162600
7 23  0.637079  1.192210
7 24  0.634764  1.141043
7 25  0.608594  1.427725
7 26  0.605873  1.037360
7 27  0.622938  1.297004
7 28  0.590634  1.290996
7 29  0.623761  1.060790
7 30  0.606710  1.076644
8 9  0.591462  0.971446
8 10  0.609840  1.206097
8 11  0.613803  0.996593
8 12  0.596907  0.969405
8 13  0.613410  0.990725
8 14  0.606083  1.379128
8 15  0.606111  1.162687
8 16  0.594565  1.097784
8 17  0.587735  1.030885
8 18  0.585486  1.007427
8 19  0.590964  0.918589
8 20  0.590628  0.918321
8 21  0.620754  1.224778
8 22  0.588816  1.176280
8 23  0.628649  1.119030
8 24  0.624304  1.076343
8 25  0.590689  1.314325
8 26  0.596847  0.962705
8 27  0.614928  1.230004
8 28  0.387066  1.179115
8 29  0.615137  0.987438
8 30  0.596217  1.004307
9 10  0.590945  1.022870
9 11  0.562791  0.782382
9 12  0.523317  0.694798
9 13  0.586794  0.756507
9 14  0.595248  1.146603
9 15  0.591055  0.983003
9 16  0.568218  0.866339
9 17  0.561700  0.803480
9 18  0.559169  0.774382
9 19  0.564354  0.684998
9 20  0.564016  0.684728
9 21  0.595936  0.997610
9 22  0.598670  0.969075
9 23  0.602005  0.887092
9 24  0.556851  0.797851
9 25  0.594990  1.148015
9 26  0.521185  0.694779
9 27  0.589340  1.000519
9 28  0.595071  1.058478
9 29  0.588703  0.754042
9 30  0.300956  0.549251
10 11  0.621604  1.076839
10 12  0.595597  1.019978
10 13  0.610623  1.038056
10 14  0.596996  1.365990
10 15  0.581373  1.246962
10 16  0.587544  1.127541
10 17  0.587656  1.087932
10 18  0.581090  1.058257
10 19  0.588240  0.969513
10 20  0.588325  0.969262
10 21  0.579311  1.214493
10 22  0.621438  1.245521
10 23  0.614169  1.165468
10 24  0.628108  1.127338
10 25  0.597364  1.409462
10 26  0.595186  1.015323
10 27  0.394173  1.177420
10 28  0.617144  1.336687
10 29  0.612761  1.038240
10 30  0.595599  1.056176
11 12  0.564462  0.773565
11 13  0.618129  0.818578
11 14  0.625964  1.225790
11 15  0.621560  1.027886
11 16  0.599601  0.927482
11 17  0.576426  0.851857
11 18  0.590415  0.835599
11 19  0.595691  0.746271
11 20  0.595350  0.746000
11 21  0.627344  1.058773
11 22  0.628661  1.030311
11 23  0.633471  0.948137
11 24  0.403543  0.748076
11 25  0.622789  1.203847
11 26  0.553452  0.744741
11 27  0.620867  1.061497
11 28  0.615731  1.115302
11 29  0.619968  0.815282
11 30  0.559990  0.794876
12 13  0.591327  0.748107
12 14  0.600228  1.143907
12 15  0.595620  0.971471
12 16  0.572697  0.858031
12 17  0.562556  0.795981
12 18  0.563730  0.766082
12 19  0.568892  0.676652
12 20  0.568546  0.676379
12 21  0.600424  0.989398
12 22  0.602958  0.961515
12 23  0.606607  0.878794
12 24  0.565732  0.797558
12 25  0.599503  1.139986
12 26  0.302212  0.486940
12 27  0.594080  0.992327
12 28  0.600786  1.049505
12 29  0.593229  0.745702
12 30  0.519470  0.716279
13 14  0.615867  1.166148
13 15  0.611089  0.988849
13 16  0.585559  0.877506
13 17  0.583474  0.818682
13 18  0.552098  0.761497
13 19  0.546088  0.660674
13 20  0.547511  0.662549
13 21  0.616010  1.009824
13 22  0.618887  0.982089
13 23  0.599217  0.875367
13 24  0.624373  0.855941
13 25  0.615234  1.160298
13 26  0.591048  0.742931
13 27  0.609361  1.012346
13 28  0.616520  1.071024
13 29  0.378056  0.576747
13 30  0.591740  0.784160
14 15  0.601683  1.375151
14 16  0.592004  1.278217
14 17  0.586981  1.219162
14 18  0.588026  1.194734
14 19  0.593381  1.106722
14 20  0.593033  1.106471
14 21  0.603336  1.392337
14 22  0.597534  1.323339
14 23  0.627621  1.297764
14 24  0.630320  1.259339
14 25  0.476107  1.540738
14 26  0.600082  1.152227
14 27  0.587440  1.357834
14 28  0.605346  1.452120
14 29  0.617898  1.175308
14 30  0.600373  1.192811
15 16  0.577378  1.101648
15 17  0.587348  1.043654
15 18  0.583497  1.010353
15 19  0.588772  0.923181
15 20  0.588221  0.922911
15 21  0.399037  1.125483
15 22  0.622095  1.204745
15 23  0.624304  1.121394
15 24  0.628702  1.081513
15 25  0.588067  1.317279
15 26  0.595197  0.968535
15 27  0.579304  1.213509
15 28  0.618858  1.288969
15 29  0.612767  0.992029
15 30  0.595809  1.009480
16 17  0.564835  0.911956
16 18  0.558057  0.891855
16 19  0.565729  0.805943
16 20  0.564899  0.802488
16 21  0.572867  1.031354
16 22  0.598966  1.058513
16 23  0.577814  0.977855
16 24  0.605937  0.960643
16 25  0.594141  1.246193
16 26  0.572611  0.850673
16 27  0.587785  1.110736
16 28  0.597181  1.173662
16 29  0.587661  0.862744
16 30  0.573307  0.892834
17 18  0.555988  0.835510
17 19  0.561154  0.746299
17 20  0.560812  0.745337
17 21  0.591126  1.029795
17 22  0.571828  0.966342
17 23  0.598835  0.942817
17 24  0.579729  0.883380
17 25  0.588692  1.191599
17 26  0.562595  0.782416
17 27  0.585012  1.052273
17 28  0.590423  1.116415
17 29  0.585497  0.813844
17 30  0.564493  0.829636
18 19  0.550087  0.702382
18 20  0.550992  0.708141
18 21  0.588102  1.023006
18 22  0.591436  0.998261
18 23  0.565129  0.881617
18 24  0.596834  0.869419
18 25  0.586928  1.153458
18 26  0.563447  0.758403
18 27  0.579922  1.007725
18 28  0.588877  1.073973
18 29  0.558819  0.761098
18 30  0.564145  0.797851
19 20  0.515336  0.584575
19 21  0.593823  0.937649
19 22  0.596681  0.909387
19 23  0.595450  0.819216
19 24  0.602015  0.782799
19 25  0.592764  1.086088
19 26  0.568613  0.670354
19 27  0.587214  0.936321
19 28  0.594219  0.996412
19 29  0.558806  0.669686
19 30  0.569313  0.711308
20 21  0.593470  0.935543
20 22  0.596339  0.907707
20 23  0.593823  0.815286
20 24  0.601673  0.782752
20 25  0.592448  1.088158
20 26  0.568270  0.670244
20 27  0.586911  0.937886
20 28  0.593880  0.997554
20 29  0.557097  0.668437
20 30  0.568970  0.711455
21 22  0.619808  1.160251
21 23  0.629425  1.127686
21 24  0.633195  1.089196
21 25  0.603059  1.337477
21 26  0.600369  0.980510
21 27  0.582243  1.231955
21 28  0.619628  1.298780
21 29  0.617946  0.997999
21 30  0.601049  1.023712
22 23  0.633291  1.090854
22 24  0.634236  1.051344
22 25  0.609586  1.349372
22 26  0.603047  0.953007
22 27  0.610918  1.181438
22 28  0.590735  1.254142
22 29  0.621032  0.977067
22 30  0.603632  0.995938
23 24  0.639718  0.974076
23 25  0.629002  1.279392
23 26  0.606413  0.872209
23 27  0.612492  1.075761
23 28  0.630861  1.169314
23 29  0.610222  0.887956
23 30  0.607101  0.910676
24 25  0.631859  1.236162
24 26  0.573168  0.812245
24 27  0.626426  1.071820
24 28  0.622711  1.098247
24 29  0.626355  0.852482
24 30  0.571917  0.832554
25 26  0.598991  1.117927
25 27  0.600569  1.358865
25 28  0.604652  1.376325
25 29  0.616992  1.146028
25 30  0.599526  1.151356
26 27  0.593926  0.984585
26 28  0.598479  1.033461
26 29  0.592951  0.738840
26 30  0.527333  0.714424
27 28  0.611543  1.232505
27 29  0.611096  1.007798
27 30  0.594527  1.018331
28 29  0.618570  1.066367
28 30  0.598233  1.054550
29 30  0.593651  0.779935
