  -1146.52933301
  -1146.89486146    -1146.77544580
0.00001643586624
2 2 2 2 2 2 2 2 2 2 2 2 2 2 2 0 0 0 0 0 0 0 0 0 0 0 0 0 0 0 
1  0.273209  0.460070
2  0.277615  0.466401
3  0.273017  0.396652
4  0.279960  0.318911
5  0.277496  0.309334
6  0.323103  0.517030
7  0.320531  0.679794
8  0.311973  0.607189
9  0.283855  0.376449
10  0.309562  0.656976
11  0.315788  0.437019
12  0.288375  0.367359
13  0.304058  0.388398
14  0.314112  0.791098
15  0.309411  0.611000
16  0.286529  0.497054
17  0.281456  0.437719
18  0.276537  0.407001
19  0.281375  0.314321
20  0.281038  0.313726
21  0.314460  0.624725
22  0.317580  0.597940
23  0.320182  0.518355
24  0.321968  0.473871
25  0.313418  0.773354
26  0.288018  0.361292
27  0.308239  0.628455
28  0.315265  0.686941
29  0.305958  0.384948
30  0.288767  0.403252
1 2  0.550554  0.909636
1 3  0.544330  0.852834
1 4  0.552966  0.778832
1 5  0.550052  0.766994
1 6  0.572408  0.950065
1 7  0.591981  1.104037
1 8  0.583683  1.050772
1 9  0.557061  0.835521
1 10  0.579728  1.113404
1 11  0.588903  0.890943
1 12  0.561580  0.824396
1 13  0.574900  0.835956
1 14  0.583998  1.228496
1 15  0.562190  0.998781
1 16  0.270395  0.746790
1 17  0.554118  0.897045
1 18  0.549111  0.861900
1 19  0.554095  0.773712
1 20  0.552362  0.772978
1 21  0.567005  1.079795
1 22  0.590145  1.056235
1 23  0.569730  0.955887
1 24  0.595163  0.933480
1 25  0.581112  1.222112
1 26  0.561127  0.821170
1 27  0.579269  1.078841
1 28  0.588329  1.143324
1 29  0.576417  0.843908
1 30  0.561892  0.862961
2 3  0.550630  0.861452
2 4  0.557571  0.785243
2 5  0.555107  0.775141
2 6  0.600637  0.979585
2 7  0.573683  1.053767
2 8  0.585997  1.063463
2 9  0.557621  0.832503
2 10  0.586440  1.120149
2 11  0.576051  0.883111
2 12  0.560308  0.815425
2 13  0.581671  0.851435
2 14  0.589788  1.222712
2 15  0.585642  1.048123
2 16  0.563043  0.962339
2 17  0.262752  0.673636
2 18  0.554121  0.872922
2 19  0.558985  0.780675
2 20  0.558608  0.780075
2 21  0.590382  1.089168
2 22  0.578606  1.060760
2 23  0.597611  0.983897
2 24  0.575862  0.918321
2 25  0.585107  1.232631
2 26  0.561802  0.825430
2 27  0.585480  1.091373
2 28  0.588858  1.133365
2 29  0.583458  0.851166
2 30  0.565627  0.865226
3 4  0.546562  0.703095
3 5  0.545947  0.700421
3 6  0.566273  0.881747
3 7  0.593520  1.073076
3 8  0.584884  0.998971
3 9  0.556866  0.770578
3 10  0.580500  1.027139
3 11  0.588795  0.832593
3 12  0.561387  0.762618
3 13  0.556219  0.763383
3 14  0.586765  1.163412
3 15  0.582143  1.005805
3 16  0.558845  0.888894
3 17  0.554352  0.834038
3 18  0.273057  0.574675
3 19  0.551241  0.709379
3 20  0.552932  0.708385
3 21  0.587393  1.019680
3 22  0.590186  0.993568
3 23  0.559174  0.882021
3 24  0.594709  0.870259
3 25  0.585837  1.168177
3 26  0.561015  0.757841
3 27  0.578645  1.023818
3 28  0.587564  1.082560
3 29  0.550878  0.757813
3 30  0.561681  0.799687
4 5  0.511664  0.588949
4 6  0.599778  0.828611
4 7  0.600472  0.998514
4 8  0.591908  0.923890
4 9  0.563815  0.694888
4 10  0.589300  0.968825
4 11  0.595745  0.755336
4 12  0.568335  0.686119
4 13  0.555895  0.682595
4 14  0.594052  1.106241
4 15  0.589341  0.929678
4 16  0.566220  0.815091
4 17  0.561410  0.756593
4 18  0.552514  0.723900
4 19  0.278064  0.369832
4 20  0.509255  0.584885
4 21  0.594367  0.943428
4 22  0.597504  0.916759
4 23  0.599256  0.836174
4 24  0.601884  0.792748
4 25  0.593115  1.091943
4 26  0.567969  0.680191
4 27  0.587457  0.947171
4 28  0.595050  1.005664
4 29  0.549099  0.669938
4 30  0.568701  0.722138
5 6  0.595222  0.814873
5 7  0.598006  0.987863
5 8  0.589445  0.914283
5 9  0.561351  0.685745
5 10  0.586918  0.963550
5 11  0.593282  0.745622
5 12  0.565871  0.676670
5 13  0.553598  0.675352
5 14  0.591594  1.100241
5 15  0.586856  0.917932
5 16  0.562440  0.805638
5 17  0.558943  0.747022
5 18  0.552777  0.714673
5 19  0.508309  0.577956
5 20  0.279532  0.362038
5 21  0.591762  0.933912
5 22  0.595069  0.907199
5 23  0.596043  0.826971
5 24  0.599460  0.783184
5 25  0.590691  1.082447
5 26  0.565507  0.670617
5 27  0.585581  0.937730
5 28  0.592732  0.996168
5 29  0.545785  0.658424
5 30  0.566251  0.712572
6 7  0.642976  1.187765
6 8  0.633964  1.095450
6 9  0.606941  0.892036
6 10  0.619877  1.113482
6 11  0.638801  0.945619
6 12  0.611473  0.884202
6 13  0.612561  0.897062
6 14  0.636263  1.298148
6 15  0.629181  1.105174
6 16  0.582822  0.984336
6 17  0.604544  0.954108
6 18  0.564124  0.892171
6 19  0.603639  0.830518
6 20  0.601915  0.829551
6 21  0.633646  1.130515
6 22  0.640596  1.113784
6 23  0.394841  0.880293
6 24  0.644877  0.990284
6 25  0.632601  1.280542
6 26  0.611013  0.878174
6 27  0.622471  1.143416
6 28  0.637578  1.201417
6 29  0.606311  0.877800
6 30  0.611632  0.919982
7 8  0.596185  1.260497
7 9  0.603642  1.045213
7 10  0.625073  1.326072
7 11  0.634663  1.106648
7 12  0.608503  1.031323
7 13  0.624566  1.061183
7 14  0.611728  1.377309
7 15  0.621731  1.224209
7 16  0.605219  1.173739
7 17  0.578184  1.111305
7 18  0.597005  1.085448
7 19  0.601897  0.993992
7 20  0.601474  0.993378
7 21  0.631068  1.298892
7 22  0.401681  1.161921
7 23  0.640373  1.195888
7 24  0.637678  1.143744
7 25  0.612075  1.425229
7 26  0.608260  1.040333
7 27  0.626698  1.297202
7 28  0.594587  1.292716
7 29  0.626287  1.064284
7 30  0.609159  1.080329
8 9  0.593989  0.975687
8 10  0.613506  1.206675
8 11  0.616747  0.999656
8 12  0.599421  0.973108
8 13  0.616022  0.995189
8 14  0.609579  1.376465
8 15  0.609426  1.163481
8 16  0.598078  1.101778
8 17  0.591060  1.035465
8 18  0.588123  1.013421
8 19  0.593324  0.921428
8 20  0.593000  0.920835
8 21  0.624348  1.224935
8 22  0.592662  1.177726
8 23  0.632004  1.123616
8 24  0.627233  1.079695
8 25  0.594257  1.313320
8 26  0.599275  0.966472
8 27  0.618786  1.231084
8 28  0.390615  1.179484
8 29  0.617711  0.991824
8 30  0.598687  1.008839
9 10  0.593268  1.025844
9 11  0.564453  0.789259
9 12  0.524341  0.701477
9 13  0.587909  0.763774
9 14  0.597304  1.146030
9 15  0.593201  0.986699
9 16  0.570222  0.873248
9 17  0.563541  0.810831
9 18  0.560344  0.783293
9 19  0.565218  0.690756
9 20  0.564888  0.690162
9 21  0.598084  1.000579
9 22  0.601076  0.973015
9 23  0.603835  0.894586
9 24  0.558378  0.804325
9 25  0.597134  1.148778
9 26  0.522149  0.702062
9 27  0.591662  1.004328
9 28  0.597610  1.062426
9 29  0.589813  0.761345
9 30  0.301821  0.557468
10 11  0.624481  1.079121
10 12  0.597909  1.022492
10 13  0.613007  1.041165
10 14  0.600144  1.362989
10 15  0.584740  1.246793
10 16  0.590864  1.130831
10 17  0.590793  1.091065
10 18  0.583550  1.063082
10 19  0.590369  0.971148
10 20  0.590485  0.970571
10 21  0.582773  1.214895
10 22  0.625090  1.245507
10 23  0.617262  1.168795
10 24  0.630873  1.129526
10 25  0.600652  1.406594
10 26  0.597425  1.017972
10 27  0.397594  1.176624
10 28  0.620947  1.336783
10 29  0.615149  1.041406
10 30  0.597837  1.059529
11 12  0.566152  0.779803
11 13  0.619844  0.825249
11 14  0.628615  1.225186
11 15  0.624270  1.030521
11 16  0.602223  0.933704
11 17  0.578841  0.858598
11 18  0.592180  0.843819
11 19  0.597156  0.751324
11 20  0.596823  0.750729
11 21  0.630104  1.061082
11 22  0.631644  1.033606
11 23  0.635929  0.954921
11 24  0.405466  0.754440
11 25  0.625428  1.203813
11 26  0.555026  0.751020
11 27  0.623825  1.064641
11 28  0.618870  1.118516
11 29  0.621669  0.821889
11 30  0.561603  0.801828
12 13  0.592429  0.754625
12 14  0.602280  1.142831
12 15  0.597758  0.974282
12 16  0.574682  0.864216
12 17  0.564359  0.802627
12 18  0.564908  0.774257
12 19  0.569745  0.681669
12 20  0.569406  0.681072
12 21  0.602535  0.991662
12 22  0.605345  0.964745
12 23  0.608446  0.885549
12 24  0.567243  0.803301
12 25  0.601635  1.140021
12 26  0.303076  0.493689
12 27  0.596423  0.995406
12 28  0.603337  1.052667
12 29  0.594326  0.752266
12 30  0.520473  0.723573
13 14  0.618007  1.165697
13 15  0.613310  0.992272
13 16  0.587643  0.884400
13 17  0.585369  0.825972
13 18  0.553352  0.770593
13 19  0.547043  0.666607
13 20  0.548459  0.668128
13 21  0.618247  1.012772
13 22  0.621352  0.985996
13 23  0.601125  0.882735
13 24  0.625938  0.862160
13 25  0.617459  1.161004
13 26  0.592075  0.749651
13 27  0.611800  1.016066
13 28  0.619150  1.074908
13 29  0.379230  0.585133
13 30  0.592818  0.791576
14 15  0.604843  1.371987
14 16  0.595064  1.277890
14 17  0.589769  1.219290
14 18  0.590233  1.196304
14 19  0.595260  1.105143
14 20  0.594930  1.104566
14 21  0.606475  1.388580
14 22  0.600935  1.321235
14 23  0.630476  1.297911
14 24  0.632787  1.258245
14 25  0.479348  1.534107
14 26  0.602069  1.151666
14 27  0.590673  1.355585
14 28  0.608822  1.449316
14 29  0.620040  1.175256
14 30  0.602397  1.192956
15 16  0.580347  1.104778
15 17  0.590266  1.047316
15 18  0.585791  1.015487
15 19  0.590748  0.925212
15 20  0.590184  0.924622
15 21  0.402317  1.124252
15 22  0.625611  1.205167
15 23  0.627250  1.125302
15 24  0.631311  1.084097
15 25  0.591240  1.315741
15 26  0.597226  0.971550
15 27  0.582768  1.214169
15 28  0.622447  1.289291
15 29  0.614974  0.995607
15 30  0.597911  1.013152
16 17  0.567633  0.918291
16 18  0.560205  0.900125
16 19  0.567569  0.811168
16 20  0.566737  0.807242
16 21  0.575610  1.033274
16 22  0.602309  1.061840
16 23  0.580559  0.984443
16 24  0.608414  0.966207
16 25  0.597229  1.246603
16 26  0.574546  0.856812
16 27  0.591103  1.114112
16 28  0.600682  1.176996
16 29  0.589733  0.869099
16 30  0.575292  0.899762
17 18  0.557988  0.844310
17 19  0.562826  0.751961
17 20  0.562490  0.750581
17 21  0.594041  1.032434
17 22  0.574734  0.969395
17 23  0.601492  0.949960
17 24  0.581983  0.889369
17 25  0.591598  1.192152
17 26  0.564369  0.788830
17 27  0.588128  1.055896
17 28  0.593784  1.120335
17 29  0.587413  0.820881
17 30  0.566311  0.836934
18 19  0.551091  0.709251
18 20  0.552000  0.714990
18 21  0.590415  1.027331
18 22  0.594005  1.003681
18 23  0.567143  0.890289
18 24  0.598483  0.876938
18 25  0.589200  1.154937
18 26  0.564551  0.766493
18 27  0.582443  1.012545
18 28  0.591582  1.078791
18 29  0.560051  0.769659
18 30  0.565298  0.806440
19 20  0.516064  0.588668
19 21  0.595816  0.938961
19 22  0.598928  0.911652
19 23  0.597097  0.824787
19 24  0.603341  0.787300
19 25  0.594741  1.084944
19 26  0.569392  0.675413
19 27  0.589426  0.938285
19 28  0.596612  0.998446
19 29  0.559789  0.675332
19 30  0.570141  0.717013
20 21  0.595471  0.936429
20 22  0.598590  0.909482
20 23  0.595477  0.820431
20 24  0.603005  0.786935
20 25  0.594430  1.086918
20 26  0.569055  0.675010
20 27  0.589124  0.939581
20 28  0.596274  0.999385
20 29  0.558025  0.673870
20 30  0.569804  0.716911
21 22  0.623201  1.160403
21 23  0.632394  1.130607
21 24  0.635804  1.090844
21 25  0.606210  1.334714
21 26  0.602455  0.982695
21 27  0.585723  1.231609
21 28  0.623116  1.298263
21 29  0.620184  1.000536
21 30  0.603180  1.026709
22 23  0.636482  1.094479
22 24  0.637111  1.054065
22 25  0.613077  1.346988
22 26  0.605384  0.956196
22 27  0.614401  1.181780
22 28  0.594499  1.254962
22 29  0.623525  0.980762
22 30  0.606016  0.999892
23 24  0.642033  0.979894
23 25  0.631957  1.280281
23 26  0.608190  0.879024
23 27  0.615471  1.079003
23 28  0.634185  1.172818
23 29  0.612139  0.895297
23 30  0.608927  0.918012
24 25  0.634457  1.235863
24 26  0.574625  0.818090
24 27  0.629217  1.074142
24 28  0.625622  1.100715
24 29  0.627924  0.858614
24 30  0.573373  0.838841
25 26  0.601046  1.117545
25 27  0.603928  1.356374
25 28  0.608146  1.374096
25 29  0.619205  1.146140
25 30  0.601631  1.151507
26 27  0.596215  0.987700
26 28  0.600931  1.036418
26 29  0.593973  0.745378
26 30  0.528244  0.721162
27 28  0.615256  1.233265
27 29  0.613517  1.011385
27 30  0.596874  1.021896
28 29  0.621207  1.070100
28 30  0.600761  1.057980
29 30  0.594722  0.787157
