  -1146.52933301
  -1146.89495324    -1146.77568136
0.00001223125116
2 2 2 2 2 2 2 2 2 2 2 2 2 2 2 0 0 0 0 0 0 0 0 0 0 0 0 0 0 0 
1  0.273495  0.460747
2  0.277832  0.467189
3  0.273132  0.397656
4  0.280032  0.319401
5  0.277565  0.309707
6  0.323358  0.517801
7  0.320891  0.679764
8  0.312332  0.607364
9  0.283938  0.377263
10  0.309926  0.656898
11  0.315971  0.437700
12  0.288464  0.368014
13  0.304172  0.389139
14  0.314411  0.790406
15  0.309701  0.610997
16  0.286839  0.497690
17  0.281694  0.438552
18  0.276651  0.408047
19  0.281445  0.314746
20  0.281110  0.314097
21  0.314750  0.624606
22  0.317932  0.597986
23  0.320448  0.519099
24  0.322147  0.474442
25  0.313707  0.772753
26  0.288092  0.361945
27  0.308583  0.628499
28  0.315658  0.686968
29  0.306081  0.385656
30  0.288836  0.404082
1 2  0.551050  0.910974
1 3  0.544731  0.854490
1 4  0.553323  0.779996
1 5  0.550405  0.768021
1 6  0.572938  0.951451
1 7  0.592620  1.104631
1 8  0.584316  1.051598
1 9  0.557430  0.836997
1 10  0.580372  1.114012
1 11  0.589370  0.892247
1 12  0.561955  0.825679
1 13  0.575296  0.837285
1 14  0.584575  1.228473
1 15  0.562690  0.999314
1 16  0.270900  0.748116
1 17  0.554623  0.898554
1 18  0.549510  0.863626
1 19  0.554453  0.774809
1 20  0.552708  0.774024
1 21  0.567559  1.080334
1 22  0.590783  1.056965
1 23  0.570271  0.957358
1 24  0.595629  0.934725
1 25  0.581684  1.222201
1 26  0.561488  0.822499
1 27  0.579894  1.079605
1 28  0.589007  1.144019
1 29  0.576825  0.845301
1 30  0.562246  0.864460
2 3  0.550963  0.863219
2 4  0.557860  0.786519
2 5  0.555393  0.776286
2 6  0.601106  0.981097
2 7  0.574225  1.054372
2 8  0.586566  1.064453
2 9  0.557922  0.834044
2 10  0.587009  1.120846
2 11  0.576443  0.884547
2 12  0.560617  0.816778
2 13  0.582003  0.852891
2 14  0.590305  1.222793
2 15  0.586150  1.048874
2 16  0.563550  0.963763
2 17  0.263119  0.675342
2 18  0.554450  0.874745
2 19  0.559273  0.781886
2 20  0.558895  0.781233
2 21  0.590889  1.089846
2 22  0.579143  1.061571
2 23  0.598098  0.985418
2 24  0.576245  0.919720
2 25  0.585604  1.232826
2 26  0.562090  0.826880
2 27  0.586039  1.092182
2 28  0.589464  1.134239
2 29  0.583791  0.852662
2 30  0.565915  0.866847
3 4  0.546745  0.704502
3 5  0.546129  0.701773
3 6  0.566650  0.883460
3 7  0.593995  1.074027
3 8  0.585357  1.000102
3 9  0.557063  0.772326
3 10  0.580980  1.027954
3 11  0.589093  0.834258
3 12  0.561591  0.764242
3 13  0.556442  0.765084
3 14  0.587179  1.163596
3 15  0.582545  1.006785
3 16  0.559269  0.890534
3 17  0.554698  0.835867
3 18  0.273258  0.576859
3 19  0.551424  0.710817
3 20  0.553117  0.709758
3 21  0.587798  1.020559
3 22  0.590651  0.994601
3 23  0.559557  0.883808
3 24  0.594994  0.871831
3 25  0.586241  1.168575
3 26  0.561203  0.759496
3 27  0.579102  1.024861
3 28  0.588056  1.083588
3 29  0.551106  0.759579
3 30  0.561860  0.801518
4 5  0.511801  0.589883
4 6  0.600100  0.829816
4 7  0.600903  0.998969
4 8  0.592337  0.924517
4 9  0.563969  0.696171
4 10  0.589737  0.969164
4 11  0.596000  0.756491
4 12  0.568495  0.687257
4 13  0.556087  0.683830
4 14  0.594423  1.105974
4 15  0.589701  0.930166
4 16  0.566602  0.816210
4 17  0.561719  0.757914
4 18  0.552698  0.725445
4 19  0.278209  0.370895
4 20  0.509398  0.585824
4 21  0.594730  0.943796
4 22  0.597928  0.917293
4 23  0.599591  0.837401
4 24  0.602132  0.793808
4 25  0.593473  1.091829
4 26  0.568114  0.681334
4 27  0.587856  0.947702
4 28  0.595508  1.006180
4 29  0.549295  0.671197
4 30  0.568839  0.723458
5 6  0.595540  0.815936
5 7  0.598435  0.988180
5 8  0.589872  0.914783
5 9  0.561502  0.686929
5 10  0.587351  0.963813
5 11  0.593535  0.746650
5 12  0.566028  0.677697
5 13  0.553784  0.676502
5 14  0.591962  1.099919
5 15  0.587214  0.918271
5 16  0.562805  0.806642
5 17  0.559250  0.748226
5 18  0.552960  0.716090
5 19  0.508444  0.578834
5 20  0.279663  0.362903
5 21  0.592119  0.934164
5 22  0.595489  0.907617
5 23  0.596378  0.828090
5 24  0.599708  0.784127
5 25  0.591043  1.082215
5 26  0.565650  0.671642
5 27  0.585997  0.938146
5 28  0.593193  0.996566
5 29  0.545981  0.659547
5 30  0.566388  0.713774
6 7  0.643582  1.188450
6 8  0.634570  1.096294
6 9  0.607277  0.893594
6 10  0.620460  1.114088
6 11  0.639238  0.946971
6 12  0.611816  0.885625
6 13  0.612921  0.898565
6 14  0.636811  1.298250
6 15  0.629727  1.105916
6 16  0.583376  0.985796
6 17  0.605038  0.955703
6 18  0.564490  0.894016
6 19  0.603963  0.831707
6 20  0.602244  0.830694
6 21  0.634190  1.131211
6 22  0.641203  1.114604
6 23  0.395319  0.882022
6 24  0.645310  0.991623
6 25  0.633135  1.280689
6 26  0.611339  0.879597
6 27  0.623055  1.144221
6 28  0.638229  1.202221
6 29  0.606681  0.879255
6 30  0.611950  0.921582
7 8  0.596890  1.260728
7 9  0.604083  1.045932
7 10  0.625756  1.325975
7 11  0.635204  1.107289
7 12  0.608953  1.031873
7 13  0.625041  1.061813
7 14  0.612341  1.376753
7 15  0.622347  1.224289
7 16  0.605889  1.174359
7 17  0.578752  1.112090
7 18  0.597478  1.086441
7 19  0.602328  0.994385
7 20  0.601901  0.993717
7 21  0.631704  1.298786
7 22  0.402303  1.161765
7 23  0.640994  1.196597
7 24  0.638208  1.144326
7 25  0.612699  1.424706
7 26  0.608691  1.040955
7 27  0.627387  1.297257
7 28  0.595340  1.293019
7 29  0.626759  1.064965
7 30  0.609589  1.081127
8 9  0.594427  0.976624
8 10  0.614195  1.206794
8 11  0.617253  1.000352
8 12  0.599865  0.973917
8 13  0.616495  0.996102
8 14  0.610221  1.375964
8 15  0.610020  1.163656
8 16  0.598739  1.102585
8 17  0.591656  1.036502
8 18  0.588589  1.014638
8 19  0.593753  0.922028
8 20  0.593429  0.921381
8 21  0.624979  1.225003
8 22  0.593361  1.178030
8 23  0.632625  1.124536
8 24  0.627759  1.080434
8 25  0.594895  1.313104
8 26  0.599704  0.967283
8 27  0.619484  1.231343
8 28  0.391247  1.179587
8 29  0.618194  0.992706
8 30  0.599108  1.009840
9 10  0.593712  1.026509
9 11  0.564726  0.790773
9 12  0.524510  0.702941
9 13  0.588105  0.765302
9 14  0.597681  1.146022
9 15  0.593571  0.987503
9 16  0.570609  0.874691
9 17  0.563859  0.812477
9 18  0.560533  0.785149
9 19  0.565369  0.691994
9 20  0.565041  0.691346
9 21  0.598456  1.001260
9 22  0.601506  0.973869
9 23  0.604177  0.896140
9 24  0.558646  0.805757
9 25  0.597503  1.148987
9 26  0.522306  0.703629
9 27  0.592076  1.005178
9 28  0.598082  1.063266
9 29  0.590018  0.762865
9 30  0.301964  0.559265
10 11  0.625025  1.079662
10 12  0.598360  1.023054
10 13  0.613482  1.041793
10 14  0.600766  1.362419
10 15  0.585383  1.246757
10 16  0.591537  1.131495
10 17  0.591393  1.091800
10 18  0.584026  1.064053
10 19  0.590798  0.971495
10 20  0.590921  0.970863
10 21  0.583419  1.214990
10 22  0.625790  1.245506
10 23  0.617878  1.169439
10 24  0.631409  1.130026
10 25  0.601275  1.406012
10 26  0.597860  1.018545
10 27  0.398272  1.176486
10 28  0.621695  1.336782
10 29  0.615633  1.042028
10 30  0.598251  1.060280
11 12  0.566433  0.781193
11 13  0.620142  0.826665
11 14  0.629090  1.225165
11 15  0.624739  1.031138
11 16  0.602716  0.935019
11 17  0.579251  0.860133
11 18  0.592470  0.845545
11 19  0.597409  0.752429
11 20  0.597077  0.751780
11 21  0.630574  1.061641
11 22  0.632173  1.034339
11 23  0.636377  0.956342
11 24  0.405788  0.755877
11 25  0.625877  1.203854
11 26  0.555288  0.752400
11 27  0.624349  1.065368
11 28  0.619437  1.119216
11 29  0.621971  0.823278
11 30  0.561864  0.803379
12 13  0.592632  0.755986
12 14  0.602668  1.142719
12 15  0.598137  0.974900
12 16  0.575071  0.865505
12 17  0.564681  0.804124
12 18  0.565110  0.775957
12 19  0.569903  0.682749
12 20  0.569565  0.682098
12 21  0.602897  0.992196
12 22  0.605784  0.965444
12 23  0.608797  0.886946
12 24  0.567519  0.804570
12 25  0.602011  1.140075
12 26  0.303239  0.495132
12 27  0.596856  0.996099
12 28  0.603817  1.053339
12 29  0.594538  0.753629
12 30  0.520628  0.725165
13 14  0.618420  1.165648
13 15  0.613715  0.992956
13 16  0.588063  0.885782
13 17  0.585716  0.827546
13 18  0.553576  0.772433
13 19  0.547226  0.667823
13 20  0.548652  0.669274
13 21  0.618652  1.013391
13 22  0.621808  0.986784
13 23  0.601498  0.884210
13 24  0.626232  0.863471
13 25  0.617862  1.161141
13 26  0.592264  0.751045
13 27  0.612257  1.016837
13 28  0.619657  1.075674
13 29  0.379464  0.586830
13 30  0.593002  0.793147
14 15  0.605429  1.371379
14 16  0.595671  1.277843
14 17  0.590290  1.219442
14 18  0.590645  1.196656
14 19  0.595621  1.104874
14 20  0.595297  1.104244
14 21  0.607056  1.387889
14 22  0.601561  1.320831
14 23  0.631033  1.297954
14 24  0.633258  1.258101
14 25  0.479951  1.532800
14 26  0.602442  1.151625
14 27  0.591284  1.355188
14 28  0.609487  1.448770
14 29  0.620461  1.175269
14 30  0.602765  1.193093
15 16  0.580916  1.105396
15 17  0.590789  1.048149
15 18  0.586193  1.016522
15 19  0.591108  0.925632
15 20  0.590540  0.924990
15 21  0.402912  1.124037
15 22  0.626252  1.205243
15 23  0.627801  1.126072
15 24  0.631782  1.084671
15 25  0.591802  1.315418
15 26  0.597580  0.972192
15 27  0.583400  1.214306
15 28  0.623109  1.289340
15 29  0.615388  0.996310
15 30  0.598269  1.013959
16 17  0.568171  0.919654
16 18  0.560624  0.901783
16 19  0.567947  0.812226
16 20  0.567115  0.808215
16 21  0.576139  1.033681
16 22  0.602958  1.062508
16 23  0.581112  0.985744
16 24  0.608902  0.967368
16 25  0.597820  1.246664
16 26  0.574929  0.858075
16 27  0.591749  1.114802
16 28  0.601374  1.177644
16 29  0.590160  0.870361
16 30  0.575671  0.901220
17 18  0.558340  0.846182
17 19  0.563134  0.753218
17 20  0.562799  0.751760
17 21  0.594558  1.033088
17 22  0.575272  0.970096
17 23  0.601993  0.951470
17 24  0.582392  0.890726
17 25  0.592120  1.192349
17 26  0.564686  0.790259
17 27  0.588702  1.056738
17 28  0.594410  1.121209
17 29  0.587774  0.822379
17 30  0.566619  0.838580
18 19  0.551274  0.710647
18 20  0.552186  0.716393
18 21  0.590817  1.028224
18 22  0.594469  1.004764
18 23  0.567527  0.892005
18 24  0.598776  0.878505
18 25  0.589600  1.155236
18 26  0.564738  0.768149
18 27  0.582899  1.013531
18 28  0.592086  1.079733
18 29  0.560280  0.771376
18 30  0.565480  0.808225
19 20  0.516203  0.589537
19 21  0.596175  0.939264
19 22  0.599349  0.912115
19 23  0.597429  0.825904
19 24  0.603590  0.788276
19 25  0.595101  1.084717
19 26  0.569537  0.676482
19 27  0.589842  0.938721
19 28  0.597074  0.998844
19 29  0.559989  0.676475
19 30  0.570281  0.718247
20 21  0.595831  0.936660
20 22  0.599013  0.909855
20 23  0.595806  0.821472
20 24  0.603256  0.787853
20 25  0.594790  1.086687
20 26  0.569200  0.676034
20 27  0.589539  0.939965
20 28  0.596737  0.999751
20 29  0.558218  0.674976
20 30  0.569945  0.718110
21 22  0.623823  1.160434
21 23  0.632947  1.131211
21 24  0.636271  1.091255
21 25  0.606769  1.334160
21 26  0.602819  0.983195
21 27  0.586353  1.231575
21 28  0.623753  1.298157
21 29  0.620597  1.001062
21 30  0.603539  1.027410
22 23  0.637088  1.095185
22 24  0.637644  1.054662
22 25  0.613709  1.346495
22 26  0.605812  0.956872
22 27  0.615030  1.181866
22 28  0.595210  1.255098
22 29  0.624000  0.981488
22 30  0.606436  1.000755
23 24  0.642477  0.981094
23 25  0.632507  1.280432
23 26  0.608529  0.880413
23 27  0.616041  1.079671
23 28  0.634831  1.173488
23 29  0.612520  0.896744
23 30  0.609263  0.919538
24 25  0.634922  1.235853
24 26  0.574893  0.819362
24 27  0.629734  1.074678
24 28  0.626172  1.101248
24 29  0.628226  0.859893
24 30  0.573628  0.840230
25 26  0.601405  1.117507
25 27  0.604537  1.355892
25 28  0.608790  1.373638
25 29  0.619614  1.146146
25 30  0.601990  1.151606
26 27  0.596631  0.988384
26 28  0.601392  1.037037
26 29  0.594170  0.746714
26 30  0.528382  0.722634
27 28  0.615956  1.233426
27 29  0.613977  1.012107
27 30  0.597287  1.022706
28 29  0.621721  1.070821
28 30  0.601227  1.058722
29 30  0.594914  0.788669
