  -1146.52933301
  -1146.89500801    -1146.77582919
0.00000991013389
2 2 2 2 2 2 2 2 2 2 2 2 2 2 2 0 0 0 0 0 0 0 0 0 0 0 0 0 0 0 
1  0.273683  0.461184
2  0.277968  0.467669
3  0.273204  0.398314
4  0.280079  0.319743
5  0.277604  0.309962
6  0.323517  0.518356
7  0.321152  0.679740
8  0.312564  0.607456
9  0.283977  0.377776
10  0.310130  0.656833
11  0.316085  0.438114
12  0.288514  0.368429
13  0.304238  0.389615
14  0.314597  0.789967
15  0.309886  0.611023
16  0.287028  0.498067
17  0.281849  0.439058
18  0.276719  0.408744
19  0.281490  0.315036
20  0.281154  0.314332
21  0.314936  0.624523
22  0.318177  0.597998
23  0.320602  0.519598
24  0.322278  0.474789
25  0.313893  0.772416
26  0.288142  0.362375
27  0.308782  0.628473
28  0.315894  0.687013
29  0.306148  0.386119
30  0.288870  0.404651
1 2  0.551368  0.911804
1 3  0.544991  0.855570
1 4  0.553557  0.780773
1 5  0.550630  0.768699
1 6  0.573270  0.952399
1 7  0.593060  1.104997
1 8  0.584728  1.052107
1 9  0.557656  0.837938
1 10  0.580760  1.114390
1 11  0.589671  0.893049
1 12  0.562193  0.826498
1 13  0.575546  0.838142
1 14  0.584944  1.228467
1 15  0.563016  0.999672
1 16  0.271210  0.748953
1 17  0.554960  0.899498
1 18  0.549764  0.864765
1 19  0.554687  0.775533
1 20  0.552934  0.774697
1 21  0.567909  1.080676
1 22  0.591215  1.057417
1 23  0.570608  0.958337
1 24  0.595946  0.935508
1 25  0.582054  1.222318
1 26  0.561721  0.823364
1 27  0.580280  1.080047
1 28  0.589429  1.144491
1 29  0.577078  0.846204
1 30  0.562466  0.865461
2 3  0.551170  0.864342
2 4  0.558043  0.787339
2 5  0.555567  0.777009
2 6  0.601398  0.982097
2 7  0.574596  1.054727
2 8  0.586927  1.065040
2 9  0.558098  0.835000
2 10  0.587343  1.121254
2 11  0.576684  0.885422
2 12  0.560804  0.817619
2 13  0.582203  0.853804
2 14  0.590624  1.222821
2 15  0.586466  1.049337
2 16  0.563866  0.964621
2 17  0.263356  0.676380
2 18  0.554652  0.875915
2 19  0.559454  0.782656
2 20  0.559071  0.781949
2 21  0.591205  1.090251
2 22  0.579508  1.062048
2 23  0.598386  0.986391
2 24  0.576506  0.920578
2 25  0.585922  1.232981
2 26  0.562273  0.827794
2 27  0.586374  1.092627
2 28  0.589833  1.134815
2 29  0.583992  0.853605
2 30  0.566084  0.867900
3 4  0.546864  0.705439
3 5  0.546238  0.702668
3 6  0.566888  0.884633
3 7  0.594328  1.074645
3 8  0.585662  1.000823
3 9  0.557174  0.773451
3 10  0.581257  1.028473
3 11  0.589280  0.835319
3 12  0.561713  0.765289
3 13  0.556578  0.766189
3 14  0.587436  1.163734
3 15  0.582800  1.007455
3 16  0.559528  0.891569
3 17  0.554919  0.837026
3 18  0.273377  0.578309
3 19  0.551541  0.711771
3 20  0.553233  0.710650
3 21  0.588056  1.021130
3 22  0.590968  0.995257
3 23  0.559785  0.884995
3 24  0.595194  0.872836
3 25  0.586497  1.168893
3 26  0.561325  0.760582
3 27  0.579376  1.025489
3 28  0.588348  1.084288
3 29  0.551242  0.760736
3 30  0.561964  0.802740
4 5  0.511889  0.590523
4 6  0.600304  0.830673
4 7  0.601210  0.999283
4 8  0.592616  0.924920
4 9  0.564055  0.697011
4 10  0.589989  0.969383
4 11  0.596162  0.757236
4 12  0.568593  0.688009
4 13  0.556205  0.684648
4 14  0.594657  1.105833
4 15  0.589933  0.930533
4 16  0.566838  0.816922
4 17  0.561922  0.758761
4 18  0.552811  0.726489
4 19  0.278292  0.371633
4 20  0.509489  0.586458
4 21  0.594965  0.944053
4 22  0.598220  0.917644
4 23  0.599791  0.838237
4 24  0.602308  0.794496
4 25  0.593705  1.091831
4 26  0.568209  0.682105
4 27  0.588098  0.948015
4 28  0.595790  1.006564
4 29  0.549408  0.672045
4 30  0.568917  0.724367
5 6  0.595732  0.816689
5 7  0.598734  0.988392
5 8  0.590142  0.915092
5 9  0.561580  0.687696
5 10  0.587594  0.963977
5 11  0.593688  0.747300
5 12  0.566117  0.678367
5 13  0.553891  0.677259
5 14  0.592187  1.099733
5 15  0.587438  0.918532
5 16  0.563029  0.807272
5 17  0.559442  0.748987
5 18  0.553066  0.717041
5 19  0.508529  0.579432
5 20  0.279741  0.363475
5 21  0.592343  0.934335
5 22  0.595773  0.907883
5 23  0.596569  0.828846
5 24  0.599877  0.784728
5 25  0.591264  1.082132
5 26  0.565737  0.672327
5 27  0.586235  0.938375
5 28  0.593469  0.996864
5 29  0.546090  0.660295
5 30  0.566459  0.714597
6 7  0.643997  1.188940
6 8  0.634956  1.096871
6 9  0.607475  0.894649
6 10  0.620803  1.114513
6 11  0.639511  0.947868
6 12  0.612025  0.886595
6 13  0.613140  0.899591
6 14  0.637153  1.298382
6 15  0.630068  1.106466
6 16  0.583721  0.986778
6 17  0.605351  0.956760
6 18  0.564718  0.895284
6 19  0.604166  0.832550
6 20  0.602446  0.831487
6 21  0.634533  1.131712
6 22  0.641607  1.115176
6 23  0.395610  0.883206
6 24  0.645599  0.992524
6 25  0.633473  1.280887
6 26  0.611546  0.880581
6 27  0.623404  1.144746
6 28  0.638620  1.202822
6 29  0.606904  0.880260
6 30  0.612136  0.922704
7 8  0.597367  1.260839
7 9  0.604383  1.046382
7 10  0.626195  1.325895
7 11  0.635577  1.107669
7 12  0.609265  1.032220
7 13  0.625368  1.062210
7 14  0.612761  1.376404
7 15  0.622773  1.224347
7 16  0.606337  1.174721
7 17  0.579144  1.112558
7 18  0.597807  1.087099
7 19  0.602635  0.994650
7 20  0.602205  0.993928
7 21  0.632141  1.298707
7 22  0.402730  1.161627
7 23  0.641407  1.197067
7 24  0.638593  1.144680
7 25  0.613127  1.424416
7 26  0.609000  1.041360
7 27  0.627836  1.297237
7 28  0.595834  1.293246
7 29  0.627079  1.065402
7 30  0.609883  1.081668
8 9  0.594701  0.977195
8 10  0.614610  1.206844
8 11  0.617581  1.000768
8 12  0.600146  0.974412
8 13  0.616792  0.996669
8 14  0.610630  1.375646
8 15  0.610402  1.163763
8 16  0.599159  1.103054
8 17  0.592039  1.037126
8 18  0.588881  1.015426
8 19  0.594030  0.922410
8 20  0.593705  0.921708
8 21  0.625390  1.225026
8 22  0.593830  1.178190
8 23  0.633010  1.125128
8 24  0.628107  1.080871
8 25  0.595301  1.312996
8 26  0.599982  0.967795
8 27  0.619913  1.231430
8 28  0.391647  1.179625
8 29  0.618491  0.993260
8 30  0.599373  1.010497
9 10  0.593956  1.026915
9 11  0.564891  0.791713
9 12  0.524595  0.703871
9 13  0.588210  0.766270
9 14  0.597904  1.146020
9 15  0.593793  0.988037
9 16  0.570833  0.875578
9 17  0.564054  0.813498
9 18  0.560639  0.786357
9 19  0.565452  0.692798
9 20  0.565122  0.692095
9 21  0.598681  1.001683
9 22  0.601790  0.974390
9 23  0.604367  0.897151
9 24  0.558826  0.806649
9 25  0.597727  1.149162
9 26  0.522389  0.704644
9 27  0.592308  1.005661
9 28  0.598356  1.063824
9 29  0.590123  0.763840
9 30  0.302025  0.560444
10 11  0.625340  1.079963
10 12  0.598614  1.023396
10 13  0.613748  1.042184
10 14  0.601132  1.362053
10 15  0.585770  1.246739
10 16  0.591928  1.131878
10 17  0.591753  1.092225
10 18  0.584297  1.064688
10 19  0.591043  0.971719
10 20  0.591168  0.971032
10 21  0.583814  1.215040
10 22  0.626228  1.245477
10 23  0.618230  1.169861
10 24  0.631738  1.130313
10 25  0.601646  1.405660
10 26  0.598113  1.018908
10 27  0.398652  1.176326
10 28  0.622129  1.336795
10 29  0.615901  1.042422
10 30  0.598481  1.060783
11 12  0.566603  0.782059
11 13  0.620321  0.827553
11 14  0.629387  1.225137
11 15  0.625035  1.031519
11 16  0.603017  0.935811
11 17  0.579513  0.861076
11 18  0.592647  0.846655
11 19  0.597568  0.753134
11 20  0.597236  0.752430
11 21  0.630873  1.061973
11 22  0.632529  1.034767
11 23  0.636647  0.957254
11 24  0.406008  0.756745
11 25  0.626176  1.203919
11 26  0.555456  0.753280
11 27  0.624661  1.065758
11 28  0.619779  1.119672
11 29  0.622150  0.824156
11 30  0.562024  0.804392
12 13  0.592748  0.756853
12 14  0.602904  1.142638
12 15  0.598373  0.975321
12 16  0.575308  0.866297
12 17  0.564886  0.805051
12 18  0.565229  0.777067
12 19  0.569998  0.683455
12 20  0.569658  0.682749
12 21  0.603125  0.992527
12 22  0.606076  0.965871
12 23  0.609000  0.887859
12 24  0.567704  0.805364
12 25  0.602245  1.140152
12 26  0.303336  0.496061
12 27  0.597104  0.996486
12 28  0.604103  1.053794
12 29  0.594657  0.754506
12 30  0.520708  0.726228
13 14  0.618671  1.165619
13 15  0.613964  0.993424
13 16  0.588313  0.886640
13 17  0.585936  0.828528
13 18  0.553707  0.773641
13 19  0.547336  0.668625
13 20  0.548764  0.670014
13 21  0.618903  1.013783
13 22  0.622110  0.987272
13 23  0.601712  0.885182
13 24  0.626426  0.864294
13 25  0.618113  1.161279
13 26  0.592379  0.751950
13 27  0.612520  1.017280
13 28  0.619960  1.076192
13 29  0.379601  0.587930
13 30  0.593100  0.794190
14 15  0.605796  1.371020
14 16  0.596046  1.277797
14 17  0.590621  1.219522
14 18  0.590895  1.196911
14 19  0.595848  1.104726
14 20  0.595528  1.104039
14 21  0.607421  1.387447
14 22  0.601978  1.320556
14 23  0.631369  1.298003
14 24  0.633568  1.257993
14 25  0.480329  1.532005
14 26  0.602678  1.151615
14 27  0.591650  1.354870
14 28  0.609889  1.448445
14 29  0.620712  1.175289
14 30  0.602983  1.193224
15 16  0.581270  1.105784
15 17  0.591126  1.048681
15 18  0.586444  1.017238
15 19  0.591338  0.925947
15 20  0.590765  0.925250
15 21  0.403286  1.123921
15 22  0.626679  1.205304
15 23  0.628137  1.126616
15 24  0.632097  1.085047
15 25  0.592162  1.315275
15 26  0.597808  0.972640
15 27  0.583790  1.214383
15 28  0.623519  1.289422
15 29  0.615642  0.996796
15 30  0.598486  1.014538
16 17  0.568512  0.920462
16 18  0.560880  0.902842
16 19  0.568180  0.812892
16 20  0.567346  0.808804
16 21  0.576467  1.033911
16 22  0.603386  1.062881
16 23  0.581441  0.986569
16 24  0.609220  0.968065
16 25  0.598189  1.246714
16 26  0.575167  0.858866
16 27  0.592132  1.115161
16 28  0.601790  1.178056
16 29  0.590414  0.871146
16 30  0.575893  0.902161
17 18  0.558563  0.847380
17 19  0.563334  0.754015
17 20  0.562998  0.752483
17 21  0.594894  1.033472
17 22  0.575633  0.970500
17 23  0.602300  0.952433
17 24  0.582669  0.891556
17 25  0.592456  1.192481
17 26  0.564894  0.791161
17 27  0.589050  1.057201
17 28  0.594797  1.121771
17 29  0.587996  0.823315
17 30  0.566809  0.839643
18 19  0.551386  0.711583
18 20  0.552296  0.717317
18 21  0.591068  1.028814
18 22  0.594781  1.005466
18 23  0.567753  0.893156
18 24  0.598975  0.879512
18 25  0.589852  1.155498
18 26  0.564855  0.769243
18 27  0.583167  1.014139
18 28  0.592389  1.080381
18 29  0.560410  0.772509
18 30  0.565581  0.809425
19 20  0.516293  0.590114
19 21  0.596406  0.939470
19 22  0.599638  0.912412
19 23  0.597627  0.826660
19 24  0.603767  0.788898
19 25  0.595333  1.084639
19 26  0.569631  0.677196
19 27  0.590088  0.938966
19 28  0.597355  0.999140
19 29  0.560106  0.677234
19 30  0.570360  0.719091
20 21  0.596061  0.936794
20 22  0.599301  0.910068
20 23  0.595999  0.822160
20 24  0.603431  0.788421
20 25  0.595020  1.086585
20 26  0.569294  0.676699
20 27  0.589782  0.940155
20 28  0.597015  1.000010
20 29  0.558332  0.675692
20 30  0.570022  0.718912
21 22  0.624235  1.160445
21 23  0.633286  1.131617
21 24  0.636586  1.091495
21 25  0.607127  1.333839
21 26  0.603055  0.983523
21 27  0.586740  1.231499
21 28  0.624149  1.298109
21 29  0.620851  1.001401
21 30  0.603758  1.027891
22 23  0.637482  1.095644
22 24  0.638018  1.055010
22 25  0.614130  1.346207
22 26  0.606107  0.957300
22 27  0.615433  1.181856
22 28  0.595677  1.255200
22 29  0.624313  0.981945
22 30  0.606714  1.001326
23 24  0.642762  0.981864
23 25  0.632841  1.280609
23 26  0.608732  0.881336
23 27  0.616374  1.080070
23 28  0.635212  1.173962
23 29  0.612738  0.897707
23 30  0.609450  0.920573
24 25  0.635237  1.235881
24 26  0.575079  0.820171
24 27  0.630063  1.074956
24 28  0.626521  1.101602
24 29  0.628424  0.860701
24 30  0.573800  0.841132
25 26  0.601640  1.117529
25 27  0.604908  1.355587
25 28  0.609193  1.373412
25 29  0.619866  1.146196
25 30  0.602209  1.151757
26 27  0.596879  0.988776
26 28  0.601674  1.037464
26 29  0.594286  0.747587
26 30  0.528461  0.723620
27 28  0.616374  1.233501
27 29  0.614239  1.012531
27 30  0.597520  1.023203
28 29  0.622024  1.071314
28 30  0.601501  1.059250
29 30  0.595014  0.789678
