  -1146.52933301
  -1146.89504537    -1146.77592688
0.00000796395707
2 2 2 2 2 2 2 2 2 2 2 2 2 2 2 0 0 0 0 0 0 0 0 0 0 0 0 0 0 0 
1  0.273795  0.461468
2  0.278057  0.468044
3  0.273233  0.398790
4  0.280101  0.319987
5  0.277624  0.310139
6  0.323619  0.518686
7  0.321297  0.679703
8  0.312702  0.607488
9  0.284009  0.378136
10  0.310271  0.656780
11  0.316164  0.438456
12  0.288548  0.368744
13  0.304278  0.389952
14  0.314729  0.789644
15  0.310008  0.611010
16  0.287143  0.498319
17  0.281952  0.439417
18  0.276756  0.409225
19  0.281512  0.315244
20  0.281173  0.314506
21  0.315057  0.624444
22  0.318313  0.597997
23  0.320706  0.519930
24  0.322358  0.475071
25  0.314015  0.772159
26  0.288173  0.362681
27  0.308921  0.628463
28  0.316037  0.687019
29  0.306192  0.386443
30  0.288895  0.405028
1 2  0.551567  0.912399
1 3  0.545133  0.856317
1 4  0.553691  0.781299
1 5  0.550761  0.769152
1 6  0.573476  0.952991
1 7  0.593312  1.105233
1 8  0.584974  1.052412
1 9  0.557801  0.838573
1 10  0.581013  1.114625
1 11  0.589861  0.893640
1 12  0.562339  0.827070
1 13  0.575698  0.838725
1 14  0.585185  1.228427
1 15  0.563222  0.999878
1 16  0.271416  0.749501
1 17  0.555175  0.900141
1 18  0.549913  0.865530
1 19  0.554821  0.776022
1 20  0.553064  0.775154
1 21  0.568133  1.080868
1 22  0.591464  1.057704
1 23  0.570814  0.958977
1 24  0.596137  0.936073
1 25  0.582285  1.222361
1 26  0.561860  0.823954
1 27  0.580530  1.080339
1 28  0.589684  1.144778
1 29  0.577232  0.846814
1 30  0.562601  0.866118
2 3  0.551289  0.865181
2 4  0.558155  0.787956
2 5  0.555676  0.777553
2 6  0.601589  0.982780
2 7  0.574817  1.054990
2 8  0.587152  1.065451
2 9  0.558222  0.835705
2 10  0.587570  1.121574
2 11  0.576848  0.886113
2 12  0.560930  0.818260
2 13  0.582333  0.854481
2 14  0.590846  1.222864
2 15  0.586678  1.049673
2 16  0.564068  0.965248
2 17  0.263514  0.677170
2 18  0.554778  0.876764
2 19  0.559565  0.783239
2 20  0.559178  0.782497
2 21  0.591414  1.090550
2 22  0.579723  1.062415
2 23  0.598577  0.987095
2 24  0.576662  0.921258
2 25  0.586130  1.233102
2 26  0.562391  0.828480
2 27  0.586603  1.092985
2 28  0.590067  1.135224
2 29  0.584122  0.854303
2 30  0.566200  0.868654
3 4  0.546915  0.706115
3 5  0.546287  0.703309
3 6  0.567024  0.885410
3 7  0.594501  1.075072
3 8  0.585831  1.001312
3 9  0.557235  0.774250
3 10  0.581428  1.028840
3 11  0.589388  0.836128
3 12  0.561775  0.766060
3 13  0.556643  0.766980
3 14  0.587596  1.163828
3 15  0.582951  1.007909
3 16  0.559673  0.892296
3 17  0.555045  0.837857
3 18  0.273438  0.579336
3 19  0.551591  0.712459
3 20  0.553280  0.711299
3 21  0.588206  1.021523
3 22  0.591135  0.995724
3 23  0.559920  0.885819
3 24  0.595303  0.873594
3 25  0.586644  1.169110
3 26  0.561385  0.761363
3 27  0.579542  1.025954
3 28  0.588510  1.084768
3 29  0.551312  0.761560
3 30  0.562020  0.803591
4 5  0.511932  0.590975
4 6  0.600428  0.831221
4 7  0.601376  0.999488
4 8  0.592776  0.925178
4 9  0.564110  0.697604
4 10  0.590154  0.969537
4 11  0.596263  0.757814
4 12  0.568649  0.688563
4 13  0.556272  0.685228
4 14  0.594811  1.105722
4 15  0.590078  0.930765
4 16  0.566976  0.817415
4 17  0.562049  0.759364
4 18  0.552869  0.727219
4 19  0.278345  0.372142
4 20  0.509530  0.586915
4 21  0.595109  0.944216
4 22  0.598378  0.917886
4 23  0.599916  0.838810
4 24  0.602410  0.795023
4 25  0.593849  1.091816
4 26  0.568262  0.682655
4 27  0.588253  0.948248
4 28  0.595957  1.006814
4 29  0.549475  0.672641
4 30  0.568962  0.724988
5 6  0.595850  0.817159
5 7  0.598897  0.988521
5 8  0.590298  0.915276
5 9  0.561632  0.688231
5 10  0.587755  0.964085
5 11  0.593786  0.747806
5 12  0.566170  0.678858
5 13  0.553953  0.677794
5 14  0.592338  1.099586
5 15  0.587580  0.918686
5 16  0.563162  0.807700
5 17  0.559563  0.749524
5 18  0.553122  0.717700
5 19  0.508571  0.579854
5 20  0.279786  0.363875
5 21  0.592482  0.934433
5 22  0.595929  0.908060
5 23  0.596692  0.829357
5 24  0.599976  0.785188
5 25  0.591405  1.082051
5 26  0.565787  0.672810
5 27  0.586392  0.938543
5 28  0.593633  0.997047
5 29  0.546153  0.660818
5 30  0.566501  0.715152
6 7  0.644241  1.189216
6 8  0.635192  1.097197
6 9  0.607610  0.895326
6 10  0.621034  1.114753
6 11  0.639692  0.948490
6 12  0.612160  0.887238
6 13  0.613281  0.900255
6 14  0.637384  1.298397
6 15  0.630291  1.106770
6 16  0.583929  0.987391
6 17  0.605556  0.957445
6 18  0.564858  0.896101
6 19  0.604290  0.833085
6 20  0.602567  0.831991
6 21  0.634756  1.131986
6 22  0.641844  1.115508
6 23  0.395804  0.883969
6 24  0.645778  0.993134
6 25  0.633696  1.280945
6 26  0.611679  0.881215
6 27  0.623637  1.145061
6 28  0.638863  1.203160
6 29  0.607047  0.880901
6 30  0.612259  0.923410
7 8  0.597640  1.260869
7 9  0.604560  1.046673
7 10  0.626466  1.325812
7 11  0.635799  1.107963
7 12  0.609444  1.032458
7 13  0.625553  1.062480
7 14  0.613020  1.376118
7 15  0.623029  1.224351
7 16  0.606597  1.174942
7 17  0.579382  1.112870
7 18  0.597990  1.087534
7 19  0.602802  0.994820
7 20  0.602368  0.994064
7 21  0.632401  1.298613
7 22  0.402981  1.161496
7 23  0.641653  1.197362
7 24  0.638812  1.144944
7 25  0.613384  1.424175
7 26  0.609174  1.041629
7 27  0.628111  1.297205
7 28  0.596119  1.293357
7 29  0.627259  1.065691
7 30  0.610053  1.082009
8 9  0.594872  0.977562
8 10  0.614879  1.206843
8 11  0.617788  1.001068
8 12  0.600316  0.974750
8 13  0.616969  0.997038
8 14  0.610893  1.375375
8 15  0.610637  1.163792
8 16  0.599412  1.103337
8 17  0.592279  1.037534
8 18  0.589049  1.015938
8 19  0.594191  0.922650
8 20  0.593861  0.921913
8 21  0.625642  1.224987
8 22  0.594100  1.178260
8 23  0.633250  1.125493
8 24  0.628319  1.081184
8 25  0.595552  1.312865
8 26  0.600148  0.968125
8 27  0.620188  1.231468
8 28  0.391894  1.179587
8 29  0.618673  0.993615
8 30  0.599534  1.010905
9 10  0.594130  1.027194
9 11  0.565006  0.792430
9 12  0.524658  0.704543
9 13  0.588282  0.766949
9 14  0.598068  1.145997
9 15  0.593948  0.988379
9 16  0.570979  0.876187
9 17  0.564189  0.814216
9 18  0.560707  0.787195
9 19  0.565505  0.693365
9 20  0.565172  0.692627
9 21  0.598833  1.001959
9 22  0.601957  0.974745
9 23  0.604502  0.897841
9 24  0.558944  0.807304
9 25  0.597879  1.149262
9 26  0.522450  0.705354
9 27  0.592473  1.006007
9 28  0.598530  1.064188
9 29  0.590199  0.764523
9 30  0.302067  0.561268
10 11  0.625559  1.080217
10 12  0.598788  1.023654
10 13  0.613928  1.042453
10 14  0.601386  1.361772
10 15  0.586028  1.246693
10 16  0.592186  1.132129
10 17  0.591997  1.092522
10 18  0.584475  1.065118
10 19  0.591204  0.971875
10 20  0.591328  0.971153
10 21  0.584071  1.215041
10 22  0.626499  1.245436
10 23  0.618466  1.170136
10 24  0.631956  1.130547
10 25  0.601898  1.405384
10 26  0.598284  1.019160
10 27  0.398908  1.176229
10 28  0.622408  1.336771
10 29  0.616086  1.042691
10 30  0.598646  1.061107
11 12  0.566724  0.782733
11 13  0.620441  0.828230
11 14  0.629595  1.225153
11 15  0.625233  1.031803
11 16  0.603211  0.936405
11 17  0.579688  0.861789
11 18  0.592761  0.847478
11 19  0.597668  0.753684
11 20  0.597334  0.752945
11 21  0.631073  1.062236
11 22  0.632741  1.035112
11 23  0.636828  0.957926
11 24  0.406150  0.757463
11 25  0.626373  1.203987
11 26  0.555574  0.753939
11 27  0.624876  1.066092
11 28  0.619996  1.120016
11 29  0.622271  0.824822
11 30  0.562133  0.805126
12 13  0.592822  0.757485
12 14  0.603067  1.142586
12 15  0.598530  0.975601
12 16  0.575453  0.866863
12 17  0.565018  0.805730
12 18  0.565299  0.777861
12 19  0.570051  0.683977
12 20  0.569709  0.683237
12 21  0.603274  0.992762
12 22  0.606244  0.966184
12 23  0.609136  0.888505
12 24  0.567826  0.805976
12 25  0.602399  1.140209
12 26  0.303397  0.496764
12 27  0.597275  0.996787
12 28  0.604279  1.054109
12 29  0.594735  0.755144
12 30  0.520763  0.726966
13 14  0.618842  1.165586
13 15  0.614127  0.993728
13 16  0.588466  0.887232
13 17  0.586078  0.829224
13 18  0.553781  0.774486
13 19  0.547397  0.669195
13 20  0.548826  0.670542
13 21  0.619065  1.014041
13 22  0.622278  0.987610
13 23  0.601857  0.885845
13 24  0.626545  0.864913
13 25  0.618274  1.161357
13 26  0.592451  0.752594
13 27  0.612696  1.017603
13 28  0.620145  1.076534
13 29  0.379692  0.588703
13 30  0.593164  0.794904
14 15  0.606047  1.370722
14 16  0.596293  1.277738
14 17  0.590847  1.219563
14 18  0.591062  1.197066
14 19  0.595997  1.104611
14 20  0.595677  1.103889
14 21  0.607669  1.387093
14 22  0.602237  1.320340
14 23  0.631601  1.298007
14 24  0.633775  1.257943
14 25  0.480588  1.531415
14 26  0.602841  1.151596
14 27  0.591905  1.354640
14 28  0.610151  1.448182
14 29  0.620888  1.175288
14 30  0.603138  1.193277
15 16  0.581493  1.106015
15 17  0.591350  1.049029
15 18  0.586603  1.017703
15 19  0.591483  0.926141
15 20  0.590906  0.925410
15 21  0.403534  1.123786
15 22  0.626936  1.205304
15 23  0.628360  1.126946
15 24  0.632300  1.085319
15 25  0.592398  1.315118
15 26  0.597957  0.972930
15 27  0.584049  1.214403
15 28  0.623777  1.289422
15 29  0.615808  0.997107
15 30  0.598635  1.014893
16 17  0.568729  0.921015
16 18  0.561033  0.903564
16 19  0.568316  0.813351
16 20  0.567480  0.809215
16 21  0.576676  1.034043
16 22  0.603636  1.063121
16 23  0.581649  0.987121
16 24  0.609414  0.968576
16 25  0.598423  1.246725
16 26  0.575314  0.859410
16 27  0.592385  1.115408
16 28  0.602047  1.178307
16 29  0.590573  0.871683
16 30  0.576034  0.902787
17 18  0.558704  0.848217
17 19  0.563459  0.754582
17 20  0.563120  0.753002
17 21  0.595115  1.033714
17 22  0.575851  0.970786
17 23  0.602503  0.953093
17 24  0.582844  0.892176
17 25  0.592680  1.192565
17 26  0.565032  0.791798
17 27  0.589287  1.057533
17 28  0.595043  1.122142
17 29  0.588143  0.823975
17 30  0.566939  0.840373
18 19  0.551445  0.712235
18 20  0.552352  0.717966
18 21  0.591225  1.029201
18 22  0.594954  1.005944
18 23  0.567900  0.893935
18 24  0.599092  0.880252
18 25  0.590009  1.155655
18 26  0.564923  0.770008
18 27  0.583342  1.014565
18 28  0.592569  1.080813
18 29  0.560487  0.773294
18 30  0.565642  0.810237
19 20  0.516335  0.590528
19 21  0.596548  0.939598
19 22  0.599795  0.912616
19 23  0.597750  0.827179
19 24  0.603868  0.789378
19 25  0.595476  1.084565
19 26  0.569684  0.677706
19 27  0.590249  0.939151
19 28  0.597518  0.999329
19 29  0.560176  0.677768
19 30  0.570406  0.719665
20 21  0.596201  0.936878
20 22  0.599455  0.910219
20 23  0.596119  0.822632
20 24  0.603529  0.788864
20 25  0.595160  1.086501
20 26  0.569344  0.677179
20 27  0.589939  0.940303
20 28  0.597175  1.000172
20 29  0.558396  0.676204
20 30  0.570066  0.719461
21 22  0.624483  1.160420
21 23  0.633509  1.131866
21 24  0.636784  1.091680
21 25  0.607360  1.333579
21 26  0.603207  0.983731
21 27  0.586998  1.231435
21 28  0.624395  1.298034
21 29  0.621016  1.001618
21 30  0.603905  1.028186
22 23  0.637717  1.095943
22 24  0.638234  1.055277
22 25  0.614387  1.345981
22 26  0.606274  0.957592
22 27  0.615679  1.181847
22 28  0.595944  1.255236
22 29  0.624493  0.982259
22 30  0.606876  1.001699
23 24  0.642947  0.982429
23 25  0.633063  1.280688
23 26  0.608865  0.881972
23 27  0.616601  1.080336
23 28  0.635451  1.174248
23 29  0.612883  0.898363
23 30  0.609580  0.921261
24 25  0.635438  1.235914
24 26  0.575201  0.820780
24 27  0.630279  1.075191
24 28  0.626737  1.101855
24 29  0.628547  0.861308
24 30  0.573910  0.841782
25 26  0.601792  1.117526
25 27  0.605157  1.355352
25 28  0.609443  1.373210
25 29  0.620031  1.146216
25 30  0.602356  1.151816
26 27  0.597048  0.989067
26 28  0.601845  1.037750
26 29  0.594361  0.748201
26 30  0.528513  0.724300
27 28  0.616646  1.233541
27 29  0.614418  1.012834
27 30  0.597685  1.023536
28 29  0.622210  1.071637
28 30  0.601672  1.059574
29 30  0.595083  0.790363
