  -1146.51832179
  -1146.88965240    -1146.77182323
0.00024617489195
2 2 2 2 2 2 2 2 2 2 2 2 2 2 2 0 0 0 0 0 0 0 0 0 0 0 0 0 0 0 
1  0.275077  0.365826
2  0.291018  0.370926
3  0.300323  0.414215
4  0.272660  0.297792
5  0.277304  0.286694
6  0.279494  0.285068
7  0.322503  0.414457
8  0.348800  0.623592
9  0.334567  0.526489
10  0.303523  0.339287
11  0.326842  0.548000
12  0.334670  0.615844
13  0.313655  0.774800
14  0.318314  0.749765
15  0.327208  0.622382
16  0.325735  0.567471
17  0.288956  0.422974
18  0.307092  0.438975
19  0.295936  0.388647
20  0.277151  0.296881
21  0.279735  0.290600
22  0.282444  0.287611
23  0.321899  0.718377
24  0.334603  0.534155
25  0.302022  0.332771
26  0.311099  0.740837
27  0.321921  0.410839
28  0.345134  0.619055
29  0.337202  0.623207
30  0.338490  0.629577
1 2  0.566053  0.734798
1 3  0.575323  0.775290
1 4  0.543795  0.657695
1 5  0.552158  0.652298
1 6  0.554304  0.650251
1 7  0.574335  0.761197
1 8  0.620940  0.966414
1 9  0.609288  0.885247
1 10  0.577509  0.703905
1 11  0.578588  0.867499
1 12  0.609304  0.970029
1 13  0.587616  1.128413
1 14  0.592465  1.113125
1 15  0.599025  0.984572
1 16  0.598912  0.927083
1 17  0.268021  0.544659
1 18  0.582163  0.804635
1 19  0.571004  0.754303
1 20  0.546598  0.658934
1 21  0.554687  0.656211
1 22  0.556839  0.653027
1 23  0.592164  1.081051
1 24  0.609645  0.899564
1 25  0.576308  0.697226
1 26  0.585465  1.103749
1 27  0.574791  0.756312
1 28  0.620075  0.983799
1 29  0.612243  0.988356
1 30  0.591716  0.989522
2 3  0.547957  0.753500
2 4  0.563677  0.668711
2 5  0.568321  0.657455
2 6  0.570511  0.655913
2 7  0.613478  0.782421
2 8  0.636148  0.975382
2 9  0.600407  0.853428
2 10  0.594537  0.709965
2 11  0.617334  0.911058
2 12  0.620368  0.980365
2 13  0.602552  1.143888
2 14  0.607508  1.111546
2 15  0.617731  0.984079
2 16  0.616732  0.937889
2 17  0.579913  0.793764
2 18  0.294864  0.556641
2 19  0.547642  0.729631
2 20  0.568166  0.667790
2 21  0.570752  0.661519
2 22  0.573461  0.658537
2 23  0.612270  1.087030
2 24  0.622379  0.902382
2 25  0.593034  0.703667
2 26  0.597136  1.103973
2 27  0.612936  0.781667
2 28  0.635968  0.989396
2 29  0.604229  0.982250
2 30  0.629382  0.999998
3 4  0.572982  0.711599
3 5  0.577626  0.700889
3 6  0.579816  0.699223
3 7  0.622794  0.827529
3 8  0.646335  1.017345
3 9  0.626232  0.924224
3 10  0.603842  0.753416
3 11  0.626472  0.949700
3 12  0.606237  0.963514
3 13  0.611779  1.165484
3 14  0.617765  1.161335
3 15  0.627146  1.034210
3 16  0.625955  0.981088
3 17  0.589054  0.836892
3 18  0.560388  0.810707
3 19  0.293469  0.550277
3 20  0.577466  0.711072
3 21  0.580058  0.704812
3 22  0.582766  0.701825
3 23  0.620931  1.131104
3 24  0.620548  0.944110
3 25  0.602340  0.746961
3 26  0.607033  1.147318
3 27  0.622206  0.824955
3 28  0.644491  1.032213
3 29  0.629425  1.021118
3 30  0.638368  1.042818
4 5  0.545930  0.580755
4 6  0.545961  0.576708
4 7  0.566444  0.692662
4 8  0.621448  0.920485
4 9  0.607224  0.824220
4 10  0.554807  0.616126
4 11  0.599323  0.843701
4 12  0.607328  0.912229
4 13  0.586295  1.068546
4 14  0.590854  1.043702
4 15  0.599024  0.918496
4 16  0.598113  0.864620
4 17  0.556003  0.717336
4 18  0.579739  0.736743
4 19  0.568588  0.686411
4 20  0.269229  0.326292
4 21  0.551353  0.587160
4 22  0.551730  0.582403
4 23  0.594498  1.016032
4 24  0.607239  0.831878
4 25  0.547636  0.604926
4 26  0.583753  1.038523
4 27  0.557901  0.675772
4 28  0.617707  0.916693
4 29  0.609841  0.920949
4 30  0.610680  0.927193
5 6  0.510215  0.526995
5 7  0.594582  0.694258
5 8  0.626073  0.909909
5 9  0.611862  0.812812
5 10  0.553045  0.599503
5 11  0.604060  0.834414
5 12  0.611970  0.902524
5 13  0.590957  1.061109
5 14  0.595590  1.034843
5 15  0.604123  0.906590
5 16  0.602347  0.853837
5 17  0.566093  0.709474
5 18  0.584377  0.725662
5 19  0.573234  0.675339
5 20  0.553375  0.582367
5 21  0.276084  0.302520
5 22  0.506732  0.523107
5 23  0.599116  1.005006
5 24  0.611885  0.820843
5 25  0.543162  0.585837
5 26  0.588299  1.027478
5 27  0.597351  0.696192
5 28  0.622277  0.905705
5 29  0.614457  0.909878
5 30  0.615744  0.916176
6 7  0.598668  0.696017
6 8  0.628281  0.908214
6 9  0.614058  0.811329
6 10  0.555054  0.600087
6 11  0.606281  0.832507
6 12  0.614163  0.900808
6 13  0.593147  1.059855
6 14  0.597803  1.034682
6 15  0.606616  0.906976
6 16  0.605099  0.852461
6 17  0.567625  0.707620
6 18  0.586583  0.724041
6 19  0.575430  0.673714
6 20  0.553219  0.578851
6 21  0.507529  0.525614
6 22  0.275802  0.289881
6 23  0.601355  1.003400
6 24  0.614095  0.819220
6 25  0.543730  0.582225
6 26  0.590573  1.025876
6 27  0.600581  0.695283
6 28  0.624613  0.904114
6 29  0.616690  0.908268
6 30  0.617892  0.914600
7 8  0.670119  1.026427
7 9  0.656762  0.933158
7 10  0.610773  0.737841
7 11  0.645053  0.950454
7 12  0.656999  1.028559
7 13  0.636024  1.186440
7 14  0.639559  1.144408
7 15  0.634680  0.991359
7 16  0.639931  0.979852
7 17  0.585667  0.812249
7 18  0.629467  0.853259
7 19  0.618410  0.803016
7 20  0.564499  0.680656
7 21  0.600252  0.703670
7 22  0.604169  0.701506
7 23  0.642725  1.128156
7 24  0.657028  0.948356
7 25  0.601245  0.726274
7 26  0.632645  1.153948
7 27  0.394099  0.629151
7 28  0.666687  1.032993
7 29  0.659387  1.037105
7 30  0.656994  1.035849
8 9  0.662023  1.080886
8 10  0.652261  0.962778
8 11  0.652575  1.087802
8 12  0.672707  1.193973
8 13  0.641148  1.372296
8 14  0.635544  1.356132
8 15  0.665805  1.216779
8 16  0.672211  1.187627
8 17  0.635606  1.045493
8 18  0.654812  1.061229
8 19  0.644492  1.011547
8 20  0.625844  0.920383
8 21  0.628532  0.914176
8 22  0.631240  0.911197
8 23  0.554546  1.250780
8 24  0.681764  1.155737
8 25  0.650740  0.956247
8 26  0.607674  1.266700
8 27  0.670533  1.033980
8 28  0.648082  1.233294
8 29  0.680661  1.239456
8 30  0.678781  1.249465
9 10  0.638062  0.865369
9 11  0.658203  1.047201
9 12  0.628328  1.112097
9 13  0.638659  1.296270
9 14  0.644899  1.255065
9 15  0.659130  1.125259
9 16  0.660116  1.092369
9 17  0.623306  0.948971
9 18  0.626503  0.960810
9 19  0.626637  0.911817
9 20  0.611703  0.823322
9 21  0.614297  0.817076
9 22  0.617011  0.814098
9 23  0.653321  1.233845
9 24  0.631793  1.046332
9 25  0.636560  0.859193
9 26  0.617622  1.207849
9 27  0.656482  0.937052
9 28  0.678076  1.143660
9 29  0.457053  1.019975
9 30  0.672595  1.154241
10 11  0.630239  0.887018
10 12  0.638181  0.954526
10 13  0.617173  1.109445
10 14  0.621646  1.080041
10 15  0.629232  0.952639
10 16  0.628060  0.906068
10 17  0.591751  0.760831
10 18  0.610557  0.778228
10 19  0.599435  0.727912
10 20  0.551857  0.608872
10 21  0.546182  0.595904
10 22  0.548356  0.591925
10 23  0.625384  1.057501
10 24  0.638049  0.873389
10 25  0.375584  0.462082
10 26  0.614446  1.079947
10 27  0.602642  0.728758
10 28  0.648213  0.958191
10 29  0.640593  0.962407
10 30  0.641953  0.968452
11 12  0.658588  1.134139
11 13  0.635148  1.299490
11 14  0.639730  1.292430
11 15  0.614120  1.143544
11 16  0.619417  1.089958
11 17  0.599087  0.966459
11 18  0.633854  0.986324
11 19  0.622758  0.936105
11 20  0.603575  0.844683
11 21  0.606571  0.838532
11 22  0.609242  0.835585
11 23  0.626398  1.232403
11 24  0.661262  1.080598
11 25  0.628732  0.880418
11 26  0.634640  1.270124
11 27  0.646299  0.955910
11 28  0.670098  1.164089
11 29  0.663688  1.168247
11 30  0.415507  1.041350
12 13  0.627009  1.288126
12 14  0.648873  1.347801
12 15  0.660278  1.233003
12 16  0.659958  1.180289
12 17  0.622968  1.037631
12 18  0.632778  1.034822
12 19  0.605830  0.991442
12 20  0.611799  0.912665
12 21  0.614405  0.906434
12 22  0.617111  0.903448
12 23  0.652226  1.328951
12 24  0.454153  1.022053
12 25  0.636681  0.948560
12 26  0.633636  1.333640
12 27  0.656455  1.026282
12 28  0.674853  1.228802
12 29  0.631754  1.174969
12 30  0.671919  1.241372
13 14  0.611923  1.393574
13 15  0.638287  1.370003
13 16  0.635862  1.322444
13 17  0.600928  1.195269
13 18  0.616319  1.204174
13 19  0.604705  1.154291
13 20  0.590762  1.071592
13 21  0.593373  1.065324
13 22  0.596077  1.062366
13 23  0.614403  1.484170
13 24  0.621314  1.246867
13 25  0.615676  1.107436
13 26  0.566100  1.501299
13 27  0.634790  1.183453
13 28  0.606869  1.297620
13 29  0.638391  1.371651
13 30  0.647933  1.395940
14 15  0.623468  1.255971
14 16  0.621815  1.280968
14 17  0.604780  1.163533
14 18  0.624137  1.186741
14 19  0.613442  1.135786
14 20  0.595425  1.046547
14 21  0.597877  1.040288
14 22  0.600679  1.037336
14 23  0.602504  1.433589
14 24  0.649726  1.272449
14 25  0.620183  1.082389
14 26  0.609411  1.481741
14 27  0.637129  1.156980
14 28  0.547757  1.277532
14 29  0.651362  1.366918
14 30  0.648471  1.339642
15 16  0.403521  1.053673
15 17  0.611607  1.026969
15 18  0.633854  1.060172
15 19  0.622952  1.010424
15 20  0.604209  0.918897
15 21  0.606139  0.912679
15 22  0.609460  0.909907
15 23  0.641570  1.307849
15 24  0.661272  1.154593
15 25  0.628044  0.954706
15 26  0.634478  1.355856
15 27  0.636495  1.028184
15 28  0.664364  1.237934
15 29  0.663284  1.241506
15 30  0.626230  1.179734
16 17  0.609547  0.979822
16 18  0.632080  0.990744
16 19  0.621074  0.946854
16 20  0.601911  0.863643
16 21  0.604983  0.855718
16 22  0.608028  0.854381
16 23  0.642615  1.280920
16 24  0.656875  1.071721
16 25  0.626396  0.895177
16 26  0.631642  1.280480
16 27  0.632465  0.936151
16 28  0.647517  1.097235
16 29  0.660066  1.155842
16 30  0.620867  1.165696
17 18  0.595973  0.860914
17 19  0.584797  0.806834
17 20  0.561855  0.713527
17 21  0.568516  0.713454
17 22  0.571231  0.710206
17 23  0.608076  1.102270
17 24  0.623013  0.946349
17 25  0.589326  0.753926
17 26  0.599768  1.156089
17 27  0.585927  0.812052
17 28  0.632329  1.029720
17 29  0.625837  1.044575
17 30  0.598781  0.977456
18 19  0.557414  0.793759
18 20  0.584240  0.735800
18 21  0.586826  0.729235
18 22  0.589535  0.726464
18 23  0.627844  1.154627
18 24  0.633183  0.954146
18 25  0.609111  0.771047
18 26  0.615337  1.152601
18 27  0.628936  0.845422
18 28  0.649336  1.034061
18 29  0.614130  0.987614
18 30  0.645076  1.065538
19 20  0.573087  0.685416
19 21  0.575671  0.679161
19 22  0.578380  0.676190
19 23  0.615598  1.095033
19 24  0.603733  0.872888
19 25  0.597958  0.721384
19 26  0.604623  1.127359
19 27  0.617808  0.796743
19 28  0.637334  0.986231
19 29  0.627724  1.004177
19 30  0.633766  1.006422
20 21  0.551205  0.582157
20 22  0.552719  0.577697
20 23  0.598996  1.012251
20 24  0.611748  0.830866
20 25  0.557125  0.608670
20 26  0.588220  1.036060
20 27  0.569022  0.685207
20 28  0.622220  0.915847
20 29  0.614344  0.919828
20 30  0.615441  0.923477
21 22  0.514693  0.532620
21 23  0.601601  1.008671
21 24  0.614331  0.824435
21 25  0.554142  0.596443
21 26  0.590807  1.030393
21 27  0.595910  0.694013
21 28  0.624804  0.908433
21 29  0.616930  0.913017
21 30  0.618183  0.920126
22 23  0.604332  1.005974
22 24  0.617044  0.821566
22 25  0.556028  0.595518
22 26  0.593534  1.028287
22 27  0.600473  0.694496
22 28  0.627558  0.906163
22 29  0.619643  0.910572
22 30  0.620906  0.916944
23 24  0.647807  1.226810
23 25  0.623807  1.047745
23 26  0.614220  1.348719
23 27  0.643370  1.128186
23 28  0.632837  1.317463
23 29  0.654294  1.326782
23 30  0.637581  1.233695
24 25  0.636612  0.866686
24 26  0.636061  1.270013
24 27  0.656151  0.936596
24 28  0.658231  1.081944
24 29  0.628978  1.123035
24 30  0.670019  1.135623
25 26  0.613054  1.069198
25 27  0.609595  0.729280
25 28  0.646993  0.949898
25 29  0.639206  0.954028
25 30  0.640344  0.961014
26 27  0.632253  1.144933
26 28  0.635729  1.332413
26 29  0.627711  1.263045
26 30  0.646823  1.347401
27 28  0.664616  1.007013
27 29  0.658761  1.024740
27 30  0.657658  1.031596
28 29  0.671467  1.192568
28 30  0.673524  1.215264
29 30  0.673826  1.247110
