  -1146.51832179
  -1146.89455944    -1146.78259774
0.00004789609894
2 2 2 2 2 2 2 2 2 2 2 2 2 2 2 0 0 0 0 0 0 0 0 0 0 0 0 0 0 0 
1  0.286585  0.396597
2  0.299227  0.385987
3  0.308944  0.428226
4  0.277820  0.315950
5  0.280893  0.296188
6  0.282468  0.291731
7  0.333051  0.438836
8  0.368401  0.632337
9  0.349907  0.538003
10  0.308990  0.361435
11  0.342372  0.568852
12  0.349120  0.620384
13  0.325749  0.765533
14  0.333597  0.747918
15  0.344078  0.641719
16  0.342352  0.588196
17  0.301196  0.450790
18  0.315308  0.451609
19  0.305087  0.405081
20  0.282494  0.314166
21  0.283301  0.301354
22  0.285611  0.294126
23  0.336096  0.719126
24  0.350397  0.544121
25  0.307112  0.353945
26  0.323994  0.735169
27  0.332025  0.435077
28  0.363806  0.626009
29  0.351922  0.628259
30  0.354616  0.643512
1 2  0.585714  0.780222
1 3  0.595381  0.818166
1 4  0.560075  0.704809
1 5  0.567203  0.692570
1 6  0.568733  0.687368
1 7  0.595480  0.816269
1 8  0.651032  1.002392
1 9  0.635857  0.926229
1 10  0.594377  0.756073
1 11  0.602724  0.910708
1 12  0.634972  1.001677
1 13  0.610929  1.146272
1 14  0.619177  1.141088
1 15  0.626980  1.034991
1 16  0.626916  0.978626
1 17  0.288880  0.604659
1 18  0.601887  0.847932
1 19  0.591609  0.801512
1 20  0.563251  0.707284
1 21  0.569728  0.697637
1 22  0.571369  0.690281
1 23  0.617810  1.112684
1 24  0.636873  0.940317
1 25  0.592839  0.749030
1 26  0.609757  1.128465
1 27  0.596340  0.812432
1 28  0.650207  1.021239
1 29  0.638464  1.023811
1 30  0.618270  1.034218
2 3  0.564241  0.783044
2 4  0.577046  0.701920
2 5  0.580118  0.681840
2 6  0.581694  0.677571
2 7  0.632177  0.820521
2 8  0.663321  0.998038
2 9  0.621988  0.876310
2 10  0.608210  0.746982
2 11  0.640825  0.945936
2 12  0.642569  1.000322
2 13  0.622726  1.149236
2 14  0.630441  1.122643
2 15  0.642450  1.015932
2 16  0.641508  0.973736
2 17  0.600363  0.836556
2 18  0.309469  0.580729
2 19  0.565380  0.763339
2 20  0.581710  0.700118
2 21  0.582521  0.687329
2 22  0.584838  0.680111
2 23  0.634569  1.102449
2 24  0.646239  0.927745
2 25  0.606310  0.739887
2 26  0.617936  1.113956
2 27  0.631243  0.820960
2 28  0.662784  1.011487
2 29  0.626742  1.002736
2 30  0.653724  1.028798
3 4  0.586763  0.743328
3 5  0.589835  0.724383
3 6  0.591411  0.719811
3 7  0.641921  0.865419
3 8  0.674072  1.039050
3 9  0.649681  0.949843
3 10  0.617929  0.789422
3 11  0.650400  0.982108
3 12  0.627634  0.979936
3 13  0.632295  1.169519
3 14  0.641365  1.173297
3 15  0.652370  1.067191
3 16  0.651163  1.015677
3 17  0.609801  0.878672
3 18  0.577786  0.842197
3 19  0.309199  0.576543
3 20  0.591399  0.742347
3 21  0.592244  0.729571
3 22  0.594553  0.722348
3 23  0.643371  1.145885
3 24  0.644369  0.967198
3 25  0.616029  0.782128
3 26  0.628572  1.155810
3 27  0.640936  0.863175
3 28  0.671589  1.052887
3 29  0.653012  1.042748
3 30  0.662968  1.070797
4 5  0.554401  0.608183
4 6  0.553700  0.600774
4 7  0.582241  0.735634
4 8  0.646199  0.946766
4 9  0.627725  0.853810
4 10  0.565196  0.655599
4 11  0.619987  0.881552
4 12  0.626936  0.933843
4 13  0.603530  1.075393
4 14  0.611250  1.058733
4 15  0.620891  0.955217
4 16  0.619798  0.903197
4 17  0.573276  0.763623
4 18  0.593086  0.767520
4 19  0.582872  0.720989
4 20  0.278463  0.363485
4 21  0.559946  0.615849
4 22  0.559857  0.607065
4 23  0.613790  1.034861
4 24  0.628139  0.859979
4 25  0.557905  0.645252
4 26  0.601804  1.050934
4 27  0.573582  0.718935
4 28  0.641470  0.941707
4 29  0.629691  0.944125
4 30  0.631945  0.959260
5 6  0.517006  0.544942
5 7  0.608136  0.726348
5 8  0.649246  0.927971
5 9  0.630783  0.833527
5 10  0.561695  0.631117
5 11  0.623162  0.864696
5 12  0.630003  0.916543
5 13  0.606638  1.061031
5 14  0.614446  1.041532
5 15  0.624473  0.934138
5 16  0.622431  0.883993
5 17  0.581881  0.746695
5 18  0.596163  0.747781
5 19  0.585968  0.701264
5 20  0.562213  0.608971
5 21  0.282480  0.324538
5 22  0.513922  0.540754
5 23  0.616869  1.015202
5 24  0.631250  0.840295
5 25  0.551768  0.617914
5 26  0.604741  1.031260
5 27  0.610891  0.729848
5 28  0.644504  0.922127
5 29  0.632739  0.924404
5 30  0.635453  0.939551
6 7  0.611807  0.726373
6 8  0.650845  0.923315
6 9  0.632369  0.829342
6 10  0.563388  0.629962
6 11  0.624770  0.859675
6 12  0.631584  0.911850
6 13  0.608215  1.057197
6 14  0.616052  1.039520
6 15  0.626414  0.932908
6 16  0.624679  0.879819
6 17  0.582650  0.742039
6 18  0.597774  0.743336
6 19  0.587554  0.696810
6 20  0.561369  0.602811
6 21  0.514527  0.544724
6 22  0.281492  0.303524
6 23  0.618483  1.010788
6 24  0.632864  0.835847
6 25  0.551850  0.611249
6 26  0.606433  1.026850
6 27  0.613574  0.726095
6 28  0.646262  0.917727
6 29  0.634385  0.919975
6 30  0.636909  0.935173
7 8  0.699857  1.057576
7 9  0.682446  0.966677
7 10  0.626278  0.782858
7 11  0.670626  0.994366
7 12  0.681832  1.056772
7 13  0.658602  1.201461
7 14  0.665117  1.165495
7 15  0.660404  1.029940
7 16  0.666582  1.024985
7 17  0.608588  0.865768
7 18  0.648193  0.890236
7 19  0.638114  0.843811
7 20  0.580542  0.722485
7 21  0.614260  0.738725
7 22  0.617775  0.732293
7 23  0.667388  1.152899
7 24  0.683356  0.982698
7 25  0.616679  0.771242
7 26  0.655987  1.172435
7 27  0.413766  0.683406
7 28  0.695884  1.064373
7 29  0.684623  1.066473
7 30  0.683644  1.074885
8 9  0.693540  1.098365
8 10  0.677329  0.993594
8 11  0.683662  1.112057
8 12  0.705114  1.207198
8 13  0.672928  1.372930
8 14  0.669977  1.364091
8 15  0.700781  1.244305
8 16  0.708166  1.217530
8 17  0.667279  1.081930
8 18  0.682511  1.082311
8 19  0.673181  1.036830
8 20  0.650718  0.946368
8 21  0.651693  0.933645
8 22  0.654007  0.926446
8 23  0.584747  1.260049
8 24  0.716808  1.175001
8 25  0.675403  0.986067
8 26  0.638861  1.278025
8 27  0.700213  1.066933
8 28  0.686372  1.249565
8 29  0.714369  1.253236
8 30  0.713162  1.272200
9 10  0.658861  0.898835
9 11  0.687991  1.077265
9 12  0.656648  1.128193
9 13  0.666279  1.298931
9 14  0.674585  1.263324
9 15  0.690329  1.152968
9 16  0.691939  1.124842
9 17  0.650825  0.988158
9 18  0.649375  0.983897
9 19  0.651005  0.940184
9 20  0.632358  0.852089
9 21  0.633193  0.839340
9 22  0.635518  0.832125
9 23  0.682516  1.245932
9 24  0.662608  1.068908
9 25  0.656944  0.891862
9 26  0.645426  1.218733
9 27  0.681917  0.972802
9 28  0.711841  1.162661
9 29  0.484793  1.033621
9 30  0.703896  1.179557
10 11  0.651214  0.929641
10 12  0.658096  0.980623
10 13  0.634732  1.119654
10 14  0.642338  1.096784
10 15  0.651289  0.990782
10 16  0.649963  0.948779
10 17  0.609386  0.810692
10 18  0.624176  0.812986
10 19  0.614014  0.766472
10 20  0.562689  0.649451
10 21  0.555008  0.630200
10 22  0.556909  0.621741
10 23  0.645061  1.080306
10 24  0.659222  0.905456
10 25  0.385473  0.511258
10 26  0.632784  1.096298
10 27  0.618085  0.774635
10 28  0.672283  0.987170
10 29  0.660715  0.989559
10 30  0.663515  1.004414
11 12  0.687835  1.156067
11 13  0.662316  1.309225
11 14  0.670426  1.311643
11 15  0.645658  1.184643
11 16  0.651872  1.133497
11 17  0.625637  1.014525
11 18  0.657560  1.019649
11 19  0.647383  0.973494
11 20  0.624413  0.882783
11 21  0.625666  0.870060
11 22  0.627897  0.862930
11 23  0.655260  1.256787
11 24  0.692472  1.111714
11 25  0.649289  0.922240
11 26  0.662821  1.285819
11 27  0.671812  1.001398
11 28  0.704037  1.192341
11 29  0.693774  1.193692
11 30  0.446723  1.077457
12 13  0.651984  1.285486
12 14  0.678012  1.351505
12 15  0.690755  1.256527
12 16  0.690888  1.205153
12 17  0.649537  1.069950
12 18  0.655663  1.055333
12 19  0.629279  1.012883
12 20  0.631544  0.934444
12 21  0.632421  0.921709
12 22  0.634723  0.914494
12 23  0.680523  1.335027
12 24  0.481425  1.031528
12 25  0.656195  0.974226
12 26  0.660970  1.334134
12 27  0.681014  1.054958
12 28  0.707351  1.240144
12 29  0.661056  1.193169
12 30  0.702270  1.260358
13 14  0.638549  1.388293
13 15  0.667015  1.380166
13 16  0.664269  1.334580
13 17  0.625085  1.213668
13 18  0.636684  1.207886
13 19  0.625362  1.162151
13 20  0.608146  1.079528
13 21  0.609020  1.066774
13 22  0.611321  1.059593
13 23  0.640771  1.477586
13 24  0.648398  1.253199
13 25  0.632859  1.119259
13 26  0.590921  1.486772
13 27  0.656868  1.198122
13 28  0.636471  1.303710
13 29  0.664968  1.370021
13 30  0.675900  1.400986
14 15  0.652492  1.270071
14 16  0.652514  1.303087
14 17  0.632404  1.189642
14 18  0.647261  1.197618
14 19  0.637786  1.149799
14 20  0.616050  1.061932
14 21  0.616650  1.049159
14 22  0.619107  1.041988
14 23  0.632577  1.436330
14 24  0.680436  1.280551
14 25  0.640503  1.101621
14 26  0.637135  1.476265
14 27  0.662355  1.179517
14 28  0.578252  1.282120
14 29  0.680967  1.371104
14 30  0.679848  1.356362
15 16  0.435765  1.095036
15 17  0.640825  1.075439
15 18  0.658798  1.092172
15 19  0.648999  1.045993
15 20  0.626360  0.955306
15 21  0.626402  0.942702
15 22  0.629460  0.935715
15 23  0.672504  1.330263
15 24  0.693815  1.183837
15 25  0.649904  0.995240
15 26  0.663728  1.369663
15 27  0.663354  1.071867
15 28  0.698766  1.264432
15 29  0.694607  1.266228
15 30  0.660170  1.220324
16 17  0.637895  1.029213
16 18  0.656614  1.021143
16 19  0.646525  0.982754
16 20  0.623705  0.901190
16 21  0.625040  0.885939
16 22  0.627758  0.881405
16 23  0.673227  1.302418
16 24  0.688120  1.100201
16 25  0.647818  0.934815
16 26  0.660438  1.293134
16 27  0.657140  0.975063
16 28  0.678792  1.120135
16 29  0.690442  1.177407
16 30  0.652925  1.201856
17 18  0.616378  0.901224
17 19  0.606104  0.849495
17 20  0.579114  0.756663
17 21  0.584283  0.752042
17 22  0.586619  0.744403
17 23  0.633906  1.126854
17 24  0.650777  0.982201
17 25  0.606438  0.801903
17 26  0.624840  1.176813
17 27  0.607329  0.863807
17 28  0.662848  1.064384
17 29  0.652602  1.077240
17 30  0.623743  1.011173
18 19  0.574245  0.823217
18 20  0.597800  0.765656
18 21  0.598605  0.752225
18 22  0.600917  0.745517
18 23  0.650008  1.167883
18 24  0.656663  0.977104
18 25  0.622412  0.804274
18 26  0.636397  1.159267
18 27  0.647189  0.880591
18 28  0.675706  1.052700
18 29  0.635104  1.002946
18 30  0.669160  1.091710
19 20  0.587581  0.719004
19 21  0.588386  0.706295
19 22  0.590697  0.699083
19 23  0.638405  1.110287
19 24  0.626277  0.895451
19 25  0.612195  0.758988
19 26  0.626577  1.137781
19 27  0.637007  0.836447
19 28  0.664262  1.008048
19 29  0.651120  1.025897
19 30  0.658665  1.034148
20 21  0.559797  0.609966
20 22  0.560858  0.600999
20 23  0.618520  1.028555
20 24  0.632887  0.857961
20 25  0.567291  0.646602
20 26  0.606459  1.046519
20 27  0.584573  0.727404
20 28  0.646227  0.939989
20 29  0.634411  0.941945
20 30  0.636904  0.953285
21 22  0.521650  0.551539
21 23  0.619347  1.019807
21 24  0.633680  0.844948
21 25  0.562526  0.628284
21 26  0.607233  1.034403
21 27  0.609085  0.727276
21 28  0.646977  0.925373
21 29  0.635199  0.927982
21 30  0.637854  0.944782
22 23  0.621693  1.013219
22 24  0.636000  0.837914
22 25  0.564301  0.624599
22 26  0.609580  1.029052
22 27  0.613340  0.724526
22 28  0.649366  0.919402
22 29  0.637522  0.921971
22 30  0.640190  0.937269
23 24  0.676909  1.236932
23 25  0.643046  1.067499
23 26  0.640766  1.347260
23 27  0.667632  1.152983
23 28  0.665627  1.326771
23 29  0.682660  1.333245
23 30  0.665051  1.246111
24 25  0.657486  0.897759
24 26  0.665024  1.274740
24 27  0.681818  0.968677
24 28  0.689089  1.096364
24 29  0.657923  1.138285
24 30  0.701011  1.157151
25 26  0.630989  1.081872
25 27  0.624401  0.773372
25 28  0.670694  0.977244
25 29  0.658997  0.978881
25 30  0.661489  0.995099
26 27  0.655012  1.162100
26 28  0.666591  1.334570
26 29  0.653996  1.264069
26 30  0.675451  1.356002
27 28  0.692762  1.034781
27 29  0.683334  1.051219
27 30  0.683482  1.069070
28 29  0.703555  1.204605
28 30  0.707209  1.236930
29 30  0.703859  1.265743
