  -1146.51832179
  -1146.89496408    -1146.78349450
0.00002601749455
2 2 2 2 2 2 2 2 2 2 2 2 2 2 2 0 0 0 0 0 0 0 0 0 0 0 0 0 0 0 
1  0.287690  0.400190
2  0.299807  0.387866
3  0.309493  0.430205
4  0.278199  0.318492
5  0.281155  0.297501
6  0.282705  0.292678
7  0.334080  0.442340
8  0.370160  0.632862
9  0.351233  0.538806
10  0.309391  0.364684
11  0.343770  0.571602
12  0.350357  0.620622
13  0.326934  0.763584
14  0.334913  0.747216
15  0.345685  0.644247
16  0.343913  0.591195
17  0.302385  0.453985
18  0.315829  0.453505
19  0.305751  0.406985
20  0.282896  0.316482
21  0.283548  0.302890
22  0.285847  0.295006
23  0.337383  0.718416
24  0.351767  0.544934
25  0.307489  0.357045
26  0.325157  0.733887
27  0.333051  0.438717
28  0.365482  0.626736
29  0.353192  0.628290
30  0.356024  0.644875
1 2  0.587388  0.785609
1 3  0.597019  0.823445
1 4  0.561540  0.710680
1 5  0.568566  0.697478
1 6  0.570071  0.691840
1 7  0.597529  0.823235
1 8  0.653796  1.006049
1 9  0.638236  0.930420
1 10  0.595875  0.762790
1 11  0.604955  0.916026
1 12  0.637266  1.005021
1 13  0.613174  1.147533
1 14  0.621584  1.143906
1 15  0.629651  1.041097
1 16  0.629569  0.985214
1 17  0.290944  0.612092
1 18  0.603513  0.853396
1 19  0.593357  0.807011
1 20  0.564757  0.713258
1 21  0.571078  0.702756
1 22  0.572686  0.694749
1 23  0.620170  1.115582
1 24  0.639327  0.944722
1 25  0.594319  0.755694
1 26  0.611990  1.130747
1 27  0.598470  0.819730
1 28  0.652984  1.025536
1 29  0.640836  1.027381
1 30  0.620753  1.039196
2 3  0.565303  0.786867
2 4  0.578005  0.706338
2 5  0.580959  0.685003
2 6  0.582510  0.680384
2 7  0.633774  0.825689
2 8  0.665613  1.000358
2 9  0.623807  0.878651
2 10  0.609190  0.752082
2 11  0.642763  0.950422
2 12  0.644361  1.002434
2 13  0.624491  1.149142
2 14  0.632284  1.123654
2 15  0.644583  1.020022
2 16  0.643628  0.978632
2 17  0.602128  0.841615
2 18  0.310595  0.583995
2 19  0.566644  0.767366
2 20  0.582686  0.704312
2 21  0.583343  0.690744
2 22  0.585653  0.682870
2 23  0.636437  1.103602
2 24  0.648180  0.930472
2 25  0.607256  0.744866
2 26  0.619617  1.114636
2 27  0.632843  0.826480
2 28  0.665033  1.014102
2 29  0.628591  1.004677
2 30  0.655704  1.032006
3 4  0.587691  0.747760
3 5  0.590645  0.727674
3 6  0.592197  0.722714
3 7  0.643492  0.870818
3 8  0.676354  1.041466
3 9  0.651506  0.952571
3 10  0.618878  0.794616
3 11  0.652306  0.986544
3 12  0.629350  0.981904
3 13  0.634040  1.169435
3 14  0.643228  1.174540
3 15  0.654490  1.071640
3 16  0.653276  1.020612
3 17  0.611504  0.883842
3 18  0.578857  0.846589
3 19  0.310362  0.579967
3 20  0.592340  0.746641
3 21  0.593037  0.733086
3 22  0.595339  0.725208
3 23  0.645182  1.147173
3 24  0.646261  0.969927
3 25  0.616949  0.787203
3 26  0.630285  1.156566
3 27  0.642510  0.868788
3 28  0.673808  1.055543
3 29  0.654849  1.045048
3 30  0.664869  1.074149
4 5  0.555032  0.612038
4 6  0.554302  0.604185
4 7  0.583676  0.741815
4 8  0.648335  0.949723
4 9  0.629429  0.857138
4 10  0.565962  0.661302
4 11  0.621765  0.886658
4 12  0.628551  0.936429
4 13  0.605091  1.075677
4 14  0.612939  1.060395
4 15  0.622856  0.960189
4 16  0.621728  0.908694
4 17  0.574846  0.769416
4 18  0.593978  0.771954
4 19  0.583904  0.725434
4 20  0.279160  0.368861
4 21  0.560569  0.619909
4 22  0.560472  0.610512
4 23  0.615452  1.036682
4 24  0.629873  0.863331
4 25  0.558651  0.651036
4 26  0.603347  1.052183
4 27  0.575026  0.725223
4 28  0.643518  0.944958
4 29  0.631334  0.946692
4 30  0.633727  0.963164
5 6  0.517506  0.547506
5 7  0.609397  0.730958
5 8  0.651264  0.929784
5 9  0.632369  0.835599
5 10  0.562344  0.635712
5 11  0.624819  0.868751
5 12  0.631499  0.918091
5 13  0.608084  1.060358
5 14  0.616020  1.042008
5 15  0.626328  0.937803
5 16  0.624240  0.888306
5 17  0.583330  0.751193
5 18  0.596939  0.750988
5 19  0.586892  0.704480
5 20  0.562872  0.612586
5 21  0.282979  0.327697
5 22  0.514450  0.543192
5 23  0.618415  1.015800
5 24  0.632878  0.842419
5 25  0.552400  0.622539
5 26  0.606157  1.031284
5 27  0.612172  0.734807
5 28  0.646442  0.924166
5 29  0.634261  0.925745
5 30  0.637122  0.942220
6 7  0.613046  0.730739
6 8  0.652838  0.924720
6 9  0.633930  0.831058
6 10  0.564032  0.634345
6 11  0.626404  0.863300
6 12  0.633057  0.912992
6 13  0.609636  1.056175
6 14  0.617603  1.039771
6 15  0.628252  0.936376
6 16  0.626478  0.883762
6 17  0.584055  0.746180
6 18  0.598531  0.746178
6 19  0.588455  0.699661
6 20  0.562005  0.606101
6 21  0.515037  0.547449
6 22  0.281954  0.305591
6 23  0.620001  1.011022
6 24  0.634471  0.837607
6 25  0.552461  0.615507
6 26  0.607830  1.026512
6 27  0.614828  0.730668
6 28  0.648177  0.919399
6 29  0.635892  0.920951
6 30  0.638544  0.937480
7 8  0.702606  1.061329
7 9  0.684772  0.970679
7 10  0.627695  0.789468
7 11  0.672991  1.000352
7 12  0.684072  1.060391
7 13  0.660804  1.203020
7 14  0.667429  1.168103
7 15  0.662824  1.035183
7 16  0.669122  1.031501
7 17  0.610828  0.872552
7 18  0.649727  0.895632
7 19  0.639810  0.849213
7 20  0.581996  0.728355
7 21  0.615531  0.743771
7 22  0.619034  0.736664
7 23  0.669697  1.155647
7 24  0.685761  0.987013
7 25  0.618086  0.777756
7 26  0.658171  1.174634
7 27  0.415770  0.691710
7 28  0.698571  1.068607
7 29  0.686899  1.070002
7 30  0.686059  1.079788
8 9  0.696345  1.099542
8 10  0.679488  0.997350
8 11  0.686405  1.114708
8 12  0.708006  1.207942
8 13  0.675825  1.371529
8 14  0.673023  1.364115
8 15  0.704031  1.247359
8 16  0.711466  1.221123
8 17  0.670189  1.085651
8 18  0.684789  1.084698
8 19  0.675598  1.039271
8 20  0.652881  0.949200
8 21  0.653697  0.935698
8 22  0.656002  0.927848
8 23  0.587561  1.259809
8 24  0.719918  1.176394
8 25  0.677532  0.989669
8 26  0.641674  1.278279
8 27  0.702993  1.071098
8 28  0.689746  1.250868
8 29  0.717319  1.253758
8 30  0.716187  1.274115
9 10  0.660589  0.902868
9 11  0.690604  1.080612
9 12  0.658995  1.129171
9 13  0.668797  1.297869
9 14  0.677186  1.263489
9 15  0.693183  1.156111
9 16  0.694801  1.128677
9 17  0.653345  0.992143
9 18  0.651200  0.986515
9 19  0.652996  0.942934
9 20  0.634075  0.855206
9 21  0.634758  0.841679
9 22  0.637080  0.833808
9 23  0.685073  1.246088
9 24  0.665205  1.070661
9 25  0.658633  0.895762
9 26  0.647894  1.218726
9 27  0.684264  0.977243
9 28  0.714834  1.164244
9 29  0.487268  1.034056
9 30  0.706622  1.181715
10 11  0.653010  0.935571
10 12  0.659734  0.984007
10 13  0.636317  1.120557
10 14  0.644044  1.098812
10 15  0.653284  0.996106
10 16  0.651911  0.955014
10 17  0.610966  0.817116
10 18  0.625077  0.818127
10 19  0.615065  0.771621
10 20  0.563497  0.655167
10 21  0.555648  0.635225
10 22  0.557547  0.626063
10 23  0.646747  1.082833
10 24  0.660970  0.909508
10 25  0.386222  0.518693
10 26  0.634343  1.098243
10 27  0.619523  0.781451
10 28  0.674344  0.991125
10 29  0.662362  0.992831
10 30  0.665318  1.009013
11 12  0.690397  1.158746
11 13  0.664852  1.309793
11 14  0.673126  1.313711
11 15  0.648578  1.189921
11 16  0.654856  1.139384
11 17  0.628130  1.020453
11 18  0.659479  1.024255
11 19  0.649429  0.978158
11 20  0.626196  0.887845
11 21  0.627310  0.874338
11 22  0.629521  0.866556
11 23  0.657832  1.259001
11 24  0.695219  1.115308
11 25  0.651053  0.928068
11 26  0.665322  1.287339
11 27  0.674209  1.007804
11 28  0.707090  1.195868
11 29  0.696442  1.196421
11 30  0.449556  1.081860
12 13  0.654322  1.284102
12 14  0.680510  1.351255
12 15  0.693507  1.259209
12 16  0.693686  1.208324
12 17  0.651931  1.073384
12 18  0.657428  1.057849
12 19  0.631184  1.015064
12 20  0.633172  0.936992
12 21  0.633904  0.923480
12 22  0.636197  0.915612
12 23  0.683035  1.334653
12 24  0.483792  1.031994
12 25  0.657805  0.977553
12 26  0.663363  1.333370
12 27  0.683272  1.058817
12 28  0.710180  1.241067
12 29  0.663479  1.194470
12 30  0.704878  1.262030
13 14  0.640920  1.386793
13 15  0.669778  1.380916
13 16  0.666974  1.335805
13 17  0.627431  1.214916
13 18  0.638408  1.207932
13 19  0.627158  1.162216
13 20  0.609733  1.079880
13 21  0.610447  1.066357
13 22  0.612740  1.058522
13 23  0.643148  1.475151
13 24  0.650892  1.252623
13 25  0.634421  1.120397
13 26  0.593173  1.483527
13 27  0.659044  1.199773
13 28  0.639234  1.303530
13 29  0.667403  1.368435
13 30  0.678472  1.400489
14 15  0.655107  1.271646
14 16  0.655227  1.305684
14 17  0.634930  1.192122
14 18  0.649045  1.198817
14 19  0.639762  1.150974
14 20  0.617769  1.063538
14 21  0.618196  1.049986
14 22  0.620660  1.042163
14 23  0.635191  1.435364
14 24  0.683089  1.280734
14 25  0.642185  1.104001
14 26  0.639533  1.474508
14 27  0.664676  1.182448
14 28  0.580974  1.282080
14 29  0.683536  1.370567
14 30  0.682561  1.357529
15 16  0.438742  1.100910
15 17  0.643623  1.081260
15 18  0.660882  1.096604
15 19  0.651265  1.050391
15 20  0.628360  0.960119
15 21  0.628243  0.946770
15 22  0.631304  0.939121
15 23  0.675398  1.332438
15 24  0.696778  1.187170
15 25  0.651882  1.000872
15 26  0.666482  1.370951
15 27  0.665969  1.078043
15 28  0.701932  1.267707
15 29  0.697453  1.268844
15 30  0.663243  1.224857
16 17  0.640580  1.035412
16 18  0.658651  1.025621
16 19  0.648703  0.987498
16 20  0.625645  0.906437
16 21  0.626841  0.890280
16 22  0.629549  0.885246
16 23  0.676050  1.304717
16 24  0.690927  1.103829
16 25  0.649750  0.940611
16 26  0.663090  1.294469
16 27  0.659513  0.980765
16 28  0.681642  1.123197
16 29  0.693165  1.179948
16 30  0.655835  1.206309
17 18  0.618078  0.906272
17 19  0.607943  0.854369
17 20  0.580688  0.761906
17 21  0.585717  0.756773
17 22  0.588043  0.748444
17 23  0.636314  1.129030
17 24  0.653298  0.985961
17 25  0.607989  0.808051
17 26  0.627180  1.178692
17 27  0.609442  0.870514
17 28  0.665675  1.068253
17 29  0.655031  1.080413
17 30  0.626027  1.014798
18 19  0.575364  0.826932
18 20  0.598723  0.769861
18 21  0.599372  0.755578
18 22  0.601673  0.748273
18 23  0.651816  1.169055
18 24  0.658509  0.979768
18 25  0.623309  0.809170
18 26  0.638099  1.159900
18 27  0.648725  0.885844
18 28  0.677880  1.055236
18 29  0.636834  1.004623
18 30  0.671064  1.094892
19 20  0.588647  0.723197
19 21  0.589296  0.709723
19 22  0.591597  0.701854
19 23  0.640316  1.111346
19 24  0.628186  0.897831
19 25  0.613236  0.763990
19 26  0.628403  1.138388
19 27  0.638687  0.841831
19 28  0.666528  1.010555
19 29  0.653017  1.027819
19 30  0.660695  1.037119
20 21  0.560438  0.613832
20 22  0.561482  0.604157
20 23  0.620209  1.029908
20 24  0.634659  0.861057
20 25  0.568057  0.652005
20 26  0.608024  1.047416
20 27  0.586026  0.733504
20 28  0.648301  0.943009
20 29  0.636083  0.944271
20 30  0.638710  0.956758
21 22  0.522132  0.554250
21 23  0.620880  1.020582
21 24  0.635294  0.847261
21 25  0.563138  0.632902
21 26  0.608636  1.034482
21 27  0.610330  0.732227
21 28  0.648890  0.927505
21 29  0.636711  0.929397
21 30  0.639507  0.947676
22 23  0.623216  1.013384
22 24  0.637605  0.839580
22 25  0.564920  0.628801
22 26  0.610974  1.028637
22 27  0.614569  0.728962
22 28  0.651274  0.920961
22 29  0.639025  0.922849
22 30  0.641834  0.939480
23 24  0.679532  1.237090
23 25  0.644701  1.069559
23 26  0.643129  1.345975
23 27  0.669938  1.155886
23 28  0.668552  1.327036
23 29  0.685155  1.332753
23 30  0.667461  1.246920
24 25  0.659231  0.901661
24 26  0.667587  1.274347
24 27  0.684178  0.972822
24 28  0.691818  1.097716
24 29  0.660337  1.139112
24 30  0.703725  1.159190
25 26  0.632527  1.083288
25 27  0.625804  0.779957
25 28  0.672741  0.980945
25 29  0.660643  0.981805
25 30  0.663268  0.999409
26 27  0.657157  1.164235
26 28  0.669376  1.334049
26 29  0.656345  1.263249
26 30  0.677966  1.356311
27 28  0.695389  1.038587
27 29  0.685591  1.054466
27 30  0.685862  1.073892
28 29  0.706400  1.205403
28 30  0.710195  1.239146
29 30  0.706477  1.267060
