  -1146.51832179
  -1146.89516442    -1146.78394253
0.00001897390504
2 2 2 2 2 2 2 2 2 2 2 2 2 2 2 0 0 0 0 0 0 0 0 0 0 0 0 0 0 0 
1  0.288221  0.402129
2  0.300247  0.388715
3  0.309900  0.431014
4  0.278368  0.320012
5  0.281267  0.298287
6  0.282822  0.293231
7  0.334580  0.444105
8  0.371180  0.632989
9  0.352008  0.539348
10  0.309582  0.366554
11  0.344518  0.572789
12  0.351030  0.620751
13  0.327548  0.762775
14  0.335637  0.746788
15  0.346528  0.645396
16  0.344730  0.592678
17  0.302974  0.455827
18  0.316208  0.454337
19  0.306203  0.407883
20  0.283056  0.317905
21  0.283658  0.303814
22  0.285969  0.295511
23  0.338131  0.717977
24  0.352503  0.545301
25  0.307677  0.358883
26  0.325734  0.733137
27  0.333533  0.440501
28  0.366449  0.626932
29  0.353880  0.628409
30  0.356831  0.645567
1 2  0.588353  0.788360
1 3  0.597948  0.826031
1 4  0.562232  0.713985
1 5  0.569206  0.700203
1 6  0.570718  0.694299
1 7  0.598517  0.826898
1 8  0.655298  1.007934
1 9  0.639512  0.932801
1 10  0.596594  0.766527
1 11  0.606107  0.918650
1 12  0.638444  1.006834
1 13  0.614285  1.148444
1 14  0.622840  1.145357
1 15  0.631004  1.044198
1 16  0.630915  0.988626
1 17  0.291982  0.616112
1 18  0.604423  0.856152
1 19  0.594329  0.809849
1 20  0.565440  0.716655
1 21  0.571720  0.705614
1 22  0.573326  0.697189
1 23  0.621428  1.117089
1 24  0.640582  0.947025
1 25  0.595036  0.759460
1 26  0.613087  1.131926
1 27  0.599473  0.823515
1 28  0.654477  1.027665
1 29  0.642054  1.029410
1 30  0.622063  1.041827
2 3  0.566079  0.788546
2 4  0.578614  0.708705
2 5  0.581510  0.686621
2 6  0.583068  0.681781
2 7  0.634706  0.828179
2 8  0.667048  1.001308
2 9  0.624948  0.879885
2 10  0.609821  0.754785
2 11  0.643925  0.952394
2 12  0.645447  1.003420
2 13  0.625539  1.149167
2 14  0.633416  1.123975
2 15  0.645830  1.021860
2 16  0.644875  0.980970
2 17  0.603156  0.844297
2 18  0.311350  0.585562
2 19  0.567546  0.769226
2 20  0.583284  0.706585
2 21  0.583890  0.692519
2 22  0.586215  0.684224
2 23  0.637611  1.104002
2 24  0.649355  0.931707
2 25  0.607877  0.747556
2 26  0.620622  1.114786
2 27  0.633762  0.829114
2 28  0.666434  1.015151
2 29  0.629719  1.005671
2 30  0.656954  1.033531
3 4  0.588267  0.750032
3 5  0.591164  0.729268
3 6  0.592721  0.724066
3 7  0.644395  0.873336
3 8  0.677759  1.042395
3 9  0.652644  0.953928
3 10  0.619477  0.797276
3 11  0.653446  0.988389
3 12  0.630390  0.982741
3 13  0.635068  1.169420
3 14  0.644356  1.174913
3 15  0.655722  1.073563
3 16  0.654503  1.022880
3 17  0.612483  0.886494
3 18  0.579650  0.848467
3 19  0.311173  0.581553
3 20  0.592902  0.748874
3 21  0.593554  0.734818
3 22  0.595868  0.726521
3 23  0.646315  1.147550
3 24  0.647398  0.971073
3 25  0.617541  0.789850
3 26  0.631272  1.156660
3 27  0.643400  0.871377
3 28  0.675179  1.056530
3 29  0.655949  1.046102
3 30  0.666059  1.075655
4 5  0.555313  0.614341
4 6  0.554585  0.606208
4 7  0.584369  0.745164
4 8  0.649522  0.951306
4 9  0.630372  0.859188
4 10  0.566315  0.664634
4 11  0.622684  0.889251
4 12  0.629393  0.937960
4 13  0.605871  1.076204
4 14  0.613827  1.061371
4 15  0.623861  0.962801
4 16  0.622707  0.911666
4 17  0.575601  0.772810
4 18  0.594523  0.774303
4 19  0.584518  0.727852
4 20  0.279499  0.372052
4 21  0.560847  0.622343
4 22  0.560761  0.612552
4 23  0.616366  1.037757
4 24  0.630771  0.865216
4 25  0.559007  0.654489
4 26  0.604094  1.052946
4 27  0.575703  0.728597
4 28  0.644645  0.946664
4 29  0.632190  0.948326
4 30  0.634699  0.965376
5 6  0.517733  0.549025
5 7  0.609997  0.733390
5 8  0.652394  0.930680
5 9  0.633254  0.836898
5 10  0.562648  0.638392
5 11  0.625677  0.870717
5 12  0.632283  0.919004
5 13  0.608810  1.060311
5 14  0.616854  1.042292
5 15  0.627279  0.939642
5 16  0.625163  0.890573
5 17  0.584032  0.753818
5 18  0.597427  0.752605
5 19  0.587455  0.706163
5 20  0.563144  0.614787
5 21  0.283198  0.329563
5 22  0.514690  0.544636
5 23  0.619273  1.016144
5 24  0.633726  0.843570
5 25  0.552700  0.625302
5 26  0.606841  1.031316
5 27  0.612767  0.737380
5 28  0.647518  0.925147
5 29  0.635056  0.926648
5 30  0.638040  0.943694
6 7  0.613650  0.733015
6 8  0.653974  0.925369
6 9  0.634821  0.832138
6 10  0.564344  0.636877
6 11  0.627268  0.865004
6 12  0.633847  0.913655
6 13  0.610368  1.055911
6 14  0.618443  1.039900
6 15  0.629210  0.938077
6 16  0.627415  0.885794
6 17  0.584745  0.748575
6 18  0.599028  0.747563
6 19  0.589025  0.701112
6 20  0.562283  0.608092
6 21  0.515268  0.549084
6 22  0.282189  0.306756
6 23  0.620863  1.011135
6 24  0.635325  0.838527
6 25  0.552769  0.618026
6 26  0.608525  1.026314
6 27  0.615426  0.732999
6 28  0.649261  0.920148
6 29  0.636698  0.921623
6 30  0.639463  0.938724
7 8  0.704108  1.063071
7 9  0.686027  0.972788
7 10  0.628384  0.793027
7 11  0.674216  1.003186
7 12  0.685231  1.062211
7 13  0.661912  1.203980
7 14  0.668630  1.169388
7 15  0.664066  1.037726
7 16  0.670417  1.034748
7 17  0.611917  0.876222
7 18  0.650598  0.898228
7 19  0.640764  0.851874
7 20  0.582675  0.731578
7 21  0.616141  0.746458
7 22  0.619653  0.738925
7 23  0.670931  1.156944
7 24  0.687000  0.989143
7 25  0.618781  0.781315
7 26  0.659240  1.175632
7 27  0.416732  0.695863
7 28  0.700036  1.070570
7 29  0.688079  1.071886
7 30  0.687354  1.082287
8 9  0.697971  1.100122
8 10  0.680700  0.999338
8 11  0.687919  1.115766
8 12  0.709621  1.208230
8 13  0.677442  1.370918
8 14  0.674696  1.363905
8 15  0.705839  1.248660
8 16  0.713295  1.222756
8 17  0.671779  1.087619
8 18  0.686189  1.085639
8 19  0.677064  1.040300
8 20  0.654056  0.950744
8 21  0.654827  0.936745
8 22  0.657139  0.928479
8 23  0.589159  1.259522
8 24  0.721659  1.176914
8 25  0.678724  0.991621
8 26  0.643227  1.278139
8 27  0.704494  1.073008
8 28  0.691695  1.251209
8 29  0.718983  1.254007
8 30  0.717905  1.274943
9 10  0.661556  0.905265
9 11  0.692069  1.082257
9 12  0.660346  1.129860
9 13  0.670181  1.297629
9 14  0.678632  1.263578
9 15  0.694758  1.157675
9 16  0.696379  1.130712
9 17  0.654715  0.994515
9 18  0.652328  0.987857
9 19  0.654217  0.944395
9 20  0.635003  0.857172
9 21  0.635638  0.843145
9 22  0.637976  0.834854
9 23  0.686564  1.246192
9 24  0.666669  1.071617
9 25  0.659587  0.898143
9 26  0.649230  1.218775
9 27  0.685520  0.979567
9 28  0.716561  1.165006
9 29  0.488715  1.034603
9 30  0.708191  1.182947
10 11  0.653950  0.938587
10 12  0.660599  0.985947
10 13  0.637122  1.121400
10 14  0.644957  1.099979
10 15  0.654309  0.998880
10 16  0.652918  0.958358
10 17  0.611744  0.820814
10 18  0.625638  0.820827
10 19  0.615702  0.774388
10 20  0.563856  0.658564
10 21  0.555949  0.638164
10 22  0.557858  0.628558
10 23  0.647687  1.084258
10 24  0.661889  0.911740
10 25  0.386602  0.522963
10 26  0.635109  1.099350
10 27  0.620198  0.785079
10 28  0.675499  0.993179
10 29  0.663233  0.994817
10 30  0.666313  1.011567
11 12  0.691800  1.159916
11 13  0.666182  1.310077
11 14  0.674590  1.314485
11 15  0.650122  1.192302
11 16  0.656432  1.142123
11 17  0.629422  1.023456
11 18  0.660605  1.026252
11 19  0.650622  0.980248
11 20  0.627103  0.890453
11 21  0.628169  0.876443
11 22  0.630388  0.868245
11 23  0.659264  1.259869
11 24  0.696693  1.116871
11 25  0.651986  0.931077
11 26  0.666620  1.287827
11 27  0.675432  1.010803
11 28  0.708790  1.197278
11 29  0.697875  1.197706
11 30  0.451113  1.083862
12 13  0.655535  1.283619
12 14  0.681887  1.351053
12 15  0.694984  1.260449
12 16  0.695171  1.209905
12 17  0.653166  1.075358
12 18  0.658480  1.058978
12 19  0.632308  1.016120
12 20  0.633999  0.938544
12 21  0.634686  0.924530
12 22  0.636992  0.916244
12 23  0.684437  1.334394
12 24  0.485149  1.032230
12 25  0.658664  0.979516
12 26  0.664602  1.332887
12 27  0.684423  1.060722
12 28  0.711780  1.241385
12 29  0.664828  1.195161
12 30  0.706346  1.262883
13 14  0.642235  1.385994
13 15  0.671208  1.381350
13 16  0.668365  1.336559
13 17  0.628633  1.215945
13 18  0.639405  1.208010
13 19  0.628196  1.162353
13 20  0.610498  1.080485
13 21  0.611169  1.066472
13 22  0.613479  1.058216
13 23  0.644503  1.474021
13 24  0.652221  1.252441
13 25  0.635223  1.121417
13 26  0.594351  1.481959
13 27  0.660120  1.200732
13 28  0.640743  1.303364
13 29  0.668685  1.367906
13 30  0.679886  1.400400
14 15  0.656506  1.272319
14 16  0.656712  1.306873
14 17  0.636244  1.193561
14 18  0.650124  1.199238
14 19  0.640932  1.151424
14 20  0.618653  1.064529
14 21  0.619017  1.050479
14 22  0.621503  1.042238
14 23  0.636667  1.434706
14 24  0.684522  1.280697
14 25  0.643091  1.105403
14 26  0.640825  1.473462
14 27  0.665878  1.183798
14 28  0.582483  1.281859
14 29  0.684927  1.370316
14 30  0.684097  1.358058
15 16  0.440333  1.103665
15 17  0.645058  1.084294
15 18  0.662087  1.098592
15 19  0.652564  1.052420
15 20  0.629358  0.962671
15 21  0.629183  0.948842
15 22  0.632270  0.940770
15 23  0.676990  1.333372
15 24  0.698350  1.188686
15 25  0.652913  1.003860
15 26  0.667873  1.371359
15 27  0.667286  1.080977
15 28  0.703660  1.269051
15 29  0.698966  1.270146
15 30  0.664920  1.227015
16 17  0.641955  1.038765
16 18  0.659840  1.027708
16 19  0.649942  0.989797
16 20  0.626609  0.909300
16 21  0.627765  0.892594
16 22  0.630486  0.887222
16 23  0.677603  1.305773
16 24  0.692403  1.105626
16 25  0.650748  0.943762
16 26  0.664450  1.295073
16 27  0.660716  0.983570
16 28  0.683191  1.124608
16 29  0.694624  1.181339
16 30  0.657419  1.208559
17 18  0.619042  0.908925
17 19  0.608972  0.856962
17 20  0.581429  0.765015
17 21  0.586415  0.759542
17 22  0.588754  0.750773
17 23  0.637609  1.130259
17 24  0.654601  0.988035
17 25  0.608762  0.811647
17 26  0.628344  1.179724
17 27  0.610467  0.874075
17 28  0.667209  1.070284
17 29  0.656292  1.082353
17 30  0.627269  1.016817
18 19  0.576128  0.828661
18 20  0.599261  0.772111
18 21  0.599860  0.757284
18 22  0.602173  0.749599
18 23  0.652940  1.169452
18 24  0.659589  0.980967
18 25  0.623877  0.811779
18 26  0.639064  1.160005
18 27  0.649584  0.888292
18 28  0.679215  1.056213
18 29  0.637850  1.005464
18 30  0.672240  1.096373
19 20  0.589259  0.725501
19 21  0.589858  0.711540
19 22  0.592170  0.703248
19 23  0.641476  1.111711
19 24  0.629297  0.898936
19 25  0.613876  0.766725
19 26  0.629430  1.138527
19 27  0.639615  0.844415
19 28  0.667916  1.011597
19 29  0.654130  1.028837
19 30  0.661925  1.038522
20 21  0.560711  0.616184
20 22  0.561765  0.606054
20 23  0.621117  1.030736
20 24  0.635555  0.862828
20 25  0.568401  0.655236
20 26  0.608762  1.047985
20 27  0.586689  0.736789
20 28  0.649424  0.944616
20 29  0.636931  0.945792
20 30  0.639679  0.958749
21 22  0.522364  0.555856
21 23  0.621738  1.021033
21 24  0.636137  0.848531
21 25  0.563435  0.635661
21 26  0.609320  1.034546
21 27  0.610916  0.734811
21 28  0.649961  0.928563
21 29  0.637506  0.930341
21 30  0.640423  0.949291
22 23  0.624086  1.013447
22 24  0.638460  0.840433
22 25  0.565235  0.631269
22 26  0.611671  1.028389
22 27  0.615163  0.731208
22 28  0.652358  0.921639
22 29  0.639832  0.923456
22 30  0.642763  0.940659
23 24  0.680960  1.237053
23 25  0.645635  1.070763
23 26  0.644433  1.345183
23 27  0.671167  1.157213
23 28  0.670224  1.326906
23 29  0.686557  1.332517
23 30  0.668835  1.247209
24 25  0.660154  0.903862
24 26  0.668910  1.273997
24 27  0.685374  0.974803
24 28  0.693346  1.098206
24 29  0.661669  1.139605
24 30  0.705234  1.160196
25 26  0.633289  1.084116
25 27  0.626471  0.783506
25 28  0.673893  0.982929
25 29  0.661520  0.983630
25 30  0.664262  1.001851
26 27  0.658195  1.165179
26 28  0.670906  1.333535
26 29  0.657557  1.262836
26 30  0.679328  1.356374
27 28  0.696799  1.040322
27 29  0.686744  1.056141
27 30  0.687135  1.076272
28 29  0.707996  1.205737
28 30  0.711906  1.240123
29 30  0.707924  1.267844
