  -1146.51832179
  -1146.89527142    -1146.78419926
0.00001372416030
2 2 2 2 2 2 2 2 2 2 2 2 2 2 2 0 0 0 0 0 0 0 0 0 0 0 0 0 0 0 
1  0.288539  0.403373
2  0.300456  0.389358
3  0.310106  0.431666
4  0.278474  0.320956
5  0.281332  0.298793
6  0.282880  0.293602
7  0.334894  0.445233
8  0.371696  0.633277
9  0.352431  0.539655
10  0.309695  0.367721
11  0.344954  0.573673
12  0.351429  0.620783
13  0.327890  0.762043
14  0.336020  0.746582
15  0.347031  0.646214
16  0.345198  0.593655
17  0.303326  0.456973
18  0.316411  0.454959
19  0.306441  0.408523
20  0.283181  0.318783
21  0.283723  0.304381
22  0.286031  0.295847
23  0.338504  0.717723
24  0.352925  0.545570
25  0.307778  0.360004
26  0.326078  0.732640
27  0.333832  0.441615
28  0.366966  0.627241
29  0.354265  0.628429
30  0.357271  0.646066
1 2  0.588876  0.790219
1 3  0.598468  0.827814
1 4  0.562653  0.716074
1 5  0.569589  0.701952
1 6  0.571095  0.695889
1 7  0.599132  0.829221
1 8  0.656102  1.009328
1 9  0.640237  0.934285
1 10  0.597022  0.768894
1 11  0.606773  0.920438
1 12  0.639147  1.007944
1 13  0.614934  1.148827
1 14  0.623539  1.146362
1 15  0.631813  1.046259
1 16  0.631695  0.990849
1 17  0.292588  0.618700
1 18  0.604944  0.858008
1 19  0.594875  0.811733
1 20  0.565880  0.718798
1 21  0.572103  0.707421
1 22  0.573698  0.698770
1 23  0.622109  1.118085
1 24  0.641318  0.948536
1 25  0.595452  0.761816
1 26  0.613740  1.132672
1 27  0.600091  0.825910
1 28  0.655311  1.029215
1 29  0.642756  1.030653
1 30  0.622804  1.043572
2 3  0.566460  0.789818
2 4  0.578929  0.710292
2 5  0.581785  0.687756
2 6  0.583335  0.682791
2 7  0.635224  0.829868
2 8  0.667764  1.002210
2 9  0.625552  0.880733
2 10  0.610142  0.756581
2 11  0.644555  0.953867
2 12  0.646039  1.004088
2 13  0.626089  1.149074
2 14  0.633993  1.124353
2 15  0.646524  1.023205
2 16  0.645545  0.982597
2 17  0.603716  0.846080
2 18  0.311731  0.586667
2 19  0.567999  0.770603
2 20  0.583616  0.708106
2 21  0.584162  0.693729
2 22  0.586486  0.685204
2 23  0.638190  1.104390
2 24  0.649980  0.932632
2 25  0.608181  0.749321
2 26  0.621163  1.114968
2 27  0.634266  0.830873
2 28  0.667159  1.016105
2 29  0.630314  1.006354
2 30  0.657605  1.034660
3 4  0.588580  0.751594
3 5  0.591436  0.730425
3 6  0.592986  0.725079
3 7  0.644914  0.875076
3 8  0.678483  1.043297
3 9  0.653255  0.954856
3 10  0.619796  0.799084
3 11  0.654082  0.989805
3 12  0.630985  0.983335
3 13  0.635619  1.169340
3 14  0.644943  1.175352
3 15  0.656421  1.075002
3 16  0.655177  1.024494
3 17  0.613033  0.888291
3 18  0.580065  0.849928
3 19  0.311579  0.582689
3 20  0.593231  0.750404
3 21  0.593825  0.736036
3 22  0.596137  0.727509
3 23  0.646882  1.147953
3 24  0.648025  0.971974
3 25  0.617847  0.791621
3 26  0.631822  1.156845
3 27  0.643903  0.873141
3 28  0.675899  1.057479
3 29  0.656541  1.046882
3 30  0.666691  1.076812
4 5  0.555483  0.615791
4 6  0.554747  0.607490
4 7  0.584791  0.747284
4 8  0.650142  0.952499
4 9  0.630901  0.860433
4 10  0.566530  0.666712
4 11  0.623226  0.891014
4 12  0.629898  0.938865
4 13  0.606318  1.076310
4 14  0.614314  1.062039
4 15  0.624467  0.964528
4 16  0.623278  0.913570
4 17  0.576058  0.774920
4 18  0.594832  0.775868
4 19  0.584855  0.729436
4 20  0.279724  0.374045
4 21  0.561017  0.623848
4 22  0.560928  0.613843
4 23  0.616843  1.038442
4 24  0.631295  0.866427
4 25  0.559218  0.656610
4 26  0.604545  1.053389
4 27  0.576118  0.730706
4 28  0.645266  0.947910
4 29  0.632679  0.949288
4 30  0.635243  0.966818
5 6  0.517851  0.550022
5 7  0.610371  0.734947
5 8  0.652975  0.931461
5 9  0.633742  0.837687
5 10  0.562826  0.640083
5 11  0.626179  0.872102
5 12  0.632747  0.919541
5 13  0.609218  1.060071
5 14  0.617302  1.042544
5 15  0.627847  0.940903
5 16  0.625692  0.892057
5 17  0.584449  0.755469
5 18  0.597694  0.753733
5 19  0.587758  0.707309
5 20  0.563334  0.616166
5 21  0.283324  0.330733
5 22  0.514817  0.545579
5 23  0.619711  1.016393
5 24  0.634212  0.844346
5 25  0.552866  0.627013
5 26  0.607246  1.031322
5 27  0.613130  0.739004
5 28  0.648097  0.925961
5 29  0.635501  0.927173
5 30  0.638545  0.944696
6 7  0.614014  0.734488
6 8  0.654547  0.926003
6 9  0.635302  0.832803
6 10  0.564520  0.638478
6 11  0.627762  0.866232
6 12  0.634304  0.914041
6 13  0.610768  1.055542
6 14  0.618883  1.040069
6 15  0.629769  0.939264
6 16  0.627941  0.887140
6 17  0.585147  0.750092
6 18  0.599290  0.748556
6 19  0.589321  0.702123
6 20  0.562465  0.609351
6 21  0.515391  0.550123
6 22  0.282327  0.307520
6 23  0.621289  1.011249
6 24  0.635805  0.839167
6 25  0.552929  0.619599
6 26  0.608928  1.026185
6 27  0.615780  0.734481
6 28  0.649838  0.920828
6 29  0.637140  0.922013
6 30  0.639957  0.939592
7 8  0.704928  1.064388
7 9  0.686755  0.974097
7 10  0.628808  0.795275
7 11  0.674952  1.005111
7 12  0.685937  1.063322
7 13  0.662566  1.204378
7 14  0.669319  1.170260
7 15  0.664830  1.039425
7 16  0.671186  1.036857
7 17  0.612579  0.878538
7 18  0.651109  0.899978
7 19  0.641317  0.853641
7 20  0.583120  0.733611
7 21  0.616519  0.748157
7 22  0.620027  0.740385
7 23  0.671610  1.157805
7 24  0.687736  0.990541
7 25  0.619198  0.783539
7 26  0.659890  1.176248
7 27  0.417304  0.698508
7 28  0.700872  1.072010
7 29  0.688771  1.073032
7 30  0.688107  1.083938
8 9  0.698824  1.100650
8 10  0.681329  1.000786
8 11  0.688756  1.116699
8 12  0.710490  1.208537
8 13  0.678289  1.370496
8 14  0.675575  1.364031
8 15  0.706816  1.249763
8 16  0.714271  1.224041
8 17  0.672644  1.089056
8 18  0.686910  1.086544
8 19  0.677816  1.041230
8 20  0.654693  0.951906
8 21  0.655408  0.937597
8 22  0.657716  0.929103
8 23  0.589940  1.259529
8 24  0.722589  1.177489
8 25  0.679334  0.993021
8 26  0.644071  1.278273
8 27  0.705309  1.074412
8 28  0.692708  1.251825
8 29  0.719859  1.254301
8 30  0.718821  1.275715
9 10  0.662092  0.906727
9 11  0.692894  1.083389
9 12  0.661107  1.130163
9 13  0.670949  1.297227
9 14  0.679420  1.263672
9 15  0.695656  1.158715
9 16  0.697264  1.132007
9 17  0.655489  0.995959
9 18  0.652947  0.988763
9 19  0.654871  0.945359
9 20  0.635548  0.858356
9 21  0.636124  0.844018
9 22  0.638462  0.835497
9 23  0.687344  1.246269
9 24  0.667487  1.072233
9 25  0.660107  0.899569
9 26  0.649996  1.218730
9 27  0.686241  0.980988
9 28  0.717492  1.165639
9 29  0.489483  1.034850
9 30  0.709048  1.183753
10 11  0.654498  0.940613
10 12  0.661110  0.987111
10 13  0.637576  1.121697
10 14  0.645451  1.100765
10 15  0.654923  1.000715
10 16  0.653498  0.960499
10 17  0.612206  0.823122
10 18  0.625947  0.822615
10 19  0.616048  0.776194
10 20  0.564095  0.660671
10 21  0.556129  0.639984
10 22  0.558031  0.630136
10 23  0.648172  1.085166
10 24  0.662422  0.913172
10 25  0.386810  0.525606
10 26  0.635558  1.100011
10 27  0.620610  0.787350
10 28  0.676125  0.994647
10 29  0.663719  0.996002
10 30  0.666864  1.013227
11 12  0.692622  1.160731
11 13  0.666941  1.310151
11 14  0.675410  1.315168
11 15  0.651042  1.194014
11 16  0.657341  1.144029
11 17  0.630178  1.025476
11 18  0.661245  1.027743
11 19  0.651292  0.981775
11 20  0.627663  0.892215
11 21  0.628670  0.877889
11 22  0.630884  0.869464
11 23  0.660043  1.260573
11 24  0.697545  1.118033
11 25  0.652519  0.933073
11 26  0.667382  1.288243
11 27  0.676161  1.012815
11 28  0.709740  1.198486
11 29  0.698688  1.198598
11 30  0.451990  1.085359
12 13  0.656245  1.283091
12 14  0.682643  1.350965
12 15  0.695851  1.261277
12 16  0.696032  1.210894
12 17  0.653903  1.076537
12 18  0.659088  1.059772
12 19  0.632946  1.016813
12 20  0.634519  0.939454
12 21  0.635150  0.925127
12 22  0.637453  0.916612
12 23  0.685206  1.334203
12 24  0.485920  1.032395
12 25  0.659163  0.980665
12 26  0.665340  1.332514
12 27  0.685116  1.061863
12 28  0.712671  1.241721
12 29  0.665602  1.195536
12 30  0.707174  1.263441
13 14  0.642935  1.385457
13 15  0.672039  1.381525
13 16  0.669153  1.336869
13 17  0.629320  1.216358
13 18  0.639952  1.207935
13 19  0.628766  1.162309
13 20  0.610962  1.080626
13 21  0.611575  1.066304
13 22  0.613883  1.057820
13 23  0.645211  1.473100
13 24  0.652980  1.252169
13 25  0.635665  1.121799
13 26  0.595013  1.480715
13 27  0.660752  1.201103
13 28  0.641573  1.303242
13 29  0.669403  1.367306
13 30  0.680654  1.400201
14 15  0.657296  1.272836
14 16  0.657535  1.307725
14 17  0.636978  1.194507
14 18  0.650692  1.199663
14 19  0.641549  1.151854
14 20  0.619160  1.065197
14 21  0.619455  1.050837
14 22  0.621947  1.042368
14 23  0.637440  1.434365
14 24  0.685311  1.280787
14 25  0.643572  1.106311
14 26  0.641524  1.472825
14 27  0.666557  1.184704
14 28  0.583284  1.281975
14 29  0.685696  1.370172
14 30  0.684926  1.358519
15 16  0.441271  1.105562
15 17  0.645912  1.086302
15 18  0.662772  1.100039
15 19  0.653308  1.053865
15 20  0.629983  0.964354
15 21  0.629746  0.950226
15 22  0.632837  0.941924
15 23  0.677868  1.334071
15 24  0.699267  1.189772
15 25  0.653516  1.005800
15 26  0.668709  1.371687
15 27  0.668080  1.082906
15 28  0.704633  1.270185
15 29  0.699848  1.271003
15 30  0.665880  1.228540
16 17  0.642755  1.040899
16 18  0.660498  1.029166
16 19  0.650624  0.991347
16 20  0.627193  0.911125
16 21  0.628297  0.894077
16 22  0.631013  0.888528
16 23  0.678439  1.306496
16 24  0.693256  1.106799
16 25  0.651314  0.945755
16 26  0.665246  1.295459
16 27  0.661424  0.985385
16 28  0.684046  1.125642
16 29  0.695449  1.182181
16 30  0.658309  1.210069
17 18  0.619595  0.910675
17 19  0.609555  0.858665
17 20  0.581902  0.766940
17 21  0.586832  0.761255
17 22  0.589168  0.752241
17 23  0.638310  1.131024
17 24  0.655368  0.989363
17 25  0.609210  0.813860
17 26  0.629038  1.180352
17 27  0.611103  0.876285
17 28  0.668065  1.071734
17 29  0.657019  1.083501
17 30  0.627967  1.018133
18 19  0.576539  0.829890
18 20  0.599590  0.773608
18 21  0.600128  0.758442
18 22  0.602439  0.750552
18 23  0.653515  1.169825
18 24  0.660194  0.981832
18 25  0.624181  0.813487
18 26  0.639613  1.160149
18 27  0.650084  0.889930
18 28  0.679931  1.057102
18 29  0.638419  1.006033
18 30  0.672873  1.097464
19 20  0.589622  0.727008
19 21  0.590161  0.712742
19 22  0.592470  0.704218
19 23  0.642075  1.112062
19 24  0.629919  0.899738
19 25  0.614215  0.768485
19 26  0.630012  1.138666
19 27  0.640149  0.846111
19 28  0.668655  1.012516
19 29  0.654738  1.029489
19 30  0.662585  1.039577
20 21  0.560901  0.617634
20 22  0.561952  0.607247
20 23  0.621613  1.031270
20 24  0.636102  0.863962
20 25  0.568625  0.657219
20 26  0.609231  1.048306
20 27  0.587112  0.738836
20 28  0.650068  0.945796
20 29  0.637440  0.946678
20 30  0.640243  0.960050
21 22  0.522487  0.556873
21 23  0.622175  1.021329
21 24  0.636622  0.849352
21 25  0.563599  0.637352
21 26  0.609728  1.034553
21 27  0.611276  0.736416
21 28  0.650541  0.929393
21 29  0.637955  0.930870
21 30  0.640928  0.950354
22 23  0.624521  1.013526
22 24  0.638943  0.841026
22 25  0.565401  0.632799
22 26  0.612075  1.028228
22 27  0.615515  0.732635
22 28  0.652935  0.922267
22 29  0.640277  0.923804
22 30  0.643264  0.941480
23 24  0.681733  1.237082
23 25  0.646104  1.071513
23 26  0.645134  1.344751
23 27  0.671835  1.158060
23 28  0.671107  1.327027
23 29  0.687285  1.332354
23 30  0.669565  1.247446
24 25  0.660676  0.905251
24 26  0.669678  1.273793
24 27  0.686085  0.976086
24 28  0.694187  1.098707
24 29  0.662419  1.139850
24 30  0.706072  1.160921
25 26  0.633732  1.084592
25 27  0.626869  0.785695
25 28  0.674512  0.984331
25 29  0.662004  0.984698
25 30  0.664801  1.003415
26 27  0.658825  1.165733
26 28  0.671744  1.333321
26 29  0.658263  1.262537
26 30  0.680100  1.356463
27 28  0.697594  1.041582
27 29  0.687418  1.057143
27 30  0.687862  1.077827
28 29  0.708870  1.206042
28 30  0.712834  1.240967
29 30  0.708723  1.268347
