  -1146.51832179
  -1146.89533026    -1146.78390787
0.00001066070831
2 2 2 2 2 2 2 2 2 2 2 2 2 2 2 0 0 0 0 0 0 0 0 0 0 0 0 0 0 0 
1  0.288742  0.403230
2  0.300553  0.390209
3  0.310196  0.434895
4  0.278546  0.322361
5  0.281369  0.299391
6  0.282924  0.294064
7  0.335078  0.445168
8  0.372032  0.627230
9  0.352742  0.540796
10  0.309762  0.369349
11  0.345196  0.569581
12  0.351637  0.622433
13  0.328080  0.760602
14  0.336225  0.745383
15  0.347305  0.644122
16  0.345467  0.590925
17  0.303541  0.457069
18  0.316488  0.455447
19  0.306566  0.409941
20  0.283255  0.320180
21  0.283763  0.305037
22  0.286078  0.296279
23  0.338705  0.717044
24  0.353205  0.545589
25  0.307839  0.361547
26  0.326274  0.732562
27  0.334017  0.441537
28  0.367283  0.623547
29  0.354483  0.627312
30  0.357526  0.643547
1 2  0.589173  0.790919
1 3  0.598758  0.830905
1 4  0.562926  0.717217
1 5  0.569829  0.702416
1 6  0.571342  0.696196
1 7  0.599500  0.829266
1 8  0.656623  1.003842
1 9  0.640742  0.935565
1 10  0.597292  0.770299
1 11  0.607168  0.916701
1 12  0.639548  1.009652
1 13  0.615321  1.147322
1 14  0.623947  1.144886
1 15  0.632283  1.044266
1 16  0.632167  0.987879
1 17  0.292967  0.617884
1 18  0.605224  0.858370
1 19  0.595196  0.812999
1 20  0.566156  0.720055
1 21  0.572346  0.707929
1 22  0.573943  0.699056
1 23  0.622509  1.117275
1 24  0.641800  0.948404
1 25  0.595715  0.763202
1 26  0.614132  1.132478
1 27  0.600474  0.825616
1 28  0.655831  1.025346
1 29  0.643178  1.029432
1 30  0.623249  1.040791
2 3  0.566622  0.793576
2 4  0.579098  0.712546
2 5  0.581918  0.689200
2 6  0.583475  0.684100
2 7  0.635503  0.830680
2 8  0.668193  0.997145
2 9  0.625939  0.882451
2 10  0.610306  0.759067
2 11  0.644887  0.950662
2 12  0.646332  1.006217
2 13  0.626376  1.148569
2 14  0.634289  1.124242
2 15  0.646886  1.022157
2 16  0.645908  0.980682
2 17  0.604026  0.847029
2 18  0.311906  0.591175
2 19  0.568215  0.772365
2 20  0.583785  0.710354
2 21  0.584297  0.695235
2 22  0.586630  0.686486
2 23  0.638486  1.104514
2 24  0.650355  0.933451
2 25  0.608335  0.751715
2 26  0.621449  1.115353
2 27  0.634547  0.831640
2 28  0.667573  1.013251
2 29  0.630620  1.005739
2 30  0.657961  1.033019
3 4  0.588741  0.756217
3 5  0.591563  0.734250
3 6  0.593118  0.728763
3 7  0.645186  0.878221
3 8  0.678909  1.040408
3 9  0.653641  0.958936
3 10  0.619953  0.803936
3 11  0.654412  0.989002
3 12  0.631275  0.986963
3 13  0.635900  1.171042
3 14  0.645238  1.177327
3 15  0.656779  1.076093
3 16  0.655536  1.025027
3 17  0.613328  0.891599
3 18  0.580214  0.851964
3 19  0.311800  0.591133
3 20  0.593392  0.755030
3 21  0.593954  0.739921
3 22  0.596273  0.731170
3 23  0.647164  1.150430
3 24  0.648392  0.975563
3 25  0.617997  0.796393
3 26  0.632104  1.159631
3 27  0.644176  0.876288
3 28  0.676308  1.057144
3 29  0.656848  1.047435
3 30  0.667027  1.077451
4 5  0.555592  0.617796
4 6  0.554859  0.609311
4 7  0.585051  0.748601
4 8  0.650550  0.947835
4 9  0.631285  0.862982
4 10  0.566666  0.669658
4 11  0.623540  0.888284
4 12  0.630178  0.941894
4 13  0.606579  1.076160
4 14  0.614589  1.062127
4 15  0.624811  0.963764
4 16  0.623619  0.912211
4 17  0.576341  0.776419
4 18  0.594979  0.777762
4 19  0.585046  0.732260
4 20  0.279857  0.376963
4 21  0.561129  0.625899
4 22  0.561047  0.615696
4 23  0.617115  1.039164
4 24  0.631642  0.867849
4 25  0.559352  0.659633
4 26  0.604813  1.054707
4 27  0.576385  0.731914
4 28  0.645654  0.945608
4 29  0.632968  0.949574
4 30  0.635569  0.965700
5 6  0.517928  0.551229
5 7  0.610591  0.735398
5 8  0.653348  0.926032
5 9  0.634090  0.839420
5 10  0.562933  0.642355
5 11  0.626457  0.868622
5 12  0.632992  0.921790
5 13  0.609445  1.059198
5 14  0.617544  1.041921
5 15  0.628158  0.939386
5 16  0.625995  0.889920
5 17  0.584701  0.756159
5 18  0.597806  0.754819
5 19  0.587919  0.709325
5 20  0.563446  0.618153
5 21  0.283390  0.332018
5 22  0.514900  0.546697
5 23  0.619949  1.016310
5 24  0.634530  0.844962
5 25  0.552967  0.629247
5 26  0.607477  1.031840
5 27  0.613352  0.739513
5 28  0.648451  0.922862
5 29  0.635755  0.926652
5 30  0.638838  0.942772
6 7  0.614237  0.734860
6 8  0.654926  0.920420
6 9  0.635656  0.834406
6 10  0.564631  0.640656
6 11  0.628047  0.862601
6 12  0.634555  0.916147
6 13  0.611002  1.054558
6 14  0.619131  1.039339
6 15  0.630084  0.937652
6 16  0.628255  0.884870
6 17  0.585400  0.750646
6 18  0.599410  0.749505
6 19  0.589489  0.704003
6 20  0.562583  0.611224
6 21  0.515473  0.551330
6 22  0.282421  0.308443
6 23  0.621531  1.011031
6 24  0.636128  0.839648
6 25  0.553032  0.621697
6 26  0.609168  1.026568
6 27  0.616008  0.734850
6 28  0.650199  0.917595
6 29  0.637402  0.921357
6 30  0.640252  0.937533
7 8  0.705440  1.058829
7 9  0.687245  0.975331
7 10  0.629060  0.796734
7 11  0.675370  1.001397
7 12  0.686325  1.064980
7 13  0.662939  1.202828
7 14  0.669702  1.169236
7 15  0.665254  1.037790
7 16  0.671633  1.034014
7 17  0.612974  0.878537
7 18  0.651367  0.900394
7 19  0.641627  0.854991
7 20  0.583387  0.734821
7 21  0.616743  0.748739
7 22  0.620257  0.740740
7 23  0.671990  1.157096
7 24  0.688201  0.990492
7 25  0.619446  0.784848
7 26  0.660267  1.176132
7 27  0.417653  0.697967
7 28  0.701376  1.068260
7 29  0.689171  1.071843
7 30  0.688545  1.081373
8 9  0.699411  1.096835
8 10  0.681733  0.996360
8 11  0.689255  1.108865
8 12  0.711004  1.205040
8 13  0.678802  1.363922
8 14  0.676101  1.357421
8 15  0.707396  1.243045
8 16  0.714868  1.215179
8 17  0.673193  1.083090
8 18  0.687323  1.081206
8 19  0.678275  1.036581
8 20  0.655101  0.947252
8 21  0.655784  0.932203
8 22  0.658098  0.923486
8 23  0.590435  1.253443
8 24  0.723196  1.171428
8 25  0.679730  0.988506
8 26  0.644592  1.270312
8 27  0.705830  1.068288
8 28  0.693336  1.241824
8 29  0.720401  1.247798
8 30  0.719374  1.267147
9 10  0.662471  0.909487
9 11  0.693429  1.081277
9 12  0.661556  1.133584
9 13  0.671448  1.296901
9 14  0.679925  1.263669
9 15  0.696218  1.158204
9 16  0.697839  1.130336
9 17  0.656014  0.997171
9 18  0.653326  0.990688
9 19  0.655303  0.947785
9 20  0.635932  0.860896
9 21  0.636474  0.845814
9 22  0.638820  0.837069
9 23  0.687845  1.246217
9 24  0.668031  1.073027
9 25  0.660477  0.902250
9 26  0.650500  1.218819
9 27  0.686737  0.982040
9 28  0.718113  1.163021
9 29  0.490002  1.036747
9 30  0.709611  1.182309
10 11  0.654807  0.938105
10 12  0.661386  0.990353
10 13  0.637834  1.121677
10 14  0.645724  1.101016
10 15  0.655262  1.000090
10 16  0.653834  0.959371
10 17  0.612486  0.824833
10 18  0.626086  0.824730
10 19  0.616237  0.779239
10 20  0.564237  0.663770
10 21  0.556238  0.642370
10 22  0.558145  0.632291
10 23  0.648442  1.086109
10 24  0.662766  0.914812
10 25  0.386943  0.529104
10 26  0.635819  1.101548
10 27  0.620865  0.788726
10 28  0.676507  0.992565
10 29  0.663998  0.996507
10 30  0.667187  1.012323
11 12  0.693061  1.158965
11 13  0.667356  1.305189
11 14  0.675856  1.310057
11 15  0.651542  1.188752
11 16  0.657856  1.136710
11 17  0.630615  1.021322
11 18  0.661565  1.024228
11 19  0.651655  0.979053
11 20  0.627978  0.889514
11 21  0.628951  0.874449
11 22  0.631170  0.865803
11 23  0.660461  1.255874
11 24  0.698063  1.113916
11 25  0.652821  0.930504
11 26  0.667815  1.284228
11 27  0.676584  1.008611
11 28  0.710291  1.190654
11 29  0.699146  1.193636
11 30  0.452489  1.077535
12 13  0.656638  1.283579
12 14  0.683053  1.351275
12 15  0.696310  1.260933
12 16  0.696508  1.209988
12 17  0.654316  1.078253
12 18  0.659373  1.060229
12 19  0.633279  1.019549
12 20  0.634798  0.942499
12 21  0.635398  0.927432
12 22  0.637708  0.918693
12 23  0.685611  1.335045
12 24  0.486414  1.035890
12 25  0.659431  0.983853
12 26  0.665738  1.334899
12 27  0.685509  1.063446
12 28  0.713186  1.240109
12 29  0.666000  1.193557
12 30  0.707635  1.262477
13 14  0.643314  1.382358
13 15  0.672498  1.377623
13 16  0.669597  1.332786
13 17  0.629722  1.215054
13 18  0.640212  1.206840
13 19  0.629070  1.161816
13 20  0.611222  1.080573
13 21  0.611805  1.065515
13 22  0.614119  1.056808
13 23  0.645602  1.471169
13 24  0.653445  1.249854
13 25  0.635917  1.121889
13 26  0.595354  1.479337
13 27  0.661123  1.199614
13 28  0.642097  1.297716
13 29  0.669807  1.365319
13 30  0.681097  1.396451
14 15  0.657717  1.270108
14 16  0.657991  1.303863
14 17  0.637400  1.193484
14 18  0.650963  1.198910
14 19  0.641876  1.151963
14 20  0.619439  1.065390
14 21  0.619695  1.050292
14 22  0.622197  1.041599
14 23  0.637850  1.432192
14 24  0.685792  1.279577
14 25  0.643838  1.106647
14 26  0.641922  1.471678
14 27  0.666945  1.183448
14 28  0.583724  1.276746
14 29  0.686115  1.367804
14 30  0.685386  1.354951
15 16  0.441781  1.099726
15 17  0.646399  1.084272
15 18  0.663110  1.098386
15 19  0.653709  1.053198
15 20  0.630330  0.963643
15 21  0.630054  0.948786
15 22  0.633157  0.940261
15 23  0.678345  1.331405
15 24  0.699819  1.187681
15 25  0.653851  1.005243
15 26  0.669171  1.369666
15 27  0.668533  1.080680
15 28  0.705197  1.264359
15 29  0.700335  1.267744
15 30  0.666420  1.223622
16 17  0.643229  1.038730
16 18  0.660847  1.027511
16 19  0.651006  0.990104
16 20  0.627533  0.909759
16 21  0.628606  0.891983
16 22  0.631328  0.886243
16 23  0.678908  1.303210
16 24  0.693782  1.104406
16 25  0.651644  0.944485
16 26  0.665704  1.293129
16 27  0.661842  0.983081
16 28  0.684536  1.120715
16 29  0.695925  1.179284
16 30  0.658819  1.205768
17 18  0.619885  0.911306
17 19  0.609889  0.860280
17 20  0.582189  0.768280
17 21  0.587085  0.762011
17 22  0.589429  0.752760
17 23  0.638713  1.130605
17 24  0.655855  0.989770
17 25  0.609484  0.815396
17 26  0.629449  1.180063
17 27  0.611483  0.876552
17 28  0.668590  1.068583
17 29  0.657445  1.082558
17 30  0.628378  1.016133
18 19  0.576715  0.831795
18 20  0.599741  0.775491
18 21  0.600245  0.759589
18 22  0.602562  0.751473
18 23  0.653795  1.169600
18 24  0.660535  0.982099
18 25  0.624319  0.815540
18 26  0.639893  1.160935
18 27  0.650345  0.890530
18 28  0.680324  1.054349
18 29  0.638706  1.005350
18 30  0.673203  1.095554
19 20  0.589821  0.729821
19 21  0.590325  0.714811
19 22  0.592642  0.706064
19 23  0.642391  1.112930
19 24  0.630300  0.900819
19 25  0.614401  0.771445
19 26  0.630333  1.140005
19 27  0.640458  0.847465
19 28  0.669082  1.010141
19 29  0.655067  1.029519
19 30  0.662958  1.038721
20 21  0.561016  0.619693
20 22  0.562071  0.609041
20 23  0.621889  1.031866
20 24  0.636456  0.865379
20 25  0.568758  0.660105
20 26  0.609501  1.049522
20 27  0.587375  0.740116
20 28  0.650459  0.943490
20 29  0.637733  0.946946
20 30  0.640574  0.958829
21 22  0.522571  0.558102
21 23  0.622416  1.021270
21 24  0.636941  0.850014
21 25  0.563702  0.639580
21 26  0.609963  1.035090
21 27  0.611499  0.736914
21 28  0.650897  0.926354
21 29  0.638212  0.930395
21 30  0.641223  0.948489
22 23  0.624770  1.013278
22 24  0.639269  0.841472
22 25  0.565508  0.634868
22 26  0.612317  1.028588
22 27  0.615742  0.732959
22 28  0.653297  0.919011
22 29  0.640541  0.923120
22 30  0.643566  0.939389
23 24  0.682205  1.237066
23 25  0.646366  1.072175
23 26  0.645522  1.342948
23 27  0.672221  1.157343
23 28  0.671615  1.323036
23 29  0.687697  1.330477
23 30  0.669965  1.244915
24 25  0.661017  0.906805
24 26  0.670155  1.273822
24 27  0.686540  0.976105
24 28  0.694743  1.095576
24 29  0.662847  1.138756
24 30  0.706583  1.159138
25 26  0.633989  1.085900
25 27  0.627118  0.787085
25 28  0.674892  0.982186
25 29  0.662284  0.985120
25 30  0.665118  1.002320
26 27  0.659201  1.165709
26 28  0.672235  1.330347
26 29  0.658676  1.262599
26 30  0.680546  1.353443
27 28  0.698086  1.038300
27 29  0.687815  1.056218
27 30  0.688295  1.075573
28 29  0.709379  1.202382
28 30  0.713378  1.235815
29 30  0.709183  1.264973
