  -1146.51832179
  -1146.89548761    -1146.78472551
0.00000429389029
2 2 2 2 2 2 2 2 2 2 2 2 2 2 2 0 0 0 0 0 0 0 0 0 0 0 0 0 0 0 
1  0.289240  0.405988
2  0.300796  0.391023
3  0.310453  0.433328
4  0.278727  0.323221
5  0.281455  0.300043
6  0.283021  0.294518
7  0.335550  0.447875
8  0.372825  0.633810
9  0.353323  0.540436
10  0.309913  0.370519
11  0.345861  0.575621
12  0.352244  0.620880
13  0.328631  0.760349
14  0.336866  0.745927
15  0.348036  0.648243
16  0.346177  0.595908
17  0.304088  0.459486
18  0.316733  0.456478
19  0.306854  0.410180
20  0.283440  0.320934
21  0.283855  0.305751
22  0.286178  0.296683
23  0.339323  0.717239
24  0.353831  0.546290
25  0.307984  0.362636
26  0.326818  0.731365
27  0.334471  0.444179
28  0.368049  0.627804
29  0.355053  0.628404
30  0.358210  0.647243
1 2  0.589907  0.794408
1 3  0.599503  0.831805
1 4  0.563600  0.720736
1 5  0.570411  0.705816
1 6  0.571935  0.699361
1 7  0.600441  0.834365
1 8  0.657868  1.012195
1 9  0.641789  0.937478
1 10  0.597940  0.774207
1 11  0.608209  0.924284
1 12  0.640631  1.010275
1 13  0.616352  1.149503
1 14  0.625081  1.148278
1 15  0.633495  1.050891
1 16  0.633368  0.995736
1 17  0.293942  0.624296
1 18  0.605966  0.862112
1 19  0.595959  0.816002
1 20  0.566831  0.723616
1 21  0.572936  0.711400
1 22  0.574533  0.702222
1 23  0.623609  1.120222
1 24  0.642916  0.951867
1 25  0.596355  0.767050
1 26  0.615162  1.134029
1 27  0.601418  0.831207
1 28  0.657091  1.032394
1 29  0.644244  1.033201
1 30  0.624401  1.047358
2 3  0.567068  0.793082
2 4  0.579522  0.714219
2 5  0.582246  0.690626
2 6  0.583814  0.685357
2 7  0.636207  0.833925
2 8  0.669224  1.004369
2 9  0.626748  0.882925
2 10  0.610700  0.761002
2 11  0.645772  0.957351
2 12  0.647172  1.005834
2 13  0.627169  1.149024
2 14  0.635152  1.125207
2 15  0.647822  1.026570
2 16  0.646847  0.986527
2 17  0.604818  0.850238
2 18  0.312403  0.589417
2 19  0.568742  0.774182
2 20  0.584203  0.711926
2 21  0.584625  0.696763
2 22  0.586973  0.687705
2 23  0.639338  1.105578
2 24  0.651227  0.935047
2 25  0.608706  0.753620
2 26  0.622228  1.115446
2 27  0.635236  0.835102
2 28  0.668581  1.018336
2 29  0.631445  1.008043
2 30  0.658890  1.037472
3 4  0.589180  0.755436
3 5  0.591906  0.733332
3 6  0.593473  0.727628
3 7  0.645913  0.879279
3 8  0.679961  1.045428
3 9  0.654456  0.957212
3 10  0.620363  0.803511
3 11  0.655326  0.993177
3 12  0.632136  0.984882
3 13  0.636715  1.169342
3 14  0.646142  1.176362
3 15  0.657755  1.078614
3 16  0.656502  1.028366
3 17  0.614096  0.892466
3 18  0.580704  0.853595
3 19  0.312322  0.585586
3 20  0.593827  0.754219
3 21  0.594303  0.739066
3 22  0.596631  0.730006
3 23  0.648033  1.149137
3 24  0.649269  0.974312
3 25  0.618394  0.795912
3 26  0.632905  1.157321
3 27  0.644885  0.877361
3 28  0.677335  1.059678
3 29  0.657684  1.048757
3 30  0.667940  1.079667
4 5  0.555859  0.619313
4 6  0.555134  0.610591
4 7  0.585715  0.752310
4 8  0.651523  0.955212
4 9  0.632045  0.863464
4 10  0.566994  0.671689
4 11  0.624387  0.895086
4 12  0.630967  0.941060
4 13  0.607308  1.076626
4 14  0.615408  1.063498
4 15  0.625715  0.968739
4 16  0.624505  0.918052
4 17  0.577063  0.779747
4 18  0.595401  0.779648
4 19  0.585501  0.733358
4 20  0.280216  0.378847
4 21  0.561402  0.627475
4 22  0.561327  0.616968
4 23  0.617909  1.040212
4 24  0.632433  0.869409
4 25  0.559679  0.661668
4 26  0.605538  1.054371
4 27  0.577040  0.735656
4 28  0.646598  0.950720
4 29  0.633719  0.951519
4 30  0.636432  0.970257
5 6  0.518103  0.552473
5 7  0.611141  0.738650
5 8  0.654226  0.933211
5 9  0.634754  0.839651
5 10  0.563176  0.644171
5 11  0.627208  0.875287
5 12  0.633683  0.920883
5 13  0.610081  1.059592
5 14  0.618271  1.043015
5 15  0.628975  0.944024
5 16  0.626786  0.895559
5 17  0.585332  0.759226
5 18  0.598133  0.756499
5 19  0.588291  0.710214
5 20  0.563716  0.619560
5 21  0.283560  0.333579
5 22  0.515085  0.547919
5 23  0.620649  1.017153
5 24  0.635241  0.846313
5 25  0.553199  0.631106
5 26  0.608103  1.031290
5 27  0.613890  0.742823
5 28  0.649300  0.927771
5 29  0.636405  0.928394
5 30  0.639607  0.947118
6 7  0.614796  0.737989
6 8  0.655814  0.927387
6 9  0.636331  0.834460
6 10  0.564882  0.642354
6 11  0.628809  0.869037
6 12  0.635259  0.915007
6 13  0.611650  1.054745
6 14  0.619866  1.040334
6 15  0.630910  0.942208
6 16  0.629063  0.890308
6 17  0.586032  0.753521
6 18  0.599752  0.750990
6 19  0.589873  0.704696
6 20  0.562862  0.612445
6 21  0.515661  0.552669
6 22  0.282630  0.309386
6 23  0.622239  1.011678
6 24  0.636851  0.840803
6 25  0.553276  0.623350
6 26  0.609808  1.025823
6 27  0.616555  0.737952
6 28  0.651063  0.922306
6 29  0.638070  0.922902
6 30  0.641025  0.941681
7 8  0.706691  1.067341
7 9  0.688281  0.977193
7 10  0.629692  0.800607
7 11  0.676489  1.009497
7 12  0.687390  1.065944
7 13  0.663957  1.205339
7 14  0.670801  1.172098
7 15  0.666376  1.043491
7 16  0.672792  1.041760
7 17  0.613989  0.883813
7 18  0.652069  0.904142
7 19  0.642389  0.857936
7 20  0.584064  0.738479
7 21  0.617308  0.752174
7 22  0.620828  0.743856
7 23  0.673075  1.159926
7 24  0.689304  0.993904
7 25  0.620073  0.788778
7 26  0.661272  1.177586
7 27  0.418553  0.704635
7 28  0.702614  1.075222
7 29  0.690200  1.075652
7 30  0.689693  1.087813
8 9  0.700660  1.101809
8 10  0.682679  1.004097
8 11  0.690507  1.118667
8 12  0.712343  1.209140
8 13  0.680127  1.369392
8 14  0.677511  1.364015
8 15  0.708877  1.252274
8 16  0.716359  1.226862
8 17  0.674528  1.092112
8 18  0.688366  1.088578
8 19  0.679354  1.043425
8 20  0.656074  0.954577
8 21  0.656670  0.939493
8 22  0.658990  0.930469
8 23  0.591681  1.259573
8 24  0.724602  1.178786
8 25  0.680666  0.996165
8 26  0.645882  1.278266
8 27  0.707073  1.077510
8 28  0.694880  1.252960
8 29  0.721724  1.254814
8 30  0.720760  1.277420
9 10  0.663203  0.910280
9 11  0.694627  1.085961
9 12  0.662669  1.130943
9 13  0.672584  1.296371
9 14  0.681113  1.263789
9 15  0.697496  1.161300
9 16  0.699119  1.135063
9 17  0.657138  0.999233
9 18  0.654153  0.991015
9 19  0.656170  0.947833
9 20  0.636695  0.861288
9 21  0.637143  0.846167
9 22  0.639501  0.837113
9 23  0.689013  1.246613
9 24  0.669213  1.073846
9 25  0.661189  0.902979
9 26  0.651619  1.218597
9 27  0.687768  0.984333
9 28  0.719448  1.167021
9 29  0.491124  1.035448
9 30  0.710871  1.185726
10 11  0.655623  0.945305
10 12  0.662145  0.989915
10 13  0.638536  1.122468
10 14  0.646518  1.102496
10 15  0.656143  1.005170
10 16  0.654691  0.965539
10 17  0.613182  0.828421
10 18  0.626462  0.826926
10 19  0.616662  0.780643
10 20  0.564577  0.665795
10 21  0.556485  0.644373
10 22  0.558394  0.633966
10 23  0.649211  1.087469
10 24  0.663538  0.916676
10 25  0.387249  0.531846
10 26  0.636512  1.101515
10 27  0.621480  0.792686
10 28  0.677419  0.997989
10 29  0.664699  0.998767
10 30  0.668019  1.017185
11 12  0.694319  1.162616
11 13  0.668539  1.310293
11 14  0.677157  1.316470
11 15  0.652907  1.197952
11 16  0.659247  1.148359
11 17  0.631780  1.029905
11 18  0.662476  1.031165
11 19  0.652600  0.985389
11 20  0.628828  0.896314
11 21  0.629709  0.881201
11 22  0.631929  0.872245
11 23  0.661686  1.262123
11 24  0.699347  1.120726
11 25  0.653626  0.937635
11 26  0.668989  1.289002
11 27  0.677692  1.017363
11 28  0.711710  1.201031
11 29  0.700376  1.200507
11 30  0.453869  1.088747
12 13  0.657740  1.281945
12 14  0.684259  1.350610
12 15  0.697605  1.263340
12 16  0.697820  1.213206
12 17  0.655452  1.079152
12 18  0.660231  1.061713
12 19  0.634179  1.018621
12 20  0.635574  0.941703
12 21  0.636097  0.926588
12 22  0.638417  0.917542
12 23  0.686819  1.333888
12 24  0.487564  1.032929
12 25  0.660180  0.983384
12 26  0.666884  1.331540
12 27  0.686561  1.064513
12 28  0.714512  1.242367
12 29  0.667169  1.196353
12 30  0.708910  1.264759
13 14  0.644441  1.384020
13 15  0.673750  1.382022
13 16  0.670825  1.337551
13 17  0.630813  1.217178
13 18  0.641007  1.207875
13 19  0.629896  1.162394
13 20  0.611947  1.081071
13 21  0.612445  1.065977
13 22  0.614767  1.056960
13 23  0.646751  1.471075
13 24  0.654598  1.251626
13 25  0.636612  1.122723
13 26  0.596431  1.477715
13 27  0.662116  1.201949
13 28  0.643335  1.302813
13 29  0.670920  1.365832
13 30  0.682315  1.399738
14 15  0.658945  1.273990
14 16  0.659288  1.309508
14 17  0.638588  1.196405
14 18  0.651833  1.200544
14 19  0.642800  1.152862
14 20  0.620264  1.066688
14 21  0.620418  1.051546
14 22  0.622939  1.042546
14 23  0.639113  1.433531
14 24  0.687020  1.280914
14 25  0.644622  1.108275
14 26  0.643060  1.471054
14 27  0.668033  1.186607
14 28  0.584992  1.281888
14 29  0.687311  1.369580
14 30  0.686707  1.359408
15 16  0.443188  1.110130
15 17  0.647678  1.090946
15 18  0.664054  1.103606
15 19  0.654732  1.057514
15 20  0.631241  0.968510
15 21  0.630873  0.953627
15 22  0.633991  0.944786
15 23  0.679689  1.335881
15 24  0.701172  1.192520
15 25  0.654723  1.010465
15 26  0.670423  1.372447
15 27  0.669705  1.087499
15 28  0.706624  1.272797
15 29  0.701617  1.273041
15 30  0.667857  1.232200
16 17  0.644463  1.045660
16 18  0.661790  1.032588
16 19  0.651973  0.995087
16 20  0.628416  0.915472
16 21  0.629410  0.897563
16 22  0.632136  0.891602
16 23  0.680225  1.308268
16 24  0.695067  1.109614
16 25  0.652493  0.950405
16 26  0.666923  1.296234
16 27  0.662920  0.989546
16 28  0.685815  1.127916
16 29  0.697153  1.184080
16 30  0.660194  1.213512
17 18  0.620674  0.914660
17 19  0.610707  0.862570
17 20  0.582923  0.771365
17 21  0.587725  0.765137
17 22  0.590077  0.755554
17 23  0.639842  1.132794
17 24  0.657012  0.992348
17 25  0.610174  0.818886
17 26  0.630539  1.181557
17 27  0.612454  0.881232
17 28  0.669888  1.074757
17 29  0.658541  1.085947
17 30  0.629467  1.021108
18 19  0.577191  0.832990
18 20  0.600170  0.777269
18 21  0.600580  0.761238
18 22  0.602905  0.752884
18 23  0.654666  1.170885
18 24  0.661386  0.983993
18 25  0.624708  0.817546
18 26  0.640687  1.160491
18 27  0.651039  0.893756
18 28  0.681334  1.059130
18 29  0.639515  1.007392
18 30  0.674116  1.100078
19 20  0.590293  0.730785
19 21  0.590705  0.715755
19 22  0.593029  0.706692
19 23  0.643282  1.113101
19 24  0.631184  0.901843
19 25  0.614834  0.772774
19 26  0.631166  1.139031
19 27  0.641192  0.850170
19 28  0.670127  1.014682
19 29  0.655910  1.031117
19 30  0.663902  1.042126
20 21  0.561295  0.621172
20 22  0.562354  0.610186
20 23  0.622691  1.032721
20 24  0.637267  0.866800
20 25  0.569085  0.661968
20 26  0.610229  1.049039
20 27  0.588021  0.743680
20 28  0.651408  0.948490
20 29  0.638486  0.948773
20 30  0.641443  0.963205
21 22  0.522756  0.559355
21 23  0.623126  1.022174
21 24  0.637656  0.851396
21 25  0.563944  0.641366
21 26  0.610598  1.034493
21 27  0.612038  0.740173
21 28  0.651750  0.931218
21 29  0.638871  0.932052
21 30  0.641999  0.952897
22 23  0.625488  1.013870
22 24  0.639994  0.842545
22 25  0.565759  0.636445
22 26  0.612959  1.027785
22 27  0.616287  0.735981
22 28  0.654158  0.923628
22 29  0.641207  0.924582
22 30  0.644351  0.943461
23 24  0.683419  1.237330
23 25  0.647124  1.073380
23 26  0.646640  1.343621
23 27  0.673287  1.160114
23 28  0.672988  1.327249
23 29  0.688839  1.332002
23 30  0.671125  1.248147
24 25  0.661787  0.908600
24 26  0.671333  1.273293
24 27  0.687593  0.979093
24 28  0.695977  1.099789
24 29  0.663973  1.140468
24 30  0.707859  1.162698
25 26  0.634675  1.085609
25 27  0.627723  0.790797
25 28  0.675804  0.987462
25 29  0.662998  0.987126
25 30  0.665944  1.007099
26 27  0.660181  1.166887
26 28  0.673511  1.332632
26 29  0.659746  1.261706
26 30  0.681740  1.356544
27 28  0.699280  1.044345
27 29  0.688825  1.059362
27 30  0.689415  1.081431
28 29  0.710675  1.206610
28 30  0.714784  1.242722
29 30  0.710415  1.269466
