   -841.26688502
   -841.53170265     -841.40114189
0.00010742636978
2 2 2 2 2 2 2 2 2 2 2 0 0 0 0 0 0 0 0 0 0 0 
1  0.286095  0.426289
2  0.286403  0.426199
3  0.307147  0.756464
4  0.278358  0.423658
5  0.306780  0.756715
6  0.278188  0.423631
7  0.301877  0.531078
8  0.302116  0.531388
9  0.303642  0.710182
10  0.271821  0.563365
11  0.272234  0.563193
12  0.278330  0.576943
13  0.277953  0.576087
14  0.307918  0.746287
15  0.304269  0.548445
16  0.304221  0.548208
17  0.307496  0.745913
18  0.288138  0.408833
19  0.288012  0.408654
20  0.305185  0.707999
21  0.280719  0.430638
22  0.280693  0.430550
1 2  0.572496  0.851291
1 3  0.592985  1.175111
1 4  0.564449  0.846389
1 5  0.592191  1.150918
1 6  0.516700  0.810673
1 7  0.587958  0.953471
1 8  0.551785  0.931779
1 9  0.589276  1.127572
1 10  0.551907  0.954749
1 11  0.558306  0.988274
1 12  0.564284  1.002341
1 13  0.559298  1.001031
1 14  0.593830  1.170830
1 15  0.545830  0.929037
1 16  0.590117  0.973799
1 17  0.592848  1.170303
1 18  0.574233  0.834897
1 19  0.290747  0.613584
1 20  0.590760  1.130540
1 21  0.566788  0.856552
1 22  0.514059  0.809670
2 3  0.592867  1.150801
2 4  0.517088  0.810628
2 5  0.592934  1.175511
2 6  0.564587  0.846276
2 7  0.551784  0.931152
2 8  0.588505  0.953631
2 9  0.589575  1.127384
2 10  0.558203  0.988412
2 11  0.552566  0.954374
2 12  0.559856  1.001784
2 13  0.564223  1.001404
2 14  0.593552  1.170598
2 15  0.590474  0.973952
2 16  0.546109  0.929062
2 17  0.593715  1.170364
2 18  0.291522  0.613973
2 19  0.574415  0.834633
2 20  0.591057  1.130516
2 21  0.514102  0.809197
2 22  0.567067  0.856378
3 4  0.583687  1.148540
3 5  0.583378  1.427460
3 6  0.584480  1.156690
3 7  0.605844  1.281929
3 8  0.606672  1.265036
3 9  0.578027  1.426688
3 10  0.576555  1.305800
3 11  0.558494  1.205756
3 12  0.558413  1.320591
3 13  0.580957  1.308134
3 14  0.397382  1.356171
3 15  0.608251  1.298972
3 16  0.603442  1.283919
3 17  0.577726  1.451401
3 18  0.594661  1.163519
3 19  0.594977  1.163908
3 20  0.573572  1.414575
3 21  0.587448  1.185053
3 22  0.587094  1.185145
4 5  0.584298  1.157168
4 6  0.556544  0.843178
4 7  0.548743  0.936900
4 8  0.580456  0.954346
4 9  0.581179  1.130766
4 10  0.550079  0.979545
4 11  0.546143  0.967997
4 12  0.555408  0.997407
4 13  0.555827  0.998875
4 14  0.585919  1.168171
4 15  0.582389  0.971411
4 16  0.542135  0.923144
4 17  0.585159  1.167997
4 18  0.513631  0.789373
4 19  0.566353  0.832026
4 20  0.582398  1.128353
4 21  0.285828  0.648951
4 22  0.559048  0.853836
5 6  0.583144  1.148890
5 7  0.606075  1.264869
5 8  0.605696  1.282432
5 9  0.577779  1.426398
5 10  0.557745  1.206385
5 11  0.576591  1.305815
5 12  0.580930  1.309214
5 13  0.557908  1.319921
5 14  0.577744  1.451876
5 15  0.603078  1.284343
5 16  0.607872  1.298951
5 17  0.396677  1.356084
5 18  0.594738  1.164341
5 19  0.594182  1.163573
5 20  0.573421  1.415130
5 21  0.586774  1.185484
5 22  0.587050  1.185206
6 7  0.580046  0.954006
6 8  0.548765  0.937062
6 9  0.581004  1.130718
6 10  0.545618  0.968432
6 11  0.550318  0.979178
6 12  0.556003  0.999697
6 13  0.554913  0.996495
6 14  0.585383  1.168336
6 15  0.542071  0.923619
6 16  0.582168  0.971142
6 17  0.585319  1.167769
6 18  0.566305  0.832175
6 19  0.513390  0.788995
6 20  0.582214  1.128322
6 21  0.558905  0.853895
6 22  0.285640  0.648865
7 8  0.603790  1.043209
7 9  0.599288  1.170609
7 10  0.573277  1.072949
7 11  0.557237  1.064686
7 12  0.560018  1.081880
7 13  0.579067  1.105159
7 14  0.602225  1.260381
7 15  0.606128  1.077801
7 16  0.377982  0.951645
7 17  0.605949  1.271477
7 18  0.543971  0.891432
7 19  0.589739  0.939209
7 20  0.604004  1.236127
7 21  0.542395  0.915541
7 22  0.582414  0.960951
8 9  0.599535  1.171196
8 10  0.557014  1.064870
8 11  0.573937  1.073174
8 12  0.579658  1.106318
8 13  0.559797  1.081330
8 14  0.606582  1.272146
8 15  0.378000  0.952129
8 16  0.606317  1.077871
8 17  0.601984  1.260245
8 18  0.590101  0.939707
8 19  0.544241  0.891811
8 20  0.604217  1.236430
8 21  0.582684  0.961360
8 22  0.542420  0.915410
9 10  0.571047  1.227845
9 11  0.571442  1.228087
9 12  0.579108  1.275464
9 13  0.578761  1.274820
9 14  0.572381  1.405520
9 15  0.605113  1.254972
9 16  0.605069  1.254716
9 17  0.572089  1.405344
9 18  0.591207  1.115814
9 19  0.591093  1.115662
9 20  0.360046  1.224444
9 21  0.583232  1.137697
9 22  0.583201  1.137610
10 11  0.543631  1.121824
10 12  0.549950  1.132488
10 13  0.256746  0.947417
10 14  0.575771  1.285086
10 15  0.555229  1.086061
10 16  0.575270  1.109336
10 17  0.553447  1.297292
10 18  0.559827  0.971600
10 19  0.555247  0.970824
10 20  0.574476  1.261055
10 21  0.552086  0.993119
10 22  0.551369  0.989339
11 12  0.257903  0.948534
11 13  0.549984  1.131503
11 14  0.553992  1.297679
11 15  0.575717  1.109406
11 16  0.555484  1.085647
11 17  0.575734  1.284617
11 18  0.555718  0.970802
11 19  0.560115  0.971253
11 20  0.574856  1.260717
11 21  0.551794  0.989235
11 22  0.552469  0.992856
12 13  0.555701  1.148364
12 14  0.564500  1.206826
12 15  0.582037  1.099276
12 16  0.563056  1.093960
12 17  0.582860  1.308266
12 18  0.560113  0.955361
12 19  0.566301  0.984323
12 20  0.579008  1.238597
12 21  0.553276  0.992385
12 22  0.558899  0.996722
13 14  0.582900  1.307859
13 15  0.562764  1.093483
13 16  0.581612  1.098281
13 17  0.563752  1.206277
13 18  0.566050  0.983646
13 19  0.559619  0.954440
13 20  0.578647  1.237620
13 21  0.558546  0.995985
13 22  0.552875  0.991464
14 15  0.609151  1.265575
14 16  0.609102  1.289055
14 17  0.586525  1.407586
14 18  0.595268  1.130226
14 19  0.595575  1.147802
14 20  0.579889  1.412718
14 21  0.586621  1.150219
14 22  0.587664  1.149205
15 16  0.608155  1.073479
15 17  0.608703  1.288978
15 18  0.592393  0.954202
15 19  0.556628  0.935218
15 20  0.602173  1.178896
15 21  0.584962  0.978126
15 22  0.553246  0.954870
16 17  0.608699  1.265148
16 18  0.556673  0.935154
16 19  0.592219  0.953789
16 20  0.602130  1.178545
16 21  0.553266  0.954763
16 22  0.584890  0.977798
17 18  0.595286  1.147580
17 19  0.594719  1.129756
17 20  0.579593  1.412294
17 21  0.587278  1.148940
17 22  0.586168  1.149718
18 19  0.576148  0.816331
18 20  0.592828  1.111356
18 21  0.520532  0.802716
18 22  0.568828  0.836001
19 20  0.592702  1.111130
19 21  0.568728  0.835918
19 22  0.520428  0.802490
20 21  0.584778  1.132513
20 22  0.584746  1.132491
21 22  0.561411  0.857876
