   -841.26688502
   -841.53272794     -841.40364858
0.00003329201182
2 2 2 2 2 2 2 2 2 2 2 0 0 0 0 0 0 0 0 0 0 0 
1  0.287450  0.433033
2  0.287717  0.432869
3  0.311126  0.752763
4  0.280182  0.431323
5  0.310723  0.752886
6  0.279992  0.431288
7  0.305178  0.537990
8  0.305442  0.538268
9  0.307390  0.710833
10  0.274647  0.568336
11  0.275091  0.568258
12  0.281225  0.581935
13  0.280840  0.581213
14  0.311769  0.743246
15  0.307472  0.554547
16  0.307363  0.554426
17  0.311373  0.742811
18  0.289683  0.415514
19  0.289555  0.415521
20  0.308976  0.707428
21  0.282509  0.438579
22  0.282487  0.438612
1 2  0.575160  0.864540
1 3  0.598289  1.177790
1 4  0.567623  0.860193
1 5  0.597476  1.152804
1 6  0.519866  0.824816
1 7  0.592618  0.966672
1 8  0.556593  0.945575
1 9  0.594355  1.134630
1 10  0.556067  0.965322
1 11  0.562499  1.000044
1 12  0.568535  1.013957
1 13  0.563490  1.012912
1 14  0.599021  1.174453
1 15  0.550407  0.942580
1 16  0.594576  0.986737
1 17  0.598048  1.173952
1 18  0.577132  0.848302
1 19  0.293168  0.628091
1 20  0.595798  1.136492
1 21  0.569913  0.871202
1 22  0.517269  0.825821
2 3  0.598155  1.152769
2 4  0.520229  0.824727
2 5  0.598158  1.177978
2 6  0.567700  0.860009
2 7  0.556537  0.944915
2 8  0.593149  0.966731
2 9  0.594616  1.134398
2 10  0.562324  1.000005
2 11  0.556740  0.965013
2 12  0.564017  1.013461
2 13  0.568419  1.013076
2 14  0.598686  1.174237
2 15  0.594946  0.986695
2 16  0.550572  0.942651
2 17  0.598893  1.173851
2 18  0.293887  0.628175
2 19  0.577271  0.848148
2 20  0.596052  1.136383
2 21  0.517259  0.825150
2 22  0.570156  0.871076
3 4  0.589393  1.151485
3 5  0.590493  1.420852
3 6  0.590211  1.159497
3 7  0.613004  1.285270
3 8  0.613716  1.267511
3 9  0.585782  1.424924
3 10  0.583271  1.307400
3 11  0.564886  1.207898
3 12  0.564853  1.321890
3 13  0.587603  1.309999
3 14  0.404630  1.351431
3 15  0.615398  1.301280
3 16  0.610436  1.286564
3 17  0.584900  1.447224
3 18  0.600150  1.166481
3 19  0.600492  1.167005
3 20  0.581327  1.412286
3 21  0.593196  1.189301
3 22  0.592773  1.189506
4 5  0.590013  1.159830
4 6  0.560168  0.857864
4 7  0.553788  0.951392
4 8  0.585608  0.968862
4 9  0.586672  1.138802
4 10  0.554712  0.991549
4 11  0.550706  0.979932
4 12  0.560073  1.010030
4 13  0.560434  1.011633
4 14  0.591564  1.172833
4 15  0.587353  0.985122
4 16  0.547046  0.937684
4 17  0.590787  1.172573
4 18  0.517068  0.804935
4 19  0.569717  0.846520
4 20  0.587955  1.135116
4 21  0.288840  0.665446
4 22  0.562666  0.869522
5 6  0.588793  1.151699
5 7  0.613065  1.267260
5 8  0.612849  1.285611
5 9  0.585447  1.424550
5 10  0.564104  1.208268
5 11  0.583298  1.307392
5 12  0.587563  1.310811
5 13  0.564351  1.321235
5 14  0.584887  1.447521
5 15  0.610090  1.286779
5 16  0.614948  1.301268
5 17  0.403891  1.351180
5 18  0.600216  1.167122
5 19  0.599631  1.166592
5 20  0.581079  1.412733
5 21  0.592416  1.189599
5 22  0.592766  1.189446
6 7  0.585154  0.968550
6 8  0.553808  0.951533
6 9  0.586477  1.138752
6 10  0.550137  0.980261
6 11  0.554965  0.991301
6 12  0.560610  1.012318
6 13  0.559554  1.009257
6 14  0.590959  1.172965
6 15  0.547032  0.938011
6 16  0.587056  0.984970
6 17  0.590974  1.172358
6 18  0.569653  0.846481
6 19  0.516805  0.804734
6 20  0.587758  1.135077
6 21  0.562498  0.869455
6 22  0.288619  0.665503
7 8  0.610359  1.055427
7 9  0.605694  1.175579
7 10  0.579347  1.083474
7 11  0.563119  1.076020
7 12  0.566071  1.094241
7 13  0.585193  1.117194
7 14  0.609248  1.263992
7 15  0.612628  1.090824
7 16  0.383618  0.965946
7 17  0.613062  1.275084
7 18  0.548822  0.905797
7 19  0.594548  0.952946
7 20  0.610835  1.242583
7 21  0.547480  0.930990
7 22  0.587455  0.975864
8 9  0.605976  1.176068
8 10  0.562871  1.076081
8 11  0.580053  1.083753
8 12  0.585805  1.118191
8 13  0.565852  1.093759
8 14  0.613673  1.275816
8 15  0.383749  0.966324
8 16  0.612782  1.090977
8 17  0.609063  1.263738
8 18  0.594935  0.953221
8 19  0.549111  0.906300
8 20  0.611084  1.242857
8 21  0.587743  0.976108
8 22  0.547533  0.930955
9 10  0.577461  1.233605
9 11  0.577905  1.233987
9 12  0.585748  1.281842
9 13  0.585386  1.281266
9 14  0.579972  1.405216
9 15  0.611796  1.261890
9 16  0.611703  1.261761
9 17  0.579690  1.404950
9 18  0.596405  1.122813
9 19  0.596296  1.122822
9 20  0.367247  1.226702
9 21  0.588687  1.145877
9 22  0.588657  1.145898
10 11  0.549274  1.131593
10 12  0.555631  1.141974
10 13  0.261792  0.957370
10 14  0.582318  1.287494
10 15  0.561195  1.097560
10 16  0.581227  1.120531
10 17  0.559716  1.299059
10 18  0.564186  0.983178
10 19  0.559453  0.982636
10 20  0.581079  1.266065
10 21  0.556585  1.006006
10 22  0.555951  1.002371
11 12  0.262966  0.958328
11 13  0.555690  1.141198
11 14  0.560237  1.299614
11 15  0.581741  1.120577
11 16  0.561430  1.097341
11 17  0.582328  1.287052
11 18  0.559955  0.982528
11 19  0.564502  0.983108
11 20  0.581488  1.265849
11 21  0.556401  1.002254
11 22  0.556994  1.005962
12 13  0.561454  1.158216
12 14  0.570598  1.209047
12 15  0.588081  1.108907
12 16  0.569020  1.104609
12 17  0.589469  1.310429
12 18  0.564525  0.966003
12 19  0.570723  0.996117
12 20  0.585568  1.243175
12 21  0.557877  1.004733
12 22  0.563564  1.008850
13 14  0.589487  1.310278
13 15  0.568770  1.104156
13 16  0.587589  1.108161
13 17  0.569896  1.208501
13 18  0.570466  0.995395
13 19  0.564014  0.965351
13 20  0.585186  1.242297
13 21  0.563203  1.008146
13 22  0.557469  1.004027
14 15  0.615981  1.268183
14 16  0.615991  1.292329
14 17  0.593631  1.402359
14 18  0.600638  1.132890
14 19  0.600954  1.151263
14 20  0.587513  1.410561
14 21  0.592189  1.154042
14 22  0.593238  1.152895
15 16  0.614418  1.084102
15 17  0.615672  1.292093
15 18  0.597147  0.966636
15 19  0.561441  0.948267
15 20  0.608522  1.182640
15 21  0.589961  0.992125
15 22  0.558069  0.968709
16 17  0.615500  1.267903
16 18  0.561433  0.948140
16 19  0.596910  0.966527
16 20  0.608417  1.182350
16 21  0.558016  0.968569
16 22  0.589830  0.992034
17 18  0.600688  1.150766
17 19  0.600110  1.132523
17 20  0.587223  1.410096
17 21  0.592870  1.152443
17 22  0.591759  1.153536
18 19  0.579231  0.829681
18 20  0.598094  1.117207
18 21  0.523839  0.817274
18 22  0.572164  0.850136
19 20  0.597970  1.117146
19 21  0.572059  0.850116
19 22  0.523741  0.817334
20 21  0.590323  1.139527
20 22  0.590306  1.139639
21 22  0.564993  0.873273
