   -841.26688502
   -841.53295427     -841.40426603
0.00001333067336
2 2 2 2 2 2 2 2 2 2 2 0 0 0 0 0 0 0 0 0 0 0 
1  0.287778  0.435050
2  0.288048  0.434941
3  0.312099  0.751736
4  0.280558  0.433592
5  0.311688  0.751836
6  0.280363  0.433531
7  0.305926  0.540026
8  0.306162  0.540271
9  0.308294  0.710564
10  0.275236  0.569825
11  0.275698  0.569802
12  0.281909  0.583567
13  0.281511  0.582875
14  0.312688  0.742232
15  0.308156  0.556379
16  0.308060  0.556321
17  0.312286  0.741849
18  0.290017  0.417604
19  0.289887  0.417569
20  0.309924  0.706913
21  0.282878  0.440892
22  0.282846  0.440886
1 2  0.575816  0.868569
1 3  0.599582  1.178680
1 4  0.568323  0.864264
1 5  0.598764  1.153504
1 6  0.520551  0.829034
1 7  0.593695  0.970601
1 8  0.557682  0.949633
1 9  0.595579  1.136302
1 10  0.556982  0.968529
1 11  0.563430  1.003590
1 12  0.569535  1.017556
1 13  0.564466  1.016603
1 14  0.600265  1.175421
1 15  0.551452  0.946612
1 16  0.595587  0.990648
1 17  0.599275  1.175015
1 18  0.577795  0.852402
1 19  0.293789  0.632553
1 20  0.597053  1.137952
1 21  0.570598  0.875524
1 22  0.517955  0.830468
2 3  0.599452  1.153530
2 4  0.520922  0.829027
2 5  0.599446  1.178899
2 6  0.568399  0.864107
2 7  0.557653  0.949054
2 8  0.594201  0.970679
2 9  0.595842  1.136117
2 10  0.563240  1.003550
2 11  0.557676  0.968311
2 12  0.565010  1.017177
2 13  0.569409  1.016760
2 14  0.599922  1.175300
2 15  0.595945  0.990602
2 16  0.551630  0.946796
2 17  0.600134  1.174924
2 18  0.294508  0.632756
2 19  0.577934  0.852261
2 20  0.597309  1.137898
2 21  0.517958  0.829888
2 22  0.570834  0.875414
3 4  0.590722  1.152445
3 5  0.592210  1.419062
3 6  0.591528  1.160404
3 7  0.614692  1.286299
3 8  0.615357  1.268347
3 9  0.587614  1.424060
3 10  0.584821  1.307950
3 11  0.566390  1.208596
3 12  0.566446  1.322446
3 13  0.589203  1.310753
3 14  0.406390  1.349963
3 15  0.617043  1.302062
3 16  0.612081  1.287456
3 17  0.586575  1.445876
3 18  0.601442  1.167538
3 19  0.601795  1.168011
3 20  0.583191  1.411338
3 21  0.594532  1.190597
3 22  0.594093  1.190763
4 5  0.591325  1.160744
4 6  0.560912  0.862129
4 7  0.554931  0.955687
4 8  0.586701  0.973124
4 9  0.587946  1.140730
4 10  0.555666  0.995109
4 11  0.551673  0.983561
4 12  0.561122  1.013927
4 13  0.561442  1.015551
4 14  0.592854  1.174102
4 15  0.588387  0.989209
4 16  0.548154  0.942009
4 17  0.592069  1.173887
4 18  0.517793  0.809631
4 19  0.570418  0.850832
4 20  0.589256  1.136784
4 21  0.289491  0.670388
4 22  0.563400  0.874051
5 6  0.590112  1.152622
5 7  0.614726  1.268110
5 8  0.614505  1.286589
5 9  0.587273  1.423671
5 10  0.565584  1.208910
5 11  0.584857  1.307969
5 12  0.589170  1.311516
5 13  0.565918  1.321803
5 14  0.586560  1.446102
5 15  0.611717  1.287589
5 16  0.616604  1.302096
5 17  0.405645  1.349733
5 18  0.601514  1.168147
5 19  0.600913  1.167586
5 20  0.582937  1.411753
5 21  0.593735  1.190870
5 22  0.594086  1.190682
6 7  0.586270  0.972818
6 8  0.554921  0.955764
6 9  0.587747  1.140647
6 10  0.551084  0.983817
6 11  0.555931  0.994888
6 12  0.561627  1.016179
6 13  0.560587  1.013159
6 14  0.592243  1.174201
6 15  0.548126  0.942253
6 16  0.588097  0.989090
6 17  0.592254  1.173655
6 18  0.570353  0.850806
6 19  0.517521  0.809365
6 20  0.589054  1.136719
6 21  0.563237  0.873996
6 22  0.289263  0.670360
7 8  0.611806  1.059026
7 9  0.607190  1.176710
7 10  0.580671  1.086629
7 11  0.564430  1.079409
7 12  0.567477  1.098043
7 13  0.586597  1.120893
7 14  0.610877  1.264943
7 15  0.614057  1.094690
7 16  0.384939  0.970249
7 17  0.614721  1.276121
7 18  0.549922  0.910110
7 19  0.595613  0.957030
7 20  0.612452  1.244139
7 21  0.548612  0.935501
7 22  0.588543  0.980156
8 9  0.607449  1.177166
8 10  0.564139  1.079389
8 11  0.581367  1.086931
8 12  0.587196  1.121829
8 13  0.567220  1.097558
8 14  0.615310  1.276772
8 15  0.385042  0.970512
8 16  0.614197  1.094874
8 17  0.610659  1.264709
8 18  0.595975  0.957312
8 19  0.550180  0.910549
8 20  0.612680  1.244381
8 21  0.588812  0.980405
8 22  0.548628  0.935400
9 10  0.578932  1.234875
9 11  0.579393  1.235300
9 12  0.587339  1.283407
9 13  0.586964  1.282864
9 14  0.581767  1.404560
9 15  0.613313  1.263484
9 16  0.613236  1.263416
9 17  0.581486  1.404336
9 18  0.597611  1.124573
9 19  0.597499  1.124544
9 20  0.369009  1.226570
9 21  0.589947  1.147846
9 22  0.589910  1.147828
10 11  0.550442  1.134513
10 12  0.556899  1.144936
10 13  0.262876  0.960464
10 14  0.583793  1.288132
10 15  0.562455  1.101000
10 16  0.582497  1.123922
10 17  0.561144  1.299536
10 18  0.565104  0.986723
10 19  0.560358  0.986178
10 20  0.582616  1.267239
10 21  0.557497  1.009798
10 22  0.556893  1.006147
11 12  0.264054  0.961469
11 13  0.556962  1.144238
11 14  0.561694  1.300090
11 15  0.583017  1.123962
11 16  0.562718  1.100894
11 17  0.583813  1.287801
11 18  0.560879  0.986167
11 19  0.565436  0.986664
11 20  0.583042  1.267084
11 21  0.557370  1.006123
11 22  0.557911  1.009771
12 13  0.562781  1.161427
12 14  0.572070  1.209715
12 15  0.589429  1.111997
12 16  0.570377  1.107943
12 17  0.591039  1.311183
12 18  0.565553  0.969415
12 19  0.571731  0.999773
12 20  0.587187  1.244367
12 21  0.558927  1.008531
12 22  0.564598  1.012457
13 14  0.591049  1.311004
13 15  0.570104  1.107461
13 16  0.588938  1.111341
13 17  0.571344  1.209228
13 18  0.571464  0.999118
13 19  0.565028  0.968752
13 20  0.586793  1.243511
13 21  0.564231  1.011811
13 22  0.558498  1.007813
14 15  0.617542  1.268983
14 16  0.617585  1.293231
14 17  0.595298  1.400689
14 18  0.601883  1.133671
14 19  0.602197  1.152179
14 20  0.589341  1.409499
14 21  0.593464  1.155039
14 22  0.594493  1.153778
15 16  0.615772  1.087334
15 17  0.617248  1.292983
15 18  0.598167  0.970472
15 19  0.562491  0.952169
15 20  0.609990  1.183484
15 21  0.591012  0.996250
15 22  0.559132  0.972772
16 17  0.617068  1.268799
16 18  0.562496  0.952151
16 19  0.597940  0.970379
16 20  0.609894  1.183241
16 21  0.559099  0.972726
16 22  0.590885  0.996184
17 18  0.601929  1.151778
17 19  0.601346  1.133314
17 20  0.589049  1.409070
17 21  0.594127  1.153412
17 22  0.593018  1.154548
18 19  0.579895  0.833736
18 20  0.599366  1.118714
18 21  0.524543  0.821639
18 22  0.572856  0.854263
19 20  0.599240  1.118609
19 21  0.572756  0.854238
19 22  0.524431  0.821619
20 21  0.591625  1.141246
20 22  0.591598  1.141323
21 22  0.565717  0.877622
