   -841.26688502
   -841.53299266     -841.40437151
0.00000989501021
2 2 2 2 2 2 2 2 2 2 2 0 0 0 0 0 0 0 0 0 0 0 
1  0.287852  0.435435
2  0.288119  0.435279
3  0.312270  0.751570
4  0.280631  0.434032
5  0.311862  0.751655
6  0.280442  0.433992
7  0.306070  0.540328
8  0.306318  0.540628
9  0.308443  0.710468
10  0.275351  0.570171
11  0.275808  0.570114
12  0.282033  0.583906
13  0.281646  0.583219
14  0.312844  0.742074
15  0.308302  0.556722
16  0.308199  0.556618
17  0.312443  0.741668
18  0.290098  0.417944
19  0.289969  0.417948
20  0.310087  0.706805
21  0.282952  0.441306
22  0.282927  0.441338
1 2  0.575960  0.869275
1 3  0.599824  1.178886
1 4  0.568470  0.865033
1 5  0.599012  1.153664
1 6  0.520691  0.829872
1 7  0.593913  0.971267
1 8  0.557924  0.950380
1 9  0.595800  1.136580
1 10  0.557171  0.969199
1 11  0.563612  1.004285
1 12  0.569734  1.018270
1 13  0.564671  1.017334
1 14  0.600494  1.175644
1 15  0.551677  0.947383
1 16  0.595792  0.991329
1 17  0.599502  1.175218
1 18  0.577949  0.853127
1 19  0.293934  0.633387
1 20  0.597284  1.138225
1 21  0.570746  0.876323
1 22  0.518097  0.831380
2 3  0.599695  1.153670
2 4  0.521054  0.829798
2 5  0.599689  1.179045
2 6  0.568549  0.864852
2 7  0.557881  0.949704
2 8  0.594428  0.971354
2 9  0.596061  1.136353
2 10  0.563423  1.004232
2 11  0.557859  0.968912
2 12  0.565202  1.017856
2 13  0.569615  1.017431
2 14  0.600144  1.175481
2 15  0.596156  0.991282
2 16  0.551845  0.947476
2 17  0.600361  1.175079
2 18  0.294654  0.633485
2 19  0.578088  0.852977
2 20  0.597537  1.138125
2 21  0.518091  0.830715
2 22  0.570984  0.876203
3 4  0.590965  1.152655
3 5  0.592511  1.418776
3 6  0.591778  1.160641
3 7  0.615002  1.286446
3 8  0.615673  1.268510
3 9  0.587931  1.423873
3 10  0.585102  1.308152
3 11  0.566654  1.208774
3 12  0.566721  1.322609
3 13  0.589501  1.310960
3 14  0.406702  1.349727
3 15  0.617359  1.302239
3 16  0.612383  1.287600
3 17  0.586872  1.445632
3 18  0.601689  1.167714
3 19  0.602047  1.168221
3 20  0.583518  1.411175
3 21  0.594777  1.190846
3 22  0.594341  1.191049
4 5  0.591573  1.160946
4 6  0.561064  0.862968
4 7  0.555154  0.956423
4 8  0.586930  0.973919
4 9  0.588167  1.141063
4 10  0.555851  0.995839
4 11  0.551857  0.984278
4 12  0.561319  1.014705
4 13  0.561639  1.016332
4 14  0.593082  1.174385
4 15  0.588600  0.989987
4 16  0.548375  0.942784
4 17  0.592294  1.174149
4 18  0.517938  0.810484
4 19  0.570573  0.851650
4 20  0.589491  1.137095
4 21  0.289617  0.671309
4 22  0.563553  0.874940
5 6  0.590364  1.152836
5 7  0.615033  1.268207
5 8  0.614828  1.286772
5 9  0.587592  1.423472
5 10  0.565854  1.209104
5 11  0.585136  1.308125
5 12  0.589462  1.311707
5 13  0.566208  1.321951
5 14  0.586856  1.445867
5 15  0.612030  1.287759
5 16  0.616915  1.302213
5 17  0.405959  1.349467
5 18  0.601768  1.168305
5 19  0.601167  1.167784
5 20  0.583268  1.411572
5 21  0.593979  1.191105
5 22  0.594340  1.190952
6 7  0.586493  0.973580
6 8  0.555158  0.956579
6 9  0.587973  1.141001
6 10  0.551277  0.984587
6 11  0.556118  0.995603
6 12  0.561819  1.016977
6 13  0.560799  1.013964
6 14  0.592473  1.174507
6 15  0.548359  0.943093
6 16  0.588308  0.989843
6 17  0.592489  1.173935
6 18  0.570510  0.851607
6 19  0.517674  0.810278
6 20  0.589295  1.137050
6 21  0.563391  0.874869
6 22  0.289395  0.671355
7 8  0.612105  1.059605
7 9  0.607452  1.176824
7 10  0.580929  1.087203
7 11  0.564678  1.079999
7 12  0.567737  1.098711
7 13  0.586873  1.121541
7 14  0.611174  1.265086
7 15  0.614348  1.095334
7 16  0.385189  0.970921
7 17  0.615021  1.276232
7 18  0.550151  0.910795
7 19  0.595835  0.957711
7 20  0.612743  1.244343
7 21  0.548837  0.936250
7 22  0.588766  0.980908
8 9  0.607721  1.177319
8 10  0.564403  1.080056
8 11  0.581632  1.087525
8 12  0.587474  1.122525
8 13  0.567501  1.098283
8 14  0.615621  1.276960
8 15  0.385300  0.971305
8 16  0.614491  1.095526
8 17  0.610968  1.264878
8 18  0.596204  0.958009
8 19  0.550422  0.911321
8 20  0.612983  1.244639
8 21  0.589040  0.981174
8 22  0.548870  0.936237
9 10  0.579192  1.235126
9 11  0.579652  1.235520
9 12  0.587611  1.283691
9 13  0.587245  1.283156
9 14  0.582070  1.404425
9 15  0.613594  1.263741
9 16  0.613509  1.263629
9 17  0.581787  1.404180
9 18  0.597832  1.124813
9 19  0.597723  1.124819
9 20  0.369320  1.226472
9 21  0.590167  1.148146
9 22  0.590135  1.148164
10 11  0.550659  1.135150
10 12  0.557136  1.145587
10 13  0.263089  0.961174
10 14  0.584056  1.288349
10 15  0.562706  1.101711
10 16  0.582746  1.124566
10 17  0.561402  1.299682
10 18  0.565300  0.987402
10 19  0.560552  0.986905
10 20  0.582896  1.267518
10 21  0.557680  1.010558
10 22  0.557087  1.006946
11 12  0.264260  0.962131
11 13  0.557205  1.144861
11 14  0.561942  1.300228
11 15  0.583271  1.124617
11 16  0.562958  1.101528
11 17  0.584073  1.287965
11 18  0.561066  0.986822
11 19  0.565630  0.987350
11 20  0.583320  1.267331
11 21  0.557554  1.006851
11 22  0.558095  1.010535
12 13  0.563033  1.162086
12 14  0.572327  1.209898
12 15  0.589696  1.112592
12 16  0.570631  1.108544
12 17  0.591314  1.311366
12 18  0.565759  0.970043
12 19  0.571935  1.000488
12 20  0.587472  1.244611
12 21  0.559126  1.009263
12 22  0.564800  1.013185
13 14  0.591334  1.311220
13 15  0.570375  1.108106
13 16  0.589206  1.111895
13 17  0.571611  1.209400
13 18  0.571677  0.999802
13 19  0.565247  0.969420
13 20  0.587086  1.243758
13 21  0.564437  1.012511
13 22  0.558713  1.008586
14 15  0.617837  1.269141
14 16  0.617875  1.293376
14 17  0.595583  1.400443
14 18  0.602118  1.133808
14 19  0.602431  1.152396
14 20  0.589658  1.409315
14 21  0.593691  1.155245
14 22  0.594728  1.153997
15 16  0.616055  1.087877
15 17  0.617546  1.293149
15 18  0.598393  0.971133
15 19  0.562732  0.952894
15 20  0.610265  1.183633
15 21  0.591232  0.997003
15 22  0.559363  0.973554
16 17  0.617356  1.268901
16 18  0.562728  0.952792
16 19  0.598161  0.971038
16 20  0.610161  1.183359
16 21  0.559319  0.973421
16 22  0.591104  0.996928
17 18  0.602162  1.151933
17 19  0.601585  1.133462
17 20  0.589367  1.408873
17 21  0.594357  1.153580
17 22  0.593252  1.154758
18 19  0.580057  0.834437
18 20  0.599606  1.118933
18 21  0.524683  0.822400
18 22  0.573016  0.855000
19 20  0.599482  1.118868
19 21  0.572913  0.854978
19 22  0.524581  0.822454
20 21  0.591862  1.141534
20 22  0.591842  1.141648
21 22  0.565872  0.878440
