   -841.26688502
   -841.53302992     -841.40447277
0.00000714039712
2 2 2 2 2 2 2 2 2 2 2 0 0 0 0 0 0 0 0 0 0 0 
1  0.287923  0.435833
2  0.288192  0.435689
3  0.312438  0.751323
4  0.280695  0.434508
5  0.312024  0.751402
6  0.280503  0.434461
7  0.306195  0.540742
8  0.306444  0.541040
9  0.308608  0.710451
10  0.275452  0.570451
11  0.275907  0.570413
12  0.282147  0.584210
13  0.281760  0.583517
14  0.312994  0.741857
15  0.308434  0.557080
16  0.308329  0.556990
17  0.312590  0.741457
18  0.290170  0.418358
19  0.290040  0.418353
20  0.310251  0.706737
21  0.283016  0.441786
22  0.282988  0.441809
1 2  0.576104  0.870066
1 3  0.600060  1.179026
1 4  0.568604  0.865846
1 5  0.599245  1.153767
1 6  0.520818  0.830731
1 7  0.594110  0.972056
1 8  0.558130  0.951194
1 9  0.596035  1.136945
1 10  0.557347  0.969822
1 11  0.563779  1.004979
1 12  0.569920  1.018960
1 13  0.564853  1.018033
1 14  0.600715  1.175822
1 15  0.551886  0.948176
1 16  0.595988  0.992101
1 17  0.599715  1.175406
1 18  0.578093  0.853938
1 19  0.294067  0.634263
1 20  0.597512  1.138552
1 21  0.570879  0.877200
1 22  0.518222  0.832317
2 3  0.599935  1.153786
2 4  0.521185  0.830676
2 5  0.599922  1.179191
2 6  0.568682  0.865670
2 7  0.558089  0.950530
2 8  0.594628  0.972154
2 9  0.596299  1.136730
2 10  0.563595  1.004919
2 11  0.558035  0.969562
2 12  0.565384  1.018572
2 13  0.569805  1.018128
2 14  0.600364  1.175675
2 15  0.596355  0.992052
2 16  0.552055  0.948291
2 17  0.600581  1.175275
2 18  0.294789  0.634384
2 19  0.578232  0.853791
2 20  0.597768  1.138463
2 21  0.518221  0.831674
2 22  0.571117  0.877083
3 4  0.591195  1.152831
3 5  0.592795  1.418332
3 6  0.592004  1.160799
3 7  0.615291  1.286616
3 8  0.615958  1.268655
3 9  0.588257  1.423694
3 10  0.585370  1.308205
3 11  0.566903  1.208868
3 12  0.566983  1.322662
3 13  0.589778  1.311069
3 14  0.407016  1.349373
3 15  0.617656  1.302341
3 16  0.612675  1.287735
3 17  0.587150  1.445280
3 18  0.601926  1.167879
3 19  0.602285  1.168379
3 20  0.583846  1.410959
3 21  0.595008  1.191081
3 22  0.594566  1.191274
4 5  0.591796  1.161105
4 6  0.561188  0.863843
4 7  0.555348  0.957311
4 8  0.587119  0.974805
4 9  0.588392  1.141508
4 10  0.556014  0.996547
4 11  0.552023  0.985018
4 12  0.561496  1.015484
4 13  0.561806  1.017104
4 14  0.593297  1.174647
4 15  0.588792  0.990818
4 16  0.548577  0.943663
4 17  0.592500  1.174415
4 18  0.518068  0.811440
4 19  0.570707  0.852530
4 20  0.589721  1.137489
4 21  0.289726  0.672349
4 22  0.563678  0.875884
5 6  0.590585  1.153002
5 7  0.615312  1.268345
5 8  0.615113  1.286936
5 9  0.587913  1.423286
5 10  0.566101  1.209180
5 11  0.585396  1.308191
5 12  0.589733  1.311812
5 13  0.566464  1.321994
5 14  0.587133  1.445505
5 15  0.612316  1.287877
5 16  0.617206  1.302323
5 17  0.406270  1.349111
5 18  0.602003  1.168465
5 19  0.601395  1.167934
5 20  0.583590  1.411353
5 21  0.594202  1.191333
5 22  0.594563  1.191173
6 7  0.586678  0.974459
6 8  0.555350  0.957457
6 9  0.588195  1.141438
6 10  0.551442  0.985304
6 11  0.556275  0.996321
6 12  0.561981  1.017746
6 13  0.560975  1.014729
6 14  0.592680  1.174760
6 15  0.548559  0.943951
6 16  0.588497  0.990680
6 17  0.592697  1.174196
6 18  0.570643  0.852488
6 19  0.517800  0.811217
6 20  0.589522  1.137435
6 21  0.563515  0.875815
6 22  0.289499  0.672374
7 8  0.612353  1.060345
7 9  0.607710  1.177100
7 10  0.581153  1.087825
7 11  0.564900  1.080675
7 12  0.567972  1.099456
7 13  0.587109  1.122254
7 14  0.611442  1.265276
7 15  0.614604  1.096104
7 16  0.385429  0.971791
7 17  0.615295  1.276428
7 18  0.550352  0.911653
7 19  0.596025  0.958531
7 20  0.613019  1.244696
7 21  0.549039  0.937166
7 22  0.588948  0.981789
8 9  0.607980  1.177595
8 10  0.564625  1.080712
8 11  0.581854  1.088163
8 12  0.587711  1.123242
8 13  0.567738  1.099023
8 14  0.615899  1.277148
8 15  0.385539  0.972156
8 16  0.614748  1.096308
8 17  0.611234  1.265073
8 18  0.596397  0.958836
8 19  0.550622  0.912170
8 20  0.613260  1.244991
8 21  0.589226  0.982064
8 22  0.549070  0.937144
9 10  0.579458  1.235407
9 11  0.579915  1.235821
9 12  0.587889  1.284012
9 13  0.587524  1.283470
9 14  0.582383  1.404292
9 15  0.613874  1.264090
9 16  0.613788  1.263991
9 17  0.582099  1.404054
9 18  0.598061  1.125201
9 19  0.597951  1.125199
9 20  0.369648  1.226493
9 21  0.590395  1.148596
9 22  0.590360  1.148605
10 11  0.550851  1.135715
10 12  0.557349  1.146138
10 13  0.263279  0.961765
10 14  0.584305  1.288462
10 15  0.562934  1.102375
10 16  0.582977  1.125219
10 17  0.561635  1.299748
10 18  0.565474  0.988087
10 19  0.560719  0.987593
10 20  0.583163  1.267764
10 21  0.557834  1.011316
10 22  0.557250  1.007698
11 12  0.264450  0.962749
11 13  0.557417  1.145424
11 14  0.562178  1.300308
11 15  0.583499  1.125276
11 16  0.563183  1.102223
11 17  0.584317  1.288103
11 18  0.561232  0.987538
11 19  0.565800  0.988046
11 20  0.583585  1.267594
11 21  0.557718  1.007631
11 22  0.558245  1.011303
12 13  0.563257  1.162678
12 14  0.572564  1.209993
12 15  0.589938  1.113184
12 16  0.570875  1.109181
12 17  0.591569  1.311474
12 18  0.565950  0.970700
12 19  0.572117  1.001193
12 20  0.587749  1.244869
12 21  0.559307  1.010021
12 22  0.564974  1.013895
13 14  0.591592  1.311313
13 15  0.570619  1.108726
13 16  0.589448  1.112490
13 17  0.571846  1.209495
13 18  0.571862  1.000510
13 19  0.565436  0.970065
13 20  0.587364  1.244006
13 21  0.564615  1.013224
13 22  0.558892  1.009330
14 15  0.618111  1.269285
14 16  0.618152  1.293533
14 17  0.595855  1.400086
14 18  0.602341  1.133960
14 19  0.602651  1.152568
14 20  0.589974  1.409118
14 21  0.593903  1.155458
14 22  0.594936  1.154185
15 16  0.616313  1.088496
15 17  0.617820  1.293299
15 18  0.598597  0.971886
15 19  0.562942  0.953660
15 20  0.610529  1.183840
15 21  0.591427  0.997838
15 22  0.559558  0.974374
16 17  0.617626  1.269058
16 18  0.562940  0.953579
16 19  0.598362  0.971795
16 20  0.610424  1.183576
16 21  0.559514  0.974264
16 22  0.591295  0.997767
17 18  0.602380  1.152119
17 19  0.601801  1.133611
17 20  0.589680  1.408676
17 21  0.594565  1.153781
17 22  0.593458  1.154968
18 19  0.580200  0.835241
18 20  0.599840  1.119267
18 21  0.524814  0.823290
18 22  0.573149  0.855835
19 20  0.599714  1.119192
19 21  0.573047  0.855814
19 22  0.524708  0.823326
20 21  0.592087  1.141929
20 22  0.592064  1.142036
21 22  0.565996  0.879341
