   -993.87983952
   -994.19050577     -994.06147660
0.00008342221586
2 2 2 2 2 2 2 2 2 2 2 2 2 0 0 0 0 0 0 0 0 0 0 0 0 0 
1  0.262102  0.548114
2  0.277276  0.438370
3  0.287827  0.501246
4  0.269902  0.540368
5  0.260581  0.392252
6  0.276680  0.327898
7  0.274840  0.338707
8  0.300954  0.612999
9  0.304452  0.677275
10  0.300013  0.672934
11  0.297433  0.587430
12  0.313171  0.691637
13  0.294624  0.410974
14  0.277259  0.570817
15  0.288924  0.506577
16  0.280580  0.444163
17  0.271751  0.577874
18  0.269305  0.397477
19  0.276789  0.320847
20  0.276996  0.348807
21  0.309917  0.674082
22  0.300255  0.639742
23  0.298426  0.573770
24  0.301755  0.605753
25  0.296099  0.416712
26  0.306051  0.692240
1 2  0.538546  0.973191
1 3  0.548538  1.015394
1 4  0.529945  1.080173
1 5  0.522144  0.925059
1 6  0.538733  0.871368
1 7  0.536916  0.883366
1 8  0.547502  1.075480
1 9  0.562404  1.186493
1 10  0.558403  1.216325
1 11  0.556730  1.093934
1 12  0.553170  1.184582
1 13  0.556669  0.958072
1 14  0.255519  0.944154
1 15  0.550896  1.051338
1 16  0.542067  0.990896
1 17  0.533173  1.114412
1 18  0.529307  0.944771
1 19  0.538765  0.868812
1 20  0.539094  0.896543
1 21  0.549878  1.196243
1 22  0.560759  1.172893
1 23  0.557684  1.119111
1 24  0.543701  1.146739
1 25  0.557766  0.963807
1 26  0.563324  1.224781
2 3  0.521775  0.908588
2 4  0.547100  0.973999
2 5  0.537850  0.827276
2 6  0.553951  0.766125
2 7  0.552111  0.776924
2 8  0.567710  1.012648
2 9  0.567693  1.109589
2 10  0.570120  1.081436
2 11  0.574698  1.024282
2 12  0.589643  1.104325
2 13  0.571887  0.846692
2 14  0.554219  1.007332
2 15  0.282186  0.735597
2 16  0.515623  0.851243
2 17  0.548717  1.014993
2 18  0.546571  0.835497
2 19  0.554064  0.759133
2 20  0.554261  0.787047
2 21  0.587033  1.110418
2 22  0.576182  1.076462
2 23  0.575551  1.010980
2 24  0.577296  1.037851
2 25  0.573350  0.854800
2 26  0.551359  1.087667
3 4  0.557708  1.039202
3 5  0.548399  0.887771
3 6  0.564499  0.827703
3 7  0.562662  0.839045
3 8  0.581207  1.062925
3 9  0.568574  1.118106
3 10  0.583692  1.168471
3 11  0.585235  1.076129
3 12  0.600529  1.175745
3 13  0.582437  0.911439
3 14  0.563171  1.069993
3 15  0.522105  0.946429
3 16  0.285573  0.736540
3 17  0.559486  1.077204
3 18  0.557043  0.898087
3 19  0.564605  0.821965
3 20  0.564821  0.849869
3 21  0.597429  1.172974
3 22  0.585604  1.132618
3 23  0.586065  1.073194
3 24  0.584862  1.105229
3 25  0.583924  0.917595
3 26  0.570390  1.158061
4 5  0.527753  0.927281
4 6  0.546462  0.867837
4 7  0.544304  0.872981
4 8  0.570682  1.149482
4 9  0.574064  1.192730
4 10  0.568056  1.163957
4 11  0.540775  1.089661
4 12  0.552480  1.187753
4 13  0.561853  0.928987
4 14  0.546466  1.100898
4 15  0.558207  1.045400
4 16  0.550216  0.983393
4 17  0.272140  0.958459
4 18  0.538347  0.930922
4 19  0.546349  0.860828
4 20  0.545803  0.888723
4 21  0.545804  1.167303
4 22  0.568397  1.176735
4 23  0.535024  1.075109
4 24  0.571541  1.143257
4 25  0.564655  0.956521
4 26  0.575274  1.227510
5 6  0.531486  0.707978
5 7  0.531434  0.724925
5 8  0.561494  0.993816
5 9  0.565018  1.065095
5 10  0.560527  1.062692
5 11  0.536451  0.949677
5 12  0.569736  1.053621
5 13  0.536169  0.786093
5 14  0.535864  0.962227
5 15  0.549501  0.898283
5 16  0.541139  0.835967
5 17  0.531592  0.963687
5 18  0.251645  0.560478
5 19  0.534312  0.711316
5 20  0.536631  0.737358
5 21  0.568247  1.064852
5 22  0.560795  1.031075
5 23  0.530868  0.939058
5 24  0.562078  0.997060
5 25  0.530782  0.782909
5 26  0.566461  1.083232
6 7  0.504948  0.627237
6 8  0.577604  0.938668
6 9  0.581117  1.001948
6 10  0.576508  0.999486
6 11  0.571885  0.904864
6 12  0.589738  1.016655
6 13  0.541670  0.718904
6 14  0.553740  0.898529
6 15  0.565600  0.834374
6 16  0.557255  0.771974
6 17  0.548193  0.905141
6 18  0.541690  0.723135
6 19  0.274868  0.396439
6 20  0.500263  0.628665
6 21  0.586150  1.001240
6 22  0.576657  0.967209
6 23  0.574367  0.901310
6 24  0.578402  0.933372
6 25  0.534296  0.708396
6 26  0.582730  1.019863
7 8  0.575780  0.950492
7 9  0.579287  1.011680
7 10  0.574732  1.007029
7 11  0.568689  0.907716
7 12  0.587931  1.029950
7 13  0.539258  0.723424
7 14  0.552059  0.909256
7 15  0.563734  0.845131
7 16  0.555408  0.782769
7 17  0.545436  0.915928
7 18  0.542946  0.733377
7 19  0.501369  0.617723
7 20  0.274037  0.444150
7 21  0.584266  1.011193
7 22  0.575088  0.978004
7 23  0.572211  0.912258
7 24  0.576538  0.944140
7 25  0.530618  0.715558
7 26  0.580852  1.030498
8 9  0.579063  1.251199
8 10  0.565722  1.267723
8 11  0.598266  1.179324
8 12  0.610966  1.257118
8 13  0.595538  1.021833
8 14  0.566121  1.180815
8 15  0.586908  1.112635
8 16  0.580281  1.055721
8 17  0.572518  1.186218
8 18  0.570014  1.009429
8 19  0.577698  0.933548
8 20  0.577927  0.961441
8 21  0.609267  1.282293
8 22  0.562224  1.227922
8 23  0.599005  1.183434
8 24  0.416217  1.112851
8 25  0.597024  1.029107
8 26  0.565879  1.218534
9 10  0.577122  1.283628
9 11  0.601706  1.230603
9 12  0.616630  1.361154
9 13  0.599053  1.085926
9 14  0.575353  1.240439
9 15  0.571892  1.146482
9 16  0.553553  1.079532
9 17  0.575963  1.250668
9 18  0.573503  1.073424
9 19  0.581208  0.997898
9 20  0.581359  1.025635
9 21  0.610826  1.338023
9 22  0.563011  1.236495
9 23  0.602818  1.246086
9 24  0.578430  1.270482
9 25  0.600367  1.093016
9 26  0.467226  1.320098
10 11  0.596659  1.242126
10 12  0.602782  1.301112
10 13  0.594474  1.072004
10 14  0.570726  1.204009
10 15  0.584031  1.177087
10 16  0.578306  1.107865
10 17  0.569812  1.245335
10 18  0.569186  1.069228
10 19  0.576574  0.993323
10 20  0.576997  1.021169
10 21  0.597564  1.331151
10 22  0.418686  1.220645
10 23  0.598211  1.243423
10 24  0.556460  1.201263
10 25  0.595676  1.088523
10 26  0.577277  1.355013
11 12  0.593678  1.262398
11 13  0.582066  0.988655
11 14  0.571790  1.155161
11 15  0.586183  1.092295
11 16  0.577823  1.030275
11 17  0.537182  1.126365
11 18  0.538663  0.958714
11 19  0.573701  0.908173
11 20  0.572898  0.935542
11 21  0.580941  1.206211
11 22  0.597304  1.222365
11 23  0.364667  1.042220
11 24  0.599023  1.189090
11 25  0.576307  0.982137
11 26  0.603455  1.275085
12 13  0.606465  1.084332
12 14  0.563346  1.225237
12 15  0.601321  1.195189
12 16  0.593681  1.134142
12 17  0.548713  1.218141
12 18  0.579611  1.087147
12 19  0.589559  1.011664
12 20  0.589915  1.038860
12 21  0.383808  1.277060
12 22  0.607062  1.326665
12 23  0.586292  1.211587
12 24  0.610374  1.280220
12 25  0.609039  1.107520
12 26  0.615248  1.372030
13 14  0.571588  0.980747
13 15  0.583479  0.917113
13 16  0.575200  0.854909
13 17  0.564536  0.988204
13 18  0.538183  0.778878
13 19  0.531652  0.692729
13 20  0.533137  0.725196
13 21  0.604312  1.084356
13 22  0.594737  1.049787
13 23  0.575686  0.963862
13 24  0.596198  1.016134
13 25  0.362194  0.658116
13 26  0.600444  1.102117
14 15  0.565307  1.071757
14 16  0.556379  0.990370
14 17  0.545754  1.138223
14 18  0.545848  0.953238
14 19  0.554031  0.889082
14 20  0.554242  0.917395
14 21  0.562868  1.195495
14 22  0.573994  1.196237
14 23  0.572400  1.105066
14 24  0.557302  1.083514
14 25  0.573246  0.986556
14 26  0.580517  1.244197
15 16  0.525144  0.921388
15 17  0.560500  1.068345
15 18  0.558223  0.902226
15 19  0.565707  0.826876
15 20  0.565916  0.853600
15 21  0.597907  1.149571
15 22  0.581286  1.086310
15 23  0.587318  1.077072
15 24  0.585159  1.106247
15 25  0.585012  0.918490
15 26  0.571956  1.139305
16 17  0.552285  1.020449
16 18  0.549879  0.837526
16 19  0.557360  0.764874
16 20  0.557573  0.792852
16 21  0.589668  1.097743
16 22  0.570238  1.053405
16 23  0.578995  1.013639
16 24  0.574537  1.016415
16 25  0.576671  0.859539
16 26  0.570243  1.127448
17 18  0.537169  0.970092
17 19  0.548250  0.896755
17 20  0.548049  0.915554
17 21  0.552159  1.200318
17 22  0.570105  1.176939
17 23  0.543169  1.104995
17 24  0.572731  1.167009
17 25  0.564744  0.967303
17 26  0.576962  1.224268
18 19  0.540061  0.708302
18 20  0.541402  0.741098
18 21  0.574946  1.044615
18 22  0.569480  1.032275
18 23  0.544195  0.939944
18 24  0.571037  0.996239
18 25  0.544148  0.796544
18 26  0.575323  1.087983
19 20  0.507104  0.630161
19 21  0.586601  0.994472
19 22  0.576787  0.959220
19 23  0.571880  0.883399
19 24  0.578505  0.924765
19 25  0.543712  0.719613
19 26  0.582836  1.010319
20 21  0.586719  1.021014
20 22  0.577159  0.984176
20 23  0.571598  0.903767
20 24  0.578750  0.951789
20 25  0.542469  0.734477
20 26  0.583038  1.035028
21 22  0.599676  1.221895
21 23  0.592089  1.236754
21 24  0.609748  1.267923
21 25  0.603987  1.068901
21 26  0.613864  1.344006
22 23  0.598017  1.205941
22 24  0.564517  1.231203
22 25  0.596265  1.043732
22 26  0.581093  1.273786
23 24  0.599839  1.148544
23 25  0.585721  0.979298
23 26  0.604232  1.237500
24 25  0.597827  1.021420
24 26  0.582611  1.240664
25 26  0.602087  1.101641
