   -993.87983952
   -994.19119848     -994.06314423
0.00003824745282
2 2 2 2 2 2 2 2 2 2 2 2 2 0 0 0 0 0 0 0 0 0 0 0 0 0 
1  0.264507  0.550401
2  0.278173  0.439354
3  0.288690  0.501936
4  0.271525  0.544031
5  0.261684  0.397259
6  0.277396  0.331105
7  0.275334  0.342823
8  0.303446  0.611983
9  0.306265  0.673596
10  0.302586  0.672491
11  0.299236  0.593304
12  0.315245  0.693940
13  0.295785  0.415675
14  0.279647  0.572951
15  0.289795  0.506670
16  0.281477  0.445019
17  0.273394  0.582039
18  0.270471  0.402290
19  0.277520  0.323944
20  0.277500  0.353254
21  0.312076  0.676457
22  0.302774  0.639814
23  0.300185  0.579647
24  0.304126  0.603695
25  0.297263  0.421161
26  0.307841  0.689250
1 2  0.541782  0.976294
1 3  0.551760  1.018102
1 4  0.533908  1.086030
1 5  0.525601  0.931768
1 6  0.541849  0.876535
1 7  0.539805  0.889521
1 8  0.551795  1.076510
1 9  0.566501  1.185377
1 10  0.563308  1.218271
1 11  0.560807  1.101498
1 12  0.557530  1.188880
1 13  0.560228  0.965008
1 14  0.259453  0.947832
1 15  0.554179  1.053642
1 16  0.545299  0.994098
1 17  0.537194  1.121024
1 18  0.532791  0.951846
1 19  0.541895  0.874187
1 20  0.542003  0.903229
1 21  0.554387  1.201425
1 22  0.565644  1.175604
1 23  0.561811  1.127257
1 24  0.548096  1.146816
1 25  0.561308  0.970499
1 26  0.567415  1.224348
2 3  0.523480  0.910130
2 4  0.549607  0.978393
2 5  0.539846  0.832977
2 6  0.555565  0.770296
2 7  0.553503  0.782003
2 8  0.570949  1.012541
2 9  0.570434  1.106899
2 10  0.573493  1.081756
2 11  0.577399  1.031124
2 12  0.592545  1.106870
2 13  0.573941  0.852038
2 14  0.557492  1.010419
2 15  0.283823  0.736380
2 16  0.517472  0.853615
2 17  0.551185  1.020181
2 18  0.548629  0.841290
2 19  0.555692  0.763201
2 20  0.555660  0.792471
2 21  0.590066  1.113820
2 22  0.579572  1.077600
2 23  0.578155  1.017852
2 24  0.580536  1.036874
2 25  0.575403  0.860228
2 26  0.554110  1.086236
3 4  0.560191  1.043579
3 5  0.550359  0.892926
3 6  0.566081  0.831396
3 7  0.564021  0.843730
3 8  0.584464  1.063039
3 9  0.571258  1.115485
3 10  0.587092  1.168717
3 11  0.587900  1.082127
3 12  0.603435  1.178173
3 13  0.584458  0.916742
3 14  0.566298  1.072890
3 15  0.523954  0.948466
3 16  0.287185  0.737812
3 17  0.561983  1.082015
3 18  0.559065  0.903575
3 19  0.566199  0.825719
3 20  0.566188  0.854984
3 21  0.600472  1.176059
3 22  0.588977  1.133390
3 23  0.588669  1.079760
3 24  0.588025  1.103941
3 25  0.585950  0.922724
3 26  0.573065  1.156381
4 5  0.530380  0.935761
4 6  0.548793  0.874650
4 7  0.546413  0.880295
4 8  0.574779  1.152167
4 9  0.577467  1.192595
4 10  0.572136  1.166466
4 11  0.544120  1.098498
4 12  0.556058  1.193478
4 13  0.564556  0.936481
4 14  0.550451  1.106791
4 15  0.560653  1.049195
4 16  0.552710  0.987887
4 17  0.275110  0.966515
4 18  0.541111  0.939369
4 19  0.548680  0.867556
4 20  0.547869  0.896822
4 21  0.549601  1.174109
4 22  0.572487  1.180507
4 23  0.538387  1.085183
4 24  0.575526  1.144901
4 25  0.567417  0.964634
4 26  0.578649  1.228316
5 6  0.533269  0.715808
5 7  0.533001  0.733848
5 8  0.565088  0.997245
5 9  0.567933  1.066227
5 10  0.564194  1.067223
5 11  0.539283  0.959914
5 12  0.572817  1.060119
5 13  0.538375  0.795760
5 14  0.539255  0.969355
5 15  0.551475  0.903370
5 16  0.543133  0.841816
5 17  0.534308  0.972813
5 18  0.253681  0.570828
5 19  0.536133  0.719437
5 20  0.538226  0.746753
5 21  0.571472  1.072211
5 22  0.564414  1.036120
5 23  0.533663  0.950156
5 24  0.565556  0.999995
5 25  0.533020  0.792544
5 26  0.569328  1.085249
6 7  0.506184  0.634776
6 8  0.580802  0.940697
6 9  0.583637  1.001199
6 10  0.579757  1.002049
6 11  0.574357  0.913323
6 12  0.592529  1.022088
6 13  0.543608  0.727100
6 14  0.556833  0.903862
6 15  0.567184  0.837669
6 16  0.558867  0.776032
6 17  0.550550  0.912473
6 18  0.543548  0.731178
6 19  0.276262  0.403606
6 20  0.501527  0.636960
6 21  0.588989  1.006770
6 22  0.579881  0.970357
6 23  0.576832  0.910397
6 24  0.581484  0.934461
6 25  0.536225  0.716330
6 26  0.585234  1.020071
7 8  0.578768  0.953528
7 9  0.581594  1.011682
7 10  0.577789  1.010135
7 11  0.570974  0.916694
7 12  0.590500  1.036328
7 13  0.540931  0.732099
7 14  0.554928  0.915472
7 15  0.565091  0.849333
7 16  0.556801  0.787733
7 17  0.547523  0.924189
7 18  0.544596  0.742254
7 19  0.502639  0.625561
7 20  0.274937  0.453922
7 21  0.586894  1.017552
7 22  0.578103  0.982141
7 23  0.574468  0.922259
7 24  0.579399  0.946156
7 25  0.532319  0.724373
7 26  0.583130  1.031593
8 9  0.583271  1.247328
8 10  0.570552  1.266404
8 11  0.602550  1.184071
8 12  0.615492  1.258159
8 13  0.599189  1.025326
8 14  0.570699  1.181871
8 15  0.590230  1.111871
8 16  0.583645  1.055645
8 17  0.576633  1.189335
8 18  0.573659  1.013209
8 19  0.580914  0.935538
8 20  0.580925  0.964823
8 21  0.613867  1.283886
8 22  0.566929  1.227341
8 23  0.603246  1.188285
8 24  0.420567  1.108886
8 25  0.600683  1.032534
8 26  0.569999  1.216516
9 10  0.581280  1.280341
9 11  0.605313  1.232060
9 12  0.620486  1.360079
9 13  0.602025  1.086843
9 14  0.579517  1.238968
9 15  0.574627  1.143580
9 16  0.556286  1.077294
9 17  0.579398  1.251263
9 18  0.576468  1.074563
9 19  0.583746  0.997286
9 20  0.583676  1.026373
9 21  0.614600  1.336857
9 22  0.567080  1.234497
9 23  0.606392  1.248346
9 24  0.582485  1.264906
9 25  0.603322  1.093783
9 26  0.470658  1.312894
10 11  0.600943  1.246998
10 12  0.607148  1.302833
10 13  0.598197  1.075426
10 14  0.575688  1.206641
10 15  0.587420  1.176818
10 16  0.581739  1.108330
10 17  0.573957  1.249229
10 18  0.572918  1.073547
10 19  0.579889  0.995866
10 20  0.580072  1.025130
10 21  0.602169  1.333077
10 22  0.423465  1.219872
10 23  0.602515  1.248899
10 24  0.561144  1.200515
10 25  0.599385  1.092548
10 26  0.581391  1.351774
11 12  0.597407  1.270395
11 13  0.584935  0.998941
11 14  0.575948  1.163138
11 15  0.588831  1.098247
11 16  0.580475  1.036998
11 17  0.540600  1.137011
11 18  0.541591  0.969617
11 19  0.576214  0.917142
11 20  0.575201  0.945867
11 21  0.584793  1.214431
11 22  0.601587  1.228172
11 23  0.367930  1.055154
11 24  0.603195  1.192943
11 25  0.579163  0.992410
11 26  0.607046  1.278053
12 13  0.609622  1.090494
12 14  0.567805  1.230482
12 15  0.604232  1.197663
12 16  0.596654  1.137363
12 17  0.552424  1.225280
12 18  0.582827  1.094228
12 19  0.592331  1.017024
12 20  0.592478  1.045486
12 21  0.388059  1.282138
12 22  0.611506  1.329157
12 23  0.589997  1.219712
12 24  0.614793  1.280900
12 25  0.612263  1.114261
12 26  0.619016  1.371367
13 14  0.575115  0.987519
13 15  0.585497  0.921893
13 16  0.577259  0.860462
13 17  0.567315  0.997067
13 18  0.540432  0.788510
13 19  0.533604  0.700765
13 20  0.534825  0.734608
13 21  0.607614  1.091428
13 22  0.598407  1.054552
13 23  0.578509  0.974365
13 24  0.599725  1.018767
13 25  0.364394  0.668870
13 26  0.603365  1.103810
14 15  0.568535  1.073858
14 16  0.559620  0.993106
14 17  0.549702  1.144383
14 18  0.549367  0.959561
14 19  0.557148  0.894121
14 20  0.557131  0.923808
14 21  0.567177  1.199526
14 22  0.578856  1.198697
14 23  0.576422  1.112553
14 24  0.561530  1.083579
14 25  0.576788  0.993089
14 26  0.584655  1.243601
15 16  0.526893  0.922224
15 17  0.562991  1.072030
15 18  0.560258  0.907015
15 19  0.567308  0.830009
15 20  0.567291  0.857896
15 21  0.600896  1.151447
15 22  0.584604  1.086724
15 23  0.589947  1.082973
15 24  0.588330  1.104233
15 25  0.587044  0.922580
15 26  0.574585  1.137018
16 17  0.554819  1.025439
16 18  0.551939  0.842814
16 19  0.558987  0.768808
16 20  0.558973  0.798142
16 21  0.592683  1.100371
16 22  0.573459  1.054199
16 23  0.581650  1.020160
16 24  0.577724  1.015383
16 25  0.578727  0.864737
16 26  0.572988  1.125309
17 18  0.539904  0.978943
17 19  0.550612  0.903875
17 20  0.550183  0.923457
17 21  0.555878  1.206466
17 22  0.574186  1.180516
17 23  0.546482  1.114200
17 24  0.576687  1.169157
17 25  0.567475  0.974997
17 26  0.580328  1.224757
18 19  0.541925  0.715922
18 20  0.543059  0.750206
18 21  0.578179  1.051196
18 22  0.573160  1.037050
18 23  0.547012  0.949963
18 24  0.574573  0.998597
18 25  0.546371  0.805783
18 26  0.578281  1.089750
19 20  0.508388  0.637894
19 21  0.589484  0.999917
19 22  0.579993  0.962143
19 23  0.574316  0.891761
19 24  0.581600  0.925685
19 25  0.545670  0.727454
19 26  0.585355  1.010164
20 21  0.589374  1.027659
20 22  0.580171  0.988204
20 23  0.573846  0.913078
20 24  0.581623  0.953933
20 25  0.544141  0.743085
20 26  0.585331  1.035764
21 22  0.604006  1.223893
21 23  0.595881  1.244902
21 24  0.614237  1.268296
21 25  0.607208  1.074723
21 26  0.617786  1.343687
22 23  0.602234  1.211660
22 24  0.569264  1.229475
22 25  0.599943  1.047637
22 26  0.585194  1.271053
23 24  0.603939  1.151862
23 25  0.588563  0.989295
23 26  0.607757  1.239561
24 25  0.601359  1.023804
24 26  0.586638  1.236622
25 26  0.605037  1.102638
