   -993.87983952
   -994.19148355     -994.06384506
0.00002456155973
2 2 2 2 2 2 2 2 2 2 2 2 2 0 0 0 0 0 0 0 0 0 0 0 0 0 
1  0.265409  0.551476
2  0.278597  0.439392
3  0.289020  0.501817
4  0.272266  0.546311
5  0.262173  0.399663
6  0.277766  0.332892
7  0.275579  0.344938
8  0.304347  0.610902
9  0.306973  0.671183
10  0.303633  0.671823
11  0.300007  0.596741
12  0.316168  0.695496
13  0.296287  0.418010
14  0.280586  0.573821
15  0.290135  0.506389
16  0.281854  0.445272
17  0.274114  0.584284
18  0.270962  0.404631
19  0.277944  0.325692
20  0.277752  0.355468
21  0.312956  0.678040
22  0.303829  0.639518
23  0.300960  0.582904
24  0.304984  0.602278
25  0.297781  0.423299
26  0.308570  0.687221
1 2  0.543082  0.977338
1 3  0.552991  1.019031
1 4  0.535530  1.089320
1 5  0.526985  0.934921
1 6  0.543120  0.879220
1 7  0.540953  0.892573
1 8  0.553364  1.076471
1 9  0.568049  1.184196
1 10  0.565233  1.218725
1 11  0.562429  1.105659
1 12  0.559283  1.191302
1 13  0.561629  0.968394
1 14  0.261041  0.949323
1 15  0.555422  1.054423
1 16  0.546545  0.995456
1 17  0.538807  1.124417
1 18  0.534157  0.955249
1 19  0.543215  0.877004
1 20  0.543157  0.906494
1 21  0.556156  1.204323
1 22  0.567589  1.176569
1 23  0.563477  1.131566
1 24  0.549773  1.146395
1 25  0.562717  0.973682
1 26  0.568998  1.223475
2 3  0.524197  0.909964
2 4  0.550765  0.980629
2 5  0.540757  0.835264
2 6  0.556360  0.772113
2 7  0.554171  0.784146
2 8  0.572218  1.011548
2 9  0.571575  1.104546
2 10  0.574936  1.081160
2 11  0.578592  1.034597
2 12  0.593875  1.108204
2 13  0.574863  0.854263
2 14  0.558854  1.011313
2 15  0.284468  0.735895
2 16  0.518270  0.854161
2 17  0.552292  1.022484
2 18  0.549543  0.843667
2 19  0.556541  0.764982
2 20  0.556334  0.794720
2 21  0.591360  1.115464
2 22  0.581044  1.077389
2 23  0.579331  1.021146
2 24  0.581805  1.035563
2 25  0.576343  0.862403
2 26  0.555293  1.084585
3 4  0.561261  1.045766
3 5  0.551175  0.894935
3 6  0.566782  0.832939
3 7  0.564595  0.845661
3 8  0.585666  1.062121
3 9  0.572303  1.113307
3 10  0.588442  1.167940
3 11  0.589001  1.085234
3 12  0.604677  1.179386
3 13  0.585284  0.918912
3 14  0.567532  1.073688
3 15  0.524654  0.948734
3 16  0.287825  0.737698
3 17  0.563026  1.084126
3 18  0.559886  0.905792
3 19  0.566952  0.827332
3 20  0.566770  0.857065
3 21  0.601675  1.177541
3 22  0.590360  1.133014
3 23  0.589746  1.082902
3 24  0.589197  1.102455
3 25  0.586795  0.924741
3 26  0.574139  1.154551
4 5  0.531576  0.940365
4 6  0.549899  0.878692
4 7  0.547397  0.884451
4 8  0.576410  1.153368
4 9  0.578895  1.192353
4 10  0.573890  1.167725
4 11  0.545563  1.103758
4 12  0.557674  1.197183
4 13  0.565761  0.940646
4 14  0.552119  1.109966
4 15  0.561699  1.051219
4 16  0.553811  0.990396
4 17  0.276422  0.971393
4 18  0.542328  0.943967
4 19  0.549839  0.871574
4 20  0.548843  0.901310
4 21  0.551206  1.178197
4 22  0.574266  1.182509
4 23  0.539860  1.090903
4 24  0.577120  1.145791
4 25  0.568672  0.969045
4 26  0.580114  1.228621
5 6  0.534130  0.719794
5 7  0.533737  0.738249
5 8  0.566477  0.998312
5 9  0.569129  1.066139
5 10  0.565730  1.068951
5 11  0.540513  0.965395
5 12  0.574186  1.063659
5 13  0.539326  0.800531
5 14  0.540665  0.972617
5 15  0.552304  0.905489
5 16  0.543993  0.844471
5 17  0.535504  0.977425
5 18  0.254500  0.576021
5 19  0.537030  0.723608
5 20  0.538962  0.751344
5 21  0.572837  1.076179
5 22  0.565956  1.038212
5 23  0.534887  0.955937
5 24  0.566896  1.000979
5 25  0.533985  0.797170
5 26  0.570540  1.085624
6 7  0.506810  0.638754
6 8  0.582068  0.941330
6 9  0.584707  1.000394
6 10  0.581150  1.003010
6 11  0.575483  0.918244
6 12  0.593820  1.025377
6 13  0.544512  0.731372
6 14  0.558136  0.906511
6 15  0.567893  0.839177
6 16  0.559616  0.778073
6 17  0.551640  0.916488
6 18  0.544404  0.735321
6 19  0.277014  0.407627
6 20  0.502157  0.641280
6 21  0.590225  1.010117
6 22  0.581285  0.971733
6 23  0.577968  0.915439
6 24  0.582705  0.934778
6 25  0.537141  0.720376
6 26  0.586333  1.019823
7 8  0.579913  0.954526
7 9  0.582545  1.011149
7 10  0.579067  1.011268
7 11  0.571982  0.921719
7 12  0.591668  1.039976
7 13  0.541697  0.736479
7 14  0.556113  0.918439
7 15  0.565673  0.851166
7 16  0.557424  0.790095
7 17  0.548473  0.928544
7 18  0.545330  0.746689
7 19  0.503307  0.629758
7 20  0.275359  0.458900
7 21  0.588008  1.021178
7 22  0.579401  0.983915
7 23  0.575482  0.927637
7 24  0.580498  0.946824
7 25  0.533104  0.728730
7 26  0.584101  1.031668
8 9  0.584845  1.244230
8 10  0.572447  1.264790
8 11  0.604220  1.186382
8 12  0.617295  1.258599
8 13  0.600588  1.026510
8 14  0.572417  1.181655
8 15  0.591460  1.110610
8 16  0.584908  1.054865
8 17  0.578241  1.190492
8 18  0.575047  1.014467
8 19  0.582237  0.936150
8 20  0.582076  0.965924
8 21  0.615629  1.284492
8 22  0.568814  1.226099
8 23  0.604926  1.190457
8 24  0.422146  1.105920
8 25  0.602101  1.033587
8 26  0.571606  1.214415
9 10  0.582951  1.277816
9 11  0.606780  1.232750
9 12  0.622102  1.359368
9 13  0.603233  1.086716
9 14  0.581147  1.237496
9 15  0.575678  1.141259
9 16  0.557421  1.075494
9 17  0.580820  1.251149
9 18  0.577656  1.074501
9 19  0.584872  0.996598
9 20  0.584630  1.026155
9 21  0.616162  1.336102
9 22  0.568716  1.232649
9 23  0.607872  1.249218
9 24  0.584006  1.261125
9 25  0.604534  1.093508
9 26  0.472004  1.308067
10 11  0.602728  1.249493
10 12  0.609004  1.303753
10 13  0.599743  1.076759
10 14  0.577652  1.207297
10 15  0.588797  1.175925
10 16  0.583137  1.107927
10 17  0.575707  1.250864
10 18  0.574449  1.075182
10 19  0.581354  0.996893
10 20  0.581370  1.026662
10 21  0.604045  1.333971
10 22  0.425384  1.218711
10 23  0.604327  1.251480
10 24  0.562973  1.199239
10 25  0.600929  1.094031
10 26  0.583062  1.349154
11 12  0.599045  1.275232
11 13  0.586180  1.004550
11 14  0.577638  1.167415
11 15  0.589933  1.101398
11 16  0.581603  1.040685
11 17  0.542051  1.142950
11 18  0.542826  0.975525
11 19  0.577397  0.922324
11 20  0.576219  0.951528
11 21  0.586407  1.219160
11 22  0.603397  1.231232
11 23  0.369412  1.062697
11 24  0.604820  1.194998
11 25  0.580399  0.997957
11 26  0.608545  1.279495
12 13  0.611015  1.093973
12 14  0.569648  1.233198
12 15  0.605477  1.198992
12 16  0.597955  1.139199
12 17  0.554048  1.229257
12 18  0.584229  1.098108
12 19  0.593662  1.020306
12 20  0.593645  1.049182
12 21  0.389865  1.285645
12 22  0.613426  1.330460
12 23  0.591654  1.224314
12 24  0.616564  1.281235
12 25  0.613696  1.117952
12 26  0.620622  1.370918
13 14  0.576544  0.990690
13 15  0.586329  0.923943
13 16  0.578138  0.863048
13 17  0.568530  1.001641
13 18  0.541397  0.793227
13 19  0.534544  0.704957
13 20  0.535586  0.739283
13 21  0.608988  1.095340
13 22  0.599955  1.056588
13 23  0.579745  0.979946
13 24  0.601079  1.019686
13 25  0.365382  0.674164
13 26  0.604581  1.104118
14 15  0.569812  1.074379
14 16  0.560926  0.994180
14 17  0.551328  1.147429
14 18  0.550772  0.962432
14 19  0.558510  0.896656
14 20  0.558320  0.926805
14 21  0.568918  1.201684
14 22  0.580824  1.199399
14 23  0.578079  1.116402
14 24  0.563095  1.083230
14 25  0.578240  0.996070
14 26  0.586305  1.242701
15 16  0.527568  0.922110
15 17  0.564050  1.073742
15 18  0.561087  0.909004
15 19  0.568071  0.831439
15 20  0.567880  0.859711
15 21  0.602086  1.152452
15 22  0.585989  1.086361
15 23  0.591059  1.085917
15 24  0.589501  1.102545
15 25  0.587900  0.924220
15 26  0.575663  1.135090
16 17  0.555915  1.027938
16 18  0.552805  0.845206
16 19  0.559787  0.770799
16 20  0.559601  0.800604
16 21  0.593912  1.101932
16 22  0.574816  1.054100
16 23  0.582802  1.023589
16 24  0.578936  1.014381
16 25  0.579620  0.867066
16 26  0.574114  1.123561
17 18  0.541088  0.983470
17 19  0.551752  0.907779
17 20  0.551152  0.927555
17 21  0.557433  1.210109
17 22  0.575934  1.182191
17 23  0.547937  1.119205
17 24  0.578228  1.169979
17 25  0.568675  0.978948
17 26  0.581741  1.224620
18 19  0.542847  0.719865
18 20  0.543795  0.754683
18 21  0.579509  1.054737
18 22  0.574703  1.039060
18 23  0.548241  0.955213
18 24  0.575921  0.999348
18 25  0.547335  0.810276
18 26  0.579499  1.090046
19 20  0.509073  0.641943
19 21  0.590787  1.003244
19 22  0.581435  0.963385
19 23  0.575499  0.896436
19 24  0.582874  0.925993
19 25  0.546660  0.731490
19 26  0.586508  1.009740
20 21  0.590506  1.031379
20 22  0.581472  0.989866
20 23  0.574860  0.918051
20 24  0.582733  0.954634
20 25  0.544926  0.747299
20 26  0.586311  1.035611
21 22  0.605804  1.225055
21 23  0.597490  1.249640
21 24  0.615951  1.268478
21 25  0.608561  1.077987
21 26  0.619374  1.343362
22 23  0.604032  1.214482
22 24  0.571161  1.227910
22 25  0.601511  1.049254
22 26  0.586906  1.268923
23 24  0.605563  1.153539
23 25  0.589815  0.994541
23 26  0.609246  1.240418
24 25  0.602733  1.024527
24 26  0.588175  1.233803
25 26  0.606283  1.102538
