   -993.87983952
   -994.19178666     -994.06463324
0.00000907827570
2 2 2 2 2 2 2 2 2 2 2 2 2 0 0 0 0 0 0 0 0 0 0 0 0 0 
1  0.266437  0.553014
2  0.279075  0.439910
3  0.289467  0.502133
4  0.273150  0.548571
5  0.262731  0.402649
6  0.278291  0.335054
7  0.275939  0.347612
8  0.305480  0.610177
9  0.307755  0.669026
10  0.304841  0.671254
11  0.300892  0.600277
12  0.317261  0.697188
13  0.296878  0.420999
14  0.281692  0.575193
15  0.290582  0.506425
16  0.282353  0.445751
17  0.275024  0.586778
18  0.271547  0.407558
19  0.278517  0.327905
20  0.278097  0.358464
21  0.314005  0.679683
22  0.305081  0.639352
23  0.301852  0.586508
24  0.306060  0.600780
25  0.298357  0.426087
26  0.309332  0.685443
1 2  0.544561  0.979246
1 3  0.554448  1.020782
1 4  0.537410  1.093095
1 5  0.528548  0.939071
1 6  0.544672  0.882745
1 7  0.542333  0.896601
1 8  0.555274  1.077105
1 9  0.569816  1.183800
1 10  0.567437  1.219752
1 11  0.564284  1.110406
1 12  0.561307  1.194228
1 13  0.563245  0.972891
1 14  0.262896  0.951707
1 15  0.556897  1.055969
1 16  0.548043  0.997501
1 17  0.540730  1.128550
1 18  0.535718  0.959710
1 19  0.544807  0.880750
1 20  0.544530  0.910994
1 21  0.558218  1.207816
1 22  0.569843  1.178153
1 23  0.565394  1.136694
1 24  0.551756  1.146350
1 25  0.564316  0.977959
1 26  0.570781  1.223363
2 3  0.525028  0.910743
2 4  0.552121  0.983231
2 5  0.541788  0.838534
2 6  0.557363  0.774776
2 7  0.555006  0.787328
2 8  0.573782  1.011334
2 9  0.572860  1.102923
2 10  0.576581  1.081077
2 11  0.579951  1.038655
2 12  0.595422  1.109941
2 13  0.575927  0.857512
2 14  0.560435  1.013188
2 15  0.285258  0.736304
2 16  0.519222  0.855486
2 17  0.553622  1.025514
2 18  0.550605  0.847109
2 19  0.557591  0.767710
2 20  0.557150  0.798233
2 21  0.592871  1.117660
2 22  0.582766  1.077796
2 23  0.580669  1.025270
2 24  0.583355  1.034676
2 25  0.577395  0.865707
2 26  0.556548  1.083712
3 4  0.562592  1.048372
3 5  0.552177  0.897875
3 6  0.567756  0.835275
3 7  0.565401  0.848565
3 8  0.587227  1.061946
3 9  0.573549  1.111748
3 10  0.590086  1.167693
3 11  0.590333  1.088825
3 12  0.606208  1.181097
3 13  0.586319  0.922148
3 14  0.569039  1.075422
3 15  0.525533  0.949845
3 16  0.288664  0.738368
3 17  0.564381  1.086891
3 18  0.560909  0.909028
3 19  0.567968  0.829846
3 20  0.567563  0.860362
3 21  0.603163  1.179519
3 22  0.592054  1.133246
3 23  0.591052  1.086854
3 24  0.590716  1.101322
3 25  0.587819  0.927839
3 26  0.575354  1.153482
4 5  0.532979  0.945503
4 6  0.551305  0.883093
4 7  0.548637  0.889123
4 8  0.578415  1.154898
4 9  0.580546  1.192383
4 10  0.575934  1.169120
4 11  0.547267  1.109148
4 12  0.559578  1.200993
4 13  0.567187  0.945375
4 14  0.554092  1.113677
4 15  0.562970  1.053549
4 16  0.555180  0.993111
4 17  0.277988  0.976153
4 18  0.543783  0.949142
4 19  0.551291  0.876030
4 20  0.550035  0.906555
4 21  0.553129  1.182569
4 22  0.576408  1.184619
4 23  0.541588  1.097074
4 24  0.579074  1.146591
4 25  0.570124  0.974094
4 26  0.581755  1.229187
5 6  0.535207  0.724730
5 7  0.534652  0.743791
5 8  0.568167  1.000229
5 9  0.570469  1.066877
5 10  0.567493  1.071357
5 11  0.541922  0.971527
5 12  0.575781  1.067841
5 13  0.540449  0.806504
5 14  0.542277  0.976971
5 15  0.553309  0.908502
5 16  0.545047  0.847933
5 17  0.536960  0.982896
5 18  0.255487  0.582334
5 19  0.538152  0.728826
5 20  0.539865  0.757300
5 21  0.574434  1.080799
5 22  0.567766  1.041012
5 23  0.536317  0.962710
5 24  0.568515  1.002468
5 25  0.535095  0.803082
5 26  0.571848  1.086831
6 7  0.507676  0.643712
6 8  0.583713  0.942700
6 9  0.586000  1.000288
6 10  0.582837  1.004418
6 11  0.576874  0.923624
6 12  0.595440  1.029195
6 13  0.545672  0.736699
6 14  0.559754  0.910041
6 15  0.568863  0.841373
6 16  0.560641  0.780709
6 17  0.553072  0.921125
6 18  0.545504  0.740440
6 19  0.278097  0.412350
6 20  0.503019  0.646853
6 21  0.591782  1.013903
6 22  0.583048  0.973668
6 23  0.579371  0.921206
6 24  0.584298  0.935397
6 25  0.538279  0.725497
6 26  0.587618  1.020203
7 8  0.581402  0.956430
7 9  0.583685  1.011428
7 10  0.580612  1.013005
7 11  0.573215  0.927313
7 12  0.593120  1.044312
7 13  0.542686  0.742054
7 14  0.557576  0.922461
7 15  0.566473  0.853875
7 16  0.558280  0.793240
7 17  0.549715  0.933707
7 18  0.546274  0.752267
7 19  0.504229  0.635043
7 20  0.275931  0.465308
7 21  0.589408  1.025404
7 22  0.581012  0.986396
7 23  0.576729  0.933924
7 24  0.581928  0.947971
7 25  0.534056  0.734392
7 26  0.585216  1.032548
8 9  0.586715  1.241793
8 10  0.574665  1.263575
8 11  0.606230  1.189147
8 12  0.619492  1.259392
8 13  0.602307  1.028670
8 14  0.574532  1.182279
8 15  0.593028  1.110047
8 16  0.586530  1.054665
8 17  0.580270  1.192234
8 18  0.576743  1.016670
8 19  0.583939  0.937586
8 20  0.583553  0.968153
8 21  0.617798  1.285544
8 22  0.571034  1.225437
8 23  0.606955  1.193310
8 24  0.424132  1.103166
8 25  0.603811  1.035648
8 26  0.573465  1.213104
9 10  0.584888  1.275648
9 11  0.608434  1.233837
9 12  0.623959  1.359064
9 13  0.604605  1.087482
9 14  0.583014  1.236773
9 15  0.576914  1.139591
9 16  0.558711  1.074224
9 17  0.582499  1.251556
9 18  0.579019  1.075286
9 19  0.586223  0.996646
9 20  0.585747  1.026967
9 21  0.617947  1.335589
9 22  0.570663  1.231298
9 23  0.609543  1.250709
9 24  0.585833  1.257547
9 25  0.605881  1.094137
9 26  0.473497  1.303788
10 11  0.604780  1.252185
10 12  0.611176  1.304848
10 13  0.601536  1.078718
10 14  0.579950  1.208645
10 15  0.590441  1.175449
10 16  0.584831  1.107897
10 17  0.577828  1.252879
10 18  0.576242  1.077509
10 19  0.583122  0.998509
10 20  0.582921  1.029081
10 21  0.606248  1.334993
10 22  0.427711  1.217640
10 23  0.606413  1.254531
10 24  0.565110  1.198179
10 25  0.602685  1.096259
10 26  0.584947  1.346902
11 12  0.600933  1.280307
11 13  0.587618  1.010880
11 14  0.579625  1.172312
11 15  0.591258  1.104956
11 16  0.582957  1.044717
11 17  0.543792  1.149383
11 18  0.544285  0.982154
11 19  0.578842  0.928071
11 20  0.577441  0.958077
11 21  0.588249  1.224168
11 22  0.605517  1.234523
11 23  0.371137  1.070589
11 24  0.606778  1.197085
11 25  0.581829  1.004277
11 26  0.610189  1.281305
12 13  0.612657  1.098142
12 14  0.571815  1.236619
12 15  0.606995  1.200784
12 16  0.599548  1.141409
12 17  0.556002  1.233840
12 18  0.585893  1.102707
12 19  0.595310  1.024185
12 20  0.595080  1.053786
12 21  0.392039  1.289247
12 22  0.615711  1.332034
12 23  0.593552  1.229532
12 24  0.618710  1.281661
12 25  0.615356  1.122437
12 26  0.622447  1.370793
13 14  0.578234  0.994997
13 15  0.587357  0.926961
13 16  0.579229  0.866514
13 17  0.570028  1.007125
13 18  0.542543  0.799219
13 19  0.535758  0.710307
13 20  0.536545  0.745460
13 21  0.610618  1.099968
13 22  0.601790  1.059417
13 23  0.581190  0.986507
13 24  0.602740  1.021177
13 25  0.366497  0.680925
13 26  0.605923  1.105325
14 15  0.571358  1.075694
14 16  0.562513  0.995907
14 17  0.553279  1.151215
14 18  0.552438  0.966326
14 19  0.560188  0.900172
14 20  0.559767  0.931030
14 21  0.570962  1.204383
14 22  0.583139  1.200738
14 23  0.580017  1.121100
14 24  0.565060  1.083210
14 25  0.579914  1.000203
14 26  0.588165  1.242483
15 16  0.528415  0.922593
15 17  0.565400  1.075936
15 18  0.562115  0.911856
15 19  0.569089  0.833666
15 20  0.568672  0.862601
15 21  0.603567  1.153747
15 22  0.587690  1.086441
15 23  0.592392  1.089526
15 24  0.591004  1.101093
15 25  0.588921  0.926716
15 26  0.576885  1.133701
16 17  0.557322  1.030909
16 18  0.553886  0.848344
16 19  0.560856  0.773480
16 20  0.560445  0.804069
16 21  0.595436  1.103705
16 22  0.576472  1.054397
16 23  0.584192  1.027557
16 24  0.580495  1.013508
16 25  0.580692  0.870267
16 26  0.575412  1.122269
17 18  0.542543  0.988827
17 19  0.553230  0.912406
17 20  0.552403  0.932609
17 21  0.559325  1.214052
17 22  0.578060  1.184198
17 23  0.549685  1.124768
17 24  0.580177  1.170990
17 25  0.570121  0.983693
17 26  0.583376  1.224981
18 19  0.544002  0.724843
18 20  0.544718  0.760506
18 21  0.581088  1.058956
18 22  0.576537  1.041779
18 23  0.549672  0.961328
18 24  0.577579  1.000559
18 25  0.548471  0.816022
18 26  0.580844  1.091172
19 20  0.509981  0.647261
19 21  0.592407  1.007092
19 22  0.583187  0.965183
19 23  0.576932  0.901911
19 24  0.584507  0.926702
19 25  0.547858  0.736672
19 26  0.587842  1.010080
20 21  0.591899  1.035920
20 22  0.583054  0.992404
20 23  0.576090  0.923994
20 24  0.584153  0.955947
20 25  0.545876  0.752899
20 26  0.587417  1.036348
21 22  0.607958  1.226359
21 23  0.599361  1.254816
21 24  0.618043  1.268641
21 25  0.610136  1.081875
21 26  0.621165  1.343433
22 23  0.606140  1.217726
22 24  0.573389  1.226413
22 25  0.603339  1.051540
22 26  0.588844  1.267166
23 24  0.607519  1.155472
23 25  0.591251  1.000701
23 26  0.610875  1.241741
24 25  0.604379  1.025810
24 26  0.589984  1.231163
25 26  0.607615  1.103207
