  -1146.54067721
  -1146.90947755    -1146.79135247
0.00000285552391
2 2 2 2 2 2 2 2 2 2 2 2 2 2 2 0 0 0 0 0 0 0 0 0 0 0 0 0 0 0 
1  0.281833  0.462673
2  0.278449  0.463190
3  0.276730  0.350902
4  0.280758  0.313135
5  0.282800  0.306071
6  0.327045  0.512896
7  0.314315  0.614333
8  0.317176  0.439511
9  0.308576  0.401566
10  0.318013  0.677792
11  0.284234  0.380097
12  0.288922  0.368566
13  0.321463  0.627203
14  0.322757  0.673251
15  0.320850  0.811750
16  0.288732  0.471675
17  0.286672  0.468518
18  0.280847  0.341601
19  0.284754  0.328653
20  0.285173  0.305836
21  0.322748  0.608321
22  0.308939  0.407261
23  0.319747  0.459357
24  0.325897  0.643848
25  0.321610  0.703023
26  0.330426  0.537151
27  0.290123  0.360296
28  0.318520  0.781034
29  0.286192  0.389798
30  0.316588  0.638100
1 2  0.559982  0.909322
1 3  0.553988  0.799473
1 4  0.562357  0.775246
1 5  0.564335  0.766055
1 6  0.584490  0.950034
1 7  0.594597  1.061346
1 8  0.598907  0.895970
1 9  0.589148  0.860515
1 10  0.596610  1.136190
1 11  0.566064  0.841799
1 12  0.570751  0.828202
1 13  0.581316  1.015493
1 14  0.602745  1.100948
1 15  0.599196  1.252279
1 16  0.277994  0.717355
1 17  0.567691  0.930394
1 18  0.557229  0.802106
1 19  0.566368  0.790497
1 20  0.566084  0.768174
1 21  0.589110  1.067707
1 22  0.590117  0.867325
1 23  0.601521  0.921659
1 24  0.606264  1.104583
1 25  0.599324  1.148441
1 26  0.585805  0.973489
1 27  0.571823  0.822804
1 28  0.594464  1.234497
1 29  0.567927  0.852168
1 30  0.598138  1.098557
2 3  0.555172  0.809949
2 4  0.559205  0.776228
2 5  0.561246  0.768553
2 6  0.605396  0.972416
2 7  0.589254  1.068821
2 8  0.578217  0.883098
2 9  0.587023  0.863214
2 10  0.595625  1.137420
2 11  0.558880  0.833059
2 12  0.561707  0.813733
2 13  0.598465  1.061302
2 14  0.576549  1.046462
2 15  0.597307  1.240525
2 16  0.566324  0.934038
2 17  0.266374  0.701379
2 18  0.559155  0.804651
2 19  0.563200  0.791771
2 20  0.563619  0.769000
2 21  0.600352  1.069884
2 22  0.587326  0.870214
2 23  0.577502  0.904064
2 24  0.582051  1.103081
2 25  0.599836  1.161010
2 26  0.608793  0.999253
2 27  0.563832  0.821246
2 28  0.590708  1.236037
2 29  0.563613  0.849541
2 30  0.592374  1.087758
3 4  0.553214  0.660020
3 5  0.552998  0.648539
3 6  0.576040  0.846906
3 7  0.591030  0.964773
3 8  0.593903  0.790111
3 9  0.563862  0.730534
3 10  0.593638  1.025319
3 11  0.560957  0.729870
3 12  0.565645  0.718128
3 13  0.597970  0.969405
3 14  0.599444  1.015976
3 15  0.597324  1.149069
3 16  0.559734  0.820415
3 17  0.563162  0.819246
3 18  0.275763  0.438935
3 19  0.560305  0.677344
3 20  0.558512  0.654328
3 21  0.598981  0.958854
3 22  0.557236  0.731730
3 23  0.596389  0.810160
3 24  0.602202  0.994387
3 25  0.598113  1.052551
3 26  0.573362  0.858011
3 27  0.566848  0.711154
3 28  0.595033  1.131234
3 29  0.562921  0.740632
3 30  0.593104  0.988641
4 5  0.516934  0.579222
4 6  0.602354  0.813844
4 7  0.595028  0.924669
4 8  0.597930  0.751817
4 9  0.560730  0.688450
4 10  0.598425  0.984801
4 11  0.564991  0.692874
4 12  0.569679  0.681637
4 13  0.602168  0.939457
4 14  0.603492  0.986112
4 15  0.601583  1.122738
4 16  0.569275  0.784298
4 17  0.567428  0.781612
4 18  0.560309  0.652739
4 19  0.282847  0.378214
4 20  0.514077  0.572371
4 21  0.603495  0.921274
4 22  0.551796  0.688604
4 23  0.600464  0.772464
4 24  0.606651  0.956877
4 25  0.601419  1.015887
4 26  0.609374  0.849525
4 27  0.570872  0.673422
4 28  0.599010  1.093865
4 29  0.566919  0.702913
4 30  0.597245  0.951115
5 6  0.606305  0.813482
5 7  0.597090  0.919144
5 8  0.599973  0.745107
5 9  0.562693  0.686210
5 10  0.600723  0.983131
5 11  0.567033  0.686161
5 12  0.571721  0.674556
5 13  0.604223  0.930752
5 14  0.605547  0.977926
5 15  0.603643  1.117581
5 16  0.570491  0.777411
5 17  0.569457  0.774565
5 18  0.559718  0.644806
5 19  0.514957  0.587468
5 20  0.282499  0.337978
5 21  0.605426  0.914320
5 22  0.554398  0.680668
5 23  0.602547  0.765416
5 24  0.608670  0.949859
5 25  0.604182  1.008970
5 26  0.612372  0.842523
5 27  0.572918  0.666359
5 28  0.601185  1.086927
5 29  0.568984  0.695859
5 30  0.599387  0.944118
6 7  0.640116  1.097476
6 8  0.644121  0.943381
6 9  0.620618  0.896533
6 10  0.631215  1.125578
6 11  0.611260  0.891307
6 12  0.615959  0.881282
6 13  0.644877  1.118026
6 14  0.649044  1.177168
6 15  0.646810  1.313432
6 16  0.589594  0.958178
6 17  0.613662  0.980503
6 18  0.573424  0.823487
6 19  0.609643  0.840370
6 20  0.611387  0.818195
6 21  0.647138  1.116370
6 22  0.613698  0.898326
6 23  0.646676  0.971768
6 24  0.652738  1.154616
6 25  0.636189  1.210881
6 26  0.405926  0.891742
6 27  0.617084  0.873060
6 28  0.641280  1.282368
6 29  0.613027  0.902469
6 30  0.643294  1.148989
7 8  0.620219  1.008243
7 9  0.622826  1.012761
7 10  0.623901  1.228437
7 11  0.596669  0.985168
7 12  0.602282  0.981328
7 13  0.623666  1.188492
7 14  0.600599  1.262820
7 15  0.618633  1.399324
7 16  0.602749  1.084025
7 17  0.597816  1.069343
7 18  0.595022  0.955677
7 19  0.598956  0.942849
7 20  0.599484  0.920125
7 21  0.634452  1.219574
7 22  0.622936  1.021138
7 23  0.626047  1.071568
7 24  0.601046  1.209078
7 25  0.632857  1.311488
7 26  0.644411  1.149448
7 27  0.603873  0.972722
7 28  0.610262  1.350763
7 29  0.598703  1.002637
7 30  0.374672  1.120304
8 9  0.625745  0.840456
8 10  0.634290  1.100597
8 11  0.566149  0.794864
8 12  0.568053  0.784137
8 13  0.637681  1.049139
8 14  0.638239  1.102737
8 15  0.636782  1.247754
8 16  0.605865  0.910892
8 17  0.584333  0.890559
8 18  0.597968  0.781040
8 19  0.601879  0.768135
8 20  0.602344  0.745337
8 21  0.639842  1.047312
8 22  0.625976  0.846674
8 23  0.399143  0.736077
8 24  0.639750  1.079361
8 25  0.638088  1.141562
8 26  0.647474  0.976217
8 27  0.558999  0.754614
8 28  0.631947  1.214644
8 29  0.559550  0.788603
8 30  0.624741  1.074995
9 10  0.625046  1.060523
9 11  0.592805  0.779528
9 12  0.597494  0.768856
9 13  0.629904  1.026942
9 14  0.631320  1.071901
9 15  0.629177  1.193276
9 16  0.596411  0.870883
9 17  0.595123  0.869884
9 18  0.561148  0.717413
9 19  0.555672  0.699179
9 20  0.555259  0.673603
9 21  0.631101  1.009042
9 22  0.385111  0.623292
9 23  0.628142  0.860817
9 24  0.634281  1.044892
9 25  0.628998  1.104082
9 26  0.615964  0.915995
9 27  0.598696  0.761821
9 28  0.626957  1.181664
9 29  0.594726  0.791279
9 30  0.624728  1.039209
10 11  0.602106  1.049892
10 12  0.606903  1.044538
10 13  0.602330  1.281069
10 14  0.635171  1.339085
10 15  0.615870  1.402655
10 16  0.602178  1.130210
10 17  0.604415  1.141105
10 18  0.598615  1.018446
10 19  0.601796  1.006138
10 20  0.602927  0.983499
10 21  0.601398  1.241496
10 22  0.625768  1.084570
10 23  0.637135  1.136045
10 24  0.641467  1.305506
10 25  0.395774  1.262040
10 26  0.635904  1.210301
10 27  0.608025  1.037784
10 28  0.607809  1.418036
10 29  0.603761  1.066987
10 30  0.631722  1.310015
11 12  0.525238  0.706264
11 13  0.605627  1.006509
11 14  0.606288  1.042779
11 15  0.604411  1.168834
11 16  0.572778  0.851523
11 17  0.569418  0.845818
11 18  0.565081  0.721647
11 19  0.568953  0.708725
11 20  0.569395  0.685923
11 21  0.606562  0.987568
11 22  0.593138  0.787276
11 23  0.558869  0.795790
11 24  0.609914  1.022943
11 25  0.605320  1.082491
11 26  0.614397  0.917008
11 27  0.522032  0.701258
11 28  0.602534  1.160080
11 29  0.295991  0.543484
11 30  0.599167  1.016481
12 13  0.610358  0.991669
12 14  0.611284  1.026540
12 15  0.609553  1.163960
12 16  0.577431  0.840077
12 17  0.570287  0.834921
12 18  0.569761  0.710125
12 19  0.573668  0.697205
12 20  0.574090  0.674394
12 21  0.611352  0.976313
12 22  0.597859  0.775777
12 23  0.563242  0.787217
12 24  0.614158  1.011972
12 25  0.610414  1.071155
12 26  0.619245  0.905543
12 27  0.298975  0.487753
12 28  0.607278  1.148946
12 29  0.520813  0.714646
12 30  0.605050  1.004452
13 14  0.635510  1.233035
13 15  0.622762  1.406937
13 16  0.593993  1.094825
13 17  0.607284  1.093927
13 18  0.601859  0.968468
13 19  0.606202  0.955444
13 20  0.606537  0.932919
13 21  0.394515  1.102997
13 22  0.630229  1.033261
13 23  0.641140  1.085866
13 24  0.644408  1.266593
13 25  0.604222  1.284661
13 26  0.648576  1.157416
13 27  0.611357  0.986836
13 28  0.615105  1.360906
13 29  0.607397  1.016022
13 30  0.635355  1.261277
14 15  0.620848  1.394669
14 16  0.609950  1.142655
14 17  0.585865  1.136962
14 18  0.603318  1.014510
14 19  0.607505  1.001703
14 20  0.607922  0.979015
14 21  0.642738  1.277156
14 22  0.631605  1.079854
14 23  0.638292  1.126208
14 24  0.394200  1.191383
14 25  0.642004  1.358676
14 26  0.652905  1.207523
14 27  0.612432  1.032981
14 28  0.613310  1.416263
14 29  0.608819  1.061230
14 30  0.600973  1.259793
15 16  0.603956  1.272891
15 17  0.601165  1.270917
15 18  0.601515  1.152754
15 19  0.605322  1.139991
15 20  0.605881  1.117389
15 21  0.619116  1.371502
15 22  0.629635  1.217981
15 23  0.637034  1.264297
15 24  0.618037  1.413345
15 25  0.612788  1.473335
15 26  0.646849  1.336610
15 27  0.610889  1.171372
15 28  0.442676  1.527555
15 29  0.606715  1.200291
15 30  0.615326  1.405514
16 17  0.575007  0.923340
16 18  0.564962  0.802116
16 19  0.573235  0.799861
16 20  0.573705  0.775978
16 21  0.587192  1.005798
16 22  0.595957  0.876413
16 23  0.608334  0.924384
16 24  0.612431  1.081033
16 25  0.606872  1.169419
16 26  0.593129  0.982383
16 27  0.578854  0.830432
16 28  0.603316  1.233018
16 29  0.574920  0.861112
16 30  0.603475  1.094187
17 18  0.567514  0.807633
17 19  0.571422  0.797088
17 20  0.571842  0.774043
17 21  0.607731  1.048598
17 22  0.595609  0.874942
17 23  0.585819  0.906443
17 24  0.585881  1.025920
17 25  0.607257  1.167609
17 26  0.616966  1.001907
17 27  0.571147  0.814750
17 28  0.602735  1.219805
17 29  0.568254  0.851168
17 30  0.599679  1.098201
18 19  0.560111  0.665428
18 20  0.558955  0.639803
18 21  0.603436  0.945280
18 22  0.567148  0.727073
18 23  0.600591  0.800864
18 24  0.606713  0.980856
18 25  0.600701  1.040344
18 26  0.583325  0.863304
18 27  0.570966  0.701202
18 28  0.599102  1.112956
18 29  0.567034  0.730697
18 30  0.597417  0.979483
19 20  0.522347  0.593625
19 21  0.607445  0.936039
19 22  0.564558  0.705389
19 23  0.604495  0.786518
19 24  0.610616  0.972238
19 25  0.605899  1.021486
19 26  0.609115  0.849629
19 27  0.574876  0.688664
19 28  0.603240  1.105093
19 29  0.570943  0.717482
19 30  0.601282  0.962193
20 21  0.607888  0.912638
20 22  0.565884  0.693786
20 23  0.604917  0.764589
20 24  0.611056  0.949039
20 25  0.606627  1.007025
20 26  0.610901  0.835867
20 27  0.575296  0.666126
20 28  0.603676  1.086674
20 29  0.571364  0.695518
20 30  0.601727  0.942315
21 22  0.631541  1.014782
21 23  0.641350  1.048563
21 24  0.639483  1.188857
21 25  0.605195  1.281650
21 26  0.649654  1.122360
21 27  0.612847  0.967051
21 28  0.622145  1.364685
21 29  0.608848  0.997380
21 30  0.626174  1.193495
22 23  0.628677  0.864941
22 24  0.634817  1.049716
22 25  0.628562  1.085352
22 26  0.624650  0.920708
22 27  0.599059  0.766331
22 28  0.627203  1.168622
22 29  0.595126  0.794515
22 30  0.625450  1.039224
23 24  0.643993  1.093237
23 25  0.640278  1.138748
23 26  0.650042  0.984126
23 27  0.572983  0.799709
23 28  0.636888  1.233725
23 29  0.570316  0.818277
23 30  0.624258  1.042395
24 25  0.640885  1.334446
24 26  0.655422  1.171730
24 27  0.615678  0.995251
24 28  0.622856  1.353065
24 29  0.611410  1.027976
24 30  0.603825  1.256636
25 26  0.637365  1.160173
25 27  0.611680  1.060125
25 28  0.618513  1.391034
25 29  0.607631  1.080420
25 30  0.629484  1.261210
26 27  0.620534  0.896820
26 28  0.647641  1.301780
26 29  0.616591  0.922989
26 30  0.645590  1.138105
27 28  0.608355  1.126932
27 29  0.527858  0.708223
27 30  0.605258  0.994710
28 29  0.603973  1.147942
28 30  0.618674  1.381831
29 30  0.600321  1.010411
