  -1146.53998305
  -1146.90614375    -1146.78594533
0.00013335641865
2 2 2 2 2 2 2 2 2 2 2 2 2 2 2 0 0 0 0 0 0 0 0 0 0 0 0 0 0 0 
1  0.266654  0.454780
2  0.270530  0.415047
3  0.280504  0.350286
4  0.279079  0.350034
5  0.303372  0.663663
6  0.312481  0.412451
7  0.300950  0.509595
8  0.302718  0.466054
9  0.308279  0.616124
10  0.304361  0.628800
11  0.311266  0.456857
12  0.281576  0.342584
13  0.314889  0.773104
14  0.285900  0.337271
15  0.301232  0.582558
16  0.303025  0.666857
17  0.278335  0.472416
18  0.275403  0.403891
19  0.284101  0.352394
20  0.282067  0.359280
21  0.311757  0.741058
22  0.311025  0.458482
23  0.317829  0.442518
24  0.308337  0.570717
25  0.302418  0.530164
26  0.313445  0.627804
27  0.285981  0.332535
28  0.304895  0.636855
29  0.305706  0.442371
30  0.286156  0.363947
1 2  0.537045  0.856345
1 3  0.546162  0.795601
1 4  0.545325  0.801971
1 5  0.568498  1.114666
1 6  0.579099  0.864403
1 7  0.566070  0.961511
1 8  0.549711  0.868022
1 9  0.573799  1.038900
1 10  0.551085  1.009227
1 11  0.574886  0.900051
1 12  0.548228  0.796189
1 13  0.578800  1.193787
1 14  0.552550  0.789639
1 15  0.567193  1.029488
1 16  0.568570  1.105625
1 17  0.247130  0.707004
1 18  0.541418  0.858089
1 19  0.549161  0.806629
1 20  0.548473  0.812968
1 21  0.573572  1.189961
1 22  0.572488  0.909245
1 23  0.584396  0.896894
1 24  0.573988  1.024042
1 25  0.567523  0.970616
1 26  0.559872  1.079501
1 27  0.552600  0.787213
1 28  0.571464  1.088153
1 29  0.554792  0.892556
1 30  0.552796  0.818540
2 3  0.551034  0.763871
2 4  0.549609  0.764730
2 5  0.573264  1.074558
2 6  0.565446  0.807541
2 7  0.571457  0.923863
2 8  0.573238  0.874590
2 9  0.557143  0.961484
2 10  0.573648  1.016178
2 11  0.581790  0.869215
2 12  0.548576  0.751717
2 13  0.583213  1.166631
2 14  0.550865  0.739952
2 15  0.568736  0.988555
2 16  0.573346  1.079490
2 17  0.547847  0.886753
2 18  0.253179  0.581118
2 19  0.554587  0.767320
2 20  0.552570  0.774209
2 21  0.575940  1.148866
2 22  0.581538  0.873188
2 23  0.564794  0.835749
2 24  0.563421  0.982231
2 25  0.572945  0.944538
2 26  0.582429  1.041311
2 27  0.552716  0.745050
2 28  0.571387  1.035636
2 29  0.576079  0.857001
2 30  0.555901  0.775290
3 4  0.515636  0.664509
3 5  0.583664  1.011868
3 6  0.592985  0.762658
3 7  0.576453  0.851728
3 8  0.575930  0.797318
3 9  0.588781  0.963122
3 10  0.584791  0.972832
3 11  0.569233  0.788440
3 12  0.562079  0.692451
3 13  0.595344  1.115254
3 14  0.566403  0.687118
3 15  0.581736  0.932578
3 16  0.583443  1.016530
3 17  0.557254  0.822212
3 18  0.555870  0.754074
3 19  0.275144  0.448283
3 20  0.512917  0.666176
3 21  0.592253  1.090739
3 22  0.559752  0.776023
3 23  0.598308  0.792724
3 24  0.588759  0.920730
3 25  0.581634  0.877120
3 26  0.593652  0.977729
3 27  0.566485  0.682804
3 28  0.585346  0.986846
3 29  0.583416  0.791672
3 30  0.566657  0.714198
4 5  0.581978  1.004885
4 6  0.591559  0.762205
4 7  0.572899  0.839309
4 8  0.576180  0.806804
4 9  0.587356  0.965437
4 10  0.583392  0.977474
4 11  0.568974  0.788624
4 12  0.560653  0.692056
4 13  0.593893  1.114673
4 14  0.564978  0.686971
4 15  0.580300  0.931064
4 16  0.581347  1.016425
4 17  0.557225  0.821516
4 18  0.554442  0.753840
4 19  0.513449  0.659181
4 20  0.272684  0.458262
4 21  0.590729  1.090427
4 22  0.559430  0.775863
4 23  0.596849  0.792463
4 24  0.587285  0.920512
4 25  0.578556  0.879362
4 26  0.592491  0.977477
4 27  0.565056  0.682551
4 28  0.583809  0.986528
4 29  0.583584  0.789948
4 30  0.565219  0.713937
5 6  0.615147  1.061447
5 7  0.593007  1.104642
5 8  0.605453  1.128028
5 9  0.606880  1.265416
5 10  0.575173  1.269271
5 11  0.613048  1.102491
5 12  0.584840  1.001765
5 13  0.597336  1.366914
5 14  0.589261  1.000179
5 15  0.597609  1.184772
5 16  0.355301  1.216432
5 17  0.579261  1.114221
5 18  0.578636  1.065146
5 19  0.587365  1.015567
5 20  0.584647  1.022464
5 21  0.593450  1.371375
5 22  0.611986  1.120743
5 23  0.620642  1.105077
5 24  0.610111  1.227824
5 25  0.595794  1.191559
5 26  0.576825  1.212511
5 27  0.589222  0.996021
5 28  0.604981  1.293928
5 29  0.608516  1.102929
5 30  0.589126  1.027165
6 7  0.613397  0.918473
6 8  0.615195  0.877109
6 9  0.619132  1.018991
6 10  0.616221  1.029492
6 11  0.623741  0.866798
6 12  0.558882  0.728595
6 13  0.626127  1.182444
6 14  0.560770  0.724009
6 15  0.603671  0.957005
6 16  0.615279  1.078487
6 17  0.590664  0.884589
6 18  0.568482  0.799127
6 19  0.596556  0.764781
6 20  0.594508  0.771655
6 21  0.620577  1.147340
6 22  0.623495  0.870754
6 23  0.396019  0.684633
6 24  0.619055  0.981695
6 25  0.614767  0.942268
6 26  0.625802  1.039753
6 27  0.550247  0.699564
6 28  0.605822  1.044340
6 29  0.618164  0.854682
6 30  0.555514  0.738151
7 8  0.570271  0.958407
7 9  0.609017  1.122968
7 10  0.604679  1.135836
7 11  0.587190  0.939182
7 12  0.582520  0.850106
7 13  0.614663  1.251446
7 14  0.586849  0.846194
7 15  0.601755  1.075911
7 16  0.595426  1.174288
7 17  0.577233  0.967017
7 18  0.576285  0.912986
7 19  0.583623  0.858743
7 20  0.580304  0.868173
7 21  0.610802  1.247246
7 22  0.580380  0.938207
7 23  0.618495  0.951702
7 24  0.608944  1.078689
7 25  0.348551  0.877830
7 26  0.613751  1.131603
7 27  0.586889  0.842062
7 28  0.604895  1.143980
7 29  0.566913  0.903063
7 30  0.586970  0.873350
8 9  0.610895  1.066485
8 10  0.605470  1.062207
8 11  0.589114  0.898984
8 12  0.584293  0.808088
8 13  0.617399  1.222374
8 14  0.588618  0.802233
8 15  0.603857  1.044185
8 16  0.605177  1.128642
8 17  0.562170  0.933933
8 18  0.577980  0.869496
8 19  0.584058  0.817519
8 20  0.583439  0.822167
8 21  0.613685  1.204715
8 22  0.582982  0.890812
8 23  0.620531  0.908331
8 24  0.610777  1.035638
8 25  0.566233  0.946064
8 26  0.613316  1.092400
8 27  0.588692  0.798537
8 28  0.607581  1.101611
8 29  0.354479  0.728207
8 30  0.588870  0.829904
9 10  0.605165  1.174644
9 11  0.619476  1.065608
9 12  0.589270  0.953678
9 13  0.599941  1.328793
9 14  0.593767  0.944707
9 15  0.573512  1.171349
9 16  0.609951  1.273949
9 17  0.584954  1.086515
9 18  0.562444  1.014132
9 19  0.592305  0.968187
9 20  0.590298  0.975072
9 21  0.595591  1.323438
9 22  0.619267  1.073598
9 23  0.621835  1.050422
9 24  0.380040  1.064642
9 25  0.610669  1.144037
9 26  0.618426  1.239253
9 27  0.593964  0.948155
9 28  0.571784  1.188984
9 29  0.613640  1.057252
9 30  0.594308  0.978029
10 11  0.615303  1.072708
10 12  0.585918  0.970667
10 13  0.600711  1.359958
10 14  0.590228  0.962732
10 15  0.597609  1.173365
10 16  0.573236  1.247197
10 17  0.565020  1.097626
10 18  0.578984  1.031296
10 19  0.588099  0.980840
10 20  0.586316  0.987540
10 21  0.587287  1.314809
10 22  0.614743  1.086138
10 23  0.622157  1.070578
10 24  0.611191  1.195739
10 25  0.606247  1.152551
10 26  0.367477  1.138114
10 27  0.590221  0.960975
10 28  0.607905  1.256461
10 29  0.607770  1.070003
10 30  0.590361  0.992141
11 12  0.592841  0.799282
11 13  0.626070  1.227612
11 14  0.597166  0.794048
11 15  0.612379  1.029683
11 16  0.612220  1.122479
11 17  0.584148  0.925049
11 18  0.586669  0.860458
11 19  0.563396  0.774540
11 20  0.562782  0.782884
11 21  0.622074  1.195855
11 22  0.402850  0.774780
11 23  0.629058  0.899128
11 24  0.619596  1.026736
11 25  0.582224  0.959643
11 26  0.623831  1.083362
11 27  0.597231  0.789345
11 28  0.616013  1.092477
11 29  0.585773  0.864024
11 30  0.597385  0.820700
12 13  0.595764  1.101045
12 14  0.519500  0.637778
12 15  0.580919  0.917967
12 16  0.584293  1.009084
12 17  0.559830  0.814879
12 18  0.555408  0.743543
12 19  0.565676  0.694953
12 20  0.563638  0.701831
12 21  0.593221  1.083166
12 22  0.592573  0.800989
12 23  0.552559  0.741295
12 24  0.589645  0.912321
12 25  0.583921  0.872604
12 26  0.594843  0.970049
12 27  0.516962  0.634526
12 28  0.585025  0.978699
12 29  0.587270  0.784899
12 30  0.294862  0.470719
13 14  0.600556  1.100374
13 15  0.596582  1.328672
13 16  0.589342  1.385236
13 17  0.588425  1.239302
13 18  0.584261  1.166452
13 19  0.598975  1.124814
13 20  0.596886  1.131600
13 21  0.448989  1.475753
13 22  0.624904  1.229209
13 23  0.629106  1.209052
13 24  0.591323  1.273702
13 25  0.615247  1.298378
13 26  0.604989  1.363244
13 27  0.600812  1.105316
13 28  0.595379  1.376586
13 29  0.619883  1.213331
13 30  0.600616  1.136297
14 15  0.586299  0.918808
14 16  0.588802  1.003896
14 17  0.564096  0.809578
14 18  0.556048  0.738278
14 19  0.569999  0.689644
14 20  0.567967  0.696530
14 21  0.597503  1.078021
14 22  0.596912  0.795697
14 23  0.560384  0.741468
14 24  0.593707  0.907599
14 25  0.588300  0.867353
14 26  0.599133  0.964830
14 27  0.296649  0.422438
14 28  0.590536  0.973052
14 29  0.591588  0.779587
14 30  0.515760  0.652000
15 16  0.602722  1.244070
15 17  0.579137  1.052082
15 18  0.573973  0.977207
15 19  0.585254  0.934694
15 20  0.583174  0.941513
15 21  0.581283  1.256927
15 22  0.612224  1.040017
15 23  0.612025  1.023510
15 24  0.571841  1.124869
15 25  0.603175  1.110662
15 26  0.613117  1.203460
15 27  0.586649  0.913976
15 28  0.369797  1.098047
15 29  0.606820  1.024095
15 30  0.585521  0.945413
16 17  0.579504  1.134229
16 18  0.577321  1.061706
16 19  0.586850  1.017677
16 20  0.584495  1.016338
16 21  0.597980  1.358344
16 22  0.612207  1.101155
16 23  0.619991  1.084730
16 24  0.602044  1.195496
16 25  0.593203  1.120253
16 26  0.581854  1.270257
16 27  0.588977  0.997571
16 28  0.600594  1.222150
16 29  0.608009  1.107448
16 30  0.589041  1.022679
17 18  0.553555  0.864650
17 19  0.561240  0.815443
17 20  0.559788  0.828978
17 21  0.587479  1.178990
17 22  0.585785  0.919466
17 23  0.596123  0.913245
17 24  0.585631  1.019587
17 25  0.578700  1.000201
17 26  0.567586  1.016905
17 27  0.564315  0.803651
17 28  0.582661  1.106055
17 29  0.561995  0.865776
17 30  0.564488  0.835673
18 19  0.559504  0.755433
18 20  0.557469  0.763049
18 21  0.583700  1.130468
18 22  0.586416  0.859508
18 23  0.571948  0.824017
18 24  0.562077  0.918254
18 25  0.577771  0.932482
18 26  0.587228  1.006027
18 27  0.556248  0.728879
18 28  0.577327  1.035710
18 29  0.581094  0.842222
18 30  0.557622  0.764589
19 20  0.521192  0.675627
19 21  0.595791  1.086249
19 22  0.572147  0.792758
19 23  0.601929  0.794806
19 24  0.592435  0.921905
19 25  0.580323  0.874163
19 26  0.597405  0.974046
19 27  0.570080  0.684612
19 28  0.588990  0.988429
19 29  0.581988  0.776331
19 30  0.570256  0.715956
20 21  0.593692  1.091223
20 22  0.571469  0.797342
20 23  0.599894  0.800821
20 24  0.590389  0.929599
20 25  0.576996  0.866273
20 26  0.595391  0.985283
20 27  0.568046  0.691375
20 28  0.586937  0.991851
20 29  0.580688  0.791640
20 30  0.568222  0.722351
21 22  0.622585  1.196668
21 23  0.628613  1.174954
21 24  0.599652  1.289859
21 25  0.612605  1.240394
21 26  0.604112  1.310065
21 27  0.597354  1.062680
21 28  0.595556  1.311481
21 29  0.617324  1.171541
21 30  0.597314  1.088430
22 23  0.628845  0.897513
22 24  0.619218  1.019411
22 25  0.589387  0.955012
22 26  0.624262  1.077298
22 27  0.597005  0.790912
22 28  0.615774  1.085041
22 29  0.592516  0.879237
22 30  0.597180  0.821703
23 24  0.623877  0.997495
23 25  0.620180  0.964674
23 26  0.630747  1.063531
23 27  0.568485  0.755386
23 28  0.612041  1.029092
23 29  0.623529  0.884206
23 30  0.567218  0.770461
24 25  0.610180  1.091756
24 26  0.613841  1.138606
24 27  0.594101  0.901650
24 28  0.575901  1.176086
24 29  0.613937  1.004897
24 30  0.594176  0.933921
25 26  0.615099  1.155166
25 27  0.588395  0.861417
25 28  0.606673  1.137655
25 29  0.573143  0.954670
25 30  0.588562  0.890256
26 27  0.599400  0.958597
26 28  0.612656  1.251023
26 29  0.617598  1.044340
26 30  0.599563  0.991170
27 28  0.588767  0.961654
27 29  0.591686  0.774501
27 30  0.523539  0.653690
28 29  0.610513  1.077619
28 30  0.587982  0.977992
29 30  0.591861  0.806091
