  -1146.53998305
  -1146.90870976    -1146.79207944
0.00002924739970
2 2 2 2 2 2 2 2 2 2 2 2 2 2 2 0 0 0 0 0 0 0 0 0 0 0 0 0 0 0 
1  0.274155  0.473470
2  0.275856  0.424441
3  0.283290  0.366683
4  0.282091  0.367099
5  0.312390  0.669061
6  0.315956  0.418682
7  0.308387  0.534867
8  0.308523  0.489486
9  0.316140  0.615182
10  0.311876  0.631423
11  0.316193  0.471173
12  0.283339  0.348640
13  0.322354  0.753571
14  0.287543  0.341897
15  0.310196  0.585149
16  0.312160  0.673837
17  0.286454  0.491356
18  0.281023  0.413471
19  0.286981  0.368932
20  0.284907  0.376991
21  0.319057  0.724993
22  0.315661  0.471573
23  0.321337  0.446659
24  0.316267  0.572391
25  0.309614  0.555245
26  0.320780  0.627586
27  0.287582  0.337272
28  0.313714  0.635022
29  0.311573  0.464304
30  0.287866  0.369990
1 2  0.549808  0.883241
1 3  0.556392  0.828615
1 4  0.555763  0.836774
1 5  0.584974  1.138877
1 6  0.590061  0.888856
1 7  0.580946  1.005153
1 8  0.561952  0.903616
1 9  0.589014  1.056059
1 10  0.564327  1.026403
1 11  0.587092  0.932027
1 12  0.557490  0.820737
1 13  0.593463  1.193058
1 14  0.561690  0.812477
1 15  0.583454  1.050126
1 16  0.585145  1.132662
1 17  0.260417  0.745052
1 18  0.554320  0.886372
1 19  0.559332  0.841806
1 20  0.558777  0.849162
1 21  0.588284  1.192978
1 22  0.584431  0.941121
1 23  0.595372  0.919663
1 24  0.589312  1.044444
1 25  0.582157  1.015294
1 26  0.573972  1.097426
1 27  0.561656  0.810630
1 28  0.587749  1.104776
1 29  0.567723  0.933032
1 30  0.561993  0.843224
2 3  0.559146  0.788975
2 4  0.557947  0.791047
2 5  0.587484  1.088950
2 6  0.573938  0.822545
2 7  0.584215  0.958406
2 8  0.584361  0.905908
2 9  0.568928  0.967968
2 10  0.586340  1.027584
2 11  0.592039  0.892074
2 12  0.555538  0.766766
2 13  0.595884  1.157141
2 14  0.557774  0.753460
2 15  0.582873  1.000473
2 16  0.587773  1.095544
2 17  0.561151  0.915099
2 18  0.262232  0.598386
2 19  0.562751  0.793218
2 20  0.560710  0.801273
2 21  0.588426  1.142516
2 22  0.591484  0.895640
2 23  0.573480  0.850297
2 24  0.575987  0.992879
2 25  0.585466  0.978813
2 26  0.594860  1.050683
2 27  0.559549  0.759214
2 28  0.585563  1.044720
2 29  0.587231  0.888264
2 30  0.562912  0.790903
3 4  0.521438  0.697938
3 5  0.595419  1.033023
3 6  0.599245  0.785246
3 7  0.586270  0.891464
3 8  0.584247  0.834225
3 9  0.599426  0.977512
3 10  0.595065  0.990381
3 11  0.577015  0.819333
3 12  0.566628  0.714661
3 13  0.605573  1.109903
3 14  0.570832  0.707865
3 15  0.593485  0.951512
3 16  0.595328  1.039594
3 17  0.567920  0.857467
3 18  0.564229  0.780021
3 19  0.280093  0.485197
3 20  0.518835  0.702975
3 21  0.602331  1.090952
3 22  0.567259  0.806246
3 23  0.604569  0.813244
3 24  0.599404  0.938684
3 25  0.591511  0.918390
3 26  0.603765  0.993836
3 27  0.570872  0.703929
3 28  0.596894  1.001339
3 29  0.591971  0.830123
3 30  0.571151  0.736622
4 5  0.593904  1.025196
4 6  0.598046  0.785381
4 7  0.582927  0.878026
4 8  0.584683  0.845456
4 9  0.598226  0.981376
4 10  0.593885  0.996732
4 11  0.576832  0.820071
4 12  0.565429  0.714848
4 13  0.604340  1.109810
4 14  0.569633  0.708475
4 15  0.592270  0.950209
4 16  0.593351  1.040356
4 17  0.568308  0.857307
4 18  0.563042  0.780453
4 19  0.519682  0.695430
4 20  0.277816  0.496809
4 21  0.601021  1.091297
4 22  0.567141  0.806563
4 23  0.603314  0.813654
4 24  0.598150  0.939134
4 25  0.588627  0.921561
4 26  0.602832  0.994191
4 27  0.569669  0.704343
4 28  0.595533  1.001689
4 29  0.592391  0.829005
4 30  0.569926  0.737027
5 6  0.627536  1.071833
5 7  0.608323  1.128598
5 8  0.620201  1.156619
5 9  0.622981  1.268957
5 10  0.591593  1.277612
5 11  0.626776  1.119855
5 12  0.595593  1.012616
5 13  0.612829  1.355530
5 14  0.599907  1.010142
5 15  0.614722  1.192225
5 16  0.371878  1.227543
5 17  0.596395  1.140537
5 18  0.593261  1.079849
5 19  0.599233  1.037296
5 20  0.596375  1.045515
5 21  0.609231  1.363331
5 22  0.625561  1.139177
5 23  0.633109  1.114735
5 24  0.626781  1.235252
5 25  0.611563  1.221731
5 26  0.593594  1.225063
5 27  0.599797  1.006142
5 28  0.622485  1.298407
5 29  0.623383  1.129888
5 30  0.599758  1.038598
6 7  0.624297  0.949274
6 8  0.624470  0.906446
6 9  0.630381  1.023851
6 10  0.627114  1.037293
6 11  0.632138  0.886416
6 12  0.564243  0.741073
6 13  0.636984  1.169149
6 14  0.566166  0.735320
6 15  0.615362  0.963864
6 16  0.627821  1.091771
6 17  0.602221  0.909707
6 18  0.577468  0.815624
6 19  0.602878  0.787535
6 20  0.600779  0.795583
6 21  0.631088  1.137315
6 22  0.631602  0.890051
6 23  0.402556  0.695299
6 24  0.630370  0.989731
6 25  0.625388  0.973565
6 26  0.636588  1.045782
6 27  0.555547  0.711648
6 28  0.618005  1.048711
6 29  0.627495  0.882803
6 30  0.560828  0.751357
7 8  0.583076  1.006532
7 9  0.624243  1.147010
7 10  0.619586  1.163593
7 11  0.598788  0.977355
7 12  0.591716  0.880777
7 13  0.629447  1.254679
7 14  0.595925  0.875878
7 15  0.618048  1.102145
7 16  0.611427  1.206151
7 17  0.592741  1.012184
7 18  0.589337  0.947692
7 19  0.593849  0.900381
7 20  0.590411  0.911191
7 21  0.625463  1.256424
7 22  0.592062  0.977284
7 23  0.629375  0.981104
7 24  0.624247  1.105338
7 25  0.361784  0.931669
7 26  0.628508  1.156725
7 27  0.595914  0.872054
7 28  0.621020  1.167518
7 29  0.579728  0.951989
7 30  0.596068  0.904629
8 9  0.624530  1.087044
8 10  0.618602  1.085256
8 11  0.599508  0.936752
8 12  0.591860  0.837309
8 13  0.630671  1.224177
8 14  0.596065  0.829802
8 15  0.618557  1.069848
8 16  0.620089  1.158526
8 17  0.575454  0.975937
8 18  0.589355  0.902459
8 19  0.592608  0.857583
8 20  0.592012  0.863370
8 21  0.626804  1.212043
8 22  0.593216  0.928536
8 23  0.629833  0.935859
8 24  0.624492  1.060672
8 25  0.578977  0.996564
8 26  0.626179  1.115431
8 27  0.596091  0.826693
8 28  0.622193  1.122997
8 29  0.365093  0.776828
8 30  0.596382  0.859354
9 10  0.619947  1.177921
9 11  0.632222  1.077473
9 12  0.598809  0.958613
9 13  0.614941  1.312601
9 14  0.603286  0.948183
9 15  0.589817  1.172748
9 16  0.626695  1.280478
9 17  0.600744  1.104661
9 18  0.575160  1.022287
9 19  0.602973  0.983679
9 20  0.600947  0.991728
9 21  0.610574  1.308619
9 22  0.631749  1.085733
9 23  0.633117  1.054538
9 24  0.394427  1.062217
9 25  0.625708  1.167803
9 26  0.633371  1.238851
9 27  0.603396  0.951939
9 28  0.588328  1.192549
9 29  0.627325  1.078178
9 30  0.603862  0.983140
10 11  0.627717  1.088322
10 12  0.595183  0.979310
10 13  0.615584  1.345796
10 14  0.599391  0.969618
10 15  0.613045  1.177132
10 16  0.589985  1.261103
10 17  0.579785  1.118442
10 18  0.591957  1.043630
10 19  0.598451  0.999901
10 20  0.596666  1.007640
10 21  0.601929  1.306072
10 22  0.626824  1.101864
10 23  0.633165  1.077400
10 24  0.626511  1.200670
10 25  0.620929  1.180213
10 26  0.381788  1.138540
10 27  0.599266  0.968276
10 28  0.624017  1.257851
10 29  0.620782  1.094385
10 30  0.599559  1.000670
11 12  0.599530  0.819600
11 13  0.638449  1.222435
11 14  0.603736  0.812953
11 15  0.626211  1.044568
11 16  0.626181  1.143761
11 17  0.596979  0.958307
11 18  0.597210  0.884328
11 19  0.571261  0.806042
11 20  0.570561  0.815449
11 21  0.634129  1.194095
11 22  0.411771  0.806657
11 23  0.637482  0.917562
11 24  0.632452  1.042715
11 25  0.593881  0.999830
11 26  0.636041  1.097419
11 27  0.603745  0.808391
11 28  0.629732  1.104944
11 29  0.596355  0.901656
11 30  0.603997  0.841046
12 13  0.604921  1.086726
12 14  0.523028  0.648612
12 15  0.591567  0.926109
12 16  0.595023  1.022091
12 17  0.569694  0.839849
12 18  0.562731  0.759239
12 19  0.570320  0.717534
12 20  0.568236  0.725582
12 21  0.602245  1.073195
12 22  0.598948  0.820132
12 23  0.558050  0.752525
12 24  0.599281  0.920005
12 25  0.592808  0.903719
12 26  0.603878  0.975802
12 27  0.520541  0.646266
12 28  0.595540  0.982896
12 29  0.594900  0.812874
12 30  0.297930  0.482620
13 14  0.609615  1.084907
13 15  0.612262  1.312905
13 16  0.605442  1.377647
13 17  0.603891  1.239077
13 18  0.597164  1.157107
13 19  0.609316  1.121691
13 20  0.607174  1.129636
13 21  0.463304  1.438239
13 22  0.636887  1.222854
13 23  0.639907  1.193661
13 24  0.606550  1.261375
13 25  0.629718  1.304110
13 26  0.619660  1.346754
13 27  0.609873  1.090556
13 28  0.610885  1.357425
13 29  0.633239  1.215685
13 30  0.609717  1.122850
14 15  0.596786  0.925811
14 16  0.599510  1.015473
14 17  0.573781  0.833136
14 18  0.563238  0.752525
14 19  0.574519  0.710799
14 20  0.572450  0.718856
14 21  0.606431  1.066620
14 22  0.603176  0.813409
14 23  0.565784  0.751094
14 24  0.603221  0.913875
14 25  0.597114  0.897046
14 26  0.607987  0.969223
14 27  0.299534  0.431675
14 28  0.600958  0.975748
14 29  0.599094  0.806131
14 30  0.519338  0.664081
15 16  0.620611  1.254390
15 17  0.596162  1.073248
15 18  0.588517  0.990300
15 19  0.597027  0.953740
15 20  0.594889  0.961730
15 21  0.596895  1.248170
15 22  0.625819  1.055678
15 23  0.624210  1.030162
15 24  0.588367  1.131517
15 25  0.619245  1.138387
15 26  0.629168  1.206332
15 27  0.597141  0.921145
15 28  0.385509  1.096763
15 29  0.621639  1.048445
15 30  0.596084  0.953984
16 17  0.596675  1.160433
16 18  0.591885  1.077724
16 19  0.598802  1.040587
16 20  0.596401  1.038833
16 21  0.613740  1.349859
16 22  0.625799  1.119183
16 23  0.632516  1.094798
16 24  0.617890  1.202946
16 25  0.608193  1.145062
16 26  0.598298  1.277850
16 27  0.599691  1.009121
16 28  0.617691  1.227431
16 29  0.622905  1.136184
16 30  0.599873  1.034879
17 18  0.567216  0.892071
17 19  0.572183  0.848792
17 20  0.570725  0.864655
17 21  0.602674  1.182132
17 22  0.598338  0.950425
17 23  0.607744  0.936006
17 24  0.601540  1.039791
17 25  0.593896  1.043989
17 26  0.581194  1.031976
17 27  0.574034  0.827084
17 28  0.599484  1.122950
17 29  0.574719  0.899868
17 30  0.574316  0.860545
18 19  0.568003  0.781090
18 20  0.565929  0.790282
18 21  0.596391  1.124103
18 22  0.596666  0.881337
18 23  0.580784  0.837234
18 24  0.574097  0.927251
18 25  0.590575  0.966993
18 26  0.599972  1.014773
18 27  0.563416  0.742923
18 28  0.591670  1.043467
18 29  0.592572  0.872712
18 30  0.564906  0.780065
19 20  0.526935  0.709931
19 21  0.605950  1.084462
19 22  0.579710  0.822538
19 23  0.608316  0.815464
19 24  0.603245  0.939646
19 25  0.589958  0.913982
19 26  0.607617  0.988771
19 27  0.574561  0.705691
19 28  0.600689  1.002911
19 29  0.590498  0.812110
19 30  0.574845  0.738313
20 21  0.603787  1.090183
20 22  0.578851  0.828079
20 23  0.606238  0.822342
20 24  0.601153  0.948931
20 25  0.586677  0.905242
20 26  0.605524  1.002143
20 27  0.572487  0.713572
20 28  0.598581  1.006452
20 29  0.589129  0.829547
20 30  0.572771  0.745620
21 22  0.634491  1.193753
21 23  0.639364  1.163625
21 24  0.614833  1.277159
21 25  0.626938  1.246399
21 26  0.618310  1.297255
21 27  0.606201  1.050964
21 28  0.610861  1.296880
21 29  0.630473  1.175204
21 30  0.606282  1.077885
22 23  0.636981  0.913798
22 24  0.631727  1.032423
22 25  0.600623  0.991796
22 26  0.636225  1.089301
22 27  0.603241  0.808723
22 28  0.629160  1.094673
22 29  0.602763  0.914723
22 30  0.603524  0.840632
23 24  0.635250  1.002941
23 25  0.630861  0.992690
23 26  0.641523  1.066665
23 27  0.573872  0.764519
23 28  0.623753  1.031103
23 29  0.632899  0.910164
23 30  0.572457  0.780558
24 25  0.625160  1.117784
24 26  0.628557  1.141819
24 27  0.603625  0.908004
24 28  0.591906  1.175589
24 29  0.627694  1.027480
24 30  0.603789  0.941537
25 26  0.629556  1.179943
25 27  0.597187  0.890863
25 28  0.622521  1.158094
25 29  0.585796  1.001108
25 30  0.597460  0.920317
26 27  0.608336  0.962973
26 28  0.628137  1.248269
26 29  0.630659  1.063166
26 30  0.608603  0.996994
27 28  0.599004  0.964085
27 29  0.599154  0.800937
27 30  0.526961  0.664550
28 29  0.625144  1.097577
28 30  0.598398  0.981550
29 30  0.599436  0.833908
