  -1146.53998305
  -1146.90889363    -1146.79258924
0.00002023007449
2 2 2 2 2 2 2 2 2 2 2 2 2 2 2 0 0 0 0 0 0 0 0 0 0 0 0 0 0 0 
1  0.274737  0.475246
2  0.276198  0.425619
3  0.283477  0.368592
4  0.282327  0.369046
5  0.313085  0.669154
6  0.316295  0.419583
7  0.308918  0.537355
8  0.308976  0.491998
9  0.316762  0.615083
10  0.312438  0.631409
11  0.316551  0.472700
12  0.283473  0.349383
13  0.322895  0.751558
14  0.287707  0.342504
15  0.310834  0.585390
16  0.312863  0.674265
17  0.287057  0.493016
18  0.281376  0.414626
19  0.287187  0.370803
20  0.285132  0.378989
21  0.319620  0.723261
22  0.316022  0.472970
23  0.321659  0.447367
24  0.316868  0.572557
25  0.310147  0.557723
26  0.321364  0.627298
27  0.287721  0.337853
28  0.314371  0.634858
29  0.312017  0.466649
30  0.287997  0.370791
1 2  0.550726  0.886040
1 3  0.557160  0.832076
1 4  0.556585  0.840385
1 5  0.586247  1.140767
1 6  0.590982  0.891466
1 7  0.582051  1.009387
1 8  0.562916  0.907255
1 9  0.590193  1.057672
1 10  0.565311  1.027798
1 11  0.588016  0.935212
1 12  0.558206  0.823228
1 13  0.594563  1.192814
1 14  0.562436  0.814785
1 15  0.584660  1.052086
1 16  0.586428  1.135018
1 17  0.261446  0.748573
1 18  0.555227  0.889301
1 19  0.560098  0.845453
1 20  0.559584  0.852921
1 21  0.589418  1.193046
1 22  0.585380  0.944305
1 23  0.596276  0.922136
1 24  0.590491  1.046391
1 25  0.583266  1.019631
1 26  0.575069  1.098840
1 27  0.562372  0.812988
1 28  0.588988  1.106372
1 29  0.568705  0.937128
1 30  0.562707  0.845794
2 3  0.559673  0.791975
2 4  0.558525  0.794150
2 5  0.588506  1.090162
2 6  0.574593  0.824503
2 7  0.585086  0.962056
2 8  0.585155  0.909421
2 9  0.569805  0.968771
2 10  0.587227  1.028665
2 11  0.592738  0.894675
2 12  0.556013  0.768658
2 13  0.596765  1.156362
2 14  0.558277  0.755167
2 15  0.583840  1.001858
2 16  0.588816  1.097127
2 17  0.562045  0.917939
2 18  0.262857  0.600690
2 19  0.563293  0.796264
2 20  0.561272  0.804443
2 21  0.589329  1.141983
2 22  0.592185  0.898211
2 23  0.574125  0.852288
2 24  0.576899  0.994189
2 25  0.586341  0.982444
2 26  0.595784  1.051589
2 27  0.560025  0.760983
2 28  0.586559  1.045860
2 29  0.587997  0.891781
2 30  0.563384  0.792900
3 4  0.521827  0.701792
3 5  0.596297  1.034953
3 6  0.599771  0.788050
3 7  0.586965  0.895657
3 8  0.584884  0.838320
3 9  0.600235  0.979212
3 10  0.595813  0.992125
3 11  0.577567  0.822786
3 12  0.566947  0.717276
3 13  0.606298  1.109564
3 14  0.571181  0.710339
3 15  0.594309  0.953655
3 16  0.596215  1.041889
3 17  0.568691  0.861034
3 18  0.564760  0.783082
3 19  0.280471  0.489368
3 20  0.519255  0.707170
3 21  0.603080  1.091117
3 22  0.567806  0.809643
3 23  0.605074  0.815859
3 24  0.600177  0.940742
3 25  0.592226  0.922773
3 26  0.604541  0.995450
3 27  0.571198  0.706418
3 28  0.597731  1.003073
3 29  0.592595  0.834392
3 30  0.571469  0.739330
4 5  0.594835  1.027022
4 6  0.598620  0.788212
4 7  0.583673  0.882082
4 8  0.585358  0.849704
4 9  0.599083  0.983199
4 10  0.594680  0.998604
4 11  0.577418  0.823575
4 12  0.565797  0.717484
4 13  0.605112  1.109445
4 14  0.570032  0.710998
4 15  0.593143  0.952329
4 16  0.594269  1.042719
4 17  0.569145  0.860899
4 18  0.563625  0.783549
4 19  0.520122  0.699545
4 20  0.278204  0.501202
4 21  0.601816  1.091498
4 22  0.567725  0.809982
4 23  0.603865  0.816307
4 24  0.598978  0.941228
4 25  0.589391  0.925999
4 26  0.603653  0.995830
4 27  0.570044  0.706870
4 28  0.596411  1.003462
4 29  0.593065  0.833309
4 30  0.570291  0.739772
5 6  0.628560  1.072716
5 7  0.609461  1.130631
5 8  0.621342  1.159204
5 9  0.624224  1.268865
5 10  0.592827  1.277745
5 11  0.627811  1.121327
5 12  0.596418  1.013390
5 13  0.613984  1.353945
5 14  0.600763  1.010836
5 15  0.616002  1.192605
5 16  0.373153  1.227812
5 17  0.597693  1.142526
5 18  0.594308  1.081074
5 19  0.600129  1.039234
5 20  0.597281  1.047601
5 21  0.610441  1.361989
5 22  0.626615  1.140659
5 23  0.634121  1.115550
5 24  0.628050  1.235563
5 25  0.612757  1.224268
5 26  0.594864  1.225589
5 27  0.600628  1.006814
5 28  0.623816  1.298437
5 29  0.624516  1.132303
5 30  0.600563  1.039491
6 7  0.625165  0.952578
6 8  0.625261  0.909813
6 9  0.631336  1.024561
6 10  0.628015  1.038031
6 11  0.632835  0.888717
6 12  0.564720  0.742780
6 13  0.637856  1.168048
6 14  0.566685  0.736893
6 15  0.616296  0.964779
6 16  0.628855  1.093106
6 17  0.603164  0.912260
6 18  0.578133  0.817762
6 19  0.603421  0.790305
6 20  0.601337  0.798481
6 21  0.631949  1.136452
6 22  0.632300  0.892346
6 23  0.403159  0.697058
6 24  0.631306  0.990817
6 25  0.626256  0.976944
6 26  0.637505  1.046397
6 27  0.556034  0.713251
6 28  0.618982  1.049447
6 29  0.628277  0.886041
6 30  0.561295  0.753166
7 8  0.584021  1.011434
7 9  0.625384  1.149357
7 10  0.620673  1.166058
7 11  0.599625  0.981261
7 12  0.592378  0.883914
7 13  0.630516  1.254967
7 14  0.596619  0.878941
7 15  0.619211  1.104714
7 16  0.612624  1.209025
7 17  0.593869  1.016419
7 18  0.590218  0.951312
7 19  0.594581  0.904737
7 20  0.591163  0.915685
7 21  0.626552  1.257183
7 22  0.592917  0.981218
7 23  0.630221  0.984299
7 24  0.625379  1.107955
7 25  0.362782  0.937020
7 26  0.629619  1.158950
7 27  0.596583  0.875122
7 28  0.622189  1.169849
7 29  0.580649  0.956997
7 30  0.596720  0.907913
8 9  0.625604  1.089296
8 10  0.619612  1.087498
8 11  0.600299  0.940783
8 12  0.592447  0.840526
8 13  0.631664  1.224477
8 14  0.596682  0.832847
8 15  0.619637  1.072551
8 16  0.621241  1.161418
8 17  0.576455  0.980056
8 18  0.590147  0.906123
8 19  0.593262  0.861979
8 20  0.592686  0.867894
8 21  0.627808  1.212829
8 22  0.594017  0.932584
8 23  0.630608  0.939071
8 24  0.625547  1.063339
8 25  0.579929  1.001762
8 26  0.627185  1.117640
8 27  0.596686  0.829784
8 28  0.623298  1.125314
8 29  0.365905  0.782047
8 30  0.596968  0.862663
9 10  0.621091  1.178021
9 11  0.633199  1.078739
9 12  0.599562  0.959233
9 13  0.616055  1.310921
9 14  0.604072  0.948642
9 15  0.591043  1.172880
9 16  0.627996  1.280885
9 17  0.601971  1.106245
9 18  0.576088  1.023298
9 19  0.603786  0.985440
9 20  0.601788  0.993611
9 21  0.611725  1.307017
9 22  0.632729  1.087028
9 23  0.634057  1.055237
9 24  0.395536  1.061934
9 25  0.626862  1.170148
9 26  0.634563  1.238543
9 27  0.604156  0.952425
9 28  0.589574  1.192850
9 29  0.628415  1.080411
9 30  0.604616  0.983848
10 11  0.628634  1.089718
10 12  0.595877  0.980037
10 13  0.616671  1.344056
10 14  0.600116  0.970160
10 15  0.614152  1.177276
10 16  0.591246  1.261959
10 17  0.580889  1.119998
10 18  0.592861  1.044783
10 19  0.599213  1.001747
10 20  0.597449  1.009594
10 21  0.603037  1.304795
10 22  0.627741  1.103245
10 23  0.634048  1.078100
10 24  0.627667  1.200884
10 25  0.622021  1.182695
10 26  0.382944  1.137970
10 27  0.599951  0.968840
10 28  0.625212  1.257761
10 29  0.621785  1.096693
10 30  0.600252  1.001440
11 12  0.600021  0.821863
11 13  0.639345  1.221962
11 14  0.604257  0.815082
11 15  0.627202  1.046118
11 16  0.627242  1.145720
11 17  0.597934  0.961494
11 18  0.597920  0.887007
11 19  0.571834  0.809514
11 20  0.571140  0.819050
11 21  0.635041  1.193898
11 22  0.412455  0.810036
11 23  0.638161  0.919793
11 24  0.633411  1.044406
11 25  0.594742  1.003898
11 26  0.636977  1.098658
11 27  0.604240  0.810500
11 28  0.630742  1.106305
11 29  0.597139  0.905669
11 30  0.604480  0.843373
12 13  0.605589  1.085371
12 14  0.523322  0.650006
12 15  0.592335  0.927033
12 16  0.595838  1.023258
12 17  0.570429  0.842249
12 18  0.563214  0.761145
12 19  0.570658  0.720147
12 20  0.568591  0.728321
12 21  0.602939  1.072209
12 22  0.599436  0.822272
12 23  0.558506  0.754102
12 24  0.600013  0.920904
12 25  0.593460  0.906938
12 26  0.604591  0.976245
12 27  0.520816  0.647710
12 28  0.596322  0.983478
12 29  0.595473  0.815960
12 30  0.298178  0.484262
13 14  0.610313  1.083441
13 15  0.613391  1.311244
13 16  0.606646  1.376512
13 17  0.605030  1.238769
13 18  0.598043  1.156283
13 19  0.610059  1.121537
13 20  0.607933  1.129607
13 21  0.464448  1.434225
13 22  0.637783  1.222249
13 23  0.640743  1.192351
13 24  0.607659  1.260085
13 25  0.630779  1.304603
13 26  0.620777  1.344776
13 27  0.610552  1.089128
13 28  0.612033  1.355496
13 29  0.634227  1.216014
13 30  0.610384  1.121645
14 15  0.597586  0.926639
14 16  0.600373  1.016504
14 17  0.574542  0.835403
14 18  0.563741  0.754303
14 19  0.574889  0.713276
14 20  0.572839  0.721460
14 21  0.607150  1.065498
14 22  0.603699  0.815414
14 23  0.566273  0.752518
14 24  0.603977  0.914649
14 25  0.597807  0.900130
14 26  0.608720  0.969541
14 27  0.299821  0.432973
14 28  0.601775  0.976185
14 29  0.599695  0.809081
14 30  0.519636  0.665650
15 16  0.621941  1.255132
15 17  0.597402  1.075131
15 18  0.589509  0.991782
15 19  0.597866  0.955839
15 20  0.595735  0.963957
15 21  0.598064  1.247142
15 22  0.626815  1.057312
15 23  0.625152  1.031106
15 24  0.589567  1.132134
15 25  0.620410  1.141113
15 26  0.630371  1.206328
15 27  0.597909  0.921952
15 28  0.386676  1.096650
15 29  0.622711  1.051005
15 30  0.596840  0.955020
16 17  0.597972  1.162551
16 18  0.592931  1.079229
16 19  0.599705  1.042817
16 20  0.597321  1.041036
16 21  0.614948  1.348706
16 22  0.626855  1.120870
16 23  0.633534  1.095783
16 24  0.619087  1.203424
16 25  0.609321  1.147288
16 26  0.599559  1.278062
16 27  0.600531  1.010119
16 28  0.618997  1.227799
16 29  0.624042  1.138942
16 30  0.600708  1.035986
17 18  0.568166  0.894745
17 19  0.572991  0.852104
17 20  0.571553  0.868206
17 21  0.603815  1.182133
17 22  0.599289  0.953366
17 23  0.608668  0.938334
17 24  0.602724  1.041583
17 25  0.595021  1.048105
17 26  0.582249  1.033072
17 27  0.574776  0.829289
17 28  0.600736  1.124428
17 29  0.575672  0.903233
17 30  0.575051  0.862990
18 19  0.568562  0.784056
18 20  0.566507  0.793427
18 21  0.597299  1.123541
18 22  0.597378  0.883784
18 23  0.581439  0.838990
18 24  0.574959  0.928300
18 25  0.591454  0.970600
18 26  0.600899  1.015583
18 27  0.563914  0.744622
18 28  0.592674  1.044442
18 29  0.593365  0.876086
18 30  0.565394  0.782016
19 20  0.527344  0.713801
19 21  0.606715  1.084375
19 22  0.580278  0.825834
19 23  0.608844  0.818041
19 24  0.604051  0.941626
19 25  0.590667  0.918138
19 26  0.608409  0.990198
19 27  0.574906  0.708115
19 28  0.601551  1.004596
19 29  0.591141  0.816028
19 30  0.575183  0.740954
20 21  0.604567  1.090146
20 22  0.579421  0.831494
20 23  0.606786  0.824998
20 24  0.601977  0.951086
20 25  0.587425  0.909330
20 26  0.606327  1.003782
20 27  0.572851  0.716116
20 28  0.599462  1.008125
20 29  0.589787  0.833704
20 30  0.573127  0.748340
21 22  0.635411  1.193423
21 23  0.640246  1.162656
21 24  0.615973  1.275761
21 25  0.628028  1.246974
21 26  0.619403  1.295659
21 27  0.606901  1.049755
21 28  0.612013  1.295323
21 29  0.631479  1.175633
21 30  0.606976  1.076876
22 23  0.637664  0.915768
22 24  0.632684  1.033803
22 25  0.601469  0.995562
22 26  0.637169  1.090340
22 27  0.603741  0.810701
22 28  0.630171  1.095720
22 29  0.603550  0.918502
22 30  0.604016  0.842797
23 24  0.636173  1.003745
23 25  0.631714  0.995722
23 26  0.642424  1.066990
23 27  0.574349  0.765878
23 28  0.624695  1.031571
23 29  0.633663  0.913197
23 30  0.572907  0.782079
24 25  0.626280  1.120331
24 26  0.629699  1.141900
24 27  0.604365  0.908739
24 28  0.593108  1.175551
24 29  0.628737  1.029897
24 30  0.604520  0.942494
25 26  0.630668  1.182118
25 27  0.597858  0.893882
25 28  0.623700  1.160154
25 29  0.586740  1.005840
25 30  0.598124  0.923447
26 27  0.609060  0.963242
26 28  0.629305  1.247746
26 29  0.631682  1.065006
26 30  0.609320  0.997507
27 28  0.599788  0.964450
27 29  0.599737  0.803829
27 30  0.527233  0.665963
28 29  0.626234  1.099729
28 30  0.599185  0.982094
29 30  0.600012  0.837032
