  -1146.53998305
  -1146.90922409    -1146.79352316
0.00000375283100
2 2 2 2 2 2 2 2 2 2 2 2 2 2 2 0 0 0 0 0 0 0 0 0 0 0 0 0 0 0 
1  0.275870  0.478795
2  0.276901  0.427977
3  0.283790  0.372789
4  0.282655  0.373404
5  0.314429  0.669616
6  0.316887  0.421772
7  0.309990  0.542353
8  0.309860  0.497031
9  0.317919  0.614703
10  0.313541  0.631567
11  0.317206  0.475683
12  0.283700  0.351137
13  0.323992  0.747452
14  0.287992  0.343955
15  0.312028  0.585864
16  0.314159  0.675149
17  0.288267  0.496438
18  0.282154  0.417044
19  0.287514  0.374954
20  0.285449  0.383405
21  0.320673  0.719744
22  0.316684  0.475732
23  0.322248  0.449197
24  0.318006  0.572812
25  0.311232  0.562711
26  0.322484  0.626728
27  0.287979  0.339252
28  0.315620  0.634484
29  0.312897  0.471417
30  0.288178  0.372743
1 2  0.552544  0.891553
1 3  0.558608  0.839380
1 4  0.558044  0.848075
1 5  0.588709  1.144833
1 6  0.592704  0.897036
1 7  0.584244  1.017881
1 8  0.564839  0.914476
1 9  0.592453  1.060786
1 10  0.567202  1.030724
1 11  0.589790  0.941504
1 12  0.559565  0.828456
1 13  0.596744  1.192329
1 14  0.563854  0.819597
1 15  0.586953  1.055974
1 16  0.588838  1.139752
1 17  0.263444  0.755714
1 18  0.557084  0.895272
1 19  0.561524  0.853157
1 20  0.561036  0.860864
1 21  0.591575  1.193150
1 22  0.587137  0.950650
1 23  0.597988  0.927493
1 24  0.592747  1.050216
1 25  0.585471  1.028387
1 26  0.577210  1.101650
1 27  0.563749  0.817934
1 28  0.591364  1.109538
1 29  0.570651  0.945384
1 30  0.564014  0.851278
2 3  0.560689  0.798315
2 4  0.559556  0.800823
2 5  0.590529  1.092851
2 6  0.575845  0.828786
2 7  0.586856  0.969377
2 8  0.586737  0.916362
2 9  0.571526  0.970263
2 10  0.589037  1.031048
2 11  0.594095  0.899751
2 12  0.556955  0.772719
2 13  0.598559  1.154792
2 14  0.559276  0.758800
2 15  0.585720  1.004602
2 16  0.590816  1.100337
2 17  0.563897  0.923724
2 18  0.264085  0.605578
2 19  0.564298  0.802770
2 20  0.562283  0.811203
2 21  0.591060  1.140887
2 22  0.593543  0.903326
2 23  0.575365  0.856732
2 24  0.578640  0.996739
2 25  0.588128  0.989726
2 26  0.597589  1.053420
2 27  0.560970  0.764774
2 28  0.588506  1.048160
2 29  0.589571  0.898911
2 30  0.564271  0.797244
3 4  0.522394  0.710316
3 5  0.597946  1.039454
3 6  0.600676  0.794425
3 7  0.588315  0.904415
3 8  0.586073  0.846841
3 9  0.601705  0.982778
3 10  0.597230  0.996177
3 11  0.578560  0.830000
3 12  0.567487  0.723118
3 13  0.607704  1.109139
3 14  0.571779  0.715869
3 15  0.595814  0.958313
3 16  0.597819  1.046887
3 17  0.570172  0.868654
3 18  0.565830  0.789696
3 19  0.281086  0.498591
3 20  0.519866  0.716430
3 21  0.604442  1.091772
3 22  0.568798  0.816804
3 23  0.605969  0.821880
3 24  0.601590  0.945178
3 25  0.593620  0.931951
3 26  0.605973  0.999053
3 27  0.571769  0.712012
3 28  0.599286  1.006870
3 29  0.593777  0.843393
3 30  0.571962  0.745474
4 5  0.596509  1.031362
4 6  0.599541  0.794709
4 7  0.585087  0.890626
4 8  0.586553  0.858666
4 9  0.600566  0.987136
4 10  0.596104  1.002986
4 11  0.578418  0.830980
4 12  0.566351  0.723427
4 13  0.606534  1.109093
4 14  0.570644  0.716718
4 15  0.594664  0.957004
4 16  0.595857  1.047931
4 17  0.570684  0.868650
4 18  0.564716  0.790315
4 19  0.520757  0.708698
4 20  0.278736  0.510870
4 21  0.603183  1.092313
4 22  0.568727  0.817308
4 23  0.604763  0.822491
4 24  0.600430  0.945795
4 25  0.590796  0.935376
4 26  0.605098  0.999579
4 27  0.570629  0.712624
4 28  0.597941  1.007431
4 29  0.594270  0.842477
4 30  0.570792  0.746076
5 6  0.630487  1.075041
5 7  0.611721  1.134869
5 8  0.623553  1.164658
5 9  0.626564  1.268778
5 10  0.595249  1.278458
5 11  0.629792  1.124452
5 12  0.597987  1.015451
5 13  0.616260  1.351002
5 14  0.602384  1.012750
5 15  0.618428  1.193671
5 16  0.375619  1.228733
5 17  0.600231  1.146847
5 18  0.596426  1.083927
5 19  0.601796  1.043790
5 20  0.598900  1.052464
5 21  0.612742  1.359433
5 22  0.628607  1.143863
5 23  0.636023  1.117865
5 24  0.630476  1.236427
5 25  0.615117  1.229618
5 26  0.597325  1.226919
5 27  0.602223  1.008668
5 28  0.626378  1.298708
5 29  0.626730  1.137482
5 30  0.602041  1.041903
6 7  0.626826  0.959536
6 8  0.626733  0.916907
6 9  0.633081  1.026189
6 10  0.629700  1.040089
6 11  0.634081  0.893566
6 12  0.565577  0.746831
6 13  0.639535  1.166135
6 14  0.567591  0.740674
6 15  0.618010  0.966950
6 16  0.630726  1.096192
6 17  0.604952  0.917851
6 18  0.579450  0.822569
6 19  0.604328  0.796643
6 20  0.602225  0.805086
6 21  0.633559  1.135081
6 22  0.633553  0.897286
6 23  0.404207  0.701547
6 24  0.633019  0.993312
6 25  0.627911  0.984120
6 26  0.639207  1.048024
6 27  0.556902  0.717085
6 28  0.620787  1.051262
6 29  0.629740  0.892991
6 30  0.562103  0.757533
7 8  0.585861  1.021300
7 9  0.627589  1.153896
7 10  0.622838  1.171203
7 11  0.601261  0.989044
7 12  0.593675  0.890409
7 13  0.632673  1.255537
7 14  0.597972  0.885318
7 15  0.621468  1.109905
7 16  0.614909  1.214803
7 17  0.596139  1.025071
7 18  0.592061  0.958682
7 19  0.595976  0.913888
7 20  0.592553  0.925125
7 21  0.628674  1.258670
7 22  0.594579  0.989104
7 23  0.631856  0.991127
7 24  0.627587  1.113139
7 25  0.364725  0.947779
7 26  0.631802  1.163437
7 27  0.597907  0.881514
7 28  0.624500  1.174503
7 29  0.582468  0.967272
7 30  0.597940  0.914855
8 9  0.627644  1.093620
8 10  0.621589  1.092160
8 11  0.601800  0.948822
8 12  0.593557  0.847217
8 13  0.633643  1.224968
8 14  0.597850  0.839141
8 15  0.621691  1.077922
8 16  0.623410  1.167275
8 17  0.578458  0.988373
8 18  0.591783  0.913581
8 19  0.594467  0.871196
8 20  0.593882  0.877390
8 21  0.629744  1.214344
8 22  0.595526  0.940698
8 23  0.632067  0.945923
8 24  0.627579  1.068606
8 25  0.581789  1.012379
8 26  0.629144  1.122085
8 27  0.597817  0.836213
8 28  0.625424  1.129913
8 29  0.367515  0.792652
8 30  0.598032  0.869640
9 10  0.623260  1.178262
9 11  0.635005  1.081006
9 12  0.600943  0.960570
9 13  0.618219  1.307368
9 14  0.605520  0.949608
9 15  0.593329  1.172890
9 16  0.630395  1.281562
9 17  0.604306  1.109331
9 18  0.577915  1.025245
9 19  0.605236  0.989204
9 20  0.603250  0.997610
9 21  0.613881  1.303607
9 22  0.634542  1.089418
9 23  0.635776  1.056894
9 24  0.397678  1.061138
9 25  0.629098  1.174690
9 26  0.636804  1.237754
9 27  0.605562  0.953447
9 28  0.591940  1.193338
9 29  0.630469  1.084766
9 30  0.605954  0.985434
10 11  0.630396  1.092628
10 12  0.597203  0.981944
10 13  0.618837  1.340707
10 14  0.601507  0.971676
10 15  0.616273  1.177648
10 16  0.593648  1.263883
10 17  0.583063  1.123377
10 18  0.594725  1.047389
10 19  0.600636  1.006027
10 20  0.598867  1.014098
10 21  0.605148  1.302352
10 22  0.629496  1.106169
10 23  0.635736  1.080105
10 24  0.629897  1.201431
10 25  0.624201  1.187899
10 26  0.385190  1.137045
10 27  0.601273  0.970391
10 28  0.627513  1.257744
10 29  0.623707  1.101590
10 30  0.601534  1.003506
11 12  0.600903  0.826571
11 13  0.641096  1.220878
11 14  0.605195  0.819504
11 15  0.629040  1.049103
11 16  0.629178  1.149592
11 17  0.599765  0.967926
11 18  0.599351  0.892405
11 19  0.572838  0.816835
11 20  0.572128  0.826637
11 21  0.636713  1.193363
11 22  0.413674  0.816811
11 23  0.639402  0.924596
11 24  0.635205  1.047654
11 25  0.596413  1.012030
11 26  0.638738  1.101067
11 27  0.605148  0.814881
11 28  0.632630  1.108921
11 29  0.598651  0.913755
11 30  0.605305  0.848306
12 13  0.606907  1.082848
12 14  0.523819  0.653334
12 15  0.593765  0.929147
12 16  0.597314  1.025882
12 17  0.571858  0.847413
12 18  0.564217  0.765331
12 19  0.571213  0.726047
12 20  0.569128  0.734484
12 21  0.604212  1.070455
12 22  0.600309  0.826787
12 23  0.559351  0.757932
12 24  0.601370  0.922908
12 25  0.594748  0.913669
12 26  0.605930  0.977398
12 27  0.521289  0.651137
12 28  0.597784  0.984866
12 29  0.596576  0.822478
12 30  0.298525  0.488258
13 14  0.611687  1.080685
13 15  0.615591  1.307902
13 16  0.608942  1.374174
13 17  0.607332  1.238169
13 18  0.599878  1.154706
13 19  0.611480  1.121558
13 20  0.609335  1.129886
13 21  0.466675  1.426079
13 22  0.639503  1.220929
13 23  0.642394  1.190030
13 24  0.609833  1.257357
13 25  0.632956  1.305526
13 26  0.622960  1.340768
13 27  0.611905  1.086428
13 28  0.614256  1.351484
13 29  0.636207  1.216666
13 30  0.611651  1.119506
14 15  0.599054  0.928524
14 16  0.601942  1.018824
14 17  0.576020  0.840270
14 18  0.564785  0.758206
14 19  0.575502  0.718876
14 20  0.573441  0.727324
14 21  0.608478  1.063439
14 22  0.604636  0.819627
14 23  0.567170  0.756024
14 24  0.605394  0.916359
14 25  0.599175  0.906563
14 26  0.610073  0.970418
14 27  0.300336  0.436117
14 28  0.603304  0.977243
14 29  0.600845  0.815302
14 30  0.520089  0.669402
15 16  0.624421  1.256635
15 17  0.599803  1.079002
15 18  0.591469  0.994878
15 19  0.599372  0.960434
15 20  0.597203  0.968825
15 21  0.600228  1.245022
15 22  0.628666  1.060544
15 23  0.626895  1.033407
15 24  0.591843  1.133345
15 25  0.622669  1.146592
15 26  0.632635  1.206377
15 27  0.599347  0.923798
15 28  0.388907  1.096367
15 29  0.624777  1.056191
15 30  0.598202  0.957452
16 17  0.600459  1.166927
16 18  0.594984  1.082361
16 19  0.601316  1.047700
16 20  0.598936  1.045863
16 21  0.617198  1.346389
16 22  0.628804  1.124273
16 23  0.635407  1.098208
16 24  0.621306  1.204325
16 25  0.611489  1.151749
16 26  0.601967  1.278531
16 27  0.602076  1.012360
16 28  0.621436  1.228527
16 29  0.626194  1.144568
16 30  0.602189  1.038581
17 18  0.570144  0.900272
17 19  0.574528  0.859211
17 20  0.573083  0.875834
17 21  0.606030  1.182169
17 22  0.601151  0.959296
17 23  0.610463  0.943478
17 24  0.605051  1.045255
17 25  0.597297  1.056476
17 26  0.584236  1.035349
17 27  0.576243  0.834009
17 28  0.603176  1.127457
17 29  0.577645  0.910039
17 30  0.576440  0.868326
18 19  0.569666  0.790469
18 20  0.567602  0.800248
18 21  0.599110  1.122502
18 22  0.598816  0.888671
18 23  0.582764  0.842959
18 24  0.576686  0.930419
18 25  0.593307  0.977938
18 26  0.602774  1.017325
18 27  0.564968  0.748350
18 28  0.594686  1.046444
18 29  0.595017  0.882938
18 30  0.566365  0.786386
19 20  0.527916  0.722360
19 21  0.608093  1.084487
19 22  0.581289  0.832783
19 23  0.609758  0.824018
19 24  0.605517  0.945906
19 25  0.592038  0.926886
19 26  0.609860  0.993450
19 27  0.575490  0.713571
19 28  0.603126  1.008320
19 29  0.592342  0.824295
19 30  0.575690  0.746961
20 21  0.605929  1.090403
20 22  0.580418  0.838712
20 23  0.607692  0.831125
20 24  0.603428  0.955736
20 25  0.588844  0.917895
20 26  0.607748  1.007468
20 27  0.573425  0.721817
20 28  0.601026  1.011795
20 29  0.590970  0.842503
20 30  0.573624  0.754483
21 22  0.637123  1.192709
21 23  0.641880  1.161096
21 24  0.618143  1.272869
21 25  0.630154  1.248110
21 26  0.621493  1.292405
21 27  0.608204  1.047510
21 28  0.614191  1.292187
21 29  0.633409  1.176449
21 30  0.608214  1.075174
22 23  0.638915  0.920043
22 24  0.634473  1.036412
22 25  0.603149  1.003128
22 26  0.638951  1.092368
22 27  0.604660  0.814856
22 28  0.632065  1.097722
22 29  0.605063  0.926125
22 30  0.604859  0.847424
23 24  0.637905  1.005623
23 25  0.633388  1.002202
23 26  0.644130  1.068048
23 27  0.575235  0.769260
23 28  0.626471  1.032818
23 29  0.635127  0.919730
23 30  0.573710  0.785847
24 25  0.628470  1.125385
24 26  0.631883  1.142047
24 27  0.605764  0.910367
24 28  0.595408  1.175317
24 29  0.630750  1.034753
24 30  0.605838  0.944679
25 26  0.632854  1.186529
25 27  0.599196  0.900132
25 28  0.626012  1.164274
25 29  0.588583  1.015452
25 30  0.599387  0.930001
26 27  0.610439  0.964026
26 28  0.631521  1.246659
26 29  0.633681  1.068707
26 30  0.610621  0.998893
27 28  0.601276  0.965391
27 29  0.600875  0.809899
27 30  0.527653  0.669413
28 29  0.628337  1.104056
28 30  0.600630  0.983433
29 30  0.601072  0.843699
