  -1146.52370930
  -1146.88121479    -1146.74952242
0.00018325355802
2 2 2 2 2 2 2 2 2 2 2 2 2 2 2 0 0 0 0 0 0 0 0 0 0 0 0 0 0 0 
1  0.256438  0.492267
2  0.267550  0.557662
3  0.264834  0.435513
4  0.261319  0.407658
5  0.276900  0.343667
6  0.272377  0.332286
7  0.273519  0.332700
8  0.274146  0.337154
9  0.307912  0.591484
10  0.297345  0.542938
11  0.292532  0.621301
12  0.300290  0.440380
13  0.296842  0.432946
14  0.295273  0.707600
15  0.288878  0.687912
16  0.273778  0.554886
17  0.263336  0.495410
18  0.266412  0.434081
19  0.271953  0.465695
20  0.276477  0.332149
21  0.277266  0.343434
22  0.278852  0.338782
23  0.274089  0.332507
24  0.299901  0.564526
25  0.309527  0.610030
26  0.300145  0.433408
27  0.290676  0.712522
28  0.295123  0.660090
29  0.292285  0.592305
30  0.298071  0.426733
1 2  0.523012  1.018245
1 3  0.519433  0.923396
1 4  0.517744  0.898792
1 5  0.533205  0.835699
1 6  0.528329  0.820849
1 7  0.529949  0.824438
1 8  0.530574  0.827284
1 9  0.541030  1.049035
1 10  0.553334  1.018519
1 11  0.537826  1.052758
1 12  0.556704  0.927207
1 13  0.551267  0.907033
1 14  0.546607  1.158305
1 15  0.538468  1.173930
1 16  0.255533  0.866630
1 17  0.519116  0.985396
1 18  0.522230  0.918685
1 19  0.528263  0.956730
1 20  0.532456  0.823654
1 21  0.532192  0.835206
1 22  0.535286  0.830884
1 23  0.530518  0.824578
1 24  0.533774  1.031984
1 25  0.565926  1.100003
1 26  0.554136  0.924824
1 27  0.544553  1.188988
1 28  0.527575  1.131469
1 29  0.547998  1.080618
1 30  0.554379  0.918367
2 3  0.532366  0.990198
2 4  0.526853  0.953606
2 5  0.544440  0.901023
2 6  0.539921  0.888630
2 7  0.540973  0.890101
2 8  0.541276  0.890566
2 9  0.575157  1.140028
2 10  0.542819  1.067173
2 11  0.555289  1.138933
2 12  0.565402  0.971356
2 13  0.564378  0.983447
2 14  0.542423  1.164645
2 15  0.553914  1.232855
2 16  0.538875  1.109042
2 17  0.258008  0.873537
2 18  0.533941  0.990467
2 19  0.538870  1.012893
2 20  0.544009  0.889611
2 21  0.544747  0.900789
2 22  0.545965  0.895657
2 23  0.540386  0.889666
2 24  0.566917  1.119660
2 25  0.544828  1.113786
2 26  0.567557  0.990141
2 27  0.548152  1.234837
2 28  0.556702  1.213862
2 29  0.554167  1.144792
2 30  0.564064  0.983474
3 4  0.526142  0.839390
3 5  0.535799  0.762254
3 6  0.532947  0.760509
3 7  0.538353  0.767503
3 8  0.538980  0.772488
3 9  0.544767  0.988831
3 10  0.562126  0.975498
3 11  0.557119  1.053998
3 12  0.565114  0.874547
3 13  0.541738  0.845875
3 14  0.559918  1.127815
3 15  0.551946  1.083685
3 16  0.538098  0.982150
3 17  0.528008  0.929949
3 18  0.257676  0.658912
3 19  0.536577  0.900340
3 20  0.538617  0.766629
3 21  0.541174  0.775498
3 22  0.543664  0.774196
3 23  0.538920  0.767932
3 24  0.534449  0.962508
3 25  0.573899  1.044100
3 26  0.536074  0.838103
3 27  0.554402  1.145463
3 28  0.559356  1.093671
3 29  0.555398  1.025728
3 30  0.562857  0.861885
4 5  0.538217  0.750645
4 6  0.533695  0.739802
4 7  0.529212  0.727200
4 8  0.531919  0.740598
4 9  0.569165  0.995156
4 10  0.533920  0.930035
4 11  0.552967  1.025421
4 12  0.540725  0.824578
4 13  0.558156  0.839054
4 14  0.555205  1.091927
4 15  0.549482  1.075961
4 16  0.535020  0.961600
4 17  0.523702  0.896620
4 18  0.527701  0.841154
4 19  0.261304  0.663398
4 20  0.537787  0.739734
4 21  0.538579  0.751005
4 22  0.536513  0.744915
4 23  0.534255  0.737004
4 24  0.561019  0.971193
4 25  0.535359  0.978037
4 26  0.561464  0.840764
4 27  0.550450  1.118011
4 28  0.556408  1.066304
4 29  0.553084  0.998488
4 30  0.535204  0.812491
5 6  0.503289  0.638900
5 7  0.550418  0.676168
5 8  0.551046  0.680720
5 9  0.582366  0.925639
5 10  0.574237  0.885400
5 11  0.569407  0.963529
5 12  0.577189  0.783918
5 13  0.544163  0.752087
5 14  0.572148  1.049452
5 15  0.565637  1.022849
5 16  0.550438  0.897434
5 17  0.540217  0.838896
5 18  0.539143  0.776154
5 19  0.548812  0.809218
5 20  0.273239  0.428304
5 21  0.500772  0.634745
5 22  0.555747  0.682424
5 23  0.550988  0.676153
5 24  0.576035  0.906661
5 25  0.586342  0.953389
5 26  0.540397  0.739871
5 27  0.567335  1.055630
5 28  0.571807  1.003340
5 29  0.568953  0.935697
5 30  0.574959  0.770330
6 7  0.545896  0.664859
6 8  0.546523  0.669262
6 9  0.575910  0.907817
6 10  0.569716  0.873538
6 11  0.564857  0.949412
6 12  0.572667  0.772525
6 13  0.541274  0.745116
6 14  0.567631  1.039052
6 15  0.561187  1.018269
6 16  0.545059  0.886545
6 17  0.535712  0.827506
6 18  0.537498  0.763745
6 19  0.544318  0.797875
6 20  0.499250  0.620032
6 21  0.273453  0.432423
6 22  0.551228  0.671050
6 23  0.546466  0.664776
6 24  0.571044  0.896476
6 25  0.581889  0.942079
6 26  0.533377  0.723847
6 27  0.562983  1.044432
6 28  0.567308  0.991937
6 29  0.564635  0.924364
6 30  0.570442  0.758957
7 8  0.501936  0.633016
7 9  0.581425  0.922150
7 10  0.567881  0.866561
7 11  0.565900  0.950152
7 12  0.546116  0.753604
7 13  0.570361  0.765542
7 14  0.568708  1.038436
7 15  0.562319  1.016210
7 16  0.547291  0.887394
7 17  0.536594  0.827174
7 18  0.539920  0.766682
7 19  0.542332  0.797222
7 20  0.549995  0.664829
7 21  0.550786  0.676113
7 22  0.271380  0.421936
7 23  0.498532  0.619154
7 24  0.573406  0.897021
7 25  0.582389  0.942034
7 26  0.573662  0.766046
7 27  0.563579  1.044708
7 28  0.568585  0.992427
7 29  0.565788  0.924803
7 30  0.532317  0.719077
8 9  0.582050  0.926653
8 10  0.567202  0.863620
8 11  0.566511  0.952067
8 12  0.544703  0.752117
8 13  0.570989  0.769951
8 14  0.569384  1.043716
8 15  0.562954  1.023706
8 16  0.547867  0.891782
8 17  0.536158  0.832068
8 18  0.540552  0.771139
8 19  0.545125  0.800145
8 20  0.550623  0.669285
8 21  0.551412  0.680564
8 22  0.499150  0.625036
8 23  0.273176  0.426108
8 24  0.574047  0.901460
8 25  0.581970  0.946616
8 26  0.574285  0.770489
8 27  0.564394  1.049163
8 28  0.569109  0.996870
8 29  0.566408  0.929185
8 30  0.536150  0.725957
9 10  0.604777  1.112554
9 11  0.596722  1.165978
9 12  0.608190  1.030749
9 13  0.592013  1.017932
9 14  0.601854  1.292744
9 15  0.586387  1.227632
9 16  0.550750  1.093172
9 17  0.571204  1.084926
9 18  0.539658  0.988178
9 19  0.579421  1.055631
9 20  0.583750  0.922955
9 21  0.583023  0.934032
9 22  0.586725  0.930036
9 23  0.582000  0.923784
9 24  0.374157  1.032710
9 25  0.616870  1.197794
9 26  0.588050  0.997721
9 27  0.595232  1.298276
9 28  0.595325  1.221486
9 29  0.597270  1.181167
9 30  0.605819  1.017480
10 11  0.582333  1.101705
10 12  0.584141  0.968677
10 13  0.594184  0.974846
10 14  0.588620  1.245378
10 15  0.583114  1.210996
10 16  0.570666  1.095695
10 17  0.539057  1.015250
10 18  0.563607  0.975943
10 19  0.540022  0.974028
10 20  0.573819  0.874923
10 21  0.574607  0.886157
10 22  0.575547  0.880480
10 23  0.569867  0.874929
10 24  0.597196  1.104862
10 25  0.376918  1.031491
10 26  0.597417  0.975649
10 27  0.571721  1.227982
10 28  0.590456  1.194516
10 29  0.589289  1.132659
10 30  0.573027  0.938512
11 12  0.592574  1.056188
11 13  0.589308  1.049066
11 14  0.557028  1.298767
11 15  0.552000  1.284917
11 16  0.559309  1.171360
11 17  0.554976  1.113298
11 18  0.558639  1.053092
11 19  0.563053  1.083744
11 20  0.568999  0.953241
11 21  0.569668  0.964398
11 22  0.571317  0.959810
11 23  0.566598  0.953554
11 24  0.591887  1.182959
11 25  0.599483  1.228106
11 26  0.592242  1.053742
11 27  0.498789  1.229960
11 28  0.501965  1.177918
11 29  0.544924  1.205036
11 30  0.589844  1.046192
12 13  0.597129  0.871709
12 14  0.595302  1.126209
12 15  0.589087  1.123122
12 16  0.573870  0.994297
12 17  0.560699  0.934913
12 18  0.566702  0.874092
12 19  0.542524  0.870573
12 20  0.576764  0.772467
12 21  0.577548  0.783727
12 22  0.541745  0.740970
12 23  0.535188  0.733165
12 24  0.600109  1.004079
12 25  0.590533  1.025431
12 26  0.600422  0.873521
12 27  0.590870  1.151619
12 28  0.595169  1.099069
12 29  0.592242  1.031774
12 30  0.372572  0.704641
13 14  0.591961  1.122686
13 15  0.585086  1.107694
13 16  0.568594  0.986915
13 17  0.560070  0.927651
13 18  0.537866  0.839879
13 19  0.568758  0.898200
13 20  0.533501  0.723577
13 21  0.537613  0.739919
13 22  0.575689  0.771662
13 23  0.570929  0.765383
13 24  0.574451  0.968094
13 25  0.606246  1.042081
13 26  0.368963  0.702980
13 27  0.587364  1.144199
13 28  0.591898  1.091636
13 29  0.588632  1.023906
13 30  0.594908  0.859436
14 15  0.555465  1.314310
14 16  0.563028  1.257371
14 17  0.533486  1.176588
14 18  0.561625  1.139435
14 19  0.566245  1.169906
14 20  0.571660  1.039377
14 21  0.572357  1.050542
14 22  0.573892  1.045950
14 23  0.569169  1.039639
14 24  0.592891  1.261208
14 25  0.596352  1.282669
14 26  0.595233  1.139416
14 27  0.525647  1.376364
14 28  0.556969  1.360377
14 29  0.501665  1.194364
14 30  0.593280  1.132575
15 16  0.552257  1.201260
15 17  0.549783  1.167720
15 18  0.553461  1.119759
15 19  0.559704  1.150820
15 20  0.564968  1.019631
15 21  0.565964  1.030799
15 22  0.567602  1.026276
15 23  0.562952  1.020087
15 24  0.573748  1.227354
15 25  0.595445  1.292732
15 26  0.588931  1.120223
15 27  0.548049  1.392895
15 28  0.520915  1.300531
15 29  0.497698  1.187948
15 30  0.586694  1.113582
16 17  0.535873  1.020191
16 18  0.537287  0.980923
16 19  0.545695  1.018364
16 20  0.550057  0.886826
16 21  0.550465  0.892678
16 22  0.552622  0.893434
16 23  0.547861  0.885943
16 24  0.549171  1.084144
16 25  0.582886  1.156337
16 26  0.571163  0.964064
16 27  0.561496  1.255951
16 28  0.547548  1.129132
16 29  0.561234  1.116089
16 30  0.571836  0.976300
17 18  0.529721  0.928528
17 19  0.532457  0.957840
17 20  0.539804  0.827008
17 21  0.540592  0.836656
17 22  0.541945  0.833955
17 23  0.536780  0.823118
17 24  0.562618  1.042642
17 25  0.547988  1.068033
17 26  0.563469  0.925023
17 27  0.546314  1.202466
17 28  0.552683  1.121278
17 29  0.543132  1.034890
17 30  0.559215  0.907515
18 19  0.538350  0.893503
18 20  0.536722  0.751412
18 21  0.538817  0.772121
18 22  0.545263  0.771989
18 23  0.540500  0.766408
18 24  0.540125  0.967260
18 25  0.575853  1.035421
18 26  0.544636  0.844834
18 27  0.556263  1.118231
18 28  0.560011  1.072283
18 29  0.557509  1.016307
18 30  0.564478  0.858847
19 20  0.548429  0.796896
19 21  0.549218  0.808863
19 22  0.544242  0.786845
19 23  0.540430  0.790320
19 24  0.571774  1.023354
19 25  0.552331  1.021202
19 26  0.572091  0.897588
19 27  0.560394  1.126413
19 28  0.566836  1.111189
19 29  0.563895  1.049906
19 30  0.548564  0.868296
20 21  0.507273  0.639110
20 22  0.555329  0.670769
20 23  0.550565  0.664575
20 24  0.572455  0.886321
20 25  0.585996  0.939993
20 26  0.548669  0.745014
20 27  0.567071  1.040208
20 28  0.571524  0.990560
20 29  0.568608  0.920413
20 30  0.574547  0.758729
21 22  0.556118  0.682144
21 23  0.551355  0.675803
21 24  0.572449  0.890383
21 25  0.586787  0.951701
21 26  0.547509  0.749965
21 27  0.567890  1.054784
21 28  0.572362  1.002437
21 29  0.569428  0.930468
21 30  0.575336  0.770065
22 23  0.506641  0.634576
22 24  0.578747  0.901894
22 25  0.585353  0.938940
22 26  0.578997  0.772055
22 27  0.569384  1.043460
22 28  0.573950  0.997462
22 29  0.571115  0.929207
22 30  0.547289  0.739883
23 24  0.573986  0.895536
23 25  0.578964  0.927535
23 26  0.574234  0.765806
23 27  0.564665  1.043935
23 28  0.569182  0.991630
23 29  0.566341  0.921266
23 30  0.543940  0.737753
24 25  0.608868  1.146928
24 26  0.587261  0.986881
24 27  0.587319  1.247044
24 28  0.591438  1.220819
24 29  0.584223  1.091079
24 30  0.597965  0.990522
25 26  0.609662  1.042443
25 27  0.589792  1.255909
25 28  0.603123  1.263862
25 29  0.597841  1.150220
25 30  0.595975  1.032843
26 27  0.590719  1.139338
26 28  0.594892  1.075238
26 29  0.592226  1.023720
26 30  0.598212  0.858799
27 28  0.558581  1.291263
27 29  0.553486  1.266320
27 30  0.587601  1.121443
28 29  0.555803  1.235425
28 30  0.593017  1.071131
29 30  0.590328  1.017511
