  -1146.52370930
  -1146.88331672    -1146.75426037
0.00010507085998
2 2 2 2 2 2 2 2 2 2 2 2 2 2 2 0 0 0 0 0 0 0 0 0 0 0 0 0 0 0 
1  0.261885  0.499042
2  0.272758  0.565047
3  0.268305  0.441139
4  0.264503  0.417455
5  0.278467  0.345935
6  0.274203  0.334096
7  0.275483  0.336416
8  0.276183  0.340417
9  0.313503  0.597097
10  0.302547  0.552678
11  0.297516  0.620741
12  0.303082  0.446674
13  0.299294  0.434702
14  0.300899  0.706873
15  0.294712  0.687375
16  0.279620  0.561436
17  0.268398  0.504993
18  0.269643  0.440526
19  0.275498  0.475231
20  0.278211  0.333858
21  0.279162  0.344644
22  0.280654  0.342201
23  0.276257  0.335258
24  0.305073  0.569570
25  0.314464  0.618072
26  0.302908  0.436212
27  0.296593  0.711256
28  0.300670  0.660120
29  0.297237  0.591891
30  0.300949  0.432403
1 2  0.533542  1.030905
1 3  0.528264  0.935600
1 4  0.526372  0.915282
1 5  0.540185  0.844729
1 6  0.535539  0.829224
1 7  0.537360  0.834883
1 8  0.538057  0.836866
1 9  0.551588  1.061151
1 10  0.563904  1.033779
1 11  0.547341  1.057399
1 12  0.564946  0.939529
1 13  0.559044  0.915107
1 14  0.557280  1.163951
1 15  0.549587  1.180190
1 16  0.264913  0.879512
1 17  0.529631  1.001740
1 18  0.530871  0.932066
1 19  0.537232  0.972910
1 20  0.539582  0.832050
1 21  0.539371  0.843118
1 22  0.542535  0.841071
1 23  0.538127  0.834103
1 24  0.544209  1.044627
1 25  0.576309  1.114738
1 26  0.562248  0.934401
1 27  0.555794  1.194484
1 28  0.538130  1.138701
1 29  0.558307  1.087372
1 30  0.562662  0.930815
2 3  0.541041  1.003004
2 4  0.535042  0.969822
2 5  0.551214  0.910666
2 6  0.546952  0.897635
2 7  0.548112  0.901168
2 8  0.548479  0.900843
2 9  0.585908  1.152735
2 10  0.552616  1.083829
2 11  0.565329  1.145778
2 12  0.573162  0.983124
2 13  0.572035  0.991767
2 14  0.552444  1.170485
2 15  0.564904  1.239671
2 16  0.549846  1.122908
2 17  0.267164  0.891216
2 18  0.542354  1.004214
2 19  0.547580  1.030064
2 20  0.550951  0.898704
2 21  0.551821  0.909387
2 22  0.552967  0.906327
2 23  0.547563  0.899706
2 24  0.577302  1.132030
2 25  0.554936  1.130549
2 26  0.575491  1.000336
2 27  0.559136  1.242506
2 28  0.567113  1.221316
2 29  0.564132  1.151634
2 30  0.572089  0.996558
3 4  0.532795  0.853916
3 5  0.540566  0.769583
3 6  0.537959  0.767492
3 7  0.543787  0.776591
3 8  0.544487  0.781343
3 9  0.553477  0.999143
3 10  0.570796  0.990524
3 11  0.565583  1.058970
3 12  0.571376  0.886167
3 13  0.547508  0.853174
3 14  0.569009  1.131980
3 15  0.561157  1.087408
3 16  0.547371  0.994602
3 17  0.536517  0.945066
3 18  0.263266  0.670499
3 19  0.543548  0.915459
3 20  0.543719  0.773954
3 21  0.546461  0.782366
3 22  0.548932  0.783235
3 23  0.544558  0.776305
3 24  0.543011  0.974225
3 25  0.582258  1.057785
3 26  0.542058  0.847245
3 27  0.563710  1.149941
3 28  0.568344  1.099414
3 29  0.563731  1.030794
3 30  0.569192  0.873165
4 5  0.542969  0.762472
4 6  0.538705  0.751364
4 7  0.534145  0.739912
4 8  0.536957  0.753406
4 9  0.577923  1.009865
4 10  0.542227  0.948939
4 11  0.561104  1.034296
4 12  0.546405  0.839968
4 13  0.563790  0.850275
4 14  0.563858  1.099355
4 15  0.558413  1.083019
4 16  0.543991  0.977853
4 17  0.531913  0.915966
4 18  0.534098  0.857354
4 19  0.266773  0.683196
4 20  0.542700  0.751238
4 21  0.543659  0.762010
4 22  0.541397  0.758164
4 23  0.539555  0.749608
4 24  0.569314  0.986039
4 25  0.543446  0.996703
4 26  0.567411  0.853349
4 27  0.559525  1.126643
4 28  0.565139  1.076139
4 29  0.561201  1.007723
4 30  0.541181  0.828641
5 6  0.506799  0.643137
5 7  0.553950  0.682064
5 8  0.554650  0.686216
5 9  0.589343  0.932861
5 10  0.581006  0.897146
5 11  0.575952  0.965026
5 12  0.581548  0.792450
5 13  0.548029  0.755807
5 14  0.579344  1.050823
5 15  0.573038  1.023829
5 16  0.557831  0.906115
5 17  0.546843  0.850747
5 18  0.543818  0.784840
5 19  0.553914  0.821015
5 20  0.276331  0.431498
5 21  0.504456  0.639378
5 22  0.559116  0.688109
5 23  0.554724  0.681171
5 24  0.582723  0.913920
5 25  0.592839  0.963691
5 26  0.544787  0.745804
5 27  0.574772  1.056653
5 28  0.578911  1.005643
5 29  0.575424  0.937563
5 30  0.579400  0.778267
6 7  0.549686  0.670334
6 8  0.550385  0.674260
6 9  0.583055  0.914349
6 10  0.576745  0.884700
6 11  0.571666  0.950103
6 12  0.577284  0.780608
6 13  0.545360  0.748594
6 14  0.575075  1.040119
6 15  0.568834  1.019262
6 16  0.552591  0.894792
6 17  0.542597  0.838901
6 18  0.542516  0.772073
6 19  0.549685  0.809218
6 20  0.502969  0.624399
6 21  0.276915  0.434626
6 22  0.554856  0.676279
6 23  0.550460  0.669337
6 24  0.577996  0.903334
6 25  0.588656  0.951927
6 26  0.537852  0.729485
6 27  0.570702  1.045004
6 28  0.574681  0.993744
6 29  0.571412  0.925774
6 30  0.575143  0.766437
7 8  0.505917  0.640369
7 9  0.588977  0.930994
7 10  0.574752  0.879247
7 11  0.572826  0.952910
7 12  0.550899  0.763563
7 13  0.574776  0.770988
7 14  0.576279  1.041148
7 15  0.570091  1.018541
7 16  0.555101  0.897654
7 17  0.543582  0.840328
7 18  0.545110  0.776836
7 19  0.547692  0.810472
7 20  0.553693  0.670253
7 21  0.554645  0.681039
7 22  0.274680  0.429301
7 23  0.502801  0.626636
7 24  0.580538  0.905777
7 25  0.589214  0.953721
7 26  0.578388  0.772563
7 27  0.571339  1.047176
7 28  0.576103  0.996140
7 29  0.572693  0.928111
7 30  0.537080  0.729282
8 9  0.589677  0.935059
8 10  0.574238  0.875489
8 11  0.573525  0.953884
8 12  0.549330  0.761725
8 13  0.575476  0.774936
8 14  0.577042  1.046174
8 15  0.570811  1.026267
8 16  0.555737  0.901589
8 17  0.543204  0.844855
8 18  0.545819  0.780844
8 19  0.550633  0.812917
8 20  0.554394  0.674256
8 21  0.555343  0.685036
8 22  0.503118  0.632956
8 23  0.276850  0.432215
8 24  0.581253  0.909757
8 25  0.588857  0.957874
8 26  0.579084  0.776553
8 27  0.572289  1.051143
8 28  0.576677  1.000144
8 29  0.573401  0.932032
8 30  0.540912  0.735648
9 10  0.615539  1.125869
9 11  0.607182  1.170288
9 12  0.616576  1.042631
9 13  0.599921  1.025038
9 14  0.612999  1.297881
9 15  0.597300  1.231717
9 16  0.562007  1.106682
9 17  0.581852  1.100074
9 18  0.548373  1.001261
9 19  0.588460  1.070761
9 20  0.591017  0.930232
9 21  0.590438  0.940771
9 22  0.594110  0.939056
9 23  0.589760  0.932145
9 24  0.384269  1.043935
9 25  0.627369  1.211398
9 26  0.596123  1.006155
9 27  0.606479  1.302593
9 28  0.606186  1.227763
9 29  0.607687  1.186588
9 30  0.614230  1.028781
10 11  0.591880  1.108247
10 12  0.591875  0.984343
10 13  0.601836  0.986299
10 14  0.599323  1.254454
10 15  0.593949  1.219208
10 16  0.581695  1.111933
10 17  0.549055  1.035198
10 18  0.571982  0.992138
10 19  0.548675  0.994013
10 20  0.580755  0.886372
10 21  0.581695  0.897107
10 22  0.582513  0.893566
10 23  0.577220  0.887432
10 24  0.607590  1.119627
10 25  0.386359  1.051175
10 26  0.605346  0.988194
10 27  0.582280  1.236117
10 28  0.601128  1.203845
10 29  0.599406  1.142109
10 30  0.581072  0.953980
11 12  0.600355  1.061650
11 13  0.596741  1.050184
11 14  0.567651  1.298654
11 15  0.562785  1.284455
11 16  0.569758  1.177351
11 17  0.564933  1.122609
11 18  0.566751  1.058798
11 19  0.571476  1.092467
11 20  0.575718  0.954408
11 21  0.576529  0.965068
11 22  0.578081  0.962666
11 23  0.573743  0.955751
11 24  0.601981  1.187707
11 25  0.609294  1.235851
11 26  0.599934  1.056016
11 27  0.508969  1.230820
11 28  0.511844  1.180866
11 29  0.554975  1.204455
11 30  0.597629  1.051180
12 13  0.602370  0.879353
12 14  0.603705  1.130151
12 15  0.597711  1.128309
12 16  0.582444  1.007119
12 17  0.568472  0.950754
12 18  0.572724  0.886813
12 19  0.548732  0.887092
12 20  0.581287  0.780468
12 21  0.582233  0.791228
12 22  0.546319  0.751557
12 23  0.540060  0.743194
12 24  0.608029  1.015412
12 25  0.598139  1.039553
12 26  0.605976  0.882609
12 27  0.599560  1.156677
12 28  0.603505  1.105421
12 29  0.599950  1.037664
12 30  0.377797  0.717475
13 14  0.600016  1.122750
13 15  0.593284  1.108660
13 16  0.576839  0.995261
13 17  0.567504  0.939026
13 18  0.543509  0.848943
13 19  0.574747  0.909489
13 20  0.537593  0.727865
13 21  0.541855  0.743676
13 22  0.579940  0.776837
13 23  0.575546  0.769888
13 24  0.582035  0.975366
13 25  0.613595  1.051926
13 26  0.374083  0.707047
13 27  0.595753  1.144813
13 28  0.599894  1.093544
13 29  0.595985  1.025232
13 30  0.600240  0.866851
14 15  0.566046  1.313282
14 16  0.574252  1.263257
14 17  0.543595  1.185779
14 18  0.570472  1.145161
14 19  0.575407  1.178747
14 20  0.579000  1.040354
14 21  0.579808  1.051049
14 22  0.581280  1.048633
14 23  0.576949  1.041622
14 24  0.603675  1.265319
14 25  0.606732  1.290703
14 26  0.603608  1.141565
14 27  0.536857  1.377263
14 28  0.567915  1.360309
14 29  0.511597  1.196042
14 30  0.601775  1.137552
15 16  0.563762  1.209202
15 17  0.560608  1.176523
15 18  0.562537  1.125833
15 19  0.569004  1.159841
15 20  0.572464  1.020818
15 21  0.573662  1.031474
15 22  0.575215  1.029152
15 23  0.570952  1.022300
15 24  0.584278  1.231880
15 25  0.605996  1.300197
15 26  0.597502  1.122567
15 27  0.559451  1.391578
15 28  0.532108  1.302429
15 29  0.507238  1.188457
15 30  0.595408  1.118744
16 17  0.546679  1.034247
16 18  0.546202  0.993472
16 19  0.555073  1.034345
16 20  0.557582  0.895051
16 21  0.558110  0.900002
16 22  0.560264  0.903391
16 23  0.555870  0.894917
16 24  0.559692  1.095361
16 25  0.593611  1.170219
16 26  0.579583  0.972391
16 27  0.573060  1.261121
16 28  0.558064  1.134694
16 29  0.571935  1.122392
16 30  0.580552  0.987692
17 18  0.538009  0.944521
17 19  0.540985  0.976770
17 20  0.546600  0.838263
17 21  0.547551  0.847030
17 22  0.548768  0.846903
17 23  0.543932  0.835016
17 24  0.572733  1.055799
17 25  0.557489  1.084854
17 26  0.571294  0.936877
17 27  0.557102  1.210665
17 28  0.562925  1.129591
17 29  0.552276  1.042281
17 30  0.566986  0.921826
18 19  0.545121  0.908453
18 20  0.541437  0.759199
18 21  0.543790  0.779641
18 22  0.550297  0.781608
18 23  0.545899  0.775569
18 24  0.548383  0.978237
18 25  0.583995  1.049014
18 26  0.550324  0.853595
18 27  0.565307  1.121672
18 28  0.568673  1.077862
18 29  0.565605  1.021895
18 30  0.570586  0.870622
19 20  0.553708  0.807931
19 21  0.554657  0.819585
19 22  0.549333  0.798848
19 23  0.545804  0.802044
19 24  0.580484  1.037365
19 25  0.560440  1.037389
19 26  0.578397  0.909665
19 27  0.569728  1.132522
19 28  0.575922  1.120020
19 29  0.572387  1.058814
19 30  0.554773  0.882955
20 21  0.510966  0.642280
20 22  0.558865  0.675844
20 23  0.554468  0.669014
20 24  0.579115  0.892652
20 25  0.592666  0.949402
20 26  0.553203  0.749356
20 27  0.574708  1.040207
20 28  0.578800  0.992209
20 29  0.575285  0.921506
20 30  0.579160  0.766079
21 22  0.559816  0.686758
21 23  0.555419  0.679714
21 24  0.579237  0.896105
21 25  0.593619  0.960636
21 26  0.551940  0.753900
21 27  0.575684  1.054745
21 28  0.579800  1.003561
21 29  0.576265  0.930863
21 30  0.580110  0.776919
22 23  0.510619  0.641208
22 24  0.585721  0.910095
22 25  0.591875  0.949487
22 26  0.583562  0.778245
22 27  0.577108  1.044760
22 28  0.581298  1.000732
22 29  0.577868  0.931994
22 30  0.551908  0.748676
23 24  0.581327  0.902982
23 25  0.585716  0.937220
23 26  0.579165  0.771338
23 27  0.572742  1.045313
23 28  0.576888  0.994273
23 29  0.573459  0.923108
23 30  0.548834  0.746242
24 25  0.618938  1.157810
24 26  0.594951  0.994507
24 27  0.598200  1.250903
24 28  0.602024  1.225924
24 29  0.593675  1.094358
24 30  0.606014  1.001227
25 26  0.617363  1.053290
25 27  0.600285  1.262466
25 28  0.613514  1.272132
25 29  0.607634  1.156907
25 30  0.603639  1.046359
26 27  0.599396  1.140330
26 28  0.603182  1.077045
26 29  0.599917  1.026075
26 30  0.603853  0.866922
27 28  0.569219  1.290110
27 29  0.564298  1.266020
27 30  0.596218  1.124715
28 29  0.566279  1.235498
28 30  0.601414  1.075309
29 30  0.598150  1.022696
