  -1146.52370930
  -1146.88420553    -1146.75647317
0.00006840814675
2 2 2 2 2 2 2 2 2 2 2 2 2 2 2 0 0 0 0 0 0 0 0 0 0 0 0 0 0 0 
1  0.264082  0.502550
2  0.275457  0.568742
3  0.269922  0.444796
4  0.265993  0.421634
5  0.279163  0.347710
6  0.274926  0.335588
7  0.276203  0.338374
8  0.276860  0.342168
9  0.316076  0.599956
10  0.304997  0.556836
11  0.299620  0.621327
12  0.304241  0.448925
13  0.300474  0.437267
14  0.303545  0.707458
15  0.297416  0.686814
16  0.282066  0.564736
17  0.270987  0.508699
18  0.271245  0.444589
19  0.277043  0.479504
20  0.278948  0.335536
21  0.279933  0.346193
22  0.281392  0.344007
23  0.276956  0.336824
24  0.307251  0.573709
25  0.317262  0.620882
26  0.304115  0.438245
27  0.299362  0.710896
28  0.303135  0.660625
29  0.299383  0.592043
30  0.301998  0.435286
1 2  0.538377  1.037225
1 3  0.532039  0.942691
1 4  0.530060  0.922923
1 5  0.543068  0.849998
1 6  0.538439  0.834074
1 7  0.540275  0.840332
1 8  0.540930  0.841909
1 9  0.556235  1.067421
1 10  0.568536  1.040834
1 11  0.551313  1.060993
1 12  0.568301  0.944870
1 13  0.562320  0.920638
1 14  0.561974  1.167800
1 15  0.554483  1.183142
1 16  0.268933  0.885994
1 17  0.534397  1.008994
1 18  0.534648  0.939762
1 19  0.540968  0.980584
1 20  0.542500  0.837172
1 21  0.542267  0.848149
1 22  0.545468  0.846381
1 23  0.541020  0.839174
1 24  0.548552  1.052741
1 25  0.581299  1.121039
1 26  0.565625  0.939953
1 27  0.560699  1.197634
1 28  0.542590  1.142870
1 29  0.562653  1.091145
1 30  0.565865  0.937205
2 3  0.545353  1.010277
2 4  0.539161  0.977363
2 5  0.554608  0.916120
2 6  0.550374  0.902658
2 7  0.551516  0.906801
2 8  0.551817  0.906125
2 9  0.591172  1.158987
2 10  0.557666  1.091482
2 11  0.570047  1.150146
2 12  0.576942  0.988454
2 13  0.575913  0.997437
2 14  0.557365  1.174069
2 15  0.570242  1.242777
2 16  0.554936  1.129963
2 17  0.271462  0.898598
2 18  0.546650  1.011896
2 19  0.551808  1.038232
2 20  0.554384  0.904074
2 21  0.555264  0.914631
2 22  0.556361  0.911738
2 23  0.550841  0.904929
2 24  0.582152  1.139800
2 25  0.560347  1.137944
2 26  0.579351  1.006065
2 27  0.564588  1.246717
2 28  0.572175  1.225576
2 29  0.568892  1.155536
2 30  0.575800  1.003134
3 4  0.535896  0.861261
3 5  0.542783  0.774634
3 6  0.540227  0.772496
3 7  0.546123  0.782041
3 8  0.546779  0.786713
3 9  0.557444  1.005144
3 10  0.574854  0.998065
3 11  0.569296  1.063178
3 12  0.574152  0.891957
3 13  0.550222  0.859183
3 14  0.573250  1.135810
3 15  0.565406  1.089544
3 16  0.551411  1.001694
3 17  0.540694  0.952366
3 18  0.266016  0.678082
3 19  0.546654  0.923357
3 20  0.546034  0.779304
3 21  0.548817  0.787602
3 22  0.551278  0.788692
3 23  0.546872  0.781525
3 24  0.546752  0.982684
3 25  0.586589  1.064250
3 26  0.544886  0.853365
3 27  0.568016  1.153275
3 28  0.572406  1.103554
3 29  0.567474  1.034488
3 30  0.571859  0.879692
4 5  0.545154  0.768255
4 6  0.540917  0.757015
4 7  0.536283  0.745746
4 8  0.539075  0.759214
4 9  0.581973  1.016600
4 10  0.546029  0.957072
4 11  0.564637  1.038900
4 12  0.549000  0.846240
4 13  0.566459  0.856824
4 14  0.567923  1.103384
4 15  0.562547  1.085631
4 16  0.547908  0.985296
4 17  0.535966  0.923898
4 18  0.537169  0.865565
4 19  0.269362  0.691548
4 20  0.544922  0.757091
4 21  0.545919  0.767736
4 22  0.543551  0.764150
4 23  0.541724  0.755382
4 24  0.572953  0.994359
4 25  0.547659  1.004135
4 26  0.570108  0.859552
4 27  0.563727  1.130527
4 28  0.569090  1.080799
4 29  0.564800  1.012028
4 30  0.543726  0.835997
5 6  0.508251  0.646603
5 7  0.555365  0.685736
5 8  0.556023  0.689717
5 9  0.592552  0.937175
5 10  0.584150  0.902923
5 11  0.578751  0.967336
5 12  0.583404  0.796453
5 13  0.549950  0.760028
5 14  0.582683  1.052983
5 15  0.576434  1.024496
5 16  0.560952  0.911106
5 17  0.550121  0.856226
5 18  0.546056  0.790697
5 19  0.556147  0.827057
5 20  0.277569  0.434965
5 21  0.506032  0.643312
5 22  0.560549  0.691689
5 23  0.556119  0.684512
5 24  0.585575  0.919818
5 25  0.596320  0.968272
5 26  0.546716  0.750052
5 27  0.578235  1.058069
5 28  0.582079  1.007908
5 29  0.578194  0.939492
5 30  0.581145  0.782922
6 7  0.551128  0.673756
6 8  0.551785  0.677455
6 9  0.586219  0.918280
6 10  0.579917  0.890108
6 11  0.574492  0.951935
6 12  0.579167  0.784331
6 13  0.547287  0.752591
6 14  0.578440  1.042146
6 15  0.572254  1.020156
6 16  0.555663  0.899549
6 17  0.545908  0.844097
6 18  0.544802  0.777647
6 19  0.551946  0.814980
6 20  0.504514  0.628002
6 21  0.278256  0.437406
6 22  0.556317  0.679575
6 23  0.551882  0.672394
6 24  0.580877  0.908961
6 25  0.592172  0.956227
6 26  0.539829  0.733438
6 27  0.574165  1.046144
6 28  0.577855  0.995721
6 29  0.574275  0.927423
6 30  0.576911  0.770810
7 8  0.507339  0.644233
7 9  0.592267  0.935541
7 10  0.577820  0.885001
7 11  0.575631  0.955248
7 12  0.552832  0.767768
7 13  0.576676  0.775494
7 14  0.579640  1.043564
7 15  0.573505  1.019516
7 16  0.558268  0.902908
7 17  0.546882  0.845919
7 18  0.547426  0.782853
7 19  0.549904  0.816720
7 20  0.555149  0.673889
7 21  0.556135  0.684545
7 22  0.275984  0.433088
7 23  0.504297  0.630626
7 24  0.583433  0.911870
7 25  0.592696  0.958495
7 26  0.580313  0.776552
7 27  0.574770  1.048772
7 28  0.579296  0.998582
7 29  0.575549  0.930224
7 30  0.538878  0.734624
8 9  0.592925  0.939388
8 10  0.577269  0.880910
8 11  0.576295  0.955825
8 12  0.551142  0.765656
8 13  0.577333  0.779235
8 14  0.580360  1.048500
8 15  0.574180  1.027348
8 16  0.558846  0.906640
8 17  0.546385  0.850282
8 18  0.548096  0.786655
8 19  0.552836  0.818984
8 20  0.555807  0.677684
8 21  0.556790  0.688336
8 22  0.504642  0.637068
8 23  0.278145  0.435273
8 24  0.584107  0.915642
8 25  0.592317  0.962438
8 26  0.580966  0.780335
8 27  0.575703  1.052519
8 28  0.579799  1.002398
8 29  0.576221  0.933944
8 30  0.542678  0.740659
9 10  0.620531  1.131742
9 11  0.611875  1.173662
9 12  0.620309  1.047728
9 13  0.603546  1.030293
9 14  0.618178  1.301371
9 15  0.602386  1.233635
9 16  0.567028  1.113890
9 17  0.587011  1.106631
9 18  0.552431  1.008680
9 19  0.592510  1.077885
9 20  0.594287  0.934752
9 21  0.593756  0.945187
9 22  0.597408  0.943718
9 23  0.593032  0.936569
9 24  0.388481  1.051446
9 25  0.632712  1.217110
9 26  0.599755  1.011108
9 27  0.611724  1.305074
9 28  0.611140  1.231411
9 29  0.612297  1.189753
9 30  0.617833  1.034524
10 11  0.596213  1.111911
10 12  0.595311  0.990508
10 13  0.605465  0.992970
10 14  0.604306  1.259285
10 15  0.598968  1.222383
10 16  0.586591  1.119368
10 17  0.554045  1.043461
10 18  0.575997  1.000365
10 19  0.552641  1.003006
10 20  0.583940  0.892205
10 21  0.584908  0.902809
10 22  0.585658  0.899499
10 23  0.580343  0.893136
10 24  0.612216  1.127905
10 25  0.390997  1.058507
10 26  0.608975  0.994391
10 27  0.587272  1.239764
10 28  0.606002  1.208270
10 29  0.603990  1.146503
10 30  0.584471  0.961142
11 12  0.603617  1.064327
11 13  0.600019  1.053211
11 14  0.572447  1.300360
11 15  0.567552  1.284884
11 16  0.574194  1.181247
11 17  0.569620  1.126971
11 18  0.570448  1.063437
11 19  0.575103  1.097132
11 20  0.578558  0.956674
11 21  0.579399  0.967205
11 22  0.580925  0.965057
11 23  0.576542  0.957912
11 24  0.606260  1.192494
11 25  0.614101  1.239399
11 26  0.603243  1.058671
11 27  0.513442  1.232175
11 28  0.516266  1.182748
11 29  0.559269  1.205327
11 30  0.600740  1.054536
12 13  0.604710  0.883948
12 14  0.607503  1.132466
12 15  0.601574  1.129841
12 16  0.586013  1.012675
12 17  0.572174  0.956722
12 18  0.575485  0.893120
12 19  0.551405  0.894133
12 20  0.583182  0.784396
12 21  0.584162  0.795027
12 22  0.548217  0.755983
12 23  0.541935  0.747336
12 24  0.611353  1.021814
12 25  0.601951  1.044749
12 26  0.608339  0.886892
12 27  0.603472  1.158628
12 28  0.607106  1.108196
12 29  0.603238  1.040113
12 30  0.379921  0.722646
13 14  0.603835  1.125167
13 15  0.597111  1.110266
13 16  0.580414  1.001132
13 17  0.571230  0.945314
13 18  0.546287  0.855966
13 19  0.577472  0.916315
13 20  0.539498  0.732588
13 21  0.543836  0.748161
13 22  0.581858  0.781205
13 23  0.577425  0.774018
13 24  0.585308  0.982216
13 25  0.617556  1.057310
13 26  0.376250  0.711605
13 27  0.599709  1.147047
13 28  0.603536  1.096651
13 29  0.599294  1.027906
13 30  0.602471  0.872290
14 15  0.571043  1.313512
14 16  0.579217  1.267172
14 17  0.548639  1.190166
14 18  0.574716  1.149749
14 19  0.579588  1.183545
14 20  0.582377  1.042610
14 21  0.583198  1.053189
14 22  0.584653  1.051011
14 23  0.580253  1.043789
14 24  0.608444  1.269766
14 25  0.612080  1.294722
14 26  0.607443  1.144207
14 27  0.542203  1.378594
14 28  0.572803  1.361643
14 29  0.516270  1.198119
14 30  0.605466  1.141066
15 16  0.568914  1.213035
15 17  0.565832  1.179719
15 18  0.566771  1.129411
15 19  0.573179  1.163586
15 20  0.575863  1.021929
15 21  0.577121  1.032435
15 22  0.578619  1.030397
15 23  0.574346  1.023312
15 24  0.589049  1.235596
15 25  0.611392  1.302504
15 26  0.601401  1.124083
15 27  0.564742  1.391058
15 28  0.537179  1.303342
15 29  0.511698  1.188521
15 30  0.599166  1.121096
16 17  0.551643  1.040344
16 18  0.550141  1.000656
16 19  0.559068  1.041876
16 20  0.560754  0.900013
16 21  0.561294  0.904633
16 22  0.563447  0.908490
16 23  0.559014  0.899597
16 24  0.564184  1.102382
16 25  0.598843  1.176036
16 26  0.583158  0.977231
16 27  0.578203  1.264051
16 28  0.562603  1.138007
16 29  0.576451  1.125797
16 30  0.584046  0.993451
17 18  0.542204  0.952270
17 19  0.545049  0.984687
17 20  0.549926  0.843638
17 21  0.550908  0.852029
17 22  0.552079  0.852408
17 23  0.547187  0.840094
17 24  0.577470  1.062892
17 25  0.562737  1.091089
17 26  0.575088  0.942260
17 27  0.562417  1.214017
17 28  0.567815  1.133443
17 29  0.556581  1.045507
17 30  0.570548  0.928040
18 19  0.548264  0.916080
18 20  0.543723  0.764668
18 21  0.546080  0.785114
18 22  0.552636  0.787288
18 23  0.548200  0.781177
18 24  0.552033  0.986004
18 25  0.588385  1.055347
18 26  0.553046  0.859551
18 27  0.569588  1.124136
18 28  0.572667  1.081966
18 29  0.569318  1.025794
18 30  0.573234  0.877337
19 20  0.555990  0.813701
19 21  0.556973  0.825374
19 22  0.551556  0.804518
19 23  0.547968  0.807743
19 24  0.584206  1.045305
19 25  0.564555  1.043869
19 26  0.581149  0.915830
19 27  0.573998  1.135523
19 28  0.579919  1.124483
19 29  0.576077  1.063173
19 30  0.557304  0.889788
20 21  0.512529  0.645690
20 22  0.560340  0.679285
20 23  0.555904  0.672245
20 24  0.581906  0.898062
20 25  0.596201  0.953663
20 26  0.555200  0.753050
20 27  0.578211  1.041135
20 28  0.582003  0.994299
20 29  0.578177  0.923187
20 30  0.580945  0.770608
21 22  0.561325  0.690102
21 23  0.556889  0.682790
21 24  0.582084  0.901375
21 25  0.597186  0.964779
21 26  0.553886  0.757410
21 27  0.579218  1.055909
21 28  0.583036  1.005557
21 29  0.579183  0.932269
21 30  0.581929  0.781334
22 23  0.512080  0.644816
22 24  0.588637  0.915897
22 25  0.595325  0.953764
22 26  0.585508  0.782053
22 27  0.580612  1.045765
22 28  0.584497  1.002891
22 29  0.580747  0.933898
22 30  0.553724  0.753209
23 24  0.584205  0.908475
23 25  0.589119  0.941266
23 26  0.581071  0.774916
23 27  0.576203  1.046508
23 28  0.580045  0.996263
23 29  0.576296  0.924615
23 30  0.550605  0.750605
24 25  0.623883  1.163509
24 26  0.598201  1.000535
24 27  0.603065  1.254279
24 28  0.606603  1.230593
24 29  0.597777  1.097463
24 30  0.609238  1.008236
25 26  0.621368  1.058138
25 27  0.605631  1.264840
25 28  0.618708  1.275538
25 29  0.612541  1.159825
25 30  0.607408  1.051967
26 27  0.603361  1.141685
26 28  0.606855  1.079027
26 29  0.603249  1.028182
26 30  0.606108  0.871616
27 28  0.574212  1.290563
27 29  0.569174  1.266519
27 30  0.599942  1.126660
28 29  0.570927  1.236384
28 30  0.604930  1.078088
29 30  0.601341  1.025721
