  -1146.52370930
  -1146.88494757    -1146.75832611
0.00003373509901
2 2 2 2 2 2 2 2 2 2 2 2 2 2 2 0 0 0 0 0 0 0 0 0 0 0 0 0 0 0 
1  0.265913  0.505718
2  0.277154  0.571036
3  0.271147  0.449434
4  0.267192  0.426635
5  0.279707  0.350272
6  0.275493  0.337718
7  0.276751  0.341015
8  0.277457  0.344585
9  0.318068  0.603179
10  0.306874  0.561032
11  0.301469  0.620210
12  0.305409  0.452818
13  0.301580  0.440680
14  0.305525  0.704642
15  0.299701  0.684877
16  0.283943  0.567647
17  0.272784  0.512285
18  0.272473  0.449527
19  0.278236  0.484582
20  0.279519  0.337585
21  0.280525  0.348319
22  0.281981  0.346506
23  0.277562  0.339003
24  0.309031  0.576836
25  0.319156  0.623714
26  0.305227  0.441785
27  0.301640  0.708629
28  0.305089  0.658778
29  0.301287  0.590453
30  0.303076  0.439128
1 2  0.541833  1.042228
1 3  0.535057  0.950352
1 4  0.533090  0.931050
1 5  0.545439  0.855710
1 6  0.540811  0.839167
1 7  0.542652  0.846124
1 8  0.543355  0.847220
1 9  0.559914  1.073517
1 10  0.572162  1.047661
1 11  0.554645  1.062825
1 12  0.571296  0.951461
1 13  0.565206  0.926767
1 14  0.565699  1.168162
1 15  0.558558  1.184401
1 16  0.272273  0.891707
1 17  0.537901  1.015777
1 18  0.537681  0.947947
1 19  0.543976  0.988720
1 20  0.544900  0.842315
1 21  0.544620  0.853405
1 22  0.547891  0.852037
1 23  0.543441  0.844514
1 24  0.552086  1.059437
1 25  0.585022  1.127018
1 26  0.568524  0.946689
1 27  0.564732  1.198785
1 28  0.546223  1.144233
1 29  0.566374  1.092849
1 30  0.568738  0.944208
2 3  0.548274  1.017100
2 4  0.541979  0.984360
2 5  0.556847  0.920953
2 6  0.552636  0.906915
2 7  0.553750  0.911715
2 8  0.554090  0.910606
2 9  0.594827  1.164214
2 10  0.561117  1.097675
2 11  0.573549  1.151710
2 12  0.579744  0.993855
2 13  0.578715  1.002610
2 14  0.560778  1.174037
2 15  0.574168  1.243331
2 16  0.558397  1.135245
2 17  0.274755  0.904172
2 18  0.549561  1.019040
2 19  0.554686  1.045723
2 20  0.556651  0.908406
2 21  0.557547  0.919042
2 22  0.558626  0.916455
2 23  0.553078  0.909360
2 24  0.585635  1.145204
2 25  0.563902  1.144072
2 26  0.582116  1.011886
2 27  0.568554  1.247663
2 28  0.575744  1.226130
2 29  0.572419  1.156323
2 30  0.578560  1.009287
3 4  0.538317  0.870350
3 5  0.544512  0.781292
3 6  0.541947  0.779043
3 7  0.547897  0.789111
3 8  0.548602  0.793736
3 9  0.560561  1.012581
3 10  0.577958  1.006688
3 11  0.572374  1.066677
3 12  0.576544  0.900279
3 13  0.552509  0.866932
3 14  0.576441  1.137278
3 15  0.568874  1.091539
3 16  0.554495  1.009323
3 17  0.543659  0.960503
3 18  0.268149  0.688039
3 19  0.549026  0.933024
3 20  0.547789  0.786018
3 21  0.550621  0.794368
3 22  0.553084  0.795821
3 23  0.548698  0.788336
3 24  0.549729  0.990752
3 25  0.589622  1.071708
3 26  0.547165  0.861895
3 27  0.571441  1.155697
3 28  0.575586  1.106355
3 29  0.570601  1.037414
3 30  0.574162  0.888148
4 5  0.546896  0.775622
4 6  0.542683  0.764111
4 7  0.538014  0.752936
4 8  0.540829  0.766509
4 9  0.585154  1.024491
4 10  0.549093  0.965963
4 11  0.567656  1.042624
4 12  0.551314  0.854843
4 13  0.568763  0.865031
4 14  0.571042  1.105137
4 15  0.565974  1.087848
4 16  0.550975  0.993128
4 17  0.538930  0.932492
4 18  0.539558  0.875469
4 19  0.271464  0.702061
4 20  0.546685  0.764138
4 21  0.547709  0.774857
4 22  0.545303  0.771680
4 23  0.543508  0.762556
4 24  0.575863  1.002482
4 25  0.550657  1.012102
4 26  0.572416  0.868073
4 27  0.567179  1.133307
4 28  0.572243  1.083940
4 29  0.567831  1.015403
4 30  0.545983  0.845112
5 6  0.509337  0.651572
5 7  0.556457  0.690855
5 8  0.557163  0.694665
5 9  0.595050  0.942521
5 10  0.586570  0.909492
5 11  0.581140  0.968681
5 12  0.585115  0.802874
5 13  0.551663  0.765957
5 14  0.585203  1.052556
5 15  0.579268  1.024591
5 16  0.563372  0.916476
5 17  0.552474  0.862364
5 18  0.547777  0.798223
5 19  0.557869  0.834685
5 20  0.278622  0.440159
5 21  0.507176  0.648575
5 22  0.561680  0.696747
5 23  0.557268  0.689250
5 24  0.587880  0.925479
5 25  0.598757  0.973652
5 26  0.548384  0.756550
5 27  0.581030  1.058353
5 28  0.584565  1.008608
5 29  0.580566  0.940457
5 30  0.582761  0.789321
6 7  0.552244  0.678482
6 8  0.552949  0.681930
6 9  0.588725  0.923041
6 10  0.582360  0.896121
6 11  0.576904  0.952624
6 12  0.580902  0.790327
6 13  0.548988  0.758202
6 14  0.580980  1.041416
6 15  0.575107  1.020264
6 16  0.558045  0.904546
6 17  0.548264  0.849811
6 18  0.546575  0.784712
6 19  0.553696  0.822183
6 20  0.505685  0.632618
6 21  0.279291  0.442133
6 22  0.557472  0.684202
6 23  0.553055  0.676701
6 24  0.583221  0.914225
6 25  0.594633  0.961178
6 26  0.541531  0.739444
6 27  0.577002  1.046003
6 28  0.580355  0.996004
6 29  0.576747  0.927962
6 30  0.578551  0.776779
7 8  0.508458  0.649586
7 9  0.594805  0.941076
7 10  0.580192  0.891408
7 11  0.578016  0.956523
7 12  0.554622  0.774342
7 13  0.578331  0.781520
7 14  0.582174  1.043244
7 15  0.576330  1.019677
7 16  0.560692  0.908447
7 17  0.549226  0.852047
7 18  0.549186  0.790427
7 19  0.551596  0.824479
7 20  0.556267  0.678578
7 21  0.557276  0.689310
7 22  0.277047  0.438970
7 23  0.505473  0.635923
7 24  0.585751  0.917629
7 25  0.595125  0.963943
7 26  0.581967  0.782730
7 27  0.577532  1.049142
7 28  0.581802  0.999340
7 29  0.578004  0.931271
7 30  0.540535  0.741553
8 9  0.595511  0.944692
8 10  0.579685  0.886864
8 11  0.578741  0.956654
8 12  0.552890  0.771988
8 13  0.579037  0.785033
8 14  0.582935  1.048050
8 15  0.577047  1.027727
8 16  0.561307  0.911962
8 17  0.548719  0.856245
8 18  0.549913  0.794005
8 19  0.554607  0.826473
8 20  0.556976  0.682149
8 21  0.557979  0.692876
8 22  0.505841  0.642565
8 23  0.279247  0.440430
8 24  0.586486  0.921172
8 25  0.594805  0.967696
8 26  0.582668  0.786288
8 27  0.578562  1.052648
8 28  0.582331  1.002957
8 29  0.578723  0.934764
8 30  0.544362  0.747204
9 10  0.624354  1.138042
9 11  0.615642  1.175561
9 12  0.623469  1.054799
9 13  0.606540  1.036785
9 14  0.622110  1.301912
9 15  0.606435  1.234799
9 16  0.570841  1.121036
9 17  0.590799  1.113428
9 18  0.555573  1.017006
9 19  0.595619  1.086177
9 20  0.596835  0.940000
9 21  0.596335  0.950536
9 22  0.599986  0.949428
9 23  0.595630  0.941962
9 24  0.392154  1.058282
9 25  0.636601  1.223178
9 26  0.602729  1.017748
9 27  0.615906  1.306036
9 28  0.615051  1.233251
9 29  0.616135  1.191528
9 30  0.620882  1.041570
10 11  0.599620  1.114079
10 12  0.598244  0.998379
10 13  0.608448  1.000522
10 14  0.608133  1.260733
10 15  0.603003  1.224261
10 16  0.590355  1.126446
10 17  0.557652  1.051594
10 18  0.579057  1.009494
10 19  0.555663  1.012570
10 20  0.586387  0.898444
10 21  0.587382  0.909122
10 22  0.588116  0.906174
10 23  0.582820  0.899516
10 24  0.615862  1.135197
10 25  0.394617  1.066273
10 26  0.611945  1.002119
10 27  0.591313  1.241793
10 28  0.609750  1.210569
10 29  0.607763  1.149217
10 30  0.587327  0.969112
11 12  0.606625  1.066970
11 13  0.602967  1.055419
11 14  0.576343  1.297157
11 15  0.571642  1.282209
11 16  0.577798  1.183108
11 17  0.573257  1.129568
11 18  0.573484  1.067195
11 19  0.578133  1.100928
11 20  0.580979  0.957603
11 21  0.581823  0.968213
11 22  0.583341  0.966432
11 23  0.578992  0.958969
11 24  0.609892  1.194612
11 25  0.617790  1.241264
11 26  0.606209  1.061092
11 27  0.517215  1.230147
11 28  0.519752  1.181119
11 29  0.563157  1.202773
11 30  0.603597  1.057178
12 13  0.606985  0.890952
12 14  0.610643  1.132902
12 15  0.605016  1.131553
12 16  0.589004  1.019468
12 17  0.575096  0.964229
12 18  0.577881  0.901930
12 19  0.553698  0.903404
12 20  0.584920  0.790334
12 21  0.585921  0.801039
12 22  0.549970  0.762687
12 23  0.543702  0.753712
12 24  0.614283  1.028821
12 25  0.604891  1.051348
12 26  0.610620  0.894305
12 27  0.606905  1.160273
12 28  0.610181  1.110260
12 29  0.606303  1.042412
12 30  0.381998  0.731475
13 14  0.606905  1.125110
13 15  0.600427  1.111388
13 16  0.583366  1.007461
13 17  0.574083  0.952322
13 18  0.548589  0.864659
13 19  0.579774  0.924785
13 20  0.541196  0.738425
13 21  0.545528  0.753981
13 22  0.583551  0.787111
13 23  0.579133  0.779604
13 24  0.588104  0.988721
13 25  0.620546  1.063538
13 26  0.378326  0.719441
13 27  0.603079  1.148214
13 28  0.606588  1.098244
13 29  0.602246  1.029664
13 30  0.604656  0.879529
14 15  0.575013  1.309853
14 16  0.583042  1.267390
14 17  0.552203  1.191065
14 18  0.577923  1.151843
14 19  0.582755  1.185829
14 20  0.584902  1.041831
14 21  0.585746  1.052498
14 22  0.587201  1.050693
14 23  0.582808  1.043153
14 24  0.612118  1.270068
14 25  0.615889  1.295270
14 26  0.610492  1.144955
14 27  0.546423  1.374439
14 28  0.576590  1.357346
14 29  0.519828  1.195095
14 30  0.608519  1.142111
15 16  0.573076  1.215070
15 17  0.569843  1.181607
15 18  0.570249  1.132475
15 19  0.576578  1.166799
15 20  0.578686  1.022047
15 21  0.579979  1.032612
15 22  0.581474  1.030953
15 23  0.577230  1.023552
15 24  0.593025  1.236919
15 25  0.615498  1.303418
15 26  0.604779  1.125702
15 27  0.569108  1.387270
15 28  0.541365  1.300411
15 29  0.515515  1.185988
15 30  0.602526  1.123009
16 17  0.555237  1.046149
16 18  0.553163  1.008229
16 19  0.562133  1.049793
16 20  0.563181  0.904954
16 21  0.563741  0.909370
16 22  0.565910  0.913885
16 23  0.561494  0.904446
16 24  0.567695  1.108046
16 25  0.602585  1.181399
16 26  0.586097  0.982962
16 27  0.582284  1.264776
16 28  0.566144  1.139101
16 29  0.580192  1.127465
16 30  0.586998  0.999660
17 18  0.545223  0.960769
17 19  0.548000  0.993251
17 20  0.552291  0.849276
17 21  0.553294  0.857412
17 22  0.554452  0.858463
17 23  0.549559  0.845564
17 24  0.580973  1.069017
17 25  0.566309  1.097069
17 26  0.577993  0.948956
17 27  0.566483  1.215346
17 28  0.571430  1.134997
17 29  0.559967  1.047349
17 30  0.573385  0.935015
18 19  0.550679  0.925370
18 20  0.545501  0.771249
18 21  0.547853  0.792079
18 22  0.554452  0.794537
18 23  0.550033  0.788267
18 24  0.555014  0.993769
18 25  0.591487  1.062683
18 26  0.555329  0.867691
18 27  0.573029  1.125933
18 28  0.575783  1.084645
18 29  0.572420  1.028918
18 30  0.575540  0.885842
19 20  0.557754  0.820648
19 21  0.558758  0.832550
19 22  0.553303  0.811503
19 23  0.549694  0.814790
19 24  0.587173  1.053159
19 25  0.567558  1.051256
19 26  0.583452  0.924238
19 27  0.577430  1.137612
19 28  0.583061  1.127435
19 29  0.579173  1.066592
19 30  0.559506  0.898332
20 21  0.513670  0.650188
20 22  0.561500  0.683792
20 23  0.557081  0.676458
20 24  0.584194  0.902925
20 25  0.598665  0.958333
20 26  0.556961  0.758652
20 27  0.581056  1.040554
20 28  0.584528  0.994382
20 29  0.580655  0.923547
20 30  0.582595  0.776463
21 22  0.562506  0.694716
21 23  0.558087  0.687039
21 24  0.584424  0.906060
21 25  0.599672  0.969474
21 26  0.555591  0.763062
21 27  0.582083  1.055743
21 28  0.585582  1.005752
21 29  0.581679  0.932490
21 30  0.583600  0.787274
22 23  0.513251  0.649842
22 24  0.591004  0.921376
22 25  0.597768  0.958672
22 26  0.587207  0.788057
22 27  0.583477  1.045558
22 28  0.587038  1.003406
22 29  0.583238  0.934694
22 30  0.555458  0.759442
23 24  0.586588  0.913517
23 25  0.591562  0.945725
23 26  0.582788  0.780602
23 27  0.579083  1.046398
23 28  0.582611  0.996520
23 29  0.578797  0.924944
23 30  0.552291  0.756703
24 25  0.627513  1.168457
24 26  0.601001  1.007035
24 27  0.606981  1.255171
24 28  0.610304  1.231921
24 29  0.601155  1.098573
24 30  0.612095  1.015184
25 26  0.624373  1.064490
25 27  0.609618  1.265932
25 28  0.622504  1.276683
25 29  0.616272  1.161157
25 30  0.610304  1.058542
26 27  0.606733  1.142602
26 28  0.609908  1.080080
26 29  0.606241  1.030102
26 30  0.608297  0.878710
27 28  0.578179  1.287274
27 29  0.573297  1.263352
27 30  0.603208  1.127585
28 29  0.574846  1.233403
28 30  0.607964  1.079377
29 30  0.604320  1.027965
