  -1146.52370930
  -1146.88544704    -1146.75957658
0.00000991470102
2 2 2 2 2 2 2 2 2 2 2 2 2 2 2 0 0 0 0 0 0 0 0 0 0 0 0 0 0 0 
1  0.267378  0.507915
2  0.278678  0.572705
3  0.271847  0.453246
4  0.268020  0.430781
5  0.280156  0.352469
6  0.275894  0.339575
7  0.277206  0.343176
8  0.277854  0.346639
9  0.319537  0.605802
10  0.308401  0.563958
11  0.303001  0.619100
12  0.306190  0.456103
13  0.302286  0.443680
14  0.307067  0.702651
15  0.301379  0.683147
16  0.285524  0.569624
17  0.274352  0.514702
18  0.273218  0.453538
19  0.279023  0.488645
20  0.279972  0.339503
21  0.280938  0.350288
22  0.282418  0.348638
23  0.277985  0.340891
24  0.310514  0.579687
25  0.320643  0.625750
26  0.305952  0.444738
27  0.303314  0.706608
28  0.306579  0.657073
29  0.302843  0.589349
30  0.303823  0.442328
1 2  0.544747  1.045735
1 3  0.537204  0.956263
1 4  0.535378  0.937347
1 5  0.547344  0.860086
1 6  0.542668  0.843075
1 7  0.544567  0.850474
1 8  0.545214  0.851236
1 9  0.562775  1.078118
1 10  0.575094  1.052415
1 11  0.557365  1.063720
1 12  0.573544  0.956554
1 13  0.567342  0.931558
1 14  0.568583  1.168456
1 15  0.561685  1.184904
1 16  0.274927  0.895612
1 17  0.540881  1.020422
1 18  0.539879  0.954226
1 19  0.546206  0.994887
1 20  0.546815  0.846377
1 21  0.546454  0.857557
1 22  0.549795  0.856356
1 23  0.545308  0.848596
1 24  0.555003  1.064811
1 25  0.587968  1.131246
1 26  0.570692  0.951860
1 27  0.567816  1.199208
1 28  0.549081  1.144755
1 29  0.569389  1.094059
1 30  0.570917  0.949608
2 3  0.550496  1.022496
2 4  0.544285  0.989861
2 5  0.558816  0.924798
2 6  0.554557  0.910294
2 7  0.555719  0.915521
2 8  0.556002  0.914154
2 9  0.597787  1.168274
2 10  0.564031  1.102129
2 11  0.576556  1.152581
2 12  0.582011  0.998202
2 13  0.580940  1.006827
2 14  0.563610  1.173965
2 15  0.577327  1.243428
2 16  0.561447  1.138982
2 17  0.277421  0.907984
2 18  0.551817  1.024643
2 19  0.556984  1.051605
2 20  0.558624  0.911981
2 21  0.559458  0.922675
2 22  0.560578  0.920192
2 23  0.554971  0.912891
2 24  0.588635  1.149695
2 25  0.566861  1.148531
2 26  0.584313  1.016513
2 27  0.571748  1.248086
2 28  0.578708  1.226204
2 29  0.575425  1.156900
2 30  0.580808  1.014175
3 4  0.539835  0.877751
3 5  0.545647  0.786864
3 6  0.543025  0.784534
3 7  0.549051  0.794866
3 8  0.549698  0.799561
3 9  0.562741  1.018639
3 10  0.580182  1.013244
3 11  0.574609  1.069339
3 12  0.578024  0.907176
3 13  0.553870  0.873533
3 14  0.578676  1.138829
3 15  0.571230  1.093057
3 16  0.556765  1.015198
3 17  0.545895  0.966660
3 18  0.269358  0.696182
3 19  0.550498  0.940857
3 20  0.548914  0.791774
3 21  0.551725  0.800158
3 22  0.554202  0.801758
3 23  0.549817  0.794034
3 24  0.551918  0.997721
3 25  0.591772  1.077559
3 26  0.548554  0.868921
3 27  0.573782  1.157533
3 28  0.577769  1.108475
3 29  0.572838  1.040041
3 30  0.575607  0.895142
4 5  0.548172  0.781761
4 6  0.543912  0.770078
4 7  0.539276  0.758888
4 8  0.542041  0.772636
4 9  0.587445  1.031027
4 10  0.551468  0.972845
4 11  0.569992  1.045558
4 12  0.552861  0.862039
4 13  0.570293  0.871946
4 14  0.573378  1.106802
4 15  0.568452  1.089670
4 16  0.553357  0.999193
4 17  0.541306  0.939079
4 18  0.541078  0.883594
4 19  0.272809  0.710695
4 20  0.547953  0.770199
4 21  0.548942  0.780967
4 22  0.546550  0.777985
4 23  0.544748  0.768598
4 24  0.578127  1.009484
4 25  0.552960  1.018458
4 26  0.573966  0.875153
4 27  0.569654  1.135477
4 28  0.574561  1.086375
4 29  0.570176  1.018395
4 30  0.547541  0.852703
5 6  0.510193  0.655862
5 7  0.557361  0.695126
5 8  0.558010  0.698885
5 9  0.596933  0.947020
5 10  0.588543  0.914459
5 11  0.583118  0.969702
5 12  0.586345  0.808318
5 13  0.552871  0.771110
5 14  0.587190  1.052609
5 15  0.581400  1.024683
5 16  0.565400  0.920572
5 17  0.554496  0.866967
5 18  0.548949  0.804462
5 19  0.559080  0.840937
5 20  0.279485  0.444872
5 21  0.508054  0.653185
5 22  0.562561  0.701074
5 23  0.558140  0.693334
5 24  0.589794  0.930499
5 25  0.600666  0.977878
5 26  0.549568  0.762024
5 27  0.583141  1.058525
5 28  0.586509  1.009097
5 29  0.582513  0.941544
5 30  0.583950  0.794714
6 7  0.553100  0.682457
6 8  0.553748  0.685768
6 9  0.590557  0.927034
6 10  0.584285  0.900623
6 11  0.578830  0.953091
6 12  0.582084  0.795444
6 13  0.550099  0.763160
6 14  0.582921  1.041255
6 15  0.577183  1.020309
6 16  0.559974  0.908351
6 17  0.550223  0.854084
6 18  0.547713  0.790589
6 19  0.554878  0.828100
6 20  0.506546  0.636781
6 21  0.280065  0.446391
6 22  0.558310  0.688190
6 23  0.553878  0.680445
6 24  0.585100  0.918945
6 25  0.596517  0.965062
6 26  0.542663  0.744555
6 27  0.579073  1.045835
6 28  0.582229  0.996138
6 29  0.578703  0.928716
6 30  0.579696  0.781835
7 8  0.509311  0.654065
7 9  0.596726  0.945599
7 10  0.582142  0.896210
7 11  0.579992  0.957422
7 12  0.555909  0.779834
7 13  0.579491  0.786649
7 14  0.584170  1.043283
7 15  0.578459  1.019716
7 16  0.562727  0.912570
7 17  0.551255  0.856563
7 18  0.550365  0.796596
7 19  0.552813  0.830733
7 20  0.557172  0.682656
7 21  0.558144  0.693439
7 22  0.277921  0.443861
7 23  0.506365  0.640358
7 24  0.587676  0.922637
7 25  0.597050  0.968118
7 26  0.583140  0.787843
7 27  0.579589  1.049287
7 28  0.583750  0.999771
7 29  0.580007  0.932327
7 30  0.541732  0.747274
8 9  0.597373  0.949053
8 10  0.581575  0.891355
8 11  0.580668  0.957255
8 12  0.554081  0.777348
8 13  0.580139  0.790061
8 14  0.584874  1.048087
8 15  0.579110  1.027952
8 16  0.563272  0.915989
8 17  0.550636  0.860699
8 18  0.551046  0.800068
8 19  0.555784  0.832592
8 20  0.557826  0.686121
8 21  0.558789  0.696898
8 22  0.506680  0.647189
8 23  0.280022  0.444825
8 24  0.588367  0.926066
8 25  0.596682  0.971793
8 26  0.583787  0.791293
8 27  0.580622  1.052661
8 28  0.584201  1.003298
8 29  0.580671  0.935714
8 30  0.545499  0.752721
9 10  0.627321  1.142854
9 11  0.618592  1.176966
9 12  0.625719  1.060669
9 13  0.608667  1.042288
9 14  0.625083  1.302638
9 15  0.609402  1.235720
9 16  0.573862  1.126372
9 17  0.593831  1.118474
9 18  0.557770  1.023820
9 19  0.597848  1.092865
9 20  0.598742  0.944518
9 21  0.598207  0.955133
9 22  0.601881  0.954179
9 23  0.597521  0.946466
9 24  0.394899  1.064271
9 25  0.639559  1.227864
9 26  0.604857  1.023215
9 27  0.618999  1.306631
9 28  0.617944  1.234496
9 29  0.619115  1.193137
9 30  0.623071  1.047372
10 11  0.602453  1.115394
10 12  0.600490  1.004423
10 13  0.610678  1.006404
10 14  0.611145  1.261729
10 15  0.606113  1.225333
10 16  0.593472  1.131339
10 17  0.560669  1.057227
10 18  0.581280  1.016446
10 19  0.557979  1.019824
10 20  0.588361  0.903286
10 21  0.589324  0.914009
10 22  0.590069  0.911198
10 23  0.584765  0.904344
10 24  0.618865  1.140971
10 25  0.397463  1.071703
10 26  0.614160  1.008009
10 27  0.594378  1.242517
10 28  0.612695  1.211760
10 29  0.610831  1.151138
10 30  0.589540  0.975144
11 12  0.608933  1.069049
11 13  0.605199  1.057217
11 14  0.579435  1.294595
11 15  0.574798  1.279741
11 16  0.580821  1.184014
11 17  0.576343  1.130980
11 18  0.575731  1.070036
11 19  0.580447  1.103780
11 20  0.582963  0.958407
11 21  0.583749  0.969069
11 22  0.585301  0.967439
11 23  0.580944  0.959744
11 24  0.612882  1.196459
11 25  0.620747  1.242305
11 26  0.608447  1.062926
11 27  0.520181  1.228056
11 28  0.522599  1.179331
11 29  0.566256  1.200652
11 30  0.605822  1.059177
12 13  0.608470  0.896932
12 14  0.612957  1.133672
12 15  0.607468  1.132930
12 16  0.591290  1.024740
12 17  0.577423  0.969942
12 18  0.579402  0.909209
12 19  0.555206  0.911054
12 20  0.586147  0.795534
12 21  0.587106  0.806288
12 22  0.551194  0.768390
12 23  0.544908  0.759161
12 24  0.616509  1.034965
12 25  0.607097  1.056578
12 26  0.612130  0.900523
12 27  0.609350  1.161549
12 28  0.612435  1.111854
12 29  0.608631  1.044583
12 30  0.383497  0.738830
13 14  0.609150  1.125671
13 15  0.602775  1.112385
13 16  0.585622  1.012456
13 17  0.576309  0.957751
13 18  0.550016  0.871944
13 19  0.581268  0.931833
13 20  0.542350  0.743637
13 21  0.546650  0.759189
13 22  0.584687  0.792239
13 23  0.580258  0.784491
13 24  0.590240  0.994537
13 25  0.622716  1.068561
13 26  0.379741  0.726196
13 27  0.605456  1.149203
13 28  0.608779  1.099561
13 29  0.604478  1.031495
13 30  0.606109  0.885720
14 15  0.578024  1.306861
14 16  0.586112  1.267475
14 17  0.555198  1.191562
14 18  0.580212  1.153858
14 19  0.585080  1.187931
14 20  0.586871  1.041755
14 21  0.587681  1.052473
14 22  0.589163  1.050835
14 23  0.584754  1.043039
14 24  0.615084  1.270867
14 25  0.618854  1.295804
14 26  0.612745  1.145927
14 27  0.549607  1.371181
14 28  0.579476  1.353835
14 29  0.522716  1.193075
14 30  0.610804  1.143333
15 16  0.576344  1.216146
15 17  0.573036  1.182522
15 18  0.572653  1.134809
15 19  0.578986  1.169189
15 20  0.580775  1.022233
15 21  0.582067  1.032828
15 22  0.583582  1.031351
15 23  0.579328  1.023705
15 24  0.596063  1.237968
15 25  0.618620  1.303797
15 26  0.607170  1.126942
15 27  0.572246  1.383748
15 28  0.544479  1.297687
15 29  0.518498  1.183837
15 30  0.604947  1.124490
16 17  0.558299  1.050043
16 18  0.555435  1.014043
16 19  0.564501  1.055800
16 20  0.565205  0.908826
16 21  0.565715  0.913057
16 22  0.567925  0.917978
16 23  0.563494  0.908083
16 24  0.570651  1.112507
16 25  0.605608  1.185076
16 26  0.588373  0.987380
16 27  0.585480  1.264872
16 28  0.568969  1.139541
16 29  0.583285  1.128564
16 30  0.589325  1.004424
17 18  0.547532  0.967180
17 19  0.550331  0.999671
17 20  0.554307  0.853606
17 21  0.555269  0.861505
17 22  0.556444  0.862991
17 23  0.551538  0.849657
17 24  0.583953  1.073728
17 25  0.569268  1.101236
17 26  0.580288  0.953975
17 27  0.569699  1.215771
17 28  0.574375  1.135718
17 29  0.562788  1.048424
17 30  0.575668  0.940284
18 19  0.552200  0.932732
18 20  0.546691  0.776836
18 21  0.548998  0.797982
18 22  0.555635  0.800480
18 23  0.551201  0.794132
18 24  0.557257  1.000355
18 25  0.593709  1.068358
18 26  0.556746  0.874457
18 27  0.575414  1.127261
18 28  0.577995  1.086617
18 29  0.574701  1.031679
18 30  0.577028  0.892799
19 20  0.558993  0.826428
19 21  0.559957  0.838540
19 22  0.554514  0.817238
19 23  0.550876  0.820574
19 24  0.589437  1.059779
19 25  0.569798  1.056959
19 26  0.584963  0.931054
19 27  0.579873  1.139155
19 28  0.585335  1.129607
19 29  0.581518  1.069512
19 30  0.560986  0.905310
20 21  0.514544  0.654339
20 22  0.562389  0.687790
20 23  0.557956  0.680245
20 24  0.586079  0.907392
20 25  0.600602  0.962085
20 26  0.558191  0.763570
20 27  0.583181  1.040127
20 28  0.586469  0.994492
20 29  0.582663  0.924291
20 30  0.583795  0.781540
21 22  0.563356  0.698803
21 23  0.558922  0.690834
21 24  0.586280  0.910407
21 25  0.601566  0.973199
21 26  0.556725  0.767995
21 27  0.584161  1.055638
21 28  0.587484  1.005975
21 29  0.583650  0.933101
21 30  0.584759  0.792416
22 23  0.514112  0.654153
22 24  0.592923  0.926228
22 25  0.599653  0.962538
22 26  0.588370  0.793101
22 27  0.585592  1.045355
22 28  0.588965  1.003724
22 29  0.585232  0.935654
22 30  0.556687  0.764705
23 24  0.588491  0.917978
23 25  0.593441  0.949202
23 26  0.583936  0.785413
23 27  0.581176  1.046233
23 28  0.584521  0.996643
23 29  0.580767  0.925468
23 30  0.553461  0.761881
24 25  0.630440  1.172537
24 26  0.603175  1.012702
24 27  0.610052  1.256118
24 28  0.613229  1.233089
24 29  0.603981  1.099904
24 30  0.614322  1.021220
25 26  0.626584  1.069464
25 27  0.612606  1.266411
25 28  0.625436  1.277140
25 29  0.619265  1.162175
25 30  0.612512  1.063701
26 27  0.609121  1.143277
26 28  0.612119  1.080918
26 29  0.608505  1.031905
26 30  0.609769  0.884567
27 28  0.581163  1.284235
27 29  0.576467  1.260817
27 30  0.605575  1.128325
28 29  0.577907  1.230888
28 30  0.610200  1.080435
29 30  0.606620  1.030048
