  -1146.52370930
  -1146.88558947    -1146.75997630
0.00000321983180
2 2 2 2 2 2 2 2 2 2 2 2 2 2 2 0 0 0 0 0 0 0 0 0 0 0 0 0 0 0 
1  0.267880  0.508748
2  0.279180  0.573320
3  0.272083  0.454761
4  0.268256  0.432355
5  0.280280  0.353399
6  0.276006  0.340377
7  0.277332  0.344088
8  0.277973  0.347499
9  0.320056  0.606691
10  0.308879  0.565075
11  0.303464  0.618662
12  0.306451  0.457310
13  0.302525  0.444851
14  0.307598  0.701873
15  0.301928  0.682486
16  0.286059  0.570348
17  0.274870  0.515653
18  0.273472  0.455135
19  0.279252  0.490240
20  0.280099  0.340302
21  0.281063  0.351081
22  0.282539  0.349525
23  0.278111  0.341671
24  0.310987  0.580671
25  0.321154  0.626518
26  0.306209  0.445893
27  0.303863  0.705804
28  0.307080  0.656455
29  0.303316  0.588868
30  0.304066  0.443524
1 2  0.545730  1.047030
1 3  0.537939  0.958582
1 4  0.536115  0.939739
1 5  0.547967  0.861844
1 6  0.543280  0.844651
1 7  0.545192  0.852211
1 8  0.545832  0.852784
1 9  0.563768  1.079754
1 10  0.576052  1.054188
1 11  0.558236  1.064063
1 12  0.574306  0.958412
1 13  0.568074  0.933410
1 14  0.569581  1.168538
1 15  0.562721  1.185092
1 16  0.275828  0.897103
1 17  0.541894  1.022227
1 18  0.540631  0.956692
1 19  0.546929  0.997275
1 20  0.547445  0.847993
1 21  0.547063  0.859179
1 22  0.550418  0.858071
1 23  0.545928  0.850208
1 24  0.555963  1.066766
1 25  0.588979  1.132851
1 26  0.571442  0.953854
1 27  0.568845  1.199331
1 28  0.550031  1.144979
1 29  0.570361  1.094452
1 30  0.571638  0.951641
2 3  0.551234  1.024591
2 4  0.545016  0.991962
2 5  0.559440  0.926331
2 6  0.555169  0.911629
2 7  0.556343  0.917039
2 8  0.556621  0.915557
2 9  0.598798  1.169678
2 10  0.564981  1.103783
2 11  0.577508  1.152854
2 12  0.582762  0.999809
2 13  0.581680  1.008399
2 14  0.564555  1.173943
2 15  0.578359  1.243452
2 16  0.562473  1.140357
2 17  0.278322  0.909480
2 18  0.552570  1.026817
2 19  0.557713  1.053877
2 20  0.559253  0.913389
2 21  0.560073  0.924082
2 22  0.561200  0.921676
2 23  0.555579  0.914279
2 24  0.589604  1.151291
2 25  0.567854  1.150207
2 26  0.585043  1.018293
2 27  0.572794  1.248178
2 28  0.579694  1.226234
2 29  0.576369  1.157046
2 30  0.581545  1.015991
3 4  0.540303  0.880551
3 5  0.546008  0.789125
3 6  0.543370  0.786785
3 7  0.549412  0.797167
3 8  0.550052  0.801913
3 9  0.563508  1.020914
3 10  0.580897  1.015807
3 11  0.575310  1.070410
3 12  0.578521  0.909790
3 13  0.554332  0.876135
3 14  0.579442  1.139459
3 15  0.572013  1.093703
3 16  0.557535  1.017477
3 17  0.546637  0.969094
3 18  0.269756  0.699504
3 19  0.550953  0.943950
3 20  0.549271  0.794101
3 21  0.552085  0.802475
3 22  0.554548  0.804159
3 23  0.550173  0.796330
3 24  0.552630  1.000341
3 25  0.592494  1.079848
3 26  0.549028  0.871716
3 27  0.574548  1.158264
3 28  0.578503  1.109382
3 29  0.573551  1.041048
3 30  0.576086  0.897848
4 5  0.548532  0.784143
4 6  0.544260  0.772430
4 7  0.539639  0.761220
4 8  0.542398  0.775040
4 9  0.588201  1.033401
4 10  0.552201  0.975464
4 11  0.570689  1.046668
4 12  0.553345  0.864742
4 13  0.570767  0.874565
4 14  0.574134  1.107426
4 15  0.569230  1.090360
4 16  0.554120  1.001460
4 17  0.542057  0.941617
4 18  0.541549  0.886748
4 19  0.273180  0.714084
4 20  0.548308  0.772570
4 21  0.549299  0.783334
4 22  0.546898  0.780463
4 23  0.545108  0.770960
4 24  0.578820  1.012040
4 25  0.553704  1.020883
4 26  0.574456  0.877873
4 27  0.570434  1.136267
4 28  0.575299  1.087337
4 29  0.570873  1.019480
4 30  0.548006  0.855576
5 6  0.510431  0.657689
5 7  0.557610  0.696913
5 8  0.558252  0.700655
5 9  0.597572  0.948719
5 10  0.589144  0.916425
5 11  0.583705  0.970176
5 12  0.586729  0.810435
5 13  0.553253  0.773193
5 14  0.587843  1.052686
5 15  0.582076  1.024782
5 16  0.566059  0.922208
5 17  0.555140  0.868840
5 18  0.549317  0.807005
5 19  0.559418  0.843458
5 20  0.279735  0.446834
5 21  0.508300  0.655099
5 22  0.562804  0.702891
5 23  0.558389  0.695043
5 24  0.590385  0.932401
5 25  0.601293  0.979575
5 26  0.549950  0.764250
5 27  0.583810  1.058650
5 28  0.587138  1.009405
5 29  0.583081  0.941987
5 30  0.584313  0.796838
6 7  0.553338  0.684142
6 8  0.553978  0.687379
6 9  0.591178  0.928522
6 10  0.584874  0.902379
6 11  0.579404  0.953325
6 12  0.582457  0.797440
6 13  0.550461  0.765179
6 14  0.583563  1.041266
6 15  0.577844  1.020410
6 16  0.560605  0.909868
6 17  0.550850  0.855838
6 18  0.548078  0.792995
6 19  0.555208  0.830496
6 20  0.506784  0.638539
6 21  0.280284  0.448188
6 22  0.558542  0.689878
6 23  0.554117  0.682026
6 24  0.585684  0.920734
6 25  0.597142  0.966628
6 26  0.543039  0.746631
6 27  0.579727  1.045830
6 28  0.582834  0.996318
6 29  0.579289  0.929037
6 30  0.580046  0.783832
7 8  0.509552  0.655942
7 9  0.597370  0.947267
7 10  0.582741  0.898132
7 11  0.580581  0.957846
7 12  0.556315  0.781968
7 13  0.579855  0.788714
7 14  0.584827  1.043362
7 15  0.579135  1.019793
7 16  0.563386  0.914201
7 17  0.551901  0.858408
7 18  0.550733  0.799104
7 19  0.553159  0.833255
7 20  0.557424  0.684367
7 21  0.558394  0.695144
7 22  0.278174  0.445917
7 23  0.506618  0.642214
7 24  0.588269  0.924532
7 25  0.597683  0.969791
7 26  0.583520  0.789910
7 27  0.580240  1.049398
7 28  0.584378  1.000049
7 29  0.580602  0.932759
7 30  0.542102  0.749536
8 9  0.598008  0.950619
8 10  0.582161  0.893126
8 11  0.581251  0.957529
8 12  0.554470  0.779430
8 13  0.580496  0.792078
8 14  0.585523  1.048155
8 15  0.579773  1.028102
8 16  0.563917  0.917575
8 17  0.551256  0.862504
8 18  0.551410  0.802527
8 19  0.556131  0.835053
8 20  0.558071  0.687779
8 21  0.559032  0.698550
8 22  0.506913  0.649129
8 23  0.280251  0.446691
8 24  0.588959  0.927904
8 25  0.597312  0.973425
8 26  0.584156  0.793309
8 27  0.581282  1.052710
8 28  0.584809  1.003536
8 29  0.581261  0.936092
8 30  0.545867  0.754887
9 10  0.628311  1.144566
9 11  0.619564  1.177392
9 12  0.626498  1.062751
9 13  0.609408  1.044301
9 14  0.626112  1.302786
9 15  0.610410  1.235979
9 16  0.574888  1.128293
9 17  0.594866  1.120325
9 18  0.558536  1.026370
9 19  0.598571  1.095357
9 20  0.599386  0.946196
9 21  0.598852  0.956819
9 22  0.602516  0.955954
9 23  0.598167  0.948132
9 24  0.395815  1.066352
9 25  0.640586  1.229541
9 26  0.605614  1.025236
9 27  0.620044  1.306705
9 28  0.618942  1.234928
9 29  0.620081  1.193580
9 30  0.623828  1.049452
10 11  0.603320  1.115882
10 12  0.601205  1.006689
10 13  0.611393  1.008676
10 14  0.612137  1.262092
10 15  0.607106  1.225727
10 16  0.594483  1.133182
10 17  0.561640  1.059423
10 18  0.581995  1.019165
10 19  0.558692  1.022646
10 20  0.588964  0.905201
10 21  0.589925  0.915915
10 22  0.590665  0.913191
10 23  0.585370  0.906243
10 24  0.619816  1.143075
10 25  0.398370  1.073810
10 26  0.614883  1.010287
10 27  0.595355  1.242787
10 28  0.613656  1.212234
10 29  0.611775  1.151810
10 30  0.590242  0.977457
11 12  0.609654  1.069787
11 13  0.605900  1.057918
11 14  0.580432  1.293576
11 15  0.575793  1.278777
11 16  0.581773  1.184312
11 17  0.577321  1.131535
11 18  0.576439  1.071188
11 19  0.581142  1.104905
11 20  0.583554  0.958767
11 21  0.584333  0.969423
11 22  0.585881  0.967884
11 23  0.581533  0.960086
11 24  0.613812  1.197040
11 25  0.621697  1.242678
11 26  0.609173  1.063637
11 27  0.521099  1.227177
11 28  0.523497  1.178629
11 29  0.567210  1.199768
11 30  0.606505  1.059909
12 13  0.608970  0.899155
12 14  0.613748  1.133924
12 15  0.608275  1.133423
12 16  0.592050  1.026683
12 17  0.578191  0.972107
12 18  0.579914  0.912007
12 19  0.555676  0.913991
12 20  0.586534  0.797539
12 21  0.587487  0.808289
12 22  0.551573  0.770605
12 23  0.545306  0.761247
12 24  0.617237  1.037160
12 25  0.607850  1.058543
12 26  0.612650  0.902873
12 27  0.610155  1.161957
12 28  0.613186  1.112456
12 29  0.609365  1.045309
12 30  0.383985  0.741610
13 14  0.609920  1.125885
13 15  0.603547  1.112786
13 16  0.586383  1.014358
13 17  0.577036  0.959884
13 18  0.550490  0.874839
13 19  0.581734  0.934595
13 20  0.542715  0.745741
13 21  0.547025  0.761253
13 22  0.585045  0.794297
13 23  0.580618  0.786443
13 24  0.590937  0.996701
13 25  0.623468  1.070496
13 26  0.380221  0.728883
13 27  0.606247  1.149578
13 28  0.609517  1.100122
13 29  0.605176  1.032161
13 30  0.606590  0.888083
14 15  0.579021  1.305707
14 16  0.587164  1.267460
14 17  0.556189  1.191746
14 18  0.580995  1.154682
14 19  0.585838  1.188760
14 20  0.587519  1.041779
14 21  0.588327  1.052486
14 22  0.589807  1.050943
14 23  0.585401  1.043041
14 24  0.616069  1.271052
14 25  0.619871  1.295989
14 26  0.613519  1.146315
14 27  0.550676  1.369855
14 28  0.580464  1.352513
14 29  0.523649  1.192188
14 30  0.611575  1.143759
15 16  0.577419  1.216535
15 17  0.574084  1.182893
15 18  0.573452  1.135768
15 19  0.579743  1.170147
15 20  0.581436  1.022371
15 21  0.582734  1.032958
15 22  0.584242  1.031574
15 23  0.580002  1.023819
15 24  0.597047  1.238297
15 25  0.619655  1.303907
15 26  0.607970  1.127440
15 27  0.573283  1.382371
15 28  0.545515  1.296629
15 29  0.519420  1.182908
15 30  0.605746  1.125034
16 17  0.559326  1.051507
16 18  0.556213  1.016302
16 19  0.565265  1.058109
16 20  0.565862  0.910343
16 21  0.566370  0.914479
16 22  0.568580  0.919583
16 23  0.564151  0.909469
16 24  0.571627  1.114094
16 25  0.606644  1.186439
16 26  0.589155  0.989062
16 27  0.586537  1.264838
16 28  0.569914  1.139715
16 29  0.584280  1.128900
16 30  0.590101  1.006156
17 18  0.548303  0.969725
17 19  0.551075  1.002202
17 20  0.554953  0.855347
17 21  0.555909  0.863076
17 22  0.557081  0.864824
17 23  0.552176  0.851302
17 24  0.584922  1.075426
17 25  0.570270  1.102807
17 26  0.581062  0.955920
17 27  0.570755  1.215937
17 28  0.575358  1.136066
17 29  0.563676  1.048831
17 30  0.576423  0.942295
18 19  0.552676  0.935546
18 20  0.547074  0.779083
18 21  0.549375  0.800347
18 22  0.556009  0.802845
18 23  0.551580  0.796489
18 24  0.557994  1.002837
18 25  0.594474  1.070582
18 26  0.557239  0.877125
18 27  0.576203  1.127796
18 28  0.578740  1.087465
18 29  0.575423  1.032749
18 30  0.577523  0.895447
19 20  0.559349  0.828707
19 21  0.560310  0.840905
19 22  0.554867  0.819525
19 23  0.551227  0.822884
19 24  0.590141  1.062229
19 25  0.570547  1.059171
19 26  0.585447  0.933695
19 27  0.580649  1.139748
19 28  0.586064  1.130510
19 29  0.582221  1.070618
19 30  0.561445  0.907999
20 21  0.514796  0.656044
20 22  0.562638  0.689444
20 23  0.558210  0.681811
20 24  0.586674  0.909070
20 25  0.601241  0.963562
20 26  0.558594  0.765538
20 27  0.583857  1.039973
20 28  0.587096  0.994624
20 29  0.583267  0.924601
20 30  0.584165  0.783510
21 22  0.563602  0.700475
21 23  0.559173  0.692366
21 24  0.586870  0.911993
21 25  0.602201  0.974602
21 26  0.557114  0.769956
21 27  0.584831  1.055605
21 28  0.588108  1.006130
21 29  0.584249  0.933297
21 30  0.585126  0.794389
22 23  0.514360  0.655937
22 24  0.593517  0.928038
22 25  0.600281  0.964070
22 26  0.588748  0.795119
22 27  0.586264  1.045298
22 28  0.589587  1.003940
22 29  0.585826  0.936029
22 30  0.557070  0.766757
23 24  0.589090  0.919588
23 25  0.594068  0.950558
23 26  0.584319  0.787330
23 27  0.581850  1.046189
23 28  0.585148  0.996788
23 29  0.581362  0.925646
23 30  0.553837  0.763900
24 25  0.631417  1.173955
24 26  0.603889  1.014796
24 27  0.611044  1.256347
24 28  0.614187  1.233471
24 29  0.604855  1.100289
24 30  0.615036  1.023395
25 26  0.627352  1.071383
25 27  0.613607  1.266563
25 28  0.626426  1.277333
25 29  0.620236  1.162500
25 30  0.613259  1.065635
26 27  0.609923  1.143520
26 28  0.612877  1.081298
26 29  0.609224  1.032563
26 30  0.610268  0.886759
27 28  0.582143  1.283077
27 29  0.577469  1.259747
27 30  0.606347  1.128559
28 29  0.578885  1.229902
28 30  0.610943  1.080844
29 30  0.607334  1.030761
